-0.0961028,0.637513,-0.911734
-0.00352794,1.19706,-0.070217
-0.0476333,2.22056,-0.154302
0.0020661,3.16496,-0.454357
-0.0547594,4.11908,-0.27271
-0.0494369,5.14956,-0.103229
-0.0891507,6.16197,-0.197009
-0.0970092,7.2256,-0.109461
-0.115226,8.21783,-0.0950041
-0.0853725,9.22023,-0.405713
-0.0842219,10.2489,-0.191067
-0.0849422,11.2224,0.104474
-0.0746452,12.1078,-0.362209
-0.11045,13.1163,-0.462737
-0.0314646,14.1363,-0.615455
-0.0645161,15.1612,-0.466848
-0.0996338,16.1348,-0.228599
-0.189492,17.1458,-0.348726
-0.0561876,18.0868,0.0402692
0.111783,19.079,0.0958708
-0.0351451,20.0353,-0.297629
-0.102234,21.0329,-0.181918
-0.148463,22.0125,0.0496567
-0.0704886,23.0167,0.0767327
-0.0840938,23.9869,0.102625
-0.117917,24.9847,0.0483352
-0.0233131,25.9108,0.291711
0.0152532,26.8718,-0.0787378
-0.0704855,27.8525,0.246883
-0.0891446,28.8519,0.154729
0.914957,0.779156,-0.943791
0.977331,1.52113,-0.238527
0.960274,2.48737,-0.0496017
0.920927,3.47844,-0.129868
0.973199,4.47786,-0.437416
0.901022,5.49743,-0.269381
0.957662,6.50471,-0.144423
0.902438,7.48985,-0.0092349
0.838939,8.56152,0.0958251
0.937733,9.46371,-0.319141
0.933308,10.4578,-0.212357
0.914768,11.4576,-0.134855
0.984848,12.427,-0.397647
0.860784,13.4393,-0.411106
0.931123,14.394,-0.81854
0.866787,15.4012,-0.821937
0.857506,16.3636,-0.55276
0.836302,17.3237,-0.175112
0.941707,18.2123,0.266362
1.09612,19.1431,-0.0243629
0.9854,20.1151,-0.145543
0.875854,21.0792,0.184402
0.836573,22.0796,0.0481399
0.90896,23.0494,0.2622
0.921967,24.0773,0.126844
0.927534,25.0716,0.103308
0.884231,26.0532,-0.120151
0.991,27.0344,-0.0485702
1.00232,28,0.085818
0.926536,28.9572,0.283456
1.83693,1.22733,-0.871261
1.96025,1.87394,-0.141148
1.90172,2.88784,-0.0821039
1.87775,3.89567,-0.172188
1.98936,4.87001,-0.382461
1.88273,5.84033,-0.508118
1.9444,6.75197,-0.103006
1.9105,7.72309,-0.334812
1.8256,8.73984,-0.186898
1.91535,9.71065,-0.364525
1.95595,10.7011,-0.340947
1.96817,11.7052,-0.237538
1.95405,12.635,-0.620118
1.91132,13.6031,-0.65573
1.91769,14.4389,-1.2181
1.88206,15.4279,-0.972604
1.78889,16.4545,-0.886679
1.82485,17.179,-0.175021
1.88968,18.1925,-0.102902
2.10003,19.1631,0.0383496
1.98363,20.1353,-0.241246
1.88598,21.1491,-0.0994415
1.83316,22.1109,0.123051
1.89946,23.1047,-0.106537
1.9497,24.1333,0.00624714
1.83757,25.011,-0.485501
1.89644,26.0301,-0.358367
2.01382,26.8859,0.11756
2.00291,27.9097,0.109867
1.9349,28.8342,0.474831
2.84104,1.63418,-0.850078
2.91531,2.34517,-0.117408
2.8108,3.32115,-0.364287
2.84861,4.31741,-0.22844
2.85968,5.1385,-0.773769
2.8813,6.04048,-0.323066
2.91052,7.00878,-0.175045
2.93707,8.00017,-0.467571
2.75401,9.02706,-0.383197
2.8642,10.0364,-0.207886
2.90935,10.9999,-0.531297
2.92106,12.0628,-0.62064
2.7639,12.8789,-1.16432
2.92601,13.7641,-0.654118
2.99373,14.5519,-1.23027
2.86038,15.4611,-0.838289
2.82143,16.4534,-0.898306
2.79607,17.3103,-0.404123
2.92458,18.1577,0.186749
3.13555,19.1202,-0.114808
2.93144,20.0942,0.0558275
2.91819,21.0816,-0.268725
2.78297,22.0389,-0.13307
2.90421,23.04,0.107318
2.87766,23.9533,-0.379199
2.9101,24.9582,-0.480648
2.87587,25.9595,-0.350703
3.02877,26.8193,0.0975249
3.05812,27.8873,0.176943
2.96239,28.7526,0.665883
3.79937,1.84125,-0.89256
3.94022,2.49831,-0.151436
3.87129,3.48087,-0.130549
3.8129,4.51177,-0.239741
3.87583,5.35978,-0.865133
3.92633,6.23183,-0.393332
3.91414,7.262,-0.479504
3.94422,8.27607,-0.511222
3.80647,9.26393,-0.469298
3.88216,10.3083,-0.39443
3.88347,11.2924,-0.576376
3.96309,12.2569,-0.645524
3.76987,12.8789,-1.43585
3.92405,13.6922,-0.835508
4.03162,14.5392,-1.36268
3.85395,15.528,-1.10641
3.82463,16.5161,-1.06734
3.80166,17.4282,-0.589422
3.94174,18.1253,0.125434
4.14332,19.0843,0.194449
3.97409,20.054,0.0120182
3.98885,21.0645,-0.338063
3.81918,22.0218,-0.305857
3.90036,23.0362,-0.0787194
3.91623,23.9865,-0.386511
3.94173,25.0029,-0.380084
3.91678,25.9791,-0.53773
4.06741,26.8425,0.0416791
4.07472,27.8328,0.110971
3.91365,28.8544,0.261287
4.83964,2.01043,-0.793695
4.95313,2.72367,-0.0616321
4.92791,3.75375,-0.204413
4.86726,4.67776,-0.4442
4.81106,5.65685,-0.73719
4.9158,6.58988,-0.391867
4.90537,7.63155,-0.652922
4.9423,8.64672,-0.504672
4.7488,9.61367,-0.538023
4.85018,10.6158,-0.541511
4.82586,11.6336,-0.533921
4.98684,12.5673,-0.834391
4.77603,12.9296,-1.76311
4.92693,13.7042,-1.12805
4.89128,14.4297,-1.81773
4.81189,15.3921,-1.44987
4.87045,16.3567,-1.15968
4.78603,17.1474,-0.527357
4.91047,18.1504,-0.325098
5.22323,18.9992,0.208856
4.98634,19.9838,0.0444502
4.93625,20.9616,-0.0173284
4.84469,21.927,-0.365535
4.99494,22.9639,-0.0905942
4.94463,23.9616,-0.269857
4.98467,24.9414,-0.454964
4.85233,25.9057,-0.184863
5.10827,26.8817,0.0159124
5.05061,27.8735,-0.0353526
4.9379,28.8228,0.244121
5.83667,2.22802,-0.8691
5.92618,3.00993,-0.195325
5.89606,3.99567,-0.117429
5.8705,4.99297,-0.433753
5.79429,5.94558,-0.738905
5.88003,6.91371,-0.586554
5.85882,7.88727,-0.921805
5.91266,8.87889,-0.691974
5.75222,9.85108,-0.595178
5.85774,10.8705,-0.636018
5.72996,11.8791,-0.952226
5.94348,12.8885,-0.979403
5.76535,13.2191,-1.96868
5.9284,13.9046,-1.26281
5.93139,14.6443,-1.97615
5.9084,15.4598,-1.40735
5.90329,16.3958,-1.01125
5.83701,17.228,-0.448405
5.89131,18.2583,-0.48721
6.19915,19.1162,0.0618213
6.02505,20.0724,-0.0754906
5.92907,21.0325,0.219129
5.91388,21.9671,-0.162908
5.95046,22.9617,0.0826777
5.96403,23.8748,-0.384252
6.02795,24.8218,-0.252013
5.90978,25.8573,-0.234632
6.08664,26.8374,-0.278088
5.96405,27.6827,0.248076
5.93116,28.6661,0.32208
6.8135,2.42827,-0.81229
6.96563,3.19666,-0.183334
6.91628,4.1999,-0.270675
6.90878,5.22781,-0.393408
6.85355,6.21306,-0.712177
6.88659,7.20033,-0.5541
6.91097,8.13962,-0.885006
6.91332,9.118,-0.876717
6.78072,10.0895,-0.70459
6.90606,11.1309,-0.755251
6.66118,12.1218,-0.809076
6.98603,13.0336,-1.13075
6.72837,13.5134,-2.03851
6.96395,13.9891,-1.16021
6.95546,14.5452,-2.0595
6.90754,15.4117,-1.61159
6.8821,16.3259,-1.2645
6.8792,17.0927,-0.571438
6.9058,18.1132,-0.300208
7.23157,19.0143,0.0175878
7.01872,19.9561,-0.305448
6.95309,20.907,0.00360729
6.90653,21.9106,0.0935514
6.97277,22.899,0.0361278
6.99245,23.8345,-0.387585
6.98885,24.7547,0.0449263
6.93887,25.7905,-0.203992
7.13415,26.7988,-0.298657
6.92101,27.4483,0.407807
6.97709,28.4733,0.358003
7.8071,2.65618,-0.86574
7.93132,3.50552,-0.352644
7.90136,4.48025,-0.60951
7.9445,5.50016,-0.502832
7.79628,6.46684,-0.796017
7.92943,7.45498,-0.598459
7.92694,8.47905,-0.685452
7.89234,9.40295,-1.07279
7.81497,10.2628,-0.574853
7.89683,11.2964,-0.783227
7.70271,12.2975,-0.935948
7.94073,13.299,-1.12987
7.71991,13.6939,-2.08388
8.01845,14.2081,-1.252
8.01012,14.4676,-2.21136
7.91071,15.3351,-1.65561
7.95013,16.3178,-1.31466
7.89852,16.9908,-0.565148
7.88985,18.023,-0.518839
8.18044,18.9806,-0.423896
8.01711,19.8751,0.102603
7.94311,20.8128,-0.270702
7.89667,21.733,0.235975
7.97493,22.7009,-0.136509
7.96105,23.7088,-0.126691
7.92742,24.7549,-0.281368
7.953,25.7619,-0.376324
8.1671,26.7411,-0.176724
7.98075,27.4543,0.489129
7.96598,28.4563,0.439674
8.84805,2.83455,-0.668197
8.90315,3.76821,-0.290277
8.95031,4.76639,-0.528813
8.95694,5.75943,-0.381314
8.83388,6.56889,-0.929841
8.88057,7.63371,-0.763668
8.95576,8.64596,-0.753923
8.98036,9.63495,-0.984893
8.81128,10.6012,-0.770595
8.90036,11.5997,-0.936232
8.67053,12.6079,-0.966176
8.96771,13.5538,-1.27379
8.76412,13.8024,-2.29582
8.98627,14.3309,-1.48245
9.015,14.4758,-2.52206
8.99338,15.2055,-1.82216
8.94117,15.9524,-1.10824
8.9296,16.8643,-0.644621
8.91849,17.8993,-0.614957
9.15739,18.8117,-0.229783
8.99002,19.8023,-0.201367
8.96464,20.8101,-0.325907
8.8907,21.7574,-0.00233467
9.02221,22.7361,-0.00955535
8.9717,23.7506,-0.193182
8.9353,24.759,-0.233103
8.9656,25.7373,-0.248039
9.1672,26.7886,-0.362404
8.89848,27.6693,0.0618366
8.99552,28.6158,0.382638
9.90193,2.94276,-0.71391
9.95214,3.88173,-0.368813
9.98491,4.85047,-0.623441
9.94469,5.85968,-0.466347
9.85322,6.76217,-0.910578
9.94084,7.74606,-0.678524
9.93318,8.76444,-0.912964
10.0028,9.78332,-1.19552
9.82441,10.6925,-0.87749
9.91458,11.6706,-1.17371
9.71794,12.6499,-1.05821
10.0182,13.536,-1.50316
9.81249,13.8214,-2.50011
9.99154,14.4084,-1.64888
10.0184,14.4897,-2.63244
9.99157,15.3072,-2.08852
9.97218,15.9783,-1.34875
9.93868,16.8809,-0.883743
9.94729,17.8388,-0.618647
10.1641,18.8354,-0.509259
10.0175,19.8323,-0.32721
9.92184,20.7778,-0.0524491
9.90039,21.7759,0.0175542
10.03,22.7983,0.139686
9.99799,23.7748,-0.092114
9.93755,24.7041,-0.48157
9.97432,25.61,-0.05421
10.2076,26.6031,-0.185507
9.88819,27.5558,-0.0649678
9.99544,28.481,0.289221
10.9695,2.96575,-0.478542
10.9545,3.88877,-0.107215
10.9529,4.90643,-0.257121
10.9605,5.86853,-0.603818
10.8692,6.87151,-0.771419
10.9907,7.8981,-0.793658
10.8952,8.90295,-0.884619
11.0478,9.82471,-1.29575
10.9233,10.7376,-0.911051
10.9633,11.7461,-1.14056
10.8068,12.7321,-1.20772
10.9982,13.6082,-1.69232
10.7832,13.6841,-2.63553
10.998,14.3099,-1.86833
11.0056,14.7515,-2.77154
11.0864,15.2729,-1.9122
10.9763,16.0904,-1.34434
10.9867,16.9105,-0.652998
10.9843,17.9124,-0.783639
11.1594,18.7821,-0.36321
11.0315,19.771,-0.151216
10.9325,20.7526,-0.323188
10.9171,21.7633,-0.0652821
11.0643,22.738,0.15345
11.0148,23.6996,0.00807215
10.8923,24.6875,-0.225037
10.9589,25.6528,-0.395221
11.214,26.5313,-0.028019
10.9125,27.4928,0.169955
11.0558,28.4989,0.29606
11.9434,3.19377,-0.505759
11.9443,4.14296,-0.230436
11.9854,5.10685,-0.355177
11.9833,6.04756,-0.665777
11.92,7.07676,-0.512647
12.0104,8.07291,-0.535917
11.9459,9.03928,-0.839692
12.0251,10.0912,-1.0574
11.952,11.0497,-0.768041
11.9802,11.7841,-1.45863
11.8282,12.7732,-1.17598
12.0112,13.5332,-1.81233
11.8055,13.851,-2.73609
12.0131,14.3255,-1.83394
12.0768,14.6897,-2.76825
12.136,15.1611,-1.83862
11.9593,16.072,-1.37434
12.0424,16.8089,-0.662481
12.0273,17.7539,-0.90954
12.1435,18.6979,-0.519059
12.1104,19.6773,-0.276028
12.0005,20.6789,-0.211939
11.8862,21.6439,-0.177056
12.1079,22.5987,0.0768853
12.0082,23.6469,0.0804285
11.9142,24.6044,-0.369497
12.0048,25.5891,-0.363088
12.2118,26.4571,0.135701
11.9324,27.4366,0.100809
12.0058,28.4437,-0.0210578
12.9788,3.02922,-0.352177
12.9928,4.04647,-0.366713
13.0601,5.09458,-0.265673
13.0644,6.04493,-0.682684
12.9719,7.0322,-0.790066
13.051,8.03073,-0.72447
13.0233,9.07004,-0.835664
13.0373,10.0658,-1.24107
13.0096,10.9439,-0.699707
12.9756,11.6802,-1.36008
12.826,12.7589,-1.24875
13.0312,13.4805,-1.88369
12.8986,13.858,-2.79829
13.0022,14.3431,-1.91746
13.0824,14.9684,-2.6831
13.1145,15.2413,-1.72235
12.9476,16.1519,-1.37435
12.9375,17.0903,-0.944578
12.9561,18.0699,-1.21035
13.1651,18.8202,-0.60061
13.0469,19.8458,-0.610034
13.0573,20.7638,-0.245103
12.9414,21.7561,-0.0228095
13.1004,22.7254,0.204181
13.0216,23.6865,-0.0741447
12.9794,24.6242,-0.341142
12.991,25.6128,-0.609461
13.1836,26.4959,-0.163262
12.9372,27.5323,0.0413831
13.0259,28.5179,-0.259987
13.9804,3.23988,-0.209009
13.9937,4.23607,-0.310843
14.038,5.2604,-0.460005
14.1078,6.23583,-0.758119
13.8745,7.20248,-0.323103
14.0949,8.18612,-0.467403
14.0205,9.0979,-0.966369
14.0626,10.11,-1.15097
14.0656,10.9031,-0.609549
13.9856,11.7251,-1.13097
13.8926,12.6602,-1.51284
14.0542,13.6435,-1.69616
13.9599,13.9064,-2.64298
13.9996,14.4686,-1.82465
14.1039,14.9292,-2.70866
14.1604,15.3091,-1.76875
13.9786,16.2165,-1.40801
13.9716,17.0066,-0.83195
13.9159,17.9988,-0.952614
14.0959,18.9639,-0.94749
14.0975,19.8768,-0.561757
14.0548,20.9089,-0.478207
13.9912,21.7062,0.162224
14.1463,22.7088,0.40285
13.9701,23.7431,0.243782
14.0498,24.6311,-0.240037
13.9728,25.6426,-0.337394
14.1624,26.5966,-0.193899
13.9813,27.6114,-0.247475
14.0693,28.5895,-0.224195
15.0315,3.33803,-0.0798212
15.0042,4.28861,-0.446715
15.1217,5.27007,-0.63524
15.1682,6.27765,-0.627842
14.9192,7.20357,-0.177584
15.0314,7.93813,-0.858712
15.0112,8.99908,-0.841984
15.0597,10.0341,-1.01265
15.0765,11.0131,-1.05583
14.9693,11.9368,-1.45199
14.9452,12.9193,-1.39229
15.0329,13.9077,-1.64057
15.0165,13.8159,-2.63679
15.0197,14.544,-1.92622
15.108,15.0516,-2.81387
15.143,15.4415,-1.88444
14.9117,16.4553,-1.66594
14.9763,17.0964,-0.924595
14.9538,18.088,-0.819776
15.0567,19.1116,-0.773424
15.1296,20.114,-0.464812
15.0877,21.1279,-0.734379
15.1194,21.7102,0.081756
15.1456,22.7678,0.218528
15.0529,23.7884,0.309088
15.0556,24.7327,-0.016187
14.979,25.6661,-0.452742
15.1999,26.6712,-0.214237
14.9732,27.5882,-0.516889
15.0904,28.5643,-0.342738
16.076,3.20384,-0.160576
16.0962,4.24236,-0.394143
16.1161,5.24679,-0.277789
16.196,6.23959,-0.348097
15.946,7.19323,-0.246251
16.0047,8.0719,-0.72143
16.0521,9.07956,-1.07218
16.1038,10.0667,-0.997525
16.0503,11.0894,-0.703601
16.0221,11.9413,-1.24892
15.9388,12.9627,-1.35311
16.0838,13.9819,-1.56057
16.0687,14.0145,-2.5827
15.9633,14.7935,-1.98749
16.1043,15.1068,-2.95839
16.142,15.5347,-2.08461
15.914,16.5474,-1.85212
15.9629,17.3056,-1.13189
15.9716,18.2748,-0.891958
16.0669,19.3134,-0.784518
16.1613,20.1788,-0.247368
16.082,21.0831,-0.753145
16.1051,21.8241,-0.0144841
16.182,22.7333,0.395862
16.0778,23.7309,0.366314
16.0372,24.6749,0.14994
15.9825,25.6645,-0.282608
16.1679,26.6727,-0.397403
16.0161,27.6813,-0.598535
16.1092,28.6555,-0.489117
17.1801,3.17087,0.0390515
17.1601,4.13546,-0.233775
17.1749,5.11133,-0.00556352
17.2234,6.15871,-0.103714
16.9627,7.13251,-0.414307
17.0235,8.11146,-0.737037
17.0726,9.08434,-0.887069
17.1141,10.1015,-0.879357
16.9858,11.0906,-1.02249
17.1412,12.0198,-1.29713
17.0036,12.9896,-1.40772
17.1008,13.919,-1.68615
17.1056,14.1326,-2.67022
17.0673,14.7545,-1.89633
17.1291,15.1104,-2.80406
17.1361,15.6004,-1.94911
16.9205,16.5524,-1.97782
16.9708,17.1237,-1.06167
16.9907,18.1503,-0.898697
17.0582,19.1272,-0.779452
17.1969,20.0595,-0.467354
17.0133,21.054,-0.489724
17.1066,21.9633,-0.0230415
17.1464,22.9123,0.0950774
17.1188,23.9533,0.226688
16.9629,24.8496,-0.116306
17.0117,25.7606,-0.549922
17.1483,26.7458,-0.654253
17.0847,27.733,-0.554622
17.1186,28.6804,-0.20116
18.1961,3.0854,0.0222449
18.2089,4.03361,-0.222926
18.1796,5.02763,-0.284988
18.2245,6.03917,-0.346022
18.0021,7.00256,-0.42964
18.0599,7.93211,-0.857778
18.1321,8.98361,-0.910819
18.1213,10.0215,-0.984857
18.0452,11.0186,-1.03907
18.1657,12.0118,-1.15307
18.0241,13.019,-1.26478
18.1543,14.0584,-1.51736
18.1539,14.165,-2.57433
18.1338,14.9707,-1.84032
18.1268,15.0225,-2.81211
18.1236,15.8155,-2.19464
17.9464,16.749,-1.80808
18.004,17.1111,-0.854024
18.0213,18.1391,-0.847975
18.086,19.1127,-0.625205
18.1884,19.9351,-0.15208
18.0281,20.9306,-0.300745
18.1291,21.92,-0.0398511
18.1621,22.9675,0.116651
18.1096,23.9805,0.0386792
17.9677,24.9427,-0.325687
17.9085,25.9067,-0.0781335
18.1479,26.8124,-0.475018
18.0071,27.769,-0.132563
18.144,28.7231,-0.333836
19.1911,2.93304,-0.3077
19.2154,3.93148,-0.193445
19.1875,4.9256,-0.420679
19.2494,5.87133,-0.199823
19.0416,6.78932,-0.48576
19.0444,7.75193,-0.793451
19.1379,8.78184,-1.01233
19.1605,9.76574,-0.9197
19.0623,10.765,-1.24443
19.1391,11.7585,-1.11755
19.0064,12.7665,-1.29113
19.0565,13.8245,-1.14833
19.1535,14.006,-2.18911
19.0695,14.7925,-1.5762
19.1199,15.0691,-2.5516
19.0952,15.6439,-1.7649
18.9461,16.6182,-1.87547
18.9731,17.2192,-1.07093
19.0213,18.1923,-0.967769
19.1275,19.1274,-0.577932
19.1801,20.0886,-0.228339
19.0699,21.0655,-0.416886
19.1366,21.8529,0.192752
19.1879,22.8768,0.193182
19.1169,23.9441,0.0441603
19.0185,24.9112,-0.25902
18.8762,25.9255,-0.419767
19.1782,26.8803,-0.47365
18.9636,27.6745,0.117997
19.1618,28.5388,-0.343559
20.0885,2.64407,0.215326
20.2753,3.62947,-0.0928556
20.0846,4.65076,-0.208475
20.2421,5.69116,-0.232548
20.0567,6.59671,-0.606235
20.0421,7.58322,-0.58804
20.1458,8.49909,-0.898846
20.2152,9.53571,-0.827006
20.0918,10.5155,-1.0505
20.1564,11.5781,-1.00605
19.9959,12.571,-1.11372
20.1322,13.62,-1.10404
20.159,13.9354,-2.05884
20.0468,14.5314,-1.2805
20.0422,14.7336,-2.22704
20.119,15.4937,-1.52978
19.9649,16.4671,-1.90523
20.0333,17.0704,-1.12745
20.0054,18.0539,-0.89765
20.1378,18.9541,-0.399896
20.2114,20.0253,-0.340712
20.0972,21.0344,-0.260942
20.1786,21.8826,0.224372
20.1582,22.854,-0.133509
20.1449,23.8541,-0.0914487
20.0787,24.8868,-0.293426
19.9059,25.8914,-0.438981
20.2152,26.8412,-0.276275
19.9112,27.5543,0.367598
20.1834,28.2966,-0.24998
21.0453,2.57641,0.454961
21.2734,3.40428,-0.0856899
21.0721,4.3842,-0.166216
21.1709,5.40008,-0.134382
20.9949,6.32022,-0.424741
21.0078,7.32636,-0.392593
21.1859,8.25237,-0.773281
21.1841,9.26124,-0.962755
21.0261,10.264,-0.818174
21.1159,11.2491,-0.710034
21.0013,12.2955,-0.918204
21.1169,13.2881,-0.8794
21.1075,13.6,-1.83356
21.1328,14.4421,-1.21047
21.0914,14.7375,-2.16465
21.117,15.3928,-1.4054
20.9568,16.2976,-1.76327
21.0441,16.9974,-1.03425
20.9993,17.9798,-0.968935
21.1108,18.9136,-0.587451
21.2257,19.9577,-0.532127
21.1086,20.9311,-0.350179
21.1251,21.9361,-0.113703
21.205,22.9568,-0.0937193
21.1068,23.9208,0.224839
21.075,24.9033,0.00624409
20.9435,25.7775,-0.538993
21.2301,26.6734,-0.21196
20.9432,27.5564,0.129319
21.1518,28.491,0.0314554
22.0464,2.34854,0.296088
22.2124,3.17218,-0.344118
22.0811,4.21117,-0.317475
22.2379,5.19287,-0.232597
22.0387,6.16199,-0.437812
22.0162,7.14899,-0.474404
22.2216,8.1114,-0.645778
22.1391,9.09842,-0.626075
22.0679,10.0817,-0.877444
22.2032,11.0563,-0.690072
22.0312,12.0323,-0.945732
22.0845,13.0227,-0.699261
22.0666,13.4704,-1.60934
22.0849,14.2147,-0.877163
22.1333,14.6591,-1.79197
22.1448,15.4911,-1.22708
21.967,16.3476,-1.74733
22.0445,17.1419,-1.12288
21.9693,18.1105,-1.09568
22.115,18.9639,-0.605249
22.2373,19.9721,-0.480639
22.1226,20.9626,-0.291961
22.1211,21.8968,0.0619617
22.2287,22.897,-0.0157842
22.1189,23.9081,0.101431
22.0808,24.8952,-0.121918
21.9348,25.8815,-0.335426
22.1326,26.7963,-0.712323
21.9177,27.5748,-0.0464156
22.154,28.3921,0.401318
23.1095,2.25931,0.368392
23.1682,2.89862,-0.461885
23.0618,3.89909,-0.329136
23.2181,4.9266,-0.275167
22.9808,5.91216,-0.191134
23.0494,6.88367,-0.39429
23.2366,7.86074,-0.434419
23.1566,8.79707,-0.680273
23.0807,9.83314,-0.706687
23.1756,10.815,-0.511994
23.0636,11.7668,-0.910752
23.0729,12.7459,-0.403302
22.9317,12.9119,-1.38796
23.0224,13.8843,-1.03994
23.1501,14.658,-1.65629
23.187,15.5249,-1.1397
23.0132,16.3522,-1.71914
23.0578,17.0683,-0.954164
22.9963,18.095,-0.982656
23.1304,18.9332,-0.493085
23.2747,19.9439,-0.340941
23.1037,20.9463,-0.387381
23.1326,21.9253,-0.092346
23.2466,22.9453,0.0131779
23.0856,23.9313,-0.0915799
23.1406,24.9029,-0.223939
22.9166,25.8608,-0.446773
23.207,26.8193,-0.776382
22.9467,27.3403,0.0863002
23.1366,28.2359,0.519288
24.0911,1.85479,0.28392
24.1665,2.6827,-0.247569
24.012,3.67365,-0.0678915
24.2106,4.69862,-0.0751061
24.0134,5.70856,0.0719535
24.0597,6.70766,-0.242317
24.2244,7.65701,-0.393771
24.1221,8.6867,-0.323368
24.1103,9.61386,-0.708679
24.2059,10.5892,-0.439827
24.0614,11.5126,-0.790912
23.9817,12.3464,-0.176925
23.9599,12.7731,-1.0775
24.0409,13.8238,-1.1107
24.1312,14.7941,-1.39602
24.0865,15.4663,-0.661245
24.0144,16.1969,-1.32582
24.0878,17.0972,-0.885992
24.0443,18.1206,-1.05367
24.0832,18.9917,-0.55136
24.2465,19.8823,-0.0801447
24.0924,20.824,-0.343577
24.1958,21.8088,-0.227906
24.1663,22.7956,-0.323197
24.0894,23.7087,0.11706
24.1387,24.6019,-0.301404
23.9845,25.6509,-0.393262
24.2261,26.6097,-0.570721
24.016,27.3721,0.0879788
24.1358,28.2883,0.578057
25.0214,1.5342,0.624882
25.0935,2.31061,0.0180944
25.058,3.37442,-0.0135441
25.1449,4.41907,0.0324686
25.0639,5.39199,0.21782
25.0349,6.35141,-0.124335
25.221,7.32952,-0.243071
25.0644,8.27323,-0.452504
25.0475,9.30773,-0.309229
25.1524,10.2822,-0.514765
24.9949,11.3004,-0.504154
24.9914,12.1296,0.0867733
25.0201,12.6763,-0.814075
25.0599,13.6121,-1.09847
25.1663,14.6261,-1.16009
25.1154,15.4524,-0.527964
25.0611,16.2329,-1.13908
25.0761,17.1079,-0.548964
24.9933,18.1584,-0.732316
24.9834,18.9188,-0.0930815
25.2103,19.8257,-0.481646
25.0746,20.7527,-0.242836
25.2221,21.7643,-0.463015
25.1425,22.7645,-0.31062
25.1211,23.7109,0.113398
25.1115,24.6953,0.0477035
25.0356,25.6732,-0.224046
25.2353,26.5591,-0.674798
25.0053,27.2975,0.00812403
25.0729,28.3362,0.197293
26.031,1.48338,0.795749
26.1008,2.25479,0.135173
26.1123,3.23503,-0.0423688
26.1356,4.19762,0.205731
26.0143,5.14073,0.478808
26.0355,6.03992,0.0534898
26.1675,7.03991,-0.0837062
26.0156,8.01222,-0.189618
26.0179,9.0055,-0.149828
26.1168,9.9732,-0.3318
26.0327,10.985,-0.521894
25.9635,11.8485,0.0297617
26.0566,12.4701,-0.750203
26.0408,13.4925,-0.876806
26.1741,14.4143,-1.23002
26.1002,15.2347,-0.627747
26.0915,16.1613,-1.03659
26.0714,17.1897,-0.903171
25.9913,18.1573,-0.61916
25.9637,19.0651,-0.169381
26.2296,20.0154,-0.415241
26.0523,20.9164,0.00436415
26.2741,21.8742,-0.284744
26.0653,22.8011,0.0442732
26.1092,23.7758,-0.0926206
26.1262,24.768,0.154421
26.0009,25.7444,-0.0624348
26.2622,26.6924,-0.401773
25.9667,27.5915,-0.085876
26.0357,28.5829,0.0935881
26.9466,1.36609,1.19752
27.096,2.02999,0.435585
27.1094,2.93842,-0.0779931
27.0764,3.83262,0.408386
27,4.83461,0.350133
27.0883,5.83213,0.0910154
27.2136,6.74346,-0.350746
27.0053,7.70869,-0.152663
27.0096,8.69515,-0.170769
27.138,9.70665,-0.138826
27.0162,10.5763,-0.626612
26.9971,11.4825,-0.0986175
27.0715,12.3021,-0.704828
27.0386,13.3091,-0.716294
27.1033,14.3406,-0.821586
27.1078,15.3214,-0.657054
27.0909,16.342,-0.811084
27.0558,17.3575,-0.620417
26.9936,18.3252,-0.720295
27.0299,19.1013,-0.0461226
27.2402,20.0195,-0.430793
27.0429,20.8746,0.0743004
27.1833,21.8459,0.176333
27.0767,22.909,0.276797
27.0893,23.9036,0.270684
27.1059,24.8903,0.140522
27.003,25.7708,-0.287738
27.2634,26.7111,-0.43592
27.0033,27.6352,-0.169219
27.0972,28.6592,-0.0541124
28.0578,1.33643,1.25927
28.0111,1.70797,0.34883
28.1378,2.64922,-0.0891964
28.0935,3.54129,0.386572
28.0756,4.58809,0.343757
28.0988,5.5679,0.138182
28.1594,6.57123,-0.0338542
27.9954,7.54256,-0.173437
28.0536,8.51737,-0.0421766
28.1445,9.4879,-0.154772
28.0369,10.422,-0.563811
28.0227,11.3141,-0.0419752
28.1152,12.2021,-0.502219
28.0785,13.1909,-0.486639
28.0057,14.2081,-0.380709
28.0625,15.1973,-0.300308
27.97,16.2119,-0.351741
28.0381,17.2188,-0.244963
28.0099,18.1654,-0.64781
28.0582,19.0887,-0.263735
28.2509,20.0595,-0.347472
28.0088,20.8035,0.24734
28.2166,21.7884,0.30885
28.0617,22.8602,0.248137
28.1251,23.8931,0.401465
28.1047,24.9005,0.14348
28.0134,25.8469,-0.240107
28.1768,26.7888,0.0202643
28.0212,27.8123,0.0161168
28.1228,28.8266,0.0284219
29.0558,1.1408,1.30754
29.0082,1.53063,0.316602
29.1116,2.38586,-0.219541
29.0785,3.26936,0.228907
29.1031,4.24387,0.409192
29.09,5.18378,0.0866359
29.1023,6.17745,0.19776
29.001,7.18345,0.0115543
29.0669,8.14487,-0.221958
29.1789,9.14739,-0.179739
29.067,10.093,-0.505472
29.0486,11.0004,-0.122123
29.0867,12.003,-0.213215
29.0622,12.9775,-0.296765
28.9752,14.0324,-0.265551
29.055,15.0272,-0.233082
28.9691,16.0325,-0.412189
29.0425,17.0286,-0.305371
29.001,18.0265,-0.388952
29.1032,18.9609,-0.0605457
29.2318,19.9878,-0.265554
28.9557,20.986,-0.117582
29.0761,21.962,-0.17658
29.0791,22.9674,-0.0315806
29.1011,24.0178,0.0836238
29.0851,25.0001,-0.0485122
28.9871,26.0024,-0.0344493
29.1577,26.9831,-0.141066
29.0543,27.9361,0.133302
29.1441,28.9324,0.21037
