-0.00499283,0.00562151,-0.0568072
1.00083,0.0176519,-0.0394055
1.95587,0.0104587,0.353938
2.96988,-0.0396496,0.256111
4.0035,-0.0424543,0.287683
5.03259,-0.0218482,0.134016
6.03138,0.0187872,0.130796
7.02007,0.0362438,-0.0237739
8.01219,0.00401318,0.0104038
9.02897,0.0155705,-0.0429884
10.0077,-0.00502945,-0.239491
10.9958,0.030079,0.013947
12.0046,-0.0121006,0.209287
12.9976,-0.00166021,-0.0125187
13.9697,-0.00399487,-0.100751
14.9752,-0.0307871,-0.314566
15.9256,0.00219123,0.0915067
16.909,-0.00584735,0.217133
17.9561,0.0226814,0.267067
18.9535,0.0106906,0.0902768
-0.00463271,1.05421,0.135838
0.944209,0.982382,-0.248949
1.88901,1.0032,0.202008
2.91046,1.02486,0.411048
3.8969,1.00502,0.219556
4.89864,0.989453,-0.0345653
5.92597,1.04503,0.0314585
6.96777,1.1213,0.0283334
8.02542,1.01926,-0.0298227
9.03004,1.0441,-0.0607257
10.0004,0.94246,0.0424879
10.9952,1.06106,-0.155171
11.966,0.970296,0.0345439
12.9961,0.976901,0.312482
13.9906,0.984759,0.0474563
14.9931,0.931416,-0.00560625
15.9518,1.07696,0.190774
16.994,1.00212,0.11214
18.0154,1.00412,0.270223
18.9924,1.02116,0.0402326
0.0380718,2.07004,-0.00177313
1.01143,1.97751,-0.387634
2.0388,1.90219,-0.241047
3.00101,2.02371,0.0387646
4.03648,2.04902,0.0697256
5.08277,2.0001,0.0515244
6.0057,2.02077,-0.345946
7.05678,2.0627,-0.368728
8.0917,1.9619,-0.412867
9.04638,2.07614,0.0455458
10.0015,1.93964,0.107358
10.9569,1.89521,0.368505
11.9901,1.97932,0.181014
12.9795,2.03862,0.322761
13.9837,1.92758,0.367129
15.0194,1.95244,0.160466
16.0211,2.07357,0.328697
17.0268,1.98402,0.194195
18.0164,2.03721,0.21894
18.957,2.02639,-0.0738975
0.0295145,3.05651,-0.213364
1.04187,3.04042,-0.190219
2.02592,2.90047,-0.102408
3.07436,3.03307,-0.0870174
4.11735,3.07189,0.103842
5.16381,3.01815,0.157976
6.16407,2.98462,-0.145323
7.2075,3.03115,-0.284433
8.23016,3.01849,-0.279073
9.06353,3.09345,0.316068
9.98701,2.94568,-0.0334178
10.9501,2.90657,0.228898
11.9437,2.9973,0.146861
12.9262,3.01014,0.0768883
13.9409,2.91304,-0.00394604
14.9719,2.98018,0.0835383
15.9717,3.05715,0.193161
16.9756,3.00513,0.183178
17.9763,3.08132,0.246232
18.9585,3.02982,0.181155
-0.0192267,4.05794,-0.135038
0.99574,4.04733,-0.00795312
2.0522,3.83511,0.134404
3.06522,3.95619,0.365441
4.11237,4.07477,0.281841
5.10374,4.0325,0.0579363
6.04671,3.95962,-0.238862
7.04953,4.02477,-0.258699
8.05268,4.05151,-0.205454
9.0837,4.07034,0.111054
10.0614,3.93336,0.299493
11.0937,3.86596,0.423627
11.9733,4.06019,-0.0126194
12.9798,4.03592,0.232969
13.9431,3.9241,-0.0275002
14.9694,4.0047,-0.0337931
15.9549,4.05339,0.13152
16.9821,3.98782,0.151955
18.0282,4.05585,0.250209
19.0344,3.97951,0.386758
-0.0352336,5.01447,0.159474
0.954512,4.94591,0.363527
1.99309,4.79007,0.209098
2.95824,5.00881,0.259597
3.98092,5.06687,0.304935
4.93674,5.01653,0.0378918
5.89795,5.00361,-0.274398
6.9201,4.99409,0.0672262
7.94638,5.0092,0.0733909
9.00552,5.01972,0.222114
10.0553,4.94028,0.156905
11.0443,4.93967,0.37431
11.9722,5.089,-0.030842
12.9611,4.98336,-0.139244
13.969,4.92363,-0.0487442
14.9753,4.98122,-0.230885
15.9877,5.03476,-0.123432
16.9835,4.95255,-0.0488266
18.0346,5.12688,0.0284677
19.0266,4.96097,0.228486
-0.0163762,6.0312,0.111545
0.91391,5.95922,0.48319
1.89914,5.84236,0.272433
2.9247,6.01862,0.383551
3.94001,6.06943,0.398431
4.94685,6.00407,0.294165
5.92285,5.97279,0.102008
6.97554,6.04636,0.140306
7.97914,5.99063,0.0262917
8.99828,6.00867,0.0472427
9.92897,5.93829,0.291382
10.9258,5.98824,0.268709
12.0036,6.08594,0.27929
13.0322,6.01589,0.0428999
14.0221,5.97973,-0.000119022
15.0451,5.98498,-0.103034
16.0582,6.02694,0.129502
17.0316,5.92474,-0.194824
18.0163,5.98109,-0.508008
18.9795,5.99779,0.0149113
0.00921049,6.99877,0.062801
1.01763,6.90232,0.13155
1.98674,6.86628,0.135032
2.99517,7.01885,0.133784
3.95068,7.07,0.384661
4.97652,7.03204,0.338993
5.95398,7.02752,-0.0761101
6.94628,7.07295,-0.107715
7.96781,6.99922,-0.117188
8.94129,6.99408,0.0826411
9.9307,6.97832,0.355382
10.9353,6.99295,0.318055
11.8888,7.08,0.111908
12.9024,7.01513,0.221079
13.9551,6.98441,0.209806
14.9505,7.0282,0.131748
15.9181,6.9929,-0.156929
16.8924,6.92902,-0.145238
17.9256,6.97672,-0.0574725
18.9821,7.02892,-0.115259
-0.00438551,8.01726,0.202194
0.972698,7.94337,-0.050856
1.97453,7.9007,0.209555
2.95574,8.04784,0.114298
3.95421,8.07076,0.118531
5.05675,7.97625,0.0248238
6.07845,8.02344,-0.0667501
7.06153,8.09763,0.0236061
8.01343,7.95589,-0.290991
9.00689,8.01923,0.109153
9.95748,7.99019,0.451091
10.8402,7.98756,0.000994903
11.8508,8.08966,-0.0540117
12.937,8.00288,0.0462142
13.9543,8.01107,0.0277352
14.9466,8.02625,0.0808252
15.9722,7.9806,0.0906735
16.9603,7.93109,0.0686636
17.9875,7.90105,0.248817
18.9931,8.01693,0.14294
0.00155644,8.97603,-0.0965911
1.02953,8.96294,-0.156169
2.09527,8.85582,-0.158098
3.08925,9.01721,-0.200131
4.0876,9.09522,-0.114295
5.02188,8.92181,0.337071
5.96646,9.0199,0.00852077
6.96492,9.10751,-0.0954833
7.93763,8.91619,-0.0763451
8.97838,9.02242,-0.0216529
9.891,9.00398,0.293115
10.8824,9.03397,0.0856838
11.9218,9.09469,0.179928
12.9483,9.02579,-0.0384472
13.993,8.9944,0.0125553
14.998,9.03546,0.219315
15.9878,8.98357,-0.0960265
16.9754,9.02669,0.0304605
17.964,8.94785,-0.0272561
18.9956,9.00688,0.0627003
-0.0146092,9.99421,-0.157149
0.918503,9.93384,0.123533
1.87392,9.8531,-0.097293
2.8614,9.98876,0.174255
3.87414,10.0876,0.136891
4.89229,9.95327,0.221668
5.9263,9.99764,0.330052
6.97789,10.0411,0.272427
7.90693,9.98235,-0.115439
8.88368,9.9857,0.0907895
9.88443,10.0422,0.176586
10.8868,9.97799,0.457012
11.8584,10.0892,0.151903
12.875,10.0442,-0.0569079
13.8908,10.0282,-0.127317
14.8888,9.99673,-0.0881405
15.9435,10.0231,-0.0483077
16.9519,10.0493,0.0419141
17.9579,9.94451,0.0837977
18.9876,10.0159,0.124796
-0.000695822,11.0293,-0.098941
0.987649,11.0049,0.0563952
1.97518,10.8339,0.0739799
2.96324,10.9718,-0.19649
3.93973,11.0537,-0.00466933
4.99306,11.0035,0.132392
5.98533,10.9667,-0.0566301
6.98892,11.0487,0.0475387
7.97622,10.9932,0.0239937
8.95644,11.0212,0.310254
9.95944,10.9981,0.482568
10.9717,11.0276,0.17915
11.9099,11.0415,0.453117
12.921,10.9956,0.486215
13.9163,10.953,0.288983
14.9134,11.0073,-0.029722
15.8538,11.0303,0.255647
16.8984,11.0783,0.12533
17.8816,10.9771,0.0419965
18.9551,11.0497,0.0559313
-0.000912503,12.0431,-0.170663
0.997397,12.0078,0.178048
1.97174,11.8921,0.0726859
2.98656,11.954,0.154637
3.95549,12.048,-0.0614826
4.93735,11.946,-0.307874
5.83312,11.9836,0.166854
6.84241,12.0454,0.157335
7.87617,11.9666,0.12139
8.7986,11.995,0.527708
9.77692,12.0137,0.487323
10.8534,12.0105,0.22389
11.8707,11.99,0.173611
12.8821,11.9888,0.147392
13.8963,11.9773,0.192923
14.9744,11.9829,0.270486
16.0457,12.0452,0.110968
17.0876,12.0395,-0.0534623
18.0382,12.0195,0.270299
19.0349,12.0131,0.207682
-0.0215217,12.9791,0.162267
0.993033,12.9944,0.23986
2.01937,12.9253,0.0910337
3.08826,12.9678,0.0874386
4.06474,13.0754,0.00687582
5.04172,12.9422,0.0321787
6.0125,12.9687,0.293432
6.98996,13.0263,-0.00769677
7.98271,12.9662,0.123801
8.94096,13.0014,0.559835
9.95478,13.0524,0.504672
10.9366,13.0101,0.378347
11.9561,12.9726,0.129884
12.9924,13.0231,0.0345836
14.0173,12.9413,0.317862
15.009,12.9689,0.390719
16.0092,13.0114,0.355861
16.9768,13.0233,0.0711722
17.9858,13.0669,0.0578143
18.982,13.0238,0.0131901
0.0262673,14.0103,0.0100986
1.00712,13.931,-0.0588519
1.97694,13.9758,0.168545
2.99794,13.9962,0.163512
4.01425,14.0459,0.358376
4.9923,13.9359,0.101221
5.99309,13.902,-0.109168
6.98253,14.0157,0.261248
7.98212,13.9789,0.128401
8.936,14.0454,0.439802
9.88343,13.9402,0.102307
10.8509,14.0268,0.453639
11.8897,13.9931,0.273125
12.952,14.0012,0.112265
13.9301,13.943,0.265328
14.9834,13.9737,0.236244
16.0159,14.0486,0.15801
17.0278,13.9983,0.208811
17.996,14.0271,0.438459
18.9689,14.0545,0.00989105
0.0362926,15.0173,-0.0863735
1.03875,15.0054,0.0435987
2.02596,14.9966,0.218226
3.01194,14.9723,0.138542
3.93397,15.0543,0.51446
4.84285,14.9783,0.112436
5.86844,14.9389,-0.0444624
6.92195,15.0012,-0.0360057
7.90338,15.0099,0.0175451
8.92683,14.9697,0.0528825
9.95913,14.9569,0.121812
10.9626,14.9933,0.217106
11.931,14.9988,0.0736381
12.9236,15.0217,0.0899991
13.9272,14.9379,0.0500137
14.9246,15.0086,0.0323069
16.0011,15.0468,0.00631428
17.0101,15.0378,0.0982055
18.0209,15.0447,0.236033
18.9982,15.0722,0.0663747
-0.0307016,15.9381,0.250777
0.973623,15.9369,0.364852
1.93906,16.0648,0.302344
2.94843,16.0237,0.371761
3.9732,16.0287,0.346382
4.91444,15.9649,-0.0788263
5.91574,16.0137,-0.0315348
6.96566,16.0397,-0.018891
7.9387,15.9943,0.0505539
8.93181,15.9958,-0.0503067
10.009,16.0006,0.16093
10.9979,15.9632,0.0209693
11.9937,15.9812,-0.191198
12.9675,16.0454,-0.015717
13.9709,15.9618,-0.00296945
14.976,16.0374,0.112015
16.047,16.0445,0.326972
17.0277,16.0445,0.122828
18.0912,16.0274,0.12056
19.0328,16.0149,-0.312876
0.0135289,16.9754,0.100104
0.986129,16.9417,0.266295
1.95821,17.0558,0.395581
3.00454,17.0881,0.35302
3.97364,16.9661,0.000506607
5.00986,16.9403,-0.107407
5.99659,17.0231,0.0131291
6.96809,16.9869,0.25461
7.93505,17.0487,-0.0058565
8.95294,16.9771,0.102588
10.0167,16.9726,0.162587
11.0379,16.9525,0.165712
12.0632,16.9703,-0.0386395
13.1008,17.0239,0.0932493
14.0806,17.0576,-0.0269265
15.1163,16.9908,-0.170598
16.1159,17.0076,0.0618915
17.1327,17.0823,0.161174
18.0927,17.0164,-0.0946623
19.043,16.9293,0.157103
0.0444533,17.984,-0.137461
1.06414,17.9487,0.0340403
1.89299,18.0887,0.559429
2.8392,18.0788,0.160906
3.87427,17.9488,0.140651
4.88749,17.9551,0.0118473
5.88937,18.0098,-0.180868
6.9316,17.9157,-0.143861
7.8235,17.9971,0.290112
8.90651,17.9712,0.239988
9.89418,17.9243,-0.0371075
10.9403,17.9828,0.0561907
11.9586,17.9686,0.0982665
12.9576,17.9911,-0.165304
13.9609,18.0466,-0.166033
14.9523,17.932,0.0161565
15.9342,17.9896,0.264629
16.919,18.0415,0.423554
17.8976,17.9265,0.254103
18.9562,17.9298,0.107343
-0.0222205,18.9876,-0.143818
0.918522,18.9763,0.20434
1.94318,19.0803,0.404825
2.99158,19.0257,0.472359
3.97296,18.9818,0.182214
5.0022,18.9585,-0.0210608
5.99573,19.0162,-0.197107
7.01976,18.9511,-0.0879147
8.04936,18.9495,-0.0797235
9.01005,18.9757,0.139494
9.98515,18.967,-0.0960021
11.0312,19.0229,-0.188281
11.9805,19.027,0.14846
12.9439,18.9805,-0.138874
13.9517,19.0056,0.052028
14.9448,18.9999,0.188693
15.9735,18.9735,-0.0388806
16.983,19.0064,0.0601703
18.0003,18.9526,0.124702
19.0048,18.9578,0.0962889
