0.0999664,0.208362,-1.84285
0.0161077,1.49944,-1.96122
-0.00216376,2.78266,-1.99855
0.0613666,4.02983,-2.13229
0.0814936,5.27344,-2.10909
0.0936888,6.5239,-2.29584
0.168368,7.80032,-2.35663
0.221189,9.00533,-2.53525
0.220505,10.2253,-2.54092
0.417566,11.3971,-2.63134
0.670324,12.513,-2.70813
0.754582,13.634,-2.36205
0.409507,14.5894,-2.36391
0.334889,15.6373,-2.06816
0.118195,16.3666,-1.40149
0.186807,17.3853,-1.20417
-0.117154,18.3266,-0.840199
0.0448225,17.321,-0.851817
0.0819391,18.2183,-0.420212
-0.0318491,19.001,0.234925
0.777715,0.972118,-2.0199
0.83358,2.15968,-2.08597
0.907181,3.33539,-2.16376
0.98685,4.51543,-2.29602
1.00648,5.68322,-2.35746
1.06119,6.92166,-2.37144
1.10638,8.18407,-2.44204
1.20704,9.42487,-2.71078
1.19167,10.6446,-2.84717
1.383,11.8247,-2.97036
1.66747,13.0106,-3.16424
1.63263,14.1147,-2.81021
1.35308,14.9052,-2.15422
1.3312,16.0267,-1.97451
1.15371,16.557,-1.10161
1.26246,17.4212,-1.50114
0.914612,18.2536,-1.0149
1.04372,17.2194,-0.880126
1.10983,18.077,-0.403674
0.898105,19.0219,-0.145067
1.76124,1.27557,-2.1047
1.80521,2.43433,-2.2446
1.88243,3.5923,-2.38926
2.01608,4.78224,-2.37515
1.96347,6.03518,-2.48446
2.03284,7.27644,-2.59239
2.03421,8.53219,-2.79646
2.09843,9.8197,-2.9729
2.07867,11.1274,-3.14636
2.157,12.5288,-3.38552
2.5307,13.9209,-3.69712
2.35788,15.1242,-3.0184
1.74967,15.7113,-1.84249
2.26362,16.6919,-1.9184
1.72203,17.5458,-1.37441
2.27364,16.8519,-1.11921
1.91913,17.9339,-1.08345
2.11241,16.9972,-1.03992
2.03008,18.045,-0.784133
1.85737,19.0541,-0.55783
2.80005,0.976788,-2.07712
2.87577,2.17676,-2.16428
2.89778,3.3295,-2.17344
2.9149,4.48102,-2.11346
2.90587,5.6359,-2.20105
2.91498,6.83828,-2.33205
2.92877,8.0651,-2.6002
2.90289,9.27536,-2.62785
2.8516,10.4959,-2.79986
2.81296,11.7104,-3.03455
2.82452,12.9489,-3.15522
2.70324,14.006,-2.90749
2.54908,14.7909,-2.17635
2.73794,15.7393,-1.90727
2.51127,16.6704,-1.41123
3.02101,17.4997,-1.70886
2.94905,17.833,-0.739528
3.07339,17.1561,-1.44393
3.05796,18.1025,-1.01143
2.85111,19.0383,-0.641945
3.7911,0.747353,-1.90337
3.85687,1.89128,-1.85691
3.83842,3.05105,-1.79509
3.86929,4.17634,-1.91311
3.89573,5.30103,-2.03527
3.90676,6.4389,-2.14178
3.8503,7.58173,-2.29792
3.80023,8.75502,-2.47629
3.72461,9.85536,-2.58876
3.59104,10.986,-2.72149
3.51469,12.0968,-2.74534
3.42965,13.1952,-2.73391
3.45,14.1484,-2.33583
3.48623,15.0748,-1.94539
3.49039,16.0213,-1.54343
3.89968,16.9819,-1.62447
3.81081,17.3193,-0.688775
4.0591,17.4883,-1.64488
4.03892,18.4737,-1.24855
3.92783,19.2019,-0.549489
4.76112,0.490551,-1.58357
4.86099,1.60635,-1.69531
4.84514,2.71762,-1.8295
4.76826,3.76667,-1.93456
4.82902,4.85976,-1.86727
4.84057,5.96453,-1.86727
4.75516,7.07988,-2.16077
4.69298,8.20707,-2.27538
4.50514,9.26952,-2.30787
4.49415,10.3554,-2.47165
4.3557,11.4529,-2.49095
4.31538,12.5189,-2.38256
4.42795,13.5307,-2.27895
4.37547,14.4881,-1.95259
4.45197,15.4796,-1.6647
4.79405,16.4168,-1.65607
4.79586,17.1201,-0.941514
5.05239,17.4228,-1.8721
5.09749,18.249,-1.27457
4.92315,18.9771,-0.618686
5.74813,0.224162,-1.41627
5.85941,1.3208,-1.55835
5.77339,2.41805,-1.69467
5.75578,3.50646,-1.7945
5.81668,4.58679,-1.9403
5.77092,5.6642,-1.99617
5.66656,6.68517,-1.9469
5.65858,7.731,-2.08467
5.46045,8.77157,-2.0814
5.44307,9.82485,-2.26986
5.36199,10.9197,-2.28617
5.23115,11.9609,-2.23489
5.29644,12.9976,-2.24083
5.29903,13.9615,-1.85204
5.42773,15.0105,-1.76306
5.72593,15.9656,-1.47483
5.75071,16.787,-0.927857
6.08367,17.5424,-1.5492
6.10673,18.5314,-1.31393
5.93423,19.0337,-0.419593
6.84439,0.0827967,-1.37367
6.83444,1.21925,-1.2951
6.76199,2.22838,-1.53462
6.76698,3.2302,-1.81928
6.79718,4.28412,-1.72409
6.72559,5.386,-1.68834
6.6613,6.45526,-1.84129
6.59038,7.50772,-1.83945
6.5084,8.56092,-1.95438
6.49087,9.63008,-2.00076
6.34441,10.6577,-1.91318
6.2879,11.6576,-2.00289
6.31903,12.6391,-1.97291
6.33552,13.6161,-1.88192
6.40932,14.6194,-1.65668
6.64046,15.5098,-1.30758
6.74053,16.4841,-1.11621
7.10036,17.4457,-1.32886
7.12267,18.42,-1.00535
6.89838,18.8607,-0.111029
7.85867,0.0209632,-1.28802
7.83699,1.13435,-1.17243
7.77658,2.18318,-1.45343
7.80733,3.19529,-1.56641
7.88526,4.22495,-1.63184
7.7423,5.20007,-1.63106
7.66416,6.25364,-1.66849
7.58437,7.39306,-1.76265
7.54807,8.41228,-1.72406
7.52432,9.43792,-1.8226
7.36735,10.4308,-1.67259
7.36103,11.3899,-1.77833
7.39933,12.3679,-1.95869
7.34123,13.3695,-1.86438
7.38774,14.3198,-1.56482
7.63048,15.2764,-1.33085
7.77086,16.2613,-1.168
8.08103,17.2063,-1.42906
8.04611,18.0325,-0.88135
7.88783,18.9519,-0.307953
8.91801,-0.0784692,-1.16603
8.87424,0.988891,-1.17695
8.76591,2.06047,-1.1643
8.74946,3.13837,-1.12575
8.87789,4.13532,-1.4417
8.78543,5.17324,-1.50414
8.65214,6.18132,-1.50763
8.56779,7.27741,-1.48761
8.55569,8.29968,-1.60534
8.54861,9.27663,-1.6073
8.40047,10.2578,-1.55054
8.40591,11.2995,-1.55345
8.51394,12.2562,-1.82842
8.40637,13.2305,-1.71142
8.51384,14.2532,-1.4588
8.7075,15.1979,-1.08567
8.78619,16.161,-0.985589
8.90036,17.174,-0.723386
9.01459,18.1352,-0.582449
8.88634,19.0934,-0.319498
9.91379,-0.174355,-1.07808
9.87126,0.892376,-1.1301
9.74554,1.92163,-1.06562
9.79494,2.99434,-1.27182
9.90188,3.98484,-1.2327
9.76316,4.99967,-1.2193
9.70537,6.10325,-1.31862
9.62027,7.09819,-1.5956
9.60712,8.1335,-1.61569
9.56318,9.11347,-1.35246
9.46096,10.1179,-1.52759
9.52531,11.1712,-1.54736
9.53001,12.1642,-1.72495
9.47527,13.1704,-1.53579
9.52228,14.1693,-1.37371
9.71891,15.0944,-1.01858
9.74887,16.1007,-0.793497
9.97308,17.1256,-0.743678
10.0785,18.1029,-0.525394
9.96772,19.0677,-0.220396
10.9486,-0.101276,-0.859197
10.892,0.95959,-0.835759
10.7833,1.98678,-0.926966
10.7926,3.01765,-1.0447
10.8787,4.04639,-1.19147
10.8163,5.08955,-1.15275
10.7604,6.10738,-1.40807
10.6195,7.19106,-1.59151
10.6643,8.21212,-1.71258
10.5324,9.09763,-1.2997
10.503,10.1172,-1.25578
10.5963,11.1425,-1.32725
10.612,12.1786,-1.62591
10.5118,13.2147,-1.44904
10.6069,14.1846,-1.16186
10.7374,15.1764,-1.01331
10.8142,16.1472,-0.737449
11.0468,17.1175,-0.681231
11.1242,18.1947,-0.680163
10.9709,19.1243,-0.311652
11.9869,0.0750725,-0.80784
11.8932,1.06503,-0.814328
11.7921,2.08573,-0.82888
11.818,3.12031,-0.788141
11.8863,4.08149,-1.14867
11.8421,5.07986,-1.09267
11.7429,6.09851,-1.19354
11.6891,7.0947,-1.21288
11.6608,8.06957,-1.58589
11.5869,9.06876,-1.42485
11.5728,10.0695,-1.30492
11.6541,11.0866,-1.31881
11.6444,12.1067,-1.34447
11.4818,13.1278,-1.18079
11.5825,14.1911,-0.942
11.7703,15.172,-0.750444
11.8596,16.1462,-0.499969
11.9719,17.0992,-0.23654
11.9673,18.1185,-0.0669424
12.0328,19.1218,-0.156191
12.9822,0.0496628,-0.636851
12.8617,1.02333,-0.545964
12.8151,2.00582,-0.732069
12.8684,3.01114,-0.667196
12.8447,3.99093,-0.93166
12.8841,5.023,-1.03776
12.7547,6.05228,-1.10003
12.7163,7.05382,-1.15056
12.6777,8.06511,-1.34247
12.5897,9.06196,-1.20194
12.6489,10.081,-1.32619
12.713,11.0576,-1.32197
12.6388,12.0974,-1.19624
12.4754,13.1053,-1.13546
12.6274,14.1004,-0.8494
12.7962,15.0965,-0.631736
12.8896,16.0315,-0.318665
13.0585,17.0555,-0.280309
13.0254,18.0986,0.00257881
13.0173,19.0764,-0.221595
13.918,-0.127052,-0.352852
13.9162,0.849648,-0.447792
13.8655,1.87862,-0.669604
13.9025,2.91248,-0.700415
13.8283,3.86924,-1.00016
13.8757,4.93743,-1.08304
13.8607,5.94896,-1.1531
13.7569,6.92992,-1.09586
13.6817,8.01892,-1.07789
13.6156,9.02112,-0.957213
13.6986,10.0358,-1.24152
13.7514,11.0173,-1.11883
13.7046,12.1033,-0.939802
13.5977,13.1311,-1.0044
13.6546,14.1093,-0.60268
13.8026,15.1168,-0.566057
13.9357,16.0656,-0.260472
14.04,17.1082,-0.162645
14.029,18.0767,0.0230781
13.9857,19.0916,0.00195013
15.0099,-0.144505,-0.24944
14.9862,0.822199,-0.502335
14.8726,1.88234,-0.413346
14.865,2.91006,-0.59903
14.8202,3.90174,-0.844945
14.874,4.90926,-1.03797
14.8623,5.93856,-0.892547
14.797,6.96581,-1.0299
14.723,8.00167,-1.14919
14.6693,9.07713,-1.05781
14.7326,10.0789,-1.17583
14.8176,11.0958,-1.01433
14.7668,12.1311,-1.07858
14.6794,13.1464,-0.765654
14.7026,14.1842,-0.598202
14.8142,15.1717,-0.459636
14.9432,16.1686,-0.178582
15.0404,17.1751,0.0972045
15.0112,18.1854,0.246318
14.9822,19.1705,0.136854
16.0226,-0.219224,-0.344349
16.0102,0.847981,-0.359014
15.9596,1.89712,-0.405005
15.9285,2.86724,-0.581286
15.8398,3.84411,-0.725077
15.836,4.8804,-0.694821
15.8789,5.91834,-0.966207
15.85,6.95542,-0.939048
15.7749,7.98249,-0.880923
15.7259,8.97512,-0.913941
15.7831,9.97014,-1.08712
15.8503,10.9714,-0.977636
15.7811,11.9682,-0.711969
15.7408,13.0124,-0.856548
15.7683,14.0839,-0.607181
15.9021,15.0965,-0.400098
15.981,16.1253,-0.245518
15.9905,17.1864,-0.195492
16.0526,18.1951,0.0812525
15.9714,19.1831,0.346379
17.0613,-0.119858,-0.393835
17.086,0.890719,-0.480099
17.0051,1.88603,-0.418818
16.9721,2.91412,-0.563945
16.8262,3.91802,-0.633277
16.9329,4.94875,-0.665914
16.868,5.98771,-0.684634
16.8702,7.01439,-0.694977
16.8451,7.9904,-0.909406
16.8368,9.00931,-0.785293
16.8084,10.0075,-0.863866
16.8448,11.0017,-0.648076
16.831,12.0221,-0.566335
16.8059,13.0029,-0.671804
16.8044,14.0142,-0.599921
16.9239,14.9822,-0.319538
17.0084,16.0238,-0.301236
16.9417,17.0238,-0.0687918
17.0554,18.0273,0.0905362
16.9516,19.007,0.269427
18.149,-0.155171,-0.547389
18.0953,0.848173,-0.559047
18.0319,1.83969,-0.347984
17.9884,2.85423,-0.430576
17.8653,3.9324,-0.485424
17.9765,4.91039,-0.652348
17.8965,5.94649,-0.52869
17.8529,6.87245,-0.903143
17.9063,7.94578,-0.834947
17.9015,8.99678,-0.699561
17.8464,10.0718,-0.668737
17.9434,11.0586,-0.570605
17.8593,12.0628,-0.707239
17.7717,13.0772,-0.546059
17.8518,14.0486,-0.29794
17.9286,15.0632,-0.406757
17.9979,16.0677,-0.375344
17.9806,17.0552,-0.133985
18.0456,17.9881,0.0324259
17.9501,18.9229,0.301785
19.1362,0.0311472,-0.585272
19.121,1.01057,-0.381069
19.0141,1.98019,-0.558159
18.9688,2.96395,-0.287762
18.8777,3.94133,-0.245662
18.9764,4.82196,-0.743971
18.9776,5.80588,-0.619587
18.9099,6.78198,-0.813147
18.9388,7.84743,-0.774886
18.9603,8.8883,-0.758855
18.871,9.88805,-0.602033
18.9576,10.9098,-0.671764
18.9394,11.9533,-0.601901
18.8787,12.9945,-0.489062
18.9505,14.0385,-0.45605
18.9549,15.0317,-0.619901
19.0621,16.0523,-0.391638
19.0107,17.0282,-0.262731
19.089,18.0413,-0.0891354
18.9334,18.9686,0.252223
