-0.148326,1.23129,-1.09441
0.0181372,1.39633,-0.0981994
0.011127,2.39907,-0.0487808
-0.0152135,3.42452,-0.0921995
-0.203931,4.38226,-0.25483
-0.0980956,5.35346,-0.530201
-0.130537,6.38162,-0.337178
-0.141496,7.41159,-0.297903
-0.159545,8.39255,-0.461843
-0.216114,9.3703,-0.479299
-0.121555,10.3984,-0.527219
-0.13509,11.3758,-0.223447
-0.303388,12.3246,-0.534596
-0.167812,13.3074,-0.649724
-0.0907437,14.229,-0.999982
-0.0952849,15.2207,-0.829817
-0.142537,16.1777,-0.412168
-0.25551,17.1244,0.0352702
-0.114283,18.0921,0.156697
0.0969085,19.0817,-0.0360546
0.0583819,20.042,-0.359239
-0.194006,20.9925,0.0572283
-0.191241,22.0213,0.324143
-0.10249,23.0435,0.292401
-0.138578,23.9607,-0.190875
-0.16704,24.9619,-0.0197882
-0.0473891,25.9817,0.255061
-0.0105747,26.7608,-0.401248
-0.0707633,27.7673,-0.185434
-0.181274,28.7531,-0.344566
0.845933,1.50508,-0.969552
1.00295,1.75337,-0.0299142
0.998505,2.72244,0.00517594
1.02557,3.7585,0.02219
0.738371,4.7103,-0.278237
0.927467,5.62403,-0.596188
0.894272,6.58842,-0.382745
0.899332,7.60715,-0.43155
0.817515,8.60946,-0.429643
0.827277,9.60114,-0.701303
0.912491,10.633,-0.649599
0.903012,11.5806,-0.208539
0.664772,12.3755,-0.932041
0.864046,13.3442,-0.920896
0.890344,14.311,-1.22073
0.985333,15.2081,-0.728166
0.883529,16.0559,-0.218439
0.740684,17.1084,-0.0793847
0.840236,18.0716,-0.175512
1.10905,18.9588,0.156578
1.09325,19.9532,-0.171447
0.80741,20.9019,-0.0118656
0.809113,21.9319,0.115635
0.91503,22.9402,0.0726218
0.872137,23.9273,-0.293701
0.774007,24.816,0.122187
1.01505,25.8262,0.38634
0.993902,26.7379,-0.0470717
0.935328,27.7089,-0.50437
0.819028,28.6059,-0.118494
1.86605,1.58866,-0.888061
1.99765,2.01772,0.0331217
1.92748,3.03266,0.0522416
2.007,4.07151,0.118598
1.74862,4.8967,-0.333845
1.96905,5.76059,-0.731587
1.88506,6.79682,-0.584527
1.95354,7.79493,-0.370974
1.85752,8.76925,-0.548451
1.8955,9.81797,-0.572341
1.92372,10.8105,-0.698984
1.9708,11.7525,-0.336167
1.73798,12.4232,-1.05913
1.86267,13.4001,-1.10506
1.87793,14.3805,-1.30347
1.94906,15.2445,-0.863808
1.85288,16.2002,-0.603696
1.78395,17.1278,-0.265126
1.88118,18.0905,-0.02266
2.10147,19.0597,0.149022
2.1694,20.0366,-0.107535
1.78752,20.9818,0.131828
1.77632,21.9516,-0.206842
1.91331,22.7963,0.324042
1.79443,23.7775,0.104617
1.78559,24.815,0.0259926
2.03735,25.763,0.311618
2.0174,26.7494,0.041612
1.8941,27.6654,-0.299399
1.83527,28.6551,-0.177465
2.95629,1.74662,-0.754668
2.97675,2.23863,0.100391
2.93096,3.24956,0.22667
3.02943,4.17708,-0.0973266
2.8442,5.15271,-0.196332
2.96501,6.02553,-0.651878
2.86695,7.0287,-0.447105
2.91559,8.03791,-0.41984
2.82965,9.025,-0.399802
2.9248,10.0035,-0.737315
2.93196,10.9795,-0.708676
2.9456,11.9683,-0.402222
2.76936,12.523,-1.20068
2.86658,13.5325,-1.02109
2.89546,14.4058,-1.55068
2.9208,15.3547,-1.09659
2.89239,16.1501,-0.507413
2.81647,17.1821,-0.426121
2.86661,18.1191,-0.193863
3.16904,19.0298,-0.0217597
3.16546,20.0034,-0.2626
2.79453,20.905,0.051146
2.80531,21.876,-0.309876
2.83521,22.8691,-0.0957549
2.81857,23.8512,0.0141392
2.7856,24.8632,-0.196133
3.00561,25.8684,-0.007416
3.00036,26.8586,0.208805
2.92684,27.5721,-0.526218
2.84137,28.4727,-0.129591
3.88121,2.01488,-0.466369
3.91078,2.49725,0.40965
3.89463,3.49441,0.293686
3.98599,4.39655,-0.0601184
3.86077,5.35503,-0.162908
3.92372,6.35088,-0.477126
3.88623,7.33992,-0.549077
3.89618,8.31559,-0.43708
3.83392,9.30923,-0.5893
3.86919,10.2042,-1.03146
3.99283,11.1958,-0.866686
3.87244,12.187,-0.720692
3.74644,12.8584,-1.45416
3.8427,13.8457,-1.23609
3.86791,14.566,-1.95827
3.91461,15.4767,-1.53386
3.85922,15.9836,-0.665154
3.78458,16.9787,-0.720505
3.85008,17.9913,-0.563527
4.20717,18.9176,-0.28113
4.23143,19.9244,-0.278939
3.74142,20.7825,-0.293231
3.80318,21.8222,-0.179974
3.87286,22.7595,0.206674
3.855,23.7461,0.186874
3.81074,24.7453,-0.185296
3.99961,25.6828,0.184841
4.00083,26.7,0.0812159
3.90722,27.5802,-0.410981
3.84027,28.5708,-0.155885
4.88367,2.1712,-0.20484
4.85937,2.81317,0.579769
4.87041,3.786,0.449861
4.98782,4.57553,-0.18666
4.94082,5.58777,-0.29187
4.90557,6.62694,-0.488412
4.89665,7.67373,-0.435755
4.8725,8.65485,-0.571175
4.80899,9.65965,-0.570589
4.84019,10.5331,-0.958782
4.96897,11.5094,-1.11193
4.90247,12.439,-0.772506
4.80222,12.9377,-1.63986
4.84605,13.9053,-1.26761
4.86817,14.6839,-1.93549
4.86455,15.6705,-1.81722
4.84451,15.9472,-0.834693
4.79579,16.9205,-0.67044
4.87547,17.8813,-0.390793
5.1964,18.8244,-0.291073
5.26185,19.8502,-0.413324
4.7563,20.739,-0.398105
4.7638,21.7262,-0.168273
4.92869,22.6316,0.262548
4.86252,23.6347,0.251067
4.84324,24.6384,-0.0256844
5.0413,25.6079,0.0384167
5.06353,26.6238,0.220185
4.88053,27.3305,-0.445897
4.86518,28.3177,-0.0969726
5.91077,2.32209,-0.239946
5.87881,3.0076,0.570183
5.9142,3.94931,0.248497
5.94708,4.79565,-0.338963
5.98185,5.74017,-0.625532
5.94538,6.78772,-0.650127
5.96126,7.76421,-0.327259
5.90291,8.80225,-0.457756
5.87371,9.84687,-0.627995
5.87661,10.6599,-1.20908
5.95644,11.6644,-1.02981
5.94626,12.7054,-0.942686
5.82191,13.0574,-1.8601
5.87151,13.9515,-1.47503
5.78803,14.4976,-2.38699
5.85205,15.3244,-1.77179
5.83403,16.098,-1.12657
5.76468,16.8234,-0.400119
5.88761,17.8361,-0.398556
6.12686,18.7464,0.0991394
6.28042,19.6845,-0.278549
5.77389,20.5553,-0.536323
5.78249,21.447,-0.128855
5.95899,22.388,0.220423
5.96923,23.4022,0.0953795
5.85915,24.4394,-0.0522935
6.04342,25.4636,0.136167
6.13231,26.469,0.263533
5.85928,27.2892,-0.266808
5.90695,28.2505,-0.0306009
6.93328,2.5696,-0.221644
6.85199,3.34044,0.490258
6.90441,4.29488,0.136702
6.87787,5.01876,-0.560494
6.93663,6.03968,-0.552684
6.96492,7.07216,-0.577691
6.94516,8.08267,-0.372542
6.88513,9.07525,-0.484518
6.82119,9.95188,-1.06554
6.86438,10.9597,-1.3638
7.02824,11.9286,-1.23841
6.94611,12.9006,-1.16171
6.82475,13.2927,-2.0669
6.92467,14.1164,-1.52806
6.78745,14.4815,-2.45873
6.81035,15.1056,-1.62306
6.78375,15.8684,-0.881585
6.7351,16.8428,-0.707355
6.88353,17.8734,-0.531782
7.11454,18.7712,-0.205914
7.2332,19.6872,-0.650707
6.82263,20.6029,-0.547679
6.77797,21.506,-0.136518
6.96704,22.4492,0.242448
6.98819,23.4256,-0.0491256
6.89716,24.4717,-0.058269
7.03741,25.4208,0.145988
7.14856,26.4569,0.148213
6.87804,27.4023,-0.0670461
6.90417,28.3607,-0.283609
7.9755,2.91992,-0.246391
7.81972,3.58855,0.581936
7.94846,4.55093,0.300424
7.84923,5.36044,-0.285586
7.9688,6.32333,-0.495523
7.93981,7.33418,-0.317847
7.98674,8.38655,-0.309806
7.87467,9.38036,-0.3875
7.75774,10.1742,-0.966576
7.91192,11.0924,-1.3423
8.01826,12.098,-1.39211
7.94756,13.0904,-1.43601
7.8192,13.6302,-2.32245
7.92724,14.3771,-1.59376
7.82686,14.4656,-2.61248
7.7837,15.0717,-1.82486
7.78534,15.7338,-1.07361
7.73246,16.7557,-0.910691
7.87857,17.8016,-0.780847
8.11955,18.7546,-0.525913
8.22852,19.7422,-0.495614
7.79519,20.677,-0.590435
7.77014,21.4844,-0.0158605
7.91003,22.4555,-0.189279
7.97025,23.4121,0.168786
7.91329,24.4178,-0.031663
8.07967,25.3983,0.195294
8.18008,26.2954,-0.155571
7.77579,27.1323,0.322254
7.88633,27.9518,-0.332688
9.02807,2.8072,-0.0251747
8.85372,3.71127,0.40015
8.94837,4.69521,0.225651
8.83396,5.49343,-0.399698
9.01931,6.47068,-0.326176
8.96572,7.51722,-0.329969
9.02639,8.56702,-0.403217
8.90756,9.58658,-0.444765
8.71707,10.5942,-0.772152
8.87646,11.4631,-1.31277
8.95855,12.4757,-1.24367
8.86906,13.4815,-1.43287
8.8267,13.4966,-2.43887
8.96095,14.3024,-1.82248
8.87805,14.5305,-2.75865
8.79142,15.0738,-1.86714
8.75882,15.902,-1.30871
8.80484,16.8408,-0.918506
8.882,17.8304,-0.874001
9.12319,18.7205,-0.47972
9.24615,19.7305,-0.514331
8.77022,20.6369,-0.43513
8.79629,21.5742,-0.115516
8.94042,22.5518,-0.197128
9.00125,23.5008,0.0631153
8.88352,24.3761,-0.368688
9.06939,25.336,-0.0627155
9.25752,26.3402,-0.00213019
8.77119,27.2434,0.109058
8.91107,28.2196,-0.261724
10.0514,2.81744,0.262951
9.92116,3.84763,0.243919
9.89061,4.84299,0.0799615
9.86075,5.68823,-0.502545
9.99137,6.69977,-0.345793
9.98308,7.69661,-0.354225
10.0821,8.68564,-0.326203
9.93028,9.74451,-0.517441
9.76733,10.6372,-0.947233
9.90732,11.5978,-1.23446
9.96958,12.6249,-1.12054
9.89182,13.5612,-1.57134
9.84736,13.6623,-2.60665
9.96685,14.3254,-1.85845
9.91427,14.6602,-2.77515
9.84451,15.0151,-1.82506
9.76156,15.9839,-1.55975
9.82102,16.9541,-1.25678
9.92272,17.8808,-0.871218
10.1882,18.8175,-0.625904
10.2073,19.8229,-0.824622
9.8609,20.6192,-0.273476
9.80033,21.5866,0.112128
9.96498,22.5898,0.0226753
9.99655,23.6014,0.137034
9.90226,24.4149,-0.435694
10.0813,25.3611,-0.170507
10.2745,26.2828,0.109845
9.81376,27.1886,-0.0251289
9.91724,28.1282,-0.27712
11.0886,2.84361,0.331483
10.9024,3.79783,0.19035
10.953,4.84505,0.159261
10.9282,5.69897,-0.422553
11.0183,6.73144,-0.493368
10.9903,7.72346,-0.312778
11.1417,8.75605,-0.370498
10.9545,9.68236,-0.772515
10.8706,10.6504,-0.999631
10.9048,11.6552,-1.31772
10.9548,12.6908,-1.18249
10.8821,13.4969,-1.88575
10.8495,14.0223,-2.74772
11.0296,14.3181,-1.80501
10.9525,14.6795,-2.70324
10.8684,15.1989,-1.8694
10.8007,16.2009,-1.70536
10.8172,17.0452,-1.20473
10.8935,17.8003,-0.51341
11.2501,18.7353,-0.63744
11.2005,19.7417,-0.670272
10.9092,20.662,-0.254335
10.8273,21.5265,0.315146
11.0138,22.5419,0.224317
10.9421,23.5496,0.52082
10.8977,24.1541,-0.305676
11.0673,25.1101,-0.254793
11.2713,26.0732,-0.0919401
10.7769,26.959,0.081341
10.9633,27.9034,-0.238768
12.076,2.9159,0.09729
11.931,3.91996,0.313855
11.9708,4.9052,0.079281
11.9881,5.80711,-0.36834
12.0235,6.81915,-0.480837
11.9877,7.79109,-0.280911
12.1104,8.69606,-0.683197
11.9772,9.66185,-0.988568
11.8887,10.6666,-1.01432
11.8931,11.6508,-1.19301
12.0109,12.7351,-1.36663
11.9507,13.5523,-1.9288
11.9314,14.0981,-2.80602
12.0715,14.4099,-1.85136
11.9593,14.6512,-2.78712
11.9148,15.228,-1.92241
11.8288,16.1802,-1.68704
11.8632,17.0306,-1.05948
11.9138,17.9388,-0.671584
12.2008,18.8799,-0.966967
12.2132,19.8951,-0.722987
11.9463,20.6261,-0.100632
11.844,21.5745,0.329362
11.9975,22.4751,-0.109717
11.9611,23.5062,0.101157
11.8657,24.396,-0.430534
12.0221,25.2916,-0.00911283
12.2943,26.2751,-0.0536271
11.756,27.0781,-0.215003
11.9709,27.9993,-0.48695
13.0133,3.07891,0.485424
12.9202,4.06093,0.329362
13.0054,5.02531,0.0188665
13.0339,5.97796,-0.354268
13.09,6.95706,-0.464
12.9532,7.85575,-0.746141
13.1345,8.83588,-0.61402
13.0178,9.80452,-1.00099
12.8804,10.7972,-0.843855
12.9611,11.77,-1.19897
13.0532,12.6865,-1.50371
12.9678,13.5518,-2.05346
12.9736,14.0893,-2.8817
13.0978,14.4711,-1.98042
12.9582,14.8639,-2.88484
12.9364,15.2805,-1.9821
12.8198,16.3057,-1.97592
12.8547,16.8893,-1.10729
12.8793,17.9347,-0.881494
13.1984,18.8948,-0.820615
13.2335,19.8878,-0.528513
12.9427,20.6913,0.00934782
12.8778,21.6212,0.454747
12.9853,22.428,-0.0861324
12.9794,23.4748,-0.0801996
12.9029,24.4119,-0.510077
13.0517,25.2818,-0.00634175
13.3334,26.2355,-0.0455123
12.7587,26.9524,-0.440007
12.9271,27.9129,-0.254509
14.0229,3.34414,0.662755
13.9539,4.31692,0.4433
14.0319,5.09279,-0.207382
14.0523,6.04967,-0.448021
14.1316,7.03482,-0.439244
13.9218,8.02444,-0.507141
14.1139,9.02365,-0.395059
14.1028,9.8079,-1.03272
13.9233,10.8416,-0.893381
14.04,11.8457,-1.11711
14.0848,12.7975,-1.50835
14.0049,13.7195,-1.95904
13.9779,14.1425,-2.87267
14.1013,14.6146,-1.99938
14.0166,14.8928,-3.00883
13.9382,15.4134,-2.09067
13.8155,16.3765,-1.82444
13.8701,17.1367,-1.22096
13.8943,18.1096,-0.774322
14.1827,19.012,-1.0438
14.2271,19.7353,-0.377175
13.9607,20.6595,-0.012122
13.8362,21.6697,0.184021
14.0138,22.5953,-0.248064
14.0494,23.6078,-0.0574694
13.952,24.5614,-0.471563
14.03,25.4967,-0.0640736
14.337,26.4068,-0.251051
13.7685,27.1312,-0.604038
13.9807,28.1047,-0.375716
15.0563,3.23895,0.458638
14.9705,4.22142,0.28413
15.065,5.19909,-0.0288522
15.0658,6.12482,-0.442875
15.132,7.03704,-0.791913
14.9751,8.01467,-0.730796
15.1282,8.99938,-0.576696
15.1035,9.95576,-0.831108
14.939,10.9305,-1.15483
15.0702,11.9187,-1.15893
15.1428,12.9357,-1.39086
15.0512,13.845,-1.75319
15.031,14.0497,-2.80992
15.192,14.6424,-2.02253
15.0761,15.0072,-2.94564
14.9778,15.4381,-2.00371
14.8407,16.4292,-1.85689
14.8981,17.3232,-1.41708
14.9532,18.1103,-0.809769
15.1771,19.0901,-0.947954
15.2129,19.7554,-0.180663
14.9602,20.6488,0.182153
14.8494,21.6355,0.000915555
15.0813,22.5387,-0.374108
15.079,23.5224,-0.148366
14.929,24.4743,-0.492624
15.0301,25.3106,0.0934172
15.314,26.275,-0.208423
14.7928,27.0878,-0.491617
14.9362,27.9536,-0.0433241
16.1062,3.29013,0.402234
16.0505,4.24457,0.0973205
16.127,5.21831,-0.143931
16.0836,6.20555,-0.152364
16.0976,7.17794,-0.556987
16.0124,8.14043,-0.657503
16.0897,9.16526,-0.543486
16.1283,10.0588,-0.883081
16.0001,10.9895,-1.15998
16.1292,11.9978,-1.15604
16.1405,12.9048,-1.59376
16.0286,13.8289,-1.97275
16.0416,13.8996,-2.94475
16.1839,14.6576,-2.24631
16.0653,15.1365,-3.13807
15.9958,15.5339,-2.15323
15.8318,16.5286,-2.05186
15.9215,17.3744,-1.55463
16.0305,17.951,-0.754918
16.14,18.9035,-0.569497
16.1887,19.868,-0.312098
15.9487,20.746,0.190222
15.8394,21.7221,0.319074
16.1572,22.5658,-0.314856
16.1328,23.5414,-0.0326762
15.9087,24.4329,-0.41756
16.0055,25.3781,-0.163662
16.3194,26.2259,-0.473544
15.7944,27.0629,-0.264711
15.985,28.0656,-0.078283
17.1231,3.25434,0.42927
17.0489,4.22454,0.218207
17.2317,5.17445,0.00689718
17.1031,6.09246,-0.369356
17.123,7.13366,-0.446171
17.0707,8.1151,-0.646385
17.1056,9.13415,-0.610553
17.1677,10.0617,-1.05207
17.0556,10.9811,-1.41607
17.161,12.0322,-1.34566
17.1423,13.0144,-1.60002
17.064,14.0123,-1.94338
17.0603,14.0019,-2.96474
17.192,14.8252,-2.3866
17.0875,15.4008,-3.2025
16.9814,15.6929,-2.28324
16.8301,16.6987,-2.13444
16.9223,17.2654,-1.31095
17.0639,18.1683,-0.857994
17.0961,19.0012,-0.186459
17.1854,20.0113,-0.319575
16.9421,21.0221,-0.118351
16.8928,21.7895,0.523884
17.22,22.4366,-0.161779
17.1603,23.4405,-0.230308
16.9198,24.4101,-0.248744
17.0509,25.4164,-0.146675
17.2489,26.3975,-0.133433
16.7458,27.212,0.117924
17.0176,28.1156,-0.217078
18.1738,3.05279,0.291571
18.0581,4.0675,0.307465
18.2965,5.06234,0.142164
18.1781,5.99144,-0.23401
18.2,6.9852,-0.516199
18.1078,7.97623,-0.530448
18.1174,8.97187,-0.642103
18.1774,9.98203,-0.72566
18.0533,10.9754,-1.01568
18.1976,12.0189,-1.25082
18.2249,12.9616,-1.63237
18.138,13.9542,-1.98102
18.1191,14.0294,-2.96197
18.2655,14.8156,-2.30806
18.1081,15.3779,-3.10686
18.0251,15.5875,-2.12228
17.7815,16.5377,-1.87093
18.0105,17.3078,-1.29399
18.0628,18.0893,-0.668203
18.1178,18.9734,-0.178246
18.2432,19.9458,-0.482623
17.973,20.8712,-0.169478
17.9326,21.7129,0.383065
18.2568,22.537,-0.0415571
18.1885,23.5129,0.0332591
17.9476,24.3959,-0.375735
18.0678,25.3502,-0.09953
18.2752,26.3308,-0.0404889
17.8605,27.2579,0.300433
18.0317,28.0508,-0.263823
19.1645,3.02522,0.407285
19.1141,4.02115,0.379189
19.3055,5.04133,0.254573
19.174,6.00717,0.02537
19.2308,6.93399,-0.339171
19.1262,7.82152,-0.779458
19.1819,8.84365,-0.603619
19.2044,9.80208,-0.862526
19.0914,10.8027,-1.09318
19.1785,11.8536,-1.35673
19.2589,12.8303,-1.60661
19.1553,13.8125,-1.72503
19.158,13.9213,-2.77087
19.2588,14.6561,-2.10454
19.0866,15.1579,-2.91618
19.0112,15.5029,-1.99955
18.818,16.469,-1.8359
19.0712,17.3011,-1.36154
19.1367,18.1526,-0.792117
19.1275,18.8568,-0.0740745
19.2324,19.8685,-0.123814
18.9426,20.7582,0.205643
18.9508,21.7487,0.338755
19.2304,22.7095,0.14734
19.2375,23.6808,0.166762
18.8797,24.5386,-0.120808
19.1013,25.5027,-0.0207984
19.222,26.4226,0.411463
18.7697,27.1855,-0.0760613
19.1079,28.1111,-0.4682
20.2133,2.79147,0.407327
20.1061,3.78021,0.625852
20.2326,4.81857,0.575121
20.1584,5.66658,0.0765282
20.1873,6.56665,-0.353389
20.103,7.52709,-0.515641
20.1954,8.50231,-0.592019
20.2134,9.52838,-0.730744
20.1176,10.5086,-0.966768
20.142,11.5356,-1.21093
20.2513,12.4867,-1.58904
20.0604,13.479,-1.58629
20.1388,13.6512,-2.57809
20.1997,14.3537,-1.87844
20.0764,14.8651,-2.72638
20.0759,15.3615,-1.86672
19.8566,16.4067,-1.70122
20.0661,17.2815,-1.28229
20.1132,18.2075,-0.925779
20.1256,18.9966,-0.270336
20.2138,19.9224,0.0980407
19.9455,20.888,0.104843
19.9088,21.9018,0.12765
20.0674,22.7807,0.662642
20.2729,23.565,0.104465
19.8948,24.4756,0.0757683
20.1421,25.4135,0.109192
20.2069,26.4305,0.147856
19.7955,27.3742,0.0740837
20.1417,28.2732,-0.24217
21.2331,2.6323,0.233805
21.0845,3.5207,0.703558
21.1918,4.44501,0.373058
21.1596,5.45668,0.278539
21.2507,6.33819,-0.299863
21.1259,7.23413,-0.69783
21.208,8.23276,-0.504144
21.2147,9.26921,-0.563634
21.187,10.1723,-0.960887
21.1194,11.1799,-0.867327
21.1598,12.1131,-1.24693
21.0001,13.1515,-1.4458
21.1254,13.7066,-2.28691
21.1039,14.2952,-1.42476
20.9764,14.6246,-2.361
21.081,15.4425,-1.784
20.8119,16.32,-1.3322
21.0665,17.2907,-1.06413
21.0877,18.3083,-0.909769
21.1052,19.2155,-0.462496
21.2318,20.1238,-0.0872585
20.9464,20.9495,0.353111
20.9859,21.8877,-0.0105411
21.0881,22.7512,0.498682
21.188,23.7542,0.465624
20.9252,24.5658,-0.0589038
21.1212,25.5489,0.219355
21.2423,26.5829,0.0959075
20.8209,27.4672,0.284866
21.1582,28.2372,-0.258785
22.219,2.34636,0.379064
22.1014,3.27265,0.756185
22.19,4.17871,0.253307
22.1419,5.16848,0.17264
22.2681,6.10544,-0.16238
22.1769,7.05581,-0.486276
22.2121,8.01588,-0.21879
22.2484,9.02503,-0.436341
22.1883,9.99825,-0.790744
22.1495,11.0124,-0.90144
22.1833,11.966,-1.11091
22.0392,12.9078,-1.4032
22.1161,13.6022,-2.1221
22.1049,14.0652,-1.20169
21.9542,14.6412,-2.00606
22.0526,15.5794,-1.67974
21.8415,16.4776,-1.30638
22.0893,17.3622,-0.892447
22.1232,18.3748,-0.845143
22.061,19.4381,-0.660802
22.1917,19.937,0.226408
21.9562,20.8968,0.189053
21.9811,21.8826,0.219218
22.0822,22.8648,0.240016
22.2197,23.8718,0.501718
21.935,24.7937,0.18721
22.0679,25.7333,0.580804
22.2931,26.599,0.163155
21.8974,27.5059,0.190155
22.2138,28.3726,-0.223508
23.0677,2.19821,0.894571
22.9648,2.99268,0.329066
23.1085,3.90745,0.0260842
23.1268,4.88189,0.162633
23.233,5.71696,-0.39523
23.2086,6.73592,-0.309778
23.1634,7.73868,-0.401859
23.192,8.77109,-0.309357
23.2174,9.64499,-0.816971
23.1513,10.6575,-0.596774
23.1845,11.6104,-1.01549
23.0412,12.5729,-1.35545
23.1063,13.4953,-1.82465
23.0682,14.0629,-0.939366
22.9619,14.5071,-1.83137
23.0549,15.4896,-1.49564
22.881,16.4544,-1.33839
23.0701,17.3672,-0.981808
23.0703,18.3122,-0.531782
23.0708,19.3059,-0.77593
23.1588,20.0553,-0.0339518
22.9757,20.972,0.344319
22.9963,21.9867,0.0912961
23.0678,23.0015,0.217811
23.2093,23.8354,0.726981
22.9758,24.7116,0.302753
23.0705,25.6516,0.662151
23.2929,26.5663,0.2996
22.9181,27.4686,0.232459
23.2462,28.2857,-0.288971
24.0253,2.25304,1.15109
23.9405,2.69348,0.2301
24.1858,3.68223,0.0368206
24.1398,4.67599,0.150786
24.273,5.53881,-0.407315
24.2216,6.57698,-0.301962
24.216,7.63266,-0.285745
24.21,8.62485,-0.215592
24.2605,9.43506,-0.835752
24.1389,10.4081,-0.529752
24.2108,11.2626,-1.06061
24.0343,12.255,-1.20531
24.0835,13.17,-1.58574
24.0897,13.8545,-0.856926
23.9564,14.5309,-1.6452
23.9853,15.3767,-1.08777
23.9049,16.3438,-1.27498
24.0586,17.3421,-1.22811
24.04,18.2763,-0.956261
24.0432,19.1799,-0.524659
24.1468,20.1084,-0.175161
23.9875,21.0448,0.148842
24.0147,22.0777,0.136711
24.0431,23.0872,0.01301
24.2486,23.7399,0.742445
24.0093,24.652,0.342631
24.1046,25.6173,0.612998
24.2693,26.6235,0.626359
23.9257,27.4877,0.183538
24.3034,28.3687,-0.130976
24.9927,2.33166,1.38896
24.9642,2.52661,0.382864
25.086,3.37889,-0.202005
25.1431,4.36889,0.12613
25.1458,5.34667,0.0327433
25.156,6.36935,0.0553056
25.2191,7.2398,-0.48489
25.1623,8.24338,-0.439454
25.2446,9.24777,-0.641523
25.178,10.206,-0.393979
25.1851,11.0731,-0.886041
25.0065,11.9827,-1.27471
25.0418,13.006,-1.30231
25.0913,13.7378,-0.636091
24.9612,14.4623,-1.3794
25.0326,15.3297,-0.796921
24.9409,16.3292,-0.945225
25.1236,17.3125,-1.14949
25.0513,18.2891,-0.992853
25.0456,19.0492,-0.317716
25.209,20.0393,-0.0571795
24.9951,20.9806,0.268618
25.0642,21.9967,0.194555
25.0299,23.0006,0.0743034
25.2588,23.8496,0.596942
25.0167,24.8399,0.361586
25.111,25.7823,0.480844
25.2497,26.7213,0.24825
24.9482,27.6626,0.282852
25.2803,28.4588,-0.249147
26.0344,2.29757,1.20755
25.9695,2.28414,0.219443
26.0666,3.08663,-0.402564
26.1142,4.00129,-0.0626209
26.1199,5.01243,0.0754418
26.0579,5.9929,-0.140291
26.2054,6.95398,-0.428825
26.1553,7.95871,-0.560076
26.2037,8.97799,-0.442952
26.2412,9.96877,-0.460961
26.1806,10.8302,-0.931629
25.999,11.8018,-1.10544
26.0745,12.8161,-1.01188
26.1283,13.6475,-0.482727
25.9305,14.4234,-1.08766
26.0252,15.3492,-0.765117
25.9335,16.3282,-0.883261
26.1061,17.3111,-0.923273
26.0803,18.3026,-1.13922
26.1031,18.9929,-0.389773
26.1962,19.9845,-0.21829
25.9772,21.0162,-0.0656056
26.0535,21.9572,0.233665
26.0096,22.9047,-0.032783
26.262,23.8085,0.391922
26.0076,24.8562,0.478976
26.081,25.8029,0.803613
26.2819,26.6187,0.277187
25.9741,27.5949,0.1365
26.2715,28.6071,0.0371776
26.9722,1.94428,1.16491
26.9591,2.0622,0.16397
27.0678,2.8419,-0.398437
27.1164,3.80251,-0.144362
27.1472,4.77165,-0.00158086
27.0653,5.73663,0.0842921
27.1499,6.6485,-0.28529
27.1292,7.69188,-0.225398
27.1757,8.67009,-0.146385
27.24,9.68886,-0.264235
27.0988,10.6065,-0.651762
26.9959,11.5999,-0.916724
27.1183,12.5779,-0.983361
27.1786,13.446,-0.497784
27.0302,14.3904,-0.917441
27.0357,15.2872,-0.477239
26.9285,16.2646,-0.718061
27.0719,17.243,-0.706519
27.1241,18.1764,-0.981515
27.0849,19.0527,-0.476418
27.2514,19.9905,-0.172155
27.0243,20.9822,-0.174334
27.0908,21.9255,0.268593
27.0481,22.8918,-0.0859004
27.2309,23.8743,0.0969115
27.0207,24.8894,0.218857
27.1314,25.8385,0.616114
27.3016,26.6929,0.0817072
27.018,27.6721,0.109513
27.2438,28.691,0.0814661
27.9677,1.63507,1.15703
27.8987,1.66782,0.101044
28.062,2.59919,-0.21681
28.1499,3.61439,-0.218781
28.1179,4.51386,0.28695
28.0892,5.47805,0.0378979
28.1414,6.48782,-0.20426
28.0492,7.41812,0.181384
28.1326,8.34681,-0.179742
28.1952,9.38063,-0.197073
28.1839,10.394,-0.391058
27.9944,11.339,-0.643538
28.138,12.3377,-0.725123
28.2021,13.3127,-0.741963
28.0281,14.3116,-0.748347
28.1082,15.2917,-0.538664
27.9221,16.2854,-0.451299
27.9717,17.2231,-0.217133
28.0931,18.0877,-0.767272
28.1108,19.0257,-0.408155
28.3227,20.0007,-0.23654
28.0098,20.9469,-0.0100925
28.1056,21.9656,0.158931
28.0952,22.9543,0.0417768
28.2216,23.9041,0.325742
28.0781,24.9197,0.127692
27.9896,25.885,0.129875
28.2732,26.844,0.0545
28.0363,27.8502,0.0751244
28.2293,28.7962,-0.136784
29.0312,1.55308,1.21399
28.9114,1.623,0.192535
29.1213,2.45944,-0.345189
29.1137,3.44978,-0.110291
29.1432,4.25843,0.441368
29.1462,5.25017,0.185653
29.1442,6.28414,0.0760887
29.0308,7.25251,-0.119504
29.0919,8.22472,-0.349129
29.2188,9.16707,0.000442518
29.1102,10.1294,-0.244301
28.9525,11.1375,-0.36654
29.14,12.106,-0.585885
29.1345,13.1472,-0.459291
29.0198,14.1783,-0.637001
29.1099,15.1918,-0.637703
28.9977,16.152,-0.280151
29.0039,17.1735,-0.20603
29.1133,18.1232,-0.685012
29.1483,19.0304,-0.229945
29.3422,20.0142,-0.346477
29.0026,20.872,0.10856
29.1382,21.8473,0.16466
29.1395,22.843,8.85037e-05
29.1313,23.8139,-0.132725
29.0473,24.8073,-0.0890713
29.0293,25.8474,-0.0617847
29.1963,26.8179,-0.290808
29.0908,27.7804,0.0130009
29.2239,28.7792,-0.0281289
