0.00492264,-0.0584338,0.298492
1.0236,-0.0116855,0.193374
1.99413,-0.00944243,-0.201416
2.97636,0.0125278,-0.158278
3.99531,-0.0160833,-0.215833
5.04718,0.00215461,-0.298825
6.00235,0.00936003,0.0440168
6.9816,0.00037843,0.139836
7.9912,0.0349071,-0.0423048
9.01316,0.0453108,0.00953093
9.99623,0.0151677,0.156682
10.9734,-0.00215461,0.291165
12.0055,0.00178838,0.136662
13.0391,0.0202277,0.211921
14.0615,0.00934782,0.0978027
15.0236,-0.0486709,0.304929
15.9957,-0.0291269,0.130418
16.9942,-0.00880764,-0.0949431
18.0147,0.025193,0.0594592
18.9974,-0.0381115,0.358464
0.00448927,0.945729,0.0198157
1.02202,0.999774,0.268581
2.04515,0.989938,0.039378
3.07528,0.943153,0.123127
4.05992,1.01728,-0.185788
5.04514,1.05233,-0.181555
6.03488,1.0158,0.112424
7.07374,0.987024,0.156633
8.06349,1.02083,0.00488601
9.05171,1.02552,0.18204
10.0962,1.00173,0.0933134
11.0773,1.03081,0.314866
12.0466,0.986975,0.182629
13.0067,0.989444,0.553072
14.0363,1.04067,0.183117
15.0617,0.964177,0.144292
16.0348,1.06248,0.200174
16.9747,0.988742,-0.108893
17.9534,1.04696,-0.0429151
18.9572,0.953008,0.136778
0.00160222,1.93089,-0.178713
0.975826,1.90842,-0.204245
1.91958,1.98367,0.0356334
2.98739,1.93408,-0.070098
4.03862,2.01159,-0.0873104
5.04156,2.07034,-0.116492
6.08757,1.98923,-0.0495224
7.10202,2.0075,0.0043733
8.11567,2.08526,0.0468093
9.02663,2.06602,0.397415
9.99338,1.99643,0.0897488
10.9778,2.04378,0.274499
11.9665,2.04263,0.345442
13.0028,2.03406,0.461122
14.0361,2.02759,0.447859
15.0875,1.92331,0.42035
16.0319,2.08365,0.114972
17.0928,1.98491,0.0128147
18.1199,1.96014,0.323383
19.0086,1.95912,-0.118018
0.0313974,2.9904,-0.0647298
1.02835,2.9341,0.00417493
2.04005,2.9892,0.0597003
3.08668,2.93789,-0.0711997
4.12043,2.99351,-0.147942
5.07788,3.06417,-0.436024
6.05544,2.94268,-0.328596
7.00995,3.05527,-0.034434
8.01538,3.10747,0.137571
8.97827,3.12937,0.343767
10.0192,3.04886,0.151466
11.0868,3.08195,0.301236
12.082,3.09225,0.388491
13.053,3.06941,0.522626
14.0286,3.01117,0.147417
15.0739,2.94328,0.381121
16.0324,3.05978,0.339357
16.9465,2.95301,-0.140657
17.9777,2.91922,0.0274087
19.0001,2.95134,-0.171566
-0.0307627,4.05603,-0.179113
0.915641,4.01114,0.0844142
1.90993,3.9965,-0.0684164
2.89118,3.96,-0.101379
3.90061,3.98754,-0.131504
4.87324,4.03113,-0.266265
5.94742,3.96206,-0.192859
6.99406,4.03552,-0.0673299
8.04741,4.10846,-0.177697
9.04523,4.08698,0.0546648
10.0206,4.13606,0.322013
11.0663,4.09928,0.354582
12.0951,4.05428,0.280023
13.1106,4.07024,0.135942
14.0592,4.00146,-0.242506
15.0115,3.91387,0.0991638
15.9642,4.05271,0.297104
16.9434,3.94559,-0.0404798
17.9932,3.9286,0.188556
19.0072,3.94034,-0.0515091
0.0247475,5.04339,-0.0236183
1.01634,5.05368,0.0753655
2.00572,4.99324,0.0795434
2.9884,4.94652,0.00337535
4.03006,5.00277,-0.015891
5.00696,4.9844,-0.0200018
6.00231,4.93731,-0.0466201
6.96164,5.02734,-0.166478
8.01084,5.15864,0.0472549
9.04132,5.12469,0.0103061
10.089,5.11453,0.217054
11.0979,5.10988,0.321299
12.0726,5.0432,0.112421
13.084,5.01435,-0.155098
14.051,5.00456,-0.446776
14.8454,4.89709,0.176473
15.8675,5.03953,0.0784478
16.898,5.00485,-0.0789209
17.9515,4.86071,-0.148558
18.9312,4.91035,0.0501755
0.00390027,6.04515,-0.0523392
1.01545,6.0766,0.159911
2.03309,5.99064,-0.190646
3.0359,5.97557,0.0176
4.05047,6.01825,0.187741
4.99752,5.97953,-0.071218
5.99959,5.92726,-0.220328
6.97739,6.09367,-0.0650746
7.98064,6.11694,0.0410321
9.04065,6.21925,0.0806269
10.0281,6.1334,0.242561
11.0297,6.0973,0.114502
12.0018,6.04368,0.0910245
12.9575,6.00573,-0.276464
13.9224,5.95336,-0.0692984
15.0117,5.79185,-0.235386
15.9405,6.08422,-0.0151311
17.0113,6.05771,-0.177548
18.0394,5.94543,-0.0359752
19.0255,5.91328,0.21677
0.00665609,7.00445,-0.35699
1.0727,7.03867,-0.300378
2.06043,6.97842,-0.246156
3.05709,7.01456,-0.0190741
4.07854,7.01247,0.00656453
5.0934,7.00992,-0.0211371
6.0461,6.94903,-0.210291
7.07198,7.05084,-0.19548
8.04299,7.1433,-0.324934
8.99763,7.18596,-0.119263
9.95643,7.16485,0.219349
10.9629,7.08058,0.111362
12.0611,7.0524,0.0493271
13.074,7.0272,-0.168825
14.0484,6.88504,0.224519
14.9966,6.81445,-0.167528
15.93,7.08052,0.118921
16.9367,7.09585,-0.11251
17.9439,6.91785,-0.0694174
18.9862,6.86626,-0.015305
0.0369884,7.94672,0.00305185
1.05173,8.04389,-0.142595
2.11205,7.98362,-0.216309
3.13453,8.01659,0.0148839
4.15328,8.02176,-0.0197119
5.09162,7.93611,-0.332463
6.1314,7.98282,-0.387539
7.15913,8.0192,-0.201798
8.14697,8.14663,-0.339113
9.21471,8.19221,-0.204059
10.1361,8.1816,0.0654012
11.1788,8.07735,0.105048
12.2001,8.0624,0.0610858
13.1627,8.04463,-0.303333
14.1667,7.93675,0.0270333
15.0547,7.83638,-0.373342
16.0013,8.07056,-0.125108
16.9857,8.09134,-0.136152
18.0062,7.95852,-0.114353
19.0039,7.85065,-0.148204
0.0122105,9.00643,0.0852168
1.03074,9.08299,-0.137571
2.03785,8.95961,-0.0526933
3.05556,9.01617,-0.1721
4.11015,9.00074,-0.25453
5.11522,8.90341,-0.555544
6.14361,8.99851,-0.532322
7.16059,9.01743,-0.356594
8.19553,9.1878,-0.132933
9.19529,9.20416,-0.314035
10.1911,9.1633,-0.195935
11.2039,9.06292,-0.223664
12.2,9.06482,-0.0409925
13.1997,9.07145,-0.183676
14.2018,8.92693,-0.237562
15.1584,8.88674,-0.249705
16.1559,9.04275,-0.0688314
17.0131,9.03123,-0.565392
17.9842,9.03219,-0.289312
19.0049,8.84442,-0.105573
0.0265419,10.038,0.0328776
1.08261,10.0612,0.0679189
2.14375,10.0019,0.0154881
3.15911,9.98622,-0.087933
4.08996,9.98827,-0.37929
5.11143,9.86552,-0.345701
6.0961,9.97924,-0.14731
7.1109,10.0898,-0.239058
8.05442,10.1374,0.109583
9.04065,10.0804,0.140233
10.0984,10.1376,-0.0538926
11.1102,10.0576,-0.300305
12.0899,10.0795,-0.048912
13.1289,10.0863,-0.0658101
14.0956,9.93011,-0.342814
15.0891,9.89035,-0.334074
16.1031,10.0306,-0.299335
17.0582,10.0724,-0.635044
18.0362,10.0822,-0.448756
19.0055,9.85157,-0.0861141
0.0503769,11.0814,0.0310648
1.1161,11.0597,0.173812
2.14648,11.026,0.157149
3.11843,11.0135,-0.170418
4.1319,11.0505,-0.300452
5.10963,10.9046,-0.424766
6.09402,11.0415,-0.325953
7.05304,11.0994,0.0634419
8.09861,11.1287,0.0838435
9.15937,11.1341,0.0595813
10.1622,11.1699,0.0942289
11.1356,11.0662,-0.152614
12.155,11.1187,-0.202973
13.1715,11.1103,-0.00343333
13.9734,10.9219,-0.609137
14.9834,10.8668,-0.659215
15.989,10.946,-0.704733
16.9987,11.0562,-0.683316
17.9535,11.0449,-0.255727
18.9972,10.8686,-0.0192175
-0.00165105,12.0091,-0.339473
0.996551,12.0681,0.0865505
1.98112,12.0021,-0.00542619
3.00499,12.051,-0.17026
4.0369,12.0773,-0.380187
5.03274,11.9027,-0.540095
5.99416,12.0646,-0.185528
7.02901,12.1175,-0.201004
7.98876,12.1159,0.0770165
9.03351,12.1269,0.147554
10.0401,12.143,0.160878
11.0249,12.061,-0.0730949
12.0321,12.1137,0.0995972
12.9497,12.0267,-0.345262
13.9217,11.925,-0.510172
14.8921,11.8425,-0.270757
15.8908,11.9694,-0.545668
16.9394,12.0625,-0.54922
17.8914,12.0733,-0.204868
18.9406,11.9129,-0.0485
0.0177648,13.0882,-0.22617
1.00255,13.0622,-0.0579058
1.99439,13.0704,0.0552324
3.01599,13.0449,-0.109693
4.0264,13.0491,-0.074514
4.99416,12.8762,-0.276464
5.96296,13.0369,-0.483236
6.982,13.0459,-0.490091
8.01803,13.0365,-0.414368
8.97663,13.0896,-0.22895
9.91921,13.1437,0.131303
10.8481,13.0503,-0.236039
11.871,12.955,-0.383392
12.9294,13.0485,-0.270815
13.9313,12.9319,-0.34745
14.9801,12.8112,-0.493704
15.8976,12.9026,-0.208875
16.9119,12.9687,-0.122681
17.983,13.0978,-0.0511917
18.9879,12.926,-0.122587
0.0202643,14.0266,0.134971
0.942564,14.0361,-0.19754
1.94534,13.9732,-0.389221
2.97609,14.0227,-0.325623
4.00735,14.0124,-0.459899
5.03228,13.9248,-0.313617
5.89869,14.0125,-0.780554
6.89622,14.0945,-0.624204
7.92829,14.0829,-0.415003
8.96879,14.0463,-0.29685
9.9998,14.0707,-0.262786
11.007,14.0488,-0.280535
12.0208,13.9394,-0.324552
12.9931,14.1196,-0.345259
14.0011,13.9214,-0.416517
14.9843,13.847,-0.599316
16.0242,13.868,-0.391058
17.0192,13.9569,-0.192499
18.0326,14.0522,-0.359828
19.0395,13.9093,-0.229804
0.0221015,15.0103,0.0424146
0.927567,15.0658,-0.272475
1.96807,14.946,-0.116553
2.99629,15.0033,-0.261785
3.99613,14.985,-0.233161
4.97974,14.9143,-0.175768
6.00898,14.9068,-0.352141
6.9906,15.0628,-0.290445
7.98225,15.0973,-0.601157
8.93453,15.0716,-0.267852
9.94045,15.0652,-0.236872
10.9087,15.0042,-0.530827
11.9348,14.9382,-0.59761
12.9583,15.1043,-0.514573
13.92,14.9008,-0.491903
14.9222,14.8363,-0.391046
15.9793,14.8517,-0.376925
17.0151,14.9398,-0.310398
18.0327,14.9949,0.0122501
19.0024,14.9107,0.0522691
0.0016419,16.0142,0.075161
0.929826,16.082,-0.325913
1.88896,15.9207,0.00335093
2.92416,15.9636,-0.248115
3.92813,16.0474,-0.303656
4.8933,15.8801,-0.385467
5.93347,15.9319,-0.289608
6.91527,16.0378,-0.543468
7.93149,16.0655,-0.354955
8.91926,16.0409,-0.525636
9.95846,16.04,-0.311728
10.9681,15.9999,-0.274709
11.961,15.9728,-0.444499
12.9917,16.1025,-0.239259
13.9727,15.9441,-0.359114
14.9659,15.8087,-0.156224
15.9789,15.9134,-0.303452
16.9499,15.9306,-0.494293
18.0096,15.9273,-0.255452
18.9356,15.9349,0.108249
0.000778222,16.9861,-0.187423
0.954738,17.0886,-0.481951
1.84814,16.9482,-0.0283853
2.86695,16.9822,-0.282754
3.86671,17.0226,-0.458553
4.90088,16.8778,-0.467489
5.92556,16.9626,-0.195822
6.93609,17.0123,-0.269509
7.93702,17.0979,-0.386004
8.98702,17.0383,-0.411994
9.98034,17.0286,-0.390692
11.0126,17.0145,-0.363063
12.0263,17.0422,-0.341935
13.0781,17.1016,-0.326835
14.0808,16.9759,-0.208884
15.0839,16.8356,-0.0475143
16.0506,16.8623,0.0491592
17.0154,16.9121,-0.237883
18.0226,16.9218,-0.127372
19.0169,16.9467,0.0336009
-0.0031312,17.9922,0.113694
1.03896,17.9474,0.00908841
2.04761,17.9776,-0.0253273
3.05636,18.0277,-0.238737
4.05076,18.0188,-0.219645
5.09637,17.8806,-0.206952
6.107,18.021,-0.344475
7.0977,17.9861,-0.42342
8.0483,18.0603,-0.0841639
9.04784,18.0189,-0.125587
10.0607,18.0066,-0.0018891
10.9708,18.0124,-0.422861
11.9709,18.0394,-0.430192
12.9381,18.0965,-0.0883755
13.9537,17.9757,0.00805994
14.9346,17.8904,-0.11623
15.9643,17.8802,-0.157616
16.9652,17.9293,-0.091409
17.9644,17.984,-0.206867
19.0287,17.9865,-0.109095
-0.00824915,18.9816,-0.0902463
0.998907,18.9676,-0.349162
2.0042,18.9726,-0.0877071
3.01656,19.0242,-0.00728782
4.04137,19.0279,-0.239839
5.07241,18.9579,-0.0650685
6.08956,18.9999,0.0112217
7.12061,18.9613,-0.0926756
8.0919,19.0307,0.205857
9.12445,19.0045,0.165398
10.1791,18.9934,0.191089
11.1646,18.9529,0.00915555
12.0999,19.0532,-0.306955
13.0665,19.0689,-0.379049
14.0254,18.9946,-0.0816156
15.0048,18.9511,-0.0968261
16.0002,18.9513,-0.145311
17.0106,18.988,-0.11894
17.9915,18.9846,-0.239735
19.0306,19.0025,-0.0800989
