3.47588,3.29431,0.281307
3.64405,4.26248,-0.147468
3.5188,3.94426,0.769738
4.04496,3.2907,0.179324
3.95629,4.29003,0.410773
3.42267,4.92609,-0.212476
2.69151,5.65723,-0.316361
2.43325,6.20614,0.509241
3.02571,6.87433,0.986319
3.74628,7.4869,1.33277
3.6084,3.86625,-0.501843
3.95975,3.35595,0.31091
3.70694,3.08992,1.24199
3.32926,3.78955,0.65139
2.98164,4.66915,0.418622
3.68751,5.42007,0.636161
3.28957,6.28039,0.25602
2.57686,6.99926,-0.0637257
3.17788,7.65571,0.388528
4.07756,8.02045,0.567067
2.81491,3.75754,0.148824
3.64559,4.02656,-0.37318
3.83749,3.7993,0.555177
3.33676,4.54527,-0.00380261
3.84508,5.15446,0.56097
4.27153,5.81591,-0.0844081
3.64877,6.41533,-0.643861
3.39041,6.54991,0.292557
3.68777,7.02752,1.14063
3.85934,7.98246,1.53338
3.20342,3.53862,-0.719138
4.23361,3.41098,-0.868969
4.0727,4.27098,-0.309296
3.65479,3.5882,0.241267
4.35626,4.29802,0.626518
4.20427,4.80191,-0.228871
3.74031,5.68132,0.0241401
2.92017,5.74408,0.61008
3.68923,6.39673,0.375173
3.93509,7.05558,1.06679
3.66648,3.23955,0.146165
4.03898,4.14673,-0.118198
5.02901,4.02554,-0.275225
4.04773,4.42056,-0.201617
4.68324,5.15239,0.125419
3.74392,5.61596,0.245021
4.7243,5.71733,0.276308
3.89009,5.62772,0.843425
4.44195,5.75803,0.0436811
4.37778,6.15581,0.967565
4.24753,3.91744,-0.397751
4.66607,4.82574,-0.473965
4.95844,4.29195,-1.29171
4.91396,4.86179,-0.50264
5.62346,5.38581,-0.100449
4.60639,5.21483,-0.0596759
5.59602,5.46577,-0.111261
4.63066,5.42782,0.200775
5.35145,5.63486,-0.484646
5.17182,6.18774,0.363686
5.14723,4.20174,-0.158007
4.48239,3.93056,-0.887786
4.96507,4.70135,-0.334092
5.62483,5.50065,-0.239073
6.2106,6.05181,0.364437
5.42909,5.36695,0.493481
4.68059,5.84214,0.0110477
5.58691,5.35195,-0.0753533
6.17605,6.13582,-0.261541
6.05154,6.56205,0.691424
4.65448,4.4753,0.683053
5.09209,3.88277,-0.0954009
5.94237,4.39729,-0.33007
6.53772,5.17972,0.0895016
5.86783,5.62817,-0.482513
5.52814,6.31755,0.179318
5.4953,5.53318,-0.491409
6.32946,6.10138,-0.150304
5.66362,6.07835,0.595312
6.57835,5.67779,0.808353
5.22049,4.16721,-0.0942747
5.66633,4.03302,0.807456
5.64512,4.95048,0.427015
5.71248,5.7293,-0.161904
5.92043,4.71878,-0.0159001
6.25504,5.63471,0.283212
6.10022,6.38675,-0.3824
7.00099,6.36429,-0.796289
6.49197,5.96937,-0.028721
7.34331,6.25845,0.419755
5.87939,4.35581,0.685791
6.04631,3.81331,-0.118952
6.53146,4.55275,0.377917
6.28427,5.45839,0.615174
6.54375,5.43155,-0.355031
6.16256,6.39041,-0.3656
6.61522,7.17591,-0.753233
7.51767,7.15026,-1.22719
6.93589,6.61815,-0.64113
7.77488,6.08751,-0.454714
