0.108011,0.277834,-1.94459
0.0510361,1.57176,-1.99672
0.00350047,2.88537,-1.9339
0.10759,4.14468,-1.95384
0.0984039,5.39593,-1.95809
0.101691,6.63232,-2.03625
0.12122,7.86485,-2.07216
0.224393,9.08251,-2.14915
0.284805,10.3312,-2.17809
0.507703,11.5249,-2.18117
0.90889,12.6149,-1.84169
0.898935,13.7152,-1.96469
0.533158,14.6057,-1.62279
0.414325,15.6078,-1.46634
0.139027,16.4676,-0.964187
0.278298,17.4058,-1.31316
-0.0346355,18.3119,-1.02087
0.0708914,17.296,-0.889666
0.0869594,18.1662,-0.441877
-0.0383496,19.0048,0.0786706
0.829185,1.08057,-2.0222
0.913163,2.22067,-2.11259
0.874013,3.48139,-2.09147
0.986361,4.69402,-2.08235
0.966051,5.93372,-2.04634
1.03527,7.11341,-2.07689
1.04565,8.30022,-2.10394
1.19046,9.50158,-2.00108
1.29777,10.6885,-1.96464
1.53726,11.8614,-1.72771
1.87139,12.9606,-1.2026
1.8675,14.127,-1.29194
1.44985,15.0244,-1.67486
1.53529,15.9474,-1.3236
1.16525,16.6225,-0.718693
1.47983,17.3623,-1.29877
1.09026,18.1933,-0.918647
1.09165,17.1909,-0.784375
1.09179,18.1951,-0.68583
0.941182,19.0591,-0.164809
1.83367,1.44792,-2.08657
1.90014,2.64481,-2.05151
1.84777,3.82683,-2.10879
1.92891,4.99545,-2.20754
1.93496,6.17345,-2.13815
1.98817,7.38182,-2.11133
2.02328,8.57927,-2.06284
2.20486,9.82928,-1.8803
2.28923,11.0032,-1.5625
2.44488,12.252,-1.14392
2.89129,13.4889,-0.497299
2.61287,14.8463,-0.660595
1.98376,15.7993,-1.44588
2.42381,16.4951,-0.829783
1.80133,17.5051,-0.988958
2.37837,16.8723,-0.700076
2.0646,17.95,-0.778066
2.09384,16.9681,-0.611197
2.07983,18.0413,-0.627433
1.84164,19.0567,-0.633561
2.83537,1.13766,-1.9143
2.85419,2.29499,-1.93584
2.83068,3.44501,-1.93859
2.85661,4.63345,-1.96308
2.93613,5.79679,-1.93359
2.93194,6.97951,-2.04818
2.99511,8.11372,-2.10602
3.03971,9.29691,-2.09153
3.05946,10.4205,-2.0089
3.0968,11.5352,-1.65251
3.08722,12.6911,-1.30886
2.95789,13.8205,-1.30562
2.63674,14.7771,-1.7081
2.95803,15.7172,-1.3313
2.40277,16.5714,-1.23732
3.19902,17.1877,-1.1727
3.10234,17.9867,-0.564821
3.11042,17.0198,-0.960561
3.12888,18.0105,-1.03582
2.84775,18.9939,-0.805112
3.8273,0.841218,-1.83607
3.79726,1.97797,-1.85839
3.8289,3.10661,-1.94848
3.82461,4.19247,-1.96911
3.86224,5.2871,-2.05645
3.84526,6.42589,-2.07765
3.84578,7.54216,-2.17203
3.79543,8.65422,-2.1455
3.82325,9.73354,-2.06782
3.81236,10.8355,-1.85912
3.70127,11.9002,-1.72386
3.58519,13.0046,-1.68676
3.44243,14.0264,-1.81515
3.6719,14.9584,-1.40705
3.29767,15.9352,-1.27635
4.02126,16.6533,-1.26904
3.72311,17.1454,-0.458797
4.04838,17.285,-1.40916
4.02891,18.2741,-1.43758
3.9006,19.2104,-0.829749
4.7985,0.571831,-1.67986
4.77861,1.61302,-1.64
4.78342,2.71881,-1.81994
4.744,3.79049,-1.74765
4.79643,4.8786,-1.86727
4.7207,5.9641,-1.93716
4.7208,7.04307,-1.93502
4.64112,8.09612,-2.0465
4.74847,9.23256,-2.04353
4.67812,10.278,-1.83238
4.61001,11.3248,-1.75935
4.50067,12.4467,-1.82376
4.38427,13.4434,-1.83161
4.5004,14.3628,-1.40275
4.27188,15.3934,-1.31496
4.94432,16.1433,-1.29712
4.73193,16.9303,-0.716904
5.08941,17.291,-1.64008
4.99785,18.3232,-1.62748
4.88516,18.9716,-0.859697
5.78975,0.258296,-1.58758
5.76831,1.31347,-1.54503
5.74365,2.41179,-1.54998
5.71362,3.47161,-1.61944
5.75683,4.54507,-1.69872
5.63465,5.64714,-1.7681
5.64093,6.66304,-1.58884
5.6299,7.74146,-1.81576
5.67731,8.79021,-1.72244
5.65822,9.87842,-1.81919
5.5585,10.9072,-1.75896
5.47955,11.9685,-1.8008
5.36868,13.0618,-1.70323
5.5386,13.9606,-1.32306
5.27244,14.9236,-1.33284
5.89646,15.8029,-1.28473
5.75198,16.7211,-0.855065
6.1089,17.287,-1.67819
6.05647,18.2853,-1.54318
5.91109,19.019,-0.878506
6.82899,0.0836818,-1.41538
6.76634,1.14676,-1.47882
6.74021,2.20533,-1.54244
6.6986,3.23709,-1.57375
6.71534,4.30526,-1.63699
6.65205,5.31328,-1.67744
6.64042,6.41835,-1.70942
6.55832,7.40311,-1.55113
6.63251,8.46078,-1.59059
6.57305,9.42266,-1.72726
6.49018,10.4601,-1.86222
6.43869,11.5116,-1.63987
6.29241,12.5772,-1.7349
6.51842,13.5814,-1.58753
6.3425,14.5771,-1.28297
6.72853,15.3981,-0.886972
6.69724,16.3764,-0.849721
7.0876,17.007,-1.55493
6.9474,17.9813,-1.17472
6.90276,18.8596,-0.565816
7.89307,0.00168157,-1.31266
7.77357,1.09717,-1.24433
7.77021,2.13138,-1.45242
7.75446,3.09587,-1.5982
7.69475,4.11354,-1.64804
7.63722,5.1382,-1.44558
7.62205,6.17622,-1.59024
7.64378,7.26211,-1.68554
7.66294,8.32829,-1.64213
7.61365,9.32357,-1.73562
7.5594,10.3035,-1.68033
7.52159,11.3722,-1.60825
7.29611,12.3709,-1.46227
7.51499,13.3848,-1.4337
7.41319,14.3804,-1.1927
7.73894,15.2379,-0.716511
7.6681,16.2444,-1.00819
7.89185,17.2358,-0.994711
7.88593,18.2275,-1.02026
7.88322,18.917,-0.277706
8.94172,-0.0562639,-1.33194
8.79164,0.900473,-1.3715
8.78758,1.95499,-1.33985
8.79235,2.96425,-1.49991
8.71269,4.00287,-1.634
8.64133,5.02696,-1.64841
8.65987,6.11104,-1.63042
8.70035,7.12946,-1.64942
8.64529,8.1434,-1.44041
8.62497,9.1814,-1.45182
8.55379,10.1578,-1.50895
8.53829,11.1819,-1.40199
8.39213,12.2309,-1.30866
8.5492,13.2233,-1.16935
8.50147,14.2205,-1.26086
8.72346,15.1988,-1.10749
8.66029,16.1382,-0.865661
8.94616,17.1077,-0.925422
8.85556,18.0561,-0.757479
8.86317,19.1177,-0.57044
9.91129,-0.186633,-1.36453
9.84158,0.878909,-1.30721
9.86569,1.91626,-1.37142
9.84146,2.97812,-1.46043
9.70959,3.98854,-1.51044
9.6759,4.98585,-1.76925
9.74816,5.9897,-1.5551
9.63981,6.97108,-1.36593
9.62638,7.97268,-1.34841
9.63071,8.96215,-1.4827
9.5804,9.94352,-1.50704
9.64771,11.0209,-1.39783
9.46496,12.1234,-1.22003
9.56059,13.1099,-1.06157
9.52097,14.1346,-1.09322
9.72095,15.1245,-0.951735
9.68227,16.1122,-0.980276
9.97659,17.0517,-0.733061
9.84656,18.0422,-0.734376
9.89985,19.0495,-0.691629
10.887,-0.126264,-1.10949
10.8322,0.905258,-1.05513
10.9134,1.93691,-1.19046
10.8397,2.97191,-1.46493
10.7371,3.96784,-1.71153
10.7109,4.97418,-1.5974
10.798,5.98975,-1.33838
10.6592,6.98442,-1.38713
10.6773,8.00082,-1.36824
10.6543,9.06249,-1.52522
10.5558,10.1029,-1.31822
10.6447,11.1583,-1.34546
10.5748,12.227,-1.18412
10.6041,13.1669,-0.787741
10.6125,14.1045,-1.10882
10.786,15.073,-0.926774
10.7267,16.0721,-0.777703
10.9554,17.0994,-0.841249
10.8462,18.0962,-0.804025
10.9473,19.1057,-0.602622
11.9182,0.0346355,-1.06349
11.8833,1.06018,-1.16208
11.8957,2.01831,-0.919575
11.8537,2.98206,-1.21596
11.6925,3.98,-1.28272
11.684,4.99815,-1.37849
11.8815,5.99573,-1.22905
11.7005,7.01367,-1.33666
11.7398,8.05069,-1.40433
11.6833,9.06079,-1.39633
11.579,10.0783,-1.13597
11.6952,11.0602,-1.22402
11.6075,12.1064,-0.980963
11.6391,13.1122,-0.871615
11.637,14.0851,-0.795593
11.7689,15.087,-0.785623
11.7606,16.076,-0.665627
11.9177,17.0852,-0.53972
11.8872,18.1086,-0.548582
11.9033,19.0838,-0.816459
12.9548,0.0197211,-0.926554
12.8757,1.02779,-0.880001
12.9585,2.0377,-0.937101
12.9317,2.99285,-1.15743
12.7451,3.96515,-1.30407
12.7185,4.98469,-1.22592
12.8851,6.00461,-1.07168
12.7559,7.01214,-1.15018
12.7382,8.04392,-1.15289
12.7076,9.03731,-1.25231
12.628,10.0745,-1.05113
12.7716,11.1291,-1.17895
12.6479,12.0578,-0.815717
12.6426,13.088,-0.8124
12.6341,14.1066,-0.62154
12.7907,15.1015,-0.689889
12.7941,16.1245,-0.596243
12.932,17.1455,-0.432255
12.9134,18.1413,-0.371407
12.9226,19.0984,-0.708103
14.0085,-0.156105,-0.92342
13.9171,0.883584,-0.847993
13.9208,1.94861,-0.803061
13.9445,2.97512,-0.953404
13.8319,4.00377,-1.06824
13.7248,4.97771,-1.08996
13.9367,6.01374,-1.00571
13.8246,7.02848,-1.01078
13.7914,8.01902,-1.0427
13.6929,9.03207,-1.01626
13.6799,10.0724,-1.09151
13.74,11.044,-0.958281
13.7492,12.0219,-0.777456
13.6624,13.0226,-0.739576
13.7213,14.0409,-0.698773
13.8352,15.0414,-0.600565
13.9114,16.0316,-0.678362
13.9534,17.0827,-0.589608
13.9756,18.1611,-0.372408
13.9154,19.1596,-0.522855
15.0077,-0.255513,-0.839467
14.9933,0.7751,-0.851787
14.926,1.77989,-0.806229
14.9591,2.85686,-0.796966
14.8044,3.88999,-0.869546
14.8062,4.91316,-1.03872
14.9481,5.93235,-0.893326
14.8553,6.97226,-0.955757
14.8164,8.02671,-0.966625
14.6835,9.07543,-0.86465
14.742,10.0629,-0.870159
14.799,11.0873,-0.86274
14.7685,12.0757,-0.931233
14.7072,13.072,-0.836699
14.7903,14.0853,-0.641755
14.8371,15.1116,-0.543712
14.9479,16.1527,-0.708798
14.9559,17.1894,-0.555815
14.9755,18.188,-0.306326
14.942,19.178,-0.446831
16.0065,-0.1815,-0.945268
15.977,0.836756,-0.751787
16.0127,1.84262,-0.791037
15.9527,2.89863,-0.791433
15.851,3.90591,-0.98269
15.8618,4.9307,-0.876617
15.9726,5.9475,-0.961214
15.8485,6.97017,-0.828559
15.8445,7.97131,-0.916529
15.7537,9.00389,-0.886444
15.8012,9.98508,-0.744002
15.8676,10.975,-0.855654
15.8082,11.975,-0.86794
15.7674,13.0261,-0.853706
15.7845,14.0543,-0.735517
15.8691,15.0338,-0.47676
15.9611,16.1019,-0.425968
16.0173,17.1746,-0.467544
16.0192,18.1778,-0.243233
15.9818,19.183,-0.49657
17.0566,-0.140852,-0.971328
17.0394,0.817939,-0.770946
17.0053,1.88852,-0.801373
16.9854,2.98656,-0.829334
16.8143,4.03656,-0.89697
16.8697,5.01671,-1.14971
17.04,5.96178,-0.876104
16.8816,7.00065,-0.867565
16.8805,7.98965,-0.821485
16.7807,9.00216,-0.700638
16.8508,9.99255,-0.737492
16.9038,10.982,-0.956929
16.8159,11.9882,-0.73068
16.7751,13.0232,-0.703876
16.8703,14.0161,-0.730045
16.9099,15.0144,-0.516279
16.9784,16.0643,-0.445317
17.011,17.0811,-0.272515
17.0467,18.09,-0.11073
16.9532,19.0595,-0.219657
18.1034,-0.218543,-0.83083
18.0622,0.793136,-0.934474
18.0296,1.85188,-0.875182
17.9809,2.86265,-0.949174
17.8154,3.91468,-0.851607
17.843,4.95217,-0.866137
18.0164,5.92548,-0.638185
17.9484,6.93988,-0.802011
17.903,7.90811,-0.702127
17.8121,8.91729,-0.774517
17.9072,9.92313,-0.721909
17.9507,10.9336,-0.691342
17.866,11.9174,-0.681875
17.827,12.964,-0.69151
17.9343,13.9903,-0.728373
17.9634,15.0168,-0.577715
18.0332,15.9882,-0.357863
18.0063,16.9563,-0.0700308
18.0839,17.9736,-0.062035
17.9244,18.9469,0.00161443
19.1327,0.0355876,-0.832859
19.0681,1.0168,-0.864525
19.0623,2.00502,-0.873385
18.9615,2.95821,-0.569836
18.8574,3.97006,-0.83401
18.8873,4.96547,-0.874471
19.0519,5.92829,-0.565938
18.9545,6.86964,-0.950197
18.9029,7.84834,-0.700879
18.865,8.84849,-0.724223
18.8911,9.90815,-0.832914
18.9648,10.9222,-0.727433
18.9267,11.9678,-0.797308
18.8348,12.9757,-0.679995
18.9314,14.0017,-0.70492
18.9623,15.0077,-0.567678
19.0758,16.0032,-0.389303
19.0366,17.011,-0.154125
19.0958,18.0647,-0.150023
18.9339,18.954,0.251646
