-0.00682089,0.00348216,-0.0153844
0,1,0
-0.00474868,2.01018,-0.136503
-0.00442213,2.9811,-0.0937925
-0.000399792,3.99114,-0.0482284
-0.000619526,4.98491,0.0322489
-0.00344554,5.98909,-0.0856502
0,7,0
-0.00198065,7.99516,0.0746574
-0.00241707,8.99806,-0.0506912
-0.00559404,9.99121,-0.00730308
-0.00258187,11.0002,-0.0849757
-0.00391247,12.0043,-0.0294931
0,13,0
-0.00571917,13.9842,-0.0218451
-0.00896939,14.9857,-0.107514
-0.0102603,15.9908,-0.0434095
-0.0117588,17.0164,0.0501083
-0.00473952,18.0117,0.141475
-0.00259407,19.0021,0.0276986
-0.00210883,19.9901,-0.0930845
-0.00296945,21.0272,-0.0392987
-0.00277413,22.053,0.0611255
-0.00719932,23.0355,-0.147194
-0.0105106,24.0256,0.0982269
-9.15555e-06,25.0073,0.019779
-0.00409253,25.9867,0.133448
-0.00395825,27.0083,0.0838862
-0.00730003,28.0517,-0.0507279
-0.0127812,29.0602,-0.0647664
1.02516,-0.043614,0.0532334
1.01097,0.972021,0.0158269
1.02465,2.01624,-0.0399792
1.01318,3.01623,-0.0172979
0.988998,4.0277,0.0435896
1.05486,5.00854,-0.0254006
0.983804,5.98795,-0.144691
1.07666,6.96719,0.132316
1.01932,7.9721,0.160543
1.02185,8.9566,0.12129
1.07221,9.95997,0.0684164
1.0408,11.0057,-0.0967498
1.10219,11.991,0.0508805
1.04645,13.0724,0.01348
1.03395,14.1091,0.0156102
0.998508,15.0462,-0.374587
0.987069,15.9742,0.0310038
0.994702,16.9782,0.0302194
1.02073,17.971,0.0766198
0.992691,18.965,0.333387
1.06294,19.9304,0.018128
0.991104,20.9547,0.0257057
0.921638,21.8617,0.363411
0.956456,22.8687,0.0843593
0.974181,23.7917,0.480026
1.06081,24.7723,0.118278
0.999911,25.7363,0.0894345
0.992199,26.726,0.0760216
0.965618,27.7669,-0.0232307
0.98587,28.7561,-0.047145
2.02293,0.16303,-0.129215
2.02817,1.14652,-0.125956
2.06122,2.14466,-0.13867
2.06023,3.15436,-0.0541948
2.0084,4.11005,-0.262612
2.03766,5.12332,-0.116645
1.97918,6.08462,0.166439
2.11187,7.08388,0.0329112
2.08969,8.0717,0.0535691
2.08592,9.03942,0.179626
2.11708,9.99051,-0.0982849
2.06402,10.9824,-0.195495
2.09068,11.9787,-0.227515
2.0024,12.9833,-0.281429
2.03319,13.9774,-0.222428
2.06046,15.0017,-0.315259
1.9653,16.0077,-0.0888607
1.99697,16.9377,0.223597
1.97011,17.9253,0.471514
1.986,18.914,0.327189
2.0212,19.8202,-0.206159
2.00085,20.8428,-0.209272
1.89011,21.8418,0.0409284
1.94328,22.862,-0.0441786
1.98321,23.7846,0.298776
2.07915,24.7674,0.153905
1.96646,25.7226,-0.148756
2.05161,26.725,0.137547
2.03652,27.6967,0.0144505
1.98983,28.6896,-0.288437
3.02283,0.35406,-0.264238
3.00931,1.37533,-0.187313
3.03331,2.34397,0.0433973
3.01179,3.21174,-0.377517
3.00834,4.21595,-0.304828
3.02138,5.23121,-0.226414
3.04088,6.18168,0.187347
3.12281,7.15983,0.0496292
3.12149,8.18929,-0.0582415
3.10639,9.1471,0.180142
3.16662,10.0359,-0.284854
3.11737,11.0224,-0.333494
3.12005,12.0355,-0.459835
3.00981,13.0448,-0.447746
3.06191,14.0503,-0.379803
3.09061,15.0663,-0.383773
2.99718,15.9873,-0.0214667
2.99974,16.9591,-0.0238563
2.98117,17.87,0.46924
2.92682,18.8761,0.614774
2.97134,19.7773,0.233103
3.03414,20.8132,0.0546342
2.92915,21.8792,0.0507859
2.98229,22.8805,0.0834834
3.03875,23.8601,0.374688
3.10391,24.8873,0.348946
2.99803,25.7887,-0.0334635
3.00656,26.8111,-0.176559
3.01342,27.8236,-0.181164
3.00063,28.8814,-0.2198
4.07921,0.436665,-0.22375
4.00923,1.45637,-0.196094
4.07709,2.42098,0.12255
4.04151,3.35843,-0.219111
4.03336,4.36664,-0.386853
4.07552,5.32179,-0.187347
4.01981,6.25069,0.197574
4.14363,7.23867,0.0443739
4.12046,8.19414,-0.217466
4.1561,9.16333,0.0688131
4.20162,10.172,-0.156664
4.17079,11.1741,-0.249654
4.21138,12.199,-0.498874
4.01985,13.1686,-0.580691
4.09627,14.1448,-0.266976
4.10015,15.1166,-0.513056
4.02644,16.1141,-0.149355
3.94694,17.0368,0.278646
3.98646,18.0609,0.360732
3.79487,18.9569,-0.0263924
3.82585,19.9144,-0.286169
3.9989,20.8903,-0.229557
3.98619,21.8737,0.122202
4.05102,22.8871,0.0157384
4.07605,23.8746,0.289593
4.14543,24.8455,0.239686
4.01298,25.7962,-0.125715
4.00507,26.829,-0.184777
3.97637,27.8261,-0.326746
4.04251,28.8333,-0.0978118
5.11421,0.62696,-0.101975
5.02637,1.56864,0.121271
5.04557,2.54368,0.322593
5.03051,3.49513,-0.059212
5.06592,4.48575,-0.160488
5.08552,5.49547,-0.267702
5.02222,6.50302,-0.0316538
5.14683,7.48756,-0.0643239
5.12947,8.449,-0.240715
5.24359,9.37995,0.00642109
5.17775,10.3679,-0.324223
5.25623,11.3812,-0.382986
5.1997,12.3139,-0.709806
5.01063,13.3093,-0.837208
5.01677,14.2759,-0.655867
5.11049,15.184,-0.232078
5.03424,16.1606,-0.0974487
4.97999,17.1605,0.34304
4.93605,18.1211,0.707993
4.7693,19.025,0.30137
4.87637,19.8692,-0.215159
5.068,20.86,-0.242186
5.01318,21.8349,-0.058565
5.03635,22.8308,-0.0989776
5.1628,23.8492,0.189132
5.14019,24.8183,-0.0178777
5.02759,25.8628,-0.0682974
4.96885,26.8437,0.137147
5.00674,27.7706,-0.176641
5.0733,28.7811,-0.0930601
6.06432,0.952431,-0.427598
6.01317,1.85507,0.0913877
6.00289,2.84084,-0.0297525
6.05215,3.84481,0.152745
5.99028,4.76738,-0.266469
6.10858,5.77134,-0.0291269
6.04406,6.78675,-0.0957549
6.11925,7.80031,-0.10651
6.15394,8.78978,-0.40831
6.21232,9.7412,-0.138591
6.18065,10.7185,-0.344465
6.28364,11.7306,-0.327512
6.20482,12.632,-0.74294
5.98719,13.5512,-1.1089
6.04011,14.5465,-1.08701
6.1164,15.2116,-0.367144
6.0646,16.1924,-0.129661
5.96054,17.1538,0.134263
5.92736,18.1246,0.381527
5.71578,19.0663,-0.0179876
5.85923,20.0482,-0.0374645
6.0422,20.9365,-0.448711
5.96644,21.9303,-0.276522
6.11576,22.8986,-0.0847987
6.10727,23.9375,0.00446791
6.10234,24.9174,-0.17467
6.01205,25.9368,-0.378652
5.9985,26.8342,0.0537034
5.9156,27.8194,0.310358
6.07913,28.8067,0.0647053
6.99977,1.33295,-0.432795
6.95743,2.16465,0.209934
6.98259,3.15084,0.13224
7.03563,4.12064,-0.0594806
6.92219,5.14158,0.0784906
7.0471,6.15722,-0.105655
6.99535,7.20069,-0.0785272
7.06273,8.24677,0.00724509
7.07288,9.24306,-0.272686
7.09265,10.2094,-0.436384
7.17096,11.1966,-0.314454
7.16699,12.1349,-0.54807
7.01083,12.78,-1.31706
6.94078,13.7904,-0.95757
7.02813,14.6873,-1.37812
7.14321,15.1914,-0.517356
7.13386,16.1831,-0.226734
6.98117,17.1978,0.0826319
6.92199,18.2077,0.237785
6.69699,19.1895,0.243532
6.86685,20.1797,-0.0763146
7.00661,21.1263,-0.260295
6.98197,22.1506,-0.0939177
7.11655,23.1441,-0.132887
7.13466,24.0742,0.220646
7.12705,25.0704,-0.184112
6.91578,26.0289,0.0101993
6.95556,27.0031,0.158715
6.93256,27.9759,0.341151
7.06205,28.7759,-0.263884
7.99283,1.59416,-0.363228
7.84918,2.56213,-0.160399
7.90569,3.58023,-0.119813
7.91283,4.55404,0.19003
7.88516,5.62231,0.0704489
7.97431,6.59311,-0.140773
7.98219,7.62398,-0.0849269
7.97781,8.66126,-0.223756
8.00528,9.65574,-0.59136
8.02973,10.6991,-0.419089
8.00707,11.6681,-0.606626
8.09406,12.6854,-0.677258
7.97342,13.0894,-1.64317
7.92818,14.0577,-1.33633
7.95767,14.9069,-1.85442
8.04421,15.3728,-0.960793
8.12444,16.2421,-0.456029
7.87453,17.1952,-0.433583
7.89178,18.111,-0.0322336
7.70645,19.1154,-0.165606
7.89981,20.114,-0.240129
7.9643,21.1756,-0.246767
8.04379,22.1456,-0.193283
8.07336,23.113,0.153114
8.159,24.1184,0.202313
7.97086,25.0944,0.327314
7.9653,26.1167,0.126051
7.9483,27.0757,-0.115558
7.8201,28.0456,-0.0694479
8.04718,29.0009,-0.101202
8.86152,2.07345,-0.280157
8.74712,3.06354,-0.210602
8.79242,4.03651,0.0772851
8.83428,5.00367,0.158596
8.81412,6.09647,0.133952
8.88924,7.0628,-0.081634
8.94303,8.11301,-0.112235
8.82036,9.17802,-0.301675
8.86918,10.1494,-0.618903
8.911,11.2437,-0.725553
8.84825,12.3255,-0.87972
8.87861,13.3729,-1.02616
8.86502,13.4458,-2.04766
8.86951,14.3478,-1.4458
8.81412,14.8315,-2.34831
8.96029,15.2235,-1.38985
9.00399,16.1013,-0.938353
8.84309,17.0797,-0.712757
8.87339,17.9895,-0.229728
8.76916,19.0161,-0.307648
8.91917,19.9624,-0.174505
8.92162,21.0265,-0.0351695
9.03076,22.0095,0.102155
9.08769,22.9942,-0.086639
9.11336,24.0009,-0.0364879
9.07067,25.0099,0.221058
8.94259,26.044,-0.00645772
8.97958,27.0254,-0.126337
8.84057,28.0174,-0.370373
9.10643,29.0237,-0.243336
9.93627,2.1867,-0.242613
9.75953,3.24521,-0.224216
9.8336,4.30767,0.0148656
9.82449,5.38544,0.0786889
9.81591,6.39195,0.00489822
9.8988,7.38395,-0.0609638
9.88663,8.43779,-0.306012
9.8286,9.46112,-0.47261
9.78657,10.5374,-0.65508
9.85557,11.5759,-0.807642
9.76388,12.6402,-1.00412
9.84237,13.7131,-1.2294
9.82067,13.7622,-2.25983
9.81701,14.6234,-1.72123
9.81817,14.9,-2.68511
9.88605,15.4723,-1.79028
9.94302,16.3781,-1.28813
9.84568,17.2316,-0.714759
9.83829,18.2042,-0.38764
9.80871,19.2619,-0.384762
9.90544,20.2455,-0.174065
9.88296,21.2592,-0.140138
10.0178,22.1307,0.360128
10.052,23.0548,-0.0516037
10.1389,24.0546,-0.0229347
10.1214,24.9874,0.340757
9.90386,25.9704,0.327332
10.0305,26.8672,-0.0754082
9.87203,27.8601,-0.15186
10.1012,28.8276,-0.400491
10.931,2.49577,-0.231806
10.8113,3.50298,-0.127445
10.8654,4.47968,-0.0928831
10.7519,5.52709,-0.17275
10.8133,6.51222,-0.367919
10.8929,7.54104,-0.304547
10.941,8.57711,-0.346406
10.8768,9.64032,-0.561061
10.8362,10.7621,-0.754784
10.854,11.7899,-0.966146
10.7949,12.7955,-1.26265
10.8552,13.849,-1.46604
10.8394,13.9623,-2.45536
10.8444,14.7215,-1.84664
10.8378,15.1116,-2.80028
10.8858,15.6224,-1.91084
11.0036,16.5476,-1.47448
10.9439,17.3408,-0.817151
10.8852,18.2165,-0.308121
10.8137,19.2074,-0.260082
10.9329,20.2148,-0.261187
10.9311,21.1801,-0.0996185
11.0847,22.076,0.255519
11.0628,23.041,-0.118683
11.132,24.0748,-0.142091
11.1374,25.0634,0.15999
10.938,26.074,0.367708
11.04,26.8739,-0.212265
10.9272,27.9159,-0.129359
11.0782,28.7626,-0.665117
11.9098,2.67813,-0.225413
11.8248,3.71356,-0.268444
11.8949,4.70915,-0.0634907
11.8159,5.72882,-0.170186
11.8411,6.71766,-0.379101
11.899,7.72406,-0.208005
11.9656,8.74661,-0.48432
11.9285,9.8057,-0.594681
11.909,10.8161,-0.794934
11.848,11.8669,-1.07191
11.8927,12.8814,-1.29042
11.8991,13.9674,-1.49937
11.8854,14.0967,-2.51084
11.9092,14.9158,-1.8662
11.8927,15.044,-2.86614
11.8661,15.8214,-2.13934
12.0433,16.5248,-1.48866
11.9451,17.2154,-0.706824
11.965,18.1989,-0.307254
11.8214,19.2284,-0.235786
11.9981,20.204,-0.301257
11.9553,21.2017,-0.101053
12.154,22.1183,0.270061
12.0475,23.0487,-0.0654134
12.0919,24.0118,0.202704
12.1288,24.9878,-0.122336
11.9067,25.9732,0.0159734
12.013,26.8421,-0.432011
11.9108,27.8714,-0.353676
12.1077,28.8062,-0.692083
12.9577,2.6434,-0.19494
12.8845,3.66488,-0.257613
12.93,4.67284,-0.0668935
12.8439,5.70032,-0.0953795
12.8619,6.68346,-0.369597
12.9195,7.75767,-0.472829
12.9756,8.78517,-0.440281
12.9498,9.82038,-0.672506
12.9316,10.8455,-0.848488
12.885,11.8462,-1.12754
12.8951,12.8288,-1.39159
12.9029,13.92,-1.60526
12.8712,14.1049,-2.59446
12.9153,14.8749,-1.93715
12.9273,15.2313,-2.95637
12.945,15.7004,-2.062
13.1161,16.5311,-1.5007
12.9656,17.1062,-0.664119
12.9322,18.081,-0.591476
12.8797,19.0795,-0.446519
12.9929,20.0362,-0.12306
13.0028,21.037,0.00565203
13.1611,21.9715,0.344697
13.0089,22.9447,0.340123
13.0775,23.9882,0.240626
13.0177,25.025,0.285595
12.9573,25.9184,-0.139332
12.9867,26.8521,-0.589499
12.8555,27.8424,-0.713993
13.1024,28.8043,-0.798904
13.9538,2.58888,0.109134
13.8964,3.58751,-0.00227973
13.9702,4.61978,-0.21879
13.9037,5.6633,-0.232243
13.9117,6.70609,-0.253023
13.9067,7.74208,-0.287439
14.0734,8.69935,-0.515281
14.0674,9.76707,-0.650929
13.9706,10.777,-0.916831
13.9358,11.7783,-1.16634
13.9764,12.809,-1.30939
13.9273,13.8116,-1.62135
13.9286,13.8532,-2.65329
13.9053,14.7091,-2.10356
13.9565,15.2545,-2.94913
13.9471,15.6201,-2.02222
14.1065,16.5629,-1.66528
13.9313,17.3149,-0.975219
13.9522,18.2413,-0.663512
13.8583,19.1535,-0.253011
13.9211,19.9787,0.31616
14.0091,20.9892,0.0458632
14.1253,22.0379,0.0645161
14.0635,22.9975,0.224476
14.0952,23.9566,0.0666494
14.0001,25.0033,0.036903
13.9486,26.0518,-0.0569964
13.8744,27.0473,-0.247121
13.8674,27.9671,-0.75248
14.1392,28.9682,-0.690933
14.8928,2.78294,-0.249138
14.9096,3.74996,0.0758293
15.049,4.67449,-0.268334
14.9344,5.67582,-0.329957
14.9449,6.68838,-0.435481
14.9677,7.72373,-0.404608
15.1225,8.73327,-0.604798
15.111,9.77398,-0.662822
15.0416,10.7893,-0.924613
15.0256,11.774,-1.17023
15.0271,12.7518,-1.35871
14.9671,13.7268,-1.69625
14.987,13.9118,-2.73229
14.9871,14.6009,-2.02237
14.9345,14.9137,-2.94779
15.0207,15.492,-2.11009
15.0669,16.3373,-1.59123
14.9054,17.1443,-1.02189
14.9746,18.1493,-0.923963
14.8679,19.0475,-0.499588
14.8957,20.0046,-0.11561
15.0118,20.9866,-0.230399
15.094,21.9538,0.0699698
15.0601,22.9899,0.198877
15.1304,24.0034,-0.0967956
14.9488,24.9054,0.376955
14.9504,25.8897,0.126634
14.8844,26.9579,-0.0654134
14.8353,27.8945,-0.434599
15.1622,28.7848,-0.670138
15.8993,2.66735,-0.0199194
15.975,3.64422,-0.0823054
16.1057,4.64334,-0.278555
15.9914,5.63411,-0.199796
16.0297,6.66604,-0.463225
15.9607,7.66053,-0.241478
16.0941,8.66226,-0.539616
16.1678,9.66267,-0.789038
16.0551,10.6452,-0.844383
16.0985,11.634,-1.11408
16.0823,12.6507,-1.38399
16.0445,13.6465,-1.65241
16.0708,13.8005,-2.69472
16.0573,14.5642,-2.02649
15.9859,15.1887,-2.82926
16.0314,15.4789,-1.82125
16.0812,16.4425,-1.74582
15.9165,17.2376,-1.10081
15.9985,18.1508,-0.740358
15.8142,18.951,-0.154256
15.9169,19.9385,-0.0803461
15.9998,20.8979,-0.189044
16.0916,21.9023,-0.108487
16.0898,22.8898,0.0601886
16.1383,23.8762,-0.0458266
15.9512,24.8538,0.218082
15.9293,25.8786,0.12512
15.9071,26.8757,-0.0530412
15.8207,27.7612,-0.499182
16.133,28.7332,-0.347792
16.9593,2.50348,-0.0404492
16.9557,3.54777,0.114396
17.1161,4.47088,-0.286895
17.0256,5.49099,-0.211188
17.0755,6.48422,-0.400037
17.0531,7.53054,-0.421165
17.147,8.52848,-0.41554
17.1296,9.59081,-0.404089
17.1272,10.5573,-0.708847
17.1525,11.6073,-0.966137
17.154,12.6699,-1.23949
17.136,13.6602,-1.59373
17.1054,13.7046,-2.60793
17.1107,14.5045,-2.00783
17.0167,15.1922,-2.76608
17.0545,15.3028,-1.79182
17.0698,16.2613,-1.54971
16.9827,17.2189,-1.14341
17.0295,18.1851,-0.748918
16.8314,19.0728,-0.33386
16.9643,20.0219,-0.0540513
16.992,21.0765,-0.152904
17.1177,22.0199,0.107282
17.0414,22.8987,0.499484
16.976,23.9164,0.512342
17.0398,24.8685,0.170983
16.9237,25.8524,-0.0549059
17.0034,26.8856,-0.111139
16.8559,27.8381,-0.38374
17.1343,28.8093,-0.120426
17.9798,2.24606,0.0102573
17.9514,3.2314,0.0278909
18.1224,4.24041,-0.0421888
17.9745,5.16764,-0.320899
18.0605,6.17751,-0.34445
18.0778,7.26567,-0.32298
18.1218,8.28233,-0.64752
18.1401,9.32987,-0.598972
18.2001,10.4168,-0.75418
18.2141,11.4694,-0.94214
18.1554,12.5806,-1.12393
18.1589,13.6658,-1.40976
18.1561,13.6971,-2.43144
18.1588,14.5391,-1.87324
18.1056,15.0193,-2.75678
18.096,15.4863,-1.8451
18.089,16.3927,-1.37743
17.9702,17.312,-0.958797
18.0623,18.2931,-0.799008
17.8425,19.0433,-0.137935
17.9822,20.0116,-0.311942
18.0369,21.0417,-0.0699301
18.1065,22.0189,-0.0111118
18.0123,22.9312,0.296561
17.9171,23.9826,0.174581
18.0554,24.9773,-0.0737938
17.9235,25.9858,0.129093
18.0328,26.965,-0.141481
17.8843,27.9013,-0.496496
18.2151,28.7641,-0.0705863
18.9674,1.8694,0.0725181
18.9411,2.87461,0.167238
19.0491,3.90682,-0.0332377
19.0025,4.90854,-0.28323
19.0535,5.90331,-0.447584
19.11,6.96635,-0.355513
19.0577,8.03666,-0.436885
19.1172,9.09083,-0.621653
19.2007,10.1767,-0.771145
19.1861,11.2915,-0.812967
19.1224,12.4118,-0.912241
19.1376,13.5485,-1.09571
19.1426,13.6219,-2.12469
19.1288,14.4853,-1.61276
19.1151,14.7932,-2.59307
19.1202,15.321,-1.71849
19.0786,16.1087,-1.08715
18.9746,17.1037,-0.920029
19.0609,18.1483,-0.581036
18.8758,19.1074,-0.34561
18.9424,20,0.0550157
19.0363,20.9793,-0.098114
19.1581,21.9334,0.0847346
19.0287,22.9206,0.149068
18.9557,23.9771,0.191012
19.097,24.8105,-0.323374
18.8524,25.7569,-0.192364
19.0206,26.7516,0.0296457
18.7916,27.721,-0.11948
19.2086,28.623,-0.052797
19.9449,1.54765,0.216538
19.9231,2.50631,-0.0660054
19.9789,3.468,-0.302615
19.9741,4.49258,-0.458153
19.9804,5.53123,-0.374087
19.9894,6.5253,-0.317194
19.9577,7.56438,-0.419523
20.0156,8.62161,-0.569079
20.0577,9.64845,-0.504883
19.9383,10.6794,-0.488699
19.946,11.7122,-0.83021
19.8447,12.7365,-0.872567
20.0155,13.2269,-1.7646
20.0462,14.1229,-1.2643
19.9836,14.7079,-2.08057
20.0835,15.59,-1.66546
20.1083,16.1879,-0.772079
19.7516,16.967,-0.268184
20.0416,17.926,-0.314475
19.8544,18.9251,-0.101373
19.9115,19.9058,-0.372137
20.0491,20.9426,-0.183752
20.1692,21.9515,0.0387524
20.0563,22.9123,0.0750816
19.9531,23.915,0.0348735
20.0915,24.915,-0.124604
19.9247,25.9521,-0.0795465
19.962,26.9256,-0.364064
19.8044,27.8829,-0.161315
20.1273,28.601,0.466372
20.9567,1.24285,0.405359
20.9117,2.17008,-0.0495407
20.9366,3.08253,-0.432731
20.9053,4.08359,-0.354805
20.9076,5.13444,-0.308551
20.8818,6.11727,-0.181399
20.9374,7.14748,-0.266298
20.829,8.12847,-0.143892
20.9552,9.11568,-0.352123
20.7993,10.1033,-0.608005
20.8674,11.1112,-0.816105
20.6509,12.1293,-0.661345
20.8673,12.7528,-1.40936
20.9594,13.7291,-1.08039
20.8978,14.6056,-1.53104
21.0785,15.5557,-1.25103
21.1462,16.3526,-0.635847
20.7471,17.1138,-0.0931211
20.9323,18.0824,0.120893
20.8436,19.0896,0.221512
20.9407,20.0274,-0.198584
21.0505,21.0444,-0.152791
21.1416,22.0363,0.0690451
20.9875,22.9524,-0.373916
21.0041,23.9283,-0.128184
21.1323,24.9794,-0.287991
20.9151,25.9902,-0.264052
20.9677,26.9725,-0.150392
20.8569,28.0007,-0.257353
21.0862,28.8787,0.269646
21.9276,0.833799,0.295636
21.8478,1.84345,0.244493
21.9025,2.73121,-0.252461
21.8491,3.76429,-0.503455
21.9025,4.77398,-0.375649
21.8806,5.72896,-0.111835
21.9723,6.79269,-0.198798
21.845,7.78016,-0.0764245
21.9076,8.75206,-0.468853
21.7621,9.68416,-0.452071
21.6433,10.6753,-0.315387
21.5599,11.6898,-0.366317
21.8128,12.5172,-0.935643
21.9028,13.4995,-0.766945
21.8662,14.4362,-1.13233
22.0457,15.4344,-1.13604
22.1434,16.1457,-0.412302
21.7662,17.1231,-0.182144
21.9223,18.0429,0.216846
21.8686,19.0818,0.220985
21.9122,20.1106,-0.0340617
22.0345,21.081,-0.271059
22.1331,22.03,0.0771233
21.9897,22.9559,-0.352464
22.0067,23.8828,0.0124607
22.0889,24.8623,0.000729392
21.93,25.8113,-0.326102
21.9793,26.805,-0.246962
21.8371,27.7868,-0.183758
22.0712,28.6601,0.238353
22.9285,0.5935,0.102316
22.8474,1.63974,0.145421
22.9892,2.60208,-0.216877
22.8367,3.51102,-0.588058
22.8776,4.50674,-0.683254
22.8649,5.45496,-0.262258
22.9325,6.45633,-0.321043
22.819,7.42036,-0.0491165
22.8482,8.42563,-0.201935
22.7703,9.40018,-0.263417
22.6922,10.4046,-0.204425
22.5932,11.3891,-0.308261
22.8022,12.3478,-0.500919
22.8786,13.329,-0.689969
22.8066,14.3256,-0.734272
22.8572,15.3132,-0.584643
23.0869,16.1701,-0.134184
22.7937,17.15,-0.0419172
22.9218,18.0958,0.237407
22.9113,19.0837,0.21753
22.9548,20.1101,0.195892
23.0185,21.1011,-0.149489
23.0751,22.0979,-0.205417
23.0495,23.1617,-0.223637
22.999,24.0035,0.278149
23.0865,24.9971,0.305332
22.919,25.8229,-0.17065
22.9256,26.8231,-0.574947
22.8053,27.7998,-0.406082
23.0074,28.7482,-0.156557
23.916,0.517426,0.273754
23.9181,1.50449,0.0866268
23.9954,2.45726,-0.253413
23.8997,3.37707,-0.579354
23.8835,4.34518,-0.443812
23.8358,5.2461,-0.0670125
23.8766,6.302,-0.00449232
23.8468,7.26527,0.124802
23.826,8.27889,-0.0990661
23.8207,9.26723,-0.185971
23.7717,10.3207,-0.181539
23.7023,11.2985,-0.391653
23.8846,12.283,-0.460012
23.9429,13.3277,-0.655568
23.8343,14.3268,-0.623673
23.8915,15.291,-0.345509
24.0234,16.2764,-0.60477
23.7972,17.0972,-0.000860622
23.9409,18.041,0.282522
23.9455,19.0625,0.375951
23.9929,20.0581,0.0962951
24.005,21.0623,0.187451
24.108,22.0357,-0.10603
24.0269,23.0157,-0.0738151
24.0208,23.9806,0.335438
24.0922,24.9301,0.0346507
23.9167,25.9697,0.0151921
23.9546,26.8484,-0.450694
23.8311,27.8185,-0.421674
24.0274,28.7207,0.00460829
24.9221,0.468081,0.0521561
24.8639,1.47266,-0.161449
25.0031,2.39805,-0.396127
24.9558,3.42225,-0.649715
24.9233,4.42417,-0.382269
24.8279,5.27669,0.224308
24.9114,6.12854,-0.223234
24.9066,7.13554,-0.0103641
24.8185,8.17532,0.141658
24.8193,9.22675,-0.0114322
24.7967,10.1894,-0.295471
24.7745,11.2403,-0.217878
24.9282,12.2575,-0.430927
24.9481,13.2851,-0.496188
24.8421,14.2628,-0.468896
24.967,15.192,-0.122938
24.9703,16.2239,-0.257646
24.8216,17.2266,0.034611
24.941,18.1657,0.453105
24.9608,19.1008,0.207379
25.0483,20.0649,-0.00174261
24.9647,21.0741,-0.0659108
25.0958,22.0629,-0.303092
25.0218,23.0672,-0.151473
25.0597,23.9882,0.320435
25.0808,25.021,0.23408
24.9473,25.9477,-0.135179
24.9895,26.7987,-0.701532
24.9462,27.7774,-0.466128
25.043,28.8147,-0.284463
25.9169,0.315461,0.188632
25.9122,1.25571,-0.181063
26.0057,2.26509,-0.229283
25.9931,3.2513,-0.499564
25.8908,4.24746,-0.24015
25.8837,5.14827,0.198343
25.8899,6.16144,-0.105451
25.8964,7.11447,0.244533
25.9009,8.10689,0.0459853
25.8671,9.10005,0.0350902
25.8543,10.067,-0.138932
25.8311,11.0904,-0.279852
25.8758,12.107,-0.109836
25.9466,13.1323,-0.218049
25.8656,14.0992,-0.213544
25.97,15.1024,-0.150496
25.9372,16.0999,-0.0888699
25.8935,17.0874,0.0424879
25.8981,18.1461,0.0454939
25.9679,19.2166,0.124024
25.9795,20.115,-0.390921
25.9568,21.119,-0.0722648
26.1194,22.1007,-0.249919
26.0027,23.0514,-0.0323832
26.0335,24.0668,0.112906
26.0726,25.0269,-0.0753258
25.9777,26.0649,-0.160198
26.0729,26.8541,-0.731571
25.9691,27.8433,-0.644758
26.0016,28.8427,-0.619501
26.9059,0.190149,-0.0577166
26.9427,1.19686,-0.134635
27.0575,2.23033,-0.312586
26.9876,3.22986,-0.376406
26.931,4.21271,-0.314966
26.9122,5.13895,0.13589
26.9341,6.12452,-0.0947233
26.9368,7.05095,0.356975
26.9493,7.98481,-0.0174718
26.9411,8.99025,0.0814478
26.9106,10.0086,-0.146724
26.883,10.993,-0.0788385
26.9274,12.0093,-0.0413587
26.9234,13.0401,-0.0330088
26.8728,14.0741,-0.0703604
27.001,15.1093,-0.0630879
26.9207,16.1517,-0.114081
26.9419,17.1482,0.129167
26.9534,18.1404,0.0307443
26.9777,19.1504,0.226969
26.974,20.1689,-0.106186
26.974,21.1445,0.00333567
27.1309,22.1155,-0.0671438
27.0027,23.1187,-0.0608783
27.0769,24.0759,0.219437
27.0126,25.0815,0.22161
26.9732,25.998,-0.240614
27.1129,26.901,-0.73105
26.9641,27.8686,-0.46321
27.0181,28.8749,-0.445018
27.9347,0.0345225,-0.195038
27.9631,1.03598,-0.251912
28.0697,2.05807,-0.275741
27.9808,3.10196,-0.225141
27.9487,4.13099,-0.18251
27.898,5.10903,0.0653798
28.0209,6.09442,-0.124357
27.9936,7.04474,0.265972
27.9503,8.04808,-0.00037843
27.951,9.01182,-0.0310526
27.972,10.0519,-0.047972
27.9411,11.1226,-0.0720359
28,12.1178,0.0689718
27.9894,13.1219,-0.0283761
27.9168,14.1381,-0.0228248
28.0035,15.1434,0.040437
27.9137,16.1148,-0.00290231
28.0038,17.1425,-0.0436689
27.9685,18.0841,0.232548
27.9135,19.0504,-0.0944426
27.9868,20.1298,-0.119465
27.9888,21.1333,-0.000366222
28.121,22.1377,-0.243898
27.9945,23.0826,0.0455641
28.0705,24.0909,0.385452
27.9849,25.0571,-0.0469344
27.9661,26.0495,-0.0896634
27.9904,27.0258,-0.304386
27.9569,28.0405,-0.110675
28.018,28.9926,-0.299762
28.9622,0.0336894,-0.0680349
29,1,0
29.0017,1.98502,0.0714103
29.0131,2.96281,-0.0327982
29.0007,3.95717,0.0262856
29.0032,4.96021,0.0456099
29.0741,5.99494,-0.0901486
29.0021,7.02513,0.0191168
29.0026,8.00605,0.119312
28.9999,9.00045,0.0247536
29.0112,10.0035,-0.0816065
29.0066,10.9891,-0.0112613
29.0045,11.9974,0.0607562
29.0002,13.0049,0.00946989
29.0034,13.9921,-0.00963775
29.0006,15.0146,0.0531877
28.9109,16.0015,0.0688009
29.0019,17.0037,0.0184454
29.0006,17.9931,0.0276559
28.9999,19.0126,0.0151402
29.0036,20.0249,0.115903
29,21,0
29.0057,21.9813,0.0908292
29.0051,22.9548,-0.0426099
29.0085,23.9358,-0.0266884
29.0085,24.9731,0.0183111
29.001,26.0153,-0.0457656
29.0102,27.0268,-0.139909
29.0035,28.0319,-0.0516434
29.0075,29.0267,-0.178149
