0.0992523,0.242781,-1.82502
0.0195257,1.51393,-1.90774
-0.0101718,2.85267,-1.95989
0.0776177,4.10768,-2.04202
0.101752,5.31019,-2.25602
0.110941,6.56652,-2.1933
0.145222,7.81935,-2.30657
0.206848,8.99794,-2.45186
0.224882,10.257,-2.44946
0.449532,11.4347,-2.39515
0.720515,12.4696,-2.62854
0.82042,13.5952,-2.34053
0.412449,14.5575,-2.13969
0.341475,15.5426,-1.74904
0.122657,16.3635,-1.21468
0.203845,17.3646,-1.14215
-0.103314,18.2605,-0.710608
0.062801,17.2331,-0.690811
0.0953948,18.2684,-0.527824
-0.0328349,19.0007,0.197903
0.890985,1.00385,-1.95001
0.859322,2.19621,-1.94077
0.910593,3.35,-2.06301
1.00484,4.55103,-2.11431
1.04458,5.75559,-2.23667
1.05465,6.97922,-2.34356
1.11183,8.2211,-2.41753
1.19883,9.39565,-2.49681
1.21654,10.593,-2.65729
1.35088,11.8449,-2.8964
1.61755,13.0545,-3.0839
1.6698,14.134,-2.82897
1.42208,14.9931,-2.22129
1.28975,16.0151,-1.92516
1.07278,16.7478,-1.24145
1.1125,17.6875,-1.46555
0.993304,18.2094,-0.628217
0.94438,17.3154,-1.18023
1.02145,18.289,-0.976287
0.918671,19.0064,-0.259355
1.87951,1.30588,-2.09556
1.85229,2.4757,-2.12129
1.92671,3.71106,-2.09168
1.91946,4.88455,-2.26125
2.04006,6.11056,-2.32764
2.0582,7.30099,-2.44701
2.07887,8.59085,-2.52872
2.12246,9.86542,-2.67577
2.13813,11.1264,-2.89403
2.24671,12.4636,-3.25233
2.37784,13.8341,-3.75545
2.31397,15.1352,-3.0315
2.1061,15.6563,-1.71652
2.06783,16.7862,-2.00272
1.97855,17.387,-1.02912
2.02375,17.6685,-1.92095
1.96976,18.1584,-0.987231
1.71143,17.6734,-1.82958
2.07111,18.265,-1.0509
1.94711,19.052,-0.421958
2.86525,1.00955,-2.05556
2.88541,2.1628,-2.05573
2.89229,3.38106,-1.99167
2.94334,4.55325,-2.10071
3.01729,5.72629,-2.2822
2.99537,6.90307,-2.28653
3.05097,8.144,-2.41843
2.99343,9.31717,-2.49811
3.0474,10.5149,-2.63489
3.04027,11.7126,-2.8695
2.87743,12.9478,-3.03051
2.81202,14.0112,-2.77039
2.76899,14.8903,-2.15309
2.71592,15.8704,-1.88661
2.67863,16.5326,-1.12525
3.01203,17.3203,-1.65723
2.91343,17.8622,-0.794284
2.73326,17.5358,-1.70226
3.04622,18.0717,-0.919297
2.95244,19.0197,-0.604178
3.8962,0.769515,-1.9439
3.89141,1.88147,-1.97247
3.8625,3.01559,-1.85508
3.86623,4.15822,-1.82809
3.85896,5.29937,-1.89766
3.84788,6.44679,-1.97983
3.87404,7.57425,-2.21316
3.8005,8.70486,-2.29073
3.81544,9.83728,-2.34769
3.77218,11.0115,-2.50078
3.55111,12.0697,-2.66764
3.49016,13.1609,-2.52489
3.48742,14.0715,-2.14291
3.45455,15.0771,-1.87923
3.48538,15.9404,-1.36818
3.96584,16.845,-1.53501
3.87483,17.3417,-0.63571
3.76323,17.4377,-1.64151
4.00598,18.2684,-1.10931
4.00071,19.2061,-0.586688
4.9335,0.487176,-1.89576
4.84463,1.5519,-1.93277
4.82455,2.65884,-1.84209
4.85275,3.77614,-1.96327
4.82548,4.87337,-1.87438
4.73134,5.95186,-1.80076
4.7374,7.01794,-2.07871
4.63572,8.1452,-1.99476
4.63857,9.24474,-2.22408
4.55254,10.3281,-2.24359
4.41125,11.394,-2.31778
4.34086,12.4706,-2.16035
4.35689,13.4963,-2.16247
4.34379,14.4403,-1.82238
4.44039,15.3483,-1.39326
4.77382,16.2882,-1.5172
4.81328,17.0124,-0.802673
4.82374,17.3981,-1.78652
4.97087,18.2982,-1.32667
5.01431,18.9618,-0.507706
5.8649,0.245924,-1.5959
5.80401,1.33591,-1.70811
5.80208,2.40525,-1.63219
5.82581,3.49722,-1.67511
5.75137,4.57464,-1.61722
5.66048,5.59502,-1.73214
5.6728,6.69854,-1.78699
5.59245,7.77494,-1.79919
5.57275,8.82248,-1.92328
5.4814,9.89881,-2.10049
5.31684,10.9386,-1.9464
5.28273,11.9154,-1.99776
5.22164,12.9927,-1.93497
5.31594,13.993,-1.65369
5.37152,14.9164,-1.23529
5.70533,15.8617,-1.38965
5.83131,16.7274,-0.888354
5.85763,17.4092,-1.7314
5.9788,18.2448,-1.20434
6.0275,19.0199,-0.50549
6.86503,0.0748222,-1.61501
6.86591,1.15481,-1.59819
6.84282,2.2293,-1.55687
6.85526,3.271,-1.77311
6.69925,4.36411,-1.66398
6.63354,5.3746,-1.57971
6.63828,6.4348,-1.58712
6.6178,7.49497,-1.74806
6.57331,8.5534,-1.68014
6.47968,9.55007,-1.89593
6.3569,10.6241,-1.78363
6.34065,11.6697,-1.82277
6.27297,12.6626,-1.70588
6.31787,13.6551,-1.50186
6.41682,14.6763,-1.2775
6.71957,15.6307,-1.23431
6.85776,16.6214,-1.10907
6.93175,17.3845,-1.81111
6.96748,18.2522,-1.29771
7.05273,18.8675,-0.471203
7.8651,0.0218574,-1.25884
7.85125,1.04611,-1.30346
7.89573,2.06657,-1.4983
7.84388,3.12939,-1.49099
7.69326,4.16223,-1.47554
7.62653,5.17194,-1.47712
7.66811,6.22315,-1.60688
7.6664,7.3013,-1.55043
7.5766,8.34923,-1.52128
7.47207,9.33179,-1.65459
7.40544,10.3301,-1.63115
7.31833,11.4408,-1.53586
7.31314,12.489,-1.60806
7.33145,13.459,-1.4118
7.40167,14.4937,-1.4244
7.73145,15.4054,-1.10762
7.8742,16.4031,-1.04561
7.84269,17.3456,-1.38767
7.91644,18.2964,-0.971523
8.02351,18.9288,-0.220872
8.85413,-0.0927854,-1.20163
8.89501,0.958992,-1.28209
8.92505,1.98604,-1.30331
8.82563,3.02712,-1.23666
8.68316,4.05198,-1.45549
8.65357,5.12391,-1.44422
8.66931,6.12285,-1.48819
8.66661,7.16249,-1.35517
8.62008,8.18613,-1.46911
8.49324,9.20589,-1.4932
8.46372,10.2772,-1.62736
8.35906,11.2518,-1.4269
8.36446,12.302,-1.61676
8.36034,13.2731,-1.37331
8.43264,14.2616,-1.45214
8.72491,15.1514,-1.00214
8.86051,16.2015,-1.19168
8.823,17.1785,-0.99444
8.92235,18.1366,-0.618207
9.01394,19.0916,-0.237596
9.84153,-0.176608,-0.977554
9.86501,0.843614,-0.916816
9.90227,1.87939,-1.06252
9.83041,2.93898,-1.30797
9.70557,3.95723,-1.54882
9.66476,4.9694,-1.451
9.73197,6.02941,-1.53988
9.73235,7.06748,-1.39977
9.65929,8.08694,-1.48459
9.55646,9.17335,-1.37072
9.54169,10.1898,-1.46121
9.42221,11.1899,-1.46035
9.45584,12.2155,-1.55298
9.45712,13.2039,-1.33484
9.4636,14.233,-1.25862
9.81144,15.1256,-1.0719
9.83239,16.0955,-0.831654
9.82008,17.0916,-1.01846
9.95405,18.04,-0.667388
9.96497,19.0607,-0.535279
10.9122,-0.0974029,-0.995227
10.8989,0.939589,-0.908875
10.9346,1.99747,-1.08803
10.7855,3.00174,-0.94615
10.6622,4.04764,-1.20345
10.7554,5.10527,-1.23581
10.7856,6.09092,-1.43628
10.7705,7.07806,-1.55602
10.6581,8.11908,-1.45885
10.592,9.13443,-1.5348
10.5503,10.1163,-1.26984
10.4378,11.1388,-1.35747
10.5296,12.1476,-1.3925
10.4824,13.1867,-1.27865
10.5448,14.1896,-1.03834
10.8013,15.1529,-1.10905
10.8262,16.1885,-0.872195
10.8059,17.1885,-0.772723
10.9129,18.1188,-0.319727
10.9655,19.1171,-0.366207
11.9618,0.0669881,-0.884188
11.9042,1.01705,-0.476769
11.8893,2.01408,-0.796606
11.8264,3.07011,-0.894998
11.6657,4.0416,-1.1477
11.7935,5.06622,-1.37785
11.7669,6.09831,-1.36805
11.7286,7.11165,-1.26375
11.6598,8.16237,-1.378
11.6833,9.15565,-1.48793
11.614,10.1038,-1.16056
11.441,11.1602,-1.21516
11.5459,12.1994,-1.25665
11.5447,13.2131,-1.25157
11.5838,14.1447,-0.930445
11.7771,15.143,-0.73672
11.8274,16.184,-0.577947
11.8171,17.2108,-0.658168
11.9115,18.1078,-0.189569
11.9334,19.0948,-0.158818
13,0.0153081,-0.89183
12.9473,1.02046,-0.738392
12.9126,2.03715,-0.827738
12.8842,3.07181,-0.911722
12.7318,4.10479,-0.92804
12.7929,5.11195,-1.12233
12.8112,6.10167,-1.22645
12.7712,7.12935,-1.12642
12.7188,8.11785,-1.40094
12.7119,9.12513,-1.46769
12.63,10.1121,-1.26545
12.5147,11.0929,-1.03833
12.5937,12.0758,-1.09981
12.5145,13.0966,-1.00413
12.6564,14.1597,-0.974081
12.8251,15.1898,-0.759529
12.8801,16.2243,-0.636204
12.8486,17.2311,-0.75873
12.9378,18.0912,-0.310666
12.9637,19.0759,-0.16946
13.9799,-0.119721,-0.760067
14.029,0.939409,-0.821204
13.9741,1.93109,-0.816279
13.8688,2.96021,-0.657466
13.7961,4.01694,-0.728239
13.8252,5.0765,-0.820234
13.8744,6.04943,-1.24028
13.771,7.07816,-1.11185
13.7233,8.1103,-1.19351
13.762,9.08425,-1.44372
13.6914,10.0631,-1.13651
13.5991,11.0907,-1.10546
13.6362,12.1066,-0.936436
13.6014,13.1221,-0.97871
13.7607,14.1159,-1.01863
13.8702,15.1476,-0.757353
13.8891,16.1339,-0.672466
13.9059,17.1383,-0.523984
13.9565,18.1124,-0.203616
13.9854,19.1108,-0.102857
15.0066,-0.22935,-0.677306
15.0522,0.749818,-0.925575
14.9972,1.7606,-0.783865
14.9267,2.83088,-0.747246
14.8065,3.88675,-0.864763
14.9075,4.89935,-1.04466
14.8878,5.91948,-0.916871
14.7783,6.97619,-0.977419
14.756,7.97794,-1.00392
14.7942,8.98524,-1.22802
14.7476,10.0131,-1.1165
14.7098,11.0136,-0.931169
14.7172,12.0394,-0.907102
14.6295,13.0518,-1.00272
14.8066,14.0419,-0.828251
14.9364,15.0823,-0.679229
14.9661,16.0934,-0.66307
14.9255,17.0984,-0.530003
15.0087,18.1527,-0.403012
15.0011,19.1865,-0.227525
16.0625,-0.219855,-0.747197
16.0359,0.832224,-0.856175
16.0456,1.83142,-0.765282
15.9866,2.81949,-0.709784
15.851,3.89597,-0.806375
15.9217,4.92142,-0.919013
15.9297,6.00792,-0.838203
15.828,7.11376,-0.850447
15.7691,8.1097,-1.01827
15.8071,9.08617,-1.21866
15.8075,10.0854,-0.945207
15.7683,11.0882,-0.766366
15.8296,12.088,-0.808786
15.7022,13.0804,-0.809751
15.8275,14.1247,-0.71518
15.9432,15.1,-0.612918
15.9884,16.1242,-0.385965
15.9622,17.1592,-0.368639
16.0185,18.196,-0.265151
15.9761,19.2097,0.0730766
17.0846,-0.127766,-0.770595
17.0603,0.834828,-0.576342
17.0124,1.87404,-0.52468
16.9855,2.90038,-0.677892
16.8448,3.91149,-0.678744
16.9229,4.92321,-0.725071
16.9618,5.95412,-0.785153
16.8861,6.96113,-0.796258
16.8182,7.97498,-0.781167
16.8315,9.00944,-0.83903
16.8638,9.98876,-0.987899
16.8437,10.9415,-0.766216
16.8538,12.0126,-0.795651
16.7705,13.0544,-0.848415
16.9117,14.0733,-0.727091
16.978,15.1106,-0.66834
17.051,16.0442,-0.319086
16.9793,17.1001,-0.26733
17.051,18.096,-0.100662
16.9235,19.0319,0.248195
18.071,-0.153981,-0.524
18.0825,0.891134,-0.479134
18.0696,1.87875,-0.413831
17.975,2.93432,-0.33094
17.863,3.91868,-0.477935
17.9342,4.94814,-0.648073
18.0018,5.94913,-0.813099
17.8881,6.93754,-0.877187
17.9054,7.97284,-0.84413
17.8606,8.96231,-0.824839
17.8848,9.93322,-0.725135
17.9012,10.9814,-0.556444
17.9099,12.0029,-0.639341
17.8289,13.0286,-0.749153
17.9397,14.0331,-0.687609
17.9547,15.0629,-0.403406
18.044,16.0712,-0.325355
17.9693,17.043,-0.0188269
18.0857,18.0636,-0.114612
17.9307,18.9549,0.301947
19.1314,0.0246223,-0.62906
19.1197,1.03875,-0.542271
19.0456,2.07311,-0.534883
18.9479,3.10738,-0.478219
18.8758,4.0421,-0.149254
18.9766,4.92514,-0.62107
18.9855,5.97276,-0.743428
18.9285,6.97439,-0.658565
18.9285,7.95063,-0.829163
18.9577,8.98027,-0.908487
18.8926,9.99445,-0.810367
18.9473,10.9351,-0.480679
18.9383,11.9406,-0.516013
18.8686,12.983,-0.788995
18.9655,14.0134,-0.557588
18.9865,15.0274,-0.371349
19.0932,16.0855,-0.335969
19.0127,17.0586,-0.133338
19.1252,18.0663,-0.134419
18.9303,18.9614,0.276428
