15.7606,-3.54878,-6.43947
0.623798,-9.3109,0.271413
-4.76594,-2.35393,-8.60322
15.9691,-4.38388,3.30108
6.23693,-10.0638,-17.1884
1.25685,-10.6561,-9.39973
10.703,-7.22626,4.99071
16.5582,8.98251,4.23372
0.625324,11.7737,6.03226
-2.4285,9.40593,3.50676
9.9132,-3.28878,-5.55244
4.74249,-5.22318,-3.25558
2.40795,-3.3419,-5.52333
9.41219,-4.65549,-2.80296
6.90522,-6.66698,-9.32296
4.75353,-5.49832,-4.64344
7.53805,-1.71838,1.15926
8.61125,5.67349,3.08596
1.37451,7.69906,3.13748
-5.52166,7.09903,1.15798
8.33836,0.623972,-7.50342
6.0868,-1.03178,-5.63027
4.67437,-1.00414,-5.10327
6.81929,-1.91926,-3.7246
5.594,-2.94832,-5.09743
4.49444,-1.02684,-1.67459
4.43183,2.46017,1.92609
3.19147,6.99608,4.30957
-1.03109,10.204,6.07848
-5.53771,12.078,6.89403
8.07077,4.83848,-9.93424
6.57954,2.94846,-7.56716
5.30573,2.15512,-5.37026
5.3536,1.21917,-3.21286
4.2286,0.553261,-1.94661
3.13311,2.77177,0.863384
1.98526,6.05233,3.88093
-0.117942,9.91231,6.72375
-3.48799,13.7277,9.49621
-7.39947,17.2907,12.4532
8.42171,9.18642,-12.8978
6.75,6.92362,-8.79033
5.2406,5.29423,-5.19718
4.1043,4.15702,-2.02002
2.92056,3.85565,0.542918
1.8295,5.96215,3.13582
0.298401,9.09722,6.04322
-1.8191,12.9352,9.33281
-4.83096,17.1933,13.1832
-10.9105,22.5438,18.7205
9.69919,13.5268,-17.4204
5.6671,10.0588,-7.38989
3.99339,6.8327,-2.54027
2.48127,5.90775,0.659612
1.53665,6.34313,3.05711
1.52584,8.02311,4.82401
1.54472,10.0044,6.46075
1.44339,12.0732,8.12517
1.57576,13.3492,9.58245
5.58535,9.57179,5.418
-4.73076,23.9839,-2.89608
1.57012,7.59469,2.23041
2.42353,4.18591,2.32206
0.559416,6.16628,4.19224
-0.121516,8.34368,5.8915
1.16527,9.88858,6.4674
2.83466,10.9627,6.82685
4.7464,11.8717,7.31718
7.39948,11.2353,8.5596
10.4293,6.98756,12.7434
11.8966,-25.661,19.3257
6.19879,-8.69054,10.0931
1.81292,-0.05562,6.45108
-1.85392,6.72406,7.77239
-2.05006,10.6137,8.68679
0.643486,11.8648,8.12051
3.69174,12.3004,6.84278
6.83415,12.8469,5.43047
10.2115,13.9093,3.38779
13.3362,17.2806,-1.83397
-3.8462,-10.7622,-6.93639
4.65407,-7.02261,2.17335
-1.91409,5.01919,1.49227
-6.35707,12.6225,9.76096
-4.36616,14.2168,11.2802
-0.869646,13.7592,9.90976
2.83792,12.8402,8.13995
6.65885,11.6485,6.16707
10.6629,10.2968,4.06127
14.7919,7.35097,2.17811
6.3964,-12.4743,8.24e-05
16.5095,-14.3142,7.26704
-6.34549,13.3637,-8.01384
-11.6555,21.2419,17.7894
-7.27685,17.6193,14.2627
-3.16012,15.6674,11.78
0.802005,13.972,9.58219
4.59673,12.2999,7.50629
8.25445,10.8331,5.52361
11.5202,9.09934,3.87642
