-0.0190954,-0.043791,0.265795
0.999744,0.036494,0.135093
2.02381,0.0159551,0.0931608
3.09496,-0.00484024,0.107065
4.08578,0.0432234,0.195669
5.05935,0.0385357,-0.135249
6.08692,-0.0192511,-0.175195
7.04436,0.0510819,0.223994
8.02408,0.0360118,0.0642598
9.0043,-0.0219123,-0.311551
9.98286,-0.0288675,-0.369979
10.982,0.0599872,-0.0967254
11.9838,0.0291421,0.0196387
12.9658,-0.00962249,0.172518
13.9975,-0.00610981,0.0412671
14.9473,0.0225196,0.250261
15.9937,0.00948515,0.0723594
16.9811,0.0319163,-0.062331
17.9903,-0.00780969,-0.0875668
19.0014,-0.0146886,-0.12945
-0.0311716,1.00186,0.321433
1.00639,1.04154,0.0695181
2.03711,1.06557,0.0282846
3.06943,0.998486,0.0483657
4.09749,1.07511,0.220496
4.94517,1.01779,-0.366561
5.96296,1.01007,-0.260375
6.94893,0.985806,-0.0510178
7.94517,1.05089,0.289468
8.92144,0.948622,-0.060448
9.92289,0.912873,-0.0167638
10.9097,1.0848,-0.0049501
11.8703,1.05001,-0.185876
12.9081,0.987729,-0.21113
13.8885,0.97933,-0.0520432
14.91,1.01811,-0.0249641
15.9308,0.989398,-0.117869
16.8945,1.02013,-0.372024
17.9273,1.03215,-0.271499
18.9076,1.02092,-0.156667
-0.0507462,2.02889,0.289816
0.991961,2.05891,0.206653
1.96963,2.09475,0.097232
2.92441,1.99262,0.347801
3.91732,2.06708,0.0805872
4.92126,2.03669,-0.13831
5.89078,1.99886,-0.285922
6.89139,1.95882,-0.265987
7.87068,1.99793,-0.00552385
8.86122,1.94292,-0.268938
9.91674,1.92611,-0.107614
10.9044,2.07526,0.0682546
11.9118,2.06715,-0.0224128
12.9041,1.99355,-0.114435
13.9346,2.05429,-0.227631
14.9255,2.01946,-0.292065
15.9559,2.03718,-0.266417
16.9563,2.00998,-0.307315
18.0237,2.06391,-0.256047
18.9642,2.03035,0.0528886
0.0327738,3.03656,0.0744133
1.0219,3.08177,0.378137
1.92833,3.08453,-0.119172
2.85365,2.97219,0.153822
3.90319,3.06429,0.0980956
4.93514,3.0377,-0.107797
5.92322,2.968,0.09335
6.92865,2.91928,0.0634724
7.99138,3.00428,0.189718
8.92153,3.00052,-0.259151
9.90952,2.89788,-0.146455
10.9447,3.0667,-0.0416517
11.9662,3.07463,0.0162328
12.9526,3.01834,0.0567156
13.9524,3.04276,-0.021128
14.9303,3.01753,-0.369671
15.9629,3.06616,-0.210981
16.9628,2.98152,0.0256111
17.9575,3.11612,-0.0886685
18.9486,3.01787,-0.105731
-0.016242,4.00905,0.358257
0.950685,4.04794,0.220212
1.94231,4.14377,0.0446303
2.95509,4.00036,0.109241
3.94655,4.06968,-0.105744
4.96859,4.04565,-0.0696341
5.96777,4.00297,0.0905484
6.93203,3.90627,0.302506
7.91775,4.01282,0.111283
8.91864,3.93606,0.124845
9.99019,3.9412,0.0337718
10.9858,4.10259,0.190417
12.0098,4.09752,0.0397382
12.9926,4.05238,0.0652974
14.0055,4.04349,-0.138975
15.0135,3.97866,-0.142509
15.9956,4.10396,-0.334016
17.0052,3.95893,-0.170974
18.0729,4.07869,-0.284741
18.9882,4.00685,0.170074
3.46945e-17,5.00032,0.115195
1.03612,5.05756,0.17213
2.01994,5.11593,0.0493881
3.03185,5.02234,-0.0426069
4.03518,5.09987,-0.24431
5.0393,5.06954,0.0302042
5.98982,5.00655,0.356801
6.98648,4.88314,0.488409
7.99435,5.00941,0.209113
9.02259,4.9218,-0.135853
10.0138,4.94407,0.128712
11.0281,5.10049,0.145518
12.0963,5.08076,0.122709
13.0908,5.05465,0.0111911
14.1492,5.02238,-0.188006
15.1272,5.01743,-0.297992
16.1569,5.05983,-0.101825
17.171,4.94171,-0.367617
18.094,5.04053,-0.686297
18.9932,4.87713,-0.379241
-0.0308908,6.06132,0.0508927
0.957384,6.07566,0.0439711
2.00379,6.12505,0.0825007
3.01378,6.02023,-0.0453413
4.077,6.10345,-0.215049
5.09713,6.09037,-0.203134
6.09881,5.95712,-0.00856044
7.04403,5.89008,0.325919
8.06822,6.02492,0.141731
9.04041,5.92487,-0.0872372
10.0277,5.96961,0.0457045
10.9966,6.11565,0.408655
12.002,6.07423,0.2129
13.0166,6.03143,0.16845
13.9715,6.02459,-0.191177
15.0145,5.9815,-0.0981689
16.0212,6.04628,-0.328129
17.0307,5.92711,-0.259581
18.0556,6.00037,-0.439238
19.0002,5.87972,-0.125938
0.0681143,7.0632,0.0157323
1.06328,7.07879,0.0260445
1.98269,7.10202,0.35371
2.97989,6.99199,0.278814
4.00778,7.08884,0.0463637
4.98669,7.06846,0.0584613
5.93955,6.93955,0.365371
6.94525,6.93764,0.291723
7.91351,7.05723,0.155266
8.89345,6.91452,0.201874
9.92905,7.00408,0.132389
10.9262,7.12105,0.106211
11.981,7.05246,0.235011
12.9396,7.03263,0.0270028
13.935,7.07722,-0.192349
14.954,7.01458,-0.150682
15.9531,7.0285,-0.0128178
16.975,6.89163,-0.0284738
18.0163,6.93342,-0.0542558
19.0015,6.89302,0.0532945
-0.0152226,8.08213,0.136503
0.989657,8.12093,0.1824
2.00053,8.09866,0.3227
3.00047,7.99336,0.235734
4.02735,8.09417,0.190902
5.03686,8.09333,0.131938
6.04163,7.90475,0.208374
7.06293,7.9499,0.0910703
8.05296,8.06112,0.323399
9.05672,7.91686,0.0941069
10.0208,8.02023,0.234986
10.9621,8.09708,-0.190173
11.9326,8.06377,0.195584
12.9358,7.9915,0.321265
13.9011,7.99607,0.161501
14.8832,8.02087,0.0527299
15.9101,8.04732,-0.0512345
16.8955,7.92203,-0.305222
17.9381,7.95352,-0.210437
18.9969,7.9269,-0.143278
-0.0103244,9.08885,-0.165157
0.988479,9.16875,0.0866878
1.98715,9.1219,0.187249
2.96006,8.96686,0.367776
3.9072,9.10805,-0.0800195
4.944,9.07327,0.183343
5.99967,8.89624,0.127235
6.99337,8.9683,0.16415
7.99401,9.04465,0.206665
8.9892,8.88646,0.371285
10.0024,8.96452,0.494577
10.9653,9.04158,0.217286
11.9794,9.11011,0.155043
13.011,8.94906,0.0518296
13.9808,9.0321,0.0691427
14.9679,9.04012,-0.111414
15.9524,9.06489,-0.291229
16.9081,8.89734,0.0608325
17.9374,8.96944,-0.00526444
18.9945,8.95489,0.199951
0.0266518,10.1096,-0.117341
1.00355,10.1645,0.322471
2.03245,10.1142,0.332762
2.94666,9.94221,0.734227
3.90476,10.0258,0.362606
4.88222,10.086,0.0782373
5.91149,9.91389,0.184408
6.99828,10.0009,0.118342
7.98171,9.98657,-0.0446638
8.97067,9.88111,0.141795
9.9333,9.9371,0.321116
10.9066,10.0861,0.158531
11.9358,10.0997,0.0228492
12.921,9.94394,0.273238
13.9245,10.0329,0.0761589
14.9212,10.0582,-0.12692
15.963,10.0806,-0.13517
16.9156,9.9348,0.158654
17.9347,9.92479,0.372207
18.9518,9.98475,0.120695
-0.0106082,11.1434,-0.134135
0.932362,11.1917,0.241435
1.94404,11.115,0.609552
2.90902,10.8988,0.427448
3.92178,11.0381,0.562221
4.96298,11.0838,0.365621
5.98315,10.9499,0.124888
6.97921,10.9907,-0.0734855
8.00053,11.0324,0.0225227
8.95304,10.8898,0.229563
9.97482,10.949,0.305777
11.0023,11.0963,0.475375
11.9842,11.1038,0.270159
13.0554,10.97,0.394879
14.0664,10.9045,0.475393
15.0351,11.0164,0.242183
16.0364,10.9889,0.330473
17.0398,10.9484,0.0174627
18.0012,10.9555,0.37947
19.0025,10.9855,0.101892
0.0336436,12.0967,0.158177
0.978716,12.1559,0.52075
2.04479,12.1035,0.513523
3.08109,11.9139,0.474844
4.09396,12.0218,0.338105
5.14279,12.0918,0.15942
6.11298,11.9266,-0.0580737
7.10512,11.9349,-0.365502
8.15274,11.9677,-0.275341
9.13602,11.8888,0.159893
10.1382,11.9455,0.357408
11.1162,12.0985,0.311209
12.1388,12.1124,0.174752
13.1088,11.9919,0.505756
14.1349,11.9302,0.530012
15.0787,11.9848,0.212796
16.1057,11.9839,0.406333
17.0975,12.01,0.196039
18.0959,11.9509,0.346303
19.0475,11.9768,0.168017
0.0481857,13.0912,0.0157384
1.0674,13.1598,0.136283
2.07022,13.0531,0.320222
3.07244,12.9118,0.251866
4.08729,12.9942,0.0924528
5.07208,13.1458,0.150276
6.00958,12.9285,-0.16126
7.01966,12.9493,-0.240971
8.06611,12.9785,-0.253893
9.07602,12.9017,-0.0890561
10.0979,12.8916,0.0561754
11.1047,12.9893,-0.167519
12.0656,13.1424,0.086816
13.0686,12.9561,0.193924
14.0497,12.9593,0.429481
15.0455,12.9875,0.450255
16.041,13.013,0.436595
17.0176,13.0246,0.323481
18.0183,12.9893,0.148573
19.009,12.9737,-0.0460067
0.0173193,14.1084,-0.0264809
1.05531,14.1669,-0.291375
2.02011,14.0511,-0.0247536
3.05792,14.0197,0.262816
4.07588,14.0097,0.128266
5.04074,14.1443,-0.0123234
5.99392,13.9304,-0.141005
6.97752,13.9516,-0.12403
7.97345,13.9615,-0.0519944
8.97691,13.9216,-0.117237
9.9762,13.8871,0.0737236
10.9597,13.8956,0.283248
11.9178,14.1007,0.373592
12.905,13.9514,0.35298
13.8966,13.9404,0.211762
14.9869,14.0024,0.194372
15.9687,14.0193,0.463613
16.9726,14.0437,0.293652
17.9348,14.0334,0.0549944
18.9589,13.966,-0.0301218
0.0420148,15.0923,-0.144771
0.986578,15.1506,-0.382476
2.0178,14.9818,-0.296313
2.99221,14.9796,-0.0579852
3.9721,14.9025,-0.358147
4.98762,15.0716,-0.445958
6.00261,14.9235,-0.363912
7.03033,14.9654,-0.186264
8.03048,14.9554,0.0286782
9.02738,14.8784,-0.213984
9.95981,14.9097,0.260625
10.9816,14.9188,0.334056
12.0194,15.1117,0.437956
12.9474,15.0133,0.158406
13.9641,14.9911,0.237095
14.9628,14.9923,0.363442
15.9373,14.9852,0.197745
16.9444,15.0599,0.158596
17.9289,15.0056,0.279022
18.9136,14.9914,-0.0279153
0.0170263,16.0684,0.109851
1.04606,16.0793,0.0796136
1.99286,16.0063,-0.208683
2.98042,16.0183,-0.202219
4.01837,15.9057,-0.106458
5.01761,16.0375,-0.150343
6.0231,15.9389,-0.171886
7.05284,15.9962,-0.30437
8.01639,15.9621,0.0331004
9.00381,15.908,0.110034
10.0185,15.8736,-0.0425977
10.9768,15.9211,0.264614
11.929,15.9867,-0.0391034
12.8592,16.0156,0.384124
13.8473,15.9813,0.426691
14.8623,16.0156,0.411274
15.8832,15.9899,0.17087
16.9039,16.0515,0.126048
17.9637,16.0723,0.0694815
18.9808,15.9919,0.0843715
0.0257607,17.0558,0.108081
1.04023,17.0864,0.233708
2.06627,16.9336,0.241353
3.06177,17.0373,0.106177
4.02512,16.9213,-0.282977
5.01698,17.0246,-0.473852
5.96331,16.9725,-0.213608
6.99235,17.0161,-0.269124
8.0273,16.978,-0.291211
9.05628,16.9409,-0.204334
10.0426,16.931,-0.123249
10.9804,16.9169,0.2253
11.9607,17.0296,0.0311167
12.9865,17.0363,0.219724
14.0092,16.9946,0.32631
15.0164,16.9923,0.152159
16.0121,17,0.290555
17.0031,17.0662,0.24438
17.9938,17.0861,0.149367
18.9938,17.0475,0.23534
-0.052736,18.0522,0.0338939
0.949635,18.0662,0.134614
1.96174,17.9577,-0.064864
3.01112,18.0367,-0.0465407
4.0376,17.9753,-0.296863
5.04127,18.0061,-0.193036
6.01152,17.9619,-0.0191412
6.99868,17.9614,-0.0967833
7.98505,17.9951,-0.287912
8.97626,17.9506,-0.176257
10.0505,17.9772,-0.0193518
11.0922,17.9404,-0.0510788
12.075,17.966,-0.369933
12.8746,18.0233,0.338227
13.8444,17.9358,-0.05927
14.8538,17.9999,0.245119
15.8677,18.0202,0.217994
16.8641,18.0341,0.036082
17.9471,18.0699,0.0185888
18.9873,18.0253,0.0218726
-0.017243,19.0301,-0.186737
0.997662,19.0383,-0.23357
2.02841,18.9986,-0.113089
3.05831,19.029,-0.182009
4.08421,18.9798,-0.186459
5.03747,18.9737,0.0800592
6.04203,18.9623,-0.0140141
7.01492,18.9838,-0.0712119
8.02125,19.0089,-0.0075808
8.996,18.943,0.0522599
10.0297,19.0149,-0.0094058
11.0259,18.9469,0.0285501
11.9949,18.9753,-0.153298
12.9543,18.9565,0.0993927
13.9883,18.9732,-0.018833
14.9995,19.0017,0.258718
16.0081,18.9949,0.0624134
17.0026,19.0225,0.24612
17.9762,19.0281,0.292984
18.9832,19.0028,0.205026
