-0.157198,1.12019,-0.999087
0.0174566,1.39606,-0.050679
0.00696432,2.4278,-0.154088
-0.0228187,3.44456,0.0616077
-0.210352,4.36911,-0.29451
-0.102826,5.36063,-0.369344
-0.0923704,6.3912,-0.310822
-0.152928,7.42306,-0.237751
-0.0840693,8.39798,-0.397604
-0.216114,9.3703,-0.479299
-0.127421,10.3671,-0.603613
-0.0793512,11.3397,-0.443828
-0.219044,12.2803,-0.743706
-0.171871,13.2817,-0.734596
-0.182043,14.2515,-1.06754
-0.110233,15.2292,-0.749864
-0.147612,16.2298,-0.471432
-0.258086,17.1505,-0.0999817
-0.114756,18.1523,0.166741
0.0719535,19.0705,-0.0977966
0.0557939,20.0803,-0.303751
-0.195267,20.9877,0.113465
-0.191241,22.0213,0.324143
-0.109125,23.001,0.393271
-0.144444,23.8506,-0.119083
-0.168462,24.905,-0.0248299
-0.0516068,25.9139,0.266677
0.0244118,26.6925,-0.394394
-0.0790918,27.6434,-0.0614582
-0.199792,28.5707,-0.501419
0.852565,1.30729,-1.03165
1.05529,1.57382,-0.0967467
1.06062,2.64271,-0.0520493
0.963143,3.66466,-0.172164
0.811029,4.59985,-0.448024
0.940703,5.57311,-0.273397
0.920698,6.56352,-0.251164
0.803516,7.50681,-0.594507
0.945152,8.50313,-0.581146
0.801935,9.46353,-0.591809
0.94723,10.4432,-0.593887
0.959709,11.4717,-0.530931
0.777328,12.439,-0.613889
0.869002,13.3323,-1.0252
0.828129,14.3462,-1.16457
0.878961,15.29,-0.855736
0.796994,16.0565,-0.201102
0.755342,17.1166,-0.153035
0.912717,18.0916,0.137016
1.07056,19.0439,-0.0512375
1.06115,20.0501,-0.199622
0.744862,20.9894,-0.142494
0.781454,22.0189,0.174068
0.8828,22.9604,0.478741
0.887481,23.7932,-0.0687735
0.838893,24.782,-0.134959
1.01632,25.7561,0.138365
1.02069,26.6056,-0.342064
0.989761,27.5808,-0.205582
0.799704,28.5232,-0.480358
1.85901,1.44082,-0.820829
1.98181,1.87776,0.0732627
2.07287,2.90052,0.0461806
1.90193,3.87159,-0.0719352
1.82616,4.8238,-0.480923
1.87099,5.86308,-0.526066
1.92735,6.81798,-0.247255
1.77863,7.75301,-0.645628
1.8883,8.75536,-0.608209
1.75627,9.65653,-0.972039
1.91032,10.7039,-0.903565
1.97658,11.5926,-0.426609
1.77686,12.4755,-0.917829
1.786,13.2847,-1.50153
1.88446,14.2836,-1.39297
1.88281,15.1376,-0.879534
1.76627,16.0312,-0.453206
1.84719,17.0398,-0.322898
1.93671,17.983,-0.0141423
2.12958,19.0028,-0.209577
2.06066,20.0376,-0.300021
1.6899,20.959,-0.563649
1.7237,21.7853,0.017307
1.91019,22.7001,0.332554
1.87002,23.6943,0.167708
1.8126,24.69,0.125944
2.04085,25.6571,0.0151433
2.01203,26.5966,-0.250105
2.03328,27.5873,-0.0617664
1.82916,28.4226,-0.545827
2.83816,1.68653,-0.593554
2.95738,2.32857,0.18233
3.05585,3.30097,0.13358
2.90659,4.27077,-0.185711
2.75922,5.17333,-0.655135
2.82621,6.18351,-0.795969
2.89099,7.154,-0.454482
2.67418,8.11785,-0.365767
2.90183,9.083,-0.601819
2.74554,10.0493,-0.885281
2.85142,10.9404,-1.28175
2.95302,11.7364,-0.636216
2.78957,12.5438,-1.20362
2.71747,13.5605,-1.20033
2.8905,14.4641,-1.64203
2.89107,15.3889,-1.20046
2.81214,16.2241,-0.582253
2.79955,17.0025,0.0275613
2.96204,17.9622,-0.105383
3.19013,19.0145,-0.259777
3.06615,20.0112,-0.332963
2.68829,20.926,-0.457558
2.77592,21.7987,0.0621479
2.9602,22.6554,0.452449
2.8711,23.7307,0.37318
2.84266,24.7405,0.269588
2.99529,25.6143,-0.233103
3.05038,26.5842,-0.522938
3.04458,27.5263,-0.247011
2.87228,28.4344,-0.609668
3.81151,1.90404,-0.336305
3.95323,2.59528,0.37365
3.96907,3.38037,-0.233296
3.94906,4.40128,-0.0276803
3.7516,5.36985,-0.4313
3.83524,6.34388,-0.546318
3.90185,7.35662,-0.447114
3.67398,8.33489,-0.512558
3.89632,9.30158,-0.51926
3.74978,10.2662,-0.826041
3.91173,11.0873,-1.42181
3.89638,12.0369,-1.10929
3.78028,12.9607,-1.46683
3.7073,13.9242,-1.19013
3.87912,14.6271,-1.85831
3.91149,15.4404,-1.32347
3.85521,16.31,-0.738267
3.86235,17.0135,-0.0157079
3.9868,18.0158,-0.167571
4.2236,19.0025,0.0532426
4.08047,19.7948,-0.522611
3.65682,20.7142,-0.40238
3.76133,21.6826,-0.0670949
3.95789,22.6367,0.219077
3.88876,23.6357,0.247493
3.79201,24.6045,-0.0551805
4.03031,25.5601,-0.359066
4.10234,26.5952,-0.365023
4.06343,27.5793,-0.0657888
3.92956,28.4519,-0.513932
4.78792,2.16641,-0.26097
4.95817,2.98289,0.346223
4.90014,3.76415,-0.286041
4.86182,4.75654,-0.0685263
4.77111,5.53559,-0.698041
4.79683,6.53019,-0.693454
4.9418,7.51466,-0.635017
4.70307,8.51906,-0.7038
4.92831,9.48189,-0.683462
4.77019,10.4236,-1.06176
4.97838,11.3684,-1.37013
4.89791,12.3546,-1.24263
4.77893,13.2504,-1.7032
4.70003,14.1722,-1.28898
4.84692,14.5774,-2.19434
4.90838,15.1645,-1.34391
4.82839,16.0388,-0.827671
4.87995,16.9084,-0.274746
5.02681,17.9037,-0.0696585
5.18873,18.8746,-0.0594134
5.08959,19.8015,-0.564394
4.71071,20.702,-0.360045
4.79991,21.6271,-0.0531419
4.96889,22.6191,-0.0380505
4.96337,23.6245,0.150243
4.84323,24.5121,-0.289099
5.10652,25.5018,-0.277166
5.08791,26.48,-0.538227
4.99975,27.4196,-0.310681
4.96052,28.4175,-0.429118
5.79915,2.28831,0.0479385
5.98359,3.20781,0.448213
5.94401,3.92123,-0.307166
5.90368,4.86752,-0.0447432
5.75355,5.87331,-0.330537
5.83627,6.82037,-0.650444
5.96712,7.86161,-0.635911
5.72245,8.81617,-0.702155
5.93604,9.77721,-0.817551
5.77479,10.7181,-1.12581
5.95412,11.7159,-1.12323
5.83862,12.7248,-1.18444
5.7794,13.4039,-1.95485
5.76802,14.2807,-1.43599
5.86972,14.5435,-2.39439
5.92008,14.9511,-1.47414
5.89899,15.8589,-0.948747
5.86995,16.8311,-0.642189
6.00105,17.7177,-0.201859
6.13864,18.7118,-0.442174
6.13606,19.7193,-0.515049
5.72553,20.6961,-0.373464
5.89516,21.6096,0.112027
6.00675,22.5963,-0.163839
6.0211,23.6103,0.0502731
5.85145,24.5078,-0.384078
6.13629,25.4831,-0.263088
6.11661,26.4847,-0.445094
5.9643,27.4528,-0.646452
5.96236,28.4331,-0.474664
6.82181,2.426,-0.115925
6.98937,3.30139,0.445393
6.95212,4.19529,-0.149095
6.91066,5.18497,-0.117579
6.74796,6.07971,-0.593179
6.81016,7.08804,-0.753505
6.97369,8.1113,-0.766372
6.75586,9.09787,-0.849812
6.94227,10.0674,-0.737797
6.78152,10.9472,-1.19498
6.95984,11.8969,-1.06909
6.85958,12.8933,-1.37051
6.78521,13.5349,-2.14839
6.81163,14.3762,-1.53576
6.87861,14.6438,-2.52626
6.91675,15.2384,-1.69077
6.87307,16.0867,-1.20273
6.86318,16.8401,-0.50181
7.03604,17.8021,-0.296817
7.11068,18.8649,-0.375643
7.07732,19.8481,-0.112214
6.72042,20.7103,-0.354451
6.91459,21.6377,-0.0678426
6.94253,22.6542,0.187497
7.0448,23.6225,0.0140507
6.84595,24.6035,-0.177871
7.16772,25.523,-0.384869
7.09033,26.5399,-0.550914
6.97912,27.4836,-0.925727
6.94341,28.3129,-0.353459
7.81992,2.37378,0.061623
7.93191,3.38307,0.0917203
7.91661,4.39384,0.0382397
7.90056,5.44915,0.0957457
7.75077,6.33204,-0.366765
7.84042,7.29854,-0.701761
8.02175,8.2719,-0.819227
7.79798,9.29194,-0.843516
7.92663,10.2779,-0.828404
7.76584,11.2343,-1.15449
8.00569,12.2215,-1.11743
7.87238,13.1744,-1.40016
7.79144,13.6294,-2.37744
7.87806,14.3555,-1.70301
7.90909,14.7157,-2.65255
7.93132,15.3543,-1.87049
7.87525,16.1536,-1.15708
7.87078,16.7824,-0.325791
8.0237,17.8246,-0.522791
8.10548,18.8477,-0.490713
8.05301,19.7717,-0.0571154
7.73365,20.6413,-0.419495
7.92697,21.5445,0.123975
7.97571,22.544,0.127091
8.08188,23.5412,0.0425214
7.85805,24.4983,-0.188775
8.19114,25.4575,-0.469832
8.07782,26.4406,-0.285556
7.93695,27.3704,-0.638072
7.96296,28.3211,-0.2665
8.76566,2.56162,0.419602
8.86373,3.57533,0.356502
8.97187,4.54189,0.0595294
8.90414,5.5359,-0.0218665
8.7876,6.53464,-0.362529
8.72642,7.54037,-0.287039
8.97751,8.53443,-0.444862
8.81944,9.47376,-0.806769
8.92675,10.5017,-0.929429
8.79141,11.4478,-1.2302
8.90598,12.4839,-1.40298
8.84368,13.529,-1.54578
8.80397,13.8148,-2.52627
8.91855,14.5103,-1.80242
9.01201,14.6074,-2.80252
8.92821,15.388,-2.17187
8.79987,16.1112,-1.53262
8.85177,16.8107,-0.776638
9.08449,17.7824,-0.709949
9.03795,18.5845,-0.107962
9.02206,19.6107,-0.0447035
8.75576,20.5715,-0.311042
8.94553,21.5333,-0.0178747
8.98347,22.5772,-0.0150029
9.07917,23.5771,0.0849422
8.87805,24.5111,-0.11048
9.20862,25.3977,-0.281079
9.07122,26.3393,-0.0832606
8.91421,27.2523,-0.430702
8.95198,28.2241,-0.299692
9.79195,2.72423,0.234581
9.87403,3.79993,0.252419
9.93529,4.71231,-0.144401
9.9632,5.75858,-0.145973
9.85868,6.75457,-0.37933
9.75388,7.77631,-0.185287
10.0123,8.70442,-0.484249
9.78925,9.6569,-0.959758
9.94531,10.6337,-1.17228
9.84141,11.5982,-1.39232
9.91797,12.5653,-1.67177
9.88803,13.5609,-1.62242
9.8627,13.8642,-2.62641
9.93608,14.4265,-1.71151
10.0768,14.5121,-2.66798
9.89219,15.1779,-1.92767
9.80792,16.1433,-1.67019
9.87792,16.8645,-0.999344
10.0998,17.7521,-0.608011
10.0287,18.5846,-0.0497879
10.0043,19.5949,-0.308432
9.71704,20.5269,0.0502731
9.91481,21.5852,0.0185308
10.0229,22.6113,0.172564
10.1539,23.606,0.310929
9.88619,24.4599,-0.141969
10.0907,25.3818,0.206012
10.1197,26.3127,-0.181039
9.92517,27.28,-0.0668294
9.92625,28.2642,-0.203607
10.7901,2.83955,0.277456
10.9714,3.81723,0.15941
10.9449,4.86214,0.0883541
10.9816,5.86835,-0.192026
10.9467,6.84608,-0.321406
10.798,7.79622,-0.506961
11.0065,8.75634,-0.680932
10.852,9.6882,-0.972842
10.9446,10.6935,-1.01037
10.9223,11.6918,-1.30436
10.9396,12.5923,-1.90577
10.832,13.5826,-1.91797
10.9315,14.0367,-2.77865
10.9332,14.4451,-1.85918
11.1011,14.7869,-2.78838
10.9589,15.1531,-1.84745
10.8422,16.1721,-1.8624
10.924,16.7701,-1.03964
11.1098,17.6986,-0.57817
11.0482,18.6944,-0.329987
11.0148,19.7058,-0.288849
10.7136,20.5745,0.146947
10.8803,21.5787,0.245332
11.0573,22.5888,0.329514
11.1802,23.6401,0.332328
10.8983,24.4512,-0.256389
11.0542,25.2692,0.314182
11.1067,26.1524,-0.0776574
10.9366,27.1569,-0.200842
10.9631,28.115,-0.447771
11.7743,2.96698,0.00422071
11.9761,3.91935,0.10856
12.0005,4.93187,-0.086108
12.0473,5.88755,-0.300336
11.9193,6.88446,-0.22458
11.8106,7.86409,-0.392706
12.018,8.70432,-0.866561
11.8621,9.70948,-0.799652
11.9945,10.6327,-1.09751
11.9429,11.6038,-1.31317
11.8343,12.5653,-1.37576
11.8622,13.4246,-1.92051
11.9813,13.9727,-2.75991
11.9939,14.3634,-1.86587
12.1151,14.5362,-2.84501
11.9184,15.1795,-2.06976
11.8322,16.0711,-1.62071
11.9788,16.962,-1.21009
12.0876,17.7786,-0.612815
12.0205,18.8331,-0.565072
12.0642,19.7429,-0.109571
11.7438,20.7073,0.127604
11.9247,21.6837,0.221897
12.1103,22.6521,0.435087
12.1631,23.5891,0.084405
11.9054,24.6008,-0.112162
12.0729,25.3931,0.444707
12.1239,26.2165,-0.162606
11.9125,27.2091,0.04373
11.9871,28.1495,-0.325367
12.8186,2.93332,0.0785791
13.0778,3.88489,0.151335
13.0305,4.81238,-0.172079
13.0553,5.78879,-0.389578
13.0026,6.83351,-0.208145
12.8439,7.77143,-0.46191
13.0138,8.73599,-0.518519
12.9139,9.66273,-0.915299
13.0234,10.6691,-1.28121
12.9199,11.642,-1.03357
12.8526,12.5403,-1.56367
12.8759,13.484,-1.84479
12.9694,13.9704,-2.77847
13.0112,14.3838,-1.83419
13.1033,14.8076,-2.79602
12.9542,15.2531,-1.93341
12.8153,16.2977,-1.87835
12.985,16.8809,-1.02897
13.1024,17.8226,-0.665661
12.9789,18.761,-0.365246
13.1194,19.7465,-0.136854
12.7295,20.5768,0.314191
12.9172,21.5699,0.470739
13.1706,22.5464,0.32501
13.179,23.5478,0.0960021
12.9376,24.479,-0.110276
13.0551,25.3022,0.558068
13.203,26.1346,0.0229774
12.8921,27.1702,0.0949065
13.0847,28.0642,-0.319175
13.794,3.1639,0.535411
14.0233,4.07239,0.0989624
14.0331,4.96474,-0.319904
14.1366,5.9732,-0.399396
14.0527,6.97046,-0.305542
13.8768,7.98392,-0.516779
14.0092,8.96035,-0.446611
13.9247,9.76125,-1.02485
14.0467,10.6989,-1.38965
13.9348,11.701,-1.32451
13.9012,12.6373,-1.57524
13.9301,13.5897,-1.76543
13.9997,13.9349,-2.72021
14.1253,14.4458,-1.82698
14.145,14.8772,-2.72778
13.9923,15.2212,-1.7792
13.7609,16.172,-1.62383
13.9816,16.9642,-0.985043
14.1005,17.876,-0.619425
13.9679,18.9019,-0.556893
14.1296,19.7903,-0.138878
13.7328,20.7355,0.0627125
13.998,21.5894,0.53621
14.1817,22.5363,0.34565
14.1923,23.4508,-0.038255
13.9291,24.4635,0.0130985
14.073,25.3483,0.51663
14.2458,26.1395,-0.0552873
13.8662,27.0797,-0.0339427
14.1403,28.003,-0.489746
14.8307,3.05971,0.680145
15.0161,4.05489,0.415265
15.0706,4.91378,-0.17185
15.1872,5.91823,-0.318055
15.0901,6.94498,-0.240257
14.9424,7.88461,-0.468834
15.0094,8.91534,-0.654442
14.9301,9.83059,-0.989941
15.0184,10.8008,-1.17619
14.9769,11.7306,-1.48227
14.9613,12.7092,-1.56935
14.9751,13.7278,-1.72117
15.0405,13.8598,-2.71781
15.1037,14.5352,-1.90342
15.1866,15.0492,-2.76398
15.0835,15.3936,-1.79478
14.7947,16.3642,-1.7422
14.9787,17.1399,-1.10666
15.1374,17.974,-0.590466
15.0092,18.9914,-0.623475
15.0832,19.9613,-0.401498
14.7671,20.7508,0.105506
14.9021,21.7465,0.16993
15.1829,22.7687,0.255992
15.1686,23.6148,-0.293551
14.9575,24.4297,0.207248
15.0755,25.3638,0.491363
15.105,26.3921,0.442875
14.9052,27.196,-0.134574
15.1588,28.1621,-0.374694
15.899,2.90218,0.735163
16.0162,3.94591,0.416898
16.1119,4.90778,-0.0308237
16.2402,5.94966,-0.136729
16.1249,6.9237,-0.355095
15.9829,7.88527,-0.566628
16.0782,8.87474,-0.661626
15.9224,9.85776,-0.875591
16.0635,10.8925,-0.951967
16.0662,11.8369,-1.29745
15.9903,12.7995,-1.42886
16.0727,13.7852,-1.68301
16.0856,14.0483,-2.67128
16.1252,14.5826,-1.86049
16.2028,15.1354,-2.72744
16.1209,15.5087,-1.79003
15.8718,16.4426,-1.8037
15.937,17.4,-1.35435
16.148,17.8889,-0.466771
16.0292,18.8243,-0.70593
16.1243,19.7806,-0.306821
15.7655,20.6469,0.0958556
15.8978,21.6192,0.331724
16.1856,22.5717,0.392285
16.1854,23.4845,-0.00932646
15.9361,24.4855,0.0328562
16.1084,25.4069,0.397342
16.0008,26.3239,-0.0231086
15.8945,27.3287,-0.0638234
16.1609,28.1972,-0.490915
16.8589,3.09734,0.476626
17.0113,4.04827,0.152669
17.0896,5.07179,0.120859
17.2701,6.04907,0.0152532
17.0741,7.01656,0.0268471
17.0207,7.81183,-0.59183
17.0845,8.8043,-0.660082
16.9735,9.79659,-0.855016
17.1186,10.8117,-0.81984
17.0574,11.7743,-1.18713
17.0576,12.7944,-1.24115
17.0869,13.6527,-1.71124
17.0913,13.9165,-2.64097
17.1367,14.5032,-1.81994
17.2611,15.0773,-2.59506
17.1304,15.389,-1.62551
16.8518,16.3349,-1.64603
16.959,17.2876,-1.34299
17.1105,17.9158,-0.549831
17.0181,18.94,-0.653386
17.1307,19.9644,-0.581463
16.7981,20.644,0.00964385
16.9156,21.6353,0.296283
17.2342,22.5648,0.131025
17.1627,23.6008,0.050145
16.9299,24.5723,0.162267
16.926,25.5252,-0.2567
17.0607,26.4929,-0.0944151
16.8837,27.5314,-0.0639271
17.2053,28.3268,-0.578726
17.8666,3.09046,0.424534
18.0613,4.03679,0.136348
18.0496,5.0097,-0.144713
18.2265,5.98834,-0.169451
18.1191,6.97651,0.115372
18.0514,7.77691,-0.50083
18.1122,8.79776,-0.525199
17.9968,9.75972,-0.878661
18.1089,10.8304,-0.95547
18.1142,11.8443,-1.03037
18.1509,12.7499,-1.35603
18.0894,13.67,-1.65792
18.121,13.6558,-2.65448
18.1626,14.4876,-2.0404
18.2739,15.1521,-2.83997
18.0872,15.2371,-1.8629
17.8521,16.1464,-1.60921
17.9578,17.113,-1.38394
18.0662,18.0071,-0.87683
18.0525,19.0163,-0.653304
18.1476,19.9861,-0.737107
17.766,20.7769,-0.194009
17.9153,21.7395,0.274563
18.2386,22.6873,0.188678
18.1811,23.6658,-0.107859
17.8853,24.6452,-0.0574297
17.9695,25.6505,-0.258889
18.0581,26.6082,0.0263131
17.9089,27.6361,0.0601154
18.1778,28.2102,-0.732536
18.8654,2.96398,0.499896
19.1171,3.88589,0.196646
19.0905,4.81491,-0.196112
19.2859,5.82505,-0.139732
19.1158,6.78375,0.199847
19.107,7.66729,-0.340147
19.0757,8.62394,-0.685119
19.0332,9.61895,-0.924601
19.1509,10.6617,-0.811435
19.1411,11.6228,-1.04969
19.1643,12.6418,-1.23889
19.0913,13.6127,-1.47108
19.1368,13.6266,-2.4775
19.1864,14.4881,-1.8867
19.2284,14.8877,-2.81024
19.1346,15.3474,-1.86563
18.8493,16.3309,-1.66428
18.9975,17.1929,-1.19069
19.1193,18.0776,-0.659996
19.0143,19.0529,-0.921885
19.2232,19.9999,-0.626634
18.8596,20.8088,-0.183148
18.9155,21.6586,0.299692
19.2157,22.6138,0.278893
19.1183,23.6485,0.337877
18.9148,24.5836,0.0687185
18.9758,25.6046,-0.12584
19.1069,26.5808,0.0555742
18.9084,27.5304,-0.144859
19.2138,28.278,-0.725443
19.8726,2.90329,0.426743
20.061,3.72573,-0.151009
20.1164,4.70685,-0.328037
20.231,5.57263,0.25331
20.1069,6.55163,0.0720634
20.0872,7.60182,-0.0702353
20.0784,8.40286,-0.744859
20.0175,9.44854,-0.853716
20.1208,10.458,-0.747444
20.2037,11.416,-1.0633
20.1932,12.4099,-1.28095
20.1001,13.4256,-1.43072
20.0994,13.3662,-2.4213
20.1618,14.1973,-1.80407
20.1535,15.0275,-2.40906
20.1385,15.3823,-1.47972
19.8642,16.3019,-1.71486
20.0168,17.1136,-1.09668
20.1316,18.0527,-0.698672
20.009,19.0419,-0.634126
20.1442,19.96,-0.22884
19.8324,20.9479,-0.0906247
19.9935,21.8119,0.426691
20.1643,22.7256,-0.0461989
20.1181,23.6687,0.294461
19.9035,24.619,0.00572832
19.9601,25.6544,-0.176382
20.1617,26.6479,0.0422163
19.8707,27.6158,0.215061
20.2655,28.157,-0.608179
20.8344,2.69512,0.5932
21.0618,3.48143,0.0504135
21.1363,4.41718,-0.302457
21.2242,5.37012,0.0354991
21.1625,6.36656,-0.0144841
21.1397,7.36047,-0.0356761
21.1047,8.24601,-0.543751
20.9531,9.24354,-0.494321
21.0914,10.1916,-0.710022
21.2386,11.1756,-0.979281
21.1898,12.1493,-1.22213
21.1303,13.1545,-1.31497
21.0966,13.4638,-2.26923
21.204,14.1937,-1.53917
21.1923,14.8458,-2.29286
21.1509,15.404,-1.47252
20.8735,16.3818,-1.77121
21.0495,17.2457,-1.23252
21.0509,18.2442,-1.09773
21.0485,19.2409,-0.833256
21.1969,20.0736,-0.262014
20.83,20.9591,-0.034788
20.9556,21.9318,0.114814
21.1558,22.8472,-0.238261
21.1177,23.7274,0.172253
20.9191,24.7259,0.134318
20.9677,25.6685,-0.202383
21.2301,26.7299,-0.186633
20.9147,27.6033,0.201007
21.2443,28.2752,-0.45479
21.8298,2.59229,0.907624
22.0053,3.37241,0.339479
22.1222,4.05034,-0.353282
22.2059,4.99675,-0.0321909
22.0806,6.01578,-0.129539
22.1229,6.99537,-0.187454
22.1601,7.94479,-0.539372
22.0147,8.97541,-0.44109
22.0886,9.94639,-0.695538
22.2018,10.9646,-0.76361
22.2374,11.9695,-1.00336
22.1523,12.9894,-1.10446
22.0993,13.2835,-2.04023
22.246,14.0346,-1.43543
22.2125,14.624,-2.2649
22.0931,15.5104,-1.84371
21.9189,16.4642,-1.60573
22.0313,17.3374,-1.06252
22.1189,18.3396,-1.21603
22.1005,19.349,-1.00449
22.2586,20.0336,-0.273418
21.8328,20.974,-0.118723
21.9524,21.9497,-0.151415
22.2102,22.9905,-0.22486
22.1189,23.8605,0.270824
21.8986,24.8301,0.346144
22.0001,25.7653,-0.0469863
22.1919,26.6439,0.338826
21.982,27.6098,0.340483
22.3047,28.2108,-0.420786
22.8317,2.2338,0.943974
22.9925,3.01209,0.297461
23.0867,3.80826,-0.282122
23.184,4.86174,-0.0970702
23.1155,5.86719,-0.0730216
23.1532,6.86189,-0.13639
23.1667,7.78079,-0.578835
23.0311,8.75286,-0.454418
23.1625,9.75119,-0.571987
23.1867,10.7406,-0.763222
23.1915,11.7312,-0.742418
23.1095,12.6127,-1.27037
23.1281,13.3651,-1.90695
23.2236,13.9398,-1.12878
23.1482,14.5879,-1.87678
23.0876,15.5318,-1.50556
22.9648,16.5013,-1.3288
23.0456,17.4637,-1.07053
23.0418,18.3954,-1.53827
23.1503,19.1291,-0.887091
23.2382,20.0843,-0.608918
22.9039,20.8604,0.0358074
22.9377,21.8713,0.193377
23.1818,22.8667,0.023188
23.1198,23.7843,0.400143
22.9554,24.7611,0.358745
22.9703,25.6198,-0.155245
23.1658,26.5956,0.0402112
22.9315,27.5914,0.0960051
23.2503,28.5475,-0.0630665
23.8792,2.13714,1.03515
24.05,2.97425,0.346818
24.1267,3.74872,-0.263808
24.2206,4.73852,-0.0694205
24.1363,5.70966,0.268236
24.1068,6.58346,-0.223218
24.1866,7.56362,-0.469933
23.9854,8.54149,-0.366005
24.1497,9.5675,-0.427754
24.1479,10.5557,-0.520685
24.1819,11.5158,-0.719227
24.0024,12.207,-1.46386
24.1667,13.1377,-1.88629
24.1715,13.7859,-1.09057
24.1192,14.5402,-1.74376
24.1555,15.5098,-1.45117
23.9906,16.5066,-1.37342
24.0791,17.4683,-1.13106
24.081,18.4604,-1.18065
24.1559,19.3282,-0.69079
24.2458,20.3159,-0.70343
23.9239,20.9052,0.0420454
23.9899,21.8967,0.229511
24.2209,22.8601,-0.000747703
24.1345,23.8198,0.370193
23.9795,24.8245,0.563936
23.9059,25.7525,0.201798
24.1452,26.7687,0.108164
23.9837,27.8299,0.0389843
24.3017,28.8069,-0.0316965
24.9306,2.17986,1.1295
25.039,2.70958,0.299612
25.1581,3.47921,-0.326005
25.2041,4.48761,-0.234498
25.1079,5.33869,0.317237
25.1053,6.37421,0.0904752
25.1502,7.3706,-0.192349
24.9783,8.32738,-0.462749
25.1303,9.34635,-0.362914
25.1629,10.3316,-0.569826
25.223,11.3316,-0.604346
24.947,12.1073,-1.2
25.1546,12.8927,-1.77233
25.1764,13.6759,-1.09765
25.1492,14.5319,-1.58493
25.1107,15.4388,-1.06852
25.0125,16.4265,-1.30013
25.0948,17.3878,-1.05402
25.1382,18.378,-0.991333
25.1364,19.3413,-0.600659
25.312,20.3799,-0.795825
24.9549,20.9517,-0.0444624
24.9669,21.958,0.0694052
25.2071,22.9396,-0.309925
25.1032,23.8559,0.156212
24.9647,24.8079,0.297366
24.8914,25.6943,-0.149867
25.1485,26.673,-0.00549638
25.0419,27.6657,0.0050264
25.2568,28.621,-0.313926
25.9707,2.11278,1.14035
26.0195,2.32936,0.172036
26.1788,3.24703,-0.210337
26.1923,4.24715,-0.411789
26.091,5.01479,0.290109
26.1491,6.05023,0.192517
26.1133,7.04613,-0.0323832
26.0191,8.05374,-0.279037
26.0977,9.07198,-0.30925
26.2148,10.0541,-0.469942
26.2787,11.0993,-0.598538
25.9324,11.7652,-1.22906
26.1246,12.7168,-1.55988
26.2169,13.6005,-1.12907
26.1405,14.5141,-1.6229
26.1278,15.4069,-1.19804
25.9981,16.3929,-0.922993
26.0482,17.395,-0.758391
26.1314,18.3793,-1.00358
26.1857,19.3324,-0.623557
26.3101,20.3117,-0.563054
25.9715,21.0041,0.0714133
25.9709,22.0131,0.036549
26.1899,22.9872,-0.0599628
26.0932,23.9948,-0.1906
26.0082,24.876,0.216144
25.9454,25.8075,-0.196384
26.1424,26.7537,-0.309149
26.086,27.6985,-0.0799402
26.2776,28.6584,-0.277792
27.0056,2.09334,1.35445
27.0138,2.40543,0.394031
27.2088,3.11566,-0.273156
27.2165,4.09301,-0.214164
27.0704,4.85279,0.506619
27.13,5.87762,0.274407
27.1345,6.86571,-0.0365215
27.0332,7.85775,-0.137599
27.0775,8.82483,-0.502701
27.0892,9.77036,-0.101309
27.1542,10.549,-0.761538
26.9434,11.5105,-1.00932
27.0474,12.4858,-1.05084
27.1833,13.4331,-0.830311
27.036,14.3863,-1.0931
27.1181,15.4246,-0.908231
26.9364,16.4066,-0.604144
27.078,17.3776,-0.545433
27.1074,18.2159,-1.14339
27.1603,19.0916,-0.649095
27.2684,20.0106,-0.283319
27.0003,20.9223,0.0106876
27.0131,21.962,-0.00604572
27.1242,22.9029,-0.395465
27.0805,23.9139,-0.24319
27.044,24.8759,0.123588
26.9907,25.8474,-0.122141
27.1847,26.773,-0.393707
27.1169,27.7807,-0.346065
27.2588,28.7454,-0.0737205
27.98,1.81535,1.33094
28.0032,2.17877,0.407541
28.2194,2.89193,-0.306607
28.1625,3.87737,-0.299216
28.1548,4.57746,0.464055
28.1473,5.51388,0.211896
28.1235,6.4943,-0.0152257
28.0194,7.50756,-0.247801
28.0777,8.51152,-0.511454
28.1314,9.47314,-0.237144
28.1338,10.4597,-0.424155
27.9258,11.4094,-0.731242
28.0848,12.3539,-0.943571
28.1434,13.3033,-0.541362
27.9932,14.264,-0.852547
28.0846,15.263,-0.703696
27.9348,16.248,-0.496875
28.0641,17.2785,-0.271575
28.0876,18.0475,-0.92982
28.1704,19.0535,-0.6433
28.3069,20.0002,-0.295679
28.0351,20.9605,-0.0245277
28.0323,21.9923,-0.0642415
28.1584,22.9711,-0.11424
28.1021,23.9607,-0.335176
28.0159,24.8529,0.0812067
28.0001,25.8314,-0.0492843
28.1452,26.8081,-0.0925657
28.1106,27.71,-0.478103
28.3064,28.6028,-0.0748344
29.0358,1.66998,1.23468
28.9143,1.7238,0.248524
29.125,2.49562,-0.38482
29.1251,3.4789,-0.230842
29.1432,4.25843,0.441368
29.151,5.23394,0.191308
29.1501,6.26215,0.201169
29.0336,7.18884,-0.181176
29.0919,8.22472,-0.349129
29.1755,9.22385,-0.274865
29.1116,10.1968,-0.265862
28.9558,11.1451,-0.477047
29.149,12.0928,-0.716529
29.1413,13.1429,-0.61822
29.0232,14.1907,-0.721461
29.1126,15.2152,-0.621647
29.0027,16.158,-0.367473
29.0747,17.1247,-0.159142
29.1154,18.0395,-0.560161
29.1569,19.0513,-0.385388
29.3444,20.0559,-0.396756
29.0256,20.8118,0.142738
29.0775,21.8349,0.0182989
29.1493,22.8403,-0.0149144
29.1382,23.8459,-0.227781
29.0542,24.8281,0.0014069
29.0369,25.8407,0.142964
29.2092,26.7994,-0.0610523
29.1111,27.7918,-0.0804498
29.2435,28.7099,0.314063
