3.39826,4.92552,1.05032
3.95451,5.47972,0.414225
3.68469,4.55318,0.197415
3.50955,3.85477,0.871453
2.65222,4.22561,1.19342
2.4131,4.7478,0.344374
3.10245,5.38519,0.0124027
3.52604,6.23372,-0.377407
4.06867,6.73762,0.321924
4.20488,5.68351,0.357006
4.38999,4.71083,0.860793
3.69127,4.5496,0.166268
2.90867,4.20562,0.664879
2.81161,3.89036,1.56723
3.6389,4.43664,1.31864
3.17105,5.21612,0.939076
2.90514,6.11872,0.63441
2.71889,6.80979,-0.0687613
3.37112,7.50719,0.403125
3.88686,6.64046,0.625147
3.71205,4.35929,0.140355
4.69301,4.27979,0.315442
3.74245,4.59607,0.165761
3.61911,4.4102,1.11792
4.21011,5.19087,1.04331
3.74719,5.52602,0.227229
3.47234,6.42854,-0.157662
3.52931,7.34446,0.235481
3.84608,6.91115,1.075
3.35962,7.41645,0.336381
4.43087,3.8634,-0.345436
3.68788,4.27772,0.271581
4.42757,4.15484,-0.405771
3.59789,4.13167,0.141014
4.48577,4.31452,0.54163
4.5338,4.99922,-0.168557
4.08372,5.77147,-0.566567
3.45602,6.58427,-0.47329
3.85485,6.19322,0.345042
3.97988,6.95173,0.946281
4.29929,4.16687,-1.28836
4.5218,4.22464,-0.283392
5.12146,4.64591,-0.960601
4.43882,4.27347,-0.338844
4.33462,5.19958,0.141096
5.26056,5.29538,0.501227
5.09612,5.64402,-0.427207
4.09383,5.85129,-0.362371
4.84443,5.96332,0.27593
4.05808,6.54751,0.0386303
4.9499,3.58727,-0.695898
4.95516,4.4595,-1.13423
4.52851,4.27188,-0.264864
4.66766,5.2512,-0.225605
4.29312,6.18043,0.0173315
4.81518,5.34405,-0.381527
5.39366,5.07902,0.423695
4.87111,5.98482,0.277935
5.35301,5.57828,-0.496924
5.06518,6.49233,-0.123676
5.46994,4.22878,-0.121418
4.61598,4.77857,-0.21941
5.446,4.41509,0.158318
5.36816,5.34658,0.529948
5.28665,6.17935,-0.000466933
5.49381,5.70763,-0.972442
5.53489,6.00569,-0.00785241
5.21585,5.06483,0.0511673
5.58191,4.67564,-0.894058
5.35475,5.51661,-0.362877
5.00388,5.09968,-0.338325
5.43692,4.22495,-0.508753
6.39267,4.49437,-0.208176
6.31441,5.17736,0.524662
5.47247,5.66007,0.879431
5.72723,6.0622,-0.0188147
5.63691,5.14169,0.463088
5.82702,5.77796,-0.31269
5.12793,5.08451,-0.123267
5.28831,5.74399,0.599176
5.93786,4.98234,0.0260811
5.36305,4.32118,0.477667
6.01666,5.13903,0.465435
6.37339,4.24707,0.136702
6.01147,5.17669,0.133857
6.66568,5.80217,-0.329524
6.08896,5.02716,-0.542793
6.63265,5.78802,-0.875753
5.727,5.43941,-0.87637
4.8646,5.59024,-0.341041
6.09605,4.36385,-0.720377
6.19243,4.82932,0.181909
5.34951,5.25654,-0.211698
6.14061,5.20203,0.401715
6.83317,4.53496,0.0745506
6.81643,4.93282,-0.899741
6.63266,5.92123,-0.583538
7.01541,6.73906,-0.99114
6.20886,6.21816,-1.25528
5.87466,5.83792,-0.377337
