2.9433,5.63924,0.32461
3.27344,4.89717,-0.237913
2.73407,4.41764,0.51301
2.47394,4.88622,-0.286044
3.27322,5.44284,-0.261068
4.0774,4.84527,-0.0804315
3.54995,5.44245,0.498868
2.70313,6.01606,0.503626
3.13904,6.39686,1.33563
3.25879,6.98692,0.539409
3.29351,4.72414,0.547533
3.51346,3.93987,0.0169317
2.93924,3.42242,0.658553
2.96175,4.06581,-0.0852535
2.62612,4.93416,0.361013
3.53369,5.45869,0.534916
2.65068,5.87135,0.319132
1.73385,6.10534,0.795517
2.28233,6.8385,1.3035
3.06734,7.49649,1.42424
3.98013,4.09693,0.206256
3.58813,3.51672,0.946663
3.68595,3.48196,-0.0632984
3.76526,4.36102,0.45334
3.47815,5.27122,0.744282
3.18112,4.79319,-0.0984924
3.13663,5.74641,-0.526893
2.44727,6.19875,0.0385876
2.9965,6.2266,0.908759
3.05843,6.56054,1.8592
4.59765,3.95958,-0.579971
3.8809,3.46992,-0.0556993
3.70662,4.34445,0.406894
2.82239,3.98537,0.26679
3.35079,4.76086,-0.117313
3.62662,5.18235,0.719333
4.05702,5.75383,0.0369121
3.15853,5.66254,-0.455574
3.72043,6.24996,0.199341
3.03676,6.55337,0.838438
4.83668,4.67116,-1.24862
4.56216,4.0213,-0.508551
4.51049,3.77231,0.433494
3.73424,4.41438,0.3305
4.21482,5.26498,0.115186
4.02124,6.08166,0.595663
4.94223,6.21774,0.235203
3.88169,6.18666,-0.0141758
4.6756,6.11049,0.576547
3.87215,6.68784,0.323865
4.64702,3.79904,-0.782226
4.89817,3.29027,0.10643
5.49308,3.99133,0.612189
4.63456,4.0204,0.0796442
4.9301,4.86832,-0.434574
4.43431,5.75277,-0.315882
5.40076,5.50531,-0.243892
4.84542,6.29635,0.220484
3.87675,6.60878,0.300787
4.85444,6.47809,0.426426
5.0704,3.39709,0.0630757
5.31948,2.53779,-0.389541
5.83966,3.10519,0.284527
5.50685,3.80059,-0.344627
5.46675,4.53423,0.303479
5.30728,5.51153,0.0810541
5.1401,6.45775,-0.225587
5.7809,6.35414,0.532902
4.9369,6.69866,0.147206
5.86862,6.31642,0.288058
5.72,4.08962,0.314753
5.94091,3.11196,0.157631
5.67255,4.09168,0.180395
5.79062,4.80728,-0.497449
6.068,5.388,0.235929
5.80086,6.19276,0.731397
5.73797,5.60893,-0.10315
5.85503,6.52731,-0.473022
5.80293,6.37885,0.521448
6.13729,7.26905,0.220276
5.65448,3.28422,-0.286496
6.45457,3.88625,-0.354781
5.96031,4.69375,-0.606403
6.62649,5.33887,-0.20683
6.30472,6.31568,-0.152837
5.4837,6.92027,0.0593036
6.22552,6.42926,-0.429368
6.30219,7.41622,-0.683993
5.94237,7.30413,0.29751
5.82329,7.58294,-0.664077
5.96853,2.43371,-0.738502
5.66155,3.26356,-0.226972
5.62729,4.19044,0.227348
6.57696,4.52154,0.402554
6.36448,5.32743,-0.148479
5.9073,6.1935,-0.501804
5.92162,6.11137,0.501828
5.91535,7.0893,0.218006
5.43465,7.53413,-0.552995
5.80392,6.59286,-0.474895
