0.0878231,0.0418378,-0.364956
0.00506912,1.33012,-0.361251
-0.0292001,2.63582,-0.364812
0.0257363,3.90209,-0.310645
-0.0248726,5.12916,-0.303024
0.0165685,6.35562,-0.38489
0.116865,7.58571,-0.478735
0.0788903,8.80248,-0.467916
0.0506394,10.0013,-0.474963
0.172256,11.1875,-0.468456
0.22439,12.3657,-0.480056
0.207117,13.5192,-0.530216
0.363408,14.6715,-0.692776
0.202689,15.6116,-0.444823
0.0864223,16.5358,-0.70853
0.220164,17.5178,-0.652147
-0.0821009,18.2952,-0.100815
-0.0260933,17.2472,-0.193786
0.131343,18.0404,0.350154
-0.018305,19.0062,0.2206
0.864211,0.704349,-0.222694
0.844929,1.93128,-0.232118
0.880023,3.13981,-0.390487
0.897046,4.35736,-0.366787
0.877209,5.54261,-0.402805
0.971743,6.73656,-0.504572
1.00025,8.01603,-0.528959
0.991043,9.25907,-0.483081
0.956813,10.5083,-0.657842
0.981527,11.7368,-0.632664
1.05275,12.954,-0.500034
1.16268,14.1313,-0.548689
1.55166,15.1379,-0.949666
1.33402,16.1265,-0.576431
0.860488,16.8588,-0.0128239
1.31961,17.3942,-0.719382
0.951885,18.1094,-0.1301
1.03682,17.1097,-0.259255
1.12072,18.0795,0.15526
0.982778,19.0624,0.247728
1.75876,0.89808,-0.603504
1.78928,2.15622,-0.510257
1.83367,3.42029,-0.507532
1.83493,4.65084,-0.540007
1.84315,5.89495,-0.595712
1.88201,7.21808,-0.655925
1.84417,8.52578,-0.698383
1.78682,9.87724,-0.622803
1.70233,11.1915,-0.511377
1.46189,12.5491,-0.313681
1.04083,13.8632,0.0074221
1.63104,15.0889,-0.570913
2.72203,15.6026,-1.45934
2.15214,16.6235,-1.22123
1.652,17.5035,-0.445842
2.26899,16.8524,-0.546608
1.99103,17.8366,-0.234251
1.99666,16.8579,-0.290548
2.14756,17.8884,-0.104337
1.99443,18.9293,0.0799493
2.76457,0.657668,-0.499399
2.77302,1.86661,-0.559365
2.79716,3.09944,-0.596106
2.79614,4.38301,-0.596545
2.8572,5.60878,-0.587963
2.79787,6.79014,-0.726215
2.78751,8.04143,-0.766097
2.60979,9.1899,-0.755034
2.48306,10.4462,-0.658525
2.17081,11.6628,-0.573351
1.90945,12.8733,-0.26661
2.11208,13.9734,-0.480938
2.82015,14.7098,-0.806662
2.93165,15.794,-0.635527
2.42542,16.6212,-0.56624
2.91825,16.9626,0.234767
2.93946,17.9451,0.112888
2.98819,17.0753,-0.392697
3.13411,18.0127,-0.0657216
2.98336,19.0051,-0.145015
3.81147,0.459432,-0.421528
3.76359,1.60088,-0.435301
3.69648,2.80017,-0.314618
3.73859,3.96958,-0.411332
3.74049,5.0817,-0.435206
3.6085,6.24928,-0.550603
3.61102,7.42947,-0.585739
3.49407,8.61983,-0.552889
3.25881,9.75502,-0.607376
3.07904,10.9199,-0.716095
2.76921,12.0223,-0.531599
2.85492,13.1446,-0.488562
3.47744,13.9385,-0.523246
3.68896,14.9927,-0.430186
3.29964,15.9093,-0.382916
3.73144,16.4252,0.322983
3.79476,17.4339,0.235264
4.02154,17.125,-0.681921
4.11497,18.0891,-0.452257
3.98117,19.1169,-0.31062
4.8619,0.297647,-0.31536
4.79456,1.40014,-0.327976
4.71205,2.53822,-0.310263
4.74285,3.63913,-0.306415
4.72705,4.77309,-0.277258
4.57745,5.89046,-0.404355
4.59727,7.01191,-0.494159
4.4533,8.1534,-0.458296
4.16073,9.22702,-0.513514
4.03485,10.3321,-0.617701
3.75986,11.3922,-0.48037
3.78005,12.4196,-0.448033
4.2718,13.2931,-0.319993
4.40834,14.3179,-0.145042
4.1243,15.3066,-0.12139
4.68466,16.0329,0.368569
4.73825,17.0372,0.179141
5.02867,17.2057,-0.77684
5.13218,18.0611,-0.29039
4.96501,19.0668,-0.168877
5.87887,0.154726,-0.289306
5.81429,1.26394,-0.239549
5.69089,2.31799,-0.212626
5.74389,3.36569,-0.314225
5.73846,4.50185,-0.30011
5.56926,5.63013,-0.268496
5.5739,6.74066,-0.440037
5.43962,7.8097,-0.4236
5.13782,8.82575,-0.523811
5.03168,9.92655,-0.445173
4.81684,10.9902,-0.516388
4.83001,12.0695,-0.504303
5.29763,12.9884,-0.339592
5.42656,13.9519,-0.195483
5.09461,14.8692,-0.262453
5.57254,15.6918,0.0859432
5.67103,16.6446,0.385302
5.95438,17.2126,-0.432566
6.11307,18.2138,-0.461568
5.92783,19.024,0.0874935
6.89413,0.164968,-0.291076
6.8594,1.26221,-0.323432
6.74892,2.3717,-0.310276
6.7005,3.37644,-0.152608
6.7811,4.38225,-0.336555
6.66756,5.47584,-0.262023
6.62448,6.52521,-0.384689
6.42092,7.54563,-0.389029
6.17805,8.56396,-0.567434
6.0619,9.64853,-0.382696
5.89719,10.6897,-0.545625
5.88307,11.7289,-0.616834
6.26171,12.7355,-0.552889
6.36398,13.7461,-0.322117
6.19208,14.7202,-0.386117
6.51552,15.3811,0.307718
6.68779,16.3504,0.173464
6.98489,17.0103,-0.520032
7.07048,18.0037,-0.240098
6.94969,18.9536,-0.016242
7.94158,0.0200903,-0.490411
7.86518,1.09687,-0.448073
7.74075,2.12935,-0.156905
7.68046,3.18757,-0.28554
7.7662,4.20732,-0.17843
7.70338,5.23316,-0.288443
7.6378,6.24912,-0.28869
7.44403,7.31828,-0.452901
7.21872,8.28936,-0.489508
7.09049,9.38899,-0.428388
6.99421,10.4057,-0.639937
6.97195,11.451,-0.539836
7.27389,12.4135,-0.602905
7.35758,13.3619,-0.276571
7.22786,14.4143,-0.175677
7.53364,15.2872,0.300562
7.7217,16.2022,-0.00828578
7.99037,17.1082,-0.376974
8.14115,18.0365,-0.132511
7.95137,19.0356,0.0825556
8.92177,-0.0732505,-0.247444
8.91963,0.954921,-0.351973
8.70984,1.96828,-0.16003
8.75261,3.04345,-0.249654
8.75854,4.1423,-0.16024
8.67854,5.15385,-0.169359
8.7066,6.17047,-0.121509
8.43298,7.17806,-0.172561
8.24835,8.16307,-0.378008
8.17414,9.20619,-0.419962
8.04344,10.2028,-0.60268
8.04232,11.2802,-0.608185
8.28608,12.27,-0.639988
8.34212,13.2644,-0.536735
8.30141,14.2108,-0.29114
8.58173,15.1838,0.0207739
8.69548,16.1625,-0.154512
9.00348,17.075,-0.349263
9.10645,18.1103,-0.355278
8.9715,19.0215,0.0917508
9.91174,-0.12804,-0.256212
9.90439,0.906372,-0.216691
9.78472,2.00004,-0.188128
9.79395,3.06304,-0.12599
9.8048,4.08745,-0.0958403
9.73324,5.12516,-0.110825
9.73413,6.08334,-0.218101
9.49518,7.13922,-0.110858
9.31056,8.13221,-0.354949
9.29901,9.15741,-0.390368
9.12221,10.149,-0.5112
9.15515,11.2065,-0.608689
9.33061,12.1829,-0.606665
9.39088,13.1969,-0.44196
9.34075,14.1944,-0.154009
9.62657,15.1689,-0.105765
9.67615,16.1266,-0.289068
9.96861,17.0523,0.0133152
10.0923,18.068,-0.0263344
10.0072,19.053,0.125724
10.8221,-0.0569018,0.147279
10.9084,0.969692,-0.052916
10.8246,1.99399,-0.150401
10.8322,2.98681,-0.331471
10.8478,4.00802,-0.189779
10.7409,5.03612,-0.247682
10.7559,6.07635,-0.389022
10.5818,7.094,-0.268441
10.4095,8.08451,-0.334254
10.388,9.07983,-0.429762
10.271,10.0684,-0.458394
10.2422,11.0476,-0.618171
10.3901,12.0886,-0.468905
10.4297,13.0711,-0.356377
10.4309,14.0662,-0.287133
10.6857,15.0154,-0.156734
10.7253,16.0437,-0.169204
10.9813,17.0874,-0.189843
11.0789,18.0706,-0.00236824
11.0106,19.0774,0.141368
11.8409,0.0218329,0.120017
11.9002,1.02008,-0.0230171
11.8485,2.02947,-0.0185492
11.824,2.99929,-0.28251
11.8468,3.98423,-0.171905
11.8126,5.06281,-0.197851
11.7585,6.08161,-0.31691
11.6166,7.08577,-0.274328
11.4339,8.07059,-0.300681
11.482,9.05666,-0.389541
11.3689,10.0684,-0.459227
11.3656,11.0693,-0.572549
11.525,12.0841,-0.464879
11.507,13.1513,-0.31251
11.5181,14.0985,-0.114499
11.7336,15.0856,-0.0632649
11.7146,16.0985,-0.0975341
11.9384,17.0884,0.0527482
12.103,18.0605,0.0263497
12.049,19.0761,0.0909574
12.8299,0.00968352,-0.100134
12.8581,1.07479,-0.274664
12.887,2.02571,0.0434065
12.9067,3.03544,-0.109928
12.9009,4.05679,-0.24774
12.94,5.02679,-0.178964
12.7462,6.07327,-0.0802576
12.6951,7.05909,-0.245439
12.4924,8.01712,-0.326411
12.5783,9.08314,-0.389761
12.4849,10.1053,-0.459792
12.4035,11.0917,-0.439491
12.5602,12.0633,-0.223814
12.5464,13.0984,-0.294269
12.5908,14.1042,-0.207215
12.7896,15.0637,0.0800226
12.7889,16.0296,-0.19256
12.9914,17.0117,-0.0424299
13.0715,18.0269,0.102133
13.0519,19.0736,-0.00875271
13.8139,-0.0676504,-0.279308
13.835,0.987921,-0.089169
13.8704,2.03515,-0.14127
13.9794,3.03619,-0.137529
13.8857,4.04486,-0.17998
13.9242,5.02663,-0.0913846
13.7952,6.03571,-0.232368
13.7343,7.04674,-0.218036
13.5826,8.04972,-0.423542
13.649,9.05499,-0.516947
13.5694,10.0815,-0.548247
13.4876,11.0729,-0.362267
13.6071,12.1068,-0.387326
13.5566,13.0514,-0.045146
13.6846,14.029,-0.278677
13.7715,15.0417,-0.166878
13.8612,16.0352,-0.177883
13.9833,16.9397,0.216413
14.1057,17.9311,0.0968963
14.065,18.9325,0.0562548
14.8491,-0.00721152,-0.262065
14.8845,0.975185,-0.0737175
14.9223,2.00163,0.049675
14.9853,3.03965,0.0703665
14.9334,3.98914,-0.312415
14.9092,4.98065,-0.315696
14.8377,5.97019,-0.200479
14.7547,6.99282,-0.297897
14.7214,8.01589,-0.371075
14.7543,9.03814,-0.547319
14.6206,10.043,-0.503357
14.5545,11.0828,-0.460823
14.6054,12.034,-0.175262
14.6144,13.0785,-0.215635
14.6763,14.1035,-0.172027
14.8136,15.1165,-0.0838099
14.9292,16.1159,-0.133625
14.9679,17.1198,0.0279824
15.1192,18.1571,0.0358135
15.0281,19.1368,0.163887
15.9048,-0.143947,-0.205148
15.9103,0.849052,0.00538652
15.9237,1.85333,0.0635212
15.9667,2.9217,0.171563
15.9237,3.91096,-0.173205
15.9078,4.94852,-0.14901
15.9068,6.01581,-0.148894
15.7701,7.01725,-0.44547
15.8173,8.06229,-0.487326
15.7983,9.03916,-0.663195
15.7405,10.0269,-0.496249
15.6441,11.0051,-0.455629
15.6742,11.9913,-0.160668
15.7426,12.9943,-0.108798
15.7106,13.9914,0.0619129
15.8438,15.0276,-0.0584277
15.9444,16.0428,-0.139311
15.9609,17.0206,-0.00299081
16.1496,17.9888,0.0542222
16.0482,19.0024,0.126676
16.9416,0.0014069,-0.242064
16.9588,0.9772,-0.012064
16.9543,1.98865,0.107724
16.9131,2.9746,-0.192224
16.9652,3.97325,-0.344774
16.9745,4.93113,-0.127586
16.8857,6.02639,-0.356978
16.7847,7.04226,-0.591018
16.9349,8.02606,-0.606623
16.8568,9.03063,-0.349397
16.8556,10.0101,-0.468526
16.771,11.005,-0.373797
16.7283,12.004,-0.188507
16.752,13.0747,-0.033195
16.7672,14.0788,0.144951
16.8584,15.0256,-0.153093
16.9564,16.0219,-0.0886044
16.9819,16.9885,0.17564
17.1385,18.0663,0.332826
17.0345,19.0583,0.271645
17.9956,-0.137046,-0.127555
17.9526,0.919425,0.0282052
17.953,1.92653,0.0242775
17.9185,3.00992,0.017835
17.956,3.99797,-0.166588
17.9857,4.97546,-0.274328
17.9524,5.96759,-0.387204
17.8202,6.93383,-0.609732
17.9686,7.93142,-0.501849
17.9184,8.93179,-0.349165
17.9244,9.98483,-0.485171
17.8716,11.014,-0.295367
17.8259,11.9789,-0.185598
17.8452,12.9842,0.0759636
17.8146,13.9915,0.0575579
17.8966,14.9589,-0.0590136
18.0047,15.9357,0.0358654
17.9889,16.9994,0.131898
18.1506,17.963,0.389337
18.0332,18.9672,0.282553
19.0373,0.00430006,-0.110877
18.983,0.940095,0.227378
18.9321,1.95255,0.247893
18.9663,2.95408,0.0938444
18.9366,3.96758,-0.0348674
18.9856,5.01687,-0.0379711
19.0178,5.97719,-0.295056
18.8598,6.95234,-0.53126
19.0227,7.97338,-0.556829
18.9634,8.96456,-0.38204
18.9681,9.98011,-0.489059
18.8904,10.9949,-0.342817
18.9678,11.9966,-0.177187
18.9226,12.9861,0.0866085
18.9263,14.0451,0.150066
18.9532,15.077,0.179684
19.0595,16.0347,-0.0659169
19.0058,17.0107,0.037962
19.115,18.0085,0.0990417
18.9999,18.9858,0.0316691
