0.146297,0.39689,-1.91749
0.113636,1.71298,-1.98413
0.0626789,2.96176,-2.05145
0.124213,4.2295,-2.16291
0.101419,5.47204,-2.18651
0.1309,6.69667,-2.28412
0.0937773,7.97274,-2.4423
0.269176,9.23632,-2.51497
0.423624,10.4551,-2.63845
0.68399,11.5817,-2.78777
1.06616,12.6218,-2.67085
0.93469,13.7432,-2.51151
0.525599,14.6673,-2.30969
0.432685,15.6068,-1.75322
0.100366,16.4415,-1.21316
0.360045,17.4041,-1.20396
-0.108219,18.2041,-0.77177
0.0998291,17.2149,-0.877837
0.0336558,18.0065,-0.225617
-0.0279122,19.0027,-0.131498
0.850774,1.20487,-1.97207
0.869756,2.39825,-2.05312
0.932783,3.5549,-2.15166
1.00931,4.75346,-2.31453
0.969304,5.96344,-2.35113
1.08303,7.10269,-2.54982
1.1448,8.30311,-2.56677
1.26724,9.46817,-2.68126
1.40617,10.6033,-2.85304
1.62405,11.719,-2.92458
2.07272,12.694,-2.5285
1.96682,13.845,-2.17894
1.59413,14.7901,-2.14674
1.50075,15.7043,-1.58603
1.16128,16.5627,-1.19131
1.48831,17.554,-1.06997
0.860463,18.1854,-0.657021
1.11155,17.3578,-1.16571
1.04106,18.0891,-0.486926
0.960607,19.0377,-0.305271
1.78591,1.59496,-2.05851
1.8716,2.77397,-2.18003
1.90957,3.96313,-2.25561
1.92492,5.1692,-2.3127
1.93917,6.37429,-2.43527
2.00219,7.61294,-2.48867
2.06258,8.81123,-2.8004
2.13707,10.0423,-2.87784
2.06453,11.2911,-2.85481
2.23613,12.3924,-2.48535
2.4522,13.3112,-1.71979
2.47501,14.6454,-1.4823
1.89784,15.7459,-2.02544
2.28346,16.3671,-1.03831
1.83341,17.4023,-1.25978
2.32638,16.8546,-0.679308
1.85239,17.8598,-0.72071
2.07633,16.9705,-0.995227
1.96886,18.0274,-0.925098
1.83857,19.0456,-0.859285
2.78298,1.25552,-2.14537
2.83292,2.42048,-2.21073
2.91791,3.61599,-2.3649
2.91192,4.7961,-2.41943
2.92081,5.98327,-2.44089
2.95712,7.179,-2.55353
2.92391,8.28337,-2.5839
2.85056,9.39685,-2.64268
2.80956,10.5361,-2.92806
2.8612,11.6472,-2.93479
2.67937,12.7473,-2.5952
2.75233,13.815,-2.24471
2.58637,14.8684,-2.34116
2.82583,15.6588,-1.68314
2.44331,16.4224,-1.16607
2.66473,17.2753,-1.63422
2.889,17.8096,-0.819736
2.76294,17.2737,-1.68356
2.99485,18.024,-1.06687
2.84654,19,-1.00254
3.82582,1.00241,-2.00536
3.84329,2.09975,-2.15283
3.87555,3.24324,-2.10825
3.82325,4.35574,-2.22459
3.84595,5.56857,-2.30515
3.82984,6.68158,-2.3728
3.79819,7.78954,-2.48055
3.69354,8.88616,-2.40596
3.63624,9.95116,-2.64846
3.59698,11.0157,-2.60073
3.50385,12.0896,-2.5597
3.40324,13.094,-2.41047
3.48921,14.1609,-2.3825
3.63556,15.0435,-1.88952
3.44914,15.8579,-1.32398
3.61905,16.8233,-1.58053
3.8542,17.5648,-0.832945
3.74024,17.5225,-1.82217
3.98849,18.2601,-1.1978
3.86767,19.1845,-0.88815
4.7924,0.70585,-1.77048
4.83217,1.80085,-1.96501
4.84488,2.88932,-1.96731
4.83815,3.99452,-2.07036
4.77087,5.0965,-2.12925
4.78314,6.24431,-2.17782
4.68213,7.29011,-2.23833
4.66807,8.37742,-2.42322
4.51937,9.4244,-2.41326
4.51323,10.4811,-2.41952
4.3995,11.5232,-2.5437
4.2806,12.5266,-2.34703
4.3932,13.5374,-2.17333
4.48491,14.5423,-1.95447
4.43532,15.4741,-1.56257
4.58141,16.4746,-1.46602
4.78088,17.133,-0.731043
4.73572,17.2486,-1.76006
4.99761,18.0312,-1.17946
4.84853,18.9826,-0.901904
5.77579,0.31937,-1.69426
5.73182,1.34184,-1.66382
5.79008,2.46942,-1.81007
5.70334,3.58955,-1.79887
5.71012,4.73254,-1.90625
5.62197,5.76957,-1.91371
5.58376,6.83944,-1.95184
5.52376,7.88453,-2.14158
5.49776,8.99033,-2.21748
5.43721,9.99622,-2.28927
5.30002,11.0199,-2.2926
5.21881,12.0751,-2.27505
5.33457,13.0589,-1.96522
5.44275,14.0556,-1.86803
5.46606,15.0489,-1.56206
5.58915,16.0609,-1.39407
5.77102,16.9439,-0.807425
5.74004,17.2701,-1.7996
6.01988,18.051,-1.08776
5.86418,19.0072,-0.813636
6.75893,0.201151,-1.52507
6.76547,1.29691,-1.58911
6.7961,2.33693,-1.59412
6.7423,3.37237,-1.57552
6.67749,4.41574,-1.72055
6.65199,5.47848,-1.82283
6.54165,6.48395,-2.00895
6.53893,7.55528,-1.99693
6.45364,8.61518,-2.1578
6.40187,9.66096,-2.25589
6.25521,10.6643,-2.08021
6.21703,11.7409,-2.11081
6.3406,12.7305,-1.98879
6.43377,13.7236,-1.75632
6.51049,14.7273,-1.60565
6.62858,15.7494,-1.4832
6.75119,16.6158,-0.918409
6.75463,17.2747,-1.68382
7.06319,17.9282,-1.04366
6.87414,18.8923,-0.807901
7.77225,-0.0414808,-1.54848
7.74845,1.036,-1.50208
7.75509,2.05255,-1.57681
7.76068,3.11141,-1.47923
7.74354,4.20125,-1.54534
7.64289,5.22169,-1.68076
7.57474,6.2595,-1.84156
7.57464,7.31276,-2.02386
7.4536,8.38148,-2.2174
7.41714,9.41771,-2.06659
7.3332,10.3739,-1.92409
7.25645,11.4381,-1.87075
7.33313,12.4429,-1.89972
7.42461,13.4395,-1.62969
7.50338,14.4394,-1.38005
7.63995,15.4616,-1.35825
7.70292,16.4494,-1.06213
7.78447,17.2816,-1.61515
7.98958,17.7852,-0.715317
7.87572,18.8075,-0.441005
8.83543,-0.065099,-1.38993
8.75021,0.906183,-1.30642
8.82607,1.95292,-1.44668
8.78184,2.96693,-1.4357
8.7451,4.06222,-1.4731
8.67001,5.09222,-1.50161
8.59251,6.13833,-1.4866
8.55455,7.11193,-1.76129
8.47299,8.10805,-2.0454
8.4872,9.16712,-2.01445
8.40113,10.2018,-1.90334
8.33445,11.2368,-1.74665
8.38943,12.3019,-1.74613
8.4718,13.2796,-1.37732
8.55414,14.236,-1.23792
8.57956,15.2123,-1.26241
8.72752,16.1701,-1.24626
8.77107,17.1413,-1.44101
8.87224,18.0933,-1.04127
8.86373,19.0074,-0.627784
9.80996,-0.259041,-1.19571
9.79824,0.723246,-1.11436
9.80953,1.72663,-1.35402
9.76354,2.78333,-1.34298
9.75702,3.82304,-1.46769
9.66547,4.85103,-1.35704
9.6862,5.9161,-1.51914
9.65066,6.94546,-1.63946
9.471,7.96463,-1.56505
9.51519,9.02773,-1.66451
9.42095,10.0247,-1.68707
9.40957,11.0907,-1.5346
9.43616,12.1758,-1.51202
9.5029,13.1303,-1.25717
9.56208,14.1194,-1.1228
9.70028,15.0868,-1.27633
9.76739,16.0764,-1.37164
9.81666,17.0692,-1.34173
9.89334,18.0537,-1.06049
9.85693,19.0586,-0.963137
10.8618,-0.172567,-1.16248
10.8027,0.850111,-1.13149
10.8307,1.87453,-1.12658
10.766,2.83501,-1.42537
10.789,3.83755,-1.43527
10.6864,4.87562,-1.39383
10.7077,5.92248,-1.45691
10.6395,7.02572,-1.3768
10.5208,8.0168,-1.48664
10.5835,9.04132,-1.55917
10.4678,10.0708,-1.57606
10.4721,11.0817,-1.53687
10.5338,12.1218,-1.40236
10.5455,13.0681,-1.09119
10.6255,14.0866,-1.24364
10.6897,15.0538,-1.54425
10.8502,16.0685,-1.36819
10.847,17.1113,-1.18475
10.8854,18.1637,-1.23718
10.8687,19.1433,-1.06253
11.9349,0.0203894,-1.03268
11.7665,0.951097,-1.36093
11.8573,1.93637,-1.25261
11.7592,2.95852,-1.29017
11.7804,3.97438,-1.46408
11.7291,4.98937,-1.43392
11.7416,6.00672,-1.42572
11.6653,7.07839,-1.28422
11.5728,8.07212,-1.59441
11.6015,9.06995,-1.4537
11.5734,10.0996,-1.57006
11.4935,11.0912,-1.65273
11.5791,12.1139,-1.57007
11.5878,13.0505,-1.18696
11.6817,14.0155,-1.15408
11.771,14.9991,-1.39933
11.8435,16.0142,-1.26093
11.9413,17.0116,-1.21046
11.9175,18.0779,-1.15002
11.8803,19.0424,-0.883435
13.0068,-0.0487075,-1.12202
12.8062,0.921195,-1.29053
12.859,1.95674,-1.47168
12.7692,2.95434,-1.50762
12.7591,3.9775,-1.23663
12.7913,4.98025,-1.42131
12.8149,6.02944,-1.37633
12.7371,7.04006,-1.2512
12.6271,7.96367,-1.61249
12.6535,8.97233,-1.55329
12.6583,10.0234,-1.46396
12.5433,11.0353,-1.52323
12.6228,11.999,-1.44947
12.5928,13.0418,-1.27386
12.7838,13.9958,-1.17227
12.8069,15.0835,-1.20897
12.8995,16.107,-1.2223
12.9734,17.1228,-1.02065
12.9482,18.1408,-1.07161
12.9435,19.1418,-0.847249
14.0518,-0.214423,-1.1575
13.8168,0.786819,-1.37107
13.8506,1.84147,-1.35729
13.7946,2.8779,-1.28303
13.7587,3.91852,-1.27917
13.8471,4.92735,-1.43959
13.8804,5.97109,-1.43565
13.7553,6.98285,-1.21179
13.7003,7.97609,-1.41633
13.6919,9.01475,-1.47237
13.6751,10.0143,-1.44371
13.591,10.9966,-1.25133
13.6243,11.9946,-1.25777
13.5838,13.0645,-1.24619
13.8471,14.0584,-1.22143
13.8441,15.1123,-1.27456
13.9418,16.1304,-1.06341
13.9909,17.1292,-0.942228
13.9843,18.1855,-0.90173
13.9648,19.2059,-0.691348
15.0627,-0.318543,-1.10242
14.8762,0.669021,-1.1694
14.9155,1.73951,-1.22207
14.865,2.78076,-1.22543
14.7785,3.75869,-1.3358
14.8374,4.79853,-1.14086
14.9127,5.88393,-1.12984
14.841,6.92481,-1.23727
14.7839,8.01288,-1.42214
14.7572,9.00112,-1.39207
14.7054,10.0567,-1.3479
14.69,11.0648,-1.30043
14.7068,12.1172,-1.26393
14.6258,13.1374,-1.15338
14.8382,14.1567,-1.23973
14.9006,15.1934,-1.14007
15.0508,16.1881,-1.03803
14.9979,17.1957,-0.834907
14.9737,18.2241,-0.703626
15.0106,19.2149,-0.579452
16.0761,-0.209177,-1.13293
15.9054,0.807755,-1.25571
15.9137,1.82687,-0.988592
15.8726,2.84161,-1.14597
15.7864,3.84853,-1.09085
15.8522,4.90799,-1.15874
15.9167,5.9649,-1.25184
15.8928,6.99002,-1.14813
15.81,7.96048,-1.39402
15.8745,8.95006,-1.26847
15.7711,9.96804,-1.31129
15.7365,11.0069,-1.11587
15.7281,12.0753,-1.09205
15.6433,13.1399,-1.01345
15.8301,14.1061,-1.08845
15.9506,15.1134,-0.905261
16.1102,16.1019,-0.857704
15.9614,17.156,-0.69331
15.9564,18.1407,-0.399539
16.0198,19.1977,-0.287338
17.1073,-0.203165,-1.03379
16.9338,0.797784,-0.937016
16.9555,1.86117,-0.768117
16.949,2.78507,-1.13782
16.8472,3.89657,-1.07064
16.8557,4.87055,-1.1737
16.9593,5.91363,-1.13258
16.9433,6.91095,-1.24926
16.7953,7.90777,-1.24427
16.9518,8.95333,-1.30368
16.7769,9.95771,-1.07152
16.8204,11.0167,-1.14802
16.8072,12.086,-1.08245
16.7361,13.1077,-0.942839
16.9016,14.0735,-0.920652
16.9478,15.0785,-0.885794
17.099,16.029,-0.586578
17.0169,17.0848,-0.537696
17.0355,18.0574,-0.321421
17.0417,19.1274,-0.29144
18.1393,-0.269262,-1.10222
17.9668,0.775063,-1.02757
18.0343,1.84793,-0.956609
18.01,2.87922,-1.1279
17.8446,3.91088,-1.00641
17.907,4.93759,-1.1982
17.9824,5.96215,-1.05316
17.979,6.98517,-1.30996
17.8793,7.98034,-1.22847
17.9856,9.05573,-1.22136
17.7922,10.0399,-0.962801
17.9278,11.0195,-1.05908
17.8696,12.0179,-0.976104
17.7715,13.0328,-0.943971
17.9141,14.0842,-0.868419
17.9711,15.1108,-0.855568
18.0883,16.1189,-0.822083
18.0208,17.0827,-0.592398
18.0544,18.0297,-0.183004
17.974,19.0186,0.0710471
19.0741,0.0722495,-1.02753
18.9535,1.05557,-0.979656
19.0349,2.03299,-0.812021
19.0569,3.02011,-1.00127
18.8489,4.00175,-1.07817
18.8903,5.0053,-1.09847
19.0606,6.00224,-1.0871
18.9768,6.99553,-1.00347
18.8851,8.02676,-1.01526
19.06,9.07176,-1.02951
18.8856,10.0909,-0.999548
18.9653,11.0811,-0.853102
18.8996,12.0751,-0.953859
18.8349,13.0674,-1.07713
18.9544,14.0814,-0.825224
19.029,15.1322,-0.834413
19.1045,16.1764,-0.91157
19.0256,17.1707,-0.532478
19.1028,18.1215,-0.203085
18.9954,19.0463,0.350581
