-0.00694906,0.0382244,-0.0176122
0.936131,-0.0646931,0.352709
1.98155,0.0118656,0.0287667
2.97425,0.00656453,0.0462691
3.96014,0.0330332,0.270363
4.95002,0.0191809,-0.0411054
5.96313,0.00235603,0.125376
6.9625,0.00912198,-0.050737
7.9538,-0.0237037,-0.370272
8.95808,-0.0160527,-0.238685
9.92618,-0.0331797,0.176342
10.9153,-0.0103153,0.0348766
11.9688,-0.0657826,0.238072
12.9506,-0.00984832,0.18038
13.952,0.0699484,0.123148
14.8876,-0.116135,0.452022
15.8871,0.00629902,0.21565
16.9176,-0.0116245,0.158394
17.9291,-0.0272011,-0.0998413
18.9157,0.0023072,0.0907193
-0.0216163,0.976223,-0.255809
0.957585,0.911008,0.0637715
1.92148,1.01079,-0.00469985
2.95621,1.01441,0.046205
3.94485,0.998505,0.00341197
4.95935,0.971905,0.335698
5.9881,0.996191,0.366356
7.01064,1.04796,0.121796
7.99176,0.881393,0.0843837
8.98871,0.849214,0.242531
10.0003,0.954942,0.126353
10.9517,0.914948,0.355257
11.9414,0.936552,0.265938
13.0363,1.05207,0.194119
14.0248,1.04591,0.531809
14.9893,0.87148,0.205908
15.9463,0.964736,-0.0569689
16.9603,0.991052,-0.0236641
17.9786,1.00448,-0.0030488
18.9658,0.925294,-0.167763
-0.0126011,1.97125,-0.139143
1.0209,1.93783,0.0365307
1.97396,1.99576,0.249507
2.89382,2.11971,-0.098114
3.79908,1.9116,0.416645
4.80271,1.97916,0.448753
5.88794,1.98307,0.389074
6.87986,2.05605,0.211802
7.90862,1.83909,0.310062
8.94051,1.86194,0.320243
9.9338,1.927,0.427003
10.9694,1.94953,0.466649
11.919,1.99808,0.0393078
12.9534,2.08959,0.0654378
13.8961,2.04111,0.373473
14.8771,1.83953,0.447829
15.9023,1.93392,0.301093
16.8702,1.95873,0.130241
17.9045,1.9904,0.245653
18.9147,1.89662,0.0164892
-0.0490371,3.00255,-0.291635
0.969692,2.98363,-0.12616
1.95806,2.98659,-0.0057741
2.93116,3.12263,0.100543
3.9034,2.91198,0.111078
4.88177,2.95752,0.30813
5.92941,2.99405,0.240263
6.91901,3.0507,0.152461
7.96925,2.88056,0.209021
9.00161,2.85749,0.0490402
10.026,2.87068,0.163884
11.0677,2.89485,0.10069
11.9634,2.92522,-0.34279
12.9222,3.11011,-0.142506
13.8035,3.04164,0.247581
14.8116,2.91363,0.484506
15.7874,2.91159,0.170348
16.8577,2.98686,0.0345408
17.8991,2.95944,-0.0621265
18.925,2.9091,0.0507736
0.0423353,3.97346,-0.00339366
1.06508,3.98298,-0.0234443
2.05443,3.99247,-0.0955657
2.96548,4.10593,0.34778
3.96904,3.96312,0.263268
5.01513,4.03642,0.290909
6.02057,4.0116,0.334236
7.05624,4.05166,0.168578
8.01714,3.86029,-0.0412427
9.01547,3.86429,0.222913
9.95704,3.88251,-0.0633992
10.9729,3.85723,-0.104846
11.9658,3.93648,-0.157457
13.0187,4.13755,-0.156218
14.0203,4.02505,-0.0178381
14.8864,3.94608,0.493744
15.9001,3.91594,0.189224
16.9208,4.01274,0.0731071
17.9498,3.92574,0.161071
18.9834,3.95738,0.0607624
-0.0418439,5.00096,-0.319581
0.978158,5.06403,-0.201077
1.97175,5.00765,-0.172155
3.01538,5.0244,-0.105707
4.02788,4.95229,0.127549
5.02882,5.04675,0.196677
6.04378,5.02969,0.194147
7.03584,5.04244,-0.025248
8.03591,4.88444,0.0199011
9.00845,4.84491,-0.0688772
10.051,4.8794,-0.137684
11.0276,4.85759,0.207697
12.0727,4.92907,0.0438795
13.003,5.11483,-0.268621
13.9944,5.05982,-0.00322581
14.9461,4.84367,0.0626362
15.9858,4.87161,0.147353
16.946,4.92839,0.455416
17.9321,4.94466,0.180822
18.9927,4.97655,0.134132
-0.00311899,5.98484,-0.0728294
0.99461,6.06016,0.0883633
1.97323,5.9567,0.33235
3.00306,5.94966,0.28594
4.00037,5.9812,0.178539
5.04723,6.09006,0.170363
5.96883,5.96908,-0.243348
6.99676,6.00617,-0.307367
7.97995,5.91699,-0.0678274
8.97024,5.83078,-0.201425
10.0076,5.89707,-0.191302
10.9362,5.87961,0.220298
11.9584,5.9411,0.0520737
12.9579,6.08065,-0.0504135
13.9773,6.04435,-0.0356243
14.9841,5.87345,-0.0480789
15.9405,5.88212,0.311798
16.9517,5.93025,0.366625
17.9699,5.92629,0.220286
18.9978,6.00174,0.213703
0.0429487,6.97697,-0.0441145
1.03893,7.03428,-0.146355
2.01205,6.91228,0.0382611
3.02093,6.91988,-0.116654
4.00402,7.00521,-0.0479019
4.99252,7.0783,0.162041
5.96822,6.99024,-0.164574
6.98401,7.00218,-0.168627
7.93832,6.90501,0.166509
8.98657,6.81975,0.0858364
9.96393,6.9203,0.0133641
10.9714,6.88802,0.0713065
11.9773,6.97723,0.158489
12.9493,7.11423,-0.0706656
14.0104,7.02824,-0.0869625
14.993,6.93971,-0.0901639
16.0293,6.81309,0.00211188
17.0189,6.88147,0.0518693
17.9694,6.91363,0.32674
18.9128,7.02604,0.0577715
0.0639851,8.01688,-0.123331
1.08968,8.03063,-0.200296
2.06553,7.95199,-0.163683
3.07484,7.92444,-0.0735252
4.04939,8.03948,-0.057796
4.93563,8.02079,0.493783
5.8673,7.9565,0.116883
6.87683,7.95957,0.0329844
7.9196,7.89681,0.0470138
8.95687,7.85125,0.166222
9.97933,7.9772,0.0126865
11.0305,7.84846,-0.142781
11.9646,7.95131,0.159932
13.0183,8.05908,0.184533
13.9914,8.0135,0.136653
15.016,7.93028,0.0525376
16.0082,7.82771,-0.0830927
16.9658,7.8463,0.304648
17.9512,7.95034,0.212552
19.0188,7.98193,0.253612
-0.00430616,9.01341,-0.0121799
1.00358,9.02727,-0.0431288
1.99939,8.91109,0.0502884
3.00464,8.92694,-0.0502915
4.02322,9.01883,0.152077
5.02043,8.94869,0.157189
6.03874,8.95728,0.148396
7.01482,8.93415,0.153887
7.9997,8.92586,0.0812067
9.01787,8.81198,-0.061214
10.039,8.98494,0.0530503
11.0077,8.87711,-0.110779
11.9749,8.98615,0.0678457
12.9671,9.04515,-0.078576
13.9265,9.04249,0.165233
14.9304,8.9414,0.0851009
15.9504,8.8096,0.0961058
17.0229,8.86192,0.159822
17.9684,8.90354,-0.110367
18.9738,8.97261,-0.0574297
0.0426649,9.98839,-0.103824
1.05561,10.0248,-0.014478
2.04599,9.93173,-0.129701
3.03686,9.9367,0.126734
3.96377,10.0243,0.46834
4.96023,9.93001,0.262264
5.93314,9.93773,0.0170141
6.94413,9.91191,0.245308
7.92735,9.94528,0.229023
8.93319,9.84995,0.0406018
9.97269,9.96651,0.149586
10.9498,9.94337,-0.0485824
11.9575,9.93417,-0.329759
12.9641,10.0273,-0.247847
14.0454,9.93934,-0.239457
15.0261,9.98165,0.0274819
16.01,9.85222,-0.00907926
17.0331,9.86826,0.113456
18.0085,9.96737,0.00868557
18.9908,9.98076,0.117914
0.0260903,11.012,-0.0820002
0.983959,11.1024,0.159929
1.99779,10.8961,0.10072
3.01614,10.9507,0.0827998
3.95709,11.0583,0.468206
4.87101,10.9287,0.017069
5.8798,10.9771,-0.0896298
6.86835,10.8922,-0.0993835
7.89906,10.9338,-0.0777795
8.92402,10.934,-0.0286294
10.0008,10.9739,0.156267
10.9908,10.9772,-0.10611
12.0201,10.9586,-0.0933042
13.0389,11.065,-0.163158
14.072,10.9053,-0.00632954
15.0781,11.029,-0.0300882
16.0738,10.9025,0.137751
17.0803,10.865,0.0729209
18.0769,10.9466,-0.0004944
19.0404,10.9688,-0.2142
0.00148015,12.0157,-0.00659505
0.999402,12.1232,0.248286
1.89777,11.8657,-0.0754173
2.9154,11.9179,-0.143269
3.89046,11.9481,-0.0364605
4.89854,11.9034,-0.170229
5.87801,11.9758,-0.333164
6.90907,11.9036,-0.38323
7.9065,11.9791,-0.247755
8.98892,11.9712,-0.213398
9.99387,11.9709,-0.14597
11.0018,12.0039,0.0130253
12.0407,12.0086,-0.117179
13.016,12.0461,-0.287558
13.9814,11.9394,0.095941
14.9857,12.0256,0.315213
15.9949,11.9325,0.168557
16.9808,11.871,-0.0306589
17.9771,11.9372,0.250352
18.9546,11.8943,0.118986
0.00533464,13.0237,-0.129038
1.05622,13.0444,-0.114432
2.0569,12.9094,-0.237007
3.01523,12.9406,0.135823
3.91241,12.9421,-0.350175
4.90901,12.9896,-0.11706
5.89084,12.9286,-0.0767296
6.89186,12.95,-0.291937
7.90754,13.0285,-0.438646
8.86211,13.0204,-0.209137
9.88275,12.9975,-0.0436506
10.8932,12.9951,-0.238423
11.9114,13.0654,-0.00444044
12.9171,13.0147,0.094818
13.9479,12.9609,-0.156493
14.8931,13.0478,0.177441
15.9256,12.9569,0.305457
16.9339,12.9078,0.110804
17.9665,12.9752,0.0562304
19.0019,12.9015,-0.0570849
-0.00613117,14.0327,-0.0612964
1.01231,14.0175,0.0464034
1.98897,13.9302,-0.283026
2.95781,13.8879,-0.0561937
3.9681,13.9643,-0.232896
4.96225,14.0029,-0.150969
5.9483,13.9621,-0.0851894
6.94905,13.907,-0.114826
7.97139,13.9684,-0.0327311
8.96177,14.0365,0.0370403
9.9444,14.0165,0.0817286
10.9094,13.9603,-0.234703
11.9169,14.0278,-0.265764
12.8636,14.018,0.0384289
13.9557,13.9608,-0.0494034
14.9791,14.0531,0.0478408
15.9807,13.9989,0.113123
16.9519,13.9215,-0.046498
17.9507,14.0227,0.187884
19.0065,13.9197,0.0352245
-0.00357677,15.0602,-0.032899
0.978579,15.0219,0.0611805
1.96961,14.987,-0.181137
2.98258,14.8634,0.0744194
3.96125,14.9495,-0.0328257
4.9605,14.9668,0.144798
5.93651,14.9982,-0.124689
6.91093,14.9119,0.107575
7.90411,14.973,0.258107
8.90261,15.1014,0.0284494
9.92029,15.0223,-0.25294
10.902,14.9946,-0.403974
11.9603,15.0553,-0.30586
12.9951,15.0328,-0.233866
13.98,15.0027,0.0710196
14.9796,15.0664,-0.173721
16.0004,14.9814,-0.150356
17.0272,14.8884,-0.0290719
18.0196,15.0296,0.00915555
19.0524,14.9252,-0.196503
0.00628071,16.0203,0.220869
0.984594,16.0843,0.0178533
1.96326,15.9412,0.178851
2.94967,15.8826,0.0705283
3.92491,15.9416,0.313187
4.88683,15.9572,0.201303
5.88915,16.004,-0.138179
6.87452,15.8659,-0.00373547
7.8579,15.9594,-0.0502182
8.86615,16.0483,-0.305219
9.92109,15.9761,-0.470898
10.9613,16.037,-0.323139
11.9639,16.054,-0.188418
12.9511,16.0012,0.0169927
13.9619,15.9766,-0.195596
14.9282,16.0397,-0.30109
15.9683,15.9986,-0.157854
16.9918,15.9015,0.0451033
17.992,16.0235,0.0302499
18.9637,15.9774,-0.150035
0.0266396,16.9552,-0.0644337
1.07803,17.1163,-0.0716971
2.00313,16.9494,0.191153
3.04881,16.8862,0.0530381
4.04482,16.9428,0.226743
4.97833,16.9383,-0.0926725
5.96395,16.9746,0.041142
6.95649,16.9136,0.153307
7.91444,17.0205,-0.00832545
8.92737,17.0994,-0.197858
9.89353,16.9808,-0.413749
10.8697,17.0254,-0.240272
11.8298,17.0242,0.0714255
12.8273,16.9889,0.0596301
13.8623,16.9957,0.031077
14.9156,16.9999,0.0740837
15.9173,16.9382,0.186999
16.9387,16.9165,0.17044
17.9771,17.0821,0.0742149
18.9622,16.9146,0.221488
0.00484329,17.9525,0.213059
1.01133,17.9993,0.374639
1.91156,17.9742,-0.143913
2.9083,17.9039,-0.161531
3.86942,17.9735,0.0638569
4.86134,17.9757,-0.173473
5.8657,17.9854,-0.183627
6.8075,17.9562,0.213422
7.76538,18.0088,-0.114472
8.73547,18.1021,-0.365383
9.84573,18.0192,-0.367141
10.8593,18.0003,-0.331034
11.8182,18.0232,0.0281289
12.8107,18.0428,-0.0493851
13.8416,18.0129,0.100095
14.8674,18.0286,0.164116
15.9407,17.9656,0.094525
16.926,17.9386,0.279226
17.9785,18.0343,0.422233
18.9663,17.9349,0.166311
-0.00928678,18.9694,0.22045
1.00536,19.0001,0.0787255
1.98197,18.9777,-0.154915
2.97231,18.912,-0.18576
3.92079,18.9598,0.0733726
4.89892,18.9829,-0.214228
5.90228,18.9572,0.0829249
6.89438,19.0561,0.27448
7.94989,18.9795,0.133048
8.93817,19.0087,0.0225684
9.97302,19.0143,-0.243654
10.9955,19.0069,-0.0918332
11.9659,18.995,-0.0527421
13.0051,18.9825,0.23213
13.9663,19.0038,-0.00130619
14.9764,18.9902,-0.0855708
15.9955,18.979,-0.0046968
17.0169,18.9396,0.0267739
17.9919,19.0192,0.134538
18.9605,18.9416,-0.0468154
