-0.00235908,-0.00168157,-0.124555
-0.00697958,1.15156,-0.0675039
0.0257454,2.29643,0.0102481
0.021778,3.45651,0.0604083
0.0298654,4.64516,0.14113
-0.014774,5.81647,0.0409711
-0.0176824,7.05208,-0.0563311
-0.00410169,8.27286,-0.0512223
0.0144627,9.51641,-0.0321574
0.0398694,10.7202,-0.152312
0.0950102,11.9504,-0.163201
0.0504501,13.1328,-0.460375
0.0846248,14.0414,-1.02058
0.0710623,15.0322,-1.35031
0.0547563,15.5455,-0.503409
0.14037,16.5779,-0.684991
-0.0296701,16.7687,0.293704
0.0211737,17.1529,-0.583184
0.0125492,18.02,-0.114023
-0.00252998,19.0039,0.0459883
0.97662,0.0404218,0.0678457
0.969503,1.32315,0.0310099
1.01078,2.55465,-0.0175634
0.933619,3.81531,-0.0253334
0.940461,5.06512,-0.0255837
0.897845,6.30168,-0.0530503
0.880026,7.60283,-0.0899991
0.851109,8.85025,-0.065624
0.843706,10.1727,-0.00758385
0.930351,11.4343,0.0341075
0.986041,12.7015,-0.100974
0.994385,13.8405,-0.500467
0.995575,14.7422,-1.25485
0.953774,15.7786,-1.43136
0.917673,16.232,-0.544823
0.984805,17.1912,-0.873205
0.956154,17.2056,0.12295
0.967092,17.481,-0.844597
1.05472,18.0174,-0.0131352
0.97156,19.0498,-0.146486
1.96304,0.13679,-0.0752586
1.99486,1.44461,-0.123557
1.96428,2.74607,-0.140236
1.92104,4.03826,0.00171514
1.92116,5.34023,-0.0281716
1.88114,6.66637,-0.0900082
1.79884,8.00164,-0.00933561
1.76008,9.37371,0.0283547
1.71508,10.735,0.0762261
1.676,12.1828,0.140754
1.64733,13.6369,0.360268
1.63705,14.8574,-0.55743
1.66273,15.4947,-1.9996
1.79916,16.6674,-1.53885
1.69392,16.9337,-0.314115
1.95101,17.6743,-0.931217
1.88968,17.6844,0.138679
1.86706,17.9289,-0.85341
2.08239,18.0433,0.113999
1.96561,18.9988,-0.102152
2.95282,0.0968047,-0.0574725
2.9592,1.30721,0.0467299
2.94549,2.53016,0.088638
2.8799,3.82302,0.0211798
2.87967,5.13541,0.035139
2.82371,6.36404,-0.0489822
2.73235,7.64304,0.00156865
2.64823,8.90802,-0.0195471
2.57986,10.1922,-0.0111301
2.47934,11.4426,-0.0591632
2.35696,12.6941,-0.0928953
2.28501,13.8059,-0.512595
2.28918,14.6414,-1.35251
2.36483,15.7325,-1.36581
2.55596,16.2733,-0.486798
2.82143,17.0889,-1.0043
2.81865,17.2453,-0.0306436
2.84881,17.7096,-0.942512
3.10378,18.0348,-0.05244
2.93158,19.0135,0.171242
3.98542,0.0561815,-0.0158422
3.98253,1.23742,0.0876308
3.97185,2.43115,-0.0328471
3.87831,3.61646,0.0302622
3.8869,4.82937,-0.04579
3.73709,5.99231,0.0603992
3.58533,7.1332,-0.0467269
3.48004,8.2935,-0.0724509
3.33493,9.48878,-0.185101
3.26533,10.7011,-0.158922
3.12008,11.8675,-0.254418
3.04522,12.9152,-0.510492
3.05799,13.9023,-0.927271
3.16138,14.9063,-1.28446
3.39586,15.6257,-0.567739
3.70225,16.5766,-0.783178
3.71595,16.7317,0.219056
3.8249,17.2503,-0.638801
4.09784,18.1607,-0.189148
3.93662,19.0005,0.275561
5.01463,0.00643941,-0.165502
4.98073,1.14248,-0.134227
4.95555,2.31682,-0.157039
4.85815,3.41753,-0.0664052
4.81698,4.54318,-0.0295633
4.74007,5.69942,0.0110416
4.60876,6.87241,0.028132
4.44372,7.9309,-0.10492
4.34027,9.08651,-0.0579974
4.26036,10.1488,-0.231059
3.98757,11.2114,-0.298318
4.01103,12.2893,-0.364235
3.98315,13.2736,-0.760109
4.08182,14.2969,-1.06688
4.31257,15.1803,-0.579513
4.67639,16.1783,-0.615003
4.73946,16.6165,0.287625
4.81094,17.2088,-0.529658
5.10223,18.1231,-0.14846
4.98766,18.988,0.249351
6.01011,0.0291665,-0.118604
5.99664,1.11154,-0.102716
5.96863,2.20517,-0.161113
5.82696,3.26973,-0.0380535
5.8576,4.38536,0.0541368
5.71228,5.46128,-0.126151
5.52937,6.53868,-0.175723
5.40341,7.56554,-0.138472
5.33261,8.68552,-0.236937
5.28273,9.75534,-0.297436
5.00545,10.751,-0.236998
5.03671,11.7514,-0.374334
4.96544,12.7826,-0.530415
5.00844,13.7703,-0.75114
5.29085,14.7557,-0.524958
5.55855,15.7408,-0.442998
5.78232,16.463,0.213462
5.83027,17.1707,-0.48265
6.09756,18.0087,-0.107239
6.02053,19.0334,0.220377
7.05423,0.0333445,-0.0609943
6.98824,1.04331,0.0332316
7.0004,2.11252,-0.164525
6.83531,3.17955,-0.184191
6.84905,4.25893,-0.0833338
6.75719,5.33217,-0.0851314
6.52389,6.35273,0.0807886
6.46799,7.39581,-0.0314951
6.40021,8.42756,-0.0438917
6.31324,9.44701,-0.113041
6.08569,10.4223,-0.281491
6.07687,11.4843,-0.342152
6.0243,12.4648,-0.441066
6.07183,13.515,-0.581762
6.30741,14.4635,-0.454561
6.5292,15.4271,-0.38786
6.75867,16.1555,0.311454
6.82398,17.0669,-0.0889187
7.03277,17.9891,0.284591
7.03215,18.9752,-0.0461043
8.0279,0.00466628,-0.246239
7.9402,1.0953,-0.297092
7.99846,2.13192,0.0216102
7.86464,3.15922,-0.0219977
7.83873,4.22514,-0.0232093
7.82792,5.21833,-0.22819
7.57382,6.23844,-0.149571
7.52984,7.19886,0.0692038
7.42734,8.24441,-0.117179
7.37531,9.27364,-0.0567217
7.15139,10.2322,-0.269036
7.0994,11.2882,-0.241316
7.0935,12.3006,-0.343449
7.11571,13.3208,-0.503397
7.33081,14.3295,-0.383071
7.52523,15.3233,-0.279681
7.83215,16.1797,0.184545
7.90225,17.1378,-0.103485
8.10458,18.0867,0.0843806
7.96524,19.0328,0.322633
9.02564,-0.0348399,-0.135173
8.93607,1.01082,-0.111072
8.99029,1.99263,0.0537309
8.90688,3.0878,0.123075
8.82852,4.10688,0.00307627
8.82894,5.13402,0.112003
8.56558,6.13642,-0.0145665
8.63437,7.15174,-0.0720359
8.45223,8.16369,-0.0906674
8.39666,9.14523,-0.0775262
8.18108,10.1453,-0.243074
8.19859,11.1908,-0.257231
8.15272,12.2368,-0.374624
8.20093,13.2333,-0.658553
8.39073,14.2029,-0.606684
8.58674,15.0999,-0.22718
8.80158,16.091,-0.0766869
8.86901,17.0753,0.0145238
9.0409,17.9369,0.540989
8.95719,18.9443,0.421674
10.0737,-0.0111728,-0.0191687
9.94076,1.05509,-0.0160192
10.0458,2.05705,-0.0513657
9.88319,3.07416,-0.0908322
9.87708,4.07551,0.0616474
9.89661,5.12767,0.131996
9.62963,6.14045,-0.0563311
9.6332,7.13671,0.129057
9.5137,8.09521,-0.0800104
9.48688,9.14475,-0.112271
9.23474,10.1135,-0.205722
9.27727,11.1112,-0.202878
9.27711,12.0781,-0.367577
9.26679,13.0924,-0.462166
9.41785,14.1216,-0.450447
9.61793,15.064,-0.180441
9.78795,16.0704,-0.00575884
9.86589,17.0929,-0.13744
9.9328,18.0349,0.185781
9.90086,19.06,0.117969
11.0183,0.0215064,0.383016
10.8863,1.0428,0.392193
11.0337,1.99758,0.124863
10.9161,3.04626,0.00180364
10.9323,4.04441,0.18533
10.9419,5.06757,0.212952
10.6605,6.06988,0.120716
10.7036,7.09658,0.0916715
10.5899,8.08329,0.135875
10.5335,9.0447,-0.0879543
10.3327,9.99082,-0.0862911
10.3678,11.0664,-0.251454
10.3415,12.1064,-0.408539
10.3326,13.0855,-0.320402
10.4869,14.0593,-0.536113
10.6968,14.9461,-0.0488052
10.8011,15.9472,0.133622
10.8739,16.9727,-0.165648
10.93,17.9737,-0.0385113
10.9479,18.9804,0.182485
11.9377,-0.0028016,0.054854
11.8689,1.01914,0.205426
12.0136,2.04709,0.112122
11.9268,3.07397,-0.0141697
11.9675,4.0731,0.0645436
11.9074,5.0336,-0.0938963
11.6413,6.00883,-0.0645192
11.7882,7.06333,0.0150487
11.6014,8.0231,-6.1037e-06
11.5747,9.09874,-0.171245
11.4391,10.0957,-0.00730308
11.5303,11.072,-0.321006
11.4293,12.1025,-0.381576
11.4455,13.1073,-0.404147
11.5482,14.1038,-0.404517
11.7397,15.0118,0.081341
11.7818,16.0801,-0.0206549
11.8956,17.0715,-0.197595
11.9108,18.0932,-0.112897
11.9766,19.0154,0.247722
12.9485,-0.00236518,0.186148
12.8789,0.999496,0.152583
12.977,1.94584,-0.132658
12.9345,2.94716,-0.084521
12.9775,3.99405,-0.0781518
12.8943,4.98604,-0.356685
12.6828,5.95258,0.04832
12.8193,6.98221,0.0189581
12.6943,8.00292,0.0532975
12.6701,9.05275,-0.145003
12.5543,10.0707,-0.19834
12.5838,11.0544,-0.16144
12.4981,12.0872,-0.241575
12.5424,13.1052,-0.124851
12.6228,14.0825,-0.371703
12.7626,15.0042,0.0298349
12.83,16.0165,0.0661946
12.9089,17.0189,0.0449263
12.8848,18.0166,0.0425123
12.9507,18.9946,0.383016
13.9466,-0.00804773,0.141676
13.9238,1.0118,0.0938719
14.0067,1.9919,0.0967071
13.9872,2.96573,-0.261208
13.9733,4.03909,-0.229695
13.9439,5.05646,-0.185928
13.7546,5.99295,0.156322
13.8711,7.00432,-0.0262947
13.7403,8.04256,0.126038
13.6642,9.09871,0.161843
13.6132,10.0745,-0.0618152
13.6584,11.1035,-0.204151
13.5795,12.0949,-0.262096
13.6091,13.0872,-0.253133
13.7083,14.1018,-0.274224
13.8192,15.0478,0.0237617
13.8036,16.0439,-0.111344
13.8813,17.0269,0.222367
13.9645,18.0183,0.0766076
13.9341,19.023,0.328623
14.926,0.0246986,0.379556
14.9572,1.02056,0.174306
14.9877,2.00015,0.0523972
14.9939,2.95815,-0.225636
15.0412,3.98998,-0.121952
14.9632,5.02424,-0.106778
14.8342,6.0267,-0.0833827
14.9194,7.01861,0.041316
14.7546,8.02872,0.103211
14.7869,9.06668,0.207297
14.7109,10.0821,0.0105289
14.7057,11.0902,-0.17485
14.6784,12.0614,-0.252812
14.6668,13.0526,-0.0684194
14.7763,14.057,-0.22259
14.8723,14.9967,0.160457
14.8307,16.0241,0.0455824
14.9126,17.0083,0.17561
14.9589,17.9957,0.123878
14.9212,19.0024,0.0598254
15.8915,-0.00718711,0.131599
15.9307,0.985861,0.348354
15.9613,1.99496,0.260134
15.9956,3.00855,0.0219214
16.035,4.016,0.00936003
16.0064,4.99593,-0.309854
15.8418,5.99913,-0.179257
15.9009,7.0122,-0.0364086
15.8181,8.04004,0.000909452
15.8585,9.03106,0.112201
15.8157,10.0584,0.0297311
15.7351,11.046,-0.137947
15.7263,12.0582,-0.142647
15.7076,13.0696,-0.259044
15.8083,14.0115,0.0226691
15.9071,15.0369,0.108301
15.8339,16.0722,-0.0477157
15.9918,16.9883,0.244508
15.9684,17.9984,-0.041966
15.944,19.0128,-0.0890164
16.8986,-0.00784021,0.158913
16.9389,1.04761,0.282427
16.9404,1.9993,-0.116852
17.003,3.07486,-0.0573473
17.0286,4.10692,-0.04073
17.0558,5.04284,-0.360546
16.8511,6.03075,-0.0995056
16.884,7.04627,-0.0124577
16.8669,8.0202,0.0776147
16.9396,9.02143,0.0747642
16.8737,10.0261,0.0584979
16.7896,11.0386,-0.135008
16.7776,12.0603,-0.0127628
16.8236,13.0481,-0.0527085
16.8664,14.0551,-0.00220038
16.9458,15.049,-0.160073
16.8923,16.0771,0.107331
16.9887,17.0836,0.11301
16.9922,18.0323,-0.208359
16.9567,18.9935,-0.0198614
17.9634,0.00789514,0.250664
17.9242,1.02047,0.0312204
17.9305,2.01951,0.168163
18.0042,3.02179,-0.0636952
18.0034,3.99388,-0.358489
18.0518,5.05931,-0.370779
17.9523,5.99936,0.0543992
17.9756,6.98535,0.099707
17.9438,7.9949,-0.0764245
17.9955,8.94718,0.142314
17.9783,9.97006,-0.0242622
17.9035,11.024,-0.139619
17.8584,12.037,-0.105737
17.9072,13.0522,-0.115558
17.889,14.0526,-0.0359539
17.9949,15.0664,-0.0971679
17.9543,16.0236,0.194644
18.0067,17.0108,0.253591
17.9662,17.9592,-0.10163
17.9461,18.9734,0.165481
19.0323,0.00985443,0.112549
18.8989,1.01729,0.302731
18.9886,2.02135,0.117872
18.9881,2.94549,-0.197137
18.9676,4.02973,-0.104877
19.0056,5.01555,-0.0855708
19.0093,6.01109,0.0750847
19.0086,7.03469,-0.0641011
18.9826,8.02159,0.077575
19.0122,9.05119,-0.0223548
19.0691,10.038,-0.121879
18.9638,11.0441,-0.0794763
18.9838,12.0333,-0.175057
18.965,13.032,-0.217954
18.9691,13.948,0.175481
18.9965,14.948,0.00279855
19.0081,15.9648,0.111747
19.0054,16.9473,0.133665
19.0064,17.9384,0.106275
18.9976,18.9943,0.27405
