-0.0844508,0.735698,-0.984521
0.00163579,1.16365,-0.0989105
-0.0389325,2.14825,-0.299548
0.00967437,3.11541,-0.414386
-0.0501968,4.10244,-0.118778
-0.0315744,5.14317,-0.0304453
-0.121961,6.15726,-0.0766778
-0.0884945,7.18141,-0.280041
-0.113602,8.17349,-0.153417
-0.0780175,9.15886,-0.408594
-0.056859,10.1309,-0.162148
-0.0688467,11.1603,0.0653066
-0.0692557,12.1575,-0.219852
-0.0924162,13.1595,-0.161284
-0.0251961,14.1252,-0.473287
-0.0681204,15.1376,-0.266448
-0.0913633,16.1681,-0.250127
-0.183886,17.1748,-0.293179
-0.0545244,18.1181,-0.00946684
0.126521,19.1112,0.0734672
-0.0268319,20.0092,-0.335337
-0.101199,20.9945,-0.205695
-0.141868,21.9943,-0.0583575
-0.0662191,23.0155,-0.0211798
-0.0770592,24.0107,0.0609516
-0.114792,25.0051,-0.00656758
-0.0462142,25.8961,0.431767
0.0225349,26.8592,0.0798486
-0.0651082,27.8375,0.246388
-0.079049,28.827,0.374505
0.8567,1.09492,-1.24925
1.05639,1.38128,-0.318433
1.02069,2.35306,-0.335496
1.01832,3.39111,-0.180987
0.957393,4.44478,0.0126377
0.905673,5.3983,-0.390362
0.887243,6.37272,-0.188809
0.969054,7.41395,-0.367003
0.90492,8.43856,-0.222422
0.867885,9.4694,-0.33339
0.921659,10.4906,-0.426325
0.932731,11.4716,-0.153612
0.847114,12.2597,-0.831684
0.919803,13.1504,-0.28829
1.0199,14.1717,-0.498584
0.933125,15.172,-0.399454
0.908463,16.1301,-0.0548784
0.807953,17.1315,0.00548112
0.914084,18.1931,-0.0771569
1.10288,19.1359,0.138383
0.980605,20.0952,-0.288659
0.862877,21.0056,0.0276955
0.85887,21.977,0.293918
0.945967,22.9646,0.152181
0.928053,23.9948,0.254295
0.817859,24.8904,-0.362487
0.885586,25.8287,-0.0947111
1.04387,26.8143,-0.00310678
0.943214,27.7824,-0.186367
0.902255,28.6244,0.280819
1.75621,1.66629,-1.04101
2.01727,1.70071,-0.0801538
1.92738,2.72177,-0.350954
1.98983,3.72576,-0.200735
1.95329,4.73945,-0.0919126
1.91715,5.69434,-0.452791
1.83492,6.70191,-0.440477
2.01432,7.683,-0.353352
1.95405,8.72346,-0.361739
1.92311,9.75658,-0.410108
2.00962,10.7636,-0.561336
1.9616,11.782,-0.258071
1.88405,12.4725,-1.00572
1.92366,13.2417,-0.382015
1.99136,14.2042,-0.623154
1.98354,15.186,-0.366066
2.00223,16.0703,-0.00416578
1.82658,17.0359,0.199664
1.96419,18.0211,-0.0770653
2.05091,19.0609,-0.077221
2.04516,20.0713,-0.277056
1.89076,21.0811,-0.00440077
1.85917,22.0671,0.0203497
2.03616,23.0447,0.247832
1.92776,24.0376,0.208805
1.88447,24.8512,-0.438969
1.8653,25.7973,-0.474636
2.0377,26.7648,-0.113816
1.96021,27.736,-0.254039
1.98427,28.6377,0.283914
2.81739,1.94268,-1.11761
2.9873,2.13391,-0.138432
2.88507,3.07507,-0.479415
3.00103,4.07369,-0.234672
2.89774,5.06035,-0.26628
2.83289,6.04141,-0.105948
2.8846,6.98384,-0.408826
3.00338,8.01172,-0.543587
2.9138,8.98715,-0.427094
2.93239,9.99481,-0.461705
2.9848,10.9986,-0.674657
2.86715,12.0098,-0.529875
2.88031,12.8013,-1.14447
2.87428,13.6135,-0.486001
2.90089,14.475,-1.08239
2.9933,15.2155,-0.384371
2.98633,16.2183,-0.224885
2.77946,17.1978,-0.185101
3.0002,18.2154,0.0315744
3.06049,19.168,-0.301944
3.02615,20.1007,0.0817194
2.90406,21.1247,-0.10921
2.88395,22.1483,-0.00885952
3.02116,23.0651,0.357878
3.00036,24.0764,0.151454
2.97547,24.8864,-0.412354
2.87299,25.8453,-0.409977
3.01301,26.6849,0.190744
2.87566,27.6804,0.154747
3.05564,28.7017,0.20708
3.81291,2.1992,-0.979153
4.00518,2.46939,0.00578021
3.84819,3.41729,-0.41543
3.91428,4.43179,-0.509284
3.81997,5.42258,-0.566625
3.84004,6.28838,-0.0798395
3.84601,7.27386,-0.18262
3.96353,8.28939,-0.17839
3.93753,9.2174,-0.474783
4.0028,10.1862,-0.556688
3.96003,11.2046,-0.583743
3.89421,12.1881,-0.666134
3.82872,12.9171,-1.42396
3.87101,13.6215,-0.630567
3.8428,14.3807,-1.3921
3.90089,15.1086,-0.678387
3.97388,16.1153,-0.437837
3.81641,17.1231,-0.270058
3.99941,18.1105,-0.104669
4.0816,19.1422,-0.193512
4.03616,20.0842,0.153203
3.91807,21.0902,-0.176717
3.93628,22.092,-0.101425
4.07531,22.9926,0.348985
4.01727,23.9424,0.0421857
3.99337,24.7791,-0.516236
3.91454,25.7252,-0.209293
4.0054,26.6457,0.124769
3.85794,27.6488,0.154598
4.08762,28.6396,0.0757225
4.89527,2.32351,-1.07667
4.94149,2.80663,-0.122803
4.87096,3.7619,-0.337648
4.88736,4.737,-0.233876
4.84145,5.69869,-0.474899
4.83501,6.64629,-0.244108
4.79254,7.62414,-0.313019
4.9461,8.6586,-0.345579
4.86282,9.61144,-0.700055
4.94011,10.586,-0.35714
4.90873,11.5681,-0.533265
4.90088,12.5125,-0.75963
4.82181,13.0795,-1.64629
4.81531,13.8989,-0.990133
4.78761,14.5111,-1.81518
4.85594,15.1862,-1.02282
4.88132,16.2128,-0.745708
4.83724,17.1451,-0.322062
4.9787,18.1742,-0.47358
5.15713,19.0747,-0.0902554
5.10259,20.0718,0.0141331
5.00062,21.064,-0.21059
4.93825,22.0505,0.0199927
5.06816,22.9758,0.434111
5.04994,23.8428,-0.0257576
5.02189,24.7941,-0.263881
4.94735,25.7829,-0.280956
5.02473,26.7328,0.0839625
4.85318,27.7363,0.0122288
5.12959,28.6643,-0.242238
5.92945,2.4622,-0.902188
5.94876,2.9448,-0.0139103
5.96355,3.91713,-0.387561
5.87819,4.95744,-0.356987
5.81351,5.95209,-0.455196
5.81852,6.97587,-0.494037
5.7677,7.9662,-0.519358
5.87223,8.91276,-0.783224
5.8291,9.9495,-0.808124
5.85347,10.9536,-0.583816
5.8696,11.9901,-0.456316
5.90413,12.7338,-1.14168
5.81959,13.3419,-1.98251
5.802,14.0564,-1.29699
5.77514,14.6316,-2.10782
5.86725,15.2848,-1.24063
5.89317,16.3091,-0.973464
5.8632,17.2126,-0.476357
5.99258,18.1824,-0.58323
6.16367,19.0635,-0.130915
6.06113,20.0353,-0.00636616
6.00899,21.0499,-0.184762
5.9706,22.0894,0.068572
6.05655,23.0921,0.309436
6.00931,23.935,-0.191678
6.0435,24.9278,-0.42045
5.93169,25.7529,0.0704886
6.00966,26.7547,0.0474868
5.84831,27.7552,0.130702
6.1357,28.6184,-0.325748
6.912,2.74906,-0.800714
6.97849,3.32781,0.00309458
6.92864,4.21545,-0.501386
6.90696,5.21743,-0.315397
6.83421,6.23875,-0.326679
6.82019,7.26837,-0.461904
6.80307,8.29489,-0.596793
6.83509,9.2795,-0.889798
6.83401,10.2515,-0.737895
6.89319,11.2133,-0.460131
6.89764,12.2123,-0.676049
6.89595,13.1059,-1.06388
6.86777,13.4726,-1.99494
6.78232,14.2876,-1.42967
6.77813,14.8288,-2.32422
6.89654,15.3286,-1.43822
6.94337,16.2857,-1.12732
6.84038,17.1806,-0.611219
7.03282,18.1374,-0.65558
7.17684,19.0336,-0.258364
7.06653,20.037,-0.191983
6.97571,20.9885,0.163622
7.00707,22.0316,0.177187
7.07548,23.0367,0.117881
7.02504,23.9836,-0.333106
7.10414,24.9937,-0.369131
6.88638,25.9281,0.0115452
7.01748,26.8708,-0.208286
6.8528,27.802,0.0817225
7.13265,28.7007,-0.308866
7.89645,2.69839,-0.542903
7.92613,3.62777,0.010828
7.86641,4.56641,-0.344566
7.89393,5.5427,-0.514582
7.77549,6.48317,-0.706537
7.84725,7.52445,-0.76541
7.76787,8.50261,-0.815348
7.88417,9.51794,-0.880923
7.82147,10.5062,-0.599966
7.84634,11.4768,-0.8142
7.83925,12.5115,-0.839698
7.8525,13.3411,-1.36633
7.88896,13.7168,-2.28383
7.88756,14.3013,-1.42489
7.81995,14.7184,-2.35541
7.83798,15.5194,-1.76803
7.98781,16.3145,-1.22506
7.85844,17.2688,-0.821961
8.09294,18.2261,-0.651088
8.16818,19.2018,-0.453063
8.06588,20.2146,-0.468868
7.99903,21.0354,0.152037
7.98802,22.0279,0.0231849
8.03266,23.0077,-0.122309
8.05599,24.0223,-0.163411
8.11872,24.8961,-0.629377
7.91998,25.8094,-0.257866
8.039,26.7855,-0.247023
7.86466,27.757,-0.0351665
8.12506,28.6193,-0.467876
8.92344,3.05415,-0.482794
8.92897,3.96953,0.0027131
8.88058,4.79144,-0.545076
8.83889,5.84982,-0.429804
8.70962,6.79485,-0.697562
8.88856,7.82638,-0.79433
8.7513,8.82894,-0.761113
8.86812,9.81008,-0.817762
8.81289,10.8093,-0.572344
8.83655,11.8199,-0.794852
8.76684,12.8448,-0.912799
8.79507,13.7598,-1.38854
8.82363,14.0467,-2.37615
8.81963,14.679,-1.58141
8.86098,14.7226,-2.5922
8.85657,15.5163,-1.95116
8.9797,16.2523,-1.27567
8.86917,17.1314,-0.787762
9.06123,18.141,-0.436464
9.19511,19.1402,-0.551216
9.05188,20.1223,-0.268654
8.96855,20.9983,0.166698
8.97656,21.9712,-0.0297891
9.05053,23.0141,-0.0888333
9.07132,24.0163,0.0310831
9.14201,24.8367,-0.523225
8.9258,25.8115,-0.535276
9.00539,26.7746,-0.362984
8.90783,27.7339,-0.140184
9.07273,28.5078,-0.783087
9.92318,3.32857,-0.684106
9.94264,4.13138,-0.107749
9.94085,5.05538,-0.397641
9.8923,6.03548,-0.53401
9.7083,7.05987,-0.612259
9.95225,8.04862,-0.648189
9.76498,9.01272,-0.874129
9.86695,9.98387,-0.905689
9.80972,10.9486,-0.719013
9.85406,12.0117,-0.747291
9.81323,13.0189,-1.09364
9.77255,13.897,-1.53409
9.86655,14.0683,-2.5197
9.77307,14.7193,-1.81004
9.8378,14.8747,-2.7934
9.92373,15.4814,-1.95535
10.0384,16.1818,-1.25479
9.89595,17.045,-0.71106
10.0925,18.0649,-0.638655
10.1332,19.0487,-0.887823
10.0485,20.0686,-0.656355
9.95847,20.8933,-0.0850948
9.95335,21.8554,0.1258
10.0443,22.8209,-0.264345
10.0529,23.7693,0.115241
10.1762,24.6662,-0.343364
9.88545,25.6283,-0.3167
9.98367,26.6171,-0.433464
9.94433,27.6605,-0.210456
10.1317,28.3708,-0.8717
10.9377,3.229,-0.432746
10.9523,4.22978,-0.367409
10.9732,5.24492,-0.16848
10.8367,6.22972,-0.324653
10.7466,7.10449,-0.849168
10.975,8.07148,-0.659392
10.7997,9.06455,-0.846239
10.8857,10.0324,-1.08654
10.8936,11.0082,-0.884118
10.8663,12.0219,-0.986505
10.7997,13.0074,-1.18497
10.8083,13.7708,-1.84141
10.8477,14.1086,-2.75509
10.8158,14.7192,-1.86441
10.9102,14.7744,-2.87101
10.941,15.5585,-2.25378
11.0886,16.1036,-1.40211
10.8918,17.0631,-1.11686
11.0417,18.1058,-1.12098
11.1501,19.0142,-0.685379
11.073,20.0124,-0.591107
11.0108,20.91,-0.171612
10.9907,21.873,0.165218
11.0689,22.7236,-0.340068
11.0531,23.7128,0.00785852
11.1867,24.6863,-0.283212
10.803,25.5678,-0.68132
11.0468,26.5051,-0.389505
10.9801,27.4836,-0.278933
11.1454,28.349,-0.795547
11.9739,3.31881,-0.232884
11.9621,4.32076,-0.285089
12.0589,5.27303,-0.0439802
11.9014,6.17075,-0.435682
11.8004,7.15519,-0.846257
11.9731,8.13627,-0.90705
11.8819,9.15943,-0.816572
11.903,10.1317,-1.0232
11.8992,11.1352,-0.860817
11.8817,12.1211,-0.923231
11.7714,12.8678,-1.60732
11.8147,13.7843,-2.04794
11.8693,14.408,-2.85936
11.8797,14.6966,-1.85635
11.9364,14.8795,-2.91674
11.9985,15.5693,-2.19078
12.1032,16.1859,-1.37369
11.9184,17.1165,-1.11316
12.0642,18.0821,-1.03142
12.1846,18.9883,-0.603323
12.0835,19.9811,-0.408402
12.0061,20.9099,0.0859951
11.9974,21.8849,0.167443
12.0595,22.8801,0.0208869
12.0282,23.9078,-0.0270943
12.1233,24.9157,-0.118165
11.8202,25.7693,-0.626591
12.0549,26.5757,-0.0784631
11.95,27.6094,-0.114267
12.138,28.2666,-0.804508
12.9884,3.27242,-0.30011
13.0174,4.25905,-0.372182
13.068,5.22611,-0.264037
12.9276,6.21976,-0.439228
12.865,7.22894,-0.79892
13.0699,8.21299,-0.892257
12.9562,9.23101,-0.95736
12.9221,10.2616,-0.96278
12.9127,11.2322,-0.788675
12.891,12.1543,-1.18425
12.8068,12.8615,-1.90541
12.8149,13.8747,-1.90567
12.9012,14.3549,-2.79414
12.9424,14.7624,-1.86802
12.9993,14.8529,-2.90439
13.039,15.5017,-2.12586
13.1575,16.1562,-1.37738
12.9615,17.1525,-1.11435
13.1183,18.1176,-1.0036
13.1666,19.1744,-0.949858
13.0934,19.8843,-0.238331
13.0388,20.9194,-0.0460005
13.0312,21.8993,0.0717429
13.0062,22.8916,0.341414
13.0341,23.8717,0.109418
13.1189,24.829,-0.317643
12.8653,25.7677,-0.579269
13.0373,26.7319,-0.316483
12.9911,27.6924,-0.0611866
13.1534,28.2608,-0.823286
14.0233,3.41227,-0.124818
13.9343,4.39871,-0.00154729
14.0519,5.37493,0.0586383
13.937,6.1508,-0.554561
13.8748,7.12954,-0.837263
14.0391,8.13915,-0.88497
13.8913,9.10229,-0.626383
13.9016,10.112,-0.837593
13.9663,11.1283,-0.930961
13.8996,11.9973,-1.45249
13.8442,12.9673,-1.7253
13.8301,13.9883,-1.94699
13.9173,14.3888,-2.85192
14.006,14.7793,-1.90984
14.043,14.9469,-2.93899
14.0129,15.7388,-2.26876
14.2409,16.3008,-1.51866
13.9058,17.3046,-1.41924
14.1494,18.2087,-1.11879
14.159,19.1886,-0.91265
14.1306,20.0721,-0.339723
13.9993,20.9387,0.17857
13.9525,21.932,0.459108
14.0236,22.9103,0.603183
14.0001,23.9664,0.444737
14.1329,24.8361,-0.0239814
13.9398,25.6301,-0.619572
14.0341,26.6617,-0.488815
14.0106,27.6028,-0.217533
14.1574,28.4266,-0.754436
15.0756,3.41942,0.218766
14.9205,4.36977,-0.0905454
15.0998,5.36602,-0.0032136
14.9613,6.34236,-0.311081
14.8706,7.27309,-0.582626
15.0625,8.15527,-1.01563
14.9068,9.13424,-0.718186
14.9793,10.1305,-0.746721
14.9987,11.1407,-0.859471
14.9277,11.9975,-1.35028
14.8179,13.0002,-1.40347
14.8405,13.9831,-1.69118
14.9333,14.3104,-2.69785
15.0342,14.9495,-1.89295
15.1141,14.932,-2.90861
15.0038,15.649,-2.16829
15.2874,16.5025,-1.60961
14.9342,17.448,-1.32073
15.077,18.2329,-0.712482
15.1932,19.2379,-0.895386
15.1097,20.0202,-0.264464
14.9929,20.8879,0.298755
15.0237,21.9045,0.475262
15.0147,22.9084,0.527143
15.0529,23.8952,0.30079
15.1405,24.92,0.185611
15.0077,25.5623,-0.645097
14.9613,26.4849,-0.242628
15.0062,27.4968,-0.101184
15.0914,28.4728,-0.324592
16.1407,3.4286,0.142827
15.8946,4.38473,0.320652
16.1164,5.39022,0.191971
15.9773,6.29977,-0.226664
15.9641,7.27852,-0.434153
16.0432,8.17721,-0.828355
15.9483,9.16657,-0.730229
15.9993,10.1429,-0.506446
16.0204,11.1205,-0.860234
15.9602,11.9914,-1.33226
15.8366,13.0307,-1.39592
15.854,14.0278,-1.6496
15.9611,14.3121,-2.63862
16.0979,14.8725,-1.81025
16.1281,14.8486,-2.83956
16.0318,15.5979,-2.19621
16.2808,16.4809,-1.76633
15.9497,17.3732,-1.32849
16.1054,18.0795,-0.6275
16.1425,19.1531,-0.561751
16.0726,20.1041,-0.0991058
16.0222,21.0569,0.235688
15.9176,22.0231,0.0846492
15.9784,22.9926,0.248619
16.0776,23.9478,0.1493
16.1503,24.985,0.202118
16.1166,25.6127,-0.622077
15.9647,26.4761,-0.106748
15.9773,27.5938,-0.173907
16.1072,28.5559,-0.405216
17.2265,3.42991,0.069451
16.9175,4.28419,0.447935
17.0912,5.21272,0.0967498
16.9644,6.09196,-0.494595
17.0099,7.10418,-0.401038
17.0668,8.06418,-0.670537
17.0273,9.08103,-0.827802
16.976,10.0498,-0.720475
17.053,11.0032,-1.04636
16.9546,12.0106,-1.03012
16.8656,13.0072,-1.27828
16.8838,13.9714,-1.44967
16.9452,14.0199,-2.48308
17.1965,14.7654,-1.79641
17.175,14.87,-2.86672
17.1002,15.6445,-2.1275
17.2342,16.3858,-1.42561
16.9583,17.3485,-1.24774
17.0408,18.3351,-0.99396
17.1787,19.2749,-0.62653
17.0802,19.8616,0.197815
17.0518,20.8922,0.208438
16.9607,21.8913,0.191168
16.9799,22.8874,0.220457
17.0328,23.9109,0.448076
17.1102,24.8907,0.451869
17.0792,25.4021,-0.413627
16.919,26.452,-0.456352
16.9663,27.4607,-0.148003
17.0883,28.4053,-0.520392
18.2088,3.43773,-0.244722
17.9598,4.1058,0.462896
18.0557,5.08359,0.302768
18.0154,5.97288,-0.266311
18.0829,6.93385,-0.272372
18.095,7.9379,-0.536598
18.0154,8.90603,-0.72476
18.0476,9.90861,-0.691723
18.083,10.94,-0.874346
18.0073,11.9717,-0.984729
17.9638,12.9912,-1.15007
17.9534,13.9885,-1.41909
17.9758,14.1208,-2.42909
18.192,14.9215,-1.79021
18.1838,14.9197,-2.80721
18.0765,15.8548,-2.25033
18.2816,16.3371,-1.42237
17.9192,17.1837,-1.05539
17.9985,18.1265,-0.71276
18.0685,18.9818,-0.172735
18.053,19.8853,0.320554
18.0795,20.9191,0.0697562
17.9709,21.9347,0.0699789
17.9959,22.9044,0.241026
18.0623,23.9144,0.454018
18.0911,24.9117,0.310685
17.9755,25.802,-0.0910642
17.9482,26.762,-0.371813
17.988,27.7092,-0.0942198
18.0625,28.5479,-0.619767
19.2562,3.17285,-0.0578387
19.0338,4.04456,0.527146
19.0821,5.03364,0.301746
19.0289,5.94008,-0.119465
19.1061,6.92394,-0.119691
19.0853,7.90295,-0.291784
19.057,8.88967,-0.520737
19.038,9.86454,-0.705969
19.1236,10.8896,-0.694662
19.0754,11.8891,-0.897439
18.9714,12.9019,-1.12542
19.0259,13.9536,-1.39533
19.0318,13.9808,-2.4578
19.2563,14.873,-1.87893
19.2426,14.9297,-2.93454
19.1106,15.754,-2.29909
19.2284,16.4995,-1.57795
19.001,17.3475,-1.06683
19.0208,18.2992,-0.672225
19.0466,19.2078,-0.185556
19.0767,19.9302,0.528294
19.0764,20.8677,0.193442
18.9667,21.8739,0.275515
19.0797,22.8678,0.155004
19.0729,23.9125,0.184701
19.0915,24.8812,0.369109
18.9656,25.7603,-0.0884365
18.9662,26.8197,-0.240996
18.9788,27.8052,-0.266887
19.0323,28.7802,-0.552068
20.1886,2.86424,0.219132
19.9882,3.83468,0.411737
20.1132,4.87028,0.427509
19.9937,5.74059,-0.0545335
20.2025,6.73197,-0.141606
20.1069,7.74623,-0.253224
20.0265,8.61984,-0.705048
20.0673,9.66455,-0.678594
20.1434,10.6615,-0.952361
20.0875,11.6578,-0.836641
20.0057,12.6202,-1.09763
20.0162,13.6422,-1.10893
19.9819,13.8094,-2.11945
20.1789,14.5612,-1.47396
20.184,14.9595,-2.40044
20.1188,15.8984,-2.07398
20.3221,16.6484,-1.44827
20.0375,17.4303,-0.810343
20.0003,18.4424,-0.818717
20.0497,19.2989,-0.217841
20.1491,19.9516,0.575781
20.0354,20.7438,-0.0224464
20.0132,21.7127,0.20744
20.0927,22.7182,0.0263192
20.0888,23.7072,0.134422
20.1026,24.7908,0.0804987
20.0087,25.7773,-0.0664418
19.94,26.7311,0.170727
19.9995,27.6337,-0.225623
20.0515,28.5439,-0.595358
21.1626,2.60527,0.0126591
20.9332,3.5066,0.396454
21.1332,4.48986,0.416095
20.9804,5.46177,0.0368969
21.1898,6.46417,-0.131758
21.0839,7.47385,-0.211771
21.0804,8.35422,-0.677718
21.0791,9.43009,-0.553468
21.1279,10.4052,-0.986422
21.0801,11.3595,-0.73845
21.0468,12.3417,-0.988427
21.057,13.3574,-0.967843
20.9314,13.3797,-1.99902
21.0882,14.1433,-1.35949
21.1765,14.6896,-2.19113
21.1283,15.6731,-1.93044
21.3317,16.6275,-1.53206
21.0153,17.4323,-1.05296
20.9799,18.3195,-0.552959
21.0244,19.2782,-0.354762
21.1733,19.9068,0.422825
21.0848,20.8004,-0.0855586
20.9944,21.7983,0.0656301
21.1206,22.759,0.278515
21.0327,23.7689,0.449144
21.1501,24.764,0.192782
21.052,25.7646,-0.0663656
21.0033,26.7492,0.0416242
21.0326,27.6762,-0.294089
21.0564,28.7001,-0.295184
22.0995,2.24218,0.303342
21.9782,3.20393,0.306616
22.0963,4.23041,0.118027
21.9922,5.22174,0.198987
22.136,6.13223,-0.156221
22.1074,7.18244,-0.164797
22.1153,8.11682,-0.557161
22.0969,9.12723,-0.602359
22.0998,10.0934,-0.904959
22.0773,11.1164,-0.652916
22.1067,12.1436,-0.800745
22.0477,13.1432,-0.67362
21.9893,13.1488,-1.65385
22.04,13.928,-0.975362
22.0955,14.5305,-1.80952
22.1261,15.5177,-1.58425
22.3296,16.4403,-1.37481
22.0844,17.3542,-1.05885
21.9325,18.031,-0.352779
21.9648,18.9968,-0.620981
21.9705,19.9356,-0.200034
22.0676,20.8711,-0.497024
21.9742,21.8462,-0.189346
22.1024,22.7749,0.112314
22.023,23.837,0.204007
22.1363,24.8486,0.0194494
21.9949,25.8049,-0.457955
22.0137,26.7489,-0.181591
22.0553,27.7456,-0.288092
22.0707,28.7437,-0.165578
23.1668,2.04772,0.172518
22.9191,2.89606,0.632408
23.0831,3.8703,0.408557
23.0237,4.90541,0.357161
23.1395,5.84158,0.0699789
23.1012,6.78353,-0.203772
23.0709,7.7998,-0.349687
23.0487,8.78792,-0.60842
23.112,9.84171,-0.735075
23.0388,10.8296,-0.700531
23.1366,11.8757,-0.87817
23.0017,12.7947,-0.468868
23.0971,13.0231,-1.51614
23.0468,13.8124,-0.918326
23.0809,14.6103,-1.55418
23.1381,15.5738,-1.43945
23.2954,16.5268,-1.7479
23.0704,17.0319,-0.898456
22.9051,18.0681,-0.731443
22.9474,18.9962,-0.370531
22.966,20.0004,-0.402094
23.1413,21.0058,-0.355434
22.9721,22.0199,-0.239628
23.117,22.9909,0.0362377
23.0174,23.9865,0.330232
23.0699,24.7778,-0.284838
23.0141,25.7552,-0.455229
23.0208,26.7286,-0.167513
23.0437,27.6707,0.197293
23.0805,28.5578,-0.236662
24.1226,1.67024,0.12852
24.0217,2.6495,0.435728
24.0884,3.70974,0.46212
24.02,4.69056,0.25587
24.1642,5.69727,0.0106265
24.1283,6.64309,-0.412909
24.078,7.64775,-0.176064
24.0019,8.6301,-0.293802
24.107,9.65888,-0.45212
24.0466,10.6617,-0.429798
24.1125,11.6078,-0.634526
24.0014,12.56,-0.249129
24.0743,12.8159,-1.24143
24.022,13.6833,-0.709738
24.1015,14.5405,-1.23793
24.1241,15.627,-1.24013
24.3061,16.6062,-1.48434
24.0379,17.0995,-0.653569
23.9904,18.1001,-0.78511
23.9583,19.0727,-0.411277
24.0088,20.0948,-0.409696
24.131,21.0704,-0.163381
24.0411,22.0976,-0.188183
24.0794,22.9999,0.31662
24.0481,23.9788,0.154646
24.0421,24.8798,-0.338292
24.062,25.8965,-0.440217
24.0858,26.8761,-0.258199
24.0599,27.7547,0.273693
24.1686,28.574,-0.336802
25.1635,1.46643,0.267031
25.0504,2.45679,0.444768
25.155,3.47232,0.468621
25.0546,4.43616,0.128431
25.1085,5.34356,-0.232997
25.0889,6.25232,-0.614057
25.0145,7.25017,-0.346257
24.9912,8.30831,-0.266848
25.0949,9.34177,-0.296991
25.08,10.3386,-0.486123
25.147,11.3193,-0.679025
25.0087,12.2034,-0.188241
25.1347,12.6665,-1.12926
24.9915,13.4149,-0.474071
25.0124,14.3456,-0.942879
25.1203,15.3836,-0.982534
25.1688,16.4024,-0.89657
24.97,17.097,-0.213712
24.9669,18.0438,-0.607401
24.9567,19.0858,-0.724763
25.0786,20.0419,-0.511475
25.0553,21.0183,-0.60444
25.0333,21.831,0.0240059
25.0629,22.8073,0.221241
25.1046,23.8029,0.024543
25.0406,24.7503,-0.317435
24.9713,25.7326,-0.091876
25.0887,26.8059,-0.125236
25.113,27.7243,0.225898
25.1716,28.5787,-0.294058
26.1681,1.19783,0.26874
26.0655,2.26168,0.283605
26.1581,3.2804,0.326377
26.1147,4.31242,0.229453
26.1448,5.29458,-0.0515946
26.1434,6.12131,-0.627311
26.0488,7.13078,-0.44926
26.0233,8.07322,-0.0513077
26.1063,9.0778,-0.187295
26.1366,10.0609,-0.454744
26.1278,11.0223,-0.66064
26.035,11.8369,-0.0128544
26.1034,12.4794,-0.837596
26.0477,13.4641,-0.662453
25.9974,14.4444,-0.74001
26.1188,15.4353,-0.937254
25.9923,16.1561,-0.266097
25.9705,17.1662,-0.259142
25.9786,18.0812,-0.676159
26.0235,19.0688,-0.515036
26.0905,20.089,-0.567055
25.9625,20.964,-0.0993683
26.0572,21.9424,-0.0210791
26.0799,22.894,0.301373
26.0114,23.8907,0.459618
26.1144,24.65,-0.221601
26.0518,25.6605,0.0536546
26.0357,26.6804,0.263051
26.1362,27.6552,0.0960723
26.1713,28.6427,-0.145042
27.0999,1.10038,0.741203
27.036,1.98459,0.249394
27.069,2.9415,0.0968535
27.1235,3.93746,0.291678
27.1633,4.90247,0.0256813
27.1692,5.82627,-0.421732
27.0615,6.80115,-0.2386
26.978,7.82307,-0.287613
27.132,8.80522,-0.233033
27.167,9.76045,-0.458214
27.1309,10.6987,-0.778884
26.9744,11.4544,-0.060625
27.0861,12.2639,-0.613968
27.0377,13.267,-0.673757
26.9866,14.2779,-0.838658
27.1141,15.2794,-0.786776
27.0244,16.1975,-0.39711
26.9806,17.1883,-0.257198
26.9618,18.165,-0.4648
27.0477,19.1567,-0.382235
27.2012,20.1783,-0.397159
26.9756,21.1398,-0.112091
27.0394,22.1209,0.0461592
27.1113,23.0579,0.413004
27.0153,24.0136,0.174062
27.0356,24.981,-0.0184484
26.9853,25.9445,0.276836
27.0439,26.8986,0.0467177
27.1376,27.8357,0.379604
27.1835,28.7757,0.0888424
28.0504,0.948701,0.966372
28.0242,1.68769,0.22396
28.0929,2.67149,-0.0133976
28.1004,3.64772,0.31204
28.0903,4.63754,0.43918
28.1378,5.40999,-0.277871
28.0186,6.39066,-0.197748
27.9516,7.44842,-0.220511
28.131,8.43585,-0.201685
28.0929,9.42872,-0.228251
28.0441,10.3563,-0.581417
27.982,11.2327,-0.092645
28.1024,12.1514,-0.432652
28.0128,13.1469,-0.40011
28.0101,14.1273,-0.542424
28.0908,15.1957,-0.427607
27.991,16.1458,-0.147066
27.9757,17.181,-0.13329
27.9584,18.1268,-0.343645
28.0644,19.1352,-0.199548
28.2075,20.1835,-0.315061
27.9785,21.1141,-0.0316568
28.0699,22.1367,-0.05309
28.0732,23.1357,0.203125
28.0503,24.077,-0.0829951
28.0655,25.0756,-0.205976
27.9808,26.0064,0.136149
28.0736,27.0033,-0.044087
28.143,27.8648,0.440522
28.1144,28.8716,0.451662
29.0383,0.851985,1.16125
28.999,1.65636,0.435649
29.1039,2.42857,-0.244096
29.0757,3.22801,0.401721
29.1028,4.26853,0.415622
29.0861,5.23623,0.0982147
29.0901,6.17736,-0.176089
28.9967,7.17015,0.0123783
29.0495,8.16854,0.103204
29.1744,9.18484,-0.063564
29.0519,10.1308,-0.528257
29.0404,10.9637,0.0549211
29.0839,11.968,-0.137761
29.0569,12.978,-0.342155
28.9665,14.0147,-0.274093
29.0534,15.0081,-0.171221
28.9689,15.9916,-0.391379
29.0357,17.0037,-0.155626
28.9981,17.9956,-0.333381
29.0932,19.0004,-0.218842
29.2245,19.9822,-0.273711
28.9425,20.9687,-0.14091
29.069,21.9745,-0.0208045
29.0667,22.9964,-0.0054384
29.0902,24.002,0.0953825
29.0798,25.0117,-0.136839
28.9849,25.9774,0.0276894
29.1523,26.9523,-0.129591
29.0443,27.9885,-0.0621448
29.1321,28.9449,0.200943
