2.80546,2.10624,-0.572549
2.1343,2.80274,-0.403427
1.37503,3.36887,-0.0737419
0.498325,3.85424,-0.170055
0.425559,4.78568,0.264165
0.524409,5.75115,0.421976
0.262706,6.71558,0.509668
0.536955,7.13495,-0.367455
0.345192,8.04733,0.108734
1.2831,7.69355,-0.0297159
2.75957,1.27491,-0.00598468
2.94788,2.21803,-0.334864
2.22364,2.9233,-0.529704
1.33956,3.41787,-0.443345
1.29845,4.29486,0.0860988
1.34144,5.29007,0.0624439
1.09727,6.09656,0.607184
1.24577,7.07004,0.402991
1.30389,7.80891,-0.258037
2.05972,8.39979,-0.0425977
3.08524,0.447359,0.515629
2.72844,1.37392,0.124812
2.4416,2.32832,0.247008
2.2759,3.18172,-0.217911
2.20776,4.1727,-0.373858
2.2222,5.198,-0.433982
2.02398,5.91423,0.212113
2.22156,6.90551,0.310602
1.87097,7.78162,0.665029
2.5849,8.50557,0.796463
3.60723,0.275674,-0.390112
3.63124,0.989456,0.351497
3.33612,1.88834,0.1086
3.21964,2.9136,0.00648518
3.18088,3.91353,-0.078811
3.15919,4.87694,-0.570193
3.00326,5.7531,-0.112207
3.18835,6.65063,0.270946
2.83048,7.55867,0.52653
3.55441,8.246,0.671664
4.45324,0.894351,-0.411713
3.78301,1.71512,-0.332521
4.10366,2.50936,0.152065
4.01474,3.28059,-0.500183
4.10523,4.27526,-0.277944
4.07106,5.27551,-0.471187
3.89838,6.02087,0.211374
4.02376,6.97217,-0.20369
3.76675,7.84936,0.220032
4.3873,8.58742,0.238234
4.72404,1.10201,0.521821
4.83739,1.6219,-0.353117
4.50979,2.43622,-0.779431
4.9965,3.10573,-0.211902
4.85831,3.90988,-0.839027
4.88439,4.73128,-0.26195
4.79036,5.71167,-0.281616
4.98823,6.70043,-0.429695
4.68976,7.63282,-0.218155
5.34258,8.42845,-0.0710593
5.65057,0.64073,0.289071
5.81846,1.48211,-0.235472
5.52549,2.21467,-0.812317
5.87858,3.11992,-0.684008
5.88474,4.1507,-0.85529
5.83426,5.01451,-0.301825
5.7073,6.0028,-0.655663
5.87775,6.80818,-0.0231422
5.62271,7.79473,0.0908109
5.23343,8.2255,0.928977
6.63746,0.455254,0.0582202
6.59659,1.36397,0.385018
6.32617,2.17194,-0.187317
6.54522,3.08177,0.0943113
6.78012,3.93805,-0.343535
6.81156,4.95538,-0.3507
6.69109,5.97117,-0.564992
6.87969,6.63725,0.226353
6.61744,7.57071,0.0574786
5.87776,7.4561,0.713605
7.41053,1.11597,0.153249
7.41425,1.92864,0.686935
7.29169,2.53859,-0.120789
7.48682,3.49836,-0.0409711
7.1601,4.24288,0.555867
7.68361,4.95028,0.12805
7.32761,5.89415,0.193014
7.8603,6.75567,0.427384
7.39155,7.05023,-0.385904
6.70265,7.01059,0.337861
7.81694,2.0158,0.502976
8.07449,2.36736,1.38719
8.01205,2.88084,0.540584
8.34096,3.81325,0.394253
7.93124,4.66575,0.0275155
8.38297,5.44424,-0.360097
8.21008,6.36257,0.013892
8.8412,6.97568,0.486361
8.37208,7.23013,-0.366692
7.38257,7.27885,-0.324595
