-0.056621,0.332575,-0.581399
-0.0102634,1.14282,-0.0145482
-0.0268654,2.06007,-0.348622
-0.0309153,3.02564,-0.0979766
-0.0151402,4.0563,-0.0810419
-0.0144475,5.07209,-0.0277902
-0.019071,6.0633,0.100299
0.00399792,7.09339,0.040376
-0.0489669,8.11243,-0.198343
-0.0325022,9.07843,-0.367577
-0.0209754,10.0397,-0.0503586
-0.0199988,11.0514,-0.237748
-0.0224403,12.0163,0.0815668
-0.00855129,13.0137,-0.109238
-0.0197607,13.9929,-0.435209
-0.0484054,15.0284,-0.314643
-0.0248238,16.0254,-0.139561
-0.0305918,17.0552,-0.140501
-0.00575884,18.0225,0.20427
0.0706076,19.0182,0.0987823
-0.0119907,19.9918,-0.196023
-0.052208,21.0163,-0.125391
-0.00943022,22.0105,0.0584857
-0.0273721,23.0231,0.0456404
-0.0546892,24.0166,0.0117862
-0.0109134,25.0084,-0.152544
-0.023896,25.9403,0.237275
0.0525498,26.9111,-0.014713
-0.0364696,27.907,0.0964202
-0.0583514,28.8572,0.269234
0.920377,0.649629,-0.660695
0.993155,1.44694,-0.108234
0.954237,2.47989,-0.212107
0.905698,3.4431,0.0383251
0.969594,4.44604,0.038786
0.897085,5.39838,0.313614
0.970592,6.31439,-0.0513688
1.01444,7.40208,0.077282
0.973049,8.27278,-0.391452
0.963927,9.24512,-0.27831
1.03003,10.2308,-0.0867031
0.973345,11.2156,-0.241804
1.06895,12.2312,-0.0792871
1.01604,13.1784,-0.422279
1.01616,14.1756,-0.443934
0.879028,15.1684,-0.74062
0.997159,16.0737,-0.296411
0.944755,17.1056,-0.401672
0.964522,18.0509,-0.0110813
1.08949,19.0546,0.0761376
0.947618,20.0162,-0.104105
0.949358,20.9958,0.00955229
0.927052,21.9651,-0.249748
0.97253,22.8517,0.253685
0.955586,23.8772,-0.0557848
1.02209,24.9033,-0.0667837
0.956935,25.8744,0.345729
1.01509,26.7998,-0.0194372
0.979296,27.7914,-0.0189276
0.946867,28.7776,0.0117191
1.81917,1.05163,-0.772091
1.98544,1.70989,-0.0612323
1.94621,2.67669,-0.453755
1.90318,3.55949,0.0409223
1.96153,4.56814,-0.0256783
1.91419,5.56537,0.368148
1.97167,6.57082,0.0352153
2.0319,7.56937,-0.0474593
1.92609,8.57404,-0.214817
1.93068,9.56038,-0.319886
2.01656,10.4624,0.158525
1.99205,11.2938,-0.432072
2.10663,12.2836,-0.247835
1.99265,13.3208,-0.144301
2.03949,14.1774,-0.66303
1.90208,15.1347,-0.662487
2.03588,16.0895,-0.253856
1.93233,17.0936,-0.454207
2.02546,18.0123,-0.024897
2.08275,19.0455,0.0543199
1.9897,20.0562,-0.0548235
1.94135,21.0349,-0.17925
1.94732,22.0484,-0.206073
1.94583,23.0324,-0.09447
1.96646,24.0379,0.110181
2.06782,25.0281,0.0372875
1.95383,26.006,0.414435
1.97209,26.9914,0.180725
1.96173,27.9585,0.0748405
1.87028,28.8018,-0.450871
2.77288,1.19406,-0.525236
2.99867,1.98504,0.0179357
2.90851,2.9352,-0.300351
2.8683,3.90909,-0.163854
2.95253,4.87654,0.0417402
2.81169,5.89364,0.156169
2.95101,6.88576,0.00288705
3.04384,7.87899,-0.152763
2.95149,8.8856,-0.0863857
2.91778,9.90145,-0.36108
2.942,10.8104,-0.0240486
3.01759,11.5299,-0.711261
3.07857,12.5043,-0.478298
2.99315,13.5036,-0.23784
3.09691,14.244,-0.846165
2.91366,15.2073,-0.74586
2.93924,16.2323,-0.56588
2.88875,17.2475,-0.618867
3.05173,18.1025,-0.0741844
3.03219,19.1204,-0.212702
3.00298,20.1541,-0.0148625
2.96309,21.1759,-0.0913205
2.91528,22.105,-0.438487
2.96224,23.048,-0.0713889
2.98079,23.9753,0.332005
3.04512,24.9167,0.045378
2.96937,25.8803,0.309772
2.97866,26.8853,0.181451
2.9081,27.8209,-0.158086
2.85902,28.7844,-0.579693
3.79225,1.29648,-0.392077
4.01269,2.20291,0.0340526
3.94052,3.18463,-0.264702
3.88472,4.19883,-0.00777917
3.93526,5.15968,0.28403
3.76466,6.08365,-0.108963
3.93819,7.02953,-0.276846
4.02962,8.06846,-0.236146
3.91482,9.08415,-0.370354
3.96583,10.0772,-0.480505
4.02438,11.0204,-0.163054
3.99181,11.7104,-0.91735
4.02845,12.7386,-0.805167
3.94186,13.7219,-0.42411
4.0178,14.3871,-1.19557
3.98222,15.272,-0.726746
3.94739,16.3419,-0.669942
3.9569,17.4044,-0.73795
4.03419,18.184,-0.0745354
3.98984,19.0754,-0.529484
4.00575,20.028,-0.166997
4.0746,20.9964,-0.0191687
3.92855,21.9111,-0.464678
3.95852,22.8219,-0.00808435
3.94229,23.8494,-0.0556261
4.09423,24.8404,-0.012656
3.97197,25.8135,0.0935881
3.96737,26.8012,0.0110843
3.816,27.629,-0.520103
3.86587,28.613,-0.475161
4.86944,1.55111,-0.315268
5.01234,2.49026,0.0183142
4.92921,3.48371,-0.208072
4.87072,4.45822,0.166738
4.93847,5.48005,0.178652
4.75194,6.32217,-0.346138
4.95562,7.34854,-0.218574
5.01419,8.35784,-0.144783
4.91117,9.29913,-0.47994
4.99402,10.3041,-0.487249
5.018,11.2789,-0.223276
5.02542,11.9322,-0.987719
4.97362,12.9457,-1.05514
5.01498,13.865,-0.637291
4.95485,14.5859,-1.34174
5.01933,15.5118,-0.91532
4.89893,16.5153,-0.892486
4.98791,17.4586,-0.554311
5.02166,18.2403,0.0696066
4.99125,19.2409,-0.299698
4.89273,20.197,-0.538325
5.05275,21.0886,-0.056209
4.9748,21.9842,-0.558007
4.95423,22.8904,-0.180966
4.90888,23.8176,0.272954
5.11677,24.758,0.0318827
5.02852,25.7323,-0.0957854
4.98289,26.7519,0.00195929
4.80428,27.5386,-0.640864
4.90172,28.5045,-0.304355
5.92608,1.79104,-0.262621
5.98927,2.82131,0.0437391
5.9409,3.80855,-0.0449629
5.87383,4.86587,0.176891
5.86717,5.7742,-0.244752
5.75853,6.6986,-0.575042
5.92011,7.62587,-0.24243
6.02769,8.64074,-0.217231
5.89825,9.60135,-0.450124
6.04543,10.577,-0.532725
6.06793,11.5412,-0.434208
5.95584,12.3538,-1.05837
5.97579,13.3519,-1.11477
5.99098,14.2852,-0.655296
5.96589,14.655,-1.65851
6.0087,15.5115,-1.11311
5.86802,16.3702,-0.558409
6.00761,17.4058,-0.610691
5.9985,18.3138,-0.163872
5.97827,19.2971,-0.114423
5.91203,20.178,-0.596771
6.14465,21.0291,-0.111475
6.00032,21.9686,-0.374822
5.92982,22.9208,-0.142183
5.90219,23.8249,0.278356
6.11524,24.7467,-0.153795
6.02536,25.7498,-0.0350871
6.04506,26.7512,0.0561113
5.79873,27.5792,-0.419541
5.9059,28.5912,-0.566906
6.91853,2.16306,-0.444295
7.02115,2.99651,0.160543
6.97194,3.99766,-0.177163
6.93977,5.03365,-0.0918912
6.86085,5.96805,-0.455583
6.76626,6.94904,-0.668175
6.88186,7.86001,-0.292599
7.08086,8.87241,-0.248665
6.90186,9.8555,-0.324177
7.0293,10.7724,-0.704965
7.05771,11.8043,-0.666808
6.99488,12.6555,-1.24227
6.86928,13.5809,-1.61579
6.92164,14.4215,-1.06109
6.93607,14.754,-1.98254
7.00534,15.4281,-1.22927
6.759,16.4356,-0.922523
6.99134,17.339,-0.615949
7.01785,18.2934,-0.313349
7.08219,19.302,-0.215534
6.9503,20.2757,-0.455269
7.17151,21.1765,-0.106131
6.99698,22.1456,-0.492926
6.98626,22.9214,0.1326
6.90849,23.9181,0.261241
6.94931,24.9386,0.319623
6.95405,25.9788,0.281011
7.07137,26.9506,0.0423078
6.84729,27.7768,-0.413477
6.8912,28.7406,-0.663994
7.9155,2.3168,-0.257048
8.01109,3.29506,-0.105499
7.9262,4.29481,0.0683737
7.90315,5.30155,-0.0593707
7.86836,6.23698,-0.404257
7.76958,7.255,-0.371343
7.83491,8.21053,-0.122452
8.0397,9.21182,-0.215339
7.93324,10.19,-0.307483
8.07519,11.0824,-0.795114
8.03067,12.1278,-0.707321
7.92639,13.0714,-1.03691
7.82866,13.5428,-1.93564
7.90802,14.2503,-1.22286
7.90337,14.7326,-2.16315
8.01051,15.4071,-1.3731
7.76689,16.2616,-0.904633
7.97748,17.281,-0.967675
8.00244,17.9743,-0.191888
8.00537,18.9365,-0.438472
7.97186,19.9894,-0.304907
8.17945,20.978,-0.281991
7.99223,21.9864,-0.434001
8.05597,22.8613,0.103229
7.92738,23.8522,0.16314
7.95701,24.8451,0.233079
7.97111,25.8489,0.186911
7.92344,26.7019,-0.336641
7.81942,27.7001,-0.12822
7.91389,28.6065,-0.538627
8.8605,2.62609,-0.195416
8.91446,3.62463,-0.357225
8.95826,4.51634,0.155504
8.91215,5.51842,0.123945
8.88504,6.42736,-0.36646
8.80566,7.45616,-0.18096
8.7835,8.45927,-0.327586
9.04583,9.45081,-0.333103
8.91631,10.5045,-0.431745
9.04435,11.4755,-0.735322
8.99326,12.4277,-1.00724
8.81646,13.4784,-1.23259
8.83351,13.6906,-2.23019
8.8824,14.3791,-1.49399
8.90245,14.8301,-2.41256
9.00299,15.275,-1.5024
8.78048,16.2268,-1.21961
8.95866,17.1703,-0.876452
9.02828,18.0914,-0.45436
9.07488,19.0715,-0.638108
8.94269,19.9522,-0.100485
9.15204,20.9491,0.00225837
9.02719,21.9229,-0.285714
9.08828,22.8821,0.126365
8.90985,23.8969,0.107932
8.98626,24.9522,0.121116
8.98447,25.9667,0.237886
8.91254,26.9003,-0.183297
8.79127,27.8947,0.00223701
8.95453,28.6569,-0.64514
9.8571,2.89178,-0.27882
9.90167,3.87693,-0.458135
9.98707,4.6507,0.128846
9.9566,5.65932,0.0623249
9.90259,6.66598,-0.284362
9.81238,7.65037,-0.325098
9.8767,8.6647,-0.417051
10.0983,9.68224,-0.239293
9.92722,10.5913,-0.643608
10.0613,11.5316,-0.96372
10.0196,12.5535,-1.08628
9.82353,13.5298,-1.50799
9.85313,13.8653,-2.45977
9.97154,14.4526,-1.5983
9.98009,14.8682,-2.52744
10.0222,15.364,-1.63134
9.75917,16.3442,-1.38657
9.84223,17.3062,-1.30142
10.0649,17.9983,-0.610633
10.0862,18.9962,-0.885601
9.92485,19.8905,-0.381619
10.074,20.9407,-0.382659
10.0934,21.9474,-0.183767
10.0916,22.9562,-0.0209754
9.92275,23.9575,-0.0163549
10.017,24.9591,0.0663198
9.99302,25.9684,0.0130924
9.94079,26.8997,-0.289346
9.81443,27.8162,0.126044
9.90835,28.6921,-0.380322
10.869,2.97961,-0.108386
10.8556,3.97366,-0.27843
11.0436,4.88706,0.0669332
10.9056,5.85225,-0.00894498
10.9023,6.83752,-0.365288
10.8422,7.84001,-0.121754
10.9355,8.78539,-0.505774
11.1124,9.77089,-0.305167
10.9769,10.7293,-0.654869
11.0676,11.6181,-1.06315
10.9818,12.6227,-1.3393
10.8868,13.5847,-1.5772
10.8805,13.7378,-2.5595
10.9867,14.3745,-1.73983
11.0269,15.1146,-2.49848
11.0616,15.3009,-1.52079
10.8481,16.2719,-1.42867
10.8466,17.2686,-1.38448
11.0428,18.0956,-0.831635
11.1133,19.0766,-1.14646
10.9113,19.8697,-0.558644
11.0606,20.8648,-0.244383
11.1223,21.8578,-0.280682
11.0767,22.8679,-0.252599
10.9053,23.7635,0.142241
10.9797,24.743,0.168487
10.9739,25.7186,-0.188726
10.9527,26.7533,-0.105701
10.843,27.7435,-0.04232
10.8674,28.7421,-0.0425062
11.9193,2.95799,-0.101871
11.8698,3.97078,-0.00373547
12.0383,4.95006,-0.0935728
11.894,5.88765,-0.313385
11.9499,6.91881,-0.270977
11.8407,7.90505,-0.234696
11.9979,8.88382,-0.415705
12.1212,9.8727,-0.390994
12.0091,10.8259,-0.785464
12.0509,11.8137,-1.1153
12.0148,12.8118,-1.25636
11.9336,13.7423,-1.53439
11.922,13.8271,-2.48401
12.0651,14.5108,-1.74993
12.0749,15.2507,-2.52039
12.0966,15.1835,-1.53319
11.8736,16.1648,-1.53037
11.8738,17.2036,-1.42888
12.039,18.0604,-0.92906
12.1289,19.0873,-0.942586
11.8967,20.0003,-0.556713
12.1193,20.9677,-0.396976
12.18,21.9719,-0.390835
12.078,22.8441,0.0797479
11.8994,23.7826,-0.0468001
12.0493,24.7266,0.175777
11.984,25.7031,-0.0271187
11.9814,26.698,-0.204361
11.8827,27.6884,-0.0388043
11.8914,28.6975,-0.141771
12.9545,3.05965,-0.256471
12.904,4.03061,-0.110468
13.0662,5.07152,-0.094113
12.9628,6.0476,-0.214508
12.9609,7.07753,-0.147957
12.94,8.07223,-0.170031
13.0406,9.03334,-0.52288
13.129,10.0281,-0.567315
13.0315,11.0157,-0.654314
13.0469,11.9836,-1.03573
13.0207,13.0013,-1.01072
12.9239,13.8091,-1.61487
12.9624,13.9536,-2.60298
13.0585,14.652,-1.92965
13.0809,15.3303,-2.73208
13.0966,15.1161,-1.72837
12.8798,16.0567,-1.42557
12.9345,17.0454,-1.4277
13.0358,18.0213,-1.0696
13.1346,19.0915,-1.0135
12.8852,20.0688,-0.949126
13.0972,20.9658,-0.41286
13.1944,21.9199,-0.118146
13.1042,22.8143,0.272329
12.912,23.7983,0.241624
13.0407,24.8132,0.283895
13.0135,25.783,0.0572588
12.9533,26.7747,0.15291
12.8709,27.7778,0.109409
12.9393,28.7779,-0.0356059
14.02,3.05172,-0.207764
13.9896,4.04776,-0.0487106
14.0836,4.99045,-0.280721
13.9844,6.03349,-0.153645
13.9513,7.02159,-0.288662
14.0259,8.08179,-0.154628
14.0621,9.0023,-0.572329
14.0877,9.97932,-0.339979
14.1279,10.9776,-0.688757
14.0803,11.9623,-1.04569
14.0364,13.0064,-1.01073
13.9713,13.8822,-1.49815
14.0119,13.9636,-2.56635
14.1345,14.774,-1.92546
14.0747,15.4677,-2.67756
14.0865,15.3494,-1.64
13.9019,16.329,-1.35653
13.9341,17.3036,-1.35995
14.0614,18.2514,-1.05433
14.0489,19.207,-1.38591
13.833,19.8085,-0.612506
14.0404,20.6764,-0.186859
14.1224,21.6177,0.154463
14.093,22.6235,0.142897
13.9159,23.5782,0.178854
14.0209,24.5985,0.16628
14.0034,25.6454,0.0576769
13.931,26.6923,-0.0462416
13.8747,27.7547,0.0626179
14.0333,28.7635,-0.0766625
15.0352,3.09283,0.0138768
15.0202,4.1012,0.0140172
15.1385,5.09135,-0.11174
15.0339,6.15279,-0.167406
14.9847,7.11817,-0.405832
15.0135,8.1405,-0.264681
15.1015,9.07201,-0.592035
15.0946,10.1076,-0.468627
15.1091,11.098,-0.647499
15.0995,12.0349,-1.05157
15.0704,13.0237,-1.1651
14.9937,13.908,-1.68697
15.0461,13.9961,-2.73485
15.169,14.664,-2.01474
15.0278,15.2295,-2.83448
15.1343,15.428,-1.82808
14.9572,16.3013,-1.28802
15.0022,17.2749,-1.48737
15.097,18.2162,-1.09398
15.0552,19.1957,-1.11613
14.8348,19.8821,-0.441478
15.0022,20.8745,-0.37239
14.9991,21.8711,-0.230561
15.0778,22.8297,0.186206
14.9064,23.8804,0.150771
14.9722,24.8586,0.215964
14.9982,25.7287,-0.225883
14.8421,26.6876,-0.449995
14.8314,27.6877,-0.130952
15.0526,28.6603,0.0794763
16.0555,2.94208,-0.144932
16.0784,3.95121,-0.198712
16.2237,4.99617,-0.188662
16.0926,5.97276,-0.122178
15.9972,6.96711,-0.344227
16.046,7.96282,-0.512037
16.1331,8.96598,-0.664046
16.1178,9.97256,-0.751317
16.082,10.9929,-0.90401
16.0697,11.9697,-1.33955
16.0954,13.0127,-1.41076
15.9908,13.9876,-1.42713
16.0071,14.0987,-2.44491
16.1357,14.8368,-1.76448
16.0732,15.1292,-2.72546
16.1651,15.5785,-1.82469
15.9486,16.3416,-1.13005
15.9883,17.3551,-1.31559
16.1356,18.3547,-1.20748
16.0398,19.348,-0.934642
15.7878,20.0668,-0.146751
15.9468,21.105,-0.0864406
15.9574,22.1254,-0.144298
16.0507,23.0402,0.369152
15.9527,24.02,0.125083
15.9372,24.9784,0.380883
16.0277,25.7593,-0.2524
15.8737,26.7145,-0.214628
15.8492,27.7548,-0.33632
16.0613,28.5231,0.312598
17.1566,2.98614,-0.0730064
17.064,3.98751,-0.103742
17.2101,4.95695,-0.0594378
17.0845,5.95528,-0.0445784
17.0655,6.89574,-0.485366
17.0592,7.93698,-0.591464
17.1311,8.9513,-0.491989
17.1312,9.93367,-0.720887
17.0788,10.962,-0.993216
17.0923,11.9782,-1.1842
17.1628,13.0413,-1.24093
17.0346,14.1175,-1.41983
17.0667,14.2493,-2.42638
17.0878,15.0621,-1.74866
17.1473,15.2133,-2.80366
17.0754,15.9718,-2.12666
16.9618,16.3362,-1.14906
17.0008,17.354,-0.928199
17.0649,18.3836,-0.846525
17.0382,19.4027,-0.713013
16.8003,20.2334,-0.135014
16.9181,21.217,-0.247053
17.0044,22.1579,-0.00472427
17.0439,23.1907,0.0048677
16.9815,24.1863,0.0137547
16.9395,24.9789,0.633335
16.9723,25.8514,0.163649
16.9087,26.8138,-0.180459
16.8695,27.8025,-0.370028
17.0845,28.498,0.376275
18.2158,3.02975,-0.364754
18.1085,4.00398,-0.182928
18.2396,5.03116,-0.258559
18.114,5.9841,-0.0267861
18.1141,6.96157,-0.19798
18.0847,7.91174,-0.501227
18.1989,8.91519,-0.593146
18.1221,9.92906,-0.556175
18.0724,11.0085,-0.688559
18.093,12.0054,-1.02598
18.1838,13.0909,-1.1445
18.115,14.0708,-1.47463
18.0889,14.0394,-2.44239
18.118,14.9359,-1.84519
18.22,15.0341,-2.8446
18.084,15.7646,-2.13206
17.9679,16.4308,-1.33858
18.0246,17.2557,-0.656471
18.0881,18.3006,-0.623002
18.04,19.271,-0.738771
17.8098,20.1461,-0.291525
17.9363,21.1022,-0.505048
18.0487,22.0452,-0.158492
18.0313,23.0248,-0.0345653
17.9966,24.0486,0.154234
17.9353,25.0172,0.523023
17.8942,25.7953,-0.158843
17.9114,26.7627,0.0376049
17.8923,27.7847,-0.241481
18.1029,28.6828,0.150111
19.1788,2.71825,-0.435865
19.0631,3.72404,-0.198224
19.1886,4.72558,-0.455654
19.0941,5.69636,-0.140791
19.0475,6.71232,-0.238469
19.1622,7.71444,-0.345967
19.2375,8.70072,-0.656636
19.1146,9.73941,-0.682727
19.109,10.764,-0.795325
19.0959,11.7641,-1.08089
19.1837,12.7623,-1.22434
19.1215,13.7795,-1.51968
19.0926,13.9899,-2.50564
19.1072,14.714,-1.79167
19.2182,15.1783,-2.72412
19.0488,15.5646,-1.80109
18.9926,16.3742,-1.12456
19.0373,17.1972,-0.480337
19.0885,18.1713,-0.631062
19.0087,19.1893,-0.677374
18.8514,20.0899,-0.252263
18.9125,21.1296,-0.295123
19.0718,22.1368,-0.232328
19.0243,23.162,-0.235749
18.987,23.9856,0.339161
19.0007,25.0109,0.555528
18.896,25.6557,-0.237953
18.9795,26.6011,-0.0260323
18.8745,27.5469,-0.366701
19.1234,28.4036,0.125236
20.1981,2.46797,-0.656725
20.057,3.43602,-0.39563
20.1907,4.43917,-0.363668
20.0261,5.38256,-0.0519059
19.9709,6.40884,0.00570086
20.1621,7.41779,-0.358782
20.2614,8.4142,-0.531089
20.0503,9.40715,-0.435182
20.0651,10.3875,-0.633818
20.0868,11.3734,-0.966369
20.0721,12.3552,-1.03124
20.0375,13.3275,-1.20038
20.0375,13.5726,-2.19711
20.1193,14.3928,-1.64792
20.1359,15.1278,-2.29838
20.0144,15.6415,-1.45922
19.9236,16.3871,-0.801227
19.9686,17.3672,-0.773162
20.0303,18.3478,-0.773754
20.0332,19.298,-0.509531
19.8354,20.222,-0.187814
19.9828,21.1286,-0.561559
20.1406,22.1027,-0.335542
20.0904,23.0428,-0.0541093
20.0346,23.9458,0.363625
20.0057,24.9508,0.450847
19.9125,25.6198,-0.232978
20.0484,26.6298,-0.0189886
19.8919,27.637,-0.293039
20.1548,28.5742,0.108209
21.1863,2.24489,-0.461641
21.0767,3.22313,-0.201456
21.1326,4.13257,-0.620463
20.9984,5.01168,-0.115751
20.9906,6.02983,-0.0334483
21.1173,6.9982,-0.165123
21.2031,7.98739,-0.351985
21.0218,9.04987,-0.330058
21.0661,10.0174,-0.586367
21.0372,10.9861,-0.774004
21.047,12.0239,-0.769201
21.0264,13.032,-0.965505
21.0303,13.1665,-1.95336
21.0833,14.0688,-1.43534
21.0626,14.921,-1.94752
21.0044,15.7219,-1.32981
20.8971,16.3822,-0.501654
20.996,17.3863,-0.681967
21.0247,18.3923,-0.877197
21.0514,19.3747,-0.517298
20.8674,20.368,-0.223557
20.9902,21.3139,-0.72736
21.1183,22.2909,-0.648524
21.042,22.8838,0.154918
21.0995,23.8437,0.363726
20.9549,24.786,0.126234
20.9192,25.663,-0.400467
21.0964,26.6194,-0.128986
20.9117,27.615,-0.248473
21.1286,28.6145,-0.0666372
22.2655,2.16128,-0.360204
22.1428,3.16628,-0.0969543
22.1672,4.05215,-0.632444
22.0869,4.98761,-0.296667
21.9905,5.96395,0.0515336
22.0826,6.84197,-0.382589
22.1928,7.84757,-0.548592
22.0248,8.81943,-0.309821
22.0774,9.74421,-0.679824
22.0802,10.7418,-0.645918
22.1143,11.784,-0.582519
22.0378,12.8082,-0.724888
22.0622,12.9554,-1.71439
22.0229,13.7711,-1.17461
22.0227,14.6489,-1.64302
21.9212,15.4052,-0.917069
21.9141,16.3303,-0.55443
22.0323,17.339,-0.451393
22.0248,18.2793,-0.663741
22.0997,19.236,-0.35298
21.8805,20.2076,-0.227506
22.0097,21.1633,-0.56122
22.1209,22.1514,-0.458861
22.0825,23.0847,0.0168279
22.1091,23.976,0.461309
21.9615,24.8403,0.0132694
21.9288,25.7901,-0.176656
22.1159,26.7543,-0.378423
21.9216,27.7482,-0.366836
22.1634,28.622,0.00851466
23.2196,1.77992,-0.269063
23.058,2.75044,-0.292041
23.1891,3.71474,-0.643419
23.1199,4.64511,-0.276315
22.9385,5.623,-0.119929
23.0758,6.5147,-0.552828
23.2607,7.54621,-0.464776
23.0547,8.54098,-0.314539
23.0422,9.53371,-0.42899
23.1185,10.5293,-0.606427
23.125,11.5892,-0.555535
23.0045,12.5725,-0.538316
23.1042,12.8003,-1.54071
23.0457,13.7206,-1.25809
23.0885,14.6553,-1.64041
22.9542,15.2839,-0.780276
22.9343,16.2824,-0.794882
22.9379,17.2647,-0.869759
23.083,18.2868,-0.668722
23.0433,19.0738,-0.0124973
22.9154,20.0895,-0.108271
23.0238,20.9661,-0.582162
23.0922,21.9029,-0.244057
23.0999,22.8909,0.112622
22.9026,23.8638,-0.0974151
22.9593,24.8456,-0.0860103
22.9935,25.8426,-0.126334
23.1399,26.8173,-0.41092
22.9107,27.8291,-0.342158
23.1592,28.7632,0.0441542
24.2191,1.48407,-0.0316721
24.0843,2.52015,-0.152068
24.2002,3.35122,-0.673962
24.0576,4.30811,-0.312793
24.0091,5.30468,-0.239021
24.0735,6.2882,-0.429975
24.2645,7.27288,-0.39823
24.0373,8.26566,-0.448207
24.0705,9.27036,-0.393246
24.1276,10.2758,-0.604205
24.1305,11.2365,-0.442537
24.0166,12.2526,-0.404865
24.0748,12.6106,-1.33228
24.0733,13.6399,-1.19664
24.0905,14.6315,-1.31871
23.9542,15.2952,-0.604389
23.9224,16.3016,-0.725883
23.9494,17.2985,-0.687741
24.1161,18.2471,-0.828282
23.955,19.1444,-0.454012
23.987,20.1065,-0.149538
24.0052,21.0723,-0.565792
24.1162,21.9639,-0.0959105
24.0891,22.8524,0.273321
23.8952,23.8511,0.0267525
23.9923,24.7492,-0.3318
24.0104,25.8096,-0.309876
24.1763,26.7854,-0.197687
23.9395,27.7875,-0.452196
24.0838,28.46,0.277361
25.2307,1.49487,-0.00368969
25.1035,2.45028,-0.168856
25.2401,3.27078,-0.726676
24.9456,3.97161,0.0404248
25.0219,4.96571,-0.239363
25.1022,5.95468,-0.321381
25.2269,6.94048,-0.399295
25.0278,7.93493,-0.403345
25.1149,8.95092,-0.370544
25.1137,9.94164,-0.383532
25.1417,10.9237,-0.406162
24.9439,11.9291,-0.177416
25.052,12.5362,-0.987332
25.0893,13.5632,-0.920942
25.1641,14.5671,-1.13143
25.002,15.3279,-0.493216
24.963,16.3086,-0.587832
24.9578,17.2975,-0.510099
25.0564,18.2712,-0.400513
24.9916,19.2453,-0.176824
24.9913,20.2169,0.122532
25.0175,21.0917,-0.394729
25.05,22.1052,-0.58648
25.0694,22.8982,0.0690329
24.9003,23.8831,0.0982238
25.0237,24.8163,-0.292279
24.9889,25.8183,-0.177499
25.2268,26.7709,-0.16671
24.9362,27.75,-0.336357
25.0949,28.5785,0.255702
26.1465,1.30349,0.365413
26.1201,1.99112,-0.359157
26.2544,2.96892,-0.565258
25.9886,3.68006,0.0488357
26.0165,4.69193,-0.0853236
26.059,5.71548,-0.267467
26.2157,6.70184,-0.535267
26.0398,7.66131,-0.552962
26.0818,8.69033,-0.385311
26.1319,9.68978,-0.413022
26.0638,10.6764,-0.260741
25.9667,11.6745,-0.165169
26.0371,12.377,-0.831166
26.0684,13.3889,-0.679846
26.099,14.3957,-0.844478
26.0148,15.2115,-0.292499
25.9749,16.2255,-0.421503
25.9533,17.26,-0.345625
26.1042,18.2755,-0.305774
26.0137,19.2386,-0.0393445
25.9844,20.2148,0.222001
26.0342,20.9943,-0.432017
26.0143,22.0418,-0.289505
26.029,23.0723,-0.287774
25.9173,24.0385,0.0344035
25.9529,25.0665,-0.0294412
25.9568,26.0865,0.0248909
26.0932,26.7833,-0.691208
25.9622,27.715,-0.271484
26.1294,28.6719,-0.0199744
27.0833,0.93563,0.240095
27.0621,1.62417,-0.533152
27.1518,2.62865,-0.289422
26.9849,3.51299,0.159844
27.0141,4.47588,-0.0735069
27.0511,5.49743,-0.220154
27.1537,6.50409,-0.274639
27.0086,7.53938,-0.393625
27.0316,8.52707,-0.141173
27.0526,9.54442,-0.0454024
27.0225,10.5031,-0.484722
26.9279,11.3643,0.0663106
26.996,12.2478,-0.535823
27.0946,13.273,-0.547389
27.0617,14.2352,-0.41066
26.98,15.1507,-0.031843
26.8572,16.1388,-0.0592792
26.9977,17.0607,-0.37409
27.0847,18.0914,-0.231462
27.0535,19.0955,-0.0591906
27.0044,20.1024,0.0400891
27.0793,20.996,-0.382772
27.0577,22.0119,-0.265429
26.9915,23.0281,0.0369732
26.9798,24.0168,0.0841182
26.9777,24.9739,-0.114637
26.9941,25.9577,-0.0277047
27.0918,26.8993,-0.279348
26.9802,27.948,-0.241453
27.098,28.7969,0.334159
28.0014,0.578976,0.071746
28.0263,1.39691,-0.580938
28.1932,2.34107,-0.322605
28.0111,3.24748,0.0437727
28.0052,4.27232,-0.0134465
28.0789,5.29666,-0.112659
28.159,6.27615,-0.129197
27.9337,7.32028,-0.0518052
28.0151,8.32726,-0.0477157
28.1232,9.3328,-0.0885098
28.012,10.3317,-0.294006
27.9941,11.2308,0.128059
27.9742,12.1326,-0.378494
28.1086,13.1189,-0.326469
28.0771,14.1092,-0.0989624
28.0113,15.0921,0.0330882
27.8716,16.0675,-0.163323
28.0178,17.0891,-0.22949
28.0571,18.0507,0.0109745
28.0521,19.0732,0.0874752
28.0253,20.0599,-0.0156316
28.1289,20.946,-0.461028
28.0697,21.9411,-0.203735
28.0178,22.7937,0.298144
28.0217,23.8384,0.162838
27.9592,24.8703,0.0618336
28.0337,25.846,-0.179766
28.069,26.8778,-0.140098
28.0034,27.8816,-0.236363
28.087,28.7865,0.109711
28.9741,0.179134,0.102557
29.027,1.09469,-0.263723
29.0809,2.04801,0.0342479
29.0316,3.065,0.132685
29.0398,4.07913,0.138322
28.9927,5.06889,0.269729
29.0949,6.04789,0.125416
29.0116,7.06523,0.0369366
29.0237,8.06791,0.0952208
29.0851,9.05255,-0.104602
29.0284,10.0895,-0.050322
29.0171,11.1091,0.215455
29.018,11.9845,-0.324015
29.0242,12.9749,0.0820978
29.1005,14.005,0.00882595
29.0061,15.0104,0.0230628
28.9176,16.0111,0.109732
29.0256,16.9306,-0.144606
29.0233,17.93,0.073281
29.0284,18.9145,0.110895
29.021,19.9307,0.195428
29.0298,20.9831,-0.019422
29.0328,22.0145,0.0931425
29.0202,23.0316,0.0434095
29.0243,23.9941,0.182342
29.0343,24.9616,-0.0797082
29.0081,26.0047,-0.0996612
29.1107,27.0221,-0.204016
29.0122,28.0029,0.0810266
29.0523,28.9781,-0.0634632
