-0.0173132,0.05103,-0.0965697
0.917148,0.00850246,-0.360509
1.88498,-0.0115635,-0.0443525
2.92958,-0.00452895,-0.0588458
3.94618,0.0232734,0.0763512
4.90343,-0.0141331,-0.319984
5.87474,-0.0573229,-0.27022
6.8916,-0.0139103,-0.232362
7.88764,0.0422315,-0.110178
8.87972,-0.017597,0.203711
9.84462,-0.00480667,-0.222007
10.8275,0.0353404,0.0453627
11.8095,-0.0191778,-0.11724
12.8654,0.0238868,-0.165755
13.9289,-0.0220893,-0.230079
14.9256,-0.0375622,0.0360118
15.9371,0.019892,-0.159832
16.9411,0.0212775,0.00683004
17.9735,6.71407e-05,-0.116544
19.0151,-0.0382733,-0.184243
-0.0117283,1.01565,-0.314472
1.00204,1.07458,-0.348503
2.01389,0.897351,-0.4562
2.99155,1.01552,-0.359496
4.0122,0.956944,-0.332322
4.91711,0.979556,0.0665456
5.89664,0.961684,-0.198984
6.88767,0.981082,0.0620106
7.89013,1.01181,0.115381
8.86086,0.925813,-0.300519
9.8369,1.00377,-0.413849
10.8093,1.02302,-0.00856044
11.8083,1.01262,-0.219288
12.8231,1.1121,-0.13361
13.8675,1.02279,-0.091821
14.9062,1.00917,-0.0308206
15.927,1.05007,-0.17362
16.9363,1.01802,-0.118851
17.937,1.03154,-0.0547349
18.9727,0.954607,-0.0468642
-0.0242683,2.01406,-0.22353
1.01072,2.05098,-0.18638
1.99664,1.88133,-0.275604
3.02644,2.03094,-0.306088
4.00998,1.9062,-0.00249947
5.00618,1.973,0.167534
6.00501,1.94846,-0.0195441
6.98895,2.06383,-0.102402
7.98377,2.01557,0.0935972
8.93265,1.96327,-0.0970977
9.94472,2.00022,-0.150874
10.9305,2.04402,0.0538072
11.8857,2.02814,-0.305548
12.9185,2.11177,-0.110031
13.9538,2.09179,-0.108359
14.9861,2.05166,-0.0237678
16.0501,2.03233,-0.25833
17.0445,2.01955,-0.264031
18.0422,2.04436,-0.0969604
19.0364,1.94979,-0.218766
-0.0236488,3.01555,-0.217631
1.01738,3.05193,-0.206369
2.05355,2.94762,-0.164904
2.99902,2.93627,0.199908
3.9275,2.92612,-0.0914548
4.86914,3.0025,0.313535
5.83195,2.92614,0.0423658
6.79466,3.01251,-0.210178
7.73893,2.97654,0.0242988
8.7816,2.94971,0.0188391
9.83952,2.9805,-0.0957915
10.8486,3.03703,-0.0352062
11.9261,2.96111,0.0498062
12.9432,3.10464,0.197537
13.988,3.08107,0.130055
14.9806,3.00701,0.218235
15.969,3.00876,-0.038844
16.9864,3.06882,-0.0924253
18.0066,3.02739,0.0365764
19.027,2.93091,0.104389
-0.0298471,4.05358,-0.143754
0.977563,4.03372,-0.270974
1.94206,3.98031,-0.0800409
2.95508,3.91136,-0.195221
3.91885,3.91099,0.0544328
4.99668,4.02014,0.26025
5.95775,3.95178,-0.0643361
6.97883,4.03518,-0.185025
7.94164,3.95827,0.109806
8.9697,3.92886,0.0216437
9.94675,3.99944,-0.163353
10.9495,4.03753,0.115351
11.9755,3.94838,0.0386151
12.9862,4.09026,0.333723
13.9878,4.0129,0.451976
14.9211,4.01064,0.0767876
15.9873,4.07578,0.0401502
16.9944,4.05202,0.141856
18.0418,3.99528,0.339198
19.0024,3.95309,0.108237
-0.00546281,5.03358,0.00336314
1.02621,5.02467,-0.0141331
2.03619,5.00451,-0.214389
3.02036,4.93868,0.0424696
4.01038,4.90537,0.0229011
5.02837,4.98294,0.00169988
6.051,4.92695,0.0269326
7.06857,4.99299,0.12421
7.99376,4.95541,-0.114682
8.96463,4.90916,-0.432701
9.96215,5.0287,-0.161861
10.9759,4.94285,-0.233824
11.9336,5.04186,-0.0353984
12.8637,5.06214,0.425068
13.8841,5.03045,0.35381
14.9315,5.05241,0.210202
15.9588,5.05348,0.321332
16.9895,5.09511,0.142415
17.9981,5.00249,0.0869198
18.9763,4.97431,-0.0180395
-0.0332621,6.02079,-0.300812
0.997113,6.00481,-0.143559
2.03032,6.02194,-0.199863
3.02576,5.99282,0.0824122
4.03919,5.93969,-0.114161
5.05344,5.99413,-0.201459
6.05772,5.92467,-0.10379
7.01261,6.01025,0.245607
8.01934,5.95725,0.0454787
8.92636,5.94068,-0.337147
9.97325,6.01247,-0.215262
11.0259,6.00034,-0.300705
11.9848,6.06464,0.0617512
13.0191,6.06761,0.153517
14.0118,6.02206,0.257759
15.0114,6.04184,0.10083
16.0284,6.04311,0.0575823
17.0443,6.08178,0.159331
18.0352,6.0328,-0.0582415
19.01,5.99513,0.152666
-0.0233589,7.07489,-0.240248
1.02191,7.02224,-0.21286
2.02034,7.01201,-0.0420728
2.99109,7.00434,-0.135469
3.97602,6.90899,-0.229237
5.00134,7.06189,-0.123276
6.00285,6.96689,-0.0598804
6.99518,6.86053,-0.11352
8.00449,6.95679,-0.0552721
8.97858,7.00858,-0.294913
10.0148,7.02684,-0.303287
10.9996,7.0108,-0.224607
11.9779,7.04101,-0.00946989
12.9532,7.07929,0.171752
13.9607,7.01661,0.112708
14.9981,7.04227,0.22787
15.9849,7.0561,0.279101
16.9961,7.06855,0.220353
17.9917,7.03186,-0.197458
18.984,6.99077,-0.1459
0.011594,8.09051,-0.0848262
0.991345,8.06973,-0.104654
2.00778,8.05331,-0.0133946
3.0261,7.95356,0.293362
4.02986,7.9111,0.155098
4.9769,8.06297,-0.0917936
6.04063,7.98576,-0.0621601
7.01167,7.83996,0.0372417
8.03784,7.93555,0.032728
9.03546,7.99141,-0.00102847
10.0204,8.08269,-0.226716
11.034,8.01337,-0.118415
11.9913,8.01989,0.280544
12.9655,8.11357,0.139262
13.961,8.0431,-0.0927763
14.9384,8.12679,-0.01919
15.9361,8.01798,0.00590533
16.9248,8.06933,0.0385876
17.9524,8.04146,-0.0223548
19.0021,7.99733,-0.0552812
0.00377209,9.09574,0.0775292
1.00593,9.05588,0.176019
1.97826,9.0672,0.135478
2.95783,8.99385,0.276727
3.94812,8.93442,0.11207
4.97252,8.97772,0.223063
6.02417,9.04077,0.110053
7.02257,8.88725,0.165166
8.08788,8.93364,0.267565
9.05177,8.96933,0.0515549
10.0788,9.07875,-0.00571001
11.0925,9.02823,0.0888363
12.1319,8.99828,0.328562
13.1933,9.14727,0.206253
14.1457,9.05106,-0.0680258
15.1605,9.06738,-0.305713
16.1311,9.00196,0.0504532
17.0965,9.05299,-0.19747
18.0529,9.01787,-0.182373
18.9951,8.99355,0.128788
0.0175817,10.0946,-0.158034
1.01104,10.0126,-0.0153691
2.06025,10.0616,0.163286
3.09019,9.93477,-0.0195013
4.07666,9.91328,-0.0194067
5.07039,10.0162,0.0636647
6.0002,10.0084,0.355593
7.00221,9.91341,0.0173223
8.04683,9.90002,0.0961119
9.12778,9.99654,0.235551
10.1149,10.07,0.122645
11.1444,10.0773,0.106781
12.154,10.049,0.228016
13.1717,10.1334,0.0661702
14.1772,10.0456,0.34973
14.9936,10.0727,-0.237226
15.9773,10.0149,0.106217
16.975,10.0033,0.0588977
18.0199,9.93108,0.242375
19.0011,10.0044,0.0336833
-0.0524796,11.1105,-0.329002
0.975051,10.9605,-0.172695
1.88991,11.0446,0.24543
2.9049,10.9065,0.35352
3.91442,10.8947,0.13206
4.89155,10.9705,0.490188
5.8944,10.9931,0.372146
6.79151,10.8827,-0.0119022
7.87718,10.965,0.0768639
8.91409,10.9499,-0.0127171
9.95669,11.0864,0.0217689
10.9437,11.0615,0.12244
11.9267,11.0524,0.254262
12.9317,11.1172,-0.0529099
13.9455,10.9459,-0.126881
14.912,11.0575,0.0800287
15.992,11.0005,0.0543138
16.9815,11.0054,-0.11569
17.992,10.897,-0.037196
18.9846,11.0092,0.0463576
0.000451674,12.1646,-0.194269
0.942424,11.9441,0.0922452
1.94938,12.0008,-0.144081
2.95276,11.8705,0.0881161
3.95352,11.9391,0.195035
4.94111,11.998,0.298315
5.93024,11.9609,0.0322336
6.94915,11.9433,0.0131474
7.97445,11.991,0.18724
8.95549,11.9625,0.11771
9.92369,12.0357,-0.23148
11.0006,12.0328,-0.142384
12.0277,12.0098,-0.0589007
13.0571,12.1389,-0.0807031
14.0227,11.9411,0.240504
15.0693,12.0231,0.380184
16.0779,12.0241,0.0977508
17.0669,12.0156,0.0644704
18.0249,11.8759,-0.190722
19.0222,12.042,0.101028
-0.0150212,13.1506,-0.0411023
0.957558,12.8813,-0.250499
1.99441,13.0463,-0.0836848
2.9936,12.8623,0.168606
3.93678,12.9183,-0.0981475
4.90263,12.9788,-0.0143529
5.89866,12.9805,0.226261
6.95877,12.9532,0.341588
7.97224,13.017,0.176458
9.03659,12.9927,0.248375
10.0578,12.929,0.154854
11.0572,13.0194,0.0139653
12.0733,13.0185,-0.019422
13.0825,13.1458,0.00276803
14.0637,12.9801,0.109275
15.0772,12.9941,0.00295724
16.1243,12.9963,-0.070983
17.0214,13.049,0.429118
17.9514,12.8946,0.0675466
18.9839,13.0592,-0.0549242
-0.0110813,14.1107,-0.196658
0.985211,13.9322,-0.153984
1.93484,14.0642,0.0608966
2.95879,13.8819,0.0354625
3.95204,13.9287,0.20762
4.99718,14.0235,0.134257
6.04127,13.9312,0.0261696
7.08064,13.9049,0.0287851
8.10592,13.9802,0.00226142
9.05865,14.0454,0.100607
10.1038,13.9779,0.192059
11.0854,13.9487,0.335252
12.1339,13.9561,0.336836
13.1255,14.0087,0.585022
14.1311,13.9926,0.505194
15.0178,13.987,-0.0123081
16.0202,13.9652,0.102414
17.0671,14.049,0.18544
18.0459,13.9268,0.0602435
19.0234,14.0431,0.248769
-0.057741,15.1356,-0.0978912
0.93683,14.9892,-0.176424
2.01267,15.0363,-0.185757
3.01785,14.8382,-0.179965
3.93275,14.9557,0.186709
5.01924,15.0224,0.0202673
5.98239,14.962,0.263637
6.99961,14.9149,0.0574999
7.99178,15.0373,0.222657
9.0217,15.0369,0.376809
10.1079,14.9626,0.444212
11.0912,14.996,0.490637
12.0371,14.991,0.131651
13.0566,14.9861,0.270458
14.031,14.9766,0.662462
14.9816,14.9183,0.317096
16.0018,14.9725,0.234944
16.9944,15.0415,0.410303
17.9323,14.9414,0.0614032
18.9829,15.0508,0.0716788
-0.00293588,16.085,0.22179
0.936055,15.9821,-0.125813
1.98288,16.0637,-0.144844
2.97636,15.8777,0.156185
3.9657,15.9179,-0.074102
4.97965,16.0363,-0.0817591
5.9763,15.9792,0.0087344
6.97615,15.987,0.0534867
7.98861,16.0446,0.0562304
8.94366,16.0207,0.273971
9.9252,15.8954,0.0401563
10.917,15.9034,0.100287
11.9489,15.9605,0.223005
12.9143,15.934,0.52804
13.9469,15.9552,0.271227
14.9511,15.9027,0.0455061
15.925,15.9815,0.0798212
17.0451,15.989,0.101856
18.0652,15.9611,0.167415
19.0419,16.0295,0.412745
-0.0692007,17.1558,0.268651
0.957607,16.924,0.175552
1.95508,17.0393,0.238874
3.03227,16.9155,0.247707
4.03384,16.9423,-0.0577685
4.99082,16.9712,-0.353215
6.00129,16.9516,-0.325016
7.00775,17.0058,-0.0695456
8.00539,17.0933,0.174142
8.98944,16.991,0.181133
9.98805,16.8913,0.111118
11.0378,16.9457,0.299368
11.9549,16.9165,-0.0728721
12.9284,16.9565,0.277273
13.9325,16.9766,0.322089
14.959,16.9622,0.211548
15.978,16.9442,0.383395
17.0253,16.8962,0.410883
18.0213,16.984,0.245415
19.025,16.9923,0.0566515
0.0183996,18.1621,0.161159
0.992593,17.919,0.221549
1.97593,18.0375,0.304962
3.00918,17.955,0.195303
3.96584,17.9585,-0.0619404
4.97237,18.0212,-0.285266
5.97067,17.9466,-0.172506
7.00345,18.0165,0.109143
7.97566,18.0441,0.382501
8.97773,17.9853,0.161516
9.95935,17.9594,-0.102973
10.9324,17.9713,0.0688955
11.9236,17.9079,0.164824
12.9323,18.0089,0.249342
13.9526,17.9733,0.14051
14.9835,17.988,0.111048
16.0498,17.9351,0.350591
17.0918,17.9223,0.44294
18.024,17.9596,0.00959197
19.0223,17.9764,-0.0731498
-0.0796838,19.1054,0.425111
0.944768,18.9917,0.347868
1.93808,19.0329,0.242018
2.97941,18.9361,0.0761193
3.97986,18.9685,0.0800195
4.9235,19.0354,-0.214951
5.89479,18.9428,-0.0534043
6.90394,19.0201,-0.00560625
7.91544,18.9997,0.00561541
8.89298,18.9813,0.22204
9.88845,19.0172,-0.041792
10.8897,18.9794,0.0162877
11.9249,18.9673,0.0462844
12.9247,18.9691,-0.0163549
13.9781,18.9702,0.00166631
15.0282,19.0232,0.120936
16.0119,18.9833,0.221421
17.0226,18.9308,0.208655
17.9829,18.9793,-0.008417
18.9737,18.9718,-0.0370342
