-0.26213,1.23588,-0.835835
-0.0226814,1.70963,0.0804956
-0.0393231,2.66956,0.33918
-0.0612873,3.63843,0.0166204
-0.254103,4.60527,0.0411512
-0.201041,5.63366,-0.134785
-0.164806,6.61346,-0.334721
-0.18576,7.58552,-0.122721
-0.106906,8.58602,-0.339164
-0.264641,9.47087,-0.797385
-0.189654,10.463,-0.904831
-0.174511,11.4065,-0.552129
-0.279922,12.3978,-0.790851
-0.225962,13.3824,-0.94073
-0.194967,14.3112,-1.26724
-0.169622,15.265,-0.940587
-0.290057,16.2872,-0.566219
-0.336488,17.1673,-0.0611927
-0.174761,18.0878,-0.229371
0.0921232,19.0814,-0.219929
0.108017,20.0601,-0.38811
-0.233067,20.9886,0.00503861
-0.176202,21.985,-0.103745
-0.129585,22.9465,0.277068
-0.110541,23.8039,-0.216807
-0.230073,24.6889,0.309641
-0.0987182,25.6187,-0.148598
-0.0105502,26.6246,-0.226347
-0.200092,27.6069,-0.478488
-0.183895,28.6154,-0.495056
0.768957,1.12743,-0.621021
0.950838,1.88108,0.0832514
0.937367,2.87111,-0.000180059
0.961675,3.81486,0.353294
0.781503,4.76121,0.124946
0.778341,5.72915,-0.0978576
0.817307,6.73504,0.0481307
0.79812,7.775,0.0549699
0.884854,8.69742,-0.483108
0.81709,9.65579,-0.867104
0.842329,10.647,-1.10005
0.910385,11.4471,-0.520188
0.79957,12.3962,-0.901996
0.760881,13.4285,-1.11864
0.853682,14.4528,-1.1886
0.81482,15.4434,-1.17516
0.775146,16.1663,-0.511905
0.702622,17.1386,-0.156468
0.882543,18.1098,-0.420273
1.16059,19.0607,-0.253493
0.996481,20.0004,0.0439558
0.763079,21.0047,0.167571
0.857387,21.8789,-0.367583
0.885846,22.7628,0.0645375
0.870132,23.669,-0.391595
0.761003,24.5126,0.111539
0.832875,25.5713,0.265365
0.988174,26.5038,-0.067101
0.781564,27.5198,-0.0879147
0.826432,28.4648,-0.436393
1.78297,1.14415,-0.337413
1.9932,2.00632,0.0914945
2.00957,3.00176,-0.0431166
1.98407,3.9844,0.255956
1.84644,4.96641,0.00122684
1.80568,5.95422,-0.0964324
1.80027,6.94823,-0.0538224
1.8111,7.99983,-0.115226
1.8994,8.92282,-0.597775
1.85291,9.84119,-0.951854
1.83905,10.8512,-1.14649
1.86577,11.6212,-0.470537
1.81826,12.4321,-1.16688
1.77352,13.4169,-1.29281
1.82014,14.4615,-1.37984
1.80239,15.4417,-1.31133
1.75702,16.282,-0.744374
1.81332,17.1005,-0.160671
1.77136,18.0407,0.0908414
2.15412,18.9294,-0.0567553
1.99316,19.8932,0.020658
1.80997,20.8543,0.147264
1.88917,21.7446,-0.393081
1.92003,22.6974,-0.0532395
1.89588,23.7646,-0.270296
1.72975,24.6606,0.183499
1.76018,25.5824,-0.247395
1.97775,26.5114,0.0778619
1.81832,27.5076,0.0418409
1.80807,28.3131,-0.632698
2.82924,1.36835,-0.520078
2.93116,2.33891,-0.12201
2.92429,3.37155,-0.296545
2.967,4.32878,0.116086
2.84695,5.31871,0.0675771
2.79768,6.20933,-0.352184
2.81987,7.18424,-0.129386
2.8533,8.15878,-0.138469
2.97497,9.09125,-0.447401
2.88191,10.0105,-0.879009
2.91087,11.0029,-1.19857
2.8987,11.8528,-0.61222
2.78624,12.557,-1.35442
2.76754,13.5571,-1.29839
2.83051,14.5038,-1.66653
2.7745,15.3635,-1.12171
2.83509,16.2609,-0.641755
2.83185,17.1041,-0.127937
2.77292,18.1421,0.129246
3.12733,18.9407,-0.439232
2.99149,19.923,-0.293548
2.78268,20.8672,-0.0577624
2.88719,21.7385,-0.574618
2.97843,22.6644,-0.0856868
2.89385,23.6982,-0.186294
2.78912,24.6679,0.145247
2.76306,25.6111,-0.321131
3.05271,26.4552,0.203244
2.78583,27.3695,-0.0977783
2.87517,28.2851,-0.520737
3.85129,1.60562,-0.67561
3.98593,2.4453,-0.140593
3.8474,3.43825,0.157308
4.00232,4.40179,-0.0051088
3.85443,5.3931,-0.177886
3.81427,6.33649,-0.538417
3.85344,7.29389,-0.302243
3.9028,8.29174,-0.297961
3.96865,9.15635,-0.807617
3.90773,10.1406,-0.762456
3.90624,11.1146,-1.16994
3.85955,12.0527,-0.809711
3.80555,12.5469,-1.7129
3.80374,13.478,-1.38927
3.88508,14.4802,-1.66478
3.79293,15.454,-1.37753
3.84443,16.2048,-0.731635
3.82699,17.1307,-0.360295
3.76703,18.0845,-0.0368236
4.20599,18.925,-0.46827
3.9407,19.7676,0.0958373
3.7736,20.7489,-0.103833
3.95288,21.6857,-0.566597
3.98562,22.6174,-0.246867
3.91264,23.6248,-0.13394
3.7426,24.641,-0.18497
3.77695,25.5832,-0.42873
3.92915,26.6135,-0.318281
3.73936,27.5173,0.11933
3.88114,28.3387,-0.499924
4.86709,1.79558,-0.704291
4.98513,2.69533,-0.168307
4.86757,3.66926,0.123154
4.96263,4.71892,-0.144713
4.83685,5.69774,0.0790185
4.84259,6.5552,-0.442326
4.81888,7.52649,-0.630116
4.89445,8.46843,-0.287371
4.96761,9.36971,-0.723313
4.87961,10.441,-0.732978
4.85183,11.3743,-1.0212
4.85055,12.3584,-0.891522
4.83144,12.6828,-1.86876
4.92658,13.534,-1.32762
4.92554,14.4684,-1.73462
4.8257,15.5377,-1.52804
4.88777,16.1043,-0.721186
4.90361,17.0379,-0.417258
4.78593,17.9269,0.0292489
5.10972,18.8765,-0.0400189
4.92808,19.8471,0.258177
4.80581,20.7312,-0.222132
4.96583,21.7147,-0.399255
4.97967,22.6993,-0.110907
4.91021,23.6744,-0.181851
4.80092,24.6477,-0.202487
4.80464,25.6901,-0.296432
4.91503,26.6861,-0.570446
4.76473,27.487,0.0481491
4.91354,28.3822,-0.356017
5.89622,1.99998,-0.687719
5.75338,3.00771,-0.724574
5.90704,3.73848,-0.0420026
5.97423,4.76698,-0.327647
5.88307,5.74438,0.0275033
5.86843,6.74797,-0.352788
5.85895,7.77062,-0.454387
5.85727,8.76055,-0.55085
5.88652,9.74398,-0.924525
5.86456,10.7296,-0.826994
5.82897,11.6512,-1.16357
5.86597,12.6773,-0.97861
5.89724,12.7774,-1.99537
5.91603,13.6886,-1.63452
5.94852,14.6718,-1.96643
5.86785,15.6674,-1.78179
5.91909,16.3365,-0.918464
5.81101,17.3277,-0.652074
5.82352,17.8503,0.176827
6.11481,18.8404,-0.0810846
5.92701,19.7849,0.299829
5.85462,20.6974,-0.215571
6.02721,21.7052,-0.275674
6.00761,22.6782,-0.0851833
5.96202,23.6964,-0.199506
5.80766,24.6562,-0.472552
5.799,25.5998,-0.191025
5.94427,26.5892,-0.369362
5.79969,27.4314,0.147127
5.8933,28.456,0.00937223
6.8861,2.27002,-0.708206
6.7011,3.2525,-0.776812
6.87416,4.05423,-0.0649037
6.98013,5.08863,-0.17879
6.88256,6.06975,-0.0271279
6.86423,7.04665,-0.17571
6.81952,8.04017,-0.324158
6.83552,9.04001,-0.370614
6.8963,9.96333,-0.773357
6.9004,10.9761,-0.685281
6.89003,11.8549,-1.23068
6.88906,12.8525,-1.07569
6.83585,13.1761,-2.05199
6.92678,14.0743,-1.51473
6.91617,14.7349,-2.27784
6.92982,15.5827,-1.67665
6.93472,16.4236,-1.12301
6.89808,17.3531,-0.776373
6.90047,17.9402,0.128874
7.1295,18.9514,0.229646
6.92566,19.9036,0.143828
6.90095,20.7887,-0.276836
6.94271,21.7153,0.0944029
7.03953,22.6752,-0.177468
7.03164,23.6891,-0.101627
6.87214,24.6752,-0.289975
6.76832,25.6825,-0.336021
6.99016,26.6908,-0.412149
6.75471,27.242,0.384915
6.91643,28.2151,0.0261818
7.9286,2.23564,-0.432112
7.68955,3.22286,-0.53679
7.8608,4.24993,-0.400107
8.01862,5.2235,-0.142692
7.88373,6.27294,-0.252275
7.88132,7.25524,-0.349663
7.82345,8.27083,-0.203897
7.82526,9.19308,-0.584765
7.89567,10.1745,-0.836882
7.94232,11.1933,-0.732084
7.86245,12.1053,-1.24923
7.98668,13.1038,-0.994717
7.86055,13.4305,-1.99671
7.96777,14.2197,-1.41332
7.97438,14.6805,-2.34805
7.92966,15.4052,-1.72139
7.92897,16.2236,-1.15454
7.94205,17.2163,-0.789785
7.84144,18.0888,-0.278152
8.1795,18.8856,0.25446
7.93405,19.7994,0.0564745
7.86781,20.672,-0.431986
7.87914,21.6948,-0.221247
8.03256,22.6325,0.0297861
8.04107,23.6399,-0.238813
7.87557,24.6317,-0.226817
7.78592,25.6197,-0.445112
7.9921,26.6205,-0.478527
7.75654,27.1542,0.379476
7.98663,28.0964,0.0160894
8.93846,2.5579,-0.463112
8.60117,3.45396,-0.17232
8.8684,4.42851,-0.237053
8.9963,5.48959,-0.108689
8.90793,6.48591,-0.318229
8.91162,7.49274,-0.380337
8.84229,8.53658,-0.491787
8.8085,9.49319,-0.774282
8.89645,10.5087,-0.827802
8.87389,11.5297,-1.10059
8.7985,12.5289,-1.10449
8.89913,13.5621,-1.07962
8.86709,13.743,-2.09799
8.93023,14.4505,-1.35176
8.95227,14.7249,-2.34822
8.95578,15.2917,-1.51313
8.89115,16.3003,-1.39394
8.95524,17.255,-1.06554
8.78949,17.8284,-0.211454
9.15014,18.7452,0.0753929
8.96655,19.7299,0.206949
8.90319,20.6306,-0.338469
8.88945,21.6847,-0.282366
9.06437,22.6557,-0.10152
9.01847,23.6328,-0.426524
8.75669,24.5938,-0.675921
8.83513,25.5965,-0.593237
8.95131,26.5616,-0.352419
8.77572,27.2924,0.294073
8.96195,28.2012,-0.0915159
9.94281,2.79748,-0.269359
9.60876,3.7149,-0.0732505
9.91349,4.60381,-0.370861
10.0359,5.60132,-0.470638
9.96124,6.63106,-0.470293
9.96337,7.67454,-0.390356
9.8167,8.62909,-0.60521
9.82455,9.61147,-1.01959
9.91578,10.6091,-0.9154
9.93863,11.6599,-1.11514
9.79241,12.6546,-1.27229
9.92432,13.6532,-1.4443
9.88727,13.9641,-2.40188
9.95596,14.6106,-1.56982
9.9543,14.7787,-2.52264
9.95871,15.4826,-1.78884
9.86893,16.287,-1.21693
10.0263,17.2601,-1.09722
9.85203,17.9345,-0.359468
10.1538,18.8207,-0.0441633
10.0142,19.7969,0.249062
9.89541,20.6631,-0.232969
9.96593,21.6556,-0.341279
10.0627,22.6474,-0.233265
10.1253,23.5891,-0.534681
9.7625,24.5683,-0.615207
9.89296,25.5888,-0.59751
9.98859,26.5748,-0.504715
9.81476,27.3033,0.163823
9.98222,28.2677,0.0183996
10.8759,2.8628,0.0655202
10.6341,3.88297,0.045378
10.9097,4.79956,-0.211472
11.0861,5.75227,-0.435301
10.9597,6.69904,-0.794949
11.0382,7.68339,-0.601517
10.8433,8.5957,-0.738398
10.9388,9.65236,-0.972365
10.953,10.6695,-0.760222
10.9371,11.6173,-1.16044
10.7914,12.6404,-0.923402
10.9607,13.5263,-1.39861
10.8673,13.7869,-2.37536
10.9955,14.4534,-1.57883
10.991,14.6565,-2.61281
10.99,15.2708,-1.8409
10.8455,16.0415,-1.2219
10.9959,17.0163,-1.16232
10.8817,17.8991,-0.682894
11.1545,18.7391,-0.136882
11.0486,19.6904,0.101126
10.9393,20.6663,-0.103845
10.9652,21.6516,-0.125178
11.0044,22.6685,0.0567797
11.1598,23.621,-0.311866
10.7434,24.5093,-0.445552
10.9434,25.4604,-0.648686
11.0075,26.5,-0.487045
10.8818,27.249,0.184558
11.0657,28.2503,-0.0023011
11.8896,2.90277,0.07669
11.6804,3.86383,0.0717307
11.9676,4.81887,-0.142524
12.0916,5.86682,-0.408753
11.999,6.86138,-0.666466
12.0411,7.86242,-0.505411
11.8247,8.82915,-0.368639
11.8866,9.84869,-0.697787
12.0091,10.8232,-0.821546
11.9822,11.7625,-1.11978
11.814,12.737,-1.05188
11.9798,13.6121,-1.43264
11.8855,13.8314,-2.41236
12.0482,14.3127,-1.5535
12.0356,14.4891,-2.54128
12.0251,15.1232,-1.80466
11.8881,16.0495,-1.44737
12.076,16.996,-1.23168
11.8904,17.8248,-0.710654
12.1618,18.6787,-0.305451
12.0727,19.704,-0.242683
11.9543,20.7452,-0.168871
12.0077,21.7656,-0.172619
12.0231,22.7233,0.0582598
12.1505,23.683,-0.182791
11.7145,24.6325,-0.182049
11.9487,25.4417,-0.725877
12.0224,26.4474,-0.548436
11.8878,27.2792,-0.0116123
12.1397,28.2362,-0.0865902
12.8251,3.10629,0.450453
12.6873,4.03475,0.0416791
13.0044,4.95026,-0.0538743
13.1347,5.89719,-0.467791
13.0527,6.91184,-0.656258
13.1097,7.90115,-0.458483
12.8494,8.84202,-0.22851
12.904,9.74017,-0.724226
13.045,10.7485,-0.749382
12.9909,11.6921,-1.16145
12.8528,12.666,-1.00422
12.9858,13.5249,-1.48341
12.9472,13.9616,-2.41377
13.0572,14.4056,-1.48492
13.0674,14.4705,-2.46462
13.0829,15.2455,-1.81325
12.9173,16.1919,-1.50069
13.0759,17.183,-1.26007
12.9311,17.9733,-0.698376
13.1908,18.8153,-0.316413
13.0311,19.7677,0.053444
12.9633,20.7319,-0.329313
12.9948,21.6744,0.0270058
13.0591,22.6836,-0.0235603
13.1732,23.7059,-0.0360851
12.7165,24.441,-0.500934
12.9069,25.4251,-0.527418
13.0391,26.4064,-0.242189
12.9292,27.3927,-0.176791
13.1581,28.3973,-0.129621
13.8629,3.15327,0.444438
13.6896,4.0339,-0.0972625
14.0209,4.96977,-0.0232398
14.1558,5.88224,-0.366973
14.0476,6.86531,-0.356661
14.0947,7.90027,-0.364028
13.8916,8.88645,-0.291974
14.0116,9.85143,-0.56888
14.0339,10.7939,-0.88616
14.0161,11.7856,-1.17241
13.8944,12.7958,-1.0751
14.0153,13.7049,-1.49287
14.0005,14.0279,-2.43007
14.0451,14.5609,-1.58582
14.0596,14.4736,-2.56616
14.0953,15.2348,-1.89313
13.9232,16.1563,-1.56595
14.0717,17.162,-1.3855
13.9209,18.0441,-0.918116
14.2033,18.6619,-0.201599
14.0824,19.6518,-0.133293
14.0052,20.6558,-0.371331
13.9893,21.6334,-0.262639
14.1101,22.6149,-0.086755
14.2032,23.6121,-0.027311
13.7596,24.3661,-0.504334
13.9283,25.3759,-0.467162
14.0693,26.2846,-0.0280801
13.9122,27.2953,0.077102
14.1521,28.2555,0.0390667
14.9142,3.16901,0.267833
14.6514,4.09826,0.173736
15.0626,4.98784,-0.221885
15.2069,5.93671,-0.380084
15.1085,6.95512,-0.308939
15.087,7.94344,-0.21792
14.9826,8.92527,-0.296545
14.967,9.94328,-0.467553
15.0148,10.6772,-1.11433
15.1014,11.6531,-1.121
14.914,12.6286,-1.10067
15.08,13.5506,-1.48466
15.0243,14.0372,-2.36684
15.0495,14.3957,-1.45464
15.0587,14.4062,-2.50211
15.1241,15.1702,-1.83372
14.9079,16.1941,-1.79848
15.0554,17.112,-1.39451
14.936,18.0667,-1.05424
15.1895,18.4418,-0.175213
15.0978,19.454,0.00950041
14.993,20.4332,-0.144484
15.0368,21.4532,-0.187591
15.1532,22.4461,0.0208838
15.1908,23.4611,-0.160466
14.8066,24.3372,-0.482043
14.9168,25.306,-0.295575
15.1255,26.1471,0.200586
14.94,27.128,0.124021
15.1411,28.0447,0.459993
15.9398,3.19875,0.112265
15.6662,4.15812,0.109995
16.0602,5.02686,-0.114335
16.1924,6.04639,-0.373928
16.0937,6.95535,-0.028724
16.1141,7.917,-0.249193
16.0418,8.89795,-0.274508
15.9874,9.9178,-0.326673
16.0515,10.7996,-0.9052
16.0974,11.7334,-1.33093
15.9247,12.6649,-0.945949
16.1609,13.4558,-1.51392
16.0416,14.0289,-2.33437
16.0819,14.3465,-1.36372
16.064,14.5272,-2.37666
16.1325,15.3085,-1.71535
15.8891,16.2486,-1.56764
16.0596,17.1983,-1.39646
15.9536,18.0706,-0.894449
16.1886,18.5883,-0.0569353
16.0892,19.5726,-0.220078
15.9469,20.4269,0.187399
16.022,21.432,0.0659597
16.1634,22.4613,-0.120756
16.1667,23.4788,0.0211432
15.8112,24.3751,-0.399762
15.9498,25.3292,-0.407804
16.1812,26.1206,0.201636
16.0024,27.0751,0.153032
16.1603,27.963,0.6227
16.9487,3.16377,0.308295
16.6803,4.14871,0.213962
17.1471,4.92471,-0.126746
17.2174,5.98685,-0.262004
17.1328,6.90559,0.147496
17.143,7.81634,-0.297092
17.051,8.85112,-0.370382
17.0133,9.84347,-0.488806
17.0372,10.777,-0.843291
17.1222,11.6659,-1.27046
16.939,12.6092,-1.05495
17.1682,13.4456,-1.58444
17.0766,14.1241,-2.39893
17.0997,14.2712,-1.436
17.0445,14.5851,-2.47685
17.1779,15.22,-1.72574
16.9486,16.1408,-1.4561
17.0026,17.1068,-1.18897
17.0017,18.009,-0.725782
17.2368,18.6446,0.0414319
17.0935,19.6165,-0.030546
17.0304,20.5266,0.345158
16.9895,21.565,0.330662
17.1838,22.5019,0.0140721
17.1566,23.5222,-0.0578692
16.8229,24.4576,-0.262343
17.0056,25.4188,-0.299957
17.2356,26.2645,0.288806
17.0236,27.1352,-0.115632
17.2161,27.9025,0.51616
18.0247,3.13446,0.316379
17.6972,4.15261,0.473012
18.1491,4.85779,-0.05262
18.2028,5.84028,-0.360802
18.1911,6.78727,-0.0845546
18.1426,7.83675,-0.24724
18.1141,8.814,-0.414957
18.0346,9.81163,-0.639473
18.0157,10.7318,-1.04508
18.1124,11.748,-1.0829
17.976,12.7646,-1.05391
18.1483,13.7066,-1.32662
18.0472,13.6413,-2.31204
18.1133,14.4367,-1.61644
18.0907,14.7181,-2.55173
18.1781,15.3445,-1.79677
17.9098,16.0529,-1.09565
18.0028,17.0931,-1.04112
18.0097,18.0343,-0.609622
18.2593,18.7426,0.108179
18.0679,19.7218,-0.118891
18.0164,20.653,0.22299
17.9626,21.6771,0.38265
18.2412,22.5012,-0.0546464
18.0849,23.4083,-0.461785
17.9038,24.4782,-0.435813
17.9485,25.3813,0.0288766
18.2247,26.3378,0.00273751
18.0033,27.2447,-0.343373
18.2604,27.7198,0.477929
19.0342,3.15947,0.589517
18.7136,4.12379,0.591104
19.1517,4.75771,-0.0256233
19.1837,5.72081,-0.284188
19.2315,6.73434,-0.25287
19.1565,7.77417,-0.247356
19.1274,8.75773,-0.528251
19.1047,9.75669,-0.534135
19.0093,10.6879,-0.891168
19.1708,11.7026,-0.993704
19.0452,12.6779,-1.34423
19.1616,13.7293,-1.31063
19.1234,13.8246,-2.32561
19.1277,14.5322,-1.64643
19.0689,14.949,-2.61725
19.2209,15.3104,-1.63773
19.0196,16.045,-0.909626
19.0092,17.0648,-0.953261
18.9798,18.0575,-0.817524
19.1277,19.0176,-0.399298
19.0192,19.7923,0.207758
18.9464,20.715,0.591556
18.9948,21.744,0.46191
19.2346,22.5419,-0.161348
19.1136,23.4876,-0.52508
18.9363,24.4591,-0.43289
18.8484,25.4272,-0.419242
19.2104,26.1297,0.191073
18.9641,27.1922,0.0259804
19.2365,27.8199,0.746113
20.0426,2.86795,0.675658
19.8026,3.84457,0.393533
20.0942,4.50216,-0.363613
20.1981,5.48539,-0.243321
20.2147,6.47323,-0.0733543
20.217,7.52032,-0.163903
20.1493,8.49295,-0.444047
20.0267,9.45419,-0.739146
20.0017,10.3874,-1.0733
20.1328,11.3986,-0.973244
20.0631,12.3698,-1.22528
20.0827,13.3841,-1.3211
20.1791,13.6196,-2.29886
20.1701,14.5071,-1.77052
20.0874,14.9582,-2.65202
20.1931,15.3584,-1.76095
20.0065,15.9574,-0.994208
19.9967,16.9694,-0.712674
20.0303,17.983,-0.776244
20.1473,18.9434,-0.492044
20.0858,19.8044,0.131672
19.9444,20.759,0.443648
20.0526,21.7608,0.439253
20.2404,22.5037,-0.203757
20.0728,23.4725,-0.213102
19.9781,24.5112,-0.242668
19.8599,25.4551,-0.595029
20.2396,26.1264,0.0988952
19.9812,27.1084,0.217249
20.2289,27.9777,0.731715
21.1008,2.76254,0.855626
20.7705,3.58957,0.401187
21.0976,4.26764,-0.266228
21.246,5.2378,-0.174203
21.2141,6.25562,-0.011832
21.1658,7.24667,0.048381
21.0894,8.15467,-0.408884
20.9751,9.10776,-0.566305
21.0118,10.0021,-1.06018
21.1096,11.0471,-0.95486
21.0257,12.0326,-1.11805
20.9954,13.0823,-1.1142
21.2008,13.5523,-2.05062
21.193,14.4609,-1.59423
21.0955,14.9442,-2.49792
21.225,15.3182,-1.59853
21.0648,16.0732,-0.952916
21.0376,17.1101,-0.901959
21.0459,18.1354,-0.904089
21.1966,18.9862,-0.414698
21.151,19.9497,-0.0536271
21.0014,20.7807,0.55016
21.0592,21.791,0.343202
21.2506,22.6764,-0.0902951
21.0664,23.6212,-0.263228
20.9468,24.5965,-0.474172
20.8958,25.5636,-0.693313
21.2698,26.2483,-0.0680349
20.9897,27.168,0.107334
21.2771,27.9767,0.680782
22.0904,2.73268,0.746757
21.8173,3.56271,0.281808
22.153,4.10988,-0.458824
22.2309,4.95977,0.0552171
22.1867,5.99317,-0.00807215
22.1573,7.03766,0.072869
22.0926,7.95436,-0.331205
21.9756,8.92853,-0.511988
22.0154,9.89948,-0.742045
22.053,10.9035,-0.69975
21.9992,11.723,-1.20028
21.9716,12.7683,-0.976495
22.175,13.2984,-1.86583
22.2091,14.2031,-1.38134
22.1017,14.825,-2.20873
22.2111,15.2941,-1.3303
22.0676,16.2608,-1.10697
22.0228,17.2666,-0.999142
22.1283,18.2394,-0.846452
22.133,19.254,-0.599371
22.2146,19.9677,0.0880551
22.006,20.8473,0.478112
22.0792,21.7867,0.284347
22.1844,22.8392,0.198508
22.0686,23.7258,-0.24626
21.9132,24.7317,-0.187091
21.9128,25.6905,-0.640806
22.2138,26.5059,-0.193619
21.9348,27.4865,-0.0840114
22.3384,28.053,0.613132
23.0683,2.43886,0.768978
22.8335,3.32833,0.368047
23.1534,3.87105,-0.39942
23.2528,4.86753,-0.315308
23.1912,5.88729,-0.287616
23.2093,6.83281,0.0521897
23.1249,7.72504,-0.364605
22.9822,8.70421,-0.313263
23.0465,9.74788,-0.605725
23.0949,10.7617,-0.618033
23.0026,11.6913,-1.00913
23.0735,12.6625,-0.744548
23.1796,13.099,-1.61951
23.1332,13.8245,-0.942531
22.9269,14.3217,-1.78759
23.1615,15.3036,-1.70861
23.0949,16.2133,-1.24536
23.0506,17.2081,-0.996368
23.1519,18.2373,-1.02405
23.1985,19.0914,-0.446175
23.2462,19.9628,0.0949522
22.9812,20.9101,0.142817
23.0908,21.8557,0.512058
23.1891,22.8158,0.225709
23.0452,23.8346,-0.0246956
22.9062,24.7918,-0.312479
22.9287,25.7737,-0.451732
23.1634,26.6915,-0.0433576
22.9523,27.669,-0.153108
23.3343,28.3986,0.467257
24.0601,2.22777,0.958769
23.8411,3.0126,0.369744
24.1907,3.71311,-0.297009
24.3037,4.7158,-0.389807
24.1591,5.6006,0.0207312
24.2515,6.62138,0.226087
24.1749,7.53297,-0.233152
23.961,8.50898,-0.476037
24.0855,9.50038,-0.629154
24.1016,10.5326,-0.707422
24.0232,11.4955,-1.03117
24.0687,12.377,-0.540233
24.1736,13.0824,-1.31259
24.2085,13.9816,-0.865838
23.9403,14.3921,-1.76705
24.1291,15.4126,-1.6457
24.1206,16.3163,-1.09936
24.0748,17.285,-0.937236
24.1755,18.2813,-0.941658
24.2386,19.1915,-0.545128
24.2968,20.0488,0.0330882
24.0162,20.9221,0.390905
24.121,21.9323,0.636262
24.2035,22.8797,0.214725
24.0701,23.8281,0.14088
23.9639,24.655,-0.498331
23.917,25.6799,-0.361657
24.1718,26.6143,0.127067
23.9422,27.5757,-0.0671407
24.3244,28.4286,0.243718
25.0852,2.09455,0.759355
24.8848,2.9818,0.408701
25.1742,3.44415,-0.464846
25.2388,4.38926,-0.206946
25.1836,5.40164,0.0237739
25.1973,6.40545,0.452678
25.1352,7.18192,-0.219364
24.9802,8.22006,-0.283639
25.0702,9.19191,-0.633808
25.0429,10.2128,-0.711423
24.995,11.184,-0.992096
25.0662,12.1238,-0.53115
25.1663,12.8048,-1.26725
25.2041,13.6634,-0.781222
24.8837,14.4262,-1.35275
25.1637,15.3644,-1.55217
25.1142,16.3486,-1.32517
24.988,17.0542,-0.589105
25.1348,18.1037,-0.825901
25.233,18.9869,-0.377645
25.2758,20.0026,-0.2245
24.991,20.8769,0.153832
25.0541,21.8848,0.293417
25.2175,22.8497,0.441942
25.1075,23.7821,0.128083
25.0436,24.6197,-0.387887
24.9144,25.599,-0.56635
25.139,26.5268,-0.171078
24.993,27.5109,-0.0687582
25.3134,28.3044,0.391629
26.0844,1.72672,0.794861
25.8454,2.61313,0.354128
26.1419,3.15392,-0.490091
26.1898,4.12066,-0.244493
26.2071,5.07321,0.0781732
26.1432,6.04689,0.252455
26.1593,6.96197,-0.235563
26.0228,7.97645,-0.0596454
26.0842,8.85748,-0.665645
26.0393,9.87612,-0.687909
25.9747,10.845,-0.838908
26.0661,11.8213,-0.599606
26.1444,12.6665,-1.09892
26.1769,13.5661,-0.687637
25.9223,14.2781,-1.3766
26.1085,15.2419,-1.1753
26.0087,16.1989,-0.834294
25.9688,17.1412,-0.403729
26.1222,18.1131,-0.656709
26.2115,19.1568,-0.669732
26.2807,20.0662,-0.253841
25.9681,20.883,0.21482
26.0893,21.875,0.419514
26.2342,22.8456,0.521738
26.15,23.762,0.110221
26.0757,24.6297,-0.353038
25.9932,25.6003,-0.483566
26.1339,26.5909,-0.382192
26.0516,27.4607,0.00295114
26.3176,28.2583,0.558852
27.1254,1.64162,0.969082
26.9057,2.406,0.356511
27.1541,2.92428,-0.482119
27.171,3.92754,-0.383035
27.2291,4.84452,0.0390851
27.145,5.80344,0.256795
27.1694,6.77148,0.00734886
27.0058,7.76008,0.12996
27.0983,8.62692,-0.433085
27.093,9.63352,-0.630253
27.0176,10.597,-0.785513
27.0317,11.6004,-0.74109
27.1797,12.5163,-1.10735
27.1941,13.3837,-0.613544
26.9665,14.219,-1.08665
27.1416,15.225,-1.02945
27.0101,16.0835,-0.529774
26.9815,17.0661,-0.61229
27.0962,18.06,-0.755333
27.1713,19.0637,-0.428629
27.2632,19.9066,0.110993
27.0014,20.856,-0.00876186
27.0406,21.8515,0.0280374
27.2239,22.8313,0.175942
27.1374,23.9022,0.253694
27.0558,24.615,-0.471319
27.0478,25.6456,-0.482339
27.145,26.6485,-0.400256
27.0222,27.621,-0.144365
27.3724,28.355,0.441905
28.1111,1.47901,1.04599
27.9436,2.26299,0.41315
28.1113,2.69482,-0.468886
28.1387,3.66212,-0.213742
28.1872,4.63463,0.1674
28.1833,5.67132,0.267431
28.1916,6.6088,-0.00494095
28.051,7.63506,0.0224189
28.1183,8.44646,-0.576638
28.156,9.44754,-0.459056
28.053,10.4319,-0.597382
28.005,11.4586,-0.514798
28.2,12.2972,-1.02212
28.18,13.1946,-0.605167
27.9651,14.1508,-0.836943
28.1555,15.1264,-0.866329
28.0206,16.0272,-0.387066
28.0602,17.0381,-0.503159
28.1373,17.9863,-0.696109
28.2033,18.9208,-0.400882
28.319,19.9235,-0.11981
28.0287,20.8653,0.00748009
28.0115,21.8973,0.0234657
28.2552,22.8871,0.134342
28.1472,23.8571,0.215232
28.0513,24.699,-0.301334
28.0952,25.6962,-0.467721
28.2431,26.7381,-0.447441
28.0438,27.6668,-0.0767235
28.3746,28.3616,0.589328
29.1268,1.40962,1.02587
28.9887,2.07664,0.23907
29.1191,2.62076,-0.641111
29.1329,3.59101,-0.429566
29.2232,4.33937,0.206183
29.1956,5.34006,0.116678
29.1986,6.36308,0.049205
29.1334,7.37538,0.1189
29.1117,8.29753,-0.264577
29.2002,9.23796,-0.560787
29.0956,10.2453,-0.32862
29.004,11.2272,-0.386474
29.1894,12.0839,-0.869942
29.1917,13.0886,-0.868795
29.0176,14.0374,-0.640315
29.1639,15.0455,-0.672176
29.0622,16.0211,-0.558971
29.123,17.0492,-0.570208
29.1528,18.1051,-0.524479
29.1967,19.064,-0.228742
29.2732,20.0262,-0.442827
29.0546,20.8128,0.135792
29.0275,21.8057,-0.0283731
29.2666,22.7906,0.00824915
29.1646,23.8373,0.0768303
29.0857,24.7651,-0.315683
29.0905,25.751,-0.317725
29.2835,26.6928,-0.300351
29.1363,27.6817,-0.092642
29.4011,28.4253,0.542387
