0.149162,0.417603,-2.11744
0.121918,1.69109,-2.23055
0.0718925,2.9806,-2.32033
0.14106,4.26163,-2.37583
0.151274,5.53815,-2.48517
0.146132,6.7911,-2.59032
0.103259,8.02853,-2.68419
0.298675,9.16311,-2.81518
0.389254,10.3821,-2.76456
0.739567,11.5183,-2.73135
1.08209,12.648,-2.39691
0.96242,13.7555,-2.46167
0.517371,14.6688,-2.22784
0.44138,15.6905,-1.92121
0.105173,16.5912,-1.63093
0.390976,17.5184,-1.26284
-0.179443,18.3489,-1.20916
0.0912839,17.3743,-1.20999
0.0320811,18.1658,-0.592212
-0.0237373,19.0001,-0.0415113
0.834425,1.22741,-2.29268
0.936952,2.41787,-2.23387
0.900909,3.6351,-2.25553
1.00673,4.82685,-2.31911
1.06288,6.01401,-2.46579
1.10106,7.22267,-2.49031
1.1364,8.37581,-2.51535
1.26266,9.57687,-2.44599
1.42862,10.7601,-2.50899
1.71689,11.8932,-2.27286
2.21576,13.0218,-1.98908
2.06032,14.1205,-1.90755
1.4513,14.9834,-1.98042
1.54949,15.9804,-1.67192
1.0021,16.6671,-1.23283
1.53069,17.4969,-1.12765
0.84124,18.1595,-0.871844
1.10877,17.2444,-1.12304
1.00481,18.005,-0.485992
0.991491,18.9996,-0.283084
1.83921,1.60768,-2.42982
1.93599,2.77719,-2.34602
1.91903,3.9474,-2.33255
1.94146,5.18595,-2.38867
2.02718,6.35988,-2.4837
2.05581,7.5349,-2.46817
2.08441,8.74939,-2.35824
2.20709,9.98797,-2.39286
2.394,11.2413,-2.22131
2.67101,12.5147,-2.02398
3.4152,13.6092,-1.63815
2.87833,14.8746,-1.32523
1.91197,15.8069,-1.73339
2.39622,16.5373,-1.14371
1.7009,17.4387,-1.23502
2.48604,17.0482,-0.934043
1.9296,17.9453,-0.894226
2.1454,17.0374,-0.985577
1.97402,18.0242,-0.839848
1.84268,19.0493,-0.839158
2.86946,1.27872,-2.44
2.88873,2.41261,-2.40821
2.89827,3.5921,-2.38066
2.87469,4.73762,-2.44145
2.94179,5.85975,-2.48488
2.92134,7.04075,-2.53813
2.9466,8.21161,-2.52723
3.03474,9.36647,-2.44743
3.117,10.5039,-2.3092
3.10141,11.5718,-2.11948
3.14205,12.6814,-1.93014
3.10005,13.8374,-1.73949
2.65889,14.839,-1.68054
2.91371,15.8268,-1.72024
2.45525,16.7353,-1.57679
3.30853,17.2085,-1.52259
2.94074,18.0026,-1.05792
3.02293,17.1532,-1.54969
3.03831,18.0481,-1.15088
2.8517,19.0024,-0.935585
3.82582,1.03043,-2.25654
3.85152,2.10412,-2.27472
3.83301,3.20969,-2.27218
3.82546,4.30804,-2.43583
3.84719,5.40158,-2.25348
3.80217,6.49124,-2.3906
3.80195,7.60764,-2.26286
3.78712,8.70669,-2.35136
3.87952,9.81817,-2.40253
3.84893,10.9268,-2.5143
3.80895,12.015,-2.28161
3.73741,13.0689,-2.10146
3.45671,14.057,-1.81574
3.59552,15.0336,-1.76546
3.2892,16.0432,-1.71428
4.08702,16.6046,-1.45569
3.80766,17.4767,-1.07359
3.92959,17.3787,-2.06687
4.0147,18.1434,-1.32096
3.84954,19.1772,-1.03743
4.83223,0.785885,-2.25498
4.81321,1.82182,-2.18137
4.78912,2.85137,-2.13577
4.77024,3.9318,-2.2505
4.8067,5.05586,-2.22422
4.72972,6.12969,-2.39961
4.71423,7.1743,-2.31173
4.72767,8.22186,-2.39233
4.81455,9.28193,-2.36691
4.65553,10.3156,-2.37913
4.67899,11.3994,-2.20119
4.52398,12.4225,-2.18147
4.34578,13.4709,-2.00952
4.51159,14.497,-1.84801
4.2481,15.4783,-1.86011
4.95046,16.1176,-1.51724
4.68867,17.0309,-1.17069
4.96419,17.3775,-2.08019
5.03693,18.0056,-1.30857
4.91191,18.9555,-1.04742
5.74716,0.355245,-2.1365
5.75477,1.42806,-2.05767
5.76615,2.50653,-2.09941
5.72852,3.58666,-2.10468
5.7978,4.62665,-2.2027
5.62015,5.73565,-2.15514
5.63343,6.77019,-2.28691
5.69196,7.85578,-2.39839
5.7844,8.87566,-2.18878
5.61683,9.92588,-2.29222
5.64537,11.0204,-2.21632
5.50341,12.0351,-1.98852
5.3729,13.0539,-1.8875
5.44189,14.0289,-1.74221
5.31316,15.0109,-1.81641
5.86814,15.8319,-1.94675
5.69201,16.6693,-1.27922
5.95979,17.3653,-2.00279
6.03688,18.0261,-1.21847
5.9239,19.0066,-0.92204
6.78474,0.196438,-1.90186
6.79131,1.31267,-1.85736
6.82434,2.34813,-2.09057
6.73123,3.3839,-1.99859
6.84523,4.47471,-2.05853
6.63876,5.51263,-2.14933
6.65363,6.59041,-2.10642
6.59126,7.62892,-2.01539
6.7233,8.67651,-1.90753
6.64595,9.6425,-2.28105
6.55025,10.6121,-1.96272
6.51274,11.6996,-2.04193
6.38661,12.6721,-2.0359
6.36434,13.635,-1.7888
6.25777,14.5961,-1.55529
6.77259,15.5141,-1.59985
6.69156,16.3974,-1.14179
6.95685,17.258,-1.6344
6.99546,17.9192,-0.891095
6.87948,18.8923,-0.60054
7.78299,-0.0305948,-1.80007
7.73941,1.02362,-1.62157
7.72544,2.08407,-1.68753
7.6931,3.11676,-1.75352
7.76243,4.1755,-1.94316
7.65087,5.24359,-2.02463
7.6292,6.31658,-1.92854
7.6519,7.43395,-1.93029
7.75894,8.42201,-1.93738
7.61868,9.45656,-1.98401
7.56659,10.4438,-1.77742
7.44038,11.478,-1.78744
7.41933,12.4555,-2.15974
7.39394,13.3469,-1.68044
7.29576,14.3363,-1.57722
7.76225,15.256,-1.57241
7.68952,16.2198,-1.30785
7.96259,17.0927,-1.77866
7.97496,17.8222,-1.01481
7.85662,18.8278,-0.850429
8.80842,-0.0885464,-1.68499
8.76092,0.962291,-1.45241
8.73814,2.0251,-1.47965
8.70969,3.04012,-1.62
8.76049,4.09202,-1.78175
8.683,5.15394,-1.95839
8.69533,6.19399,-1.79908
8.62047,7.22717,-1.69657
8.72828,8.14546,-2.07034
8.63673,9.21022,-1.8921
8.59625,10.2649,-1.95973
8.42006,11.2657,-1.76392
8.42459,12.2519,-1.90569
8.44818,13.2257,-1.68089
8.41448,14.2447,-1.5213
8.79794,15.202,-1.5893
8.69112,16.2012,-1.36399
8.96436,17.1555,-1.556
9.0141,18.0135,-1.08324
8.87276,19.0192,-1.01098
9.84411,-0.252278,-1.44092
9.78747,0.82103,-1.45016
9.71477,1.85237,-1.60736
9.73319,2.95171,-1.78383
9.74647,3.94017,-1.72475
9.64202,5.00492,-1.6449
9.71604,6.03606,-1.70428
9.65231,7.0773,-1.54836
9.67538,8.088,-1.70436
9.65025,9.14217,-1.68418
9.58324,10.1554,-1.87802
9.49568,11.1581,-1.71507
9.47548,12.1433,-1.72655
9.46812,13.1411,-1.63036
9.49012,14.1505,-1.56634
9.81635,15.0861,-1.44514
9.69521,16.1164,-1.23252
9.96153,17.0739,-1.18511
10.0246,18.0791,-1.01034
9.89808,19.0634,-1.11412
10.8698,-0.164892,-1.29018
10.8462,0.927168,-1.35922
10.7093,1.94159,-1.39862
10.6923,2.98764,-1.42264
10.7374,4.00065,-1.69155
10.7022,5.05524,-1.55339
10.7573,6.05126,-1.68932
10.637,7.03837,-1.64295
10.6799,8.026,-1.65812
10.6781,8.99937,-1.79469
10.6351,9.97389,-1.7936
10.542,11.0089,-1.52379
10.4498,12.0637,-1.44434
10.5112,13.0622,-1.55231
10.5355,14.0662,-1.34677
10.7936,15.1111,-1.36979
10.7199,16.1097,-1.23626
10.9502,17.1537,-1.16605
11.0506,18.1368,-0.923975
10.9415,19.1365,-0.904718
11.8344,0.00335093,-1.00096
11.8477,1.11521,-1.06917
11.7727,2.10146,-1.11334
11.7406,3.11693,-1.30025
11.7722,4.08864,-1.64879
11.6862,5.05952,-1.64089
11.7876,6.04086,-1.76932
11.667,7.04133,-1.6482
11.7413,8.01212,-1.83764
11.7,9.03575,-1.61146
11.5835,10.0235,-1.38321
11.6348,11.0723,-1.38814
11.5278,12.0478,-1.25922
11.5355,13.0886,-1.26954
11.6423,14.1064,-1.26153
11.8061,15.1104,-1.46261
11.742,16.0985,-1.07715
11.9865,17.0445,-0.990738
12.0384,18.0572,-0.769164
11.9127,19.0325,-0.680859
12.9114,-0.0597522,-0.908612
12.8371,0.927769,-1.0652
12.7626,1.96241,-1.10302
12.737,2.97748,-1.03192
12.7229,3.96334,-1.27586
12.677,4.99306,-1.40958
12.819,6.00034,-1.53405
12.7213,7.00577,-1.66079
12.7389,8.03771,-1.73621
12.7607,9.04004,-1.59936
12.5902,9.98494,-1.33919
12.6914,10.9946,-1.31318
12.6508,12.0665,-1.17431
12.529,13.0613,-1.2036
12.6514,14.1335,-1.07928
12.7983,15.1473,-1.09883
12.7531,16.1459,-1.08741
13.0056,17.1957,-1.00963
13.0213,18.1267,-0.654244
12.9972,19.1417,-0.691946
13.9182,-0.237004,-1.06995
13.8508,0.793707,-1.08725
13.7518,1.85929,-1.07016
13.7822,2.93728,-1.13186
13.7197,3.93573,-1.20089
13.6838,4.99038,-1.32962
13.8159,5.97841,-1.57093
13.8247,7.01079,-1.55441
13.7568,8.05899,-1.60151
13.7599,9.02432,-1.32399
13.665,10.0706,-1.27501
13.7778,11.0534,-1.17502
13.6671,12.0559,-1.18871
13.6,13.0773,-1.16653
13.7265,14.0845,-1.1387
13.7995,15.0982,-0.974526
13.8208,16.1193,-0.954732
14.0037,17.1757,-0.848634
14.0094,18.2005,-0.839149
14.0188,19.2222,-0.729218
14.9881,-0.265596,-1.03708
14.9346,0.818815,-1.03946
14.7879,1.89637,-1.04613
14.7954,2.90072,-1.19168
14.7891,3.90019,-1.34728
14.7883,4.92171,-1.23639
14.8075,5.93713,-1.38613
14.8487,6.94727,-1.47709
14.8038,8.00434,-1.57149
14.7959,9.01149,-1.23236
14.7085,10.0476,-1.2532
14.8322,11.0249,-1.22798
14.7124,12.0957,-1.19948
14.6369,13.1006,-0.961492
14.7567,14.1138,-0.986804
14.8431,15.1316,-0.856151
14.8853,16.1682,-0.919666
15.0492,17.1371,-0.650304
15.0696,18.1521,-0.641942
15.0328,19.2052,-0.685577
16.0057,-0.199078,-1.04424
15.9198,0.828248,-1.19073
15.8265,1.87911,-1.25206
15.8449,2.90236,-1.1587
15.8226,3.95565,-1.32586
15.8602,4.97798,-1.20717
15.8264,6.04292,-1.34262
15.8783,7.08196,-1.33264
15.7537,8.08095,-1.16104
15.8559,9.07524,-1.19646
15.7589,10.0939,-1.37097
15.861,11.1459,-1.34682
15.7673,12.0823,-0.939894
15.6871,13.1186,-1.02955
15.8201,14.1174,-0.957604
15.8721,15.1814,-0.970269
15.8947,16.1692,-0.607648
16.0419,17.1269,-0.570547
16.0977,18.1543,-0.504199
16.0557,19.1869,-0.475436
17.0067,-0.232426,-1.02497
16.9324,0.796268,-1.14094
16.9068,1.8491,-1.16639
16.8935,2.83604,-1.12809
16.8789,3.8811,-1.34976
16.8616,4.8823,-1.20867
16.9065,5.87357,-1.2751
16.8883,6.96556,-1.25451
16.8291,7.98869,-1.18707
16.8767,9.0236,-1.18208
16.8088,10.0082,-1.41554
16.8942,11.0675,-1.40664
16.8403,12.0649,-1.14149
16.6927,13.0405,-0.909006
16.8657,14.0444,-0.665847
16.9204,15.0753,-0.810639
16.9624,16.0889,-0.597577
17.0351,17.0513,-0.386319
17.1099,18.123,-0.381326
17.0242,19.1264,-0.175677
18.0583,-0.262224,-1.09885
17.9741,0.814118,-1.02583
17.9734,1.89968,-1.00609
17.9071,2.89384,-0.938429
17.8748,3.87447,-1.25281
17.8576,4.88522,-1.09947
18.0151,5.84146,-1.12351
17.9488,6.88726,-1.18217
17.8671,7.91572,-1.14752
17.9507,8.98115,-1.17859
17.8566,9.97694,-1.31837
17.9176,10.9707,-1.18125
17.8501,11.9741,-0.999402
17.7781,13.0332,-0.937886
17.9101,14.0433,-0.816599
17.9919,15.028,-0.904822
18.0424,16.0414,-0.727323
18.0553,17.0462,-0.444929
18.1456,18.111,-0.327049
17.9985,19.0206,0.0614124
19.0698,0.0655873,-0.828196
18.9602,1.01276,-0.934577
19.0146,1.99061,-0.745512
18.9991,2.99261,-0.987994
18.8609,3.97517,-1.13663
18.8738,4.95944,-1.3482
19.0767,5.91559,-1.18999
18.9784,6.94688,-1.15639
18.8782,7.94471,-1.12414
19.062,8.96366,-1.22745
18.864,9.97154,-1.19926
18.9587,11.004,-1.15524
18.9246,12.0179,-1.19171
18.8579,13.0532,-1.04473
18.9338,14.084,-0.813684
19.0086,15.0984,-0.820493
19.1042,16.1264,-0.672027
19.0342,17.0282,-0.182061
19.1048,18.0303,-0.0338206
18.9952,19.0477,0.141423
