-0.0730918,-0.0701559,0.361736
0.928864,-0.0339335,0.139405
1.97112,0.00998566,-0.0425794
2.99117,0.0598346,0.00589618
3.99515,0.0230262,-0.0472945
4.95787,-0.00161748,0.0656453
5.97219,0.0844935,-0.00805078
6.98513,-0.00845058,-0.0341105
7.91629,-0.0181982,0.346901
8.93823,0.0110019,0.221702
9.91838,-0.0149602,0.162609
10.932,0.000723289,0.0618091
11.8915,0.0110202,-0.0118442
12.9027,0.0126957,-0.0691488
13.9452,-0.00805383,0.090936
14.9399,0.0453261,0.0217902
15.9646,0.00940275,0.155013
16.9505,0.0346232,0.0933653
17.9383,0.00996735,-0.182574
18.9718,0.00480056,-0.00390942
0.0156072,0.932847,0.265426
1.00153,0.968569,0.0463485
1.98535,1.05087,-0.0250435
3.02048,1.10017,0.0935575
4.02166,1.04771,-0.173132
5.06196,0.981512,0.0643086
6.04732,1.10124,0.175213
7.0921,0.957103,0.13383
8.12481,0.986749,0.252919
9.10478,0.955428,-0.156435
10.1698,0.994873,0.0444227
11.1306,0.90061,-0.37239
12.1132,0.978396,-0.317536
13.1044,1.00659,-0.151842
14.0794,0.968215,0.253368
15.0757,1.04011,0.133992
16.0625,1.03108,-0.141343
17.0326,1.01951,0.0710959
17.9781,0.992813,-0.258861
18.9775,1.03318,-0.108155
-0.000704978,1.92072,0.2176
0.940864,1.9663,-0.101056
1.95564,2.04711,-0.0690542
3.04686,2.08221,-0.0756981
4.04248,1.99681,-0.00288095
5.06962,2.03911,-0.0846217
6.02693,2.17583,0.190164
7.03916,1.97289,0.166884
8.00025,1.93809,-0.0911374
8.9826,1.97266,-0.0914121
10.0175,1.99717,-0.167901
11.0313,1.91496,-0.262233
12.0352,2.00235,-0.451552
12.9705,1.97913,-0.0312662
13.9883,1.97082,-0.00702841
14.9671,1.95753,-0.308313
15.9437,2.07125,-0.14438
16.9317,1.9665,-0.283126
18.0234,1.99302,-0.179458
19.0608,2.02812,-0.270324
0.0188635,2.91141,0.137422
0.972057,2.99344,-0.112058
1.9827,3.06872,-0.100967
2.94821,3.09958,0.215131
4.00599,2.99637,0.279455
5.01575,3.07308,0.0280648
5.98697,3.16648,0.284451
6.99406,2.99593,0.281735
7.93921,2.97079,-0.00849635
8.90999,2.92416,0.340367
9.92128,2.92714,0.0608478
10.9454,2.9375,-0.121195
11.9565,3.00377,-0.407752
12.9133,3.02874,-0.13524
13.9104,3.00084,-0.274233
14.8984,2.9119,-0.0569811
15.8874,3.0809,-0.217423
16.8686,2.94367,-0.235823
17.9399,3.00098,-0.169897
18.9727,3.04504,-0.0784783
0.00470595,3.91692,-0.0668538
1.01104,4.03554,0.0412976
2.05565,4.07748,-0.032841
3.09745,4.11263,0.132713
4.06997,4.05615,0.116019
4.99687,3.99343,-0.356395
6.01942,4.08816,-0.108066
6.93527,4.01065,0.241746
7.9728,3.93844,0.345262
8.94949,3.89326,0.183282
9.96543,3.95737,0.050856
11.0016,3.9573,0.0126316
11.9738,3.97553,-0.152266
13.0051,4.00722,-0.195764
13.9001,3.89311,0.186602
14.9417,3.9202,-0.0351115
15.912,4.07204,-0.143995
16.9778,3.92839,-0.104056
18.0191,3.98907,-0.240641
19.0211,4.03108,-0.0402905
-0.0139592,4.88385,0.265627
1.01229,5.00809,0.216544
1.99743,5.07632,0.171218
2.97153,5.09522,-0.0350322
3.99519,5.04525,-0.312876
4.99579,5.00049,-0.340904
6.00008,5.13634,-0.295477
6.96187,4.98834,-0.086166
7.92041,4.79677,-0.167083
8.91057,4.90879,0.0850429
10.0024,5.0024,-0.0529466
10.9677,4.95846,0.100131
11.9199,4.99636,-0.171203
12.9215,5.01149,-0.179546
13.913,4.94804,0.157701
14.8774,4.95149,-0.166662
15.8415,5.06201,0.153401
16.8813,4.97349,-0.0551317
17.8956,4.96614,-0.0146855
18.9726,5.07544,0.00236518
-0.00944548,5.89728,-0.072515
0.94995,6.00743,0.117759
1.94018,6.03117,-0.168004
2.95385,6.0537,-0.371929
3.96603,6.0696,-0.458104
4.99121,6.0327,-0.208692
6.02856,6.14564,-0.20477
7.00479,6.06167,0.0400281
7.97711,5.85147,0.0439467
9.0062,5.88522,-0.224955
10.0217,5.89649,-0.389877
10.9951,5.98619,-0.1549
11.9745,5.991,0.0856807
12.9798,5.95337,0.0963225
13.9569,5.90769,-0.0788537
14.9267,5.94276,-0.0268502
15.923,6.02529,-0.125074
16.9339,6.01184,0.0804987
17.9393,5.9619,-0.0247139
18.963,6.06196,0.0279733
0.0190283,6.93688,-0.0933714
0.990545,7.07912,0.0643635
1.99756,7.05868,-0.182608
3.05342,7.07564,-0.217151
4.07415,7.02955,-0.337309
5.04007,7.01546,-0.103113
6.00785,7.10357,0.0310923
7.03624,7.05766,-0.01919
8.06032,6.89323,-0.0259316
9.01953,6.95211,-0.273943
10.0245,6.8812,-0.196008
11.0224,7.03247,-0.179534
11.9958,7.00231,0.174963
12.9842,6.97457,0.0498276
13.9057,6.89103,-0.209207
14.9353,6.97117,0.00438856
15.9337,7.03686,-0.0630177
16.9145,7.0029,-0.258718
17.9131,6.95744,-0.0363536
18.9647,7.02697,-0.0595141
-0.00199896,7.93663,0.127662
1.02958,8.05625,0.159908
1.9634,8.15419,-0.211939
3.01354,8.05025,-0.183026
4.00851,8.04187,-0.278982
4.98236,8.02159,0.0533891
5.9979,8.10284,-0.0770013
7.00494,8.08784,0.0424482
8.01403,7.9191,0.107175
9.00919,7.92276,-0.0474624
10.0137,7.93011,-0.0930021
11.0043,8.04653,-0.247911
12.0475,7.95376,-0.107678
13.042,7.93394,-0.223576
14.0865,7.86355,-0.312748
15.0712,7.92492,-0.277361
16.0889,7.99588,0.032725
17.0726,7.96698,-0.01901
18.0542,7.92872,-0.355943
18.9924,8.07242,-0.0459578
0.0190344,9.01126,0.232878
0.964119,9.08499,-0.0559435
1.98898,9.16034,-0.146852
3.03751,9.06941,-0.232908
3.96552,8.98612,0.151476
4.94508,9.00295,-0.0689688
5.96261,9.11192,-0.0320505
7.02254,9.066,-0.158858
8.00176,8.90525,0.0460585
9.05228,8.92778,-0.156978
10.0995,8.96525,-0.133491
11.0955,9.02668,-0.354082
12.0473,9.03446,-0.131004
13.0856,8.94829,-0.160521
14.1115,8.87886,-0.279028
15.1332,8.94211,-0.220173
16.0601,9.02921,0.147716
17.0216,9.0037,-0.0375439
18.0146,8.85956,0.0294076
18.9882,9.0478,0.0755974
-0.0252724,9.99164,0.020951
1.00456,10.1056,-0.0845576
2.0183,10.1633,-0.0690359
3.06489,10.0865,-0.211725
4.05867,10.037,0.0181799
5.05217,9.98627,-0.18648
6.07314,10.1007,-0.298212
7.07879,10.0705,-0.432044
8.00403,9.91588,-0.066921
9.05943,9.93188,-0.113468
10.129,9.99309,-0.100504
11.1079,10.0377,-0.259175
12.1014,9.94597,-0.493921
13.0224,9.95677,-0.126926
13.9732,9.91189,-0.39003
14.9641,9.96699,-0.155058
15.9671,10.0369,-0.0567248
17.009,10.0287,0.0513443
17.9996,9.91968,-0.164452
18.9827,10.076,-0.0544145
0.016483,11.0132,0.0443037
1.05336,11.1162,-0.222483
2.08934,11.144,0.0210181
3.06542,11.0327,0.165545
3.97353,10.9979,-0.204901
5.03143,10.9815,-0.224613
5.97863,11.1581,-0.198276
6.97098,11.1094,-0.354418
7.90213,10.9095,-0.131861
8.93886,10.9737,-0.338655
9.97431,10.9945,-0.161129
10.9811,11.0663,-0.306561
11.9373,10.8451,-0.0776727
12.9714,10.962,-0.169234
13.9425,10.874,-0.00561846
14.9378,10.9817,-0.143785
15.9408,11.0504,-0.235713
16.9637,10.9144,-0.396643
17.9588,10.9247,-0.176089
18.9779,11.027,-0.233177
0.0107303,12.098,0.0848048
1.03829,12.108,-0.0483596
2.01998,12.1326,-0.232105
2.99227,12.0207,-0.0757988
4.026,11.9866,-0.079162
5.01345,11.9877,-0.287106
5.98113,12.0705,0.144469
6.92224,12.1042,-0.186355
7.88899,11.9588,-0.261824
8.87793,11.9677,-0.33975
9.85658,12.0113,-0.36147
10.8689,12.0381,-0.369912
11.8575,11.9313,-0.176959
12.8781,11.9526,-0.190182
13.8555,11.8933,0.00342418
14.891,11.9609,-0.144896
15.9193,12.147,-0.222941
16.924,11.9289,-0.317566
17.9989,11.9114,-0.340287
18.9441,11.9889,-0.0177923
-0.0119236,13.1559,-0.0746574
0.968593,13.1402,-0.199332
1.9626,13.1238,-0.480349
2.90274,13.0514,-0.148149
3.91409,12.9728,0.0915525
4.94487,13.0162,-0.0329722
5.9487,13.0471,-0.310688
6.94617,13.1035,-0.550389
7.9513,12.9327,-0.314286
8.97244,12.9863,-0.374639
10.0114,12.9787,-0.231974
10.9389,12.9205,0.203626
11.8931,12.9369,-0.0154881
12.8692,12.9351,-0.255596
13.8522,12.8908,-0.442119
14.9434,12.9266,-0.386666
15.9199,13.1616,-0.0604968
16.9634,12.9454,-0.246364
17.964,12.9535,-0.237339
18.9946,13.0147,-0.140855
-0.0271157,14.1451,-0.208695
1.01053,14.1714,-0.247444
1.96232,14.1341,-0.452532
2.9706,14.0277,-0.190884
3.96403,14.0216,0.00428175
4.96059,14.0606,-0.198508
5.95955,14.0737,-0.42916
6.99048,14.1174,-0.576962
8.0247,13.9434,-0.571355
9.02846,13.9509,-0.556078
10.0446,14.0097,-0.254729
11.0375,13.9068,0.0619404
12.0648,13.9497,0.0173986
13.0339,13.9171,-0.119483
14.0255,13.9212,-0.428486
15.0093,13.9505,-0.306253
16.0106,14.0925,-0.439921
17.016,13.9303,-0.394302
18.0101,14.0067,-0.214081
18.9665,14.0177,-0.131587
-0.0628162,15.1643,-0.346492
0.901889,15.185,-0.107456
1.92792,15.066,-0.103757
2.9464,15.0203,-0.30097
3.96528,15.0116,-0.358861
5.03403,15.0474,-0.227183
6.05625,15.0465,-0.389682
7.01373,15.0452,-0.118998
8.00042,14.9465,-0.313962
9.01826,14.9939,-0.403455
9.98195,14.9818,-0.181893
11.0129,14.9428,-0.122236
12.0735,14.9499,-0.14106
13.0203,14.8732,-0.390246
14.0271,14.9393,-0.346382
15.0097,14.9543,-0.320304
16.0245,15.0694,-0.260479
17.0078,14.9593,-0.385015
17.9663,15.0646,-0.0255715
18.977,15.0075,0.100748
0.0425428,16.1206,0.0881985
1.06826,16.2079,0.0835963
2.11573,16.0898,-0.119666
3.09763,16.0207,-0.262896
4.08477,15.9633,-0.127116
5.06336,16.0497,-0.20979
6.01295,16.0665,-0.538057
7.03036,16.0036,-0.392062
8.00443,15.9318,-0.332459
8.97633,15.9411,-0.0161168
9.98286,16.0014,-0.251537
10.969,15.9411,-0.0744865
11.9798,15.9246,-0.10224
13.0108,15.9038,-0.254762
14.0011,15.9692,-0.186233
14.9614,15.9514,-0.419642
15.9517,16.0459,-0.228965
17.0014,15.9931,-0.245058
18.0272,15.9995,-0.321158
19.0437,15.946,-0.261855
0.0144902,17.0919,-0.227747
1.04033,17.2121,-0.0737297
1.97682,17.0529,-0.391128
2.93511,17.0048,-0.0317911
3.9653,16.9445,-0.0742973
4.98228,17.0611,-0.182669
5.96943,17.0681,-0.25721
6.97008,17.0346,-0.31034
8.04933,16.9319,-0.139875
9.02196,16.9464,0.0447737
10.0671,16.9885,0.0663625
11.0782,16.9275,-0.0322031
12.114,16.9214,0.023188
13.0862,16.9487,-0.186541
14.0003,16.9789,0.107758
14.9907,16.9545,-0.285208
15.9851,17.0549,-0.222419
16.9767,16.9812,-0.175344
18.013,17.028,-0.242604
19.022,16.9444,-0.288882
0.0265877,18.123,-0.141874
1.05476,18.2176,-0.378674
2.00895,17.9932,-0.00640889
3.02283,18.0489,-0.200415
4.01093,17.9708,-0.10018
5.0253,18.0688,-0.326209
6.01673,18.0565,-0.492486
6.96803,18.0025,-0.0770379
7.97803,17.9318,-0.0967925
9.0719,17.9312,0.139158
10.0855,17.9919,0.0626759
11.0729,17.9512,0.109967
12.065,17.9192,0.0394604
13.1167,17.9334,-0.13065
14.154,17.9834,0.0399731
15.1904,17.9464,0.0264016
16.2254,17.9501,0.216907
17.1123,17.9778,-0.217747
18.0832,18.0048,-0.387094
19.0006,17.9305,0.0219398
-0.000613422,19.0356,0.237584
1.00382,19.0066,0.215476
2.0259,18.9996,0.224601
3.06593,19.0059,0.0954314
4.06088,18.9637,0.228993
5.14733,18.9564,0.0957854
6.10733,19.0168,-0.225587
7.0774,19.0076,-0.374874
8.08644,18.9627,-0.112683
9.08005,18.9471,0.18096
10.0339,19.0159,-0.0997955
11.0494,18.9815,0.0208808
12.0923,18.9349,-0.133149
13.0735,19.0031,-0.0934812
14.0754,18.9491,-0.126411
15.0354,18.9812,0.0706168
16.0247,18.978,0.149153
17.0139,18.9695,-0.0275979
18.0125,18.9654,-0.0176519
19.0085,18.9525,0.0557848
