-0.0275552,0.160823,-0.286657
-0.00553301,1.05771,0.143648
-0.0153417,2.03075,-0.279534
-0.016303,2.98497,-0.0194342
-0.00533464,3.99441,-0.0456923
0.000881985,4.99434,0.0506149
-0.00337535,5.98927,-0.107419
-0.00666219,6.98932,-0.107947
-0.0140934,7.9853,0.0458632
-0.0105502,8.94335,-0.14676
-0.0160894,10.0206,-0.142344
-0.0051149,11.0237,-0.0136052
-0.0139714,11.996,-0.149107
-0.00489822,12.9961,0.0950438
-0.0108921,13.9626,-0.134321
-0.0129154,14.978,-0.169939
-0.00958586,15.9898,-0.0741813
-0.0232582,17.054,-0.0544359
-0.00575884,18.0225,0.20427
0.080987,19.0192,-0.0496384
-0.0016541,20.0287,-0.0853236
-0.0420454,21.0413,-0.0785028
-0.00336009,22.0495,0.0859859
-0.0135838,23.0328,-0.034489
-0.0450728,24.0099,0.139015
-0.00489822,24.9963,-0.101129
-0.00966826,25.9588,0.165355
-0.0103275,26.9277,-0.0361278
-0.0227699,27.9244,0.0720206
-0.031785,28.9282,0.113269
0.935881,0.463228,-0.291702
1.03354,1.33222,0.150667
1.04081,2.0841,-0.500272
1.01647,3.07183,-0.262416
0.990713,4.06857,-0.257048
1.00111,5.11423,-0.241722
1.04566,6.15977,-0.25042
0.990356,7.15104,-0.0379833
1.00985,8.13437,-0.0336802
0.974242,9.14478,-0.281576
1.01398,10.1253,0.0111515
1.04562,11.154,-0.0286294
1.07474,12.1199,-0.096942
0.970202,13.0955,-0.244514
0.94113,14.0736,-0.566478
0.993735,15.0025,-0.188211
0.987912,16.0089,-0.00379955
0.908634,16.9156,-0.470907
0.957707,17.8384,-0.0247139
1.05379,18.893,-0.0211921
1.03179,19.9513,-0.187121
0.959719,20.9381,0.00464797
1.00572,21.9463,0.0822993
1.00475,22.9623,-0.0415876
0.983734,23.9602,-0.00354625
1.04527,25.015,-0.160973
0.995334,25.9487,0.168874
0.994888,26.8676,-0.258794
1.01301,27.8921,-0.0352275
0.959764,28.856,0.0906461
1.85657,0.82042,-0.51507
2.06647,1.48357,0.179553
2.07182,2.34597,-0.339268
2.017,3.3768,-0.156636
1.97082,4.35887,-0.354939
2.05109,5.33739,-0.174664
2.08347,6.33417,-0.113504
2.02813,7.32123,-0.242824
1.96149,8.32412,-0.252995
1.98537,9.28231,-0.440245
2.06943,10.265,-0.191855
2.1516,11.2505,-0.0769189
2.04814,12.2126,-0.354241
1.8362,13.1368,-0.677313
1.94631,14.1118,-0.839909
1.98519,15.0757,-0.504434
2.00444,16.0357,-0.248213
1.94012,17.0202,-0.287686
1.94729,17.9831,-0.0850002
2.07002,18.9964,-0.248213
2.01831,20.0005,-0.414844
1.97141,20.9048,0.0725944
2.00384,21.9243,-0.0811151
2.00016,22.9057,-0.307117
2.01696,23.9197,-0.151854
2.09724,24.898,0.022483
1.97392,25.9018,-0.0323801
2.00137,26.8799,-0.194906
2.01939,27.8905,0.0200629
1.99852,28.9008,0.00745872
2.82929,0.795691,-0.439912
3.13972,1.55118,0.139531
3.10076,2.57457,-0.194742
3.08211,3.54178,-0.407312
3.06189,4.50797,-0.450807
3.03434,5.49593,-0.185592
3.07659,6.50226,-0.286245
3.06703,7.49855,-0.297821
2.97611,8.45231,-0.48923
2.98684,9.49413,-0.62064
3.12596,10.458,-0.249733
3.17187,11.4485,-0.129972
3.06747,12.429,-0.421418
2.81388,13.3209,-0.766146
3.02159,14.3603,-0.872054
3.00084,15.261,-0.337819
2.97987,16.2392,-0.592038
2.94374,17.0968,-0.0763024
2.95294,18.1332,-0.0524369
3.07852,19.129,-0.134184
2.86248,20.0359,0.192242
2.94179,21.0219,0.208814
3.02983,21.9174,-0.257121
3.02038,22.9091,-0.322053
3.00496,23.899,-0.275805
3.13875,24.8434,-0.0886898
2.9598,25.7775,0.110822
2.92473,26.8188,0.124677
2.99673,27.8053,-0.0140538
3.02169,28.7983,-0.0640522
3.87595,1.00891,-0.415925
4.17332,1.74541,0.262691
4.1274,2.68899,-0.183551
4.12986,3.69218,-0.383358
4.11148,4.72994,-0.399145
4.07927,5.68175,-0.11402
4.07078,6.67722,-0.353682
4.10244,7.6766,-0.388992
4.00821,8.73601,-0.322004
4.0586,9.67184,-0.657341
4.14403,10.6384,-0.387317
4.15915,11.6405,-0.396832
4.10208,12.6751,-0.621278
3.80573,13.5021,-1.09188
3.93566,14.4909,-1.37371
3.99669,15.2549,-0.727393
3.97832,16.2097,-0.402011
3.95921,17.1156,0.0469832
4.00425,18.106,0.0237342
3.93229,19.0449,0.383331
3.85005,20.0118,0.230738
3.89208,20.9673,-0.150649
4.01693,21.909,-0.467034
4.01289,22.8616,-0.108246
4.01585,23.8774,-0.24615
4.09348,24.9281,-0.376293
3.95891,25.8203,0.0812189
3.92321,26.7717,-0.185702
3.92398,27.7541,-0.451979
4.07775,28.6693,-0.00141911
4.83522,1.35391,-0.222105
5.15269,2.12584,0.315738
5.10191,3.05749,-0.115659
5.07564,4.0238,-0.492938
5.13464,5.06805,-0.407852
5.01574,6.02739,-0.170592
5.08774,6.98025,-0.530647
5.14755,7.99969,-0.517225
5.00562,8.9832,-0.314496
5.02671,9.96214,-0.559807
5.13463,10.942,-0.540513
5.18827,11.9399,-0.290979
5.10801,12.6362,-1.00959
4.88509,13.6474,-1.0956
4.95502,14.5546,-1.59451
5.00538,15.1048,-0.737321
4.9576,16.0511,-0.426423
4.98195,17.0628,-0.233152
5.01129,18.0392,0.169765
4.8508,19.0924,0.0173956
4.89954,20.0444,0.360692
4.87736,20.878,-0.224281
4.98872,21.904,-0.175219
5.08483,22.8994,-0.160659
4.96386,23.8596,0.0624287
5.00237,24.8545,0.0100894
4.97932,25.8169,0.253386
4.95846,26.7026,-0.224631
4.89637,27.7614,-0.34135
5.12575,28.6983,0.0314737
5.70608,1.86319,-0.510202
6.10351,2.52372,0.101798
6.07056,3.47956,-0.108829
6.01723,4.42532,-0.331748
6.06233,5.41806,-0.448589
5.94126,6.45354,-0.379989
6.03366,7.44047,-0.492648
6.03572,8.41191,-0.387445
5.96458,9.45115,-0.311115
5.93514,10.3899,-0.758855
6.08838,11.3784,-0.752177
6.1033,12.2594,-0.328095
6.1345,12.9852,-1.00562
5.83911,13.9329,-1.02958
5.98296,14.6108,-1.75679
5.96001,15.3156,-0.979519
5.96173,16.2235,-0.578912
6.01574,17.1823,-0.218757
6.06229,18.1007,0.202322
5.92291,19.0575,0.0534654
5.9393,20.0515,0.171487
5.87203,21.0124,-0.160604
5.92393,21.8761,0.28995
6.10633,22.7809,-0.0475448
5.96716,23.8123,0.148161
6.0273,24.7827,-0.170223
5.98426,25.7121,0.149202
5.91003,26.7302,0.184219
5.90834,27.6746,-0.0946135
6.14078,28.7067,-0.0710654
6.76509,1.94286,-0.652992
7.05031,2.76584,-0.132298
7.01595,3.78311,-0.40173
6.98801,4.81592,-0.300293
7.01044,5.82391,-0.450163
6.92932,6.79828,-0.310251
7.04685,7.78698,-0.498828
7.05941,8.78028,-0.410218
6.88524,9.75263,-0.71641
6.92891,10.7403,-0.956371
7.09586,11.6799,-0.747096
6.99977,12.6694,-0.750752
7.00187,13.3221,-1.49143
6.84939,14.1766,-0.974966
7.02751,14.5657,-1.88873
6.89908,15.3726,-1.28706
6.95454,16.2567,-0.829798
6.93076,17.2502,-0.632417
6.98171,18.1613,-0.242183
6.94411,19.127,0.116999
6.98327,20.1591,0.158095
6.86338,21.1278,0.0760491
6.97285,22.1057,0.414756
7.09184,22.9743,-0.0586413
6.98595,23.9716,0.227348
7.02044,24.9996,-0.128553
6.98486,25.9418,0.138487
6.90827,26.9297,-0.0613849
6.791,27.8768,0.244029
7.12321,28.7871,0.0583483
7.7483,2.23794,-0.68854
8.05575,3.08416,-0.283523
8.02667,4.06668,-0.404004
7.97029,5.04884,-0.167092
7.97654,6.09684,-0.17102
7.94651,7.10534,-0.438319
7.97356,8.18137,-0.433976
8.02636,9.18024,-0.542283
7.87811,10.1455,-0.874343
7.89147,11.1657,-1.02055
8.00162,12.1594,-0.873287
7.92775,13.1517,-1.04793
7.83382,13.6468,-1.90945
7.87019,14.2965,-1.15689
7.98206,14.695,-2.05691
7.93117,15.3854,-1.35271
7.95931,16.285,-0.941392
7.92794,17.3149,-0.730793
7.99709,18.2598,-0.409128
7.98686,19.1318,0.0754387
8.04769,20.1333,0.0888424
7.90433,21.1257,-0.0180792
7.94966,22.1125,0.147081
8.08095,23.1198,0.0760521
7.97722,24.1409,0.281994
8.05443,25.0856,-0.0241127
7.95466,26.0992,0.211823
7.86357,26.9311,-0.438557
7.81883,27.6959,0.225114
8.11961,28.5901,-0.16082
8.77864,2.48332,-0.453304
9.04752,3.43862,-0.214118
9.04018,4.45159,-0.26961
8.89377,5.47246,-0.287652
8.91417,6.45496,-0.522748
8.95113,7.4822,-0.384643
8.95276,8.52487,-0.479431
9.04553,9.43441,-0.90864
8.82322,10.5614,-0.850185
8.8391,11.6323,-1.00323
8.9048,12.6438,-0.938978
8.71235,13.7191,-1.26334
8.73706,13.7961,-2.27028
8.77878,14.5656,-1.55021
8.90651,14.8867,-2.48747
8.90404,15.4948,-1.6729
8.98119,16.3725,-1.11784
8.93236,17.3039,-0.624427
9.02529,18.2973,-0.437239
8.99629,19.1696,0.0339885
9.05742,20.1686,0.0186712
8.9145,21.1138,-0.0352031
8.9509,22.0949,0.0595172
9.11246,23.1053,0.0518754
8.99088,24.1159,0.141807
9.11826,25.0657,-0.115232
8.99475,26.0172,0.167159
8.9058,26.8669,-0.431568
8.81182,27.6985,0.23365
9.14122,28.4876,-0.275246
9.78906,2.68958,-0.388427
10.0792,3.66686,-0.141408
10.0661,4.67993,0.00745872
9.96599,5.66521,-0.436695
9.9305,6.66739,-0.317518
9.96089,7.70398,-0.362111
9.97023,8.74272,-0.583752
10.0177,9.7369,-0.710978
9.82688,10.6385,-1.08115
9.88896,11.656,-1.1255
9.93407,12.6715,-1.06214
9.72585,13.6468,-1.41099
9.77146,13.7601,-2.41858
9.79288,14.5009,-1.77642
9.91303,15.0752,-2.5699
9.92611,15.3304,-1.56232
10.0002,16.17,-1.01486
9.88655,17.1988,-0.920911
9.99263,18.0487,-0.444017
9.96662,19.0257,-0.247233
10.0513,20.0331,-0.0920072
9.96363,21.0356,-0.232664
9.93765,22.0333,0.094406
10.0781,23.0483,0.179635
9.96723,24.0459,0.0681234
10.107,25.0237,-0.0796838
9.99256,26.0081,0.0362651
9.93658,27.0723,-0.185067
9.8218,27.9938,0.188006
10.1211,28.5428,-0.613923
10.7746,3.03222,-0.0354778
11.0578,4.03187,0.0648152
11.078,5.03612,-0.0305734
10.8885,6.0189,-0.104654
10.9032,6.9167,-0.520072
10.8885,7.91719,-0.721693
10.9423,8.90819,-0.638188
11.0606,9.94498,-0.570623
10.832,10.7396,-1.17741
10.9644,11.7224,-1.19553
10.9428,12.782,-1.18842
10.7521,13.7062,-1.52684
10.7421,13.8509,-2.54848
10.87,14.5713,-1.83648
10.9475,15.091,-2.70186
10.9529,15.4346,-1.73003
10.9391,16.3464,-1.31073
10.9525,17.2674,-0.859185
10.977,18.2017,-0.500131
10.9724,19.0502,0.00868862
11.0667,20.0492,0.0091586
10.979,21.0392,-0.24294
10.9453,22.0202,0.190362
11.048,23.0119,-0.136915
11.0764,24.0235,0.0291025
11.1412,25.0136,-0.00267342
10.9366,25.9599,-0.389807
10.9303,26.9176,-0.108875
10.8282,27.9479,0.00237434
11.1232,28.6299,-0.705963
11.7918,3.07617,-0.0535997
12.0957,3.98434,0.270559
12.1083,4.96764,-0.094937
11.9317,5.98145,-0.219462
11.9734,6.91559,-0.510669
11.8764,7.92899,-0.508338
11.9719,8.94062,-0.506882
12.1264,9.95786,-0.569088
11.8755,10.8458,-0.972341
12.0569,11.8152,-1.1272
11.8954,12.727,-1.53387
11.874,13.7237,-1.64854
11.7635,14.0291,-2.55607
11.9511,14.4808,-1.69871
11.9206,14.8425,-2.66014
11.9408,15.3617,-1.78737
11.9814,16.2337,-1.26574
12.0047,17.2043,-0.847908
11.9557,18.1916,-0.586944
12.0298,19.0677,-0.0617939
12.0979,20.087,-0.104123
12.0443,21.0952,-0.200128
11.9508,22.0043,0.236055
12.0021,23.0319,0.243388
12.0897,24.0133,0.0224189
12.065,24.9558,-0.326222
11.9401,25.9454,-0.199686
11.989,26.9417,-0.014011
11.8105,27.9196,-0.107834
12.1077,28.747,-0.528834
12.8214,3.09295,-0.096643
13.1301,3.99993,0.192315
13.1072,4.96075,-0.0660237
12.9692,5.94006,-0.135789
13.039,6.9051,-0.515558
12.9292,7.89592,-0.585031
13.0201,8.90842,-0.466121
13.1127,9.89421,-0.739253
12.9554,10.8556,-1.01515
13.0612,11.8339,-1.00743
12.8752,12.7373,-1.42311
12.8751,13.7237,-1.76742
12.8268,14.0746,-2.7217
13.0051,14.5456,-1.84689
12.9197,14.9903,-2.768
12.973,15.28,-1.80895
12.9931,16.1837,-1.29132
13.0372,17.2025,-1.03412
13.0023,18.1198,-0.59826
13.0325,18.9726,0.00695212
13.1084,19.9527,-0.240226
13.0768,20.934,-0.14182
12.9216,21.9003,-0.0477157
13.0347,22.9572,0.07416
13.0429,23.9276,0.232392
13.0243,24.9608,-0.0133976
12.9463,25.9029,-0.30517
12.968,26.8015,0.167113
12.7717,27.7923,0.058446
13.0591,28.7166,-0.198718
13.8305,3.08667,-0.146345
14.2004,4.02754,0.207559
14.0575,4.88068,-0.334874
13.9865,5.89022,-0.213596
14.0046,6.88513,-0.286288
13.875,7.94756,-0.556291
14.0937,8.95173,-0.518766
14.1446,9.8782,-0.899109
14.0269,10.8892,-1.10662
14.1109,11.8807,-1.03899
13.9392,12.8488,-1.41805
13.9694,13.8407,-1.70086
13.8783,13.9547,-2.68636
14.0144,14.6139,-1.90074
13.9181,15.2332,-2.68628
13.9483,15.4248,-1.68447
13.9455,16.394,-1.43859
14.0716,17.3054,-1.00575
14.0414,18.2747,-0.620701
13.9773,19.1634,-0.18666
14.1028,20.1139,-0.562554
14.0986,21.0257,-0.0833003
13.9196,21.9912,-0.0441237
14.05,22.9577,0.181823
14.0548,23.9821,0.370864
14.0319,25.0034,0.210895
13.9273,25.9457,-0.21384
13.9858,26.7604,0.330982
13.8148,27.7306,0.137785
14.0595,28.7119,-0.159819
14.8562,3.24176,-0.197696
15.1816,4.17305,-0.0515732
15.095,5.10615,-0.382153
15.0018,6.07931,-0.366543
15.0166,7.05428,-0.111136
14.9281,7.94335,-0.571169
15.1052,8.9294,-0.549001
15.1483,9.9099,-0.893674
15.1241,10.9691,-0.983099
15.1436,11.9741,-1.01911
15.0052,12.8385,-1.45553
14.996,13.7786,-1.71857
14.9644,14.0131,-2.70426
15.0522,14.5796,-1.89456
14.9471,15.0381,-2.79405
14.9874,15.4275,-1.85795
14.9388,16.438,-1.61841
15.0727,17.3393,-1.17643
15.0405,18.1636,-0.548198
14.9483,19.1716,-0.475701
15.0943,20.1549,-0.616996
15.0893,21.0364,-0.148952
14.9223,21.9955,0.00585345
15.0859,22.8982,0.534315
15.0656,23.9159,0.502594
15.0489,24.8901,0.123435
14.959,25.8983,-0.0218268
14.9917,26.846,0.165011
14.8471,27.861,0.0753899
15.0619,28.7159,-0.326438
15.9402,3.10206,-0.263491
16.2233,4.01943,0.0237861
16.1467,4.96599,-0.463759
16.0307,5.92037,-0.140486
16.0296,6.97476,0.0248726
16.0074,7.93752,-0.37907
16.1511,8.96292,-0.474798
16.2107,9.85577,-1.02891
16.1615,10.8556,-1.08106
16.1627,11.9246,-0.913688
16.0314,12.8412,-1.35655
16.0594,13.815,-1.64568
16.0669,13.9528,-2.62044
16.0648,14.657,-1.90858
15.9555,15.0198,-2.86261
16.0151,15.5236,-2.00045
15.9467,16.349,-1.43446
16.0779,17.3293,-1.28301
16.0105,18.2016,-0.775655
15.927,19.2208,-0.775594
16.1091,20.1813,-0.544758
16.0873,21.1665,-0.584765
15.9871,22.0556,-0.111722
16.0133,23.0195,0.197217
16.0086,24.0886,0.263112
15.9646,25.0837,0.463152
15.9598,26.0048,-0.099527
15.9532,27.0327,-0.0776513
15.832,27.9789,-0.104303
16.0802,28.9216,-0.344609
17.0018,2.91182,-0.184857
17.2216,3.92154,-0.0512223
17.2003,4.89879,-0.238478
17.0973,5.91824,-0.180831
17.035,6.92356,-0.0120121
17.0435,7.9109,-0.374502
17.1681,8.91888,-0.316553
17.2192,9.82871,-0.742808
17.1256,10.8717,-0.85154
17.1998,11.8419,-1.03074
17.0476,12.7632,-1.35037
17.074,13.7394,-1.64402
17.0795,13.7651,-2.649
17.0803,14.5412,-1.95206
16.9568,15.0411,-2.83896
17.0106,15.3885,-1.85351
16.95,16.2977,-1.40883
17.0558,17.2647,-1.03002
17.0016,18.1737,-0.582263
16.8666,19.175,-0.376321
17.1285,20.1201,-0.549498
17.1128,21.1656,-0.550121
16.9959,22.0869,-0.301566
17.0057,23.0423,-0.011829
16.9865,24.0126,0.267043
16.987,25.0564,0.312922
16.9868,26.0303,0.0318216
16.9545,26.909,-0.386627
16.8287,27.9031,-0.189187
17.0429,28.8693,-0.088638
18.0556,2.79465,-0.324335
18.2251,3.70769,-0.0223579
18.2181,4.7356,-0.0612995
18.1234,5.76252,-0.156935
18.0645,6.75147,-0.0250313
18.1069,7.76019,-0.118992
18.2228,8.77346,-0.30683
18.1902,9.81425,-0.514179
18.1774,10.8405,-0.758953
18.1997,11.818,-0.969439
18.1325,12.8108,-1.24747
18.1413,13.8259,-1.53764
18.1645,13.9543,-2.52386
18.1004,14.7671,-1.92329
17.9843,15.1229,-2.84598
18.0298,15.692,-1.97395
17.9395,16.4497,-1.29319
18.0527,17.503,-1.2113
18.0232,18.2827,-0.589724
17.8854,19.1801,-0.208332
18.1663,20.1613,-0.407111
18.0762,21.1444,-0.352248
17.9057,22.0535,0.0152745
18.0139,23.0113,-0.171392
18.0059,23.9916,0.0259438
18.0095,24.9335,0.33976
17.9764,25.9706,0.0950804
17.9723,26.9274,-0.307355
17.8823,27.9498,-0.069805
18.0527,28.9231,0.0193884
19.0319,2.56824,-0.139998
19.2624,3.53892,-0.094882
19.1885,4.52808,-0.266018
19.1778,5.55795,-0.0191931
19.1455,6.55225,-0.10907
19.0765,7.53571,-0.18887
19.2467,8.49696,-0.476122
19.1723,9.52194,-0.347624
19.1359,10.556,-0.488681
19.1718,11.674,-0.677593
19.1569,12.6361,-1.08979
19.1418,13.7672,-1.25316
19.181,13.8057,-2.29788
19.1294,14.6595,-1.73839
19.0516,14.985,-2.69528
19.0829,15.5888,-1.85594
18.9511,16.3809,-1.19512
19.0182,17.3041,-0.834574
19.0979,18.2792,-0.570956
18.9029,19.2156,-0.242924
19.1532,20.2019,-0.479293
19.0184,21.0653,0.0649525
18.887,22.0047,-0.14156
19.0355,22.9778,-0.0603778
19.082,23.9711,0.16744
18.9765,24.9686,0.0153874
18.9528,25.9524,-0.0652516
18.9648,26.9301,-0.163659
18.8817,27.9533,-0.27242
19.0932,28.9097,0.0274819
19.9829,2.22061,-0.124003
20.2287,3.20215,-0.0790551
20.102,4.15766,0.125288
20.0471,5.1482,0.208026
20.1513,6.11706,0.0011536
20.0578,7.12018,-0.24033
20.2075,8.10493,-0.37557
20.1092,9.11809,-0.424464
20.1498,10.199,-0.339979
20.054,11.1365,-0.78096
20.0423,12.141,-0.935856
19.9977,13.1228,-1.12972
20.1361,13.656,-1.96336
20.132,14.474,-1.40669
19.9849,14.8758,-2.33001
20.0195,15.4402,-1.46905
19.942,16.3076,-0.903015
20.0999,17.288,-0.722895
20.0163,18.1489,-0.224168
19.9267,19.1872,-0.307376
20.0596,20.1477,-0.0626576
20.0446,21.0809,0.252403
19.9739,22.0475,-0.0627369
19.9965,23.0139,0.222205
20.0603,24.0376,0.353136
20.0145,24.8937,-0.167687
19.9328,25.9075,-0.0259316
20.0318,26.9161,-0.252031
19.9063,27.9085,-0.340492
20.069,28.8834,-0.0994598
20.9462,1.79279,-0.383657
21.1463,2.78235,-0.427439
20.9742,3.74327,-0.194733
21.0075,4.69703,0.12233
21.0825,5.69547,0.134751
20.9739,6.70202,0.0926847
21.1159,7.63898,-0.309522
21.0043,8.65279,-0.419001
21.0798,9.70496,-0.446702
21.0117,10.7317,-0.6566
20.9465,11.7129,-0.801492
20.9187,12.7151,-0.958837
21.1094,13.4453,-1.61068
21.098,14.3664,-1.20194
21.0168,14.8308,-2.10667
21.1151,15.6346,-1.46379
20.9087,16.1655,-0.629505
21.0619,17.154,-0.409146
21.077,18.1445,-0.227186
20.9507,19.1666,-0.217377
21.0508,20.1365,-0.256914
20.9699,21.1595,-0.246916
20.9725,22.0909,0.0570849
21.0226,23.0342,0.428034
21.0104,23.9254,0.0354961
21.0398,24.963,0.045085
20.9662,25.9358,0.0319803
21.0409,26.9172,-0.119855
20.944,27.8844,-0.319398
21.0513,28.8867,-0.337233
21.9004,1.46104,-0.520658
22.1251,2.4115,-0.491052
21.9363,3.35777,-0.149199
21.9622,4.29655,0.225492
21.9897,5.28004,0.137297
21.874,6.2248,-0.166012
22.042,7.31771,-0.273132
22.0387,8.30211,-0.309665
22.0369,9.29181,-0.360726
21.9359,10.2517,-0.604376
21.9447,11.2863,-0.777752
21.8572,12.2638,-0.70361
22.0241,12.9369,-1.39439
21.8886,13.8683,-0.847972
21.8725,14.5217,-1.62894
22.0101,15.3353,-1.05389
21.9303,16.1443,-0.491733
22.0389,17.1015,-0.174654
22.08,18.0935,0.16227
21.9372,19.0772,0.0212958
22.0189,20.0633,-0.00116886
21.9399,21.0596,-0.0030427
21.9692,22.0633,-0.205887
22.0375,22.8845,0.37018
22.0351,23.7602,-0.016773
22.0286,24.7837,-0.128443
22.0328,25.7889,-0.215259
22.0493,26.804,-0.308982
21.9625,27.8301,-0.348549
21.991,28.7192,0.096292
22.848,1.03018,-0.403088
22.9765,2.03114,-0.111084
22.8806,3.02735,0.0296274
22.9298,4.02829,0.255034
22.9622,5.03083,0.12042
22.9063,5.94741,-0.247502
23.003,6.93297,-0.182348
23.014,7.98834,-0.180685
23.0047,8.95954,-0.328336
22.9256,9.99774,-0.566393
22.9541,10.9935,-0.708472
22.903,12.019,-0.611634
23.0769,12.8361,-1.21579
22.9038,13.6283,-0.62215
22.8332,14.2863,-1.39193
23.0409,15.2098,-0.988525
22.9319,16.1294,-0.658614
23.0224,17.0533,-0.209394
23.0577,17.9589,0.218482
22.9313,18.953,0.355394
23.0257,19.987,0.397174
22.9342,21.0407,0.323823
22.9994,21.9253,-0.171096
22.9597,22.9251,-0.0525742
23.0912,23.8927,-0.00285653
23.0233,24.9336,-0.0563433
23.0441,25.9374,0.0210761
23.0779,26.8518,-0.346159
22.9215,27.7578,0.0834773
23.0081,28.7239,0.130515
23.8592,0.91081,-0.406314
23.9684,1.83638,0.0395917
23.8826,2.82601,-0.131343
23.936,3.83895,-0.103024
24.0793,4.83873,-0.00292062
23.9043,5.83088,0.224973
24.0342,6.793,-0.183602
23.9453,7.76294,0.180071
24.0096,8.65267,-0.265072
23.9183,9.67044,-0.390902
23.9179,10.6998,-0.402536
23.9047,11.732,-0.399499
24.0653,12.497,-1.02615
23.9237,13.388,-0.560537
23.8808,14.2339,-1.07005
24.0213,15.1641,-0.751122
23.9648,16.1163,-0.461241
24.0157,17.0861,-0.191061
24.0042,18.1015,-0.104022
23.9448,19.0583,0.198328
23.9991,20.0158,-0.0959166
23.997,21.0343,0.145466
24.0229,21.9535,-0.262719
24.0201,22.9701,-0.249174
24.0993,23.8998,0.0952147
24.0533,24.8818,-0.152754
24.0373,25.8299,0.141841
24.0784,26.758,-0.343013
23.9533,27.7503,-0.125486
24.0198,28.7074,0.0551622
24.8906,0.652412,-0.218519
25.0097,1.65519,-0.0454237
24.924,2.70783,-0.00250252
24.9367,3.67028,-0.275036
25.0549,4.5702,0.116163
24.9484,5.54912,0.295529
25.0065,6.49588,-0.106729
24.8876,7.48805,-0.0370708
24.9739,8.46226,-0.265047
24.9161,9.46605,-0.210013
24.9101,10.4908,-0.480288
24.93,11.5492,-0.414716
25.0986,12.4572,-0.775945
25.0367,13.3761,-0.427989
24.9529,14.2775,-0.882437
24.9847,15.1602,-0.355312
24.9,16.1219,-0.15157
25.0129,17.1333,-0.287402
24.9873,18.074,0.00550249
24.8839,19.0399,-0.138975
25.0094,20.0469,0.0327219
25.0298,21.0169,0.109247
25.0252,21.9024,-0.35132
25.0827,22.8467,-0.102759
25.1042,23.8576,0.080578
25.0558,24.8218,-0.235688
25.0051,25.7636,-0.0588305
25.1515,26.7332,-0.308798
24.9505,27.6455,-0.106125
25.0498,28.6442,0.0634785
25.8973,0.450322,-0.286248
26.0037,1.44858,0.0908383
25.9218,2.46337,0.161541
26.0102,3.40996,-0.174999
25.9918,4.38654,-0.199484
25.9635,5.26621,0.263723
26.0184,6.33757,0.0820063
25.8834,7.33977,0.138325
25.9218,8.35864,-0.0357799
25.9513,9.3307,-0.315262
25.8934,10.3267,-0.152654
25.9869,11.3291,-0.307108
25.9945,12.3272,-0.312488
26.0338,13.3299,-0.192035
25.9665,14.2104,-0.684448
26.0068,15.15,-0.424076
25.8817,16.1131,-0.138453
25.9879,17.1147,-0.0661672
26.0211,18.1081,0.162917
25.9111,19.065,-0.126612
26.0225,20.0429,0.221665
26.0089,21.0287,0.264806
26.0434,21.8517,-0.338084
26.1129,22.8319,-0.0411481
26.1009,23.7994,0.130357
26.0656,24.7424,-0.236546
26.0445,25.7328,-0.107416
26.152,26.7537,-0.0248909
25.9617,27.7308,0.0271859
26.0289,28.6856,-0.207523
26.9751,0.348155,-0.125852
27.0294,1.33079,0.0849696
26.9267,2.32609,0.0481521
27.0304,3.30565,-0.262023
27.0133,4.25295,0.018778
26.9927,5.26102,0.0352245
27.0251,6.2224,0.436027
26.9468,7.17839,0.0424848
26.9946,8.20876,-0.100153
26.9727,9.17657,-0.296149
26.9061,10.1553,0.00122074
26.9737,11.1854,0.034077
27.0268,12.1331,-0.241771
27.0342,13.1233,-0.23466
26.9793,14.1449,-0.273702
26.9723,15.1089,-0.125156
26.8703,16.0867,-0.168178
26.981,17.1058,-0.0408002
27.0091,18.0871,0.12851
26.9072,19.1221,-0.15905
27.0367,20.0865,0.140828
27.0045,21.0715,0.170916
26.9152,22.073,0.15367
27.0545,23.0406,0.284799
27.0999,24.0289,0.0872494
27.0472,25.0709,-0.0840999
26.9701,26.0944,-0.327775
27.1051,26.8716,0.254268
26.9846,27.8385,-0.115888
26.9914,28.8885,-0.0509995
27.9898,0.12255,-0.0274789
28.0187,1.10858,-0.126249
27.9402,2.10604,-0.0662038
28.0403,3.12077,-0.0807215
28.0375,4.09948,0.26025
27.9984,5.11756,0.112552
28.0629,6.08448,0.358754
27.9662,7.04234,-0.0590808
27.9933,8.06407,-0.0642933
27.9773,9.07803,-0.018363
27.9472,10.0886,0.0788965
28.0372,11.0952,0.074395
28.0171,12.0852,-0.109549
28.0098,13.1009,-0.0996399
27.9492,14.0915,-0.0670858
27.9699,15.1574,0.0318857
27.9251,16.1412,-0.295114
27.9814,17.041,0.160372
28.012,18.0608,0.235218
27.9287,19.028,-0.0220954
28.0163,20.0243,-0.11905
27.9718,21.0328,-0.0549638
27.9556,21.992,0.221332
28.0315,23.0151,0.0292703
28.0409,23.9843,-0.172097
28.0273,24.9462,0.00617084
27.9555,25.9225,-0.152275
28.1081,26.8831,0.230024
27.9943,27.9015,0.0411695
28.0279,28.9123,-0.193966
28.9664,0.0141789,0.0502701
29.0132,1.01514,-0.0810663
29.008,2.03499,-0.0291513
29.0194,3.01523,0.146464
29.0078,4.00817,0.0281991
29.0089,5.03928,0.163826
29.082,6.04374,0.0815851
29.002,7.06092,-0.065923
29.0102,8.04275,0.196106
29.0214,9.05049,-0.0628407
29.021,10.0344,-0.0910062
29.0123,11.0065,0.138841
29.0045,11.9974,0.0607562
29.0046,12.9772,0.102542
29.0196,13.9888,-0.0567583
29.0024,14.9868,0.0681722
28.9136,16.0004,0.0117832
29.0035,17.0037,0.0672781
29.0103,18.0045,0.239555
28.9463,19.013,0.14796
29.0077,20.0228,-0.022364
29.0022,21.008,-0.120783
29.0181,21.9513,0.225605
29.0139,22.956,0.00171514
29.0141,23.9467,0.037785
29.0228,24.9744,0.0783441
29.0026,26.0056,-0.106858
29.0883,27.0308,-0.0162847
29.0105,28.0169,0.0365123
29.0254,28.9516,-0.232807
