2.04033,1.72836,-0.364422
1.95636,2.70413,-0.0286355
1.67142,3.6747,-0.0978423
0.895016,4.23834,-0.481521
1.74081,4.77693,-0.0472854
1.98948,5.73614,-0.0421918
1.53789,6.48379,0.413517
1.86006,5.79197,1.07593
2.09601,6.63339,0.523045
2.36467,6.56722,1.49402
2.32376,2.37528,0.341343
2.94952,2.51571,-0.429978
2.44619,3.3659,-0.71268
1.90745,4.17504,-0.38732
1.19773,4.62472,-0.928449
1.60639,4.78415,0.0262947
1.32671,5.53275,0.611988
1.60309,6.51791,0.380956
1.80204,7.44944,0.0170843
1.68259,6.80228,0.784109
2.99742,1.66774,0.484155
2.19726,2.26156,0.276565
2.92361,2.51564,-0.397476
2.59984,3.44378,-0.256853
2.16284,4.22049,-0.716382
2.55777,4.99336,-0.152904
2.28866,5.79402,0.427137
2.59105,6.73501,0.419214
1.86719,7.22893,0.984457
2.68089,6.93373,0.506253
3.88554,1.33008,0.252068
3.2447,2.05479,0.495218
3.59594,2.97461,0.229502
3.37515,3.03772,-0.743678
3.08852,3.92074,-0.377996
3.4885,4.77485,0.0337901
3.12328,5.68532,-0.171798
3.43616,6.65216,-0.0462752
2.73075,7.07741,0.509598
3.58795,7.11588,0.0258644
4.81411,0.980392,0.507959
4.12987,1.70959,0.162758
4.52239,2.62953,-0.00383618
4.27775,3.41552,-0.579711
3.99374,4.1866,0.0113407
4.23406,4.99653,-0.564568
4.0707,6.01277,-0.417344
4.40432,6.65473,0.250658
3.5813,7.21886,-0.0327952
4.48939,7.50506,0.233485
5.61083,0.737425,-0.0664449
4.80654,1.23596,-0.41695
5.19458,2.192,-0.676629
4.8123,2.83537,0.0524949
4.90939,3.84133,0.298114
4.98733,4.82584,0.0466994
4.84746,5.85845,0.206635
5.34821,6.64224,-0.126972
4.64374,7.39597,0.0253304
5.29703,7.39465,0.802805
5.26355,0.727927,0.958061
5.36691,1.53157,0.364516
5.82863,2.3994,0.073986
5.58104,3.34429,-0.277728
5.60195,4.40148,-0.177648
5.5779,5.34266,-0.566021
5.47766,6.35375,-0.336943
6.16063,7.03064,-0.523728
5.36112,7.65851,-0.617618
4.72252,7.16159,-0.0239723
6.22951,0.937693,0.716623
6.29447,1.98547,0.585809
6.87704,2.58841,0.00442518
6.48533,3.18027,-0.705991
6.56092,4.04733,-0.197427
6.4441,4.9274,-0.802487
6.36331,5.89438,-0.689727
6.92463,6.63928,-1.01508
5.96393,6.91303,-0.786517
5.67991,7.14122,0.156911
7.1852,1.18302,0.537208
7.26992,2.12466,0.743315
7.83627,2.80204,0.344652
6.98354,3.42207,0.167141
7.52275,4.24088,-0.112491
6.90235,4.99573,0.119993
7.35067,5.7591,-0.388482
7.88094,6.52354,-0.723981
6.93596,6.86753,-0.600302
6.67359,7.07636,0.363173
7.33699,2.18887,0.694903
7.54306,2.84313,1.4124
7.12044,3.42457,0.700272
7.41118,4.32429,0.441548
8.29875,4.77317,0.23166
7.68858,5.60777,0.0546922
7.71274,6.60502,0.15034
6.96925,6.87201,-0.517655
7.36402,7.78661,-0.754686
6.46101,7.46851,-0.606253
