-0.0275399,0.0215339,0.292306
0.935453,0.0406995,0.0360607
1.92238,0.0643696,0.31998
2.92091,0.0139012,-0.00549028
3.95325,0.0132023,0.0109622
4.96142,0.0173956,0.0277841
5.93816,0.0105106,-0.176348
6.95148,-0.00494705,0.0437788
7.93686,-0.0261971,0.197937
8.92398,0.0349559,0.0233833
9.91744,0.0328288,0.25866
10.9865,-0.00568865,0.218043
12.0094,0.00777917,0.0991638
12.9655,0.0013184,-0.17434
13.9842,-0.00574664,-0.0520249
14.9535,-0.00778222,-0.145634
15.9295,0.00357982,-0.139076
16.9729,0.0316263,0.0130711
17.9924,0.0191473,0.0543107
19.0166,0.0272256,0.0483261
0.0289132,1.06903,0.236299
1.00714,1.05113,0.263213
2.02907,1.06879,0.277181
2.99217,0.992898,0.109485
4.00463,0.996783,0.104697
4.98503,1.046,-0.0958647
5.97841,0.949348,0.0640065
7.00777,0.974252,0.174563
8.02235,0.980712,0.235035
9.03756,0.987658,0.233766
10.0777,1.03122,0.238618
11.0885,1.01254,0.114643
12.1292,0.968346,-0.169616
13.0589,0.946178,0.10947
14.0449,0.940977,0.258419
15.0916,0.895947,0.251726
16.0503,1.06508,0.0393048
17.0779,1.04745,0.325639
18.0708,1.00285,0.353822
19.0081,0.984127,-0.113739
0.0441389,2.04327,-0.0861629
0.956795,2.04444,0.302155
1.99127,2.04032,0.204685
3.0133,1.98721,0.243559
4.05155,2.03349,0.109598
5.0672,2.06925,-0.0611713
6.05815,1.93113,0.0866848
7.05556,2.00272,0.166405
8.04493,2.02175,0.120511
9.03091,2.0192,0.264284
10.0025,2.01026,0.141185
11.0615,2.0436,0.0818415
12.0615,1.98938,0.03708
13.0936,1.98506,0.0730003
14.1069,1.88452,-0.101544
15.1362,1.84743,-0.121696
16.0008,2.03128,0.274001
16.984,2.02837,-0.0598285
17.9644,2.03378,0.148927
18.9979,1.96644,0.173711
-0.0183966,3.06553,0.0537248
0.999847,3.02566,0.134373
1.98351,3.02998,-0.0402295
3.01404,2.98152,0.0298532
4.00255,3.01685,0.0386364
4.98118,3.05573,-0.126664
6.06517,2.93535,-0.129505
7.05266,3.02502,0.163784
8.08374,3.04839,0.172954
9.09538,3.00858,0.27582
10.0959,3.04617,0.0135624
11.1464,3.07616,0.164647
12.1143,2.95801,0.396017
13.1033,2.97193,0.302133
13.9933,2.90093,-0.0810602
14.9845,2.88459,0.100644
16.0281,3.036,0.208094
17.0433,2.98073,0.294421
17.9612,3.0213,-0.0800073
19.0119,2.93002,-0.0653371
-0.0187078,4.06,0.159838
0.974816,4.01783,-0.143431
2.00905,4.06493,-0.280474
3.02327,3.99705,-0.124152
4.02186,4.03192,-0.0946654
5.04601,4.10156,-0.20257
6.07021,3.98492,-0.242958
7.05452,4.01484,-0.0583819
8.02702,4.06652,0.273601
9.01194,4.01736,0.383844
9.96271,4.06366,0.0623096
11.0375,4.06737,0.173663
12.0307,3.96421,0.228291
13.0052,3.97363,0.150584
14.0079,3.95278,-0.0193243
14.9965,3.9398,0.170809
16.0247,4.03625,0.0293985
17.1123,3.98025,0.0252724
18.0563,3.99767,-0.26704
19.0396,3.96581,-0.265065
0.00800806,5.02871,-0.166753
1.01426,5.04207,-0.111301
2.00119,5.04316,0.136103
2.99724,5.00028,0.200815
3.95128,5.06388,-0.0959716
4.99824,5.0768,-0.0911771
6.06731,5.04787,-0.24655
7.05871,5.02086,-0.264855
8.00771,5.10735,0.225083
9.02388,5.00413,0.0954772
10.0643,5.04618,-0.155611
11.0827,5.10121,0.206891
12.0945,4.94339,0.0411298
13.0806,4.951,0.247954
14.0711,4.98373,0.00615253
15.0478,4.93167,0.233872
16.0444,5.03584,0.201059
17.0413,4.96349,-0.0412427
18.0498,4.91787,0.14152
18.9555,4.99589,-0.258132
0.0507035,6.01401,-0.00589618
1.04297,6.06757,0.171603
2.07291,6.07691,-0.0461013
3.07759,6.02909,-0.016715
4.09614,6.0794,-0.121979
5.1157,6.04751,-0.350481
6.10376,6.03981,-0.192264
7.15053,6.04468,-0.35934
8.05984,6.07781,0.0616688
9.04717,6.02993,0.0685568
10.0572,6.05151,0.00649129
11.0677,6.00382,-0.222288
12.0429,5.927,-0.0401776
13.061,6.00191,0.136998
14.049,6.00048,-0.0310739
15.0494,5.92474,0.110813
16.0302,6.00967,-0.0492233
17.0208,5.98537,-0.0100528
18.0151,5.85719,-0.0679037
18.9737,5.99086,-0.256691
-0.0171636,7.01882,-0.150237
1.0248,7.04136,-0.133796
2.08632,7.13445,-0.0638997
3.08178,7.11811,-0.00160833
4.14448,7.04206,0.0876705
5.13939,7.0437,-0.132035
6.13569,7.05911,-0.0773675
7.12896,7.03566,-0.442201
8.08449,7.09549,-0.0844691
9.11349,7.05507,-0.0219306
10.1485,7.09549,0.16791
11.1535,7.008,-0.169836
12.1263,6.92625,0.0108554
13.0697,7.00098,-0.207712
14.0579,7.00158,-0.332951
15.0758,6.95741,-0.0754631
16.1173,7.0307,-0.0528672
17.0799,6.97365,-0.348469
18.1008,6.84273,-0.21015
19.0308,6.95964,0.152904
0.069393,8.00395,0.000341807
1.06956,8.07489,-0.238136
2.05731,8.09511,-0.197168
3.05048,8.06731,-0.286276
4.02416,8.01166,-0.134556
5.05091,8.03808,0.0282876
6.0281,8.03319,-0.255306
7.01525,7.99857,-0.238087
7.95528,8.09524,0.18717
8.95525,8.10995,0.161229
9.95622,8.09034,-0.00172124
10.984,7.97884,0.00523087
11.9713,7.90994,0.0976012
12.9243,7.98955,-0.280306
13.9482,7.99217,-0.267629
14.9466,7.92905,-0.141762
15.9383,8.02929,-0.40705
16.9699,8.00494,-0.44532
17.9796,7.83365,-0.361055
18.9634,7.94459,-0.0747368
0.0077517,9.02752,-0.127348
1.0532,9.034,0.00429701
2.07422,9.02965,0.016184
3.1142,9.05367,-0.018482
4.16193,8.98978,0.036021
5.14099,9.07868,-0.16848
6.1758,9.0268,-0.190674
7.18455,9.00694,-0.222074
8.14844,9.09513,-0.019892
9.11369,9.12466,0.122962
10.0957,9.08464,-0.0783349
11.1219,8.99583,-0.154411
12.1535,8.88932,-0.0222694
13.1469,8.96578,-0.19537
14.1135,9.02121,-0.301154
15.0893,8.90934,-0.184091
16.101,9.07892,-0.128449
17.0727,9.00044,-0.421873
18.0528,8.88347,-0.37091
19.0157,8.97314,-0.13596
0.0312845,9.99898,-0.0261452
1.09253,10.0106,-0.0768395
2.05358,10.0543,0.113504
3.02581,10.0193,-0.26719
4.07796,10.0019,-0.175546
5.04107,10.0583,-0.404178
6.04719,9.97801,-0.411542
7.02338,10.024,-0.209119
7.97129,10.0878,0.0107669
8.99744,10.0757,-0.230604
10.0108,10.1065,-0.111628
10.9737,10.0142,-0.38207
12.0006,9.90954,-0.268923
13.0253,10.0129,-0.19686
13.9801,10.004,-0.403644
15.0177,9.88634,-0.36585
16.018,10.0566,-0.243849
17.0452,9.98903,-0.380853
18.0705,9.91535,-0.396408
19.0116,9.96581,-0.119922
0.0433821,11.0184,0.0154149
1.00853,11.0132,-0.0114261
2.00425,11.0478,0.193381
2.94545,10.9916,-0.114335
3.98248,11.0354,-0.165337
5.02548,11.0308,-0.157552
5.99803,10.9495,-0.360808
7.04013,11.0226,-0.286029
8.05104,11.0657,-0.0501053
9.09046,11.0648,-0.163826
10.1126,11.0955,-0.0714438
11.0595,11.0503,-0.376318
12.0615,10.9487,-0.19234
13.0545,10.9935,-0.388076
14.0256,11,-0.347179
15.0325,10.8929,-0.440999
15.956,11.057,-0.178323
16.939,11.0029,-0.441319
17.9964,11.0165,-0.413105
19.0169,11.026,-0.158782
-0.013599,12.046,-0.107785
0.968419,12.0575,-0.0537797
1.98545,12.0667,0.110739
2.98047,11.9612,0.089462
3.98465,12.0484,-0.104059
4.98177,12.0253,-0.401578
5.98979,11.9978,-0.5253
7.01766,12.0364,-0.369091
7.98502,12.0684,-0.127479
9.02608,12.1018,-0.0339061
10.056,12.1237,-0.168889
11.1003,12.0439,-0.0888913
12.1588,11.9791,-0.104529
13.1481,11.9645,-0.120035
14.1642,11.9723,-0.00129093
15.0545,11.8909,-0.466994
16.0473,12.0164,-0.618665
17.026,12.0222,-0.51832
17.9299,11.9797,-0.123753
18.9591,12.0131,-0.0105411
-0.0108585,13.0511,-0.110105
0.998968,13.0944,0.0291635
2.01758,13.1006,0.227683
3.00216,12.92,-0.129475
4.01108,13.0718,-0.195517
5.04557,13.0483,-0.352266
6.01992,13.0478,-0.330149
7.00649,13.0359,-0.272326
8.00377,13.0466,-0.290539
8.97612,13.1533,-0.163231
9.97646,13.1086,-0.276391
10.9665,12.9855,-0.398462
11.9955,12.952,-0.324717
13.0134,13.0001,-0.156359
14.0499,12.9832,-0.0855617
15.028,12.9032,-0.263347
16.0022,13.0509,-0.536161
16.9702,12.943,-0.203363
18.0199,12.9749,-0.363713
18.9936,12.9872,0.0684866
-0.00750145,14.0123,0.0127262
1.00006,14.1096,0.0584521
2.01917,14.1142,0.154503
3.01012,14.0038,-0.237651
4.02392,14.0315,-0.560463
5.00482,14.049,-0.338661
5.98291,13.9821,-0.68131
7.00723,13.9697,-0.604669
7.94347,14.0626,-0.252071
8.94815,14.1977,-0.267809
9.95459,14.1041,-0.474078
10.9448,13.9943,-0.292734
11.943,13.9863,-0.218461
12.9858,13.995,-0.206912
14.0413,14.0428,-0.148857
15.0268,13.9341,-0.299008
16.0621,13.9702,-0.232636
17.1058,13.9487,-0.116684
18.0992,13.8754,0.101044
19.015,13.9807,-0.254366
0.00878018,15.0136,0.272045
0.995007,15.0794,0.0157231
2.01768,15.1062,0.194058
2.99099,14.935,0.188064
3.96713,14.8886,-0.0127903
4.92191,15.0595,-0.248628
5.89633,14.9329,-0.420658
6.91313,14.9417,-0.506378
7.95967,15.0601,-0.485617
8.96661,15.2051,-0.498184
9.97446,15.1264,-0.460024
10.9387,14.9734,-0.181112
11.9241,15.0018,-0.237214
12.9236,15.0097,-0.241945
13.952,15.0155,-0.388235
14.9192,14.9651,-0.2579
15.9396,14.9788,-0.0987732
16.9441,14.9266,-0.0446303
17.9435,14.9025,0.0762719
18.9888,14.9719,0.039024
-0.0405866,16.0329,0.139369
0.959481,16.0953,-0.00642415
1.89541,15.8841,-0.416306
2.84338,15.9066,0.00602741
3.86072,15.9431,0.0581378
4.86677,16.0499,-0.0746666
5.88332,15.9776,-0.20289
6.85717,15.9863,-0.52804
7.86073,16.0352,-0.703214
8.80615,16.1749,-0.299393
9.84642,16.1192,-0.207428
10.8678,16.0019,-0.323905
11.8571,15.9871,-0.556697
12.8238,16.0472,-0.292727
13.8185,16.0023,-0.223444
14.8432,15.9467,-0.219022
15.8719,15.9667,-0.0664876
16.9501,15.9164,-0.161275
17.9872,15.9418,-0.138646
18.9902,15.9511,-0.209433
0.0317362,17.0783,0.181008
1.01747,17.1448,-0.0240577
1.94043,16.9658,-0.334593
2.9844,16.9299,-0.183749
3.94625,16.9727,0.0594714
5.02734,17.0885,-0.0721671
6.00209,16.9631,-0.327241
6.96545,16.958,-0.266298
7.9797,17.0251,-0.452947
8.93685,17.1726,-0.409159
9.94461,17.0572,-0.534156
10.9859,17.0056,-0.347218
11.9732,16.9262,-0.151769
12.9521,17.0289,-0.0666555
13.9945,16.9737,-0.0222571
15.0008,16.9873,-0.141792
16.0477,16.9858,-0.113569
17.0671,16.9274,-0.158553
18.0247,16.8958,-0.435441
18.9558,16.9236,0.0282662
0.0305002,18.096,-0.000219733
1.0367,18.1331,-0.075399
2.08127,17.9285,-0.140779
3.06492,17.9994,-0.0988556
4.08043,18.0062,-0.0543596
5.09507,18.0722,0.0791223
6.11859,17.9418,0.00077517
7.07493,17.9513,-0.201813
8.03015,17.9811,-0.0203284
9.03081,18.131,-0.306635
10.1115,18.0745,-0.419178
11.1187,18.0163,-0.312827
12.0719,17.9082,-0.0591998
13.0773,18.0163,-0.192358
14.0676,18.0109,-0.0449324
15.0829,17.9972,-0.0249184
16.1234,17.9792,0.0154698
17.0994,17.9425,0.0384808
18.0452,17.9427,-0.321522
18.9943,18.003,-0.00257576
-0.0253853,19.0175,-0.329887
1.00078,19.0788,-0.370785
1.99852,18.9318,-0.146858
3.00667,18.987,-0.073516
4.04242,18.9936,-0.214737
5.07207,19.0123,-0.254244
6.13808,18.981,-0.16708
7.16528,18.9525,-0.0649586
8.1381,18.9711,0.116663
9.15159,19.0311,0.0830287
10.0271,19.0538,-0.388589
11.016,18.9718,-0.237828
12.0073,18.9247,0.0655385
12.9908,19.0067,-0.0391888
13.9956,18.97,0.215906
14.9895,18.9896,0.0289163
16.0115,18.9503,-0.0812342
17.0143,18.9978,0.17354
17.9936,18.9582,-0.189178
18.9974,19.0002,-0.126371
