2.87062,2.69117,0.576656
2.89716,3.56693,1.04949
2.51804,4.42019,0.699255
1.49767,4.70134,0.537651
1.45964,5.57992,-0.0616871
1.53974,6.5783,0.066625
1.65171,6.06478,0.944691
1.65781,6.30204,-0.0113773
2.35922,6.89152,0.421241
1.68335,7.52977,0.877108
2.90417,3.68274,0.340761
2.61056,2.73104,0.601785
2.04228,3.56088,0.669008
2.54012,4.4277,0.565368
2.31448,5.04208,-0.181857
1.69954,5.63105,0.441917
1.65526,6.58787,0.0910428
2.45083,6.61184,-0.515778
1.61767,6.38881,-0.0073336
2.2701,6.74248,0.636863
3.80262,4.03382,0.469781
3.4014,3.17393,0.115903
2.87109,3.96793,0.381722
2.74502,4.56359,-0.438014
3.22825,5.43855,-0.547588
2.61523,5.98902,0.0179235
2.45586,6.61625,0.74203
2.69423,5.87358,0.121522
2.26225,6.62969,0.730619
3.17355,6.58026,1.19162
3.36109,3.18545,0.137168
4.17572,2.7587,0.589193
3.63037,3.41225,-0.0317362
3.69814,4.41625,-0.232554
3.8223,4.87453,-1.1011
3.382,5.5337,-0.458382
2.76016,5.78459,0.328373
3.54082,6.41143,0.256035
3.04207,6.12239,1.08842
3.35835,6.35434,0.171392
4.02798,2.53847,-0.280123
4.56226,1.88722,0.283084
3.83007,2.42893,-0.0915983
3.57274,3.39662,-0.23086
3.82398,3.87776,-1.05937
3.14454,4.56663,-0.778048
3.45818,5.29387,-0.209024
4.2953,5.78596,0.0241646
4.02065,6.19338,0.916019
3.40956,7.01299,0.922919
4.78499,3.02219,-0.716944
5.0505,2.07246,-0.567675
4.77055,2.87782,0.000766015
4.3958,3.80073,0.27908
4.64104,4.23527,-0.642601
3.95654,4.7868,-0.180477
4.36523,5.67747,-0.0656575
4.50455,6.55708,-0.585195
4.7953,6.15208,0.290756
4.23752,7.05741,0.398126
5.17113,2.10417,-0.652135
5.73151,2.37194,0.1829
4.95239,2.42265,0.912561
5.04752,3.01176,0.170074
5.3865,3.95135,-0.090173
5.00366,4.86945,-0.135475
5.31708,5.75943,-0.41131
4.95279,6.33762,0.287292
4.5019,6.2974,-0.640397
5.08213,6.98445,-0.177673
5.72143,1.99146,0.209989
6.7112,2.28388,0.0895108
5.76866,2.58127,0.312586
5.84668,3.56183,0.0402966
6.18886,4.52185,0.240538
5.91383,5.14145,-0.497818
6.17087,5.98388,-0.0145177
5.27926,5.71634,-0.39715
5.38025,6.3615,-1.16055
5.97385,6.55444,-0.322459
6.0169,2.91354,0.358867
6.89395,3.25461,0.00854518
5.94347,3.32588,-0.3507
5.88763,4.36757,-0.594528
6.68771,4.96771,-0.524711
6.46697,5.75867,0.0511582
6.9999,6.66188,-0.116431
6.06498,6.44292,-0.584976
5.76457,7.26862,-1.03866
5.30678,7.34776,-0.144752
5.91718,2.47446,-0.549455
6.12432,2.64546,0.448534
6.33775,3.64189,0.531266
6.47272,4.55176,0.202023
6.96944,4.01474,-0.429026
7.19516,5.03004,-0.223917
6.49316,5.79482,-0.191314
6.72149,6.0263,-1.17402
5.89495,6.31253,-0.744276
6.25893,7.03273,-0.115122
