3.23311,4.01034,0.685061
2.49059,4.5996,0.366805
2.90566,3.83088,0.881378
2.46057,4.57313,0.334065
3.25459,5.11389,0.716803
2.6872,5.39282,1.52425
1.98609,6.09403,1.39618
2.89933,5.84873,1.02977
3.17406,6.76146,0.589431
3.60544,7.43687,-0.0435865
3.47152,4.99166,0.883892
3.14295,5.10876,-0.132694
3.13945,4.08383,-0.106021
2.87447,3.7101,0.777071
2.66007,4.54675,1.2912
3.27262,5.10005,0.773577
2.63752,5.90228,0.681396
3.30926,6.64011,0.539439
3.66541,6.97996,-0.357085
2.71199,6.97826,-0.143898
4.22989,4.74176,0.255129
3.88513,5.66024,0.318107
3.6594,4.6996,0.495224
3.87568,3.75322,0.460448
3.4943,4.60422,0.782702
3.48894,4.99,-0.232716
3.58952,5.74116,0.434373
4.29211,6.46716,0.474175
3.64076,7.30558,0.573589
3.72964,6.85553,-0.32841
5.274,4.5162,0.316758
4.78974,5.37566,0.0661611
4.63291,4.55902,0.641493
4.36084,3.89703,1.32535
4.52903,4.46692,0.522831
4.48363,4.97909,-0.350298
3.75093,5.66674,-0.547151
4.58961,5.67951,-0.0142766
4.43686,6.72086,0.257253
3.56912,6.13941,0.331846
5.03057,4.3306,-0.68258
4.25741,4.99026,-0.710685
5.05713,4.95989,-0.142405
4.71647,4.23547,0.462001
4.8984,4.70364,-0.452095
4.99391,4.94859,0.548344
4.64464,5.40841,-0.282632
4.97095,6.2772,-0.698273
4.21339,5.81719,-0.217252
4.38022,6.72035,0.221149
5.32356,3.38355,-0.681396
4.68586,4.09696,-0.937367
4.69749,5.06667,-1.157
4.75544,5.01799,-0.185846
5.51704,4.79331,0.384274
5.45533,5.776,0.219779
4.92739,4.98603,0.581198
5.00959,5.93267,0.204416
4.38755,5.18287,0.559252
4.02603,5.86388,-0.195148
5.02347,3.62977,-1.6001
5.52922,3.61262,-0.710419
5.58001,4.56601,-1.13585
5.75776,4.83125,-0.170586
5.45379,5.76731,0.153407
4.98302,6.08432,-0.67
5.51683,5.66833,0.110898
4.80439,5.10302,-0.350594
5.36892,5.0185,0.493994
5.0201,5.68213,-0.132868
5.90682,4.04635,-1.85251
5.51897,4.61749,-1.09255
6.07653,5.04157,-0.412275
6.65897,4.49937,0.205121
6.22378,5.29124,0.545491
5.63428,6.02802,0.128596
6.36661,5.60869,-0.475576
5.56337,5.35674,-1.04272
5.09744,5.64615,-0.228123
4.31065,5.32653,-0.782153
5.41808,4.79106,-1.33588
5.1684,5.18685,-0.374798
5.70369,5.23824,0.492541
6.6923,5.47492,0.196646
6.91278,5.84852,1.08975
6.61231,5.69841,0.0974487
6.69422,4.74061,-0.0280709
6.56298,5.03804,-0.998593
6.01015,5.78482,-0.585342
5.27121,5.30161,-1.06954
4.62502,4.99713,-0.765456
4.51227,5.99913,-0.594565
4.77663,5.42839,0.175146
5.76927,5.22365,0.0332255
6.45878,5.9432,0.190384
6.07856,5.82665,-0.74702
6.21621,4.82925,-0.91897
6.60117,4.25849,-1.64465
6.01339,4.83876,-1.06123
5.8641,5.36489,-0.180889
