5.70502,-3.99313,5.05262
-6.79253,-20.7657,1.59315
-0.750398,4.45317,-7.01006
21.0331,1.63812,10.2046
8.70433,-3.71198,-10.1006
-7.86914,-6.2449,1.59752
3.99907,6.70525,1.77519
3.34982,10.7352,-3.80666
8.39786,5.82449,-16.7415
2.64289,6.42827,-9.21615
1.91641,-6.87827,2.25336
-1.61847,-11.0445,0.770916
2.96393,-2.27782,-0.731962
11.6708,-0.592224,4.14268
6.79382,-2.20224,-2.09987
-0.514969,-2.70391,0.0413953
1.6929,2.7278,-0.563124
2.35221,6.35667,-3.81575
2.77997,6.46325,-8.39024
-3.26665,6.92457,-1.81981
1.63934,-3.63825,0.0440199
0.79873,-6.21301,0.458931
3.89046,-3.40134,1.0862
7.50768,-1.59251,2.38971
5.19507,-1.14631,0.451677
2.06261,-0.188394,0.539131
2.0682,2.91227,0.216395
1.90027,5.63584,-1.03113
1.39006,7.48938,-2.835
-0.881817,8.6344,0.337385
1.93424,0.103269,-1.76482
1.88749,-1.9275,-0.365102
3.64473,-1.00261,0.796423
5.32417,-0.495462,1.89798
4.13548,0.456642,1.80464
2.56762,1.83423,2.04168
2.18821,4.0906,1.96056
1.88021,6.36725,1.83015
0.976437,8.59012,2.08138
-0.773717,10.6817,4.45911
2.24672,4.0009,-3.87906
2.66417,2.14596,-1.19171
3.57974,1.55419,0.825129
4.41495,1.3131,2.32461
3.70427,1.80146,3.44109
2.73428,3.03247,3.79598
2.43163,4.88365,3.8751
2.16164,6.92849,4.59782
1.36683,9.07825,6.50698
-1.63878,13.4819,8.78846
2.25438,7.85035,-6.87637
3.61478,5.75434,-0.689114
4.31422,3.67801,1.6397
4.33007,2.82917,3.63232
3.68485,2.66581,5.25842
2.75717,3.52334,5.86197
2.89209,4.76007,5.61044
3.50172,5.70143,5.98466
4.83682,4.89709,7.14951
8.1084,0.812403,7.87051
0.209217,15.6192,4.87898
4.78853,5.05032,5.6195
5.57881,3.05108,4.15907
4.56663,2.94982,5.81694
3.54671,3.10244,7.53986
2.56861,3.76091,7.93963
3.2735,4.57206,7.36788
4.67107,4.53315,7.03779
6.33496,3.263,7.59618
8.4985,1.1027,8.35175
14.219,-16.5338,13.1933
9.4354,-5.39688,8.23916
7.64172,1.12879,4.7742
4.90952,2.983,7.8271
2.96901,3.34157,10.0637
2.20752,3.94782,9.97108
3.04817,4.53082,9.11482
4.32448,4.8773,8.23742
5.42577,5.02646,7.0595
5.94438,6.35174,5.22235
1.52492,-9.61243,-4.03271
8.58359,-4.34686,1.73976
7.28849,7.02362,0.103732
2.37651,4.78655,10.1371
1.35484,3.77778,13.0388
1.66338,3.90313,12.0185
2.64866,4.53975,10.7835
3.84956,5.26609,9.52074
5.13134,6.13599,8.30477
6.57606,7.31796,7.49352
8.70272,-10.3869,0.947365
15.9172,-11.5408,6.05955
10.0463,17.322,-9.13826
-2.68354,3.13884,20.0739
-0.434941,3.39882,16.5722
0.825053,3.73635,14.2215
2.02466,4.29091,12.3983
3.23544,4.99615,10.8418
4.40811,5.86525,9.50609
5.52488,6.62869,8.50573
