0.0693075,-0.0360302,-0.155614
0.956679,-0.0257241,0.236625
1.95944,0.000460829,-0.0315714
2.98918,-0.00129704,0.151027
4.04828,-0.00670492,0.0563829
5.09815,-0.00611286,-0.0289529
6.07254,-0.040907,-0.243025
7.05974,-0.012302,-0.233134
8.01,0.0312571,0.072042
9.02,0.0174383,0.100003
10.0713,0.0101199,0.0674093
11.116,0.0183111,0.0468642
12.1453,0.00960112,-0.143883
13.0971,-0.00483718,0.301392
14.0577,0.0632344,-0.0181158
15.0257,0.0408979,-0.0207556
16.0594,0.037843,0.0779138
17.0407,-0.0529832,-0.192312
17.9578,0.0156774,0.267144
19.0163,0.020481,0.25963
0.0676565,0.984457,-0.0730644
1.02889,1.03988,0.272268
1.92314,1.05329,-0.0935484
2.94559,1.02733,-0.04944
3.9838,0.995242,0.0301126
4.99118,1.01183,-0.136189
5.99538,0.912915,-0.0661
7.04207,1.04098,-0.184539
7.99961,1.0099,0.0184423
8.98885,1.00244,0.227152
9.98004,0.995416,0.199622
10.9974,1.01676,0.0296274
12.0217,0.971859,0.0933897
13.0445,1.03851,0.0867061
14.017,1.06018,0.00440992
15.0371,1.06764,-0.0770623
16.0355,1.02997,0.0438032
17.0126,0.969994,-0.235292
18.0163,0.955528,-0.0665548
18.9862,1.00466,0.0948149
-0.012363,1.96403,0.0257057
0.989569,2.03055,0.165954
2.00048,2.0208,-0.033137
3.03018,1.97679,0.129453
4.03883,2.02872,0.247414
4.95053,2.02271,-0.171981
5.91163,1.90815,-0.351827
6.93132,2.02655,-0.341078
7.99158,2.04906,-0.24073
8.97832,1.95544,-0.0684988
9.97684,1.94324,-0.0170537
10.9832,2.03588,-0.215088
11.9789,1.99382,-0.110733
12.9834,2.02521,-0.164483
13.9962,2.0357,-0.219852
14.9542,2.03581,0.0348094
15.9562,2.04781,0.0895383
17.0096,1.94059,0.0691366
18.0278,1.9561,0.160884
18.9841,2.03769,0.0250404
-0.0226264,3.02335,0.186071
0.966173,3.06073,0.0314951
1.9034,3.01286,-0.312833
2.93849,2.92544,-0.155763
4.00475,2.93465,-0.18186
4.98596,3.05856,-0.193091
6.01194,2.87886,-0.162191
7.01894,3.01704,-0.418693
7.98873,3.07385,-0.275085
8.95073,2.99353,0.0476241
9.97974,3.0218,0.101038
10.9678,3.07032,-0.161812
11.968,2.98139,-0.196213
12.9411,3.04891,-0.267766
13.9554,3.09848,-0.36418
14.8456,3.10633,0.0391522
15.8543,3.02342,0.249785
16.8638,2.97715,0.195489
17.9035,2.9784,0.0434065
18.9339,3.04133,-0.0987579
0.00467849,4.0409,-0.133723
1.01105,4.08996,-0.117426
1.99559,4.00267,-0.129075
3.01986,3.96972,-0.137834
4.05958,3.92362,-0.0602466
5.05105,4.0089,0.163289
6.10435,3.93257,-0.100656
7.09583,3.99342,-0.151161
8.08426,4.11309,-0.310599
9.0813,4.06093,0.0329508
10.0647,3.98386,-0.10286
11.0772,4.09123,-0.13101
12.0988,3.99421,-0.195294
13.0623,3.99378,-0.579391
13.9208,4.11153,-0.0831812
14.8907,4.12261,0.140046
15.8791,4.02857,0.0415723
16.9653,3.95822,0.0682241
17.9907,3.9869,0.130107
18.9552,4.077,-0.11507
-0.0128666,5.08124,-0.0489761
1.02109,5.07434,-0.0352824
2.01318,4.99291,-0.0349376
3.07952,5.01491,-0.0413984
4.0958,4.93511,0.044438
5.14736,4.99766,0.17445
6.11875,4.92959,-0.185443
7.11211,5.01539,-0.235316
8.06958,5.12234,-0.550627
9.00079,5.0431,-0.214136
10.0041,4.96605,-0.268847
11.0306,5.08306,-0.458489
12.049,5.06082,-0.190533
13.0738,4.95422,-0.333164
14.0434,5.12077,-0.157048
15.0483,5.13445,0.0839625
16.0655,5.02716,0.0052736
17.0712,4.93195,0.22819
17.9788,4.9513,-0.242381
18.9708,5.09507,-0.0612568
0.000412,6.11312,-0.0501755
1.03291,6.06905,-0.0174749
2.03661,5.98986,-0.185598
3.0513,5.98162,-0.322303
4.06256,5.8743,-0.197443
5.0741,5.96494,-0.246544
6.11559,5.93746,-0.243944
7.13808,5.98086,-0.0468368
8.17735,6.03962,-0.160085
9.14232,6.07909,-0.119275
10.1125,5.98792,-0.347459
11.116,6.05534,-0.280349
12.1882,6.01315,-0.394311
13.2286,6.00249,-0.318543
14.0899,5.99958,0.284841
15.0615,6.13656,0.222571
16.0431,6.01053,0.135679
17.0285,5.92938,-0.102252
18.06,5.9864,-0.221317
19.017,6.09344,-0.243892
0.00573443,7.10303,0.14424
1.0136,7.07205,-0.0309915
1.97046,6.96642,-0.283364
2.99403,7.0227,-0.248424
4.0036,6.86993,-0.357363
5.03831,6.95936,-0.240574
6.08941,6.9384,-0.366463
7.11792,6.97673,-0.133909
8.11819,7.02634,-0.40365
9.12801,7.0724,-0.363268
10.1054,6.98805,-0.230107
11.0658,6.99028,0.0949767
12.0813,6.9436,-0.054033
13.1003,7.03236,-0.197916
14.0153,7.0344,0.191772
14.9876,7.05954,-0.159487
15.9967,7.01625,0.0407514
16.9952,6.95129,0.0907559
17.9883,6.99686,-0.145228
18.9884,7.08221,0.087405
0.0441847,8.10409,0.265786
1.0688,8.03359,0.05786
2.01386,7.93717,-0.402304
2.99142,7.99057,-0.107498
3.99948,7.88015,-0.0318949
4.97324,7.96619,-0.319434
5.9745,7.92816,-0.0431806
7.00144,8.01573,-0.104633
8.01159,8.02831,-0.188418
9.0963,8.03742,-0.171972
10.076,7.90935,0.197165
11.025,8.03302,0.0934507
12.0136,7.9242,0.248512
13.064,8.01907,0.163451
14.0612,8.03827,0.217682
15.0728,8.02798,-0.051088
16.1048,8.03583,-0.0944823
17.0643,7.94727,0.0811823
18.0796,7.96396,0.08623
19.0389,8.08142,0.285522
0.0144902,9.06276,-0.0544328
1.0053,9.02238,-0.146437
1.96649,8.9395,-0.398477
2.96185,9.04696,-0.23488
3.99232,8.91273,-0.00320444
5.01191,8.94272,-0.116602
6.07043,8.94337,-0.0366619
7.0722,9.00422,-0.085876
8.0711,9.08394,-0.270858
9.02546,8.99981,0.0745231
10.0824,8.92836,0.0275918
11.137,9.04669,0.028901
12.0914,8.945,0.402673
13.053,9.00079,0.0041139
14.108,8.97711,-0.21601
15.0725,9.02843,0.121946
16.0554,9.07183,0.226106
17.0609,8.96785,0.200339
18.0029,8.87836,-0.213785
18.9723,9.01667,-0.11778
-0.0214301,10.0549,-0.196307
1.03847,10.0368,-0.201679
2.04652,9.93698,-0.196692
3.04,10.0469,-0.0445753
4.06383,10.0141,-0.0154912
5.02638,9.92441,-0.296744
6.00452,9.96009,-0.0498306
7.04489,10.0159,-0.141832
7.99704,9.9776,0.15316
8.98987,10.0132,0.21088
9.96884,9.92757,0.103494
11.0192,10.0575,0.14933
12.0204,9.96266,0.296426
13.0046,10.0324,-0.0481796
13.9827,9.90804,0.15728
14.9924,9.9995,-0.0170141
15.9999,10.0449,0.284518
17.0066,9.99523,0.148357
18.0199,9.91188,-0.0436842
18.9887,9.97664,0.140217
0.0208502,11.048,-0.0171026
1.08127,11.0879,0.0185797
2.04197,10.9859,-0.163668
3.07349,11.0276,-0.238548
4.1175,11.0533,-0.0512375
5.11358,10.9426,-0.199872
6.08996,10.8973,-0.317661
6.9965,10.9966,0.128666
7.99275,10.9785,0.175683
8.98809,11.0151,0.130241
9.98378,10.9659,0.131288
10.9658,11.1168,0.159032
11.9378,10.9727,0.118348
12.9665,10.9588,0.331526
13.9586,10.9247,0.205985
14.9542,10.9969,0.169234
15.995,11.0692,0.232969
17.0165,11.0534,0.172649
17.9747,10.9297,0.176748
18.9896,10.969,0.279232
0.0352672,12.0435,0.08464
1.00027,12.0851,0.0362316
2.03672,12.0551,-0.182513
3.04422,12.0596,-0.268807
4.06814,12.0265,-0.303778
4.98386,11.931,0.081164
5.9785,11.9286,-0.189706
7.00249,11.9538,-0.177633
7.97041,11.9956,0.152205
8.96978,12.0653,0.277032
9.99645,12.0138,0.113382
10.9806,12.1255,0.294079
11.9817,11.9901,-0.0181249
12.935,11.9848,0.31785
13.9712,11.9419,0.147114
14.9557,11.9727,-0.127311
15.9602,11.9993,-0.0861507
16.9245,12.0362,0.00350658
17.9746,11.95,0.0913511
19.0143,11.9607,0.221641
-0.058272,13.0835,0.232325
0.938383,13.1133,0.099527
1.96736,13.1131,0.0213691
2.97435,13.064,-0.0906034
4.01184,13.022,-0.0895535
5.07578,12.962,-0.167193
6.09964,12.9316,-0.0937162
7.10175,12.9481,0.0768853
8.09077,12.9931,-0.121174
9.12175,13.0363,-0.0828852
10.1108,13.0222,-0.0874081
11.0841,13.0943,0.0816279
12.0537,12.9664,0.230982
13.0785,13.0107,0.142314
14.0686,12.911,0.232231
15.0471,12.9552,0.00178838
16.0476,13.0532,0.125916
17.053,13.0704,0.119907
18.0019,12.9571,-0.223634
18.9741,12.9076,-0.0851405
0.0412122,14.0126,-0.0977386
1.04135,14.1336,-0.0903317
2.08894,14.1411,0.0216041
3.11188,14.0423,0.00213324
4.13121,14.0061,-0.0757775
5.11861,13.9973,-0.144993
6.14574,13.948,0.140025
7.18062,13.9359,0.0557848
8.22468,14.0379,0.0613544
9.23029,14.0181,0.0724235
10.2347,14.0366,0.0240516
11.2407,14.0568,0.364791
12.1434,13.9493,-0.045323
13.2079,13.9513,-0.185702
14.0824,13.9647,0.258367
15.081,13.9613,0.310627
15.9941,14.0303,-0.101755
16.9865,14.0853,-0.0935362
18.0027,13.9805,0.0520432
18.9883,13.95,0.075692
0.0333872,14.9792,0.179589
1.06176,15.1414,0.117982
2.05026,15.103,0.298025
3.02439,15.0633,-0.00655843
4.08095,15.0593,-0.01095
5.15247,15.0155,-0.0387341
6.18945,14.9976,-0.0104251
7.13647,14.9472,0.14955
8.14208,15.0279,-0.000924711
9.16118,14.999,0.109992
10.1449,15.0617,-0.176672
11.1347,15.0572,-0.00930509
12.1147,15.018,0.161147
13.09,14.9581,-0.144035
14.0809,14.989,0.132008
15.0877,14.9738,0.419358
15.987,15.0628,-0.156227
16.9845,15.0853,-0.0189093
17.9749,14.9477,-0.125697
18.9724,14.934,0.0908994
-0.0164525,16.0572,0.333027
0.990847,16.0565,0.442973
1.95037,16.0929,0.120612
3.01269,16.0484,0.0331065
4.0809,16.0682,0.0500259
5.12594,15.9898,0.25992
6.09521,15.9705,0.0570605
7.07408,15.9587,0.082046
8.09013,15.9936,0.24358
9.13444,16.0414,0.238054
10.0809,16.0643,0.0127659
11.1297,16.1137,0.0116764
12.1005,15.9922,-0.127979
13.1099,15.9662,-0.40271
14.0581,15.9637,-0.0223884
15.0597,15.9782,0.203592
15.9539,16.1185,-0.186728
16.9348,16.0866,-0.0243171
17.9221,15.9568,-0.00392163
19.0082,15.9204,-0.064452
0.0139866,17.0509,0.193167
0.989764,16.9389,-0.0549577
2.00663,17.1136,0.0695761
2.97873,17.0536,-0.0140233
3.9432,17.009,0.438029
4.98585,16.9939,0.109275
5.99773,16.9663,0.220212
7.02849,16.9479,0.0812708
8.03752,17.0108,0.297241
9.07382,16.9912,0.199814
10.0881,17.0765,0.130555
11.1476,17.1199,0.01442
12.1194,17.005,-0.243019
13.1129,17.0048,-0.238874
14.1144,16.9763,-0.0454237
15.0395,16.95,0.326862
15.9698,17.1258,0.0290231
16.9431,17.1102,-0.191803
17.9197,16.9705,0.0792657
18.9544,16.9525,-0.0631367
0.0289346,18.0243,-0.0655324
1.03536,17.9649,-0.121256
2.02579,18.1365,0.0371502
3.0659,18.0533,0.0401929
4.04069,17.982,0.0889767
5.06632,18.0308,0.0385479
6.04283,17.9706,0.298901
7.04597,17.9842,0.035963
8.10239,18.0469,0.178646
9.09543,18.007,0.195462
10.056,18.0244,-0.187976
11.0331,18.0794,-0.352388
12.0093,18.0128,-0.155794
13.0325,18.0238,-0.144038
13.9785,17.978,0.139579
14.9623,17.984,0.295901
15.9724,18.1217,0.336726
17.0095,18.032,0.257518
17.9649,17.9765,-0.147069
18.9887,17.9613,-0.00983306
-0.0218543,18.9977,0.0105991
1.04908,18.9222,-0.0951506
2.00974,19.0476,-0.335963
3.02959,19.0138,-0.196298
4.09558,18.9867,-0.0427076
5.08133,19.0192,0.205853
6.08348,18.9932,0.120112
7.08401,19.0022,0.125437
8.0843,19.0094,0.209653
9.04057,18.977,0.00848109
9.98721,19.05,-0.283169
11.0804,19.0574,-0.488458
12.0751,19.036,-0.387481
12.9566,18.9785,0.0868679
14.0092,18.9984,0.0489517
15.0324,18.9954,-0.0536149
16.0223,19.0215,-0.142409
16.9771,19.0179,0.128541
17.9644,18.9862,-0.0148473
18.9677,19.0146,-0.0491592
