0.0458052,-0.0129246,-0.0603992
1.03896,0.00624714,0.0628346
1.99615,-0.0245491,-0.244349
2.98565,0.0447859,-0.198044
3.96656,-0.0133793,-0.0401196
4.98762,0.0117771,-0.1845
6.00273,-0.0124363,-0.0176855
7.03325,0.00539872,0.0303018
8.00766,-0.0113468,0.159777
8.9973,-0.0131443,-0.0387188
9.98744,0.0094882,0.153255
11.0115,0.0199896,0.0933561
12.013,0.0282266,0.136665
13.0008,-0.00388806,-0.00287484
14.0599,0.00708029,-0.0479324
15.0211,-0.0604236,0.267284
15.9709,0.00123905,-0.0173467
16.9677,0.0178991,-0.243071
17.9321,0.0202795,-0.0190466
18.9632,0.0060152,-0.0200598
0.0335032,1.0127,-0.131645
1.0341,1.00872,0.204465
2.00917,1.01659,-0.160475
3.02739,1.06494,-0.299426
4.00669,1.01059,0.148445
5.01227,1.05195,-0.0416028
6.01149,1.00676,0.00335093
6.96613,0.977596,-0.218155
7.98063,0.952599,-0.0649678
8.95934,0.998773,0.11561
9.97956,1.04204,0.15818
10.9038,0.947978,-0.318491
11.9128,0.988638,-0.219462
12.9306,1.01075,-0.161724
13.9644,1.01403,-0.207312
15.0011,0.918302,-0.132224
16.0153,0.978765,-0.287082
17.0327,1.06335,-0.1751
18.0006,1.04363,-0.0187658
19.0085,0.995196,0.0754967
0.0253151,2.07953,-0.137007
0.975738,2.01953,0.247896
1.98568,2.01642,-0.016776
3.00785,2.02754,0.00445265
4.0302,1.99344,0.0421827
5.04737,2.06942,-0.209409
6.01482,2.02975,0.216419
7.02289,2.00176,0.0583178
8.06193,1.99938,0.017951
9.05473,2.01089,0.0465377
10.0564,2.04421,-0.019599
11.055,1.93703,-0.153139
12.024,1.95074,0.0997406
13.007,2.00152,-0.112824
13.9956,2.08539,-0.216913
15.0227,1.94362,-0.215348
16.0291,2.05515,-0.331397
17.0353,2.08585,-0.148598
18.0557,2.12291,-0.00314951
19.0413,2.07796,0.0786187
0.0283242,3.10485,-0.180587
0.988067,3.01962,0.177886
1.98118,3.04567,0.0591144
2.95981,3.03249,-0.0998413
3.95947,3.03667,0.0197119
4.99868,3.02686,0.276266
5.87955,2.94924,-0.209464
6.89294,3.0156,-0.154598
7.91942,2.96668,-0.207425
8.99459,2.9599,-0.238264
9.97131,3.01802,-0.407447
10.9361,2.96304,-0.193902
11.9989,3.01414,-0.0511093
12.9871,3.00521,0.164824
13.9745,2.97758,0.243587
14.9306,2.97916,-0.0888943
15.9734,3.06648,-0.1743
16.9578,3.07123,-0.269048
18.029,3.03113,-0.397049
18.9803,3.05761,-0.146409
0.0146184,4.10911,0.0303232
0.97633,4.06285,0.262325
1.99581,4.05818,0.458266
2.97933,3.99268,0.219105
3.95152,4.09415,0.0307901
4.93712,4.0834,0.0585314
5.94493,3.9302,0.0679006
6.97464,3.95659,0.259642
7.96174,3.93518,0.0720359
9.01683,3.87705,0.221754
10.0111,3.90612,0.077044
10.9762,3.97031,-0.268795
11.9343,4.03529,-0.0608356
12.979,4.03511,-0.0288186
13.9462,3.99365,0.284207
14.9889,3.97366,0.192651
15.9939,3.9717,0.296869
17.0455,4.0138,0.166823
18.0448,3.98599,-0.0306436
19.0166,4.04787,0.181814
0.0040376,5.10441,0.18273
1.00206,5.0339,0.276815
1.9549,4.95094,0.00719016
2.98217,5.01559,0.0700674
3.98549,5.14512,0.0544603
4.97225,4.99953,0.372411
6.00748,4.95481,0.0698141
7.01732,4.92975,0.123054
8.00516,4.95101,-0.0968902
8.9693,4.89153,0.215458
10.0005,4.93258,0.134877
10.9926,4.94243,-0.146956
11.9699,5.0413,0.190393
12.9353,5.0234,-0.151332
13.9258,5.01612,-0.0151097
14.9213,4.95421,0.158666
15.9159,4.9673,0.0108158
16.9729,4.98383,-0.197272
17.9606,4.9816,-0.170003
18.9662,5.12797,0.0671407
-0.0035493,6.04889,-0.112012
0.958461,5.91019,-0.217832
1.99934,5.94354,-0.11999
2.85961,6.00918,0.41775
3.85093,6.13026,0.402994
4.90937,5.9928,0.372002
5.92812,5.94098,0.327488
6.93578,5.89438,0.32515
8.02164,5.9254,0.250316
9.01368,5.91353,0.14304
9.94108,5.87499,-0.332456
10.948,5.95369,-0.308209
11.9535,5.99938,-0.149208
12.9245,6.03628,-0.0851039
13.9149,6.006,-0.238432
14.8804,5.93425,-0.0285653
15.9373,5.94749,0.110907
16.8954,5.96715,-0.12635
17.9379,5.94109,0.139775
18.9781,6.08574,-0.13737
-0.00791955,7.05839,0.107697
0.974169,6.8969,-0.210022
1.913,6.98591,-0.101791
2.91056,6.95398,0.0983306
3.94957,7.14256,0.324717
4.97653,7.02116,0.346248
5.92829,6.92007,0.0845302
6.93495,6.89403,0.118812
7.93656,6.86803,-0.145585
8.99726,6.92396,-0.0234901
9.91796,6.91146,-0.37148
10.9487,6.96884,-0.431101
11.8871,6.97563,-0.0656392
12.9143,6.99358,-0.377132
13.9523,7.00742,-0.221583
14.9723,6.95569,0.0707083
15.9892,6.986,0.150581
16.98,6.9991,-0.0494278
17.9443,7.00679,0.0875271
18.9848,7.0738,-0.0100131
0.0113529,8.02528,-0.236171
1.01426,7.92301,-0.123035
2.05195,8.01765,-0.257503
2.98878,7.95671,0.0590838
3.92424,8.17851,0.418653
4.90982,8.03338,0.178491
5.90667,7.93125,0.0656362
6.94165,7.91377,0.058037
7.97971,7.80939,0.144389
8.91167,7.87133,-0.231373
9.91318,7.94236,-0.489453
10.8694,7.92364,-0.051735
11.8889,7.94933,0.216858
12.9052,7.98032,0.0037019
13.9645,7.92772,0.156709
15.0011,7.91972,-0.0794122
15.9649,7.97259,0.0368633
16.9913,8.00278,0.022425
18.0229,8.02948,0.174026
19.0098,8.0907,0.179809
-0.0791528,9.05138,-0.46625
0.923951,8.97559,-0.145973
1.98372,8.98808,-0.172793
2.97315,8.94638,-0.119425
3.99911,9.03033,-0.0954527
5.01108,8.97915,-0.191858
5.98467,8.94414,-0.112876
6.98399,8.87379,-0.143608
8.03939,8.87903,0.0212409
9.07201,8.86484,-0.225767
10.1196,8.92423,-0.447832
10.9913,8.91372,0.0252113
12.0439,8.96318,0.206446
12.992,8.9634,-0.102481
14.0072,8.97179,-0.0714469
14.9855,8.97601,-0.12642
16.0173,8.98203,-0.0414167
17.0187,9.01018,-0.040083
18.0063,8.98841,-0.1331
19.0239,8.97073,-0.327238
0.00360729,10.0206,-0.166192
0.994116,10.0331,-0.258211
2.02398,9.99601,0.0131016
2.99381,9.94279,-0.16227
3.94043,10.0122,0.0665853
4.96479,9.93402,0.117664
6.02236,9.92743,-0.0303751
7.00804,9.89559,-0.323762
7.95306,9.88684,-0.0202338
8.95719,9.90403,-0.2571
10.0123,9.88133,-0.0396649
11.0301,9.94794,-0.135224
12.0245,9.94436,0.0676931
13.0427,9.95386,0.121802
14.0399,9.94827,-0.0123295
15.013,10.0034,-0.252715
15.9372,10.015,0.141786
16.9933,9.99984,0.0734214
18.0461,9.95887,0.239308
19.0226,9.93262,0.0232215
-0.033961,11.0458,-0.229664
0.986618,11.0625,-0.132752
1.95748,10.9326,-0.344896
3.00871,10.9242,-0.341426
3.93449,11.0128,0.0429243
4.93996,10.9123,-0.114164
5.9024,10.8909,-0.413742
6.8995,10.9189,-0.364718
7.85235,10.8619,-0.0422926
8.88697,10.8813,0.0312326
9.93074,10.9456,-0.0973174
10.9263,10.9183,-0.0657735
11.937,10.9138,0.0619037
12.9509,11.017,0.156087
13.9457,10.9574,-0.0576006
14.9662,10.9955,0.0746391
16.0049,11.0156,-0.00102847
17.0238,11.0217,0.059093
18.0419,10.9513,0.178292
19.0422,10.9294,0.232423
0.00194098,12.0361,-0.0221747
0.966088,12.0398,-0.158257
1.96821,11.9327,-0.206668
2.94685,11.985,-0.210218
3.97407,11.9763,-0.218421
4.94823,11.9311,-0.13376
5.9411,11.9239,-0.355364
6.93823,11.8873,-0.175271
7.87441,11.8957,0.029725
8.87132,11.8629,0.238539
9.84597,11.9815,-0.0296884
10.8646,11.9623,-0.0806238
11.8733,11.9362,0.117429
12.9137,12.0054,0.223649
13.8864,11.959,0.0108829
14.9542,11.9926,-0.0783258
15.9455,12.0823,-0.0763848
16.9529,11.9766,-0.222663
17.9139,11.9206,-0.00777917
18.9157,11.9073,0.0693991
-0.00563677,13.0176,-0.226859
0.99002,13.0782,-0.272951
1.94911,12.9085,0.0904141
2.98362,12.9871,0.0852474
3.95043,12.9843,-0.203885
4.95083,12.9695,-0.0511917
5.97397,12.9258,-0.287661
7.00524,12.8832,-0.31698
7.99046,12.9054,-0.0906583
8.89268,12.8962,0.310547
9.88747,12.9774,0.00036317
10.9246,12.9727,0.0752098
11.9717,12.9506,0.152736
12.959,12.9883,0.319245
13.9546,13.0115,0.10586
14.9754,12.9974,0.13668
15.9242,13.0806,-0.0749138
16.936,12.9591,-0.163189
17.9362,12.9194,-0.0844081
18.9841,12.9377,0.103406
0.0358379,14.0256,-0.359383
1.03625,14.0737,-0.191223
2.05351,13.9371,0.0282937
3.02343,14.0513,0.155824
4.01292,14.0299,-0.0233619
4.98111,13.916,-0.49664
5.8753,13.9297,-0.0702322
6.89181,13.8662,-0.158303
7.87027,13.9455,-0.0456038
8.88851,13.9034,0.0148686
9.93116,13.9301,0.256868
10.9382,14.0052,0.116575
11.9387,13.9672,0.355449
12.9869,13.9795,0.377859
13.9488,14.0658,0.134391
14.9443,14.0345,0.255916
15.9359,14.0789,-0.00760521
16.8993,14.0878,-0.204163
17.9431,13.9919,-0.0183935
18.9926,13.9303,-0.303952
0.0477798,15.0081,-0.0326609
0.971001,15.0819,-0.36513
1.98343,14.9287,-0.260131
3.0021,15.0652,-0.156514
4.0006,15.0065,-0.238972
5.05918,14.9202,-0.30752
5.96477,14.9067,0.0570055
6.96665,14.874,-0.0387219
7.97224,14.9802,0.0883908
8.96697,14.9397,0.0353893
9.91784,14.9397,0.291928
10.9183,15.0002,0.446989
11.922,14.9419,0.149617
12.8744,15.0156,0.357591
13.9157,15.1004,0.271493
14.9319,15.0684,0.281784
15.9512,15.0726,0.194592
16.9602,15.1089,0.097647
17.9685,15.0128,-0.142598
18.9634,14.9012,-0.155391
0.0157201,16.0192,-0.214725
1.01447,16.0726,-0.241044
2.03249,15.9706,-0.239921
2.94679,16.038,0.148689
4.01103,16.0339,0.00916471
4.94354,15.9209,-0.334095
5.90941,15.9374,-0.0379833
6.90949,15.899,0.0803827
7.94679,15.976,-0.0357311
8.95537,15.9483,0.092468
9.95571,15.9226,0.284088
10.9078,15.9935,0.579577
11.907,15.9755,0.280264
12.8903,16.0177,0.152657
13.9096,16.0545,-0.00390332
14.9215,16.056,0.12205
15.9648,16.0476,-0.0748711
17.01,16.1094,0.0809015
18.0096,15.9928,-0.0580157
19.0252,15.9145,-0.281606
-0.000921659,17.0078,-0.180657
1.01132,17.0689,-0.0568957
2.03317,16.899,0.173168
3.02071,17.008,0.232282
4.0104,17.0142,0.327363
4.9192,16.9095,-0.177694
5.98099,16.91,-0.156615
6.95437,16.957,0.0924894
7.96299,17.0018,0.067983
9.02736,16.9892,0.0192022
10.0434,16.9342,0.378213
11.0327,16.9779,0.35121
12.0674,16.9619,0.533805
13.0279,17.0208,0.22877
14.0265,17.0499,0.0320109
14.9947,16.9914,-0.167513
15.9837,17.0459,-0.0428541
16.9849,17.1028,0.00291757
17.9679,17.0052,0.0143956
18.9809,16.9712,-0.235453
0.0303232,18.0012,-0.26429
1.06199,18.0841,-0.0457533
2.07397,17.9143,-0.101477
3.07868,18.0062,0.0723838
4.09461,17.9966,0.0673513
5.02729,17.9196,-0.280102
6.06694,17.9324,-0.0685629
7.12967,17.9898,0.0232521
8.1134,17.9865,-0.174935
9.1116,17.9601,0.101502
10.1237,17.9319,0.167098
11.1893,17.9745,0.391382
12.22,17.9266,0.437275
13.1598,18.0445,0.20556
14.0715,18.009,-0.237999
15.0779,18.0473,-0.174166
15.9569,18.015,0.271197
16.9669,18.1113,0.0760338
17.9403,18.0018,0.17033
18.9469,17.9911,-0.156526
0.00405591,18.9803,-0.0894284
1.00525,19.0729,-0.332771
1.94472,18.9785,-0.0237922
2.96638,19.0228,0.12053
4.01823,19.0184,0.0495407
5.0446,18.9291,0.0281991
6.04223,18.9286,0.0964537
7.0575,19.021,-0.141453
8.07422,19.0609,-0.418381
8.99695,18.9566,0.121766
10.0136,18.9941,0.08352
11.0498,18.9941,0.186166
12.0968,18.946,0.135337
13.0379,19.024,-0.194864
14.0653,19.0227,-0.146318
15.0554,18.9878,0.186886
16.1079,18.9818,0.106302
17.066,19.0855,0.365432
17.9759,19.0018,0.0345592
18.9987,18.9912,-0.0239937
