-0.279348,1.29987,-0.801904
-0.0266213,1.68529,0.0991577
-0.0452467,2.68829,0.337822
-0.0656911,3.65186,0.106842
-0.255416,4.64669,-0.0175726
-0.211863,5.63707,-0.131959
-0.171844,6.61452,-0.423798
-0.192822,7.6304,-0.30734
-0.124909,8.65218,-0.504736
-0.28081,9.52932,-0.965743
-0.117414,10.5366,-0.957802
-0.1789,11.4738,-0.523423
-0.291723,12.427,-0.748042
-0.241319,13.3528,-1.07971
-0.2107,14.3501,-1.20359
-0.272738,15.3472,-0.984826
-0.269292,16.3031,-0.650755
-0.347484,17.1795,-0.167388
-0.179916,18.1593,-0.0678335
0.0829615,19.103,-0.222614
0.0847468,20.0737,-0.173666
-0.238255,21.0172,0.0110019
-0.128822,21.9965,-0.161586
-0.135276,22.8972,0.255916
-0.116074,23.8692,-0.0302255
-0.241298,24.7587,0.415192
-0.11742,25.6706,0.0293985
-0.0174963,26.5984,-0.363564
-0.2211,27.5475,-0.490249
-0.262123,28.5549,-0.538932
0.661855,1.60939,-0.862209
1.01852,1.8805,0.0528306
0.945576,2.88504,0.144929
0.896866,3.86526,-0.230036
0.799664,4.85535,-0.0141179
0.821125,5.84573,-0.149382
0.849171,6.82988,-0.422858
0.861684,7.8014,-0.297684
0.887765,8.79868,-0.487857
0.796701,9.56748,-1.11661
0.958452,10.6072,-0.919559
0.868816,11.5801,-0.658141
0.771957,12.5309,-0.848405
0.763857,13.5424,-0.944844
0.786493,14.4088,-1.41144
0.701962,15.4424,-1.26209
0.761599,16.2487,-0.71814
0.576122,17.2302,-0.591107
0.864852,18.1103,-0.148466
1.07944,19.091,-0.155687
1.11572,20.0677,-0.223795
0.788195,20.8879,0.224201
0.839656,21.9268,0.014655
0.893313,22.9432,0.190545
0.86733,23.8752,-0.101877
0.705136,24.8364,0.0626179
0.880428,25.8561,0.204431
1.05479,26.7224,-0.228053
0.75023,27.6536,-0.160949
0.759026,28.6145,-0.392505
1.7182,1.82317,-0.874725
2.02828,1.99427,0.0283853
1.92303,3.00886,-0.153069
1.91086,4.03775,0.0404004
1.87833,5.01375,-0.0878842
1.91754,6.04104,-0.0851314
1.89953,6.98237,-0.460695
1.95311,7.95566,-0.299454
1.91823,9.0076,-0.497742
1.91227,9.79851,-1.09622
2.01437,10.8003,-0.856862
2.00483,11.7998,-0.604993
1.78153,12.6077,-1.15491
1.87111,13.5885,-1.13971
1.79204,14.4861,-1.67132
1.73653,15.4477,-1.38332
1.77844,16.2967,-0.853661
1.56255,17.2111,-0.415058
1.88519,18.1392,-0.114566
2.06014,19.1293,-0.33217
2.13345,20.1034,-0.208145
1.8465,20.9333,0.273162
1.85372,21.8811,-0.0113926
1.8955,22.972,-0.0439802
1.87604,24.0072,0.0712638
1.64394,24.8737,-0.384515
1.8968,25.7676,0.0302622
2.08094,26.7459,-0.105631
1.7552,27.6519,-0.23773
1.79158,28.5883,-0.566185
2.78627,1.88872,-0.990017
3.06683,2.27437,-0.0770196
2.9088,3.26999,-0.220499
2.92864,4.2075,0.206162
2.89897,5.14306,-0.238734
3.00157,6.14916,-0.294668
2.92338,7.14974,-0.390814
2.9536,8.16092,-0.288049
2.96006,9.16026,-0.559633
2.97925,10.066,-1.01054
2.99008,11.0609,-0.984106
3.05622,12.0124,-0.758205
2.82208,12.7398,-1.36854
2.89757,13.7746,-1.27757
2.82184,14.499,-1.97399
2.71001,15.4242,-1.68211
2.82024,16.2299,-0.979534
2.56322,17.1375,-0.561135
2.88847,18.0602,-0.33202
3.11775,19.0323,-0.285073
3.15132,20.0157,-0.185403
2.81711,20.9063,0.0492264
2.86546,21.891,0.0272439
2.91067,22.8749,-0.0387097
2.92586,23.8712,0.00109867
2.65742,24.795,-0.294894
2.93839,25.7579,-0.0913022
3.0991,26.7289,-0.237864
2.79606,27.7192,-0.155623
2.85362,28.6827,-0.336961
3.78332,2.22651,-1.11225
4.04698,2.5884,-0.182601
3.90648,3.60684,-0.19783
3.91982,4.47535,0.277419
3.94072,5.40364,-0.0473556
4.03156,6.3848,-0.218912
3.95727,7.3494,-0.495712
3.95327,8.33212,-0.552547
3.98343,9.32279,-0.479952
3.88503,10.2908,-0.768181
4.01368,11.2674,-0.966436
4.00129,12.2499,-0.570385
3.85855,12.9854,-1.26576
3.9024,13.9577,-1.48653
3.83412,14.5903,-2.24365
3.75999,15.4792,-1.78834
3.78643,16.3386,-1.22651
3.59543,17.2707,-0.779162
4.00171,18.0395,-0.179843
4.11184,19.0049,-0.439689
4.14143,20.0605,-0.398233
3.86162,20.9151,0.131843
3.95496,21.9061,0.0363811
3.91745,22.9282,-0.101132
3.8681,23.9496,-0.269854
3.5876,24.7756,-0.769079
3.97895,25.5753,-0.281179
4.09294,26.6004,-0.393301
3.84087,27.6074,-0.267833
3.87587,28.5577,-0.291961
4.77886,2.39243,-1.06004
5.04009,2.82678,-0.189209
4.89542,3.85021,-0.187814
4.94885,4.74261,0.31673
4.94295,5.77107,0.107855
4.99202,6.58419,-0.526023
4.99998,7.63469,-0.498691
4.94747,8.62116,-0.559682
4.95236,9.63833,-0.419611
4.90271,10.6132,-0.582785
5.03989,11.4736,-1.09935
5.03747,12.3866,-0.726655
4.85493,12.9351,-1.61585
4.96089,13.9511,-1.4327
4.88043,14.6573,-2.15045
4.79294,15.6372,-1.81198
4.72648,16.5581,-1.50382
4.61262,17.2456,-0.792883
4.96302,18.0999,-0.402097
5.09557,19.1467,-0.234626
5.20463,20.2021,-0.317389
4.92557,20.9,0.393869
4.95364,21.8957,0.203076
4.91234,22.8894,0.0950621
4.88853,23.9012,-0.173031
4.5783,24.7419,-0.566802
4.99488,25.6406,-0.345054
5.12283,26.6585,-0.37564
4.86801,27.6062,-0.524104
4.88976,28.6066,-0.451408
5.7134,2.83619,-0.981182
6.10063,2.8689,-0.0671865
5.98231,3.85813,-0.0284982
5.93973,4.85524,0.105307
5.94165,5.87449,-0.0307474
6.0442,6.81028,-0.375338
5.97002,7.71239,-0.714158
6.02534,8.70806,-0.596292
5.97208,9.69585,-0.698257
5.95239,10.7014,-0.688684
6.01163,11.75,-0.761254
6.0628,12.732,-0.801083
5.85696,13.2585,-1.69742
5.99834,14.1875,-1.37037
5.95925,14.6944,-2.29011
5.77994,15.6139,-1.86736
5.75759,16.5819,-1.63424
5.65,17.2162,-0.882723
5.909,17.8666,-0.172771
6.11427,18.8803,-0.249693
6.21423,19.8931,-0.339805
5.86081,20.6883,0.168166
5.97041,21.757,0.163332
5.89189,22.7039,-0.167998
5.8476,23.6516,-0.534129
5.62993,24.6212,-0.760616
5.99606,25.5148,-0.437733
6.09704,26.4862,-0.509836
5.8363,27.4197,-0.234776
5.87048,28.4096,-0.650322
6.69438,2.7828,-0.993594
7.12316,3.14867,-0.151585
6.95961,4.11197,-0.322556
6.98849,5.05636,-0.180755
6.98737,6.04852,-0.263207
7.06565,7.01974,-0.564589
6.96355,8.04327,-0.610227
7.02202,9.08405,-0.667745
6.92668,10.0477,-0.713688
6.93996,11.0622,-0.87409
6.92306,12.1062,-1.04548
7.0307,13.1489,-0.990933
6.89134,13.4467,-1.91821
6.98647,14.4186,-1.61761
6.92691,14.9252,-2.49322
6.80031,15.5515,-1.73133
6.77918,16.5949,-1.6633
6.69511,17.3783,-1.00743
6.97039,18.0365,-0.310337
7.08823,19.0403,-0.471538
7.23626,20.0488,-0.265661
6.8203,20.963,0.0690603
6.9053,21.9404,-0.182644
6.91497,22.9353,-0.142647
6.83732,23.8174,-0.64655
6.65607,24.8054,-0.847807
6.98844,25.6338,-0.408386
7.1111,26.6161,-0.45688
6.79642,27.4154,0.0377575
6.85524,28.3232,-0.374746
7.76455,2.96348,-0.857985
8.06082,3.44736,-0.0621784
7.97719,4.39026,-0.421787
7.89148,5.4185,-0.373846
8.03715,6.43865,-0.277026
7.99862,7.44141,-0.357399
7.85759,8.47389,-0.551296
7.93989,9.48889,-0.851018
7.83518,10.4981,-0.787872
7.84652,11.5325,-0.823655
7.88176,12.5118,-1.06478
8.02069,13.5215,-1.19935
7.8938,13.8284,-2.16336
7.97021,14.7615,-1.75517
7.92854,14.8872,-2.8059
7.75827,15.5736,-2.10114
7.79923,16.3562,-1.5263
7.75077,17.1715,-0.913584
7.98477,17.9973,-0.421082
8.06601,19.0057,-0.436958
8.25165,20.0036,-0.270495
7.78881,20.8768,-0.0941954
7.85092,21.8498,0.127564
7.92897,22.8918,-0.121119
7.81239,23.7729,-0.672625
7.71829,24.7472,-0.813199
8.04127,25.7115,-0.5863
8.12479,26.6263,-0.199426
7.85662,27.5319,0.17199
7.90122,28.4335,-0.251033
8.76398,2.74175,-0.575817
9.06191,3.62106,-0.216486
8.95936,4.64153,-0.219794
8.90531,5.68904,-0.303265
9.04188,6.6486,-0.509421
9.02282,7.72462,-0.585507
8.89032,8.71689,-0.687094
8.89991,9.76913,-0.713196
8.81673,10.857,-0.828364
8.78831,11.9045,-1.0571
8.80072,12.9537,-1.13446
8.93346,14.041,-1.34621
8.90345,14.0421,-2.40273
8.95488,14.9666,-1.9405
8.95741,14.9064,-2.91145
8.80339,15.6605,-2.23642
8.79255,16.412,-1.56109
8.75114,17.0734,-0.831898
8.98176,18.0444,-0.552
9.0731,19.0681,-0.48417
9.21267,19.9342,-0.0272652
8.86863,20.8196,-0.300946
8.9037,21.7423,0.0342662
8.97371,22.7386,0.0783227
8.79028,23.6155,-0.408744
8.77511,24.6283,-0.675323
9.05007,25.5377,-0.405493
9.11639,26.5379,-0.490793
8.83868,27.3195,0.163536
8.93438,28.3001,-0.191488
9.80585,2.91296,-0.464046
10.0711,3.90464,-0.421357
10.0145,4.89988,-0.168081
9.92385,5.88393,-0.3241
10.0284,6.89572,-0.523188
9.99387,7.93823,-0.47456
9.90378,8.95056,-0.687286
9.89583,9.95005,-0.784094
9.81232,11.0133,-0.900809
9.87592,12.0143,-1.12186
9.84041,13.0574,-1.28752
9.9347,14.0511,-1.56482
9.97523,14.0439,-2.5445
9.97098,14.8727,-1.92991
9.97537,15.0679,-2.97179
9.83887,15.6408,-2.12166
9.76633,16.3584,-1.35291
9.78043,17.1197,-0.72345
10.0132,18.0316,-0.345537
10.1001,19.0241,-0.512287
10.1799,19.8852,0.153932
9.89494,20.7823,-0.270821
9.92544,21.7841,-0.0444472
9.97783,22.7618,0.241658
9.88798,23.6752,-0.192843
9.7852,24.6168,-0.496094
9.98471,25.4755,-0.0405622
10.1066,26.4259,-0.300116
9.85778,27.3721,0.100333
10.0285,28.3418,-0.142488
10.8736,3.00184,-0.328031
11.0955,4.00436,-0.465401
11.0414,5.04394,-0.339735
10.961,6.04096,-0.201523
11.019,7.04982,-0.39761
11.0228,8.06597,-0.414957
10.9634,9.07274,-0.449928
10.944,9.98896,-0.927268
10.8555,10.9962,-1.07702
10.9277,11.982,-0.914054
10.8598,12.9058,-1.31932
10.9096,13.8402,-1.78933
10.9476,13.9268,-2.7796
10.9511,14.7816,-2.16348
10.9752,15.1385,-3.09267
10.8665,15.6524,-2.21457
10.8057,16.2952,-1.415
10.7814,17.0308,-0.744197
11.0313,17.8539,-0.160286
11.0518,18.8547,-0.201239
11.2041,19.7636,0.138929
10.8925,20.7221,-0.0891385
10.9398,21.7325,-0.138969
11.0106,22.7164,0.166494
10.9521,23.6052,-0.274743
10.8411,24.67,-0.455721
10.9806,25.5228,-0.00596026
11.159,26.48,-0.247472
10.9119,27.3378,0.284597
11.0767,28.2125,-0.269024
11.9171,3.12179,-0.411542
12.1881,4.0727,-0.483691
12.0563,5.059,-0.420145
12.0093,6.0904,-0.398807
12.0445,7.10397,-0.302832
12.0473,8.11178,-0.38298
11.9823,9.00065,-0.784619
11.9968,10.0292,-0.624079
11.8772,10.9876,-0.979751
11.9028,11.965,-1.09787
11.9169,12.8589,-1.5346
11.9339,13.8565,-1.75499
12.0017,13.8535,-2.7753
12.0446,14.6021,-2.07273
12.0183,15.1635,-2.92207
11.8217,15.387,-1.93495
11.8717,16.218,-1.42012
11.7246,17.1621,-1.04571
12.0273,17.8555,-0.342936
12.0895,18.8095,0.00101321
12.1924,19.7642,0.332908
11.9996,20.6576,-0.187683
11.9802,21.6536,-0.0709311
11.9909,22.6562,-0.0564043
11.9364,23.6415,-0.124848
11.8579,24.6034,-0.508399
11.9864,25.5367,-0.117035
12.1557,26.5037,-0.415876
11.9508,27.2835,0.226917
12.0733,28.2004,-0.236512
12.9528,3.17681,-0.332466
13.1831,4.19984,-0.567086
13.1002,5.18806,-0.391385
13.0382,6.19024,-0.379476
13.1259,7.21263,-0.167925
13.0412,8.25691,-0.130525
13.0286,8.96207,-0.834013
13.0117,9.98721,-0.664077
12.9438,10.9634,-0.784811
12.9351,11.9736,-1.1737
13.0122,12.9719,-1.31288
12.9108,13.8984,-1.65755
13.0299,13.8194,-2.67707
13.0702,14.6092,-1.97281
13.0668,15.1235,-2.93457
12.8829,15.5204,-2.03735
12.8603,16.1579,-1.18733
12.7296,17.1751,-1.05376
13.0527,17.9639,-0.489142
13.1037,18.8289,-0.00581072
13.2472,19.7474,0.32696
13.0071,20.7068,0.0329783
12.9811,21.7108,0.0688711
13.0488,22.7489,0.102686
12.8612,23.581,-0.456038
12.7743,24.5419,-0.121137
12.9952,25.5196,-0.0799005
13.2135,26.4031,-0.410685
12.9685,27.2074,0.133769
13.111,28.1491,-0.130052
13.9735,3.06057,-0.439271
14.1495,4.0292,-0.280648
14.1154,5.02798,-0.151454
14.0688,6.04641,-0.267385
14.1426,7.03922,-0.293106
14.0201,8.06212,-0.348167
14.0623,9.06299,-0.564309
14.0548,10.0679,-0.836354
14.0114,11.0819,-0.89704
13.9412,12.1167,-1.03696
13.9962,13.0731,-1.33225
13.96,14.0335,-1.65875
14.1019,13.8635,-2.62949
14.0882,14.4589,-1.87423
14.068,14.8354,-2.8164
13.9548,15.305,-1.94572
13.9184,16.0761,-1.28404
13.7654,17.0428,-1.10987
14.1164,17.7397,-0.475549
14.1204,18.7733,-0.264306
14.3172,19.6836,0.18486
14.0718,20.6615,0.112632
13.9997,21.6412,-0.0386731
14.0373,22.6086,0.35707
13.8667,23.4644,-0.196771
13.8323,24.4981,-0.207538
14.024,25.479,-0.290524
14.2016,26.4693,-0.346889
13.9229,27.4056,-0.257131
14.1404,28.4249,-0.19006
15.0306,3.10422,-0.457268
15.1558,4.09043,-0.386825
15.1104,5.09918,-0.203021
15.1059,6.11509,-0.340516
15.1982,7.16119,-0.0621174
15.067,8.09449,-0.4197
15.1183,9.11842,-0.496707
15.0503,10.0741,-0.749525
15.0251,11.1209,-0.86057
15.0133,12.0923,-1.13032
15.0052,13.069,-1.37306
14.9712,14.0455,-1.67011
15.1097,14.1867,-2.67813
15.0232,14.7951,-1.90721
15.0405,14.6125,-2.8805
14.9531,15.3137,-2.12696
14.9176,16.0335,-1.35612
14.7848,17.0055,-1.06401
15.1541,17.5791,-0.309085
15.138,18.6282,-0.125675
15.2721,19.6419,-0.197232
15.101,20.6274,-0.0521409
15.0383,21.6528,0.0389874
15.0444,22.6613,0.0430677
14.8781,23.638,-0.26043
14.8241,24.6163,-0.383914
14.9817,25.5636,-0.628272
15.2369,26.4437,-0.216947
14.9248,27.3514,0.0821833
15.1716,28.2975,-0.163286
16.0342,3.10185,-0.381738
16.1656,4.0838,-0.530338
16.064,5.10447,-0.449724
16.197,6.09537,-0.345518
16.186,7.09255,-0.199741
16.0946,8.10046,-0.463689
16.1741,9.08656,-0.54359
16.0682,10.088,-0.730473
16.0449,11.0599,-0.904901
16.0651,12.0798,-0.960634
16.0366,13.0194,-1.34016
16.042,13.9844,-1.52194
16.058,13.8963,-2.50316
15.9741,14.6479,-1.74319
16.0364,14.8277,-2.70111
15.9768,15.4766,-1.90911
15.9535,16.1872,-1.17015
15.8106,17.1717,-0.863762
16.1387,17.9214,-0.334733
16.1135,18.8534,0.0310373
16.3079,19.6922,-0.44749
16.1058,20.6097,-0.0680837
16.0444,21.6373,-0.135078
16.1193,22.5922,0.135524
15.9398,23.5795,-0.233607
15.8137,24.5547,-0.585043
15.9513,25.527,-0.629197
16.2614,26.3396,-0.170641
15.9367,27.2485,0.0544603
16.1462,28.2292,-0.0482376
17.1426,3.07576,-0.416092
17.1534,4.03734,-0.222547
17.137,5.03795,-0.477151
17.2439,5.99859,-0.219648
17.2081,7.0435,-0.157491
17.1661,8.01819,-0.419279
17.2224,9.06498,-0.38836
17.0805,9.96971,-0.685174
17.0405,10.9823,-0.546593
17.0929,11.8996,-0.9862
17.1179,12.8333,-1.27677
17.0974,13.8088,-1.63755
17.0796,13.7525,-2.67665
16.9611,14.4954,-1.92347
17.0163,15.0043,-2.81101
17.0366,15.368,-1.85763
16.8385,16.3167,-1.66888
16.8353,17.0732,-1.01727
17.0389,18.0229,-0.773864
17.1426,18.8342,-0.134101
17.3155,19.8044,-0.289627
17.1331,20.6451,0.192627
17.1019,21.6321,0.160442
17.1455,22.6165,-0.0250771
16.9326,23.558,-0.147737
16.7713,24.455,-0.664928
16.9934,25.4591,-0.38475
17.2768,26.3247,-0.0608753
16.9579,27.2304,0.0630207
17.1442,28.1462,-0.296084
18.1588,2.9969,-0.367934
18.1816,3.9824,-0.210868
18.1547,5.00537,-0.447124
18.2841,5.9355,-0.130384
18.2547,6.93185,-0.166646
18.1988,7.9376,-0.185846
18.2036,8.93285,-0.524378
18.121,9.92346,-0.586215
18.114,10.9049,-0.537202
18.1193,11.7972,-0.997586
18.1605,12.7216,-1.41304
18.1179,13.6936,-1.70645
18.129,13.8513,-2.74526
17.9779,14.6355,-2.03429
18.0226,15.0892,-2.94832
18.0117,15.5297,-2.02624
17.8702,16.4393,-1.6316
17.8629,17.1666,-0.919773
18.0455,18.1418,-0.848317
18.0991,19.0496,-0.439808
18.328,19.9159,-0.00498672
18.1297,20.9322,-0.0456038
18.0838,21.7997,0.48005
18.1586,22.625,-0.0366588
18.0019,23.5888,-0.333372
17.8201,24.447,-0.758852
17.9943,25.3932,-0.430226
18.3523,26.2388,-0.0891018
17.982,27.171,-0.197858
18.2121,28.2043,-0.288708
19.1483,2.83005,-0.232856
19.2227,3.81594,-0.215552
19.1367,4.81733,-0.36849
19.3111,5.84485,-0.189358
19.2014,6.77233,0.144105
19.1707,7.6927,-0.291092
19.2232,8.7208,-0.364119
19.1594,9.73867,-0.472033
19.1912,10.7084,-0.69631
19.1773,11.7208,-1.0687
19.2293,12.704,-1.42526
19.1663,13.7278,-1.55535
19.1977,13.8481,-2.62752
19.0394,14.6276,-2.00003
19.0182,15.0669,-2.93069
19.047,15.4592,-2.04073
18.8516,16.3328,-1.48067
18.9128,17.0458,-0.754033
19.0696,18.0221,-0.754344
19.1146,18.9286,-0.330961
19.2401,19.926,-0.485928
19.1154,20.7208,0.0840724
19.0366,21.7568,0.272958
19.1188,22.7369,0.159313
18.9919,23.377,-0.631477
18.7851,24.3544,-0.532716
19.0006,25.374,-0.440489
19.3219,26.2737,0.078753
19.0168,27.1772,-0.185034
19.2493,28.2178,-0.15905
20.1011,2.48825,-0.0716697
20.1697,3.48502,-0.302414
20.1735,4.5003,-0.319202
20.2902,5.51752,-0.335054
20.1545,6.44694,0.0591998
20.1503,7.39816,-0.167879
20.1893,8.42929,-0.0840144
20.0808,9.41561,-0.279345
20.1851,10.3799,-0.594372
20.1282,11.2816,-1.01011
20.1215,12.2828,-1.06978
20.0573,13.2498,-1.34281
20.1805,13.5616,-2.33399
19.9986,14.3807,-1.71393
19.9603,14.8876,-2.57029
20.0728,15.5278,-1.80592
19.8723,16.4314,-1.44175
19.9466,16.9264,-0.574758
20.1146,17.9709,-0.729963
20.139,18.9152,-0.454115
20.2183,19.9372,-0.44745
20.1346,20.8848,-0.126899
20.0296,21.851,0.188971
20.2,22.7752,-0.0341777
20.0129,23.5932,-0.622102
19.8425,24.5548,-0.469045
19.9982,25.5256,-0.670373
20.3481,26.3817,-0.182458
19.9876,27.2778,0.137605
20.3049,28.1726,-0.140486
21.0816,2.30066,0.373437
21.0293,3.30919,0.167251
21.1678,4.30848,-0.103595
21.2196,5.19245,-0.553166
21.1556,6.15311,-0.0740379
21.1181,7.17273,-0.233766
21.1718,8.17935,-0.122724
21.1196,9.22017,-0.398544
21.1747,10.2356,-0.674389
21.1732,11.1704,-1.04832
21.1503,12.2034,-1.25629
21.1339,13.1799,-1.20222
21.1841,13.5241,-2.13241
21.0455,14.2635,-1.41497
20.9536,14.5593,-2.39142
21.1218,15.4628,-1.94742
20.8791,16.2094,-1.21745
20.9698,17.0546,-0.65609
21.0158,18.0065,-0.276025
21.1742,18.971,-0.640364
21.2683,19.9197,-0.41041
21.1652,20.7967,0.0903897
21.0247,21.8257,0.284234
21.1872,22.6581,-0.214652
20.943,23.6252,-0.266607
20.9199,24.6237,-0.513688
20.9978,25.5894,-0.692261
21.3966,26.4008,-0.259206
20.962,27.225,0.120768
21.3793,28.1206,-0.112159
22.1016,2.10201,0.235453
22.0349,3.12712,0.244465
22.1875,4.03298,-0.119807
22.2073,5.08625,-0.354057
22.1594,6.03013,0.00980255
22.1536,6.99194,-0.283291
22.2252,7.97737,-0.358965
22.1277,8.95984,-0.386389
22.174,10.0111,-0.48862
22.153,11.0173,-0.745317
22.1383,12.0615,-0.926124
22.1655,13.0526,-1.06905
22.2147,13.3942,-2.00124
22.096,14.0035,-1.22983
21.9848,14.4478,-2.16492
22.0267,15.2769,-1.57601
21.9116,16.1212,-1.04286
21.943,17.1038,-0.923966
22.065,18.0506,-0.504547
22.1532,19.0383,-0.619858
22.2381,20.0066,-0.255727
22.142,21.0195,-0.0357311
22.01,21.8776,0.397851
22.1957,22.7547,-0.0469832
22.026,23.7302,-0.105573
21.9804,24.6072,-0.547172
21.9933,25.6477,-0.461419
22.3508,26.4585,-0.0179907
21.9318,27.3746,0.0771172
22.4153,28.2595,-0.0164586
23.1008,1.89327,0.233393
23.0156,2.86754,0.0637074
23.1843,3.84097,0.123627
23.2046,4.79188,-0.273748
23.1402,5.7587,-0.0335948
23.1751,6.76906,-0.279736
23.2146,7.75862,-0.289731
23.1144,8.77672,-0.31901
23.1717,9.79008,-0.439576
23.1581,10.801,-0.591125
23.126,11.7855,-0.698538
23.1052,12.7665,-0.876891
23.2641,13.137,-1.80514
23.1175,13.7972,-1.00462
22.9598,14.2829,-1.86778
23.0326,15.2196,-1.4318
22.9225,16.1996,-1.17728
22.9487,17.1207,-0.802094
23.0404,18.1425,-0.770788
23.194,19.0407,-0.369283
23.2544,19.9745,-0.0144139
23.1308,20.9869,0.117002
23.0213,21.9242,0.592682
23.2085,22.6509,-0.0580248
23.0959,23.6443,-0.0607196
23.0202,24.634,-0.480459
23.0356,25.6192,-0.261916
23.2887,26.5686,-0.471484
22.9442,27.3884,0.046379
23.3436,28.2796,0.375378
24.15,1.7866,0.412839
24.0858,2.67287,-0.0805292
24.1517,3.72199,-0.294324
24.2466,4.69394,-0.345787
24.1905,5.67578,-0.00977813
24.1938,6.667,-0.159441
24.2827,7.5937,-0.445805
24.0695,8.56612,-0.535411
24.1185,9.51931,-0.253124
24.201,10.5493,-0.453111
24.1433,11.5107,-0.74572
24.0955,12.5185,-0.788025
24.3245,13.0293,-1.69485
24.1248,13.7769,-0.947523
23.9378,14.4728,-1.6841
24.0593,15.3176,-1.15781
23.9162,16.3097,-1.05973
23.988,17.2128,-0.608966
24.0231,18.1857,-0.432966
24.2565,19.1199,-0.389624
24.2843,20.106,-0.132047
24.1494,21.0728,-0.136399
24.0826,21.8757,0.510178
24.2043,22.6571,-0.213215
24.1253,23.6524,-0.141682
24.0467,24.6741,-0.364214
24.008,25.6764,-0.315293
24.284,26.6218,-0.181594
23.9246,27.4532,0.298349
24.3295,28.3258,0.377551
25.1223,1.70794,0.733415
25.0917,2.58709,0.128443
25.1585,3.57233,-0.294153
25.2535,4.55016,-0.339628
25.1904,5.40406,0.22598
25.1381,6.21211,-0.345387
25.2308,7.21605,-0.542375
25.1159,8.21966,-0.47127
25.0665,9.19959,-0.312604
25.2085,10.1745,-0.514478
25.0685,11.1706,-0.532368
25.0563,12.0607,-0.923392
25.2879,12.8604,-1.50638
25.2196,13.618,-0.859124
24.8993,14.4073,-1.42659
25.1241,15.3462,-1.15897
24.886,16.27,-0.837754
25.0381,17.2085,-0.476086
25.0352,18.1746,-0.556706
25.2837,19.1965,-0.470461
25.2781,20.11,-0.0216651
25.1871,21.0869,0.119788
25.0857,21.9796,0.539027
25.1838,22.6335,-0.282382
25.1217,23.5868,0.0333262
25.0648,24.5928,-0.258739
25.0528,25.6138,-0.195712
25.3211,26.566,-0.160512
24.9425,27.4742,0.109262
25.3284,28.2892,0.528443
26.1456,1.64373,0.745201
26.0711,2.54769,0.295273
26.1539,3.36114,-0.300119
26.2411,4.36811,-0.448436
26.1755,5.07313,0.258974
26.1122,5.91932,-0.326994
26.1912,6.93632,-0.200681
26.0947,7.97351,-0.252535
26.1056,8.97834,-0.247929
26.1862,9.92321,-0.638713
26.0406,10.9248,-0.629557
26.0268,11.9135,-0.66939
26.2343,12.7431,-1.17673
26.2354,13.543,-0.553319
25.9045,14.3004,-1.17627
26.1549,15.2433,-1.141
25.9555,16.1756,-0.8773
26.051,17.2355,-0.711655
26.051,18.2275,-0.708231
26.2706,19.1215,-0.185321
26.2642,20.131,0.0147191
26.1087,20.9606,0.542717
26.0642,21.9834,0.462026
26.1711,22.6093,-0.387176
26.148,23.5956,-0.251131
26.0916,24.5859,-0.446715
26.0572,25.6071,-0.217502
26.3481,26.5766,-0.227256
25.9625,27.4622,-0.066509
26.3416,28.3326,0.303507
27.1397,1.70265,0.878823
27.0895,2.52107,0.305203
27.1776,3.22062,-0.384143
27.1917,4.20161,-0.654686
27.1778,4.84833,0.134574
27.1903,5.75234,-0.293176
27.2231,6.76643,-0.166506
27.0827,7.79221,-0.188894
27.15,8.79966,-0.34904
27.1579,9.6742,-0.704825
27.061,10.7119,-0.567452
27.0686,11.7473,-0.719959
27.2453,12.6851,-1.00915
27.2468,13.5298,-0.521827
26.9796,14.3103,-1.14313
27.1528,15.2739,-0.88591
27.0066,16.2324,-0.770577
27.0915,17.2441,-0.802509
27.0923,18.2572,-0.609082
27.299,19.1267,-0.0967528
27.3344,20.1729,-0.10853
27.1017,20.9408,0.55136
27.0572,21.859,0.220472
27.1488,22.7908,-0.155443
27.1251,23.7996,-0.37383
27.1265,24.8404,-0.407825
27.0509,25.8329,-0.419361
27.3553,26.6947,0.0291391
27.0106,27.615,-0.162181
27.3603,28.3735,0.408115
28.123,1.55796,0.984945
28.0251,2.22441,0.180996
28.1284,2.85677,-0.589184
28.1219,3.84409,-0.512693
28.1841,4.54399,0.17376
28.1836,5.53186,-0.018067
28.1845,6.53392,0.0483596
28.0716,7.5059,-0.0804132
28.1609,8.47551,-0.193942
28.1553,9.44377,-0.597485
28.0254,10.4347,-0.392703
28.0199,11.4201,-0.583477
28.2321,12.4087,-0.824473
28.2658,13.4139,-0.581765
28.0414,14.3041,-0.905185
28.1799,15.2728,-0.736271
28.0632,16.259,-0.697757
28.1152,17.2038,-0.464113
28.1855,18.2213,-0.647249
28.2711,18.9608,0.0369701
28.3329,19.9652,-0.191614
28.0584,20.9451,0.287457
28.0409,21.9304,0.154146
28.1306,22.8181,-0.31756
28.1261,23.8153,-0.321116
28.0848,24.7813,-0.186493
28.0972,25.7513,-0.235691
28.3126,26.7447,-0.299228
28.0673,27.6993,-0.0986877
28.3928,28.5049,0.50286
29.1777,1.65926,1.06818
29.0148,2.23844,0.222098
29.123,2.66953,-0.733967
29.1391,3.65476,-0.618995
29.231,4.40343,0.107691
29.222,5.38396,-0.0295175
29.2011,6.39679,0.15967
29.1397,7.40261,0.0542375
29.1454,8.28914,-0.419684
29.2107,9.25856,-0.653008
29.1093,10.2396,-0.333106
29.0044,11.2246,-0.299091
29.2671,12.0967,-0.702606
29.2082,13.0785,-0.497027
29.0238,14.0602,-0.708054
29.1701,15.0662,-0.728407
29.0747,16.0574,-0.820258
29.1345,17.0374,-0.664638
29.1561,17.9946,-0.354149
29.2146,19.0051,-0.247215
29.2893,20.0138,-0.454237
29.0669,20.7924,0.104355
29.0342,21.7864,-0.227815
29.1994,22.768,-0.36346
29.1768,23.7264,-0.06339
29.0897,24.766,-0.231169
29.1041,25.7448,-0.345225
29.3002,26.7106,-0.430821
29.1389,27.6699,-0.14391
29.4148,28.5139,0.353887
