0.101544,0.0793695,-0.519416
0.0576617,1.33057,-0.562957
0.0449965,2.59236,-0.56397
0.0356304,3.84834,-0.700696
0.0267403,5.09042,-0.758525
0.0593097,6.34664,-0.856001
0.119779,7.55751,-0.915018
0.119321,8.74491,-1.05549
0.0981536,9.91492,-1.22079
0.319324,11.0573,-1.17447
0.622974,12.1871,-1.14846
0.49003,13.2668,-1.16174
0.368184,14.3066,-0.961202
0.246898,15.3149,-0.741194
0.153972,16.2158,-0.319547
0.237349,17.2162,-0.208124
-0.121842,18.1597,-0.0635029
-0.0327555,17.1349,-0.134993
0.148054,18.1243,-0.337855
-0.00830409,18.9944,0.160677
0.844221,0.837349,-0.638771
0.862832,1.95197,-0.802142
0.874825,3.16258,-0.819825
0.933702,4.36399,-0.811469
0.98526,5.55263,-0.937223
0.999042,6.71585,-0.970171
1.06876,7.85132,-0.96162
1.04743,9.09333,-0.952355
1.08739,10.3098,-0.967144
1.26014,11.4552,-0.741664
1.54303,12.5145,-0.409589
1.44198,13.6885,-0.474444
1.31114,14.6568,-0.733592
1.28455,15.6298,-0.444035
1.10772,16.6112,-0.610681
1.2674,17.3397,0.0613361
0.999136,18.2927,0.0704947
0.949696,17.3088,0.0201392
1.18305,18.1896,-0.442216
0.990344,19.0519,0.0435926
1.81028,1.10204,-0.964684
1.79198,2.31705,-1.06552
1.85961,3.44706,-0.90792
1.87854,4.6438,-1.11194
1.90921,5.862,-1.20885
1.92186,7.06313,-1.29174
1.96534,8.24867,-1.23686
1.97739,9.47042,-1.05575
2.01437,10.6878,-0.754149
2.11298,11.8746,-0.248531
2.17829,13.1196,0.504877
2.08798,14.4508,0.234089
1.93357,15.4837,-0.783825
2.03891,16.2618,0.0431928
1.87191,17.3258,-0.557845
2.11752,16.8181,0.206958
2.00998,17.9355,-0.0881222
1.82691,17.0427,-0.444945
2.18647,17.9548,-0.458123
2.00307,18.9244,-0.0314646
2.81454,0.794156,-0.99479
2.81601,1.98796,-1.09439
2.77641,3.15337,-1.21332
2.81365,4.35155,-1.29945
2.85899,5.53107,-1.31613
2.92004,6.70283,-1.39297
2.90677,7.86825,-1.37254
2.84659,9.05962,-1.30668
2.8749,10.2586,-1.11588
2.88765,11.3014,-0.692682
2.81488,12.393,-0.36014
2.59448,13.5288,-0.354946
2.60315,14.5756,-0.738701
2.74121,15.5182,-0.422916
2.43783,16.4265,-0.805536
3.05004,16.9724,-0.157701
3.03366,17.9944,-0.208902
2.77768,17.2383,-0.778246
3.22966,18.0029,-0.329615
2.99428,18.9908,-0.246406
3.77749,0.420646,-0.925208
3.76927,1.58747,-1.11271
3.69112,2.68977,-1.04127
3.71788,3.84509,-1.11013
3.76864,5.00208,-1.20544
3.73511,6.13773,-1.16168
3.72322,7.26444,-1.18962
3.64879,8.37033,-1.21237
3.7027,9.52496,-1.1838
3.57903,10.6379,-1.15451
3.54458,11.7534,-1.00499
3.44268,12.8439,-0.818946
3.42537,13.8521,-0.886825
3.50481,14.9172,-0.703012
3.4214,15.937,-0.853606
3.95302,16.6814,-0.486163
3.90738,17.5302,0.0894803
3.756,17.4807,-0.877517
4.16091,18.357,-0.551122
3.94041,19.1698,0.0279183
4.80724,0.381341,-0.859822
4.76365,1.43778,-0.983883
4.73421,2.58023,-0.956075
4.68512,3.67914,-1.03658
4.6802,4.76503,-0.925874
4.70421,5.86062,-0.982257
4.70423,6.96332,-1.22684
4.64476,8.05248,-1.25788
4.68585,9.15072,-1.2463
4.50421,10.187,-1.35956
4.44762,11.2578,-1.33356
4.32221,12.2657,-1.06843
4.37768,13.2919,-1.06937
4.33449,14.2993,-0.672283
4.31035,15.329,-0.681683
4.83978,16.1746,-0.54926
4.7179,16.9529,0.0471877
4.72159,17.3699,-0.860695
5.15059,18.1532,-0.33896
4.9413,19.0776,0.0156835
5.78926,0.149519,-0.596567
5.70649,1.25792,-0.653368
5.74639,2.35924,-0.771633
5.68755,3.42567,-0.882962
5.67931,4.51723,-0.796115
5.65369,5.5779,-0.95732
5.64943,6.6567,-0.999304
5.59237,7.68326,-1.05434
5.53843,8.72325,-0.940049
5.47032,9.76702,-1.1643
5.3833,10.8026,-1.25545
5.25286,11.848,-1.19347
5.29069,12.8938,-0.966506
5.29439,13.907,-0.733613
5.25074,14.9062,-0.64153
5.72945,15.7943,-0.801508
5.67179,16.49,-0.120249
5.77927,17.1491,-0.855882
6.14127,18.0682,-0.568828
5.93038,18.9448,-0.0992584
6.85371,0.124091,-0.557613
6.72765,1.16863,-0.505783
6.75277,2.18894,-0.679644
6.70817,3.27054,-0.785229
6.74746,4.39306,-0.792691
6.6716,5.46258,-0.967016
6.69049,6.47274,-0.892752
6.611,7.47195,-0.9223
6.5923,8.52069,-0.850136
6.55373,9.58573,-1.00151
6.42093,10.5831,-1.06564
6.28946,11.6103,-1.13657
6.3557,12.6174,-0.84959
6.33691,13.6151,-0.761916
6.23847,14.6343,-0.61113
6.71314,15.5195,-0.604831
6.6824,16.4745,-0.253175
6.81451,17.326,-0.867772
7.10408,18.3092,-0.821317
6.93959,18.9304,-0.0252144
7.90219,0.0715812,-0.584078
7.7345,1.13031,-0.6069
7.80606,2.13861,-0.598132
7.77425,3.18727,-0.726475
7.73498,4.26013,-0.662386
7.65887,5.25682,-0.763576
7.6593,6.30938,-0.731132
7.6722,7.34713,-0.784384
7.61324,8.38444,-0.762136
7.58854,9.41319,-0.902844
7.4756,10.4539,-0.868581
7.37783,11.4344,-1.08641
7.34916,12.4101,-0.76607
7.34542,13.3768,-0.592276
7.33724,14.476,-0.622758
7.70329,15.3922,-0.481774
7.71144,16.3962,-0.337638
7.84529,17.1981,-0.890683
8.0875,18.1216,-0.590121
7.95841,19.0404,-0.232255
8.89886,-0.0857265,-0.54265
8.71404,0.974392,-0.578591
8.80287,1.98138,-0.641255
8.79986,3.01176,-0.671252
8.69889,4.03661,-0.542549
8.71581,5.14414,-0.685092
8.72709,6.18596,-0.708509
8.73861,7.21439,-0.688784
8.67676,8.2042,-0.772762
8.5965,9.16789,-1.03887
8.44944,10.224,-0.981762
8.43412,11.2187,-0.982369
8.3303,12.2317,-0.677618
8.37959,13.2835,-0.499469
8.38361,14.283,-0.474798
8.70167,15.2276,-0.421937
8.72101,16.2458,-0.371905
8.88936,17.1648,-0.779958
9.1192,18.1847,-0.541072
9.00654,19.1043,-0.131831
9.92049,-0.20719,-0.156328
9.73338,0.785778,-0.34611
9.76977,1.83377,-0.508643
9.80636,2.87517,-0.406
9.72304,3.92479,-0.58887
9.73078,4.96302,-0.504596
9.72603,5.96254,-0.599646
9.76623,7.07826,-0.657115
9.64931,8.08006,-0.631135
9.5587,9.05825,-0.793078
9.48318,10.0725,-0.936091
9.46014,11.0758,-0.813169
9.38033,12.1322,-0.712021
9.40307,13.1347,-0.477636
9.48964,14.1275,-0.3944
9.75922,15.1214,-0.460738
9.72392,16.1349,-0.605905
9.88859,17.1147,-0.540797
10.0506,18.0851,-0.232041
9.9741,19.0613,0.0133549
10.8867,-0.0649403,-0.0559435
10.7326,0.892911,-0.252657
10.7854,1.9402,-0.40173
10.9023,2.97002,-0.467028
10.758,3.90863,-0.680984
10.7936,4.95389,-0.478066
10.7667,6.00123,-0.707797
10.7492,6.99886,-0.602487
10.6818,8.01694,-0.849419
10.5857,9.02445,-0.831669
10.5401,10.0667,-0.817566
10.5194,11.1359,-0.694461
10.4221,12.1809,-0.703745
10.483,13.136,-0.382531
10.5573,14.1229,-0.384103
10.7845,15.0605,-0.386709
10.7715,16.0873,-0.265114
10.7581,17.1126,-0.0887356
11.0401,18.0563,-0.312757
10.982,19.0452,-0.0458327
11.888,0.0252297,-0.0777642
11.7615,1.01184,-0.271493
11.8505,1.98971,-0.290881
11.9378,2.99433,-0.407175
11.8371,3.95793,-0.637465
11.8336,4.95888,-0.597308
11.7926,5.98149,-0.838313
11.7153,7.00339,-0.771203
11.6994,8.07168,-0.773675
11.6077,9.06377,-0.580056
11.5949,10.0749,-0.623646
11.4933,11.0725,-0.489883
11.5109,12.0792,-0.699658
11.5533,13.0146,-0.271371
11.5834,14.0469,-0.188943
11.7803,15.0174,-0.316364
11.8617,16.0498,-0.158376
11.802,17.0824,-0.00215461
12.0173,18.037,-0.136946
11.9742,19.1006,-0.0521134
12.9447,0.0282357,-0.10745
12.8439,0.953926,-0.513196
12.9279,1.97024,-0.379958
12.8953,2.92907,-0.643129
12.8468,3.92349,-0.767437
12.8897,4.96261,-0.886355
12.7885,5.99699,-0.753041
12.7342,6.9593,-0.702545
12.7336,8.01373,-0.662505
12.6636,9.0295,-0.462871
12.58,9.99704,-0.568587
12.5629,11.055,-0.526597
12.5653,12.0649,-0.587793
12.6035,13.114,-0.239903
12.6508,14.1045,-0.274682
12.7992,15.0855,-0.393069
12.862,16.078,-0.397308
12.8718,17.0099,-0.0554979
13.0472,18.0159,-0.226691
12.9627,19.0918,-0.22671
13.9684,-0.0794214,-0.150652
13.8218,0.940266,-0.224357
13.985,1.90716,-0.488363
13.8993,2.8859,-0.639405
13.8812,3.90632,-0.627866
13.8702,4.88979,-0.723228
13.7986,5.88588,-0.641325
13.8518,6.96214,-0.569008
13.7954,7.99678,-0.721329
13.6982,8.93515,-0.365676
13.6269,9.96804,-0.53234
13.5584,11.0243,-0.569387
13.6524,12.0406,-0.500821
13.635,13.0673,-0.309174
13.6747,14.0242,-0.0592364
13.855,15.0285,-0.193698
13.8534,16.0098,-0.163649
13.8792,16.9945,-0.0677511
14.0596,18.0047,-0.237965
13.9906,19.0765,-0.325709
14.9819,-0.0465255,-0.219431
14.8337,0.979546,-0.2764
14.9743,1.96066,-0.389352
14.9891,2.94502,-0.549477
14.9022,3.96663,-0.705048
14.9155,4.95082,-0.758766
14.8356,5.98738,-0.582464
14.8575,7.00692,-0.662737
14.8895,8.00343,-0.715424
14.7568,9.00787,-0.536564
14.6332,9.96978,-0.348164
14.6273,11.0155,-0.385037
14.7251,12.0574,-0.308322
14.675,13.0885,-0.274554
14.7229,14.1366,-0.138289
14.876,15.1232,0.0146397
14.8809,16.0853,-0.0147893
14.9029,17.1154,0.0700339
15.0313,18.1232,0.032316
15.0248,19.1775,-0.192303
16.0325,-0.149156,-0.405805
15.9176,0.931443,-0.422877
15.9294,1.9452,-0.624003
15.9689,2.95592,-0.587277
15.931,3.90385,-0.776647
15.9414,4.88849,-0.725587
15.8408,5.89202,-0.506326
15.843,6.88985,-0.767183
15.9247,7.88343,-0.624754
15.8239,8.89561,-0.482449
15.7162,9.94612,-0.501794
15.6837,10.9405,-0.390683
15.7885,11.9776,-0.222044
15.73,13.0237,-0.137956
15.7527,14.0457,0.0876644
15.9063,15.025,0.270501
15.9375,16.0279,0.179824
15.9191,17.0974,0.209992
16.089,18.0967,0.239103
15.9761,19.1088,0.146187
17.0709,-0.0658895,-0.183795
16.9331,0.928474,-0.304096
16.8896,1.94316,-0.131449
16.9296,2.96713,-0.155354
16.9258,3.93272,-0.540095
16.9785,4.96037,-0.758562
16.8982,5.92925,-0.41858
16.8746,6.90555,-0.56628
16.9428,7.88802,-0.680798
16.8547,8.90085,-0.661119
16.7688,9.95239,-0.563021
16.7095,10.9785,-0.365184
16.8612,11.9909,-0.173571
16.7894,13.0446,-0.141905
16.8147,14.0444,-0.0666005
16.9226,15.0254,0.169555
17.0385,16.0372,0.115952
16.9527,17.0189,0.202249
17.1026,17.9984,0.253945
17.0016,18.9962,0.259667
18.1249,-0.153941,-0.322684
17.9654,0.898202,-0.256923
17.9558,1.92469,-0.323981
17.9045,2.94784,-0.241939
17.8567,3.95133,-0.209275
17.9471,4.93615,-0.478466
17.9597,6.03709,-0.308585
17.8648,7.01426,-0.426905
17.9947,7.98881,-0.749913
17.921,8.97922,-0.669149
17.8877,10.0282,-0.519864
17.8071,10.974,-0.223743
17.9138,11.9629,-0.290799
17.7859,12.9623,-0.267629
17.8319,13.9289,0.0151708
17.9457,14.925,0.194577
18.0537,15.9307,-0.00243538
17.9923,16.9178,0.335789
18.0677,17.9412,0.0898526
18.0171,18.8899,0.445973
19.1407,0.0307779,-0.259893
19.0001,1.05058,-0.271645
18.9356,2.03239,-0.1417
18.9369,3.07037,-0.269854
18.9236,4.05386,-0.296655
18.9437,5.06624,-0.291635
18.9894,6.07778,-0.211405
18.8635,6.99072,-0.63393
19.0072,8.01664,-0.842521
18.9488,8.98689,-0.623835
18.9267,9.98778,-0.494171
18.8615,10.9483,-0.191391
18.9592,11.9693,-0.397723
18.8664,12.995,-0.331458
18.9266,13.9737,-0.0805139
18.9573,15.0172,-0.0617023
19.0642,16.0035,0.181683
18.9911,16.9773,0.450551
19.0768,17.9654,0.144527
18.9766,18.985,0.223862
