16.2629,5.10646,-7.27062
-1.17462,-10.6465,-1.00179
-13.6302,4.77711,-10.4448
13.1561,-16.688,11.92
1.60775,-6.64432,-17.1064
-8.20166,-16.9922,-7.64242
18.274,1.75517,14.4841
2.99268,0.917811,5.41952
-6.62016,7.68307,2.37063
-2.34634,8.73551,-0.913398
9.34914,0.559465,-5.56145
2.45499,-4.006,-3.76905
-3.75553,-2.26035,-4.09353
5.03614,-9.53087,2.4929
2.54278,-7.58264,-6.5375
-0.0307169,-8.75387,-0.821787
7.88839,-2.00432,6.75794
2.84643,3.4424,5.18452
-0.91084,8.26673,2.16098
1.57102,9.81026,-4.95289
6.06371,0.179025,-5.54748
3.30024,-1.39946,-4.21254
0.605304,-2.75151,-2.63399
2.89879,-5.31451,0.0253639
1.81325,-4.03325,-1.84389
0.860778,-2.60905,2.00783
2.23999,1.92568,5.69921
-0.976019,7.10224,6.64668
-4.49684,11.7172,6.7534
-6.39588,15.2867,4.57926
5.43035,2.06377,-7.58499
3.91719,0.96194,-5.1172
2.46566,-0.193542,-2.57684
2.44569,-1.35757,0.0124943
1.21482,-0.0188391,1.28827
0.0714316,2.52314,4.07588
-1.01565,6.65014,6.91321
-4.24967,11.3935,9.06356
-8.75777,16.1374,11.0269
-14.6219,20.9151,13.1595
6.17598,4.05181,-10.4047
4.41117,3.36846,-6.11368
2.95304,2.6096,-2.22835
2.08907,2.17451,1.13813
0.770705,3.6556,3.61222
-0.563066,6.61391,6.12926
-2.48501,10.709,8.90601
-5.57026,15.4288,11.9081
-10.841,20.3023,15.6457
-23.703,27.5093,21.4233
7.9533,5.047,-14.9059
2.84566,4.89921,-3.90811
1.97038,3.79035,0.745183
1.45604,4.49246,3.72235
1.02473,6.43964,5.74521
0.88395,9.05252,7.37566
0.613892,12.0005,8.92358
0.143703,14.9741,10.4522
1.99388,14.1253,11.3091
13.0005,5.86011,7.08841
-10.6112,22.5734,4.18824
-2.353,4.69879,6.95493
0.938142,2.84689,5.58883
0.765529,5.88527,7.05601
1.04589,8.84786,8.28583
2.37709,11.0896,8.76653
3.77146,13.2918,9.13444
5.81863,15.461,9.57201
10.2142,17.0897,9.54892
17.9568,20.8475,8.37599
8.62934,-33.1372,22.5573
3.92424,-12.895,13.741
2.02662,-0.449211,9.11433
-0.273714,7.63856,10.3756
0.624671,11.7193,10.913
3.55381,13.2175,10.0767
6.68367,14.2159,9.08615
10.3722,15.368,8.34008
15.3815,16.2487,6.95207
21.5011,16.3674,4.6015
-4.5976,0.716477,1.58034
6.97759,-4.8457,5.79496
0.967266,10.2497,3.42058
-3.09344,15.3897,12.0671
-0.318006,15.9554,13.2559
3.81314,15.6386,11.6727
8.24433,15.061,9.87929
12.8132,14.4918,7.89953
17.6281,13.5857,5.90568
22.8628,11.9851,3.60168
7.57932,-8.24685,4.14374
19.8022,-17.2281,6.6393
-2.9119,25.7919,-4.36647
-7.92827,23.3257,19.7024
-2.97706,19.7933,16.2162
1.76024,17.7709,13.5638
6.42504,16.3304,11.352
10.8158,15.1049,9.13081
15.1099,14.0753,7.11619
19.0646,12.9208,5.36485
