3.49173,4.55243,0.0235603
2.52661,4.36104,-0.11869
3.46525,4.69782,-0.0278909
2.79504,4.93077,0.691345
2.39798,4.00402,0.576855
2.70167,4.48036,1.38542
2.5568,5.47332,1.30732
2.69917,6.03946,0.541017
3.31472,6.58675,-0.0443953
3.96287,7.20911,0.467312
4.02011,5.3966,-0.0276772
3.32945,4.78173,0.443104
2.50321,4.41634,-0.0156865
2.80553,3.8933,0.756398
2.60149,4.61703,1.3802
3.30871,4.9816,0.722434
3.03193,5.9253,0.55558
3.174,6.93359,0.293902
4.14579,7.1384,-0.0344127
3.31667,6.59462,-0.0289804
4.61064,4.84994,0.60286
4.01493,5.42405,0.0701346
3.49864,4.53798,0.181582
3.80269,3.77035,0.743715
3.39626,4.75281,0.734794
3.40499,4.9909,-0.268313
3.73979,5.93508,-0.152928
4.19001,6.80241,0.0955748
3.87929,7.38495,0.870003
4.15808,7.18361,-0.118229
5.50331,4.43156,0.47004
5.02658,5.28873,0.0922727
4.50474,4.38144,0.142549
4.69293,4.08069,1.08596
4.31204,4.66897,0.38341
4.24425,5.52088,-0.165267
3.49413,5.31698,-0.917109
4.20481,6.02926,-0.612275
4.25977,6.60338,0.271145
3.9376,7.37946,0.826484
4.91644,3.70854,0.0761773
4.56654,4.5394,-0.356935
5.09233,5.27231,0.0248207
4.58318,4.39353,0.143193
4.63879,5.19594,-0.438719
4.90965,5.23173,0.561052
4.07786,5.0132,-0.067983
4.83378,5.24879,-0.6807
4.9213,5.8284,0.231492
4.20597,6.52902,0.356783
5.62255,3.96346,-0.646358
4.9768,4.51549,-1.29969
4.37056,5.01029,-0.598654
4.69768,5.46377,0.268954
5.48618,4.89279,0.0287149
5.26699,5.84577,-0.20354
5.02256,5.05342,0.3798
4.88555,5.98135,0.0435743
4.8984,5.06905,-0.407349
4.70822,6.02438,-0.367165
6.27992,3.53035,-1.26346
5.24596,3.54764,-1.10792
4.89394,4.21184,-0.392956
5.53939,4.85748,0.115345
5.18296,5.84078,0.136067
5.71563,6.7213,0.0290872
5.65846,5.75678,0.104324
5.0856,5.16132,-0.496808
5.60658,4.49808,0.0677877
5.34358,5.25674,-0.549629
6.32165,4.45334,-1.64856
5.47422,4.5303,-1.09501
5.83594,4.53957,-0.133158
6.04112,4.31971,0.846886
5.83945,5.00956,0.133027
5.84838,5.8241,-0.467788
6.62608,5.51433,0.0846858
6.07445,5.09607,-0.750194
5.32115,5.4346,-0.233509
4.74325,5.99787,-0.820331
6.19056,5.29169,-1.13985
5.29927,5.33978,-0.549745
5.40598,5.25013,0.447725
6.11073,4.74349,-0.0351695
6.66248,4.78891,0.777288
5.90755,5.2698,0.376144
6.44492,4.55239,-0.0412366
7.09657,4.88493,-0.718918
6.17111,5.4404,-0.706525
5.66905,6.32107,-1.03373
5.53265,5.57929,-0.466884
5.43969,5.18355,0.444603
5.53501,5.66438,-0.416742
5.39911,5.25896,0.483001
6.22188,5.70988,0.78276
6.77788,5.54798,-0.0118931
7.1448,4.92812,-0.72328
7.34803,5.19565,-1.66498
6.82925,5.94468,-1.26193
5.95846,5.84526,-1.85499
