0.14976,0.497214,-2.25795
0.110971,1.8161,-2.26536
0.145927,3.08147,-2.32306
0.193823,4.3399,-2.32931
0.220231,5.59189,-2.38442
0.174389,6.83626,-2.54268
0.191375,8.12988,-2.5501
0.319062,9.36195,-2.5362
0.457579,10.5629,-2.58959
0.790176,11.7248,-2.65907
1.23869,12.7945,-2.70467
1.10371,13.8533,-2.40462
0.597693,14.7352,-2.21613
0.586831,15.6666,-1.87778
0.0811335,16.6098,-1.74809
0.44008,17.4513,-1.36723
-0.163817,18.1506,-1.7731
0.110392,17.3378,-1.28559
-0.0196844,18.3059,-0.957994
-0.0252419,18.9434,-0.15251
0.81427,1.3391,-2.32461
0.815946,2.54839,-2.35951
0.947249,3.70431,-2.42253
0.993399,4.92363,-2.55844
1.11861,6.10327,-2.59723
1.13463,7.28681,-2.62723
1.22173,8.46411,-2.72241
1.28405,9.69485,-2.7728
1.52732,10.9638,-2.77372
1.94677,12.1224,-2.85249
2.4586,13.2884,-2.7852
2.15377,14.2928,-2.37147
1.46421,15.1029,-2.53605
1.60946,15.9185,-1.94851
1.09838,16.7298,-1.64116
1.51276,17.6396,-1.41463
0.853975,18.1589,-1.93744
1.12768,17.2934,-1.45816
1.02098,18.2105,-1.14092
0.898694,19.0397,-0.609445
1.817,1.71859,-2.46034
1.81852,2.83659,-2.38443
1.91618,4.03753,-2.40091
1.952,5.23128,-2.49087
2.07469,6.42604,-2.53106
2.11958,7.63466,-2.66873
2.20588,8.88132,-2.80051
2.24107,10.1592,-2.84556
2.49162,11.4881,-2.89597
2.83818,12.7845,-2.94762
3.55761,14.0819,-2.95066
2.9457,15.0713,-2.28266
1.98245,15.979,-2.45539
2.44104,16.6233,-1.67744
1.73068,17.5025,-1.88399
2.44376,17.1198,-1.41717
1.79984,17.9438,-1.56521
2.14358,17.0487,-1.58237
1.95141,18.0648,-1.42857
1.82272,19.0355,-1.0272
2.79783,1.39253,-2.37613
2.79749,2.52032,-2.40731
2.84975,3.67337,-2.42202
2.90164,4.85182,-2.47453
3.04372,6.01926,-2.47942
3.0488,7.15787,-2.65423
3.03105,8.31691,-2.68327
2.97456,9.49114,-2.69206
3.121,10.6441,-2.80885
3.21858,11.8099,-3.02554
3.22919,12.9855,-3.0049
3.09703,14.06,-2.63811
2.65539,15.0455,-2.5024
3.01196,15.9161,-2.18313
2.49465,16.7495,-1.88837
3.29171,17.3381,-1.90636
2.76034,17.8511,-1.20916
3.07342,17.2445,-1.9514
2.97143,18.1803,-1.48886
2.86388,19.0594,-0.992959
3.80732,1.15176,-2.37715
3.72631,2.24188,-2.33232
3.77494,3.37557,-2.22236
3.87275,4.46242,-2.29846
3.91604,5.61173,-2.29986
3.97505,6.697,-2.42759
3.91353,7.81462,-2.60514
3.84545,8.92518,-2.65705
3.92213,10.0316,-2.7303
3.93894,11.1533,-2.83204
3.87094,12.2128,-2.67719
3.62511,13.2423,-2.40314
3.4886,14.3105,-2.3022
3.67577,15.1832,-1.87754
3.38387,16.1484,-2.01348
4.12172,16.8358,-2.03893
3.72932,17.5197,-1.31196
4.09265,17.458,-2.25996
3.96447,18.3682,-1.74439
3.82329,19.2046,-1.20214
4.78419,0.811847,-2.32888
4.69663,1.89156,-2.2456
4.70597,2.93883,-2.13676
4.87525,4.0529,-2.08628
4.78809,5.13993,-2.34716
4.84715,6.20581,-2.29509
4.78468,7.29687,-2.36786
4.82913,8.40931,-2.47354
4.76179,9.50353,-2.46473
4.72647,10.5396,-2.55098
4.73784,11.5914,-2.44891
4.55347,12.6299,-2.32344
4.37864,13.6449,-2.09608
4.54527,14.6633,-1.93055
4.35318,15.6949,-1.82321
5.008,16.4355,-1.76679
4.71737,17.2365,-1.17358
5.06165,17.2978,-2.12615
4.96885,18.1675,-1.58533
4.78352,18.9565,-0.92457
5.69629,0.361168,-2.15491
5.62245,1.42303,-2.13853
5.69211,2.55685,-2.07206
5.83945,3.5937,-2.08688
5.70493,4.63872,-2.32494
5.77385,5.71451,-2.35984
5.64814,6.78654,-2.37152
5.67942,7.88544,-2.33981
5.63768,8.93464,-2.19078
5.59632,9.97509,-2.34604
5.53771,11.0086,-2.05204
5.42968,12.0645,-1.96099
5.34981,13.1102,-2.00824
5.44339,14.1341,-1.92374
5.23857,15.1152,-1.73979
5.82468,15.9581,-1.6051
5.65933,16.9197,-1.40365
6.07542,17.5252,-2.10085
5.98133,18.3124,-1.46629
5.81386,18.968,-0.687735
6.69769,0.119584,-1.89458
6.58433,1.14565,-1.97845
6.69949,2.21352,-2.08071
6.77513,3.27562,-2.19876
6.70783,4.34995,-2.16244
6.66159,5.40541,-2.05839
6.63078,6.46258,-2.24938
6.68779,7.54298,-2.13832
6.58203,8.49527,-2.02687
6.47264,9.53037,-1.92788
6.45332,10.5838,-1.89373
6.35767,11.622,-1.94116
6.33232,12.6686,-1.97002
6.38857,13.6894,-2.0004
6.23729,14.6662,-1.84398
6.73557,15.5182,-1.51656
6.5883,16.4664,-1.27939
6.96914,17.2125,-1.85327
6.96242,18.0633,-1.32835
6.83509,18.9888,-0.907498
7.74424,0.00325938,-1.84099
7.67612,1.02092,-1.86888
7.72299,2.07672,-2.01233
7.753,3.13348,-2.0265
7.6393,4.15207,-1.87124
7.62969,5.17098,-1.74453
7.59238,6.24535,-1.88547
7.65181,7.26442,-1.93618
7.64099,8.33097,-1.97811
7.55809,9.39023,-1.85555
7.47282,10.3905,-1.68093
7.39218,11.4216,-1.91079
7.37695,12.4283,-1.82306
7.40461,13.4387,-1.84737
7.33507,14.4502,-1.84909
7.75228,15.2916,-1.55856
7.62252,16.2306,-1.15818
7.93983,17.0713,-1.63878
7.942,17.8884,-1.09603
7.83734,18.8572,-0.878018
8.77609,-0.114948,-1.78808
8.71492,0.884298,-1.75018
8.76003,1.92078,-1.86883
8.74821,2.98794,-1.939
8.70398,4.07653,-1.8037
8.63056,5.12811,-1.60476
8.66911,6.08663,-1.77612
8.64151,7.09877,-1.88164
8.6522,8.16589,-1.8108
8.5629,9.19584,-1.83541
8.53417,10.2418,-1.64301
8.44798,11.2599,-1.69414
8.38534,12.3001,-1.94224
8.39991,13.2716,-1.67413
8.40266,14.3258,-1.82664
8.75581,15.267,-1.49231
8.62818,16.1931,-1.19308
8.94507,17.1266,-1.32197
8.90678,18.0583,-0.873147
8.84787,19.0789,-0.935157
9.79593,-0.274361,-1.58232
9.76703,0.7446,-1.53292
9.80501,1.80828,-1.55447
9.7844,2.85683,-1.79601
9.74799,3.91642,-1.81426
9.66096,4.91386,-1.60501
9.64377,5.93742,-1.63857
9.64929,6.96503,-1.54318
9.66592,8.08066,-1.58745
9.53355,9.08614,-1.7032
9.58097,10.0907,-1.76124
9.50869,11.1563,-1.6248
9.43099,12.1789,-1.65132
9.43934,13.2253,-1.50816
9.3708,14.2569,-1.58609
9.72631,15.1544,-1.18581
9.65022,16.1757,-1.20671
9.90895,17.1736,-0.924006
9.96011,18.2048,-0.807154
9.87073,19.2376,-0.916486
10.8478,-0.180123,-1.4661
10.7562,0.864724,-1.48234
10.8165,1.89531,-1.62739
10.7862,2.93068,-1.91286
10.8199,3.93295,-1.99696
10.7387,4.92143,-1.59264
10.6844,5.97873,-1.57591
10.7212,7.01095,-1.6623
10.6906,8.0536,-1.54122
10.68,9.06781,-1.62901
10.6131,10.0756,-1.53336
10.5601,11.0785,-1.41583
10.5008,12.0953,-1.46752
10.4566,13.1442,-1.58713
10.4164,14.1527,-1.5743
10.7969,15.1408,-1.393
10.7139,16.1206,-1.12402
10.9021,17.1374,-1.05311
11.0213,18.1595,-0.86972
10.9397,19.1426,-0.819639
11.8672,-0.0637989,-1.38531
11.8207,0.952409,-1.57616
11.8206,1.98818,-1.45374
11.7848,2.90936,-1.87259
11.8089,3.94811,-1.74077
11.8095,4.96898,-1.59761
11.7407,5.96648,-1.68199
11.7187,6.97353,-1.63317
11.7449,8.00436,-1.59952
11.7282,9.04167,-1.50232
11.6896,10.0419,-1.4985
11.5575,11.0581,-1.44517
11.5472,12.1323,-1.35357
11.5409,13.1391,-1.56951
11.4948,14.1336,-1.50325
11.8374,15.0275,-1.20869
11.7727,16.0312,-1.15089
11.8813,17.0807,-1.26294
12.0082,18.1057,-1.16236
11.928,19.0684,-0.868368
12.9066,-0.117786,-1.42774
12.8402,0.924274,-1.53182
12.8794,1.92811,-1.48671
12.8513,2.95492,-1.7274
12.834,3.98326,-1.54193
12.8506,4.99185,-1.57894
12.7527,5.98726,-1.6699
12.7354,6.96636,-1.50118
12.7604,7.94819,-1.57085
12.7672,8.98968,-1.50645
12.695,9.99095,-1.45584
12.5922,11.041,-1.46584
12.5795,12.0917,-1.40245
12.5758,13.0968,-1.40197
12.5507,14.176,-1.36611
12.8977,15.1089,-1.18541
12.8005,16.125,-1.18618
12.9331,17.1497,-1.18038
12.9941,18.1582,-0.972658
12.9212,19.1383,-1.015
13.8832,-0.188858,-1.23325
13.8826,0.865871,-1.34869
13.9053,1.88664,-1.28548
13.8587,2.93865,-1.47857
13.8593,3.93443,-1.69071
13.9103,4.99261,-1.65732
13.7689,6.00124,-1.6748
13.7663,6.98748,-1.39483
13.7454,8.01516,-1.36841
13.7641,9.0075,-1.40874
13.7478,10.0983,-1.34009
13.6587,11.0862,-1.25004
13.5776,12.0981,-1.43661
13.6243,13.0804,-1.34004
13.603,14.1315,-1.28049
13.885,15.1017,-1.21071
13.8737,16.1074,-1.00835
13.9448,17.0817,-1.02016
14.0319,18.1704,-0.963854
13.9484,19.2256,-0.972994
14.9045,-0.259465,-1.30419
14.8806,0.821787,-1.35402
14.9148,1.83094,-1.53758
14.9919,2.88747,-1.49485
14.8804,3.90887,-1.457
14.8931,4.96927,-1.45184
14.7947,5.97879,-1.61409
14.7979,7.02287,-1.3641
14.7921,8.00645,-1.46714
14.8163,9.0427,-1.55123
14.7582,10.0716,-1.50895
14.7035,11.0892,-1.2942
14.6915,12.1311,-1.53253
14.6471,13.1147,-1.27034
14.6934,14.1183,-1.27888
14.9616,15.0846,-1.17975
14.9273,16.0838,-1.04398
14.9921,17.1428,-1.0206
15.0988,18.181,-1.01346
14.944,19.1864,-0.66831
16.0247,-0.241432,-1.3355
15.9409,0.770852,-1.42463
15.9545,1.76468,-1.52169
16.0444,2.7888,-1.61408
15.93,3.79194,-1.5738
15.8995,4.84327,-1.55843
15.8298,5.87739,-1.50871
15.8238,6.91348,-1.35669
15.8195,7.93796,-1.22278
15.8487,8.94871,-1.47476
15.7046,9.99738,-1.21435
15.7194,11.0253,-1.37524
15.7924,12.0715,-1.34448
15.7058,13.0909,-1.39742
15.7524,14.0812,-1.32485
15.9961,15.0445,-1.08703
15.9413,16.103,-0.928599
15.9916,17.1239,-0.876824
16.1454,18.182,-0.897467
15.9883,19.1398,-0.756709
17.0716,-0.26545,-1.3705
16.9619,0.739888,-1.33737
16.9866,1.74685,-1.41273
17.0315,2.82468,-1.28676
16.9536,3.82137,-1.44105
16.9443,4.80236,-1.44736
16.901,5.8259,-1.43046
16.8615,6.86759,-1.24481
16.9109,7.91085,-1.30383
16.8994,8.92119,-1.19938
16.7378,9.97146,-1.22741
16.7319,10.9967,-1.12087
16.8437,11.9809,-1.2345
16.7702,13.0583,-1.30415
16.8378,14.1226,-1.29111
17.0095,15.0972,-1.11828
17.0096,16.0771,-1.01671
17.0443,17.1453,-0.891589
17.2027,18.1805,-0.720743
17.0227,19.2332,-0.535624
18.0597,-0.264113,-1.11373
17.9659,0.793365,-1.21762
18.0091,1.7817,-1.22123
18.0214,2.83401,-1.24621
17.9261,3.85897,-1.15105
17.8755,4.90454,-1.00713
17.9424,5.92953,-1.2244
17.858,6.98754,-1.15983
17.9268,8.03621,-1.12011
17.9337,9.08794,-1.17889
17.7385,10.161,-1.19547
17.8182,11.1632,-1.21408
17.8498,12.1731,-1.30474
17.8576,13.1473,-1.23682
17.9203,14.1499,-1.29776
18.0177,15.1164,-1.03362
17.9874,16.1638,-0.860921
18.0794,17.1846,-0.915824
18.2272,18.0826,-0.510126
18.0325,19.0646,-0.399704
19.0647,0.0570788,-1.00677
18.9128,1.01595,-1.23057
18.9999,1.97476,-0.969576
18.9976,2.9693,-1.22977
18.9191,3.99489,-0.992187
18.8751,4.94649,-1.20613
19.0034,6.00183,-1.29291
18.8842,7.01303,-1.09968
18.9303,8.03833,-1.08521
19.0136,9.07823,-1.05044
18.7518,10.0944,-1.119
18.8923,11.101,-1.15737
18.9015,12.1024,-1.15801
18.8625,13.0963,-1.20683
18.937,14.1464,-1.20676
19.0186,15.1366,-1.06946
19.0728,16.1201,-0.824235
19.077,17.1955,-0.8331
19.2489,18.0785,-0.254772
19.0183,19.0714,-0.0517533
