0.1022,0.168102,-1.59938
-0.00714438,1.47338,-1.65831
0.0115696,2.69893,-1.69114
0.0549272,3.9867,-1.72048
0.0772149,5.23678,-1.78969
0.109589,6.47156,-1.95873
0.154189,7.7137,-2.21584
0.183261,8.95312,-2.34137
0.189215,10.2164,-2.56202
0.377047,11.4019,-2.83063
0.600485,12.569,-2.97277
0.713514,13.7009,-2.84375
0.384509,14.6794,-2.51352
0.274184,15.7055,-2.12458
0.114328,16.6232,-1.62918
0.230607,17.5869,-1.17591
-0.11395,18.2868,-0.526926
0.00703757,17.9622,-1.47902
0.119608,18.3831,-0.573577
-0.0456221,19.0092,0.230674
0.778375,0.97243,-1.6612
0.813541,2.16414,-1.76792
0.830882,3.35278,-1.8263
0.876681,4.49761,-1.87671
0.963854,5.74783,-2.00474
1.00284,6.93473,-2.25776
1.06867,8.23197,-2.39626
1.09413,9.44671,-2.67361
1.15204,10.6694,-2.87296
1.3214,11.9134,-3.16166
1.57661,13.0565,-3.41816
1.69515,14.1787,-3.11438
1.38488,15.0851,-2.61002
1.27497,16.0799,-2.19177
1.13884,16.8899,-1.54271
1.16572,17.8554,-1.51435
0.945289,18.2908,-0.630467
0.967626,17.6867,-1.48884
1.0886,18.4791,-0.944615
0.957158,19.0159,-0.0558855
1.79555,1.23418,-1.81575
1.78814,2.41355,-1.90471
1.82117,3.61076,-1.96728
1.77913,4.79558,-2.17171
1.90469,6.05159,-2.31833
1.99781,7.30609,-2.45237
2.00001,8.56399,-2.67446
2.04701,9.8509,-2.93726
2.05726,11.1855,-3.20562
2.17797,12.4698,-3.62701
2.29426,13.8307,-4.16878
2.26648,15.0943,-3.45079
2.17498,15.5573,-2.06043
2.19036,16.8262,-2.27134
2.00216,17.3746,-1.17017
2.12831,18.0425,-1.86704
1.99828,18.3226,-0.904291
1.96807,17.7536,-1.71386
2.02558,18.1805,-0.778323
1.99729,18.9506,-0.106961
2.81093,0.988464,-1.82636
2.82817,2.13926,-1.84792
2.78479,3.31167,-1.96822
2.81204,4.46861,-2.04362
2.90341,5.72019,-2.25534
2.92849,6.84075,-2.46281
2.88883,8.07276,-2.65748
2.9495,9.25956,-2.85832
2.85456,10.4777,-3.01508
2.90241,11.7397,-3.25556
2.85238,12.9233,-3.48233
2.79615,14.0542,-3.22123
2.86488,14.8033,-2.42552
2.79766,15.8512,-2.22448
2.63109,16.4989,-1.39631
2.95685,17.4244,-1.66921
2.95111,17.8542,-0.748534
2.97742,17.5131,-1.70598
3.00643,18.061,-0.86498
2.91697,19.0242,-0.569951
3.77341,0.675387,-1.66487
3.80306,1.79138,-1.75593
3.77148,2.95613,-1.84363
3.75526,4.07282,-1.86516
3.79651,5.26522,-2.00782
3.82288,6.43692,-2.13635
3.78368,7.58525,-2.29597
3.81909,8.73829,-2.56281
3.74661,9.82633,-2.80077
3.67197,10.9554,-2.98675
3.50276,12.0766,-3.0367
3.48654,13.1938,-2.86225
3.65289,14.1506,-2.44191
3.53979,15.1061,-2.11529
3.5144,15.9412,-1.5691
3.78679,16.8923,-1.33239
3.81194,17.3787,-0.441691
4.03013,17.6217,-1.4296
3.98793,18.2653,-0.655196
3.87541,19.2002,-0.258516
4.83587,0.454653,-1.55318
4.83671,1.59844,-1.66812
4.80803,2.7325,-1.71508
4.75066,3.84782,-1.88597
4.77672,4.96226,-1.86603
4.74234,6.06632,-1.94307
4.72986,7.2041,-2.04956
4.64972,8.30285,-2.21498
4.61174,9.39357,-2.39865
4.57752,10.446,-2.62142
4.34585,11.5181,-2.66144
4.28903,12.5337,-2.51986
4.45802,13.484,-2.22658
4.38007,14.492,-1.96315
4.47414,15.421,-1.5183
4.627,16.3245,-1.1191
4.68315,16.9334,-0.26466
4.93027,17.264,-1.21052
4.96291,18.2865,-0.870693
4.84245,18.9961,-0.123325
5.81612,0.190329,-1.34251
5.80223,1.3326,-1.38377
5.77205,2.4325,-1.51695
5.75575,3.54955,-1.61241
5.72048,4.66474,-1.70992
5.68983,5.72051,-1.65241
5.65626,6.7794,-1.72334
5.55147,7.85993,-1.90266
5.49258,8.90413,-2.14714
5.46438,9.9298,-2.38098
5.30683,11.0021,-2.51332
5.25932,12.0238,-2.3246
5.40385,13.0637,-2.10688
5.35875,14.053,-1.9939
5.40595,14.9044,-1.41405
5.49979,15.7918,-0.977178
5.67936,16.4863,-0.192407
5.84252,17.2339,-0.798514
6.00245,18.2301,-0.850969
5.84593,19.0063,-0.246391
6.82614,0.0810083,-1.1318
6.84541,1.15958,-1.25217
6.76025,2.23644,-1.25412
6.69044,3.31185,-1.24776
6.65819,4.40248,-1.41894
6.64542,5.4733,-1.35313
6.60608,6.46225,-1.68981
6.497,7.50245,-1.63775
6.47686,8.56807,-1.82876
6.40825,9.60037,-1.97833
6.3129,10.693,-2.19535
6.33254,11.7505,-2.18681
6.43913,12.7502,-1.8327
6.32298,13.7228,-1.75252
6.41339,14.5747,-1.25112
6.52539,15.5445,-0.989624
6.67636,16.246,-0.281036
6.83147,17.1881,-0.553642
6.98774,18.1769,-0.661434
6.8366,18.863,0.0279946
7.85325,0.0190985,-0.957585
7.86622,1.02809,-1.20949
7.80535,2.07943,-1.17253
7.71362,3.14702,-1.24158
7.62291,4.189,-1.30196
7.66902,5.27419,-1.32258
7.60931,6.30735,-1.34563
7.54568,7.33868,-1.5233
7.47427,8.3617,-1.60939
7.38231,9.34518,-1.8956
7.30931,10.4016,-1.8501
7.28833,11.397,-1.84086
7.39865,12.4122,-1.58842
7.3003,13.3937,-1.43564
7.42944,14.3949,-1.05044
7.50429,15.3527,-0.761818
7.72428,16.1371,-0.211444
7.85177,17.0328,-0.605371
7.96327,17.9977,-0.491675
7.92518,18.9727,-0.093115
8.89763,-0.0954466,-0.984524
8.84564,0.923518,-0.896167
8.80717,1.99464,-0.939021
8.69465,3.05695,-0.971178
8.68615,4.10483,-1.22925
8.66278,5.15102,-1.2533
8.59437,6.11542,-1.41788
8.53371,7.12563,-1.29396
8.55433,8.20146,-1.30025
8.40462,9.16036,-1.6059
8.3455,10.2484,-1.55337
8.25984,11.3031,-1.53446
8.44024,12.2794,-1.45806
8.39352,13.3083,-1.28459
8.48428,14.3394,-1.07375
8.49999,15.1975,-0.528758
8.70484,16.1842,-0.257015
8.90565,17.1476,-0.42822
9.01401,18.1506,-0.525437
8.92508,19.1141,-0.265554
9.89537,-0.18721,-0.887933
9.87314,0.834941,-0.951057
9.76553,1.88573,-0.781445
9.73844,2.91747,-1.06036
9.63536,3.93929,-1.00759
9.63302,4.94658,-1.08728
9.56752,5.96809,-1.10392
9.5581,6.9726,-1.13758
9.56929,8.0512,-1.23315
9.45153,9.07969,-1.33256
9.3932,10.1175,-1.414
9.33621,11.1729,-1.46074
9.44677,12.1674,-1.22986
9.38775,13.2155,-1.17949
9.50005,14.1906,-0.99371
9.5612,15.152,-0.698593
9.76128,16.1124,-0.400443
9.96161,17.0718,-0.243501
10.032,18.0668,-0.498544
9.95203,19.0756,-0.461174
10.9003,-0.108866,-0.662447
10.8446,0.905188,-0.827
10.8154,1.91831,-1.00107
10.7887,2.93468,-1.08693
10.7308,3.92037,-0.965603
10.6555,4.9665,-1.01746
10.6098,6.00196,-1.10504
10.6668,7.0554,-1.07984
10.6174,8.10226,-1.06885
10.5067,9.11458,-1.06721
10.436,10.1325,-1.35839
10.3676,11.1293,-1.25571
10.515,12.145,-1.23659
10.4438,13.1465,-1.12126
10.5357,14.1782,-1.10224
10.605,15.0637,-0.632026
10.7871,16.0623,-0.427049
11.0057,17.0825,-0.51879
11.0801,18.0896,-0.46813
10.9645,19.1045,-0.324656
11.9492,0.0920347,-0.43112
11.9187,1.02871,-0.702164
11.8544,1.93574,-1.13534
11.802,2.98407,-1.08673
11.7525,3.9317,-0.881372
11.6887,4.97716,-0.830009
11.7186,5.98398,-1.06776
11.704,7.01455,-1.11751
11.6226,8.02411,-0.9953
11.5993,9.06796,-0.958083
11.4738,10.0623,-1.02408
11.3949,11.1244,-1.01012
11.6275,12.1095,-0.989099
11.4933,13.1341,-0.814286
11.5515,14.1504,-0.89219
11.6584,15.141,-0.740721
11.8105,16.1485,-0.52468
11.9593,17.1047,-0.165798
12.1103,18.0987,-0.39161
11.9746,19.1212,-0.356417
12.9589,-0.0207099,-0.32288
12.9653,0.951353,-0.552556
12.8568,1.99507,-0.819739
12.778,3.0065,-0.863134
12.7675,4.01581,-0.728712
12.6885,5.02663,-0.872701
12.7391,6.05614,-0.836647
12.7224,7.04005,-1.02993
12.6984,8.03094,-0.797012
12.6296,9.08068,-0.880212
12.5206,10.1567,-0.935267
12.4423,11.1815,-0.927854
12.6709,12.1382,-0.917277
12.5299,13.1357,-0.719056
12.5857,14.1533,-0.791266
12.659,15.1968,-0.547771
12.869,16.1523,-0.496966
12.9292,17.1606,-0.462932
13.0969,18.1201,-0.189993
12.9747,19.0971,-0.15295
13.9982,-0.134581,-0.450618
13.9902,0.901172,-0.529072
13.9013,1.93895,-0.591534
13.7405,2.96359,-0.500208
13.8462,3.96053,-0.643898
13.8038,4.9725,-0.834382
13.8342,5.97375,-0.982391
13.7545,6.99313,-0.944273
13.7424,8.03001,-0.909079
13.6824,9.09771,-0.785772
13.5812,10.1098,-0.949129
13.5295,11.1765,-0.716929
13.7072,12.1904,-0.880322
13.5813,13.1933,-0.95186
13.6586,14.1876,-0.754091
13.7344,15.1864,-0.658684
13.9078,16.2209,-0.597253
13.9033,17.2093,-0.317292
14.0942,18.1664,-0.0516739
13.9839,19.1143,-0.184017
14.9609,-0.122825,-0.207624
15.0549,0.897787,-0.497562
14.9391,1.90266,-0.524155
14.7771,2.89031,-0.476559
14.8146,3.96494,-0.510877
14.9224,4.9765,-0.756041
14.8428,5.99985,-0.879043
14.7912,7.02113,-0.878646
14.8231,8.04259,-0.905393
14.7277,9.08054,-0.862511
14.6822,10.0923,-0.785458
14.6761,11.1346,-0.699252
14.7974,12.1016,-0.885659
14.6646,13.0985,-0.90246
14.6943,14.1564,-0.785766
14.7677,15.2173,-0.6859
15.0119,16.2286,-0.511664
14.9301,17.2046,-0.225285
15.05,18.2022,-0.295825
15.007,19.1888,-0.263668
15.9967,-0.152205,-0.448711
16.1012,0.824726,-0.45121
15.9782,1.85827,-0.495047
15.8551,2.85354,-0.444826
15.8658,3.89197,-0.502548
15.9528,4.95238,-0.682269
15.8976,5.95205,-0.881784
15.8075,6.94825,-0.760851
15.808,8.01427,-0.875628
15.8015,9.03014,-0.769808
15.7636,10.0364,-0.644346
15.7903,11.0451,-0.684796
15.7915,12.0371,-0.586541
15.732,13.0201,-0.811026
15.7506,14.09,-0.692352
15.8315,15.0933,-0.533555
15.9268,16.0988,-0.211496
15.9328,17.1389,-0.109751
16.0662,18.1727,-0.186975
16.0322,19.1804,-0.0169378
17.0764,-0.107691,-0.264525
17.0841,0.89884,-0.476293
16.9559,1.8848,-0.440791
16.894,2.90722,-0.389904
16.8608,3.92101,-0.488162
16.944,4.91799,-0.391934
16.9476,5.92412,-0.689572
16.8559,6.95746,-0.84431
16.8523,8.0075,-0.831123
16.8289,9.02602,-0.880169
16.8476,10.042,-0.600824
16.8781,11.0374,-0.684167
16.8385,12.0756,-0.446812
16.7524,13.0757,-0.532267
16.8285,14.064,-0.590316
16.839,15.0174,-0.239741
16.9541,16.0242,-0.334571
16.9551,17.0311,-0.0331828
17.0728,18.0169,-0.064742
17.0347,19.0063,0.200055
18.1298,-0.185366,-0.427342
18.0758,0.902899,-0.549434
17.9848,1.99688,-0.448143
17.9073,2.99435,-0.267678
17.9014,4.02134,-0.369112
17.9505,5.03995,-0.283154
17.9653,5.99157,-0.550536
17.8903,6.99893,-0.760573
17.9119,8.00603,-0.907178
17.8854,9.01862,-0.732438
17.8706,10.0247,-0.484713
17.9447,11.0202,-0.573681
17.8755,12.027,-0.288626
17.8061,13.0277,-0.3489
17.8525,14.0554,-0.465014
17.9098,15.0751,-0.365032
17.9907,16.0389,-0.161544
17.9482,17.0995,-0.205676
18.0244,18.0681,0.18825
17.9453,18.9284,0.654366
19.1354,0.0280648,-0.524723
19.1169,1.04003,-0.357909
19.0429,2.03388,-0.269607
18.9465,3.04905,-0.332139
18.8871,4.05054,-0.270165
18.9987,5.02027,-0.446568
19.0101,6.01151,-0.530128
18.895,7.00111,-0.465206
18.9515,8.00921,-0.669042
18.9467,9.02091,-0.66852
18.9143,10.0141,-0.516614
18.9526,11.0089,-0.342045
18.9379,12.0156,-0.303726
18.8729,13.0681,-0.27466
18.8952,14.0498,-0.449193
18.9841,15.0634,-0.202899
19.0695,16.0376,-0.279369
18.9721,17.0451,-0.233448
19.0861,18.0321,0.0691946
18.9273,18.9586,0.486428
