4.61877,4.98773,0.234626
3.97682,4.22087,0.332023
3.74999,5.18498,0.595349
3.5631,5.88205,1.37784
2.69188,5.83423,0.796246
3.37906,5.06877,0.855223
4.34527,5.25757,0.521793
4.30435,6.24038,0.441554
4.78799,5.30701,0.242174
4.43326,6.20409,-0.0334147
3.98195,4.37192,0.720353
4.21439,5.27497,0.306973
3.61588,4.69926,-0.264599
3.45339,5.34503,0.484979
2.53236,4.85612,0.736467
2.95373,5.47652,0.0548326
3.73147,6.04334,0.532554
4.13599,5.55343,-0.218076
4.53804,6.27192,0.261562
3.96013,5.43652,0.446873
4.87936,4.57125,0.342048
5.16041,5.56969,0.405448
4.29532,5.06724,0.376193
3.60481,4.31721,0.282763
2.66547,4.38984,-0.151982
3.6215,4.74466,0.0603534
4.31697,5.48659,-0.0785852
4.28745,6.37258,0.379199
4.43136,7.23652,-0.0962706
3.96098,6.37529,0.105567
4.83419,4.56756,-0.674093
4.66084,4.66725,0.301605
3.82209,4.18398,0.637107
4.4273,4.86434,0.215989
3.64483,4.48462,-0.329096
4.41721,5.12685,-0.464257
4.12464,5.85001,-1.07188
4.04934,6.6954,-0.520292
3.93578,6.5485,0.438429
4.92686,6.20622,0.440361
4.33722,4.70285,-1.52875
4.75845,5.00685,-0.657564
4.551,4.79484,0.323957
5.12113,4.63663,-0.504752
4.36043,5.12455,-0.0247505
5.00976,5.82258,-0.111026
5.04372,6.21264,-1.05309
4.03155,5.93605,-1.15199
3.82185,5.79561,-0.166509
4.74516,5.40344,-0.206378
5.06068,3.97537,-1.57511
5.18015,4.13835,-0.591479
5.51988,4.72683,0.191409
5.54911,3.79633,-0.193884
5.26162,4.73896,-0.0710776
5.85175,5.44065,-0.567602
5.70641,6.34837,-0.296026
4.77733,6.1309,-0.515503
4.3839,5.26598,-0.825117
5.1175,4.60966,-0.656832
5.88819,4.30595,-1.04193
5.49733,3.40737,-1.17306
5.18042,4.07996,-0.501108
6.08868,4.59394,-0.499622
5.67841,5.516,-0.544868
5.369,4.7574,0.0306345
5.13595,5.70299,0.2039
4.17401,5.50078,-0.00971099
3.44083,5.6841,-0.739915
4.34896,5.17439,-0.906433
4.89658,4.38587,-1.18209
5.4364,4.01223,-0.365352
5.69408,4.87399,-0.844954
6.11526,5.61644,-0.283212
5.35093,5.73117,0.354103
6.23661,5.24443,0.178527
5.44173,4.99911,-0.446855
4.90129,5.80799,-0.597797
4.20143,5.06847,-0.823667
4.95694,4.95052,-0.127
5.13378,5.4468,-1.04178
4.91027,4.88921,-0.162477
5.76174,5.24126,0.141099
5.49167,6.19238,0.247731
5.57775,5.77119,-0.662059
5.65096,4.7906,-0.498492
5.99881,5.77114,-0.733772
5.36655,4.96891,-0.807294
4.73404,4.55515,-0.130027
5.0669,4.55694,-1.04987
5.05036,4.97208,-0.226075
5.50163,4.40473,0.464852
6.45062,4.50265,0.317899
5.7582,5.20219,0.12168
4.76051,5.31509,-0.166591
5.59539,5.8396,-0.422843
5.56149,4.8696,-0.72707
5.04417,3.99642,-0.639491
5.06391,4.97684,-0.945024
4.67479,5.05845,-1.86336
