-0.290805,1.45365,-0.81092
-0.0515824,1.76133,0.119901
-0.0607074,2.76543,0.209839
-0.0853969,3.72983,-0.0497024
-0.175124,4.72144,-0.0322306
-0.163778,5.7076,-0.286621
-0.185369,6.7141,-0.292453
-0.219901,7.62907,-0.625443
-0.143394,8.64055,-0.477309
-0.294061,9.53004,-1.01674
-0.126643,10.501,-0.846678
-0.128166,11.4352,-0.566887
-0.31926,12.3729,-0.825532
-0.257634,13.3459,-1.24935
-0.235606,14.3361,-1.34143
-0.194769,15.2859,-1.02209
-0.358068,16.1773,-0.62616
-0.378436,17.2123,-0.559893
-0.188965,18.1167,-0.132041
0.0735252,19.1309,-0.109262
0.063152,20.0976,-0.198288
-0.248167,21.0398,-0.093878
-0.134428,22.0617,-0.219941
-0.147746,22.8602,0.320396
-0.119416,23.88,0.0972839
-0.245894,24.802,0.446828
-0.125361,25.6185,-0.0939817
-0.0240761,26.5749,-0.402573
-0.234504,27.4954,-0.726334
-0.28728,28.4584,-0.446434
0.704273,1.67782,-0.902661
0.959969,2.02261,0.0307596
0.888748,3.0056,0.113236
0.91174,3.95014,-0.308213
0.861663,4.93148,-0.202524
0.803229,5.95202,-0.0285592
0.84341,6.93885,-0.3082
0.813941,7.82731,-0.813965
0.850948,8.75249,-0.545482
0.764217,9.67499,-1.0521
0.922471,10.6713,-0.909659
0.915781,11.6336,-0.681582
0.661238,12.4407,-1.17217
0.762517,13.4354,-1.37772
0.704068,14.4505,-1.70206
0.78424,15.2819,-1.14926
0.706397,16.2117,-0.643394
0.658599,17.2137,-0.620695
0.80033,18.153,-0.27062
1.07158,19.1377,-0.165792
1.12757,20.139,-0.402515
0.73889,21.0928,-0.268197
0.90473,22.0281,0.0369549
0.834675,22.8305,0.607776
0.900729,23.7374,0.21015
0.750804,24.7588,0.247823
0.920972,25.6504,-0.213016
1.01486,26.6409,-0.287548
0.721055,27.6336,-0.473562
0.76744,28.6467,-0.511292
1.78601,1.68651,-0.815079
1.97317,2.15483,0.104294
1.83551,3.12602,-0.112876
1.97869,4.17122,-0.257533
1.88034,5.18001,-0.458211
1.7951,6.16305,-0.279043
1.86944,7.2063,-0.32718
1.81997,8.09627,-0.739274
1.80055,9.10033,-0.609983
1.84747,10.0022,-1.09284
1.88063,11.0192,-1.05518
1.92087,11.9687,-0.745509
1.60714,12.6011,-1.49545
1.73291,13.5555,-1.15562
1.67909,14.4887,-1.59623
1.84486,15.3588,-1.07711
1.72145,16.3617,-0.906824
1.67131,17.3815,-0.665871
1.79989,18.2117,-0.0803888
2.1182,19.1611,-0.229392
2.13304,20.1634,-0.385302
1.7786,21.0672,-0.403543
1.9033,22.0757,-0.085992
1.83465,22.8167,0.659709
1.97271,23.7682,0.216111
1.76063,24.7459,0.209067
1.93351,25.6346,-0.210602
2.05915,26.6389,-0.487127
1.72556,27.6498,-0.546129
1.83675,28.6626,-0.651906
2.69591,2.08552,-1.03716
2.92749,2.39131,-0.13148
2.82591,3.42773,-0.134959
2.96414,4.41222,-0.190652
2.86316,5.33234,-0.626264
2.84756,6.29825,-0.391736
2.88336,7.35655,-0.332014
2.82094,8.32804,-0.703891
2.84113,9.33004,-0.882571
2.82666,10.3348,-1.21922
2.82945,11.3295,-1.38765
2.89335,12.2564,-0.823081
2.65204,12.7787,-1.62411
2.77851,13.7228,-1.31892
2.71332,14.6857,-1.5976
2.8793,15.4558,-0.961464
2.75191,16.4738,-1.0951
2.66037,17.3232,-0.576519
2.80927,18.2197,-0.262358
3.17296,19.1768,-0.348054
3.16606,20.2402,-0.387716
2.82204,21.169,-0.463631
2.88556,21.9779,0.0446638
2.87312,22.8561,0.508359
3.01647,23.7988,0.211133
2.85106,24.7877,0.152013
2.93312,25.6939,-0.372228
3.10891,26.6637,-0.494321
2.78234,27.6386,-0.57387
2.81781,28.604,-0.299438
3.67418,2.35026,-0.977474
3.88953,2.55646,-0.0330821
3.82031,3.5725,0.0617695
3.96138,4.59983,-0.155834
3.867,5.58388,-0.311716
3.88291,6.58759,-0.355565
3.89984,7.57631,-0.543474
3.78227,8.58911,-0.74962
3.84088,9.58046,-0.925147
3.82286,10.5854,-1.07346
3.84954,11.5567,-1.39807
3.87425,12.4431,-0.883813
3.66564,12.8483,-1.81988
3.73925,13.8457,-1.66389
3.75963,14.8378,-1.71644
3.8914,15.5373,-1.0191
3.76213,16.5393,-0.931956
3.69775,17.4931,-0.585443
3.86568,18.379,-0.0739067
4.18935,19.1959,-0.508438
4.18177,20.1494,-0.252882
3.83969,21.0686,-0.505991
3.98011,21.9204,0.0159368
3.87813,22.7994,0.434648
4.00428,23.6909,-0.000674459
3.89471,24.6497,-0.0511368
3.93399,25.6355,-0.156893
4.13583,26.4582,-0.699463
3.85756,27.4275,-0.58489
3.82159,28.4223,-0.486688
4.75681,2.40385,-0.951845
4.88696,2.71591,-0.00235298
4.80606,3.71916,-0.122773
5.0106,4.75622,-0.188406
4.92136,5.80708,-0.298492
4.87796,6.78913,-0.495907
4.97014,7.7956,-0.563338
4.83542,8.83242,-0.729597
4.79491,9.84633,-0.850667
4.8329,10.8378,-1.04893
4.92363,11.778,-1.50095
4.85138,12.5789,-0.946764
4.73175,12.9966,-1.90068
4.7505,13.9358,-1.50436
4.77524,14.8241,-1.97794
4.85962,15.6104,-1.36998
4.8265,16.4537,-0.831959
4.74593,17.4132,-0.553551
4.8545,18.2678,-0.0493728
5.18415,19.2064,-0.231904
5.21655,20.1854,-0.197598
4.88031,21.1388,-0.561687
4.99505,21.9048,0.0558275
4.92391,22.7799,0.583425
5.029,23.6685,0.125245
4.91755,24.6464,-0.12454
4.89502,25.6397,0.0101749
5.16924,26.538,-0.52663
4.70748,27.294,-0.0365856
4.8598,28.2005,-0.441444
5.71793,2.66359,-0.816938
5.84415,3.12473,0.0807245
5.83908,4.10663,0.116739
5.95621,5.13317,0.0183996
5.95557,6.02066,-0.389181
5.9427,6.99391,-0.56314
5.97278,7.97115,-0.755416
5.83722,8.96843,-0.916858
5.84969,9.96899,-0.992709
5.88981,10.9525,-1.04831
5.91071,11.9375,-1.2849
5.85344,12.9281,-1.04087
5.78068,13.2466,-2.02073
5.8049,14.1249,-1.54015
5.81821,14.8705,-2.20243
5.8679,15.7076,-1.57468
5.88592,16.4276,-0.85089
5.78303,17.3436,-0.522361
5.93516,18.1794,-0.0473373
6.23266,19.1548,-0.214792
6.15227,20.0761,-0.587185
5.86734,21.0269,-0.496765
6.01738,21.8249,0.10137
5.7964,22.8076,0.115598
6.03892,23.7683,0.00884121
5.84982,24.7646,0.280316
5.86644,25.7721,0.231919
6.16341,26.5634,-0.286108
5.72658,27.4499,0.0481307
5.79395,28.4418,0.0233192
6.76496,2.7956,-0.833772
6.84518,3.22729,0.0684133
6.87322,4.23412,0.0705252
6.92027,5.17363,-0.2068
6.97386,6.15185,-0.330631
7.02058,7.15293,-0.299719
6.94719,8.16352,-0.482275
6.84691,9.17228,-0.72852
6.83246,10.2103,-0.760851
6.90854,11.2144,-0.938716
6.91604,12.1036,-1.37945
6.82439,13.0832,-1.33806
6.72658,13.613,-2.19093
6.81915,14.3947,-1.45607
6.82087,15.0684,-2.25915
6.85122,15.6272,-1.42629
6.90183,16.5817,-1.15706
6.78438,17.1776,-0.386102
6.95563,18.1623,-0.231806
7.00942,18.9365,-0.833924
7.11503,19.9537,-0.712134
6.91684,20.9127,-0.550255
6.98012,21.7914,-0.0977508
6.71845,22.7299,-0.304324
6.98695,23.5909,0.306085
6.82006,24.5799,0.359996
6.87583,25.4822,-0.113797
7.12782,26.4392,-0.117176
6.77707,27.3479,0.197494
6.82451,28.3713,0.0340617
7.76132,2.87967,-0.650066
7.83261,3.54367,0.150322
7.88743,4.50751,0.0151463
7.88306,5.47546,-0.120283
7.93077,6.48597,-0.21713
8.00969,7.49215,-0.191772
7.94488,8.40441,-0.574847
7.8749,9.42119,-0.745283
7.804,10.4402,-0.712113
7.94576,11.4371,-0.885232
7.94932,12.3339,-1.36831
7.84295,13.3165,-1.37385
7.79343,13.8279,-2.22383
7.82791,14.442,-1.45122
7.78405,14.7926,-2.39134
7.87814,15.4389,-1.56205
7.88566,16.35,-1.1571
7.72506,16.8783,-0.328797
7.93916,17.8837,-0.510825
8.10381,18.8836,-0.814106
8.07018,19.7666,-0.326902
7.92824,20.7583,-0.597494
7.99633,21.6972,-0.216318
7.72482,22.6754,-0.0490951
8.03771,23.561,0.36108
7.74945,24.4433,0.00582598
7.91791,25.4101,0.0336375
8.10682,26.3923,-0.0863277
7.82686,27.3824,0.234834
7.85843,28.2114,-0.250017
8.75728,2.95914,-0.391757
8.89779,3.65532,0.311551
8.94451,4.62484,-0.0505295
8.95314,5.63276,-0.276928
8.96826,6.64125,-0.263482
9.02749,7.65516,-0.396615
8.9943,8.6433,-0.690838
8.86648,9.63023,-0.777566
8.81505,10.6516,-0.808863
8.93625,11.632,-0.966112
8.92887,12.6371,-1.34023
8.82627,13.6896,-1.45055
8.80372,13.9406,-2.42692
8.83858,14.5641,-1.66139
8.80955,14.861,-2.61592
8.9087,15.4242,-1.8115
8.88831,16.2997,-1.3281
8.69977,16.9345,-0.562078
8.98563,17.9119,-0.46769
9.14363,18.8145,-0.939921
9.11108,19.772,-0.586987
8.99383,20.7726,-0.586349
9.00908,21.6275,-0.147783
8.75576,22.574,-0.104077
8.99568,23.56,0.0749321
8.73041,24.5127,-0.139528
8.97129,25.4831,-0.141993
9.16761,26.4919,-0.24499
8.85663,27.3347,0.213517
8.9331,28.2571,-0.268789
9.73102,3.19,-0.496762
9.87483,3.92452,0.192294
9.94663,4.74202,-0.331928
9.99408,5.79211,-0.482922
10.0038,6.78316,-0.328431
10.0174,7.76355,-0.548418
9.99202,8.71701,-0.785693
9.89201,9.77105,-0.63993
9.79417,10.7834,-0.818503
9.94566,11.8075,-1.06542
9.96956,12.7686,-1.33137
9.90095,13.7373,-1.58828
9.80437,13.9763,-2.55775
9.86311,14.6499,-1.7905
9.8519,14.9097,-2.73769
10.0263,15.5072,-1.92974
9.83458,16.433,-1.57173
9.7041,16.9089,-0.692492
9.99331,17.8947,-0.634428
10.1447,18.797,-1.01662
10.0935,19.8007,-0.880996
9.99661,20.7746,-0.718616
9.99754,21.6819,-0.309604
9.81326,22.5657,0.0602313
10.0169,23.5574,0.13011
9.7848,24.4804,-0.350621
9.97603,25.4527,-0.267006
10.1981,26.4092,-0.329035
9.90553,27.2003,0.208643
9.96005,28.1313,-0.142747
10.7417,3.15803,-0.449901
10.8925,3.96673,0.139857
11.0308,4.86582,-0.329832
11.0001,5.92904,-0.291534
11.0294,6.90802,-0.457704
11.0947,7.85316,-0.669057
11.0226,8.83774,-0.738987
10.8853,9.83751,-0.827903
10.7998,10.87,-0.9747
10.9752,11.8444,-1.05657
10.949,12.8529,-1.11978
10.9482,13.7747,-1.46316
10.8631,13.8424,-2.50797
10.9414,14.6234,-1.82568
10.9126,14.8516,-2.7967
11.0638,15.5489,-1.99723
10.8217,16.3189,-1.38224
10.713,16.9644,-0.643233
10.9942,17.894,-0.693982
11.1476,18.8812,-0.68764
11.1395,19.8845,-0.694482
11.0112,20.8668,-0.776275
10.9444,21.6732,-0.143727
10.8076,22.6346,0.00255745
11.0215,23.5878,-0.125565
10.8576,24.6469,-0.238206
10.9762,25.6113,-0.544172
11.196,26.5004,-0.14127
10.904,27.3176,0.331886
10.9987,28.2066,-0.0428388
11.7225,3.14996,-0.732444
11.8988,3.9324,-0.0731285
12.0512,4.89316,-0.268441
11.9914,5.88231,-0.362194
12.069,6.89302,-0.338783
12.0868,7.89124,-0.70636
12.0207,8.87958,-0.79277
11.9373,9.90759,-0.816462
11.7993,10.7732,-1.35678
12.0056,11.7758,-1.2423
11.9215,12.7611,-1.40973
11.9624,13.7381,-1.66367
11.9078,13.8449,-2.65888
11.9937,14.6103,-1.97555
11.9701,14.9425,-2.9418
12.055,15.4606,-2.12302
11.8205,16.2436,-1.51788
11.7441,17.0701,-0.911444
12.0275,17.9944,-0.846385
12.0866,18.9726,-0.980468
12.2299,19.8819,-0.613187
11.9614,20.7968,-0.368331
11.9002,21.6782,0.112424
11.7648,22.5817,-0.304166
12.0054,23.5557,-0.330274
11.8761,24.5219,-0.103851
11.9071,25.5857,-0.163729
12.195,26.5484,-0.042378
11.9003,27.2683,0.618476
12.0594,28.0455,-0.0138127
12.7594,3.0353,-0.442863
12.9113,3.99915,-0.297354
13.025,4.92961,-0.580462
13.0042,5.91945,-0.384774
13.1447,6.87817,-0.346736
13.162,7.8687,-0.588714
13.0472,8.94413,-0.774117
12.9674,9.91625,-1.03511
12.8674,10.8591,-1.38199
13.0418,11.8337,-1.41275
13.0054,12.8006,-1.32037
13.0097,13.71,-1.65887
12.9466,13.7994,-2.62391
13.003,14.4975,-1.84738
13.0207,14.7167,-2.83107
13.1413,15.2955,-1.99695
12.8379,16.0135,-1.42496
12.7524,16.9681,-1.04902
13.0299,17.9144,-0.866308
13.1015,18.9373,-0.940843
13.2654,19.9026,-0.809375
13.0071,20.7321,-0.323884
12.9683,21.652,0.107083
12.7509,22.6341,-0.00124821
13.0425,23.4752,-0.443516
12.9058,24.4008,-0.0176397
12.9769,25.3968,-0.181478
13.2507,26.3745,0.0740654
12.9485,27.2642,0.428455
13.1051,28.0272,-0.169341
13.7534,3.10341,-0.672713
13.9051,4.06814,-0.38655
14.077,5.03449,-0.479901
14.0156,6.02707,-0.578637
14.1549,6.97578,-0.330537
14.2021,7.93186,-0.638389
14.0671,8.92293,-0.714521
13.9864,9.82791,-1.1428
13.9423,10.841,-1.26495
14.0646,11.8486,-1.39569
14.0379,12.8311,-1.25645
14.1026,13.6716,-1.78779
14.0304,14.011,-2.76204
14.0394,14.5243,-1.82965
14.0515,14.6325,-2.81533
14.183,15.324,-2.11129
13.8398,15.9646,-1.43596
13.7817,16.9401,-1.05911
13.9851,17.8603,-0.763192
14.0368,18.8686,-0.529481
14.2907,19.8473,-0.675887
14.0111,20.8151,-0.457863
14.043,21.7197,0.0780053
13.7478,22.6458,0.00956755
14.0354,23.4622,-0.517481
13.9507,24.3623,-0.0955046
13.9552,25.4089,0.140327
14.2975,26.3462,0.30434
13.9617,27.2887,0.233409
14.0511,28.3024,0.200342
14.7773,3.10426,-0.495398
14.9179,4.09829,-0.555751
15.1275,5.08039,-0.440974
14.9695,6.01499,-0.235847
15.1715,7.00505,-0.405155
15.233,7.96641,-0.628239
15.093,8.94731,-0.828614
15.0151,9.90522,-1.22275
14.9754,10.9128,-1.22542
15.0703,11.8605,-1.45372
15.0829,12.9157,-1.27339
15.0731,13.9198,-1.50159
15.0479,13.8854,-2.58948
15.0665,14.6484,-1.92112
15.0185,14.9316,-2.8673
15.1821,15.4648,-2.02809
14.8533,16.0536,-1.22732
14.7481,16.9164,-0.726984
15.0003,17.8831,-0.863894
15.0502,18.8779,-0.424775
15.3069,19.8644,-0.511066
14.9871,20.7628,-0.147142
15.0133,21.6794,0.239396
14.7826,22.6358,0.0616291
15.0294,23.3587,-0.62356
15.026,24.3052,-0.165716
14.9296,25.2927,-0.00249336
15.3312,26.2407,-0.0685324
14.9681,27.1021,0.269555
15.062,28.1399,0.388104
15.751,3.05929,-0.098352
15.9149,3.98459,-0.427165
16.1579,4.93163,-0.445235
16.0136,5.9637,-0.408277
16.209,6.93313,-0.385617
16.2882,7.97241,-0.511209
16.1597,8.90682,-0.807889
16.0205,9.83594,-1.25229
16.0334,10.8429,-1.26527
16.0452,11.8991,-1.27158
16.0996,12.9191,-1.30849
16.1385,13.9397,-1.59614
16.1105,13.9776,-2.59445
16.1163,14.7794,-1.94927
16.0309,15.2382,-2.93288
16.2014,15.6131,-1.95446
15.9247,16,-1.06306
15.7732,16.9675,-0.644179
15.9111,17.9434,-0.453533
16.0605,18.913,-0.412268
16.3184,19.9082,-0.647493
16.0239,20.7919,-0.232871
15.999,21.7784,0.0492965
15.7605,22.7561,-0.0670156
16.087,23.3977,-0.718406
16.0635,24.3147,-0.376315
15.9655,25.2421,-0.00516678
16.3469,26.1292,-0.256767
16.0042,26.941,0.211414
16.0899,27.9992,0.199527
16.8536,3.1063,-0.129749
16.9252,4.05824,-0.401144
17.1697,5.03371,-0.265496
17.0247,6.02596,-0.297153
17.2216,6.99722,-0.289724
17.2757,7.8856,-0.74203
17.2011,8.97046,-0.849623
17.0498,9.93468,-1.13388
17.0566,10.9307,-0.936244
17.0564,11.9498,-1.00395
17.0844,12.8306,-1.43698
17.1575,13.8237,-1.53342
17.1292,13.8593,-2.53547
17.1971,14.6542,-2.00082
17.0072,15.2667,-2.76086
17.123,15.1649,-1.72395
16.937,16.0113,-1.16835
16.7465,16.9456,-0.864757
16.9692,17.9078,-0.57112
17.0177,18.9133,-0.354427
17.2064,19.7974,-0.0424146
17.0097,20.7876,0.0552171
17.0149,21.7349,-0.144761
16.8298,22.7251,-0.0256813
17.1103,23.4256,-0.673421
17.0143,24.2657,-0.147102
16.9572,25.2933,0.235463
17.3373,26.218,0.137507
16.9941,27.1426,0.224986
17.1381,28.1852,0.189773
17.9061,3.03881,-0.14243
17.9685,4.03112,-0.400055
18.2578,5.01311,-0.313349
18.0375,5.96063,-0.619221
18.2699,6.93099,-0.374743
18.3066,7.87398,-0.843474
18.219,8.87783,-1.09612
18.0888,9.882,-1.03892
18.0597,10.9157,-0.870324
18.1391,11.9152,-0.966521
18.1377,12.8138,-1.44706
18.1871,13.7982,-1.60404
18.1964,13.8552,-2.65079
18.2291,14.6378,-2.04686
17.9986,15.259,-2.84823
18.1228,15.2543,-1.7903
17.9216,16.0114,-1.10066
17.8334,16.9317,-0.737474
18.0265,17.9172,-0.593185
18.0537,18.9051,-0.522605
18.2322,19.8639,-0.210016
18.0809,20.8748,-0.0110141
18.049,21.8927,0.061507
17.8386,22.9351,-0.0795526
18.0944,23.4783,-0.876785
18.0479,24.4024,-0.373565
17.8872,25.3565,-0.129774
18.136,26.3082,-0.44384
18.0054,27.2121,-0.0275582
18.1006,28.2095,-0.0348766
18.9446,2.93412,-0.252913
19.0303,3.91291,-0.389547
19.2746,4.87825,-0.434327
19.0255,5.81806,-0.606937
19.2577,6.80818,-0.510163
19.3353,7.79442,-0.682379
19.2014,8.78219,-0.823045
19.0528,9.82564,-0.722709
19.0821,10.7808,-0.923917
19.1477,11.7825,-1.12929
19.1088,12.8212,-1.16106
19.2106,13.8529,-1.46892
19.2196,13.9317,-2.44813
19.2194,14.7422,-1.85487
18.9918,15.4157,-2.61711
19.1834,15.4247,-1.66242
18.9646,16.1285,-0.965096
18.8559,17.0592,-0.636827
19.0408,18.0552,-0.4258
19.0784,19.0576,-0.606259
19.2335,20.0257,-0.3571
19.1424,20.964,-0.0386456
19.0533,21.9476,-0.1657
18.9018,22.9409,0.120536
19.1397,23.4466,-0.682275
19.0651,24.4017,-0.383422
18.9072,25.3644,-0.192111
19.1387,26.3761,-0.222727
19.0098,27.3964,-0.0888455
19.0912,28.4198,0.157601
19.9833,2.91097,-0.0719749
20.0449,3.82508,-0.391241
20.2828,4.81112,-0.563106
19.9195,5.65122,-0.192517
20.2937,6.59685,-0.483972
20.2926,7.58518,-0.384506
20.197,8.53313,-0.669454
20.1134,9.57185,-0.603183
20.149,10.5628,-0.822874
20.1694,11.4655,-1.26817
20.0753,12.4609,-1.15798
20.1947,13.4601,-1.36073
20.2192,13.7531,-2.35841
20.2232,14.6203,-1.83874
20.0896,15.3623,-2.46852
20.1647,15.3957,-1.43311
20.0088,16.2718,-0.973965
19.9354,17.1391,-0.44915
19.9846,18.1098,-0.176974
20.1167,18.9753,-0.669289
20.2373,19.9554,-0.443562
20.1158,20.7909,0.115534
19.983,21.762,0.294342
19.8797,22.7209,0.0433149
20.1982,23.4377,-0.584149
20.111,24.4402,-0.455052
19.9265,25.3356,-0.0878231
20.1881,26.2941,-0.248128
19.9724,27.2646,-0.15363
20.1131,28.2444,0.0852168
20.9661,2.67695,-0.0119297
21.0921,3.6484,-0.277993
21.2801,4.55112,-0.713706
20.9991,5.41379,-0.281549
21.3053,6.31075,-0.569424
21.3012,7.31697,-0.340941
21.1685,8.29511,-0.737925
21.1035,9.26843,-0.669494
21.0676,10.1946,-1.16877
21.2072,11.1841,-0.94058
21.0411,12.1458,-1.21213
21.152,13.0982,-1.50491
21.2591,13.6677,-2.30661
21.1472,14.3532,-1.5421
21.1007,15.0311,-2.27566
21.1615,15.4026,-1.33236
20.9972,16.1427,-0.662008
20.9663,17.1367,-0.57062
21.0319,18.0419,-0.116233
21.1309,18.9674,-0.530641
21.2737,19.9958,-0.279601
21.0731,20.8955,0.239766
21.0122,21.9315,0.464208
20.8961,22.6489,-0.224393
21.2041,23.5448,-0.696704
21.0916,24.5203,-0.47336
20.9654,25.4682,-0.140266
21.1787,26.4711,-0.143764
20.9961,27.3998,0.116175
21.1847,28.3596,-0.0229774
21.988,2.52451,-0.0272744
22.0603,3.46937,-0.257665
22.2432,4.30131,-0.764943
21.9575,5.10752,-0.254012
22.2687,6.08124,-0.339869
22.3362,7.10849,-0.332945
22.1957,8.07632,-0.73224
22.0795,9.03231,-0.457823
22.0612,9.92127,-0.965154
22.2873,10.9397,-0.955861
22.0129,11.8738,-0.926704
22.1275,12.8649,-1.21656
22.2844,13.4574,-2.06455
22.171,14.2195,-1.4048
22.0794,14.8597,-2.23128
22.1808,15.2161,-1.29119
22.0388,16.145,-0.799252
22.0111,17.1453,-0.595605
22.0696,18.0666,-0.165255
22.1284,19.0958,-0.337642
22.254,20.0431,-0.0670431
22.1027,21.0237,0.210746
22.0821,21.9789,0.529569
21.9151,22.7497,-0.0912412
22.2252,23.6535,-0.6258
22.123,24.6898,-0.547172
21.9625,25.4377,0.180068
22.2483,26.3471,-0.131135
22.02,27.3317,0.0368206
22.2213,28.3,0.0212897
23.0149,2.35038,0.111728
23.004,3.11642,-0.498148
23.2752,4.09126,-0.748512
22.9336,4.89273,-0.153288
23.2828,5.83614,-0.0211219
23.3791,6.76751,-0.43853
23.2017,7.75753,-0.564388
23.0836,8.73981,-0.372954
23.0545,9.70147,-0.775448
23.2532,10.7423,-0.691678
23.0439,11.7187,-0.994842
23.0926,12.709,-1.12655
23.3307,13.2528,-1.97883
23.1619,13.9619,-1.28451
23.0434,14.7687,-1.87327
23.1632,15.3356,-1.0335
23.0177,16.2902,-0.66979
22.9807,17.2381,-0.312037
23.0987,18.2327,-0.193951
23.0885,19.2427,-0.1386
23.1998,20.2382,-0.359056
23.1248,20.9438,0.333177
23.1479,21.9146,0.576751
23.0665,22.6726,-0.104834
23.2525,23.6479,-0.313932
23.0693,24.6096,-0.26961
23.0425,25.456,0.282916
23.2567,26.31,-0.180987
23.0614,27.2734,-0.00292978
23.2729,28.2606,0.0700705
24.0121,2.08211,0.308301
24.0221,2.81689,-0.42898
24.243,3.7622,-0.560848
23.996,4.67605,-0.104965
24.3145,5.60128,0.0878018
24.3911,6.53165,-0.307935
24.1881,7.52822,-0.388385
24.0428,8.56167,-0.376522
24.1167,9.53815,-0.74518
24.2284,10.5301,-0.570577
24.071,11.5174,-0.823606
24.1003,12.5069,-0.880358
24.2952,13.0216,-1.70964
24.1895,13.9031,-1.20549
24.0385,14.6446,-1.89937
24.1872,15.3632,-1.15893
24.0323,16.2562,-0.79104
23.9767,17.1879,-0.443013
24.0992,18.1824,-0.208731
24.1179,19.1523,0.108658
24.2266,20.1354,-0.188284
24.0216,21.1325,-0.048793
24.1778,21.9116,0.62718
24.1165,22.6819,-0.0904843
24.2687,23.7014,-0.234989
24.0189,24.6377,-0.489215
24.0844,25.4052,0.171599
24.2793,26.3119,-0.143385
24.0996,27.2908,0.11326
24.313,28.2764,0.024781
25.1103,1.85889,0.290454
25.0173,2.70571,-0.183489
25.2498,3.59633,-0.678555
24.9867,4.48214,-0.236756
25.3142,5.4033,-0.312159
25.4056,6.40647,-0.106873
25.2499,7.40329,-0.339375
25.0958,8.37815,-0.329991
25.1539,9.32437,-0.631144
25.2198,10.2917,-0.526048
25.1033,11.2519,-0.844768
25.0366,12.3142,-0.684732
25.3112,12.8492,-1.57927
25.1853,13.7409,-1.15278
25.0775,14.5456,-1.70346
25.1588,15.2508,-1.01904
25.0516,16.1925,-0.846544
24.9871,17.0832,-0.335255
25.1042,18.1033,-0.492444
25.1138,19.0337,-0.0620808
25.2891,20.0261,0.0666463
25.0324,21.002,0.251781
25.167,22.0147,0.367385
25.1869,22.8233,-0.214023
25.2967,23.8071,-0.190304
25.0299,24.7739,-0.457607
25.0895,25.5789,0.149049
25.3196,26.4877,-0.122007
25.085,27.4064,0.32714
25.3368,28.3541,0.112198
26.0746,1.93525,0.536125
25.9467,2.3764,-0.328861
26.2618,3.2714,-0.593844
25.9993,4.18537,-0.285839
26.3017,5.19864,-0.276904
26.3794,6.17136,-0.0424543
26.2341,7.05264,-0.526234
26.0717,8.06669,-0.504285
26.0846,9.07381,-0.483923
26.3283,10.1014,-0.541829
26.1212,11.0451,-0.841838
26.0121,12.0602,-0.559609
26.2724,12.6554,-1.34452
26.1806,13.6315,-0.925346
26.1186,14.4069,-1.5858
26.1434,15.3471,-1.08023
26.0932,16.3099,-0.935975
26.056,17.1915,-0.445198
26.1028,18.2087,-0.665883
26.1539,19.0273,-0.0365581
26.2734,20.0164,-0.0449965
26.0014,21.0163,-0.0168554
26.1519,21.9693,0.191733
26.1983,22.8221,-0.37954
26.2769,23.7469,0.0105594
26.0591,24.7245,-0.233747
26.0708,25.7298,-0.102387
26.301,26.7428,-0.185015
26.0654,27.6375,0.216779
26.3343,28.6241,0.0893765
27.1287,1.75381,0.58305
26.9937,2.36963,-0.222419
27.2233,3.08346,-0.916153
27.036,3.90678,-0.358977
27.2882,4.88163,-0.451961
27.2398,5.84477,-0.388891
27.256,6.84807,-0.304379
27.1042,7.86248,-0.429066
27.1543,8.91146,-0.392306
27.3124,9.86689,-0.473098
27.1024,10.8245,-0.650035
27.0432,11.7977,-0.421082
27.3041,12.5704,-0.930573
27.1884,13.5592,-0.666836
27.1249,14.4653,-1.22722
27.2306,15.3921,-0.936265
27.0579,16.3762,-0.91836
27.0371,17.1385,-0.275842
27.1001,18.0966,-0.530213
27.1316,19.0927,-0.418943
27.2664,20.0716,-0.0772973
27.0345,21.0459,-0.00776696
27.1884,22.0331,0.121937
27.2301,22.934,-0.346138
27.2528,23.8905,-0.0631184
27.0717,24.7919,-0.437608
27.0634,25.7434,-0.253829
27.3227,26.7238,-0.395294
27.0724,27.4896,0.178472
27.3694,28.5114,0.0188269
28.1828,1.72898,0.841887
27.9836,2.15121,-0.0621784
28.1651,2.71349,-0.889581
28.0425,3.54747,-0.249248
28.2617,4.55431,-0.187701
28.2361,5.62736,-0.0923734
28.2413,6.64515,-0.232679
28.1004,7.62741,-0.219965
28.1428,8.6254,-0.229624
28.2434,9.59464,-0.487805
28.0676,10.564,-0.522654
27.9708,11.5213,-0.184439
28.3123,12.3483,-0.706153
28.1487,13.3417,-0.640407
28.0795,14.3833,-0.899307
28.2601,15.3688,-0.833393
28.1386,16.3726,-1.11584
28.1204,17.0191,-0.307971
28.1077,18.0194,-0.281381
28.181,19.008,-0.311332
28.3026,19.9783,-0.0777093
28.0378,20.9328,0.164797
28.0665,21.834,-0.227812
28.2527,22.7884,-0.401141
28.2017,23.6895,0.0138798
28.1043,24.6481,-0.246657
28.0774,25.6505,-0.343632
28.3117,26.6879,-0.313001
28.0709,27.5405,0.216849
28.4245,28.4181,-0.0248238
29.2149,1.69038,0.951878
29.0259,2.0999,0.067745
29.1448,2.55707,-0.813623
29.167,3.4775,-0.303482
29.2492,4.43513,-0.0141636
29.2269,5.4342,-0.133631
29.213,6.42089,-0.0242012
29.1651,7.43396,-0.0250282
29.0888,8.38638,-0.242662
29.2266,9.36178,-0.470861
29.1316,10.3645,-0.549611
29.0164,11.3362,-0.215674
29.3448,12.1207,-0.727985
29.1786,13.0881,-0.61771
29.0536,14.0846,-0.67745
29.1934,15.0342,-0.94182
29.0806,16.0732,-0.936149
29.1446,16.9974,-0.60813
29.1622,17.9891,-0.385888
29.2277,18.9895,-0.238609
29.2927,19.9696,-0.405533
29.0749,20.826,0.0519547
29.0572,21.8142,-0.152834
29.2287,22.8031,-0.162972
29.2435,23.7781,0.0814692
29.1076,24.7368,-0.272396
29.1194,25.7621,-0.239988
29.3095,26.7695,-0.382138
29.0954,27.6499,0.0392132
29.445,28.5933,0.123054
