0.135334,0.341157,-2.01518
0.0635182,1.62542,-1.96333
0.0468429,2.92324,-1.86611
0.117487,4.18954,-1.91681
0.108472,5.42919,-1.87617
0.0833796,6.71878,-1.71166
0.0911557,7.96311,-1.55946
0.238801,9.19106,-1.39235
0.368969,10.397,-1.2187
0.582656,11.5699,-0.798648
0.989615,12.6312,-0.509436
0.926887,13.722,-0.527522
0.512302,14.5611,-0.737992
0.451201,15.5886,-0.748054
0.0563738,16.5248,-0.63224
0.321027,17.4064,-1.00467
-0.0726676,18.1001,-0.37955
0.0701315,17.218,-0.873366
0.0408124,18.0679,-0.317402
-0.0273812,18.9997,0.0337962
0.811081,1.12308,-1.85502
0.853728,2.31249,-1.79364
0.867876,3.47324,-1.61659
0.997433,4.70781,-1.61732
0.914701,5.87934,-1.49619
0.958879,7.10526,-1.33379
1.0592,8.34427,-1.26174
1.20099,9.5814,-1.13163
1.30949,10.8049,-0.883898
1.68812,11.9041,-0.516974
2.17495,12.9805,-0.480706
2.04216,14.056,-0.421345
1.42061,14.9172,-0.311069
1.47659,15.9168,-0.497223
0.964272,16.7391,-0.256462
1.41003,17.3007,-0.963518
0.927097,18.052,-0.364635
1.07758,17.2675,-0.925358
0.982638,18.1812,-0.584078
0.995224,18.9963,-0.0527879
1.76666,1.54799,-1.72696
1.82688,2.72325,-1.65134
1.7707,3.86434,-1.53922
1.91482,5.02686,-1.39594
1.86844,6.22809,-1.30584
1.95256,7.43928,-1.17144
1.98828,8.65676,-0.912558
2.12047,9.91484,-0.659102
2.25959,11.1269,-0.360616
2.66581,12.4474,-0.0138524
3.22981,13.5218,-0.61204
2.77028,14.7745,-0.83289
2.08901,15.669,-0.0161657
2.38283,16.5519,-0.734989
1.82804,17.37,-0.267342
2.47781,17.1249,-0.964803
1.9706,17.8712,-0.453276
2.05031,17.2449,-1.18354
1.95361,18.0101,-0.492776
1.96694,19.0404,-0.47665
2.7605,1.20392,-1.6747
2.78205,2.33764,-1.43523
2.77772,3.48957,-1.45445
2.93853,4.6848,-1.4098
2.84263,5.8033,-1.30049
2.89443,6.95798,-1.07818
2.85915,8.07454,-0.775942
2.92174,9.23089,-0.67221
2.87168,10.3533,-0.566424
3.00391,11.4684,-0.386837
3.05235,12.5406,-0.113755
2.94746,13.7654,-0.200632
2.66385,14.7497,-0.150218
2.99498,15.6575,-0.495877
2.43392,16.537,-0.475265
3.29142,16.9568,-0.177108
2.97444,17.8326,-0.467232
3.00767,16.9621,-0.986889
2.8473,17.9479,-0.968731
2.88392,18.9756,-0.92664
3.78816,0.96841,-1.56214
3.76521,2.08425,-1.66763
3.75338,3.15379,-1.61686
3.76126,4.20472,-1.5775
3.73335,5.27653,-1.46925
3.74669,6.36936,-1.26924
3.69906,7.46243,-0.968889
3.69125,8.58792,-0.837193
3.72807,9.703,-0.718702
3.8068,10.7474,-0.40098
3.76982,11.8347,-0.375652
3.56137,12.8786,-0.129688
3.42814,13.8945,-0.237074
3.54558,14.8132,-0.716013
3.26472,15.8601,-0.635511
4.0642,16.5398,-0.667391
3.95301,17.4914,-0.382244
3.90291,17.2206,-1.34283
3.8025,18.2249,-1.10249
3.84998,19.1944,-0.952379
4.73234,0.598358,-1.61147
4.73064,1.68586,-1.56795
4.78165,2.74774,-1.4509
4.74118,3.87194,-1.40142
4.73682,5.00736,-1.38321
4.71899,6.06832,-1.28128
4.70335,7.20502,-1.20318
4.64338,8.22794,-0.912107
4.65903,9.26936,-0.848686
4.70469,10.2587,-0.77763
4.53292,11.2764,-0.682369
4.42078,12.2794,-0.434809
4.33201,13.2966,-0.561458
4.49038,14.3194,-0.821155
4.23798,15.2899,-0.622321
4.9112,16.0331,-0.485232
4.8755,17.0557,-0.586068
4.87424,17.4369,-1.54379
4.76,18.4758,-1.45781
4.78639,19.0035,-0.619077
5.6932,0.26971,-1.39566
5.72306,1.35259,-1.4111
5.81813,2.45277,-1.42172
5.68181,3.47657,-1.26271
5.71738,4.5481,-1.32951
5.68063,5.60965,-1.36886
5.58442,6.6702,-1.16906
5.54049,7.73856,-1.11268
5.55656,8.80332,-1.12641
5.67586,9.85275,-1.00673
5.6032,10.8825,-0.67629
5.34657,11.8501,-0.634709
5.30051,12.8545,-0.611451
5.42105,13.8719,-0.755007
5.23107,14.8535,-0.644258
5.83775,15.6766,-0.598437
5.80931,16.6611,-0.704108
5.95114,17.2659,-1.48505
5.66707,18.1791,-1.14668
5.82084,18.991,-0.530937
6.78475,0.08352,-1.46954
6.75184,1.14046,-1.36004
6.78446,2.16756,-1.24474
6.73509,3.19627,-1.28543
6.69101,4.23012,-1.3763
6.67193,5.29478,-1.37798
6.61421,6.35041,-1.26401
6.51979,7.41645,-1.21592
6.55014,8.47011,-1.14964
6.64822,9.51896,-0.982635
6.58044,10.5116,-0.835939
6.28488,11.4343,-0.707389
6.31419,12.472,-0.731388
6.41408,13.4763,-0.88858
6.24257,14.4571,-0.76686
6.69939,15.3086,-1.01645
6.75542,16.2821,-0.814075
6.90282,17.0605,-1.43027
6.65316,17.9185,-0.888437
6.85617,18.884,-0.616355
7.79946,-0.0389904,-1.27723
7.75116,1.011,-1.21772
7.78666,2.00288,-1.13392
7.75665,3.00502,-1.24316
7.72563,4.01355,-1.24249
7.71119,5.08583,-1.26557
7.65698,6.14067,-1.06841
7.52356,7.16855,-1.25195
7.55618,8.19591,-1.2393
7.63583,9.22169,-1.0369
7.53751,10.2282,-0.891211
7.3594,11.2271,-0.925739
7.32893,12.2332,-0.929398
7.3983,13.2345,-0.858147
7.30898,14.2958,-0.892972
7.7333,15.1686,-1.07689
7.79258,16.1397,-0.929606
7.95246,17.0277,-1.34256
7.70334,17.9644,-1.04532
7.85502,18.8888,-0.711927
8.84323,-0.0541856,-1.15462
8.75563,0.96422,-1.34852
8.81375,2.00324,-1.35997
8.7963,2.96618,-1.19877
8.74199,3.95997,-1.29077
8.74194,5.00365,-1.20315
8.65545,6.01444,-1.15021
8.60698,7.02345,-1.20991
8.60403,8.12202,-1.04292
8.68987,9.17399,-1.04521
8.50044,10.1822,-1.15321
8.42793,11.1789,-0.889319
8.39696,12.169,-1.0466
8.46198,13.1952,-0.916025
8.38844,14.177,-0.888784
8.75987,15.1214,-0.873513
8.77884,16.1419,-0.803198
8.92328,17.0827,-1.12118
8.73682,18.04,-0.886819
8.84002,19.0112,-0.58655
9.88067,-0.274114,-1.16147
9.7843,0.803787,-1.22147
9.81477,1.85117,-1.24798
9.80963,2.9036,-1.13496
9.71466,3.91254,-1.14272
9.76202,5.01866,-1.1484
9.70804,6.01896,-1.12199
9.66537,7.05952,-1.02295
9.66892,8.03995,-1.00424
9.69839,9.03925,-1.27967
9.54312,10.0667,-1.1348
9.4596,11.0345,-0.826173
9.38196,12.0355,-0.944984
9.48171,13.1176,-0.976614
9.46963,14.1038,-0.943712
9.7366,15.1576,-0.971444
9.83625,16.1347,-0.770315
9.87195,17.1313,-0.711634
9.8023,18.1205,-0.792016
9.85508,19.0854,-0.761525
10.8474,-0.14185,-1.02755
10.8481,0.91326,-1.24844
10.8194,1.8861,-0.930378
10.836,2.90946,-1.09381
10.7224,3.95038,-0.99306
10.7576,4.97702,-0.959252
10.7373,6.02434,-1.02065
10.7339,7.03515,-1.12261
10.6915,8.01512,-1.36493
10.6817,9.06182,-1.37055
10.5793,10.0523,-1.12893
10.5326,11.0396,-1.03152
10.4787,12.0585,-0.880544
10.5453,13.1168,-0.88702
10.4817,14.1171,-0.843614
10.7568,15.0952,-0.718888
10.8029,16.0632,-0.847215
10.9018,17.0981,-0.657741
10.8346,18.1346,-0.663878
10.8659,19.1228,-0.674804
11.8547,0.0242347,-0.970009
11.8852,0.986602,-1.25987
11.8934,1.91721,-1.00198
11.8424,2.95516,-1.09796
11.7214,3.95955,-0.994552
11.7542,5.01317,-1.18624
11.8171,6.02467,-1.11014
11.7226,6.99842,-1.24004
11.6834,8.02383,-1.29258
11.6824,9.04913,-1.34785
11.5976,10.0423,-1.0758
11.6191,11.0669,-1.10793
11.5294,12.0572,-0.936988
11.5355,13.0972,-1.01657
11.5482,14.0965,-1.03252
11.7366,15.0585,-0.961241
11.846,16.0652,-0.667269
11.9428,17.0567,-0.912531
11.91,18.1006,-0.721656
11.8698,19.0746,-0.465972
12.9381,-0.0461501,-1.09389
12.8664,0.928123,-1.12965
12.9005,1.94216,-1.05314
12.8106,2.95759,-1.05967
12.7577,3.97568,-0.908115
12.7944,5.04232,-1.02142
12.8336,6.05679,-1.16812
12.753,7.04743,-1.14471
12.71,8.02675,-1.13262
12.7479,9.04786,-1.22701
12.6294,10.0322,-1.15808
12.6351,11.0317,-0.973165
12.5623,12.0988,-0.88703
12.5569,13.1167,-0.875582
12.6266,14.1236,-0.99733
12.8236,15.1383,-0.952614
12.9003,16.1063,-0.792669
12.9536,17.1055,-0.767281
12.9333,18.1348,-0.593435
12.888,19.1329,-0.583538
13.9671,-0.160399,-1.12708
13.9128,0.87767,-1.16813
13.8982,1.95145,-1.14944
13.8655,2.9734,-1.18024
13.817,3.94199,-0.823832
13.8442,4.95186,-0.95121
13.8558,5.92819,-1.16339
13.8058,6.96016,-1.07606
13.737,8.0139,-1.1178
13.823,9.00305,-1.18817
13.699,9.99991,-1.11007
13.6797,11.0012,-0.857085
13.6544,12.0609,-0.757772
13.6119,13.1079,-0.795602
13.6124,14.1652,-0.801639
13.8633,15.1271,-0.836155
13.9371,16.1275,-0.829267
13.9462,17.2005,-0.821439
13.9733,18.2077,-0.549223
13.8822,19.173,-0.826618
14.9808,-0.344783,-1.06265
14.9254,0.677422,-1.10953
14.9688,1.75823,-1.1565
14.8785,2.83829,-1.18734
14.7701,3.83915,-1.12214
14.8781,4.91086,-1.05561
14.8948,5.89887,-1.2
14.8579,6.93197,-1.08359
14.7684,7.97779,-1.14083
14.8269,9.00401,-0.93318
14.7159,10.0115,-0.913523
14.7492,11.0566,-0.95006
14.7325,12.0675,-0.791177
14.6749,13.1042,-0.899942
14.7152,14.1189,-0.874252
14.8729,15.1543,-0.737761
14.9586,16.1538,-0.7554
14.9606,17.1933,-0.745378
15.0066,18.2159,-0.555525
14.8894,19.2003,-0.649095
16.011,-0.171825,-0.913187
15.9265,0.868139,-0.98937
16.0083,1.91353,-0.998761
15.9128,2.86404,-1.27325
15.8484,3.8695,-1.1691
15.908,4.94952,-1.19821
15.9198,5.92393,-1.02152
15.8242,6.91025,-0.757161
15.8333,7.91598,-1.0461
15.8441,8.91264,-0.915705
15.7418,9.98084,-1.13409
15.789,10.9817,-0.90304
15.7351,12.0159,-0.974816
15.7319,13.0345,-0.934449
15.7378,14.0875,-0.844755
15.8538,15.122,-0.797397
16.0207,16.1658,-0.662703
16.0143,17.174,-0.628501
16.035,18.1769,-0.494082
15.8833,19.1991,-0.30325
17.0709,-0.155275,-0.835954
16.953,0.81529,-0.960204
17.0248,1.86675,-1.05908
16.9458,2.88713,-0.992581
16.814,3.9011,-0.904202
16.8494,4.91928,-0.876345
16.9672,5.96488,-0.817472
16.8421,6.93688,-0.918586
16.8269,7.92808,-1.17967
16.928,8.9613,-0.956429
16.7752,10.0187,-0.903119
16.8319,11.0059,-0.784286
16.7423,12.0117,-0.940519
16.7799,13.0462,-0.953594
16.8008,14.1204,-0.939113
16.9145,15.1332,-0.918873
17.0394,16.0971,-0.6455
16.9987,17.1005,-0.466988
17.1051,18.1317,-0.382992
16.9177,19.1581,-0.0823054
18.1367,-0.232694,-0.919898
17.9837,0.804312,-1.03396
18.0923,1.80071,-0.856093
17.9865,2.80963,-0.965856
17.7975,3.85004,-0.673614
17.8577,4.89793,-0.688018
18.0297,5.97317,-0.6918
17.8967,6.95267,-0.919648
17.8345,7.95694,-0.869912
17.9381,8.93279,-0.819654
17.8178,9.96586,-0.975707
17.8647,11.0397,-0.883563
17.8289,12.0633,-1.00076
17.7789,13.0493,-0.906623
17.8923,14.1251,-0.94817
17.9724,15.0959,-0.721299
18.0604,16.0975,-0.621955
17.9646,17.0678,-0.257131
18.1157,18.0449,-0.0942656
17.9183,18.9597,0.122153
19.1334,0.0413831,-0.846919
19.0393,1.00427,-1.1287
19.0602,1.91239,-0.649705
18.9586,2.96291,-0.594409
18.8456,3.95595,-0.673235
18.8837,5.01821,-0.671865
19.0539,6.02889,-0.688479
18.9398,6.99088,-0.949062
18.864,7.97365,-0.888333
18.9641,8.97729,-0.78666
18.8788,9.9943,-0.80188
18.9377,10.9932,-0.866378
18.8911,12.0185,-1.08971
18.8464,13.0989,-1.04353
18.9212,14.0867,-0.696829
19.0279,15.0954,-0.706546
19.1172,16.099,-0.638112
19.0524,17.0807,-0.272741
19.1263,18.0412,-0.0278237
18.9344,18.9504,0.392303
