17.8329,13.6054,-14.1026
-7.64759,-0.508502,1.6973
-15.0925,5.05122,-19.4531
16.5604,-14.203,18.1951
3.73514,-4.96529,-25.2351
-9.13386,-15.3997,-7.40923
26.4767,-5.72096,14.9322
1.9414,-4.72957,8.24317
-1.65943,10.5872,10.5553
-0.323704,12.5856,4.75864
8.81969,8.12165,-9.74173
0.115134,3.30668,-4.85993
-3.80129,-0.835691,-8.15164
6.87452,-7.73102,2.88184
4.59691,-6.46304,-10.3317
2.30518,-8.90524,-1.61125
12.6259,-4.79156,7.27317
5.21341,1.21513,6.86908
1.03732,8.87977,5.27355
0.748653,14.4948,-1.27916
5.08721,5.06377,-9.88951
2.34623,2.40871,-7.2621
0.763485,-1.21371,-5.2536
3.79988,-3.98367,-1.29762
3.53704,-3.6225,-4.13139
3.29005,-2.70911,1.27274
5.42117,0.654454,6.32982
0.901389,6.36951,7.75754
-3.56382,12.3674,8.27767
-7.0096,17.8239,6.9311
3.3249,3.96862,-13.4194
2.2837,2.71711,-9.82594
1.7134,1.0293,-6.27026
2.21673,-0.351958,-2.76129
2.13006,0.199042,-0.348149
1.59379,2.27195,3.58676
0.678372,5.991,7.41722
-3.33955,11.2127,9.88564
-8.68138,16.8908,12.1848
-15.5555,22.4638,14.4767
2.72651,4.15866,-18.2238
1.29844,3.7506,-12.2727
0.442265,3.28248,-6.88735
0.607617,2.93984,-2.26101
0.748793,3.91671,1.71641
-0.0820368,6.46751,5.44547
-1.97906,10.4775,9.09914
-5.23814,15.5624,12.603
-10.8319,20.9798,16.7286
-25.4771,28.7143,21.6074
3.60347,4.71249,-25.1639
-1.80283,4.32745,-9.73953
-1.51153,3.76808,-3.31234
-0.61189,4.84191,0.590149
0.106278,6.77413,3.60325
0.392926,9.32886,6.19152
0.548381,12.2529,8.5776
0.351897,15.1666,10.9333
3.63909,14.3615,13.0618
17.3693,6.79399,10.3022
-20.424,20.9569,6.65248
-7.49573,4.34115,5.40857
-2.37461,2.86478,3.06883
-1.15103,5.94955,4.33942
-0.226872,8.9753,6.03739
1.33989,11.608,7.21631
3.18206,14.0972,8.25084
5.3977,16.5274,9.06705
9.78754,17.3477,9.01205
16.1357,17.1047,7.32592
6.43065,-32.9254,24.3756
1.63028,-12.7904,13.2379
0.605103,-0.230952,7.39895
-1.51415,7.28947,7.95922
-0.879559,11.5221,8.53039
2.02039,14.0145,8.2412
5.48914,16.1862,7.8153
9.23652,18.6403,7.1972
14.0766,21.5971,5.3762
20.1435,26.2765,1.81205
-4.74977,2.01924,3.64718
9.50492,-5.93325,4.43859
0.806525,11.0705,1.13702
-4.26315,14.1735,9.16407
-2.41741,15.1514,10.5548
0.836705,16.1094,9.39398
4.38994,17.0239,8.19845
8.11413,17.7127,6.74913
12.0326,18.35,5.41337
15.0553,16.5946,3.76633
10.9372,-9.16394,3.93745
26.6211,-20.4433,4.16396
-5.55135,29.5275,-6.09135
-9.39308,19.4624,16.2752
-5.18125,17.8745,13.0929
-1.33345,17.6211,11.0461
2.45908,17.55,9.32412
6.10064,17.6857,7.65354
9.48842,17.7813,6.1603
12.3019,17.3397,4.67624
