-0.000695822,-0.0116214,-0.261171
0.975985,0.0123325,0.157448
2.052,0.00407117,0.00634785
3.05499,0.0182623,0.0344798
3.98716,-0.0286203,-0.328886
4.98415,-0.0133305,-0.0860561
5.95889,0.00734275,0.0967437
6.9656,-0.0105228,0.0139775
7.99143,-0.00448317,-0.141523
9.03913,0.0336894,-0.125837
9.97586,-0.0205603,0.151405
11.019,-0.00264901,0.0456679
12.052,-0.0162664,-0.182409
12.9665,-0.00688498,0.174718
13.9437,0.0323649,-0.105774
15.0027,-0.0151677,-0.196222
15.9897,-0.00242622,-0.227433
17.0583,0.0515,-0.173592
18.026,-0.0628651,-0.317383
18.9959,-0.00507828,-0.235926
-0.0113468,1.01423,-0.219062
1.01667,0.987008,-0.0425947
2.03381,0.960375,-0.243318
3.0792,0.930259,-0.403119
4.09187,1.02582,-0.482308
5.12401,0.967733,-0.344935
6.1164,1.03258,-0.0337962
7.08207,1.00066,0.022779
8.0848,1.03837,-0.0987762
9.05708,1.01781,-0.348695
10.0286,0.966292,-0.0532823
11.0687,1.03521,-0.0446913
12.067,1.01618,-0.0537553
13.0826,0.990173,-0.0486953
14.1286,1.0396,-0.152504
15.1465,0.999734,-0.0486862
16.0812,1.01569,-0.492889
17.0447,1.05528,-0.133677
17.9985,0.92581,-0.417273
18.9539,1.07139,-0.0803186
0.0279183,2.03003,-0.196954
1.03951,2.02349,0.0610797
2.02018,2.03928,-0.167104
3.04146,1.88906,0.0145054
4.01338,2.01646,-0.199838
5.04035,1.99805,-0.202768
6.03198,2.0075,0.01713
7.06289,2.02826,0.158687
8.09326,2.07946,0.0651387
9.094,1.98544,0.062569
10.0814,1.977,-0.172091
11.0948,1.99318,-0.303281
12.0536,2.07687,0.132105
13.1185,2.02274,0.0882412
14.0439,2.07343,-0.328587
15.0291,1.97725,-0.275945
16.0399,2.02939,-0.454534
17.0333,2.08185,-0.138542
18.0467,1.92771,-0.187872
19.0574,1.98095,-0.433689
0.0118961,3.01194,-0.0883389
0.983779,2.99692,-0.28504
2.00961,3.06648,-0.271285
3.00896,2.90597,-0.0425275
3.99846,3.03467,-0.00673544
4.986,3.0426,-0.216346
5.95873,3.00593,0.0634236
6.98338,3.03309,0.213083
8.022,3.0705,0.389978
8.91128,2.96423,-0.0458327
9.90248,2.9507,-0.0861568
10.8911,2.94929,0.00164495
11.8565,2.99245,-0.213144
12.8809,3.01433,-0.0981384
13.8614,3.06668,-0.213437
14.9015,2.97102,-0.260063
15.9159,3.04215,-0.259246
16.9305,3.11426,-0.313462
17.9303,2.8977,-0.0607807
18.9649,2.94086,0.115308
0.00499283,4.04448,-0.0527177
0.987689,4.05285,-0.204163
1.98751,4.08851,-0.0807001
2.9604,3.89849,0.112412
3.9144,4.06144,-0.165007
4.97974,4.03107,-0.225288
5.94339,3.986,-0.277816
6.88952,4.01483,0.0746849
7.8749,4.11221,0.284384
8.87061,3.9899,0.070571
9.89117,3.96449,0.0897153
10.879,3.94289,-0.100583
11.9479,3.99779,0.00469985
12.9678,4.01118,0.0528031
13.9816,4.01747,0.00877407
14.9753,4.01332,-0.359597
15.9958,4.0157,-0.445189
17.0303,4.09849,-0.345585
17.965,3.94443,-0.0283578
18.9949,3.97993,0.0929472
0.0210395,4.97601,0.301163
1.05555,5.05233,0.10423
2.02222,4.9633,0.423182
3.00889,4.88635,0.240849
3.96016,5.06641,-0.0705161
4.99449,5.01261,0.172292
5.98448,4.97609,-0.11807
6.99186,4.97375,0.0003296
8.00341,5.11914,0.141465
8.96259,4.99753,0.25591
9.99109,4.9238,0.115622
10.9998,4.92763,0.147862
12.0237,5.0453,0.179168
13.0062,4.98839,-0.0460677
13.9969,5.01397,-0.0838099
14.9948,5.00226,-0.343162
15.9628,5.01966,-0.54958
16.9502,5.13848,-0.267586
17.9346,4.98946,0.0347575
19.0063,4.96424,0.00504471
-0.0117679,6.0027,0.244807
0.979336,6.05373,0.0777276
1.94034,5.96032,0.408194
2.99523,5.96023,0.29313
3.95969,6.05835,0.0443648
4.96501,6.01665,-0.0862453
5.93569,5.95734,0.148103
6.98097,5.95027,0.13744
7.97915,6.11486,0.245009
8.95141,5.97274,-0.0251656
9.98133,5.93073,0.0850215
11.0196,5.95198,0.0169866
11.9623,6.08412,0.297583
12.9837,6.03264,-0.0222663
13.9833,6.04858,-0.00764794
15.0217,5.9856,-0.138118
16.0068,6.00563,-0.117148
16.9936,6.16419,-0.197626
17.9256,5.98236,0.0452315
18.9601,6.00456,-0.0465346
-0.0298563,6.98514,0.0755181
0.979052,7.06513,-0.0407422
1.92175,6.98106,0.380013
3.01138,6.99878,0.369134
4.03351,7.03128,0.303546
4.95488,7.00986,-0.101401
5.9621,6.93115,-0.105564
7.02065,6.96039,-0.0440199
8.06467,7.02879,-0.126637
9.04849,6.96506,-0.252315
10.045,6.95092,-0.106964
11.0384,6.9615,0.102667
12.0219,7.06369,-0.0151494
13.0389,7.06188,-0.0543138
14.0317,7.03076,0.0133427
15.0321,7.02422,-0.16238
16.0177,6.97359,-0.394168
16.9991,7.15863,-0.179452
18.0128,7.01577,-0.121058
18.9943,7.02529,-0.187848
-0.00726035,7.99493,0.0104343
1.00957,8.05918,0.249727
2.00063,8.00797,0.283227
2.93587,7.9696,-0.0281899
3.96236,7.9605,-0.0286813
4.93782,8.06138,0.178945
5.9435,7.94316,-0.0970458
6.95322,8.00268,-0.133412
7.98698,8.11408,0.0757378
8.98112,8.00939,0.027073
10.0366,8.0139,-0.0876614
11.0061,8.02285,0.224049
11.9447,8.10049,-0.130265
12.9861,8.09853,-0.148198
14.0598,8.03757,0.011182
15.0367,8.04469,-0.151491
16.0672,7.95819,-0.107279
17.0569,8.15269,-0.0752373
18.0643,7.98945,-0.141624
19.048,8.06596,-0.299207
0.0109867,9.02023,-0.0870571
1.042,9.0967,0.0523453
2.03336,8.90373,-0.184368
3.03334,8.92157,-0.298007
4.06804,8.98675,-0.300308
5.04005,9.03771,0.076809
6.02359,8.94842,-0.187613
7.01165,9.03179,0.0604877
8.07697,9.12767,0.12566
9.04434,9.01192,-0.168645
10.0604,8.99587,0.12017
10.9874,8.97429,-0.222599
11.9733,9.12141,0.104788
12.9154,9.12885,-0.275329
13.8898,8.97909,-0.197208
14.9341,9.08622,-0.131477
15.9082,8.95912,0.161357
16.9398,9.12702,0.173382
17.8847,9.00175,-0.122617
18.9461,9.04506,-0.0329905
0.0308695,10.0647,-0.153737
1.08491,10.088,-0.171038
2.05905,9.89917,-0.204566
3.07949,9.94136,-0.107166
4.10445,10.0417,-0.347972
5.01881,10.0395,0.119877
6.017,9.94533,0.0503739
7.03871,10.0257,0.207224
7.86402,10.0376,-0.338713
8.87465,10.0121,-0.078048
9.95877,9.97432,0.00665609
10.963,9.97656,-0.0029664
11.9201,10.1418,0.342647
12.9239,9.95057,0.323075
13.9144,9.98408,0.00608539
14.9578,10.0183,0.142882
15.9718,10.0019,0.1425
16.937,10.0707,0.481063
17.9049,10.04,0.0823969
18.9372,10.0246,-0.0228034
0.0169347,11.0399,-0.0962828
0.976934,11.0196,0.231111
1.97704,10.8366,0.117753
2.92008,10.9477,-0.26487
3.94656,11.0525,-0.318039
4.91419,11.0159,-0.0642079
5.88166,10.9484,0.1382
6.8645,10.9964,-0.0176
7.9256,11.0352,-0.0398602
8.94489,11.0243,-0.142683
9.96655,11.001,-0.0680837
10.9626,10.9833,0.274767
11.9891,11.1233,0.437886
12.9642,10.992,0.363082
13.9983,10.9741,0.27163
15.0315,11.0092,0.429231
16.0218,11.0852,0.31919
17.0148,11.0152,0.105554
18.0187,11.0213,0.245167
18.9933,11.0573,-0.0387677
-0.0128178,12.0365,0.205573
0.979553,12.0014,-0.00970489
2.00129,11.8976,0.0752159
2.99429,11.9377,-0.0116428
3.96339,12.0944,-0.209668
4.97382,12.0035,-0.226814
5.97843,11.952,-0.117023
6.97851,11.9366,0.0807855
8.01829,12.0124,0.218262
9.01639,11.9951,0.116675
10.0349,12.0197,0.128062
11.0791,11.9926,0.187472
12.0917,12.076,0.0354686
13.0412,11.995,0.38655
14.0624,12.0083,0.397458
15.1074,11.9991,0.31847
16.0728,12.0464,0.0957854
17.0282,11.9599,-0.192236
18.0442,11.946,-0.179965
18.997,12.0791,-0.0738762
-0.0229438,13.1103,0.00440687
1.03561,13.0125,0.00774865
2.03749,12.9464,0.00627766
3.03454,12.9649,-0.0777001
3.94834,13.0541,-0.456398
4.91336,12.9976,-0.427668
5.91121,12.9273,-0.460021
6.83045,12.9721,0.0253487
7.87765,13.0418,0.333988
8.91686,12.9981,0.0646474
9.90821,13.0283,0.196912
10.9576,13.0239,0.181039
11.9739,13.062,0.234996
12.9723,13.0266,0.280258
13.95,12.9462,0.0418989
14.9279,12.9856,0.259191
15.9204,13.0142,0.247447
16.9447,12.8523,0.224793
17.9412,12.9019,0.138136
18.9385,13.0805,-0.0837916
-0.00475784,14.1107,0.171291
0.985678,14.0837,-0.120612
2.06552,13.9936,0.0216315
3.06309,13.9812,-0.0181188
3.90697,14.0606,-0.629307
4.91356,14.0226,-0.472845
5.89843,13.9213,-0.227918
6.92778,13.9482,-0.08699
7.91525,14.0036,-0.0188299
8.93675,13.9824,-0.0595233
9.94952,13.9977,-0.0743065
11.0135,13.9971,-0.0359294
12.0396,14.0168,-0.0594073
12.9404,14.0529,0.386355
13.857,13.9843,0.0525529
14.8476,13.9846,0.232182
15.9276,14.0494,0.0446577
16.9171,13.9581,0.154637
17.9069,13.898,0.188348
18.9597,14.0643,0.168969
-0.0209784,15.1075,0.0154241
0.942595,15.0659,0.19884
1.94056,15.0194,-0.0540819
2.92751,14.9632,0.0238594
3.86487,15.0268,-0.361888
4.90208,15.0135,-0.389373
5.91129,14.9003,-0.323737
6.92742,14.9444,-0.317783
7.93326,15.0315,-0.239317
8.94641,14.985,-0.156594
9.97508,14.9933,0.0423139
11.0146,14.9984,0.0569658
12.0145,15.0331,0.116874
13.0442,15.0571,0.143278
14.0357,14.9412,0.110611
15.0314,15.0504,0.260521
16.0598,15.0115,0.292538
17.0854,14.9571,0.252565
18.0815,14.8929,0.334874
19.0057,15.0684,0.0178747
0.0623188,16.0655,0.189184
1.02547,16.0558,-0.148866
2.03851,15.9889,-0.291494
3.00061,15.9302,-0.255754
4.00516,16.0685,-0.193997
5.04012,16.0123,-0.287274
6.01244,15.9087,-0.426502
7.02637,15.9313,-0.391064
7.9855,15.9706,0.0802942
8.97044,16.0409,0.0731773
9.95308,16.0269,0.178634
11.0465,16.0138,0.237892
12.0621,16.0338,-0.0244545
13.1217,16.0927,-0.0766747
14.1212,15.954,-0.14568
15.107,16.0549,0.0986145
16.0968,16.0355,0.198761
17.0086,15.8838,-0.1347
17.9837,15.9077,0.223014
19.0054,16.0732,0.15107
0.0145695,17.0365,-0.118247
1.00479,17.0651,-0.236442
1.96533,16.9978,-0.168453
2.97607,17.0108,-0.219117
3.99804,17.0669,-0.0689047
5.00917,16.9684,0.0741539
6.03428,16.944,-0.22161
7.07848,16.967,-0.345854
8.02693,16.9989,-0.0130528
9.03641,17.0233,0.1391
10.0025,17.0519,0.349895
11.0035,17.0817,0.32342
11.8914,17.0248,-0.0949919
12.9106,17.0791,-0.117866
13.9211,16.9527,-0.174654
14.9091,17.0455,-0.0299387
15.9422,17.0326,-0.0106418
16.9732,16.9379,-0.00738548
18.0296,16.9259,0.0444716
19.0252,17.0415,0.144389
0.0217597,18.0191,0.111295
1.08102,18.0244,0.0438643
2.07348,17.981,-0.0961425
3.07479,18.0282,-0.365035
4.12555,17.9992,-0.473821
5.06134,17.9626,-0.110886
6.1137,17.9434,-0.0719718
7.09707,18.0191,-0.213614
8.09257,17.964,-0.267354
9.15291,17.9366,-0.236366
9.99435,18.0982,0.372662
11.044,18.0834,0.392541
11.9245,18.0475,-0.184436
12.9167,18.0618,-0.14987
13.9035,17.9836,-0.0588488
14.9311,18.0536,-0.0477493
15.9329,18.0251,0.0146153
16.9903,17.9524,0.0173742
17.9782,17.9271,-0.176449
19.0415,17.9876,-0.315027
0.0243538,18.9628,-0.073574
1.0076,19.0309,0.192526
1.98979,18.964,-0.135408
2.99701,18.9985,-0.140028
4.00269,18.9463,-0.227473
5.00586,19.0033,-0.0596789
6.06133,18.9574,-0.0143651
7.11632,19.0076,-0.0265297
8.11255,18.9785,-0.0634724
9.12877,18.9775,-0.0207984
10.0645,19.1099,0.46162
10.9985,18.9783,-0.0957152
11.9901,19.0419,-0.162874
12.9864,18.989,0.153444
13.9964,19.004,0.0768975
15.0514,19.0209,-0.0531663
16.0727,19.014,0.089465
17.0062,18.9635,-0.157686
17.9896,18.9494,0.0582568
18.9714,18.9741,-0.0941435
