16.8273,14.717,-7.96143
1.71045,27.1502,0.850661
-2.0695,10.2905,-5.03124
2.33825,-17.7146,-1.41012
-8.56004,1.46269,-16.8676
0.242827,-29.8687,-14.7028
18.1503,-6.66793,17.7628
-10.0032,1.00238,11.9016
-9.47225,19.8493,7.89041
6.09571,16.7169,1.28226
9.13224,12.8338,-9.36673
3.31712,15.7344,-4.43449
1.68024,5.10819,-4.65002
1.36237,-6.29772,-4.24267
-2.2847,-6.65726,-10.0555
2.63317,-16.0506,-5.74276
7.90273,-7.67397,5.93048
1.06278,2.50283,6.54038
5.40555,13.5629,2.03799
21.1449,13.8419,-5.47893
7.51218,8.13456,-15.7379
4.57413,9.57013,-10.8052
3.20117,4.22171,-8.76895
2.12264,-1.18498,-6.79509
0.671258,-4.63375,-6.18493
2.41079,-7.73599,-2.45945
3.65723,-2.57808,2.79081
2.34723,4.32493,4.58852
2.66823,11.0248,5.36738
7.60699,14.8813,3.53927
7.34426,3.56785,-23.2712
5.55077,5.25571,-17.3454
4.07889,3.54505,-12.8573
2.7937,1.32434,-8.92788
1.69256,-0.414206,-5.09886
1.66162,-1.27428,-0.766085
1.19759,2.60576,3.33515
-0.521354,7.71026,6.44008
-2.71234,12.7201,9.41312
-5.62998,16.8565,12.8115
8.09814,-0.995038,-31.9824
6.30451,1.76733,-23.4494
4.40833,2.79772,-16.289
2.80272,3.49831,-10.1614
1.72126,3.60622,-4.76068
1.03591,3.86505,0.173309
-0.385577,6.97382,4.53366
-2.76396,11.3716,8.61609
-7.51428,15.8032,13.3034
-18.8123,19.2229,22.3808
9.37825,-5.79787,-42.954
4.74615,1.37195,-20.9526
2.90323,3.27207,-11.9482
1.46081,5.33053,-6.30105
0.891617,6.95812,-2.10165
1.45782,7.4563,1.29836
1.96608,8.90415,4.09312
2.36051,11.0126,6.32213
3.13071,14.7533,4.98342
7.45788,19.2225,-5.68484
-10.8858,32.5547,7.51897
0.0173925,8.78772,0.488891
1.29499,4.05878,-3.53004
-0.41594,7.56254,-0.917481
-0.278259,10.3779,1.56874
1.94397,10.5492,3.35364
4.61137,10.1959,4.52424
7.64422,9.9234,5.14973
13.0531,8.83514,4.40856
23.6262,3.04872,3.3548
15.3394,-37.2231,22.0101
9.27792,-12.169,9.88863
0.694165,0.85526,3.28438
-3.01712,10.4275,4.27442
-1.73842,14.3613,5.28354
2.08081,13.6638,5.66104
6.31723,11.9678,5.58539
10.8972,9.54714,5.28175
16.1565,6.15601,4.87726
21.7133,-0.0829096,4.96059
-11.5185,10.1312,-9.64422
19.0084,0.186795,2.14688
-8.01407,11.6017,-3.4436
-7.4929,19.8539,6.86726
-3.75724,19.4843,8.62464
0.22385,17.1907,7.62801
4.36825,15.0104,6.7566
8.62098,13.0029,5.85215
13.0175,11.949,4.86379
12.9157,17.3257,3.87501
22.7985,-0.114139,1.24725
57.3597,-10.5186,12.3292
-35.1981,24.0417,-12.3323
-9.88072,31.6154,15.9358
-6.06427,25.0533,12.1066
-1.97004,20.8108,9.70496
2.14982,17.7518,8.02766
6.11223,15.39,6.728
9.75345,14.0866,5.70949
11.2837,15.8303,4.84227
