19.2179,16.441,-5.24705
-1.43121,5.26547,7.39818
-11.7937,16.0104,-13.6292
8.08086,-15.8191,23.2133
7.15322,0.491675,-17.9681
-11.3885,-22.3496,-11.4541
20.9897,-11.0814,9.07288
-1.54318,-3.97054,9.30192
3.3613,11.6341,11.9664
10.9729,16.3755,7.50621
10.4046,11.9321,-4.09995
2.81027,7.76845,-0.260805
-3.69722,5.29444,-3.03653
3.10917,-5.80709,7.7333
3.77132,-4.53329,-5.39466
-1.32474,-12.9569,-4.43907
8.52962,-8.04945,3.46961
5.95772,1.61882,6.23747
9.63557,12.5389,6.27455
18.3415,21.2828,2.61875
5.54088,9.31735,-8.08048
2.53622,6.66287,-4.97173
0.53881,2.95919,-2.04391
1.82932,-1.45197,2.06693
2.01373,-3.00809,-1.43731
0.469787,-6.02671,-0.00127873
3.36584,-1.47411,4.28971
2.13805,5.79379,6.9927
1.90785,13.2444,8.68242
3.02214,20.2022,8.66621
2.37367,8.18831,-13.918
1.04918,6.49872,-9.59401
0.406516,4.25854,-5.48572
0.674203,1.78086,-1.60318
0.582229,0.32569,0.141084
-0.0797357,-0.218168,2.84679
-0.146141,3.86829,6.2827
-2.38765,9.37767,9.15315
-6.01121,15.0624,11.891
-12.5124,20.0013,14.5354
0.235435,7.75225,-20.7294
-0.826759,6.78024,-13.9682
-1.30126,5.62359,-8.20931
-0.988348,4.57996,-3.33981
-0.650002,3.99009,0.793237
-0.976257,4.53441,4.63971
-2.33573,8.12856,8.15365
-5.49166,12.6706,11.6538
-12.2281,16.5051,15.4751
-28.6383,21.3011,20.5411
-0.601047,7.79683,-29.5234
-5.02743,6.80504,-12.516
-4.03688,5.77703,-5.15686
-2.65809,6.13695,-0.777706
-1.25956,6.88596,2.60167
-0.1459,7.80952,5.43158
0.699164,9.99001,7.82137
1.00778,12.311,9.92402
3.40414,12.7821,11.2516
17.8638,8.23138,8.55535
-23.6054,22.9688,5.78652
-9.99777,5.91676,4.01065
-4.35031,4.13762,1.83874
-2.85335,7.03295,3.47291
-1.26677,9.42518,5.39453
1.32798,10.4725,6.70929
4.07797,11.6462,7.68259
7.34674,12.601,8.14784
12.6511,12.0572,6.15509
21.2542,10.0155,0.171239
8.32781,-31.0571,23.1434
0.528596,-11.5258,12.3332
-0.802338,0.550334,6.95749
-2.82324,8.56896,7.75141
-1.30686,12.4993,8.37786
2.68196,13.1676,8.20385
7.20168,13.4657,7.91625
12.404,13.9854,7.63012
18.8316,15.0755,7.03406
26.9805,17.6094,7.11849
-13.0394,3.66079,-1.5919
6.24028,-6.33736,3.73877
-0.157485,10.809,1.47031
-5.28916,16.2685,9.56106
-2.74987,16.6722,10.8319
1.46373,16.0915,9.85162
6.16451,15.8772,8.93923
11.0242,15.8155,8.10645
16.0486,15.6967,7.20791
21.2755,15.4896,6.35764
6.29361,-8.94292,2.95887
25.7813,-21.9665,7.72431
-4.71936,28.4069,-4.90941
-10.7672,24.3565,16.6202
-5.79459,20.4871,13.5977
-1.01726,18.3864,11.7546
3.83971,17.3285,10.1772
8.55716,16.6681,8.85849
13.0816,16.2029,7.89725
17.2186,15.903,7.06626
