0.0955779,0.0694784,-0.531602
0.0476821,1.33695,-0.640944
-0.0174718,2.60154,-0.611576
0.0361431,3.84228,-0.645067
0.0118534,5.08146,-0.671261
0.0267067,6.30657,-0.69096
0.112931,7.50863,-0.699142
0.0853328,8.72817,-0.6408
0.0925565,10.0038,-0.467025
0.267144,11.172,-0.342482
0.557143,12.337,-0.0894711
0.347856,13.4903,-0.0847499
0.335176,14.3544,-0.622642
0.24499,15.3232,-0.454237
0.153056,16.2445,-0.0805628
0.250218,17.2342,-0.124122
-0.1253,18.1641,-0.158412
-0.0283486,17.2987,0.337849
0.130369,18.1211,-0.20213
-0.0132969,19.0044,0.193576
0.814432,0.808127,-0.563149
0.905451,1.9745,-0.595364
0.880343,3.13723,-0.612513
0.965938,4.30221,-0.557033
0.907672,5.51104,-0.471819
0.958104,6.73253,-0.422126
0.943666,7.89701,-0.342122
0.96841,9.12253,-0.190902
1.07179,10.3228,-0.00780053
1.29169,11.5464,0.164403
1.59631,12.7194,0.491299
1.42888,13.9301,0.414362
0.909732,14.7728,0.0820154
1.17571,15.7553,0.0993866
0.912085,16.6248,0.466662
1.41967,17.2241,-0.137992
0.906192,18.0938,0.0610248
0.986874,17.0583,0.0813837
1.10838,18.0374,0.000476089
0.947484,19.0531,-0.118162
1.83892,1.07887,-0.546922
1.85608,2.25953,-0.461437
1.86598,3.43713,-0.476928
1.94881,4.6129,-0.496808
1.91352,5.79574,-0.45591
1.93962,7.01782,-0.333897
1.94331,8.15131,-0.171984
1.94843,9.41717,0.0190588
2.07001,10.6825,0.237413
2.2358,11.9395,0.622327
2.65118,13.1858,1.21643
2.39451,14.5946,0.904209
1.60164,15.3658,0.168349
2.22655,16.3372,0.355959
1.72812,17.3388,0.294949
2.38934,16.7307,-0.106854
1.97551,17.7242,0.15042
1.93733,16.8956,-0.31164
2.11802,17.8955,-0.131928
1.9363,18.917,-0.0141118
2.83377,0.737101,-0.609027
2.83986,1.9057,-0.494729
2.84541,3.14773,-0.451082
2.91177,4.32037,-0.373296
2.86731,5.47956,-0.394272
2.91758,6.65757,-0.470699
2.91924,7.76869,-0.194189
2.88805,8.90504,-0.05815
2.95083,10.0804,0.140504
2.93536,11.2343,0.223572
2.89754,12.3842,0.512409
2.72976,13.5356,0.493085
2.42727,14.4699,0.127854
2.74613,15.4913,0.0743675
2.53907,16.5445,-0.0354076
3.32822,17.0045,0.367699
2.9703,17.9273,0.16595
2.97138,17.085,-0.452971
3.14035,17.9915,0.0135197
2.97493,18.9982,-0.0585101
3.81054,0.51424,-0.450969
3.80335,1.65253,-0.403012
3.80121,2.72357,-0.45446
3.81236,3.89828,-0.466356
3.76048,5.02579,-0.47947
3.82884,6.12264,-0.417017
3.79825,7.29155,-0.405145
3.7525,8.36616,-0.224464
3.74607,9.42081,-0.00854518
3.66924,10.5287,0.0243385
3.52814,11.6295,0.0161596
3.45706,12.7355,0.10108
3.28228,13.7806,-0.1022
3.44006,14.7608,-0.111734
3.30746,15.7758,-0.262639
4.05282,16.4043,-0.084521
3.7596,17.3076,0.293637
3.92437,17.2013,-0.756389
4.05826,18.1276,-0.403845
3.95313,19.167,-0.299463
4.83284,0.304422,-0.423127
4.79743,1.3896,-0.450014
4.79966,2.40252,-0.498733
4.76302,3.52843,-0.487973
4.73603,4.62662,-0.48717
4.79232,5.70366,-0.49071
4.63495,6.77281,-0.487738
4.65467,7.8694,-0.378701
4.5902,8.9561,-0.313108
4.56561,10.0583,-0.177862
4.43025,11.1209,-0.235203
4.25504,12.1104,-0.193786
4.17699,13.152,-0.181503
4.26356,14.1733,-0.160619
4.23865,15.146,-0.258684
4.89364,15.8805,-0.103995
4.68337,16.9235,0.0449843
5.04427,17.2384,-0.868609
4.99158,18.2487,-0.724671
4.99528,19.0861,-0.184078
5.82582,0.158599,-0.645143
5.77715,1.23165,-0.571972
5.8142,2.27029,-0.590139
5.78373,3.41797,-0.560491
5.71607,4.55053,-0.725217
5.76793,5.63611,-0.799655
5.67791,6.60757,-0.490948
5.67258,7.63688,-0.254903
5.62999,8.68634,-0.455318
5.55665,9.71056,-0.38348
5.38629,10.702,-0.437477
5.21386,11.6938,-0.343413
5.10118,12.7057,-0.383212
5.17745,13.7646,-0.502396
5.21292,14.7331,-0.205261
5.89201,15.4952,0.0331309
5.63434,16.4686,0.095117
6.01655,17.188,-0.449422
6.00409,18.1931,-0.612094
5.95473,18.9714,0.0253853
6.82986,0.125889,-0.436506
6.80389,1.16133,-0.426063
6.82062,2.20492,-0.475249
6.76656,3.20612,-0.54218
6.75056,4.25109,-0.584207
6.7354,5.28753,-0.717692
6.64344,6.32593,-0.653481
6.65705,7.32429,-0.424772
6.63455,8.36158,-0.580087
6.47756,9.37581,-0.507984
6.36316,10.4294,-0.495248
6.28187,11.4298,-0.345326
6.17396,12.5121,-0.394458
6.17455,13.5611,-0.213184
6.26437,14.5501,-0.140962
6.87417,15.334,-0.190265
6.6039,16.2025,0.237352
7.01082,17.0083,-0.242897
6.91152,18.0231,-0.255382
6.99562,18.963,0.0717277
7.80239,0.0156224,-0.366408
7.8042,1.06829,-0.391891
7.83577,2.04,-0.425349
7.75672,3.02964,-0.373458
7.79261,4.0173,-0.488208
7.72347,5.05948,-0.560692
7.62478,6.09835,-0.670281
7.65657,7.18675,-0.556285
7.67607,8.18847,-0.580258
7.50008,9.23336,-0.547435
7.39077,10.2655,-0.390493
7.22967,11.2316,-0.6335
7.22,12.2194,-0.359621
7.16145,13.2989,-0.353627
7.27901,14.3106,-0.223283
7.83831,15.1457,-0.114225
7.67118,16.1181,0.0823084
8.01002,17.0711,-0.0470565
7.90893,18.0813,-0.182983
7.98755,19.0507,0.0509842
8.794,-0.0817042,-0.414026
8.79914,0.95577,-0.404404
8.84824,2.02166,-0.341868
8.77293,3.03437,-0.321741
8.79604,4.06423,-0.485076
8.75467,5.01627,-0.721525
8.66342,6.00607,-0.664269
8.68588,7.08356,-0.621378
8.71472,8.07662,-0.758199
8.50233,9.05736,-0.738511
8.35758,10.061,-0.546187
8.26668,11.1134,-0.569311
8.30613,12.1298,-0.399228
8.23313,13.1119,-0.230961
8.34401,14.0959,-0.176299
8.78302,14.9534,0.217414
8.74058,16.0162,0.0423231
9.03977,17.0145,0.107953
8.94019,18.0175,-0.0192328
8.9916,19.044,0.0498032
9.85949,-0.20791,-0.391101
9.81942,0.80745,-0.449065
9.84068,1.82217,-0.420374
9.77341,2.88777,-0.438398
9.82412,3.96814,-0.376247
9.75589,5.00862,-0.506189
9.72712,5.99726,-0.672115
9.70209,7.06485,-0.606192
9.75487,8.0637,-0.671175
9.57086,9.07456,-0.633616
9.41147,10.0247,-0.46541
9.31231,11.022,-0.535713
9.36806,12.0772,-0.459435
9.31394,13.0485,-0.243483
9.42965,14.0485,-0.0422407
9.7816,15.0274,0.0968596
9.77344,16.0543,0.060622
10.0384,17.0259,-0.166045
9.97327,18.0487,-0.00430311
10.0392,19.0753,-0.0250435
10.8603,-0.0470992,-0.246605
10.8429,0.981445,-0.273452
10.8567,1.94759,-0.417426
10.7423,2.91538,-0.227992
10.8402,3.9297,-0.276464
10.724,4.94067,-0.492837
10.7262,6.0248,-0.513379
10.7152,6.9961,-0.450493
10.7453,8.02375,-0.517383
10.6628,9.03366,-0.533372
10.4983,10.0639,-0.480197
10.3893,11.0468,-0.508609
10.4,12.0597,-0.369613
10.3604,13.0866,-0.202649
10.5328,14.1064,-0.0598498
10.8231,15.0615,0.113663
10.8311,16.0419,-0.0760094
11.0349,17.0247,-0.0744865
11.0447,18.0376,-0.146461
11.0241,19.0554,-0.172161
11.8939,0.0177801,-0.328513
11.8265,0.9914,-0.19779
11.8537,1.92118,-0.474337
11.7397,2.83796,-0.0220679
11.8189,3.93123,-0.139091
11.78,4.93223,-0.264834
11.7431,5.92813,-0.416654
11.7611,6.95708,-0.339
11.7696,7.96681,-0.427927
11.6951,9.00993,-0.480993
11.5793,10.0233,-0.537846
11.4828,11.0237,-0.526246
11.4735,12.0144,-0.471068
11.439,13.0204,-0.169991
11.5768,14.0176,-0.0313913
11.8145,15.0108,0.0724082
11.8709,16.0044,0.0202887
12.0219,17.0007,0.191177
12.09,18.0598,-0.0411237
12.0483,19.072,-0.00781884
12.8933,0.0389203,-0.198465
12.889,1.03134,-0.125764
12.9314,1.98967,-0.342122
12.7829,2.98609,-0.182687
12.8419,3.97957,-0.104312
12.7762,4.95016,-0.371795
12.8474,5.91568,-0.226737
12.7928,6.93324,-0.454347
12.8065,7.97387,-0.41695
12.7227,8.97929,-0.65143
12.6033,9.97594,-0.572436
12.514,10.9678,-0.279232
12.5608,11.9754,-0.343361
12.5102,12.9886,-0.229142
12.5966,14.0761,-0.0568651
12.859,15.031,0.105042
12.9123,16.0547,-0.172491
13.0355,17.0703,0.139644
13.1528,18.0517,-0.0212073
13.0699,19.0895,0.012476
13.9381,-0.0582232,-0.226545
13.8872,0.995126,-0.0735099
13.9387,1.99726,-0.148561
13.8292,3.05999,-0.251775
13.7935,4.0403,-0.528636
13.8215,5.00618,-0.342863
13.8725,6.02176,-0.351897
13.8709,6.98837,-0.442763
13.8218,8.05108,-0.325929
13.7321,9.01733,-0.590771
13.6792,10.033,-0.4833
13.5912,10.9967,-0.188437
13.583,12.033,-0.279254
13.5943,13.0355,-0.116251
13.6245,14.0601,-0.0116581
13.8404,15.0244,-0.160524
13.9389,16.0729,-0.193847
14.048,17.0906,0.0480148
14.0987,18.0888,0.281677
14.0851,19.0667,0.00470901
14.9735,-0.0483932,-0.171792
14.9315,0.934382,-0.129707
14.9398,1.9027,-0.302374
14.8561,2.91927,-0.22411
14.813,3.88548,-0.412409
14.874,4.92849,-0.272085
14.9281,5.92266,-0.424738
14.8604,6.9324,-0.296481
14.8579,7.97451,-0.342863
14.7089,9.00237,-0.455931
14.7686,10.0085,-0.292907
14.6307,10.9836,-0.300256
14.6341,12.027,-0.412986
14.6803,13.0461,-0.146083
14.6979,14.0681,0.00168157
14.8116,15.122,-0.138832
14.9346,16.181,-0.0866359
15.0431,17.2332,-0.0166478
15.0994,18.241,0.326286
15.0816,19.194,-0.0383221
15.9908,-0.173397,-0.14333
15.9345,0.863933,-0.135957
15.9118,1.92786,-0.0712271
15.8512,2.93536,-0.223264
15.8711,3.90946,-0.372982
15.9122,4.9535,-0.304215
15.9002,5.9748,-0.191186
15.9397,6.96991,-0.355446
15.8912,7.9977,-0.258684
15.7902,9.00313,-0.269723
15.8228,10.0129,-0.302438
15.6849,11.0666,-0.339405
15.741,12.0783,-0.327403
15.7626,13.1035,-0.0981628
15.7403,14.0938,0.0631916
15.8518,15.0794,0.0362835
15.9257,16.0646,-0.131434
16.076,17.0418,0.227387
16.0536,18.062,0.0443709
16.0153,19.079,0.247227
17.0475,-0.062154,-0.175512
16.9849,0.928111,-0.124717
16.9159,1.93146,-0.128306
16.9299,2.92147,-0.266271
16.9309,3.91419,-0.534928
16.9311,4.91336,-0.34752
16.9615,5.9706,-0.246748
16.9006,6.97924,-0.0948943
16.9133,7.99595,-0.166335
16.8187,8.99159,-0.419645
16.8749,10.027,-0.394147
16.7066,11.0768,-0.493396
16.7862,12.1067,-0.384716
16.8012,13.0793,-0.296844
16.7666,14.0812,-0.209473
16.8263,15.0737,-0.17195
16.9158,16.0655,0.0975249
17.0589,17.0521,0.319468
17.0836,18.1161,0.353093
16.9679,19.082,0.556059
18.1242,-0.152547,-0.187301
17.9877,0.905545,-0.186926
17.9769,2.00389,-0.123322
17.9385,3.0294,-0.120823
17.9239,4.00556,-0.470251
17.947,5.00561,-0.434196
17.9851,6.00697,-0.23477
17.8486,7.00903,-0.460854
17.9304,7.97148,-0.265807
17.9127,9.00139,-0.289062
17.9113,10.0127,-0.272954
17.7805,10.997,-0.534867
17.9064,11.9819,-0.474642
17.8259,12.9906,-0.320957
17.8829,14.0421,-0.0298654
17.8677,15.0153,-0.00821863
18.0206,16.0322,0.0094058
18.0318,16.9351,0.371081
18.063,17.8845,0.162319
17.9873,18.9002,0.454781
19.1388,0.0295328,-0.181631
18.9838,1.01485,-0.0705954
18.9569,2.0445,-0.0581805
18.9567,3.05358,-0.125315
18.9215,4.03521,-0.355773
18.9464,5.06725,-0.523719
19.0034,6.00726,-0.2274
18.8874,7.01135,-0.437672
19.0235,8.0181,-0.308249
18.9767,9.05286,-0.435847
18.9499,10.074,-0.382885
18.8619,11.0472,-0.360942
18.988,12.0312,-0.388931
18.9051,13.0121,-0.159117
18.9179,13.9969,-0.0220649
18.9274,14.9976,0.034727
19.0522,15.9829,0.0888241
19.0135,17.0118,0.110385
19.097,17.9779,0.29921
18.9797,18.9861,0.291754
