-0.156792,0.863363,-1.01899
0.0300913,1.28938,-0.14011
0.0317637,2.29857,-0.096469
0.0576037,3.28619,-0.139625
-0.0962371,4.27205,-0.391253
-0.0818415,5.29733,-0.412564
-0.105005,6.21291,-0.0538438
-0.115931,7.21747,-0.272796
-0.131602,8.23804,-0.343052
-0.120457,9.26539,-0.427131
-0.105603,10.2739,-0.289123
-0.119944,11.2983,0.0858364
-0.185528,12.2017,-0.339207
-0.133641,13.172,-0.639174
-0.0414777,14.2056,-0.794504
-0.0814325,15.1745,-0.664495
-0.118836,16.1648,-0.428037
-0.23755,17.1244,-0.158312
-0.104138,18.0881,0.254894
0.11615,19.1039,0.141597
0.0742546,20.0595,-0.221079
-0.149577,20.9848,0.0619404
-0.166298,21.9928,0.273583
-0.0891903,22.9887,0.153291
-0.108386,23.9665,-0.0186621
-0.13867,24.9653,0.0500687
-0.035139,25.9204,0.327744
0.00560015,26.8061,-0.203812
-0.0684988,27.7956,-0.000772118
-0.143837,28.8005,-0.0362896
0.863405,0.990558,-0.892276
1.07882,1.53581,-0.0353038
1.02301,2.52732,-0.0402264
1.10421,3.50491,-0.301154
0.901334,4.4792,-0.398853
0.954897,5.46988,-0.236705
0.911182,6.42519,0.00954924
0.892157,7.34027,-0.382376
0.881091,8.31411,-0.406919
0.957305,9.33499,-0.531498
0.989563,10.3014,-0.261977
0.96021,11.3029,-0.148051
0.778848,12.1183,-0.676287
0.850731,13.1501,-0.838304
0.97243,14.1594,-1.05285
0.915876,15.2163,-0.996603
0.871422,16.1213,-0.567721
0.643632,17.1137,-0.621329
0.778353,18.0969,-0.26328
1.17351,18.9885,0.0845576
1.0182,19.9794,0.0411054
0.900827,20.9526,-0.0923978
0.878848,21.8904,0.211829
0.933055,22.8941,0.179644
0.857695,23.8892,0.296112
0.881777,24.9532,0.155229
0.974026,25.9007,0.446373
1.05736,26.6712,-0.175927
0.851906,27.6257,-0.313346
0.893545,28.5997,-0.214808
1.85197,1.29617,-0.843525
2.03491,1.89101,-0.0683248
2.01857,2.87483,0.102518
2.07911,3.71133,-0.441871
1.87794,4.68587,-0.387854
1.93339,5.56944,0.0510117
1.8841,6.60419,-0.150838
1.91291,7.656,-0.274844
1.91101,8.6492,-0.374255
1.99889,9.58296,-0.759877
1.97346,10.5242,-0.412149
1.95027,11.5152,-0.395264
1.72197,12.4289,-0.838871
1.84038,13.4591,-0.967284
1.92329,14.4819,-1.30114
1.9134,15.4545,-1.1085
1.86884,16.198,-0.444484
1.6563,17.1786,-0.627464
1.79464,18.1479,-0.222324
2.17843,19.131,-0.164364
2.04953,20.1281,0.00388195
1.89884,21.05,-0.3198
1.95462,21.8391,0.302191
1.93234,22.8194,0.390237
1.82382,23.7553,0.164879
1.82704,24.7113,0.393298
1.95332,25.7024,0.450911
2.07559,26.5926,-0.0581652
1.89264,27.5651,-0.289712
1.96175,28.5613,-0.102316
2.84219,1.56806,-1.01638
3.06488,2.026,-0.130351
3.00541,3.10902,0.0112247
2.9763,4.10352,-0.169893
2.81421,5.11824,-0.304022
2.85383,6.04325,0.114667
2.90178,6.84823,-0.4622
2.96067,7.84345,-0.427076
2.90068,8.86158,-0.412659
2.96595,9.81908,-0.668331
2.93658,10.8098,-0.404202
2.94824,11.7898,-0.529746
2.70063,12.6409,-1.06258
2.82869,13.6331,-1.21311
2.916,14.5924,-1.52013
2.93656,15.5996,-1.2689
2.9054,16.3471,-0.582571
2.63453,17.2808,-0.44676
2.77832,18.3284,-0.485116
3.24345,19.1925,-0.3245
2.96277,20.1303,-0.30839
2.94169,21.1229,-0.53488
2.99697,21.8282,0.173095
2.8891,22.8721,0.203717
2.83706,23.899,-0.0681021
2.844,24.8203,0.41775
2.9697,25.8712,0.263732
3.03799,26.5537,-0.444209
2.85027,27.5692,-0.58225
3.02703,28.4469,-0.109705
3.79938,1.5,-0.763103
4.03804,2.30425,-0.13766
3.99642,3.37214,-0.115909
4.02558,4.34506,-0.286071
3.86979,5.33848,-0.419071
3.80511,6.32018,-0.115363
3.86771,7.3058,-0.491046
3.9124,8.28824,-0.576504
3.79794,9.33531,-0.475472
3.82943,10.3221,-0.637687
3.81381,11.3088,-0.47268
3.8815,12.2852,-0.764727
3.65038,12.9939,-1.39336
3.8072,13.9592,-1.16555
3.91626,14.6709,-1.85399
3.99613,15.4721,-1.21901
3.93201,16.2926,-0.611457
3.702,17.2498,-0.344118
3.80715,18.1878,-0.665551
4.2521,19.0965,-0.627689
3.91908,19.9494,-0.133509
3.88581,20.9199,-0.308362
4.07823,21.8453,0.0169591
3.93415,22.8239,0.184222
3.83309,23.7689,-0.0872372
3.89556,24.6681,0.380364
3.94104,25.6172,0.0573595
4.04993,26.5275,-0.292892
3.83281,27.5809,-0.502945
4.0818,28.4446,-0.0178869
4.76232,1.66605,-0.359624
4.98154,2.61729,-0.142842
5.11297,3.65062,-0.179305
5.00031,4.63927,-0.245579
4.8512,5.59872,-0.500613
4.75723,6.58972,-0.432978
4.90432,7.50547,-0.72324
4.91973,8.54164,-0.703211
4.77915,9.61357,-0.565102
4.78216,10.5953,-0.454427
4.78352,11.638,-0.672576
4.87124,12.6221,-0.838554
4.64824,13.2551,-1.56316
4.85454,14.1239,-1.10702
4.93442,14.651,-1.99637
5.03958,15.535,-1.37807
4.9489,16.3514,-0.843794
4.73875,17.2637,-0.479119
4.83758,18.2539,-0.842662
5.24119,19.1836,-0.807212
4.95622,19.845,-0.151531
4.90514,20.8265,-0.30145
5.09995,21.8188,-0.0662343
4.94264,22.7573,0.195358
4.82998,23.72,0.0578112
4.88011,24.697,0.197824
4.92308,25.7072,0.187201
5.0646,26.6305,-0.232884
4.90015,27.5705,-0.7232
5.05228,28.4559,-0.338108
5.78425,1.90124,-0.335362
5.96736,2.88296,-0.185122
6.05322,3.90109,-0.215244
5.99692,4.91785,-0.224448
5.83118,5.91379,-0.396564
5.77818,6.91202,-0.545247
5.89506,7.86709,-0.806815
5.87489,8.87324,-0.759032
5.83856,9.83426,-0.548299
5.81521,10.8287,-0.645799
5.75341,11.8175,-0.779565
5.85819,12.7683,-1.07203
5.67252,13.4686,-1.79148
5.82293,14.386,-1.47298
5.84625,14.8309,-2.42277
6.06338,15.3685,-1.55893
5.87548,16.2936,-1.19255
5.73557,17.146,-0.747621
5.8515,18.1651,-0.841862
6.2377,19.0919,-0.566079
5.97111,19.9585,-0.151109
5.90177,20.9338,-0.286288
6.0572,21.7636,0.291299
5.99899,22.7817,0.109311
5.79995,23.7437,0.242619
5.85213,24.7385,0.0398297
5.89051,25.7575,-0.143113
5.99337,26.5734,-0.684494
5.95138,27.614,-0.637361
6.11329,28.4528,-0.186554
6.7411,2.2769,-0.322596
6.91752,3.22366,-0.131184
7.01447,4.22041,-0.0283792
7.01916,5.19143,-0.284686
6.85189,6.16624,-0.368831
6.77723,7.16133,-0.489883
6.9008,8.0802,-0.842622
6.84869,9.12904,-0.720569
6.78949,10.0967,-0.847386
6.83043,11.1406,-0.706977
6.80653,12.1606,-0.8862
6.81531,13.1105,-1.17676
6.72417,13.4037,-2.12963
6.84974,14.3671,-1.78295
6.85249,14.9945,-2.56382
7.08357,15.3693,-1.71831
6.95077,16.2801,-1.21089
6.75908,17.1733,-0.82775
6.84277,18.1756,-0.909333
7.25159,18.9888,-0.447548
7.05763,19.9111,-0.0723716
6.85309,20.8807,-0.0527177
7.01288,21.8423,-0.10925
6.96865,22.8552,-0.051265
6.80385,23.7619,0.354433
6.82916,24.7431,-0.0644459
6.9222,25.7214,-0.190872
7.05794,26.5182,-0.819068
6.98682,27.475,-0.674798
7.07733,28.4109,-0.370556
7.76648,2.58568,-0.579501
7.91448,3.49868,-0.269768
8.0531,4.4717,-0.213407
8.00304,5.46788,-0.486969
7.85032,6.46274,-0.265252
7.75801,7.35718,-0.744987
7.85906,8.36858,-0.78204
7.82802,9.39719,-0.980132
7.74171,10.4422,-1.01635
7.81254,11.4517,-0.967244
7.81452,12.4249,-1.08732
7.74525,13.376,-1.46647
7.70189,13.474,-2.48511
7.85306,14.3425,-1.94992
7.83592,15.0135,-2.73859
8.09879,15.4953,-1.80585
8.01866,16.39,-1.29361
7.79253,17.3165,-0.924699
7.80839,18.2991,-1.21686
8.23902,19.0739,-0.630796
8.10898,19.7345,0.116663
7.85694,20.6889,-0.112647
7.98593,21.6826,-0.242509
7.97957,22.6855,0.0739738
7.81375,23.6873,0.202692
7.87781,24.6548,-0.0289865
7.93788,25.6664,-0.165178
8.1018,26.5589,-0.606265
7.95876,27.5595,-0.436915
8.07968,28.5227,-0.568709
8.79246,2.71393,-0.457994
8.93807,3.72214,-0.329649
9.04919,4.66379,0.0118656
8.97409,5.63155,-0.227378
8.80037,6.6722,-0.486331
8.72563,7.66576,-0.845064
8.82973,8.63883,-0.99479
8.85253,9.65415,-1.0446
8.75207,10.6553,-1.0796
8.77132,11.711,-1.10057
8.79175,12.7768,-1.19775
8.71383,13.7446,-1.67094
8.68056,13.8481,-2.69831
8.87837,14.5724,-2.00967
8.80198,15.0202,-2.96929
9.11794,15.3675,-2.04227
8.98372,16.2924,-1.54316
8.7699,17.0471,-0.926951
8.74138,18.086,-0.850432
9.22983,18.981,-0.898648
9.1092,19.7266,-0.190994
8.83962,20.7665,-0.0609546
8.98001,21.7033,-0.354976
9.00866,22.6569,-0.00715354
8.81273,23.6289,-0.107346
8.80539,24.6043,-0.474346
8.94401,25.5929,-0.200211
9.1553,26.5542,-0.56372
8.9641,27.482,-0.35891
9.15313,28.4484,-0.528416
9.7394,3.00822,-0.315006
9.94927,3.96799,-0.344139
10.0201,4.91139,-0.106247
9.97718,5.86876,-0.424372
9.78178,6.85244,-0.312259
9.75351,7.81748,-0.710001
9.88652,8.72651,-1.07896
9.89296,9.75767,-1.08062
9.79034,10.7641,-1.11689
9.78575,11.7675,-1.10251
9.80596,12.7411,-1.3609
9.72383,13.7104,-1.72766
9.71152,13.9,-2.69394
9.90854,14.5094,-1.9732
9.8125,15.0873,-2.77184
10.0762,15.1657,-1.76931
10.0115,16.1339,-1.51749
9.82231,16.9142,-0.905512
9.74678,17.8931,-0.843611
10.1871,18.8221,-0.945088
10.0855,19.7453,-0.493933
9.79771,20.7127,-0.368685
9.99202,21.668,-0.218702
10.1125,22.6941,-0.165807
9.84576,23.722,-0.0395825
9.78915,24.6676,-0.29606
9.95604,25.6884,-0.218302
10.1533,26.5308,-0.711707
9.94288,27.3552,-0.201975
10.1426,28.3253,-0.23119
10.7079,3.18885,-0.208353
10.9542,4.15014,-0.316379
10.9418,5.0113,0.237437
10.9288,5.93908,-0.146104
10.815,6.91552,-0.378915
10.8831,7.83333,-0.724973
10.9576,8.74088,-1.07107
10.8741,9.76075,-1.01505
10.7978,10.817,-0.958287
10.8657,11.7847,-1.21007
10.8285,12.7593,-1.50547
10.8076,13.6985,-1.86852
10.7051,14.1473,-2.79688
10.8911,14.6005,-1.81934
10.7905,14.9149,-2.78073
11.1088,15.3178,-1.93122
11.0086,16.2709,-1.65378
10.8867,17.0748,-1.07881
10.696,18.0467,-1.29458
11.2017,18.8057,-0.864177
11.1171,19.8007,-0.602936
10.8533,20.7916,-0.420774
10.9406,21.7916,-0.356377
11.1027,22.7191,-0.0625294
10.8735,23.6953,-0.0851863
10.8211,24.6779,-0.243608
10.8402,25.5444,0.252467
11.1201,26.3604,-0.255089
10.9413,27.2861,0.111948
11.1535,28.3168,0.0068453
11.7143,3.3642,0.142271
11.9672,4.25376,-0.285934
11.9703,5.15469,0.241618
11.9604,6.03934,-0.277175
11.8819,6.97909,-0.551164
11.9147,7.98455,-0.756853
11.9557,8.97346,-0.736656
11.8709,9.96529,-0.747142
11.8463,10.9534,-1.01157
11.918,11.8801,-1.48043
11.8592,12.8543,-1.64683
11.8656,13.7845,-2.02131
11.7308,14.3184,-2.92154
11.9064,14.6244,-1.97688
11.7567,14.9084,-2.97215
12.1227,15.3279,-2.15544
11.9887,16.2192,-1.6213
12.0169,17.0783,-1.14035
11.7815,18.0147,-1.37484
12.2175,18.879,-1.08654
12.1916,19.7665,-0.696197
11.895,20.6701,-0.334935
11.9964,21.6697,-0.165865
11.9883,22.605,-0.480844
11.9305,23.5597,-0.0743736
11.8405,24.5553,-0.386538
11.8241,25.546,-0.0645894
12.0904,26.4846,0.00807825
11.95,27.4744,0.163265
12.1696,28.3784,-0.170016
12.777,3.30238,0.312931
12.9772,4.21931,-0.0856777
13.006,5.2183,0.0752831
12.9261,6.20709,-0.00926237
12.8612,7.23033,-0.356548
12.9724,8.11751,-0.818146
12.9822,9.09677,-0.692431
12.9042,10.0889,-0.669341
12.8518,11.1433,-0.74246
12.9436,11.9248,-1.40218
12.8843,12.9101,-1.57743
12.8072,13.9499,-1.84464
12.8248,14.2585,-2.83566
12.8859,14.8623,-1.96369
12.8693,15.0381,-3.00197
13.0844,15.6786,-2.25455
12.9591,16.3391,-1.48975
13.003,17.35,-1.37001
12.7356,18.2181,-0.968331
13.1313,19.1105,-0.710279
13.0662,20.0142,-1.11573
12.8926,20.6823,-0.378735
12.9992,21.6809,-0.331574
13.0035,22.7119,-0.254375
12.9854,23.6562,0.131755
12.8712,24.5665,-0.24991
12.8239,25.5818,-0.188626
13.1347,26.4668,0.238545
12.9927,27.4579,0.110978
13.2078,28.4931,-0.0157262
13.8144,3.21242,0.185165
14.0057,4.12256,-0.127464
14.0539,5.13898,-0.185553
13.9576,6.12268,-0.0580401
13.9421,7.11042,-0.215183
13.9785,7.98528,-0.626124
14.0238,8.9739,-0.743245
13.9211,10.0114,-0.888595
13.9054,11.0334,-0.750996
14.003,11.9133,-1.24559
13.9255,12.89,-1.50862
13.8419,13.8384,-1.86072
13.8696,13.968,-2.84539
13.9354,14.7655,-2.12186
13.878,15.0131,-3.06505
14.1242,15.5402,-2.22191
13.989,16.3064,-1.4849
14.0542,17.3652,-1.41117
13.7498,18.3146,-1.14786
14.0749,19.3166,-0.9537
14.077,20.342,-1.1198
13.9031,20.66,-0.19389
14.0143,21.6107,-0.363414
14.0213,22.615,-0.21464
14.036,23.6325,-0.130619
13.8783,24.6453,-0.230473
13.8574,25.6654,-0.217255
14.0533,26.6952,-0.0784509
14.0305,27.6793,0.065685
14.1945,28.6489,0.00232246
14.8381,3.18338,0.234339
15.0089,4.1164,-0.093234
15.0698,5.07971,-0.3862
14.9647,6.0913,-0.200635
15.0292,7.0662,-0.269893
14.9977,7.98651,-0.660826
15.0473,8.97745,-0.454338
14.9498,9.89306,-0.873589
14.9162,10.9779,-0.875881
15.0693,11.9319,-1.00854
14.9461,12.8578,-1.40184
14.888,13.845,-1.64725
14.8751,13.9985,-2.66854
14.9644,14.6761,-1.92408
14.8906,14.8611,-2.91582
15.1351,15.3872,-2.11373
15.0506,16.2602,-1.5103
15.0994,17.2414,-1.16388
14.8299,18.1494,-0.917954
15.0211,19.1008,-1.10991
14.9529,20.0202,-0.737132
14.9003,20.8144,-0.130915
15.0765,21.7363,-0.290271
15.0629,22.7611,-0.231596
15.0055,23.7472,-0.316471
14.9535,24.7118,-0.0302347
14.8875,25.7089,-0.11731
14.9548,26.6228,0.271618
15.0106,27.6642,0.297589
15.1865,28.6611,0.260125
15.8512,3.06554,0.337773
15.9626,4.07145,0.214304
16.1528,4.9958,-0.208087
15.9619,6.03553,-0.113504
16.1251,6.9756,-0.00569475
15.9842,7.86629,-0.49891
16.0252,8.95144,-0.583993
15.926,9.95938,-0.524906
15.995,10.8771,-0.909842
16.1097,11.8609,-1.12331
16.0091,12.8758,-1.24201
15.9159,13.7879,-1.55205
15.9184,13.9004,-2.52561
15.9951,14.5812,-1.77911
15.9019,14.8205,-2.76063
16.2008,15.3876,-2.03145
16.0938,16.2935,-1.56843
16.0823,17.2304,-1.14779
15.7949,18.1897,-1.26377
16.0405,19.1328,-1.12888
15.9418,20.1387,-0.825462
15.9272,20.9084,-0.140403
16.0974,21.8208,-0.458168
16.0722,22.8862,-0.335734
16.0407,23.8837,-0.392407
15.9722,24.7347,0.170717
15.8836,25.6394,-0.260369
15.9872,26.6113,0.053679
15.9971,27.6378,0.129307
16.1764,28.6416,0.129386
16.8688,3.04607,0.349834
16.951,3.9384,-0.0989837
17.1774,4.92076,-0.164156
17.0364,5.89354,0.0411603
17.1392,6.85615,-0.208863
17.0395,7.84194,-0.489605
17.0842,8.86974,-0.598346
16.9782,9.83037,-0.499478
17.0425,10.8043,-0.79993
17.1356,11.7913,-1.0118
17.0457,12.7638,-1.15223
16.9588,13.736,-1.46973
16.9572,13.7996,-2.48961
17.0567,14.6884,-1.92824
16.9418,14.8875,-2.90017
17.2554,15.4174,-2.09418
17.0554,16.382,-1.89723
17.075,17.1552,-1.2138
16.7915,18.1001,-1.31521
17.0686,19.0503,-1.092
16.934,20.0133,-0.91088
16.8587,20.9262,-0.521662
17.1611,21.9055,-0.316178
17.0436,22.8816,-0.479614
17.0331,23.8914,-0.397018
16.972,24.8001,-0.0276284
16.9212,25.7893,-0.285217
17.0285,26.7706,-0.0455855
17.0017,27.731,0.121583
17.1869,28.6809,-0.0659658
17.8585,2.95091,0.338548
17.9987,3.87754,-0.0070101
18.1535,4.80055,-0.402512
18.1056,5.79828,0.0485397
18.1982,6.77295,-0.170214
18.0492,7.83497,-0.248515
18.1353,8.73843,-0.6386
18.0145,9.76937,-0.486062
18.094,10.7741,-0.664956
18.1897,11.7494,-1.09491
18.0873,12.7634,-1.19674
18.0193,13.7714,-1.43149
17.9445,13.8686,-2.42355
18.106,14.5775,-1.71523
17.9133,14.7312,-2.69837
18.194,15.1944,-1.86082
18.0452,16.2519,-1.87302
18.0992,17.0794,-1.32935
17.7986,18.0404,-1.07073
18.1051,19.015,-1.00323
17.9458,19.9424,-0.710678
17.8537,20.9366,-0.337318
18.1565,21.8326,-0.0428785
18.003,22.8178,-0.0763634
18.0137,23.7846,-0.365377
17.9869,24.771,-0.203821
17.9317,25.7654,-0.289953
18.0414,26.7188,0.0786798
18.0223,27.7381,0.124583
18.169,28.6166,-0.364888
18.8503,2.80923,0.37474
19.0335,3.7728,0.275726
19.1306,4.70214,-0.155492
19.1848,5.68524,0.118683
19.2319,6.60502,-0.243306
19.0741,7.61513,-0.268621
19.1511,8.60057,-0.459166
19.1038,9.65976,-0.515104
19.1057,10.6684,-0.815549
19.1892,11.7251,-0.914368
19.1003,12.7349,-1.21098
19.0613,13.7774,-1.43756
19.0085,13.7856,-2.43992
19.129,14.5529,-1.76807
18.9252,14.5943,-2.73448
19.2223,15.2536,-2.008
19.0342,16.2265,-1.9851
19.1071,17.0963,-1.4531
18.7822,18.0331,-1.15307
19.1174,18.9856,-1.01898
18.9696,19.9677,-0.6274
18.8338,20.925,-0.374529
19.1272,21.8552,-0.237129
19.0373,22.8467,-0.204938
18.9924,23.8623,-0.148399
18.927,24.7421,-0.729484
18.9456,25.6657,-0.209729
19.0651,26.5995,0.0358104
19.0037,27.5866,-0.0234107
19.214,28.4328,-0.522507
19.8419,2.68492,0.404321
20.0187,3.6498,0.16176
20.2023,4.58334,-0.265938
20.2743,5.54048,0.18464
20.1819,6.42018,-0.317405
20.1236,7.42766,-0.371703
20.1887,8.48321,-0.357512
20.1362,9.45761,-0.571404
20.15,10.3982,-0.885641
20.1809,11.4265,-0.830882
20.1386,12.4108,-1.11474
20.0773,13.3906,-1.34336
20.0643,13.7332,-2.28261
20.1028,14.4088,-1.50883
19.9012,14.6926,-2.46172
20.2806,15.3377,-1.77331
19.9836,16.3747,-1.7278
20.0999,17.2142,-1.22172
19.792,18.0881,-0.858217
20.1629,18.9972,-0.987786
19.9986,19.9997,-0.658238
19.8845,20.9177,-0.194842
20.07,21.86,0.156282
20.0882,22.7777,-0.308057
19.9802,23.742,-0.350349
19.9391,24.7141,-0.439109
19.9569,25.7396,-0.126487
20.1027,26.7439,-0.234074
19.938,27.734,-0.492285
20.1997,28.6723,-0.300855
20.8562,2.46656,0.358046
20.9469,3.31666,-0.134199
21.2126,4.30454,-0.306922
21.2414,5.21942,0.0505387
21.1664,6.22245,-0.312958
21.1551,7.27074,-0.546986
21.2224,8.18844,-0.152345
21.1221,9.12498,-0.481585
21.1631,10.1574,-0.689724
21.1677,11.1556,-0.645091
21.1345,12.1242,-0.95468
21.116,13.1034,-1.3048
21.0775,13.5971,-2.19184
21.0959,14.0152,-1.29528
20.8908,14.6182,-2.07972
21.2472,15.4307,-1.57629
20.9471,16.378,-1.33063
21.1351,17.347,-1.28036
20.8047,18.1891,-0.794095
21.1591,19.1108,-0.924421
20.9887,20.085,-0.737095
20.839,21.0609,-0.439659
21.0931,21.8564,0.110566
21.1211,22.7963,-0.23621
20.9878,23.7975,-0.161388
20.9905,24.7185,-0.46202
20.9473,25.6959,-0.162795
21.1504,26.653,-0.280087
20.9253,27.6679,-0.579479
21.2137,28.6212,-0.204343
21.8549,2.41853,0.51247
21.9381,3.06253,-0.266243
22.1795,4.04114,-0.271557
22.2884,5.09956,-0.158135
22.2146,6.07181,-0.241063
22.1627,7.03696,-0.477221
22.1873,7.86392,0.0575304
22.0945,8.85708,-0.247768
22.1419,9.88616,-0.43516
22.1314,10.8474,-0.650267
22.1366,11.8292,-0.861657
22.068,12.845,-1.03236
22.042,13.3883,-1.90325
22.0073,13.7173,-0.921485
21.8127,14.5182,-1.60891
22.2502,15.3652,-1.16947
21.9795,16.3246,-1.05363
22.1325,17.2963,-1.37393
21.83,18.0915,-0.773724
22.1931,18.9892,-0.618332
21.9859,19.9617,-0.697818
21.8566,20.9399,-0.396615
22.0774,21.7829,0.0603687
22.1107,22.7776,-0.193637
21.9955,23.7636,-0.235051
22.0081,24.7772,-0.304526
22.0177,25.76,-0.152486
22.1938,26.7427,-0.335755
21.8928,27.7028,-0.178866
22.2154,28.6332,-0.339662
22.8824,2.27164,0.664431
22.9328,2.85421,-0.179537
23.1649,3.86055,-0.155321
23.2236,4.83591,0.0930448
23.2103,5.80374,-0.19877
23.1713,6.80481,-0.441704
23.2427,7.62162,0.121824
23.0861,8.59998,-0.142308
23.1129,9.59917,-0.334309
23.1347,10.5229,-0.766485
23.1313,11.5164,-1.01609
23.0193,12.5232,-1.0504
23.0858,13.3091,-1.71523
23.0199,13.6698,-0.782336
22.8376,14.5373,-1.32283
23.2852,15.4219,-1.09359
22.9879,16.3916,-1.03872
23.1676,17.3394,-1.38528
22.8653,18.1459,-0.871984
23.2137,18.9403,-0.405118
22.9317,19.9644,-0.391061
22.8538,20.9301,-0.139564
23.0576,21.8742,0.240522
23.1406,22.807,-0.0841487
23.0382,23.7599,-0.384951
23.0092,24.7405,-0.282351
23.0169,25.7497,-0.0458724
23.1973,26.6056,-0.497363
22.9011,27.6054,-0.381274
23.207,28.5162,-0.526618
23.9329,2.06989,0.576629
23.9622,2.68829,-0.199139
24.1771,3.60154,0.0843898
24.2247,4.56256,0.399677
24.1959,5.47815,-0.0421827
24.1368,6.45943,-0.227692
24.2367,7.42988,-0.126206
24.0956,8.43516,-0.337407
24.1216,9.44394,-0.194342
24.1281,10.37,-0.580822
24.0934,11.3604,-0.717487
24.0597,12.3554,-0.924708
24.1408,13.2053,-1.52046
24.0934,13.744,-0.687347
23.8244,14.554,-1.15916
24.2563,15.3924,-0.890933
23.9833,16.3329,-1.14154
24.1762,17.3579,-1.25265
23.9392,18.2474,-0.844951
24.1762,19.0039,-0.205921
23.9879,19.9437,-0.531132
23.8972,20.7901,0.00969878
24.066,21.8224,0.12317
24.1423,22.783,-0.196115
23.9963,23.7563,0.0307596
23.9952,24.7536,0.0253059
24.0302,25.7607,0.185208
24.2313,26.5558,-0.492953
23.885,27.48,-0.294156
24.2737,28.4236,-0.275936
24.9543,1.76471,0.578027
24.9856,2.41865,-0.166802
25.1896,3.38742,0.0348735
25.2131,4.32038,0.442347
25.1835,5.32316,0.209214
25.0802,6.32498,0.156911
25.1755,7.17503,-0.466369
25.1068,8.1602,-0.281832
25.1191,9.14295,-0.198883
25.1619,10.0919,-0.473598
25.0954,11.0954,-0.684353
24.9531,12.1367,-0.529633
25.0675,12.9224,-1.16289
25.0638,13.6435,-0.450591
24.8639,14.5251,-0.8871
25.216,15.4209,-0.56682
25.014,16.2886,-1.06667
25.1241,17.2384,-0.779168
24.9024,18.1897,-0.580935
25.1963,19.0644,-0.19295
25.0247,20.05,-0.44597
24.9267,20.9877,-0.134068
25.0648,21.9962,-0.0667196
25.1135,22.9713,-0.131678
25.0137,23.9412,0.0453536
25.0952,24.966,0.0531602
25.0664,25.9516,0.269036
25.2548,26.7155,-0.38713
24.9232,27.6384,-0.189084
25.3221,28.5807,-0.151805
26.02,1.7964,0.780566
26.0109,2.26173,-0.167153
26.2183,3.16297,0.186624
26.2444,4.18936,0.392474
26.1854,5.11258,0.0172002
26.171,6.08268,0.192621
26.1977,6.79994,-0.530006
26.08,7.78231,-0.367086
26.1072,8.85148,-0.414017
26.2265,9.86231,-0.322224
26.1008,10.8681,-0.525318
26.0052,11.8292,-0.330909
26.0694,12.6303,-0.968062
26.0677,13.5296,-0.503699
25.8716,14.486,-0.673708
26.1839,15.418,-0.533338
26.0442,16.3082,-0.964071
25.9738,17.0528,-0.258477
25.8997,17.9963,-0.513153
26.1459,18.9609,-0.52906
26.1215,20.0193,-0.610514
25.9095,20.9422,-0.274728
26.0966,21.9065,-0.037083
26.1452,22.9172,-0.197201
26.0773,23.8896,-0.0273415
26.1358,24.8345,0.335228
26.0162,25.7258,-0.0363536
26.2172,26.7212,-0.0762291
25.9427,27.5767,-0.449391
26.3851,28.4754,-0.237419
27.0443,1.87907,0.908588
26.9786,1.90246,-0.134513
27.1743,2.84051,0.231608
27.1673,3.84734,0.290332
27.1391,4.84537,0.232685
27.2049,5.90809,0.352998
27.2088,6.62845,-0.323536
27.0294,7.59047,-0.483923
27.1127,8.58939,-0.27015
27.2615,9.62894,-0.317679
27.0791,10.5621,-0.562593
27.0078,11.559,-0.428471
27.0738,12.4687,-0.778121
27.1082,13.483,-0.765877
26.8985,14.4605,-0.607776
27.1619,15.3876,-0.292373
26.9913,16.305,-0.622431
26.9689,17.1385,-0.0442305
26.8879,18.0381,-0.526621
27.1217,18.9728,-0.133558
27.1472,19.9605,-0.475045
26.9792,20.9557,-0.199509
27.0915,21.8986,0.213703
27.1503,22.7335,-0.375542
27.0845,23.6976,-0.186691
27.1679,24.6833,0.173586
26.9929,25.6346,0.27434
27.2622,26.587,-0.0427137
26.9791,27.5014,-0.355913
27.3833,28.4081,-0.587814
28.1046,1.81604,1.08025
27.9461,1.57358,0.0946684
28.1347,2.55013,-0.108304
28.1158,3.48999,0.258248
28.0696,4.48198,0.502396
28.1237,5.43363,0.19519
28.1723,6.32326,-0.176156
28.0313,7.35461,-0.399908
28.0966,8.40241,-0.296963
28.2514,9.37353,-0.227876
28.0815,10.3574,-0.249626
28.0501,11.3652,-0.25081
28.0703,12.3389,-0.550206
28.1263,13.3487,-0.747942
27.9169,14.3254,-0.634135
28.151,15.267,-0.242756
28.0051,16.1508,-0.587698
28.0315,17.1306,-0.233442
27.9392,18.0689,-0.599979
28.143,18.9955,-0.237242
28.2118,20.0326,-0.393323
27.978,21.0501,-0.221558
28.1087,21.9685,0.12324
28.1342,22.9044,-0.266601
28.1286,23.922,-0.226246
28.0763,24.9341,-0.134526
28.021,25.9051,0.189172
28.1806,26.7308,-0.44348
28.0055,27.7095,-0.376366
28.1913,28.6576,-0.0153325
29.0771,1.51405,1.15735
28.9409,1.51299,0.118632
29.1184,2.39103,-0.306992
29.0942,3.28068,0.127265
29.1172,4.2264,0.422501
29.1182,5.18044,0.0693869
29.1198,6.17953,0.0277505
29.0088,7.15757,-0.0569536
29.0755,8.08539,-0.269311
29.2042,9.10053,-0.216248
29.0811,10.084,-0.334898
29.0695,11.0851,-0.139177
29.0973,12.1023,-0.369488
29.1153,13.0989,-0.66711
29.0092,14.1199,-0.537111
29.0908,15.0913,-0.61977
28.9789,16.0677,-0.332835
29.0188,17.1204,-0.226542
29.0052,18.0573,-0.484429
29.1696,18.9627,-0.114798
29.2557,20.0134,-0.28218
28.9849,20.9353,-0.00804163
29.1033,21.8999,0.202347
29.1108,22.8858,-0.00357067
29.1073,23.9271,0.130836
29.0953,24.9539,-0.0213355
28.9333,25.9512,-0.231104
29.1744,26.9088,-0.290429
29.0476,27.9069,-0.239045
29.1791,28.8062,0.17546
