0.0547014,0.0116947,0.0378613
1.02125,-0.000299081,0.268142
2.00395,0.0514267,0.0277139
3.00861,0.0380749,0.00157476
3.98776,0.0243477,-0.08923
5.00536,0.0523576,-0.111637
6.00997,0.0707907,0.076162
6.9915,-0.0124027,-0.0492019
7.98264,-0.0153081,-0.177697
8.99658,-0.00584429,0.0368938
10.001,0.0374218,0.222602
11.0029,-0.00778527,0.0216102
11.9633,0.0108707,-0.214051
12.9833,0.0118748,-0.0637257
14.0304,-0.0150029,0.0980071
15.0095,-0.0183721,-0.0238105
16.0272,0.0320383,-0.12916
17.0412,0.0436689,-0.0487228
18.0288,-0.00540483,-0.204324
19.0232,-0.0177709,-0.362728
0.000128178,1.04146,-0.0225227
0.95793,1.03099,0.202713
1.99208,1.06505,0.105515
2.98961,1.01697,0.280709
4.0249,1.03439,0.224628
4.89736,1.05359,-0.29711
5.89922,1.02344,-0.10015
6.94082,1.0181,0.176583
7.92072,0.98497,-0.0898251
8.95484,1.0115,0.0662832
9.9428,1.04342,0.0537065
10.9533,0.963762,-0.0844447
11.9247,1.02347,-0.0630879
12.9548,1.00685,-0.0956908
14.0028,0.979958,0.0306497
15.0002,0.989993,0.0249855
16.0471,1.03046,-0.0922575
17.0622,1.07048,-0.247795
18.0452,0.993136,-0.137367
19.0428,0.969301,-0.267455
-0.0292764,2.01684,0.172036
0.959841,2.05394,0.307819
1.88061,2.04508,-0.0876095
2.89055,2.05524,0.0548692
3.91916,2.03538,0.203522
4.91228,2.07005,-0.12844
5.91429,2.01151,-0.213855
6.92428,1.97014,-0.105942
7.93444,2.01091,-0.207236
8.946,2.05639,-0.0149876
10.0008,2.07121,0.0559221
11.0075,2.01801,0.12157
12.0028,2.03845,0.148747
13.0048,2.0029,-0.081341
14.0249,1.95861,-0.210996
14.9771,2.04061,-0.0333201
15.962,2.05784,0.0086642
16.9809,2.04591,0.0485763
17.994,2.02084,0.0373638
18.9958,1.99525,-0.223969
-0.0159398,2.99414,0.166805
1.00078,2.99959,-0.0584216
2.01602,3.04519,0.0700705
3.02592,3.07855,0.13809
4.04324,3.00677,0.129841
5.01839,3.01834,0.0708945
6.08436,3.02508,0.00980865
7.08808,2.94985,0.210681
8.08948,2.96029,0.18182
9.13133,3.09224,-0.00322886
10.109,3.05423,0.174429
11.1153,3.02595,0.220423
12.1019,3.04633,0.123807
13.0355,2.98351,-0.344517
13.9848,2.95234,0.0200385
14.988,3.07873,0.0344127
15.979,3.09822,-0.0675832
16.9931,3.02529,-0.213746
17.994,3.02258,0.0344768
18.9758,2.9428,0.0834742
-0.00421155,3.91675,-0.208155
0.985437,4.01571,-0.0331675
1.97499,4.00772,0.215754
2.97622,4.08,0.265831
4.00271,4.03629,0.144676
4.93397,3.97417,-0.274493
5.93173,3.96352,-0.355721
6.95452,3.88942,-0.08258
7.96097,3.96519,0.0876125
8.9394,4.042,0.317392
9.96135,4.09966,0.0790368
10.9666,4.04632,0.330747
11.9253,4.04515,-0.059389
12.8887,3.98774,-0.390912
13.9162,3.96431,-0.205567
14.9329,4.08784,-0.0135685
15.9839,4.05197,-0.343342
17.0259,4.0165,-0.288537
18.0712,4.02591,-0.144496
19.0125,3.93233,0.310785
-0.0023072,4.95706,-0.181628
0.952223,4.96503,0.27401
1.96482,4.99913,0.0658162
2.9734,5.02814,-0.0230018
3.99057,5.06381,-0.0831416
4.94397,4.98161,-0.3961
5.88157,4.93128,-0.0834834
6.89434,4.91997,0.0195959
7.91677,4.95415,0.0168493
8.93609,5.04861,0.294708
9.87708,5.11077,0.044966
10.8157,5.05507,0.244304
11.8225,5.041,0.0496567
12.8374,4.98029,-0.11399
13.8799,4.9718,-0.167318
14.9014,5.09409,0.031904
15.9074,5.0432,-0.0983825
16.9579,5.05234,-0.219343
17.961,5.01267,-0.0422315
18.9632,4.87324,-0.00264595
-0.00386364,6.00294,-0.136802
1.01129,5.95785,0.0138249
2.03061,6.0235,-0.163863
2.97647,5.9767,-0.378088
3.98895,6.02361,-0.254363
5.01167,5.93901,-0.161776
5.95525,5.93027,0.0752709
6.96778,5.92976,0.0383862
7.94623,5.92684,-0.223807
8.92076,5.97962,-0.0584002
9.93425,6.07845,-0.137696
10.8973,6.05101,0.11084
11.9135,6.01147,0.0949156
12.9042,5.98649,0.0880917
13.9104,6.02376,-0.212461
14.9448,6.0605,-0.16993
15.9218,5.94884,-0.444267
16.9315,6.06812,-0.184454
18.0086,6.05474,-0.19635
19.0085,5.84273,-0.0018067
0.0364422,6.96552,0.0288736
1.00609,6.9563,0.0309458
1.99313,6.9953,0.159911
2.95924,6.95672,-0.114383
4.05419,7.06848,-0.209079
5.03558,7.03274,-0.218564
6.02262,6.947,0.0467116
7.02186,6.97399,-0.0818995
8.05899,6.9376,-0.0316111
9.05759,6.99195,-0.0923826
10.0764,7.09957,-0.089697
11.0263,7.089,0.178402
12.0194,6.97435,-0.109409
12.9996,6.96972,-0.0408704
13.9967,7.02578,-0.099646
14.9936,7.0981,-0.264544
16.0182,6.9861,-0.212064
17.0159,7.05914,-0.0131291
17.9957,7.05559,-0.167681
18.9461,6.89254,0.0317881
0.00549333,7.92208,0.242494
1.02199,7.94906,0.162429
2.06706,7.99563,0.00338755
3.14622,7.97977,-0.0513901
4.11387,8.00797,0.236497
4.97743,8.03588,-0.305374
5.95951,7.90591,-0.354875
6.98242,8.02176,-0.0775994
8.01259,7.95687,0.0816584
9.04855,8.01535,-0.0558824
10.0395,8.13757,0.158977
11.0393,8.07312,0.0965239
12.0624,7.92857,0.17073
13.1267,7.9604,0.161629
14.0003,7.96482,-0.325886
14.9756,8.08683,-0.0859828
15.9785,7.89687,0.208762
16.9556,8.0858,-0.0975341
17.9587,8.02317,-0.0567858
19.0049,7.94003,-0.112098
0.076223,8.93229,0.0197577
1.1049,8.95127,0.116016
2.08465,8.98203,-0.224946
2.99166,8.97214,0.175738
3.95772,8.94705,-0.0868954
4.90571,9.0922,-0.32743
5.86129,8.92098,-0.144841
6.88005,9.07329,-0.167379
7.89731,8.9683,-0.0963988
8.87128,8.99372,0.0805231
9.83683,9.09341,-0.117573
10.8526,9.06765,-0.150066
11.8798,8.80081,-0.313981
12.8811,8.89795,-0.0975311
13.8541,8.97632,-0.0926298
14.9212,9.05597,-0.116767
15.9127,8.89786,0.0398236
16.9012,9.06772,-0.0290384
17.9787,9.05482,-0.0362682
18.945,8.94646,0.029252
-0.0519028,9.90905,-0.229569
0.949684,9.94576,0.0902402
1.8878,9.96413,-0.310697
2.87645,9.9734,0.00174566
3.87767,9.93937,-0.0458937
4.94194,10.0337,0.0482803
5.91547,9.92865,-0.190722
6.87345,10.0133,0.111713
7.87184,10.0308,-0.103699
8.86156,10.0051,0.137678
9.87461,10.0944,-0.0291635
10.9646,10.0551,-0.0732017
11.9548,9.8246,-0.0935606
13.0208,9.91067,-0.0405957
14.0223,9.97718,0.140428
15.0286,10.0352,0.0893918
16.0307,9.94365,0.0618854
17.0132,10.1121,-0.0486221
18.0161,10.0411,-0.193872
18.9768,9.92114,0.0454085
-0.00460219,10.8973,-0.00600604
1.0518,10.9756,0.0514939
2.06269,10.9409,-0.132991
3.07526,10.9352,-0.153691
4.04316,10.907,0.128132
5.0635,11.0504,0.0294931
6.03567,10.9137,-0.0448622
6.97274,11.0355,0.248155
7.95622,11.0312,0.171252
8.94446,10.9784,0.157988
9.88635,11.1058,-0.32671
10.8986,11.0583,-0.186944
11.8682,10.8157,-0.228571
12.8945,10.8964,-0.177905
13.8931,10.9494,-0.0232795
14.8898,11.0479,0.0923246
15.8942,10.9204,0.194647
16.9093,11.0921,0.07257
17.9762,11.0363,-0.0575762
18.9361,10.9088,-0.0836909
-0.0146428,11.9448,0.206873
1.02765,11.9831,-0.0328104
2.01414,11.9326,-0.118146
3.03423,11.9457,-0.0576556
4.0551,11.9065,-0.0548601
5.02424,11.9452,-0.367476
6.01026,11.9134,-0.111457
7.03069,11.9469,-0.160445
8.01117,11.9858,-0.195282
9.01677,11.9544,-0.110068
10.0558,12.0384,-0.0282785
11.0611,11.9563,0.235166
12.0014,11.8158,-0.0488571
13.0156,11.8952,-0.104855
13.9896,12.0176,-0.0581194
14.9844,12.0556,-0.0302042
15.9857,11.8837,-0.0718345
16.9994,12.0711,-0.00316782
18.0258,12.0245,0.0878933
19.0197,11.8868,0.0770043
0.00207831,12.9505,-0.127375
0.970336,12.9702,-0.260183
2.02002,12.9561,-0.223246
3.07555,12.9815,-0.0786798
4.0513,12.9341,-0.269652
5.04621,12.9706,-0.372674
5.9993,12.9481,0.028077
7.01749,12.9361,-0.207538
8.00656,12.9858,-0.181097
8.98219,12.9316,-0.11229
9.94656,13.033,0.167
10.9582,12.9795,0.328397
11.9048,12.8348,-0.0485488
12.9394,12.931,-0.0747551
13.9567,13.0146,-0.147267
14.9714,13.106,0.0709891
16.0065,12.9053,-0.0340526
16.9858,13.0995,0.224366
17.9679,13.057,0.144896
19.003,12.9614,0.131822
0.0250526,13.946,0.169192
0.987677,13.971,-0.175457
2.02246,13.9909,-0.153569
3.02945,14.0284,-0.155296
4.01045,13.9424,-0.0350475
4.98865,13.9361,-0.150841
5.98669,13.9508,0.192282
6.95238,13.9181,-0.0510483
7.92136,13.9362,-0.355586
8.8982,13.9261,0.0195685
9.92072,14.0561,0.199503
10.9596,13.9926,0.229029
11.9648,13.8909,0.104532
13.0345,13.9367,0.105759
14.0405,14.0102,-0.00224921
15.0476,14.0809,-0.259069
15.9938,13.9194,0.0173406
16.9865,14.1104,0.192871
17.9722,14.1095,0.0133976
18.9832,13.955,-0.0507248
0.00873135,14.9792,0.210947
1.0099,14.9587,-0.0960936
2.07032,15.013,-0.140968
3.08849,14.9944,0.0826502
4.01143,14.9755,-0.287991
5.11036,14.9291,-0.165255
6.00779,15.0026,0.270812
6.99555,14.9289,0.136122
8.01041,14.9712,-0.0898862
9.02687,14.9974,-0.000503555
9.99997,14.9966,-0.181454
10.9959,14.9766,-0.0191809
11.9811,14.894,0.30936
12.898,14.9377,-0.0333628
13.9452,15.0654,-0.0308023
14.9518,15.1148,-0.241585
15.945,14.9241,0.0719993
16.9446,15.0565,0.0133335
17.9669,15.0866,-0.243623
19.008,14.9522,0.0247047
0.00524308,16.0097,0.32089
0.989465,15.9341,0.124265
1.9822,16.0442,0.0162145
3.0102,16.0248,-0.10058
4.00351,16.0639,-0.407938
5.00284,15.9891,-0.191714
6.05882,15.9889,-0.0754021
7.09066,15.9129,-0.0274392
8.0447,15.9433,-0.312079
9.02209,16.0576,-0.196588
10.0378,15.9949,0.0151097
11.0555,15.9745,0.103821
12.0563,15.9603,0.224931
13.0408,15.9566,0.199203
13.9313,16.0724,-0.215363
14.9409,16.1243,-0.0293344
15.9288,15.9252,0.0489059
16.9265,16.0363,0.0141087
17.9666,16.0736,0.132047
18.993,15.9742,0.0994598
-0.0233283,17.0182,0.387231
0.975671,16.9789,0.0728355
1.98421,17.0195,0.0216651
2.96561,17.0539,-0.117032
3.96547,17.0635,-0.182055
4.96011,16.9876,-0.143614
5.99384,17.0143,-0.300101
7.06083,16.8877,-0.258763
8.05107,16.936,-0.397867
9.00759,17.0507,-0.182785
10.0629,17.0361,-0.0872768
11.0487,16.986,0.0326151
12.0376,16.9544,0.108499
13.0978,16.9567,0.00887173
14.0629,17.0827,-0.169298
15.0063,16.991,-0.543294
15.9628,16.9104,-0.0256966
16.9203,17.0403,-0.172106
17.9167,17.0416,-0.114426
18.9224,16.9735,-0.0390027
0.0212226,17.9567,-0.0237434
1.03897,17.9982,0.0523606
2.09113,18.0241,-0.00185858
3.06572,18.0343,-0.0460799
4.02654,18.0536,-0.142009
5.03295,17.9966,-0.272689
6.09536,18.0028,-0.222404
7.10245,17.9115,0.0844996
8.0594,17.9551,-0.229582
9.09053,18.027,-0.160463
10.082,18.0528,-0.148506
11.0964,18.0114,-0.133872
12.0667,17.9788,-0.0130497
13.1046,17.9547,0.211631
14.0635,18.0644,0.0112949
15.0445,17.9958,-0.233061
15.9819,17.8901,0.0917814
16.9702,18.0393,-0.0498795
17.9865,18.0684,-0.123423
18.9901,18.0101,0.114948
-0.00579852,18.9563,-0.0175909
0.994314,18.9965,0.1391
2.04479,19.0146,0.182897
3.03385,19.0146,0.150914
4.02418,18.9867,0.159105
5.03311,18.9799,0.108054
6.02094,18.9686,0.0738517
7.00431,19.0027,0.1553
7.99941,18.9483,0.0759301
9.02869,18.9995,0.118946
10.1028,18.9872,0.103458
11.0969,19.0049,-0.0800226
12.0734,19.0006,0.177416
13.0757,18.9598,0.126365
14.0113,19.0128,-0.292776
15.0326,19.0001,-0.0861538
16.0025,18.939,-0.0127262
17.0192,19.0304,-0.174602
18.0158,19.0614,-0.358446
18.9802,18.9931,0.0162542
