0.0391034,0.00467238,0.284191
1.02593,0.0513321,0.17174
2.00643,0.0583056,0.00299387
3.00023,-0.0444899,0.156944
4.02678,0.000726341,0.113639
5.02224,0.0120945,0.130158
6.00561,0.00976287,0.0645619
7.02803,0.0239326,0.0376537
8.02983,0.0312387,-0.0907804
9.02998,0.0887356,0.0506912
10.032,0.0125767,0.0289102
11.0313,-0.0355907,0.148717
12.036,0.0453749,0.111875
13.0614,0.0309214,0.0351695
14.0441,0.0353984,-0.0105441
15.0096,-0.0116306,-0.215787
15.9984,0.0822169,0.035786
16.9985,-0.0168004,-0.184548
17.9651,-0.00513932,0.125632
18.9612,0.00473342,-0.0234718
0.00208136,0.987146,0.0651692
0.982214,1.06408,0.0683309
2.0212,1.03976,-0.129579
3.03754,0.960686,-0.00564592
4.04647,0.99328,0.224152
5.02038,0.968111,-0.170028
6.00655,1.02582,-0.0583514
6.99941,0.951021,-0.271191
8.00151,1.05404,-0.0672567
9.05322,1.08293,-0.0951048
10.0107,1.01657,0.286663
10.9855,0.978561,0.275286
12.0204,1.08106,0.193814
13.057,1.00123,0.252275
14.0758,1.01838,0.198413
15.0858,0.918278,0.14594
16.0809,1.0107,0.397061
16.996,1.04032,-0.0911985
18.0167,1.00009,0.0260475
19.0283,0.965191,0.256929
0.0671072,2.01598,-0.0516953
1.11261,2.05398,0.0795831
2.11205,2.04176,-0.204715
3.13625,2.01274,-0.0766167
4.13999,1.99334,0.193387
5.05102,1.98885,-0.179943
6.00273,2.00721,0.170696
6.99118,1.92852,-0.0951903
7.95295,2.10908,-0.151869
8.9694,2.09657,-0.296756
9.93389,1.87465,-0.226655
10.9222,1.93095,-9.15555e-06
11.9618,2.06914,0.00690329
12.9784,2.01705,0.0491897
13.9948,2.04588,0.00085757
14.9849,1.95442,0.055446
16.0041,1.97824,0.0932157
16.9929,2.06243,-0.0640919
18.0007,1.99743,-0.233757
18.9324,1.95246,0.211121
0.00213935,2.97797,0.1313
1.04601,3.04483,-0.106162
2.06344,3.0437,-0.277337
3.02894,2.99105,0.10889
4.05288,3.01204,0.110038
5.06609,2.99192,-0.188076
6.0479,2.97586,-0.0261727
7.06526,2.94691,0.0873531
8.0674,3.10039,0.0508744
9.05475,3.08779,-0.229795
10.0232,2.9327,-0.238017
10.9756,2.95469,0.15052
11.9865,3.06177,0.178896
12.991,3.0588,-0.0018189
13.9794,3.08711,-0.0666463
14.968,2.98715,0.0520402
15.9529,2.97666,0.0768517
17.0081,3.03009,0.0573138
18.0023,2.98774,-0.0428694
18.9981,2.97127,0.194327
0.030134,4.01158,-0.0119633
1.01853,4.02865,-0.0299173
2.05201,4.08225,-0.0149297
3.04932,4.028,-0.0842982
4.02476,4.02227,0.150243
4.96595,4.02059,-0.263491
5.97929,3.99867,-0.15041
6.96814,3.98655,-0.00322275
7.877,3.99134,-0.371465
8.88118,4.0626,-0.162532
9.83988,3.86802,0.0588549
10.8602,3.97905,0.0323466
11.8819,4.04233,-0.0999603
12.9108,4.08805,-0.157979
13.9645,4.0659,-0.0681906
14.9929,3.99134,-0.191095
15.9724,3.95583,-0.103351
16.9233,4.03319,0.150169
17.969,3.97561,0.0396893
19.0212,3.95901,-0.0159948
0.0505173,5.02327,-0.0409223
1.05204,5.02935,0.00843837
2.07332,5.12303,0.0888058
3.05972,5.02554,0.192489
4.03125,4.99035,-0.0742271
5.03107,5.02018,-0.317194
5.99712,4.98518,0.0282449
6.90516,4.95726,-0.361034
7.9013,4.99584,-0.308982
8.93423,5.03378,-0.116083
9.94214,4.92658,-0.198444
10.9433,4.94685,0.117652
11.9613,5.02032,0.214026
12.9516,5.05881,0.0954466
13.9579,5.09318,0.0737083
14.9349,5.00688,-0.0548906
15.9621,4.96176,-0.0398907
16.9976,5.05307,-0.0856044
18.0136,5.06966,0.0903928
18.9597,4.94448,-0.234919
0.0475326,5.99046,0.0667104
0.984783,6.00717,0.437513
1.87832,6.09898,-0.0191076
2.91901,5.9277,-0.242186
3.98169,6.02238,-0.188867
4.99587,6.01311,-0.184829
6.03979,5.95369,-0.321613
7.06383,5.96325,-0.262169
8.0602,6.02055,-0.433616
8.9105,6.05072,0.138853
9.91759,5.92415,-0.0344279
10.8905,5.94418,-0.0450758
11.8779,5.99634,-0.0101749
12.8591,6.04476,0.172491
13.8361,6.08456,0.00944548
14.8961,6.00328,-0.0317972
15.9143,5.98442,0.0860378
16.9447,6.01756,0.0672231
17.9814,6.03161,0.315665
18.9773,5.91056,0.125776
0.0113681,7.01798,-0.0283242
0.993118,7.05742,0.255986
2.00475,7.10556,0.0586108
2.92103,6.95504,-0.267754
3.91827,7.03941,-0.215836
4.93091,6.94999,-0.46118
5.9096,6.96266,-0.344197
6.86817,6.9735,-0.0392773
7.91978,6.96955,-0.18699
8.92176,6.98459,-0.22017
9.96784,6.96908,-0.213901
10.9949,6.97477,-0.19172
12.0055,6.96167,-0.0063509
13.0156,7.03098,0.142003
13.9585,7.08397,-0.181152
15.009,7.06448,-0.172323
15.9449,6.97441,0.197827
17.0013,7.03491,0.0689535
17.9794,6.949,-0.110569
19.0046,6.91144,-0.0952422
0.0863216,7.99527,0.0651967
1.10653,8.061,0.180169
2.08468,8.15384,0.0482131
3.01821,7.97768,-0.192474
4.05307,8.02998,-0.166945
5.02555,7.98332,-0.405557
6.017,7.95005,-0.435972
6.99946,7.95445,-0.160955
8.01322,7.99745,-0.234159
9.05316,8.0039,-0.109946
10.0467,7.98819,-0.0329203
11.0761,7.94597,0.0183325
12.0682,7.96312,-0.0990143
13.0456,8.04211,0.0510117
13.9951,8.09087,-0.347197
14.8838,8.0553,0.0730125
15.9215,7.98045,0.166759
16.9151,8.03804,-0.0146764
17.933,8.0087,-0.0904965
18.9293,7.94122,0.0342967
-0.00885037,9.04947,-0.0775353
0.982919,9.05735,0.0333354
1.9667,9.1007,-0.303464
2.96241,8.98498,-0.346861
4.00796,8.99424,-0.318348
5.01494,9.00872,-0.503143
5.95268,8.93292,-0.209464
6.96393,8.93094,-0.0500046
8.02221,9.00147,0.0955107
9.04157,9.03957,0.00735801
10.0801,8.99203,-0.0966552
11.0923,8.9664,-0.18977
12.127,9.018,-0.179855
13.196,9.0777,-0.0413251
14.1457,9.10471,-0.366958
15.139,9.03434,-0.156951
16.1127,8.90691,-0.151451
17.0731,8.97249,-0.374416
17.9742,9.07653,0.082577
18.9924,8.95372,-0.066512
0.0126469,10.032,-0.215784
1.03097,10.0225,-0.21156
2.03955,10.116,-0.264467
3.03368,9.97768,-0.2103
4.09232,9.97905,-0.0763329
5.13498,9.90699,-0.0605701
6.07727,9.93492,-0.324155
7.08856,9.93113,-0.22866
8.02929,10.0518,0.133125
8.97296,10.0201,-0.200723
9.97739,9.94994,-0.145921
10.9666,10.0015,-0.0279977
11.9281,10.0231,-0.362893
12.9529,10.0364,-0.00861538
13.9901,10.0897,-0.0422834
15.0624,10.0636,0.0256966
16.0633,9.9364,-0.17145
17.0399,9.96603,-0.173357
17.9886,10.1067,-0.0607227
18.996,9.97642,0.0656697
0.0109958,11.0348,0.0611621
1.05952,11.0371,0.0578448
2.10741,11.1232,-0.129917
3.13073,10.9734,-0.162932
4.11825,11.0242,0.089288
5.16172,10.9482,0.174456
6.10165,10.8952,-0.20994
7.06298,10.9794,-0.545155
7.9227,11.0248,-0.0439558
8.91596,11.0266,-0.227781
9.98333,10.978,-0.319648
10.9508,11.0396,-0.12692
11.9645,11.0605,-0.0794183
12.9901,11.059,-0.117862
13.9912,11.1115,-0.134278
15.0038,11.0195,-0.279134
15.9533,10.9578,-0.0879543
16.9692,10.9821,-0.023014
17.9803,11.1046,-0.404254
18.9804,10.9996,-0.149745
0.00696738,11.9985,0.310858
0.986496,12.0206,0.162209
1.96854,12.0659,0.357646
3.0108,11.9395,0.160436
4.00438,12.0115,0.0626301
5.0092,11.9148,-0.125755
5.99924,11.9185,-0.401361
6.99871,11.9209,-0.132826
8.02049,12.0418,0.00195929
8.97559,12.0353,-0.223841
9.95337,11.9972,-0.0146184
10.9812,12.0845,-0.0315134
11.978,12.0595,-0.0461959
12.9895,12.0696,-0.0383221
14.0173,12.0714,0.153539
15.0364,11.9551,0.0893002
16.034,11.9713,0.138893
17.0156,11.9883,0.142256
18.0659,11.9893,0.159255
18.9908,12.0087,-0.188641
0.0142369,12.9494,-0.00554521
0.97152,13.0168,0.313315
1.9672,13.0783,0.209909
2.94258,12.9416,0.102225
3.97409,13.0544,-0.0261605
4.98729,12.9018,-0.280776
5.96055,12.8523,0.0318827
6.97647,12.9204,-0.0955748
7.98633,13.045,-0.0816889
8.95026,12.9493,0.14362
9.91223,13.0086,-0.0811731
10.9536,13.0793,-0.187606
11.9285,13.063,-0.00437025
12.9012,13.0423,0.171902
13.9425,13.0565,0.0907743
14.9526,13.0032,0.0663717
15.9924,13.0141,0.232231
17.0228,13.0005,0.0938627
18.0336,13.014,0.270171
18.9873,13.0178,-0.178411
-0.0249275,13.9717,0.119803
1.00344,14.0559,0.165355
2.00841,13.9867,-0.201743
2.9642,13.9972,0.114573
3.96307,14.0421,0.00736106
4.9808,13.9403,-0.187585
5.97901,13.8616,-0.168136
6.93494,13.9436,0.147606
7.94073,14.056,-0.139958
8.98375,13.9731,0.0670949
9.96089,14.0071,0.232041
10.9384,14.0749,-0.110599
11.9317,14.0834,-0.00959197
12.9812,14.0026,0.0393292
14.0492,14.0349,0.142195
15.0017,13.9836,-0.229237
16.002,14.0138,-0.155098
17.0521,13.9977,-0.248012
18.0232,13.9672,-0.15345
19.0327,14.0296,-0.246385
-0.0272439,14.9513,-0.160683
0.931211,15.0642,0.0497208
1.96478,14.979,0.0734336
2.95901,15.0438,0.0927183
3.99919,15.0355,-0.00569475
5.03771,14.9573,-0.114463
6.04906,14.8453,-0.17304
7.08012,14.9324,0.0124363
8.11301,15.0219,-0.0404157
9.0955,14.9254,-0.176995
10.0623,14.9783,0.0414869
11.1063,15.0491,0.171749
12.0519,15.0644,-0.163359
13.0231,15.0069,-0.153127
14.0172,15.0139,-0.00392163
15.042,14.9658,-0.139378
16.0258,14.9955,-0.372402
17.0064,15.0421,-0.176296
18.013,14.967,-0.464672
19.0022,15.0348,-0.177255
-0.00845973,15.9865,-0.120713
0.967635,16.0404,0.0523057
1.94174,15.9378,-0.262273
2.98104,16.0728,-0.0209357
3.96243,16.0788,-0.364763
4.97902,15.9612,-0.1884
6.01485,15.8634,-0.228358
6.97011,15.9738,0.033607
7.98394,16.0448,0.251625
8.96851,15.8716,0.0887082
9.96561,16.0131,0.0979217
11.01,16.0617,0.120887
12.0088,16.0449,0.0323771
13.0388,15.9822,-0.175982
14.0263,16.0135,-0.286688
15.0194,15.9599,-0.341673
16.0249,16.0153,-0.478283
17.0084,16.0922,-0.416495
18.0041,16.0387,-0.369002
19.0383,16.03,-0.294336
0.0544816,17.0395,0.0245735
1.0501,17.038,-0.0729911
2.09959,16.9281,-0.107529
3.03553,17.0153,-0.396136
4.06743,17.0712,-0.430967
5.03121,16.9623,-0.0783837
6.05892,16.8604,0.020481
7.03357,16.9301,0.0318064
8.02368,17.0276,0.087167
9.01777,16.9373,0.072335
10.0424,17.0238,0.298489
11.0417,17.0766,0.129847
12.061,17.0424,0.245607
13.0574,16.9874,-0.0475936
14.015,17.0025,-0.29603
15.0205,16.9687,-0.126292
15.9837,17.0221,-0.522898
17.0096,17.1018,-0.635514
17.9676,17.0559,-0.229911
18.9622,17.0045,-0.0825404
0.0874264,18.0216,-0.113178
1.05702,18.0115,0.198975
2.06862,17.9207,0.0240852
3.10929,18.0121,-0.163964
4.13505,17.9996,-0.134193
5.13693,17.9756,0.00621357
6.1245,17.9468,-0.0086642
7.12301,17.9227,0.112839
8.07843,18.0242,-0.150154
9.08199,17.9174,-0.241551
10.0464,18.0159,-0.0136845
11.1011,18.0346,-0.0648
12.1246,18.0049,0.00779138
13.1321,17.9843,-0.154573
14.172,17.9917,-0.130876
15.1771,17.9814,-0.192294
16.1684,17.9858,-0.388589
17.1988,18.0787,-0.542247
18.1593,18.0223,-0.359047
19.009,17.9908,0.136659
-0.0223457,19.0085,-0.274026
0.972552,18.975,-0.0951323
1.96098,18.9669,-0.0645528
3.00275,18.9994,0.104001
4.04934,19.0087,-0.19957
5.07399,19.0119,-0.017716
6.05611,18.9758,0.117084
7.06854,18.9903,0.154216
8.0503,19.0092,-0.189468
9.06544,18.9684,-0.105487
10.0413,19.0273,0.209027
11.0093,19.0284,0.000320444
12.015,18.9994,-0.0519333
13.0326,19.0165,-0.0279061
14.0293,19.0162,0.0884854
14.9801,19.0263,-0.232124
15.9972,18.9562,-0.0470412
17.0313,19.037,-0.21843
18.0359,19.0405,-0.224857
18.9732,19.007,0.181387
