0.014243,0.0118748,-0.00809046
1.00942,-0.0176641,0.21822
2.02803,0.0223273,-0.034431
3.05269,-0.0360546,0.128611
4.03719,0.0766839,0.0645375
5.00939,-0.00688498,-0.111887
6.01044,0.0440077,-0.0396313
7.04389,0.0322092,-0.122282
8.03955,0.0616291,-0.0771081
9.1039,0.0381817,-0.071746
10.1091,0.0621784,-0.142387
11.0949,-0.0239662,-0.227995
12.1304,-0.0135502,-0.367058
12.9824,0.0244881,0.162304
14.0299,0.0177587,0.112549
15.0097,-0.0408032,0.255892
16.0442,0.0070101,0.302527
17.0888,-0.0189703,0.224653
18.0197,0.0397229,-0.0823695
19.0228,0.0166143,0.213337
-0.0117405,0.992001,-0.0731498
0.993661,0.925874,-0.163143
2.03472,1.06949,-0.143767
2.92954,0.976943,0.282452
3.96433,1.06642,0.0160192
5.02411,1.01753,0.0428571
6.03705,1.0505,0.130653
7.05395,1.00533,0.120014
8.04112,1.06626,-0.0777886
8.98534,0.937318,0.332484
9.93754,1.04016,-0.00624714
10.9289,0.973632,-0.352763
11.9426,0.99248,-0.256862
12.9834,0.97271,-0.11923
14.0469,1.03679,-0.0985382
15.0752,0.96101,0.161504
16.0563,1.02036,0.0884854
17.0539,0.972994,0.0134312
18.021,1.05289,0.0671712
19.0334,0.984393,-0.047438
0.00886563,1.94347,0.241032
0.986514,1.90104,0.0756523
2.01715,1.97212,0.15938
3.08541,1.93121,0.0253334
4.0865,2.06396,0.0158483
5.05774,2.01896,0.0809229
6.0599,2.02777,0.397705
7.05715,2.06507,0.0250557
8.08262,1.93572,0.445192
9.07119,1.96421,0.0968505
10.0378,2.03006,-0.13571
11.0202,2.00505,-0.270907
12.051,1.98742,-0.31167
12.9654,1.95614,0.130476
13.9956,2.02463,0.0618549
14.9382,1.90959,0.339619
15.9963,2.01187,0.246452
16.9936,1.98938,-0.0396252
17.9959,2.03358,-0.0150761
19.014,1.95982,0.18854
0.0181799,2.85794,-0.145119
0.996158,2.94917,0.124567
2.01126,2.95482,-0.191037
2.98728,3.03944,-0.0450209
3.98313,3.10048,-0.219272
4.98065,3.09069,-0.083108
6.00559,2.9484,-0.0207434
7.00505,3.07458,0.0933348
8.0404,2.94115,0.295938
9.02748,2.94692,0.34489
10.1119,2.93104,0.357537
11.1059,2.9328,0.14098
12.1492,2.92698,-0.00556963
13.1483,2.92364,-0.00954619
14.1346,3.02318,0.0814203
15.0337,2.9517,0.50354
16.0268,2.98825,0.524131
16.9946,2.97763,0.116422
18.0011,3.03963,-0.0200476
18.9839,2.96112,-0.0166295
-0.0275063,3.85311,0.101172
0.961443,3.92939,0.218867
1.95262,3.96127,0.013303
2.92758,4.05152,0.0891598
3.96001,4.10532,-0.0397565
4.97191,4.09124,0.137263
5.97916,3.96713,-0.0150334
6.93929,4.09564,0.164437
7.97678,3.96063,0.0649464
9.02035,3.93984,0.192422
10.0249,3.96623,0.242842
11.0642,3.98676,0.120014
12.0703,3.89429,0.189804
13.0543,4.01358,0.0501419
13.9991,3.95435,0.37987
15.0731,3.92292,0.260909
16.0848,3.94959,0.162899
17.1052,3.99829,0.178164
18.0752,4.0529,-0.194955
19.1129,3.89088,-0.404456
0.0306314,4.86017,-0.208329
1.0316,4.88666,-0.0713614
1.99197,4.93093,0.343602
2.99829,5.05774,0.245781
3.98566,5.09321,0.0424512
4.94982,5.11705,0.243025
5.97525,4.99065,-0.00296335
6.92206,5.02698,-0.255409
7.92747,5.03956,0.0306681
8.96123,4.91383,-0.0490493
9.99196,4.95992,0.0268777
10.9932,5.04053,-0.00462661
11.9572,4.9091,0.134629
12.95,5.0073,0.0339518
13.966,4.91558,0.136589
14.9682,4.92199,0.296753
16.0072,4.94385,0.264931
17.0339,4.98465,0.308646
18.057,4.98615,0.189132
19.0223,4.83514,0.000274667
-0.0193823,5.89323,-0.0211646
0.975249,5.94109,0.203034
2.02552,5.92265,0.18273
3.00204,6.08542,0.105466
4.07944,6.1117,0.0639821
5.06292,6.11755,0.196735
6.06323,6.04715,-0.027076
7.06332,6.03113,-0.0124516
8.04709,6.11578,0.0646901
9.01071,5.94971,-0.175048
10.0583,5.98236,-0.129252
11.0331,6.02799,0.240162
12.0914,5.91238,0.13227
13.1269,5.97506,-0.0811518
14.1169,5.95127,0.188791
15.0879,5.88044,0.107782
15.9729,5.9346,0.502939
16.9382,6.02195,0.153038
17.9331,6.01941,0.0351421
18.9722,5.87778,-0.111594
-0.00848109,6.89846,0.00336619
0.989505,6.92546,0.0735527
1.98987,6.92336,0.0541612
3.01192,7.06479,-0.0303293
4.00833,7.13734,-0.0898923
5.04261,7.04618,-0.178109
6.07381,7.03593,-0.140263
7.07773,7.05098,0.0534227
8.05818,7.08756,-0.258797
9.06393,6.98015,0.0297342
10.0646,6.97133,-0.0257546
11.0915,7.01235,-0.0757042
12.0655,6.9609,0.100629
13.0705,6.92678,0.289236
14.0907,6.94904,0.167519
15.0846,6.96088,0.108792
16.0866,6.87146,0.182714
17.0599,7.00056,-0.0785882
18.0141,6.95715,0.339924
18.98,6.9231,0.0453413
-0.00784936,7.94986,0.00792871
1.02016,7.9842,-0.0340648
2.0019,7.9621,0.0616779
2.95998,8.09823,-0.152379
4.016,8.18002,-0.181011
5.02374,8.04865,-0.314777
6.05601,8.07388,-0.160347
7.04346,8.09673,0.0266549
8.03757,8.07476,-0.241636
9.02958,8.03001,-0.022898
10.0348,7.98925,0.0504929
11.0384,8.01001,0.0120457
12.0468,8.02962,0.230607
13.0696,7.95549,0.392615
14.0158,7.92316,-0.0780725
15.025,7.93706,-0.0889096
16.019,7.84797,-0.0943785
17.0077,7.97483,0.104553
17.9602,7.9156,0.0566729
18.9665,7.93433,-0.0740898
0.0170324,8.97438,-0.116346
1.03167,9.02215,0.0390851
2.05513,8.95926,0.00715354
3.09083,9.08449,-0.114548
4.12217,9.13099,0.121009
5.06742,9.05783,-0.2258
6.05691,9.09641,-0.415113
7.05133,9.0972,-0.146123
8.04282,9.07844,-0.285803
8.96683,9.03679,0.0547502
10.0358,9.00956,0.124488
11.0607,8.97818,0.20929
12.0467,9.0215,0.400586
13.091,8.95309,0.338728
14.0661,8.90125,0.0706656
15.1245,8.94278,0.0998871
16.1313,8.82682,-0.10932
17.0818,8.94952,0.187234
18.0693,8.88777,0.0330363
19.0315,8.98873,-0.219922
-0.0206183,10.0235,-0.202814
1.03167,10.0304,-0.0301035
2.057,9.9839,-0.0900693
3.05463,10.09,-0.0460097
4.0191,10.0062,-0.27745
5.06517,10.0839,-0.387008
6.07667,10.0817,-0.213468
7.05509,10.0796,-0.0166295
8.09014,10.0954,-0.133
9.00769,10.0266,0.302564
10.0144,10.0217,0.105243
11.0022,9.98472,0.101035
12.0595,9.98957,0.132911
13.0608,9.97079,0.0655751
14.0486,9.92069,-0.0200995
15.0276,9.93224,0.114722
16.0129,9.77278,0.237544
16.9666,9.9579,0.0674123
17.9923,9.90609,-0.147044
18.9871,10.0119,-0.0286294
-0.0291116,11.0436,-0.000350963
0.997333,11.0424,-0.0399548
1.9382,10.9785,-0.372933
2.89586,11.0637,-0.312131
3.85154,11.0079,-0.53014
4.88224,11.0526,-0.456923
5.8984,11.0721,-0.452013
6.95013,11.0782,-0.161913
7.94832,11.0683,0.0701529
8.97566,11.0209,0.317093
9.9868,11.0668,0.162804
11.0044,11.0073,0.293387
12.0104,10.9879,0.279196
12.9284,10.97,-0.0521012
13.8889,10.9072,0.280413
14.9272,10.9434,0.105457
15.9483,10.8524,0.188159
16.9587,10.9716,0.114655
17.9869,10.8966,0.173263
18.95,11.0145,0.00465407
-0.0235176,12.0674,0.119163
1.00128,12.0681,-0.0339671
1.944,12.0628,-0.342396
2.92748,12.081,-0.296454
3.9517,12.0763,-0.225297
4.89753,12.0545,-0.575307
5.87825,12.1129,-0.423832
6.87262,12.051,-0.260637
7.87602,12.0659,-0.11771
8.95293,11.9972,-0.0113895
9.96881,12.0325,-0.0166051
10.9648,11.9805,0.173058
11.9379,11.9808,0.0788018
12.959,11.9658,0.190451
13.9759,11.9114,0.274715
14.9291,11.9095,-0.020481
15.9726,11.8641,0.0164068
17.0152,11.9848,-0.0158086
17.9946,11.9383,0.176846
18.9827,12.0083,0.0341838
0.0613392,13.0763,0.0622669
1.05888,13.0312,-0.182473
1.97886,13.0902,-0.59227
2.99941,13.1243,-0.437925
4.01353,13.1036,-0.508219
5.0119,13.107,-0.539885
5.98932,13.1061,-0.425321
6.96795,13.0481,-0.153291
7.96075,13.1254,0.00365612
8.99198,13.036,-0.19191
9.98686,13.0521,0.148421
10.9961,13.0122,0.253038
11.9618,12.9988,0.256627
12.9658,12.9311,0.146644
13.9763,12.9471,0.0952757
14.9521,12.9369,-0.232298
15.9676,12.8997,-0.0822871
16.9525,12.9774,-0.198138
17.962,13.0098,0.112833
18.9623,13.0246,0.0673055
0.0102969,14.0932,-0.000616474
1.00512,14.0324,-0.20828
2.03259,14.0709,-0.342421
3.01925,14.1355,-0.407846
4.04232,14.1377,-0.50697
4.96785,14.0498,-0.0792322
5.9703,14.0612,-0.0986999
6.96056,14.109,-0.0395672
7.87672,14.0375,0.404932
8.86884,14.0436,0.0999176
9.91447,14.0336,0.410071
10.9205,14.0168,0.309314
11.8974,13.9808,0.103986
12.8745,13.9339,0.0870968
13.9448,14.0441,0.0504715
14.9051,13.9739,-0.0255654
15.9595,13.9631,0.0656667
16.9759,13.9489,-0.0315775
18.0284,14.0455,0.0833094
19.022,14.0419,-0.146419
-0.08399,14.9863,-0.416062
0.89241,15.0521,-0.291659
1.87766,15.1079,-0.13151
2.89338,15.0189,0.0611927
3.86022,15.091,-0.180728
4.87284,15.0202,-0.233869
5.85012,15.0432,-0.0638966
6.85443,15.0596,0.123481
7.91314,15.0166,0.0323984
8.93215,15.037,0.099295
9.95686,14.9714,0.0884396
10.9742,14.9972,0.200754
11.9851,14.9904,0.165026
12.9721,14.9138,-0.0184393
14.002,15.041,0.0745842
15.0322,14.9902,-0.164269
16.0397,15.0129,-0.0445967
17.0097,14.9237,-0.26693
17.9667,15.0426,-0.0144902
18.9719,14.9676,0.12364
0.0542711,15.983,-0.190713
1.03711,16.0561,-0.340513
2.02652,16.1172,-0.177303
2.99608,16.0151,0.0112217
3.96581,16.1169,-0.151793
4.94262,15.976,0.0488327
5.87058,15.9668,-0.426948
6.89117,15.9717,-0.367452
7.83996,16.004,-0.0173345
8.86662,16.0081,-0.0791894
9.87257,15.9806,0.0692007
10.8656,16.0265,0.0335063
11.8852,16.0175,0.166485
12.8998,15.9213,0.0686239
13.8962,16.011,-0.161803
14.9125,15.974,-0.224482
15.9251,16.0075,0.0490677
16.9169,15.9415,-0.168215
17.9635,16.015,-0.143019
18.9671,15.9261,-0.0939177
0.0073336,17.0115,0.109857
0.966305,17.0163,-0.0557909
1.95706,17.0934,0.0451888
2.96315,16.9953,0.270278
3.97817,17.0456,0.245408
4.96819,16.9614,0.19125
6.014,16.9675,-0.144914
6.9879,16.9572,0.00133366
7.96565,16.9641,0.148671
8.95835,17.0325,-0.0684072
9.92741,17.0008,0.0458815
10.9642,16.9687,0.268877
11.8982,16.9913,-0.118296
12.8323,16.9111,0.238105
13.8952,17.0227,0.208045
14.8327,16.9571,0.019779
15.8592,17.0445,0.0723777
16.9242,16.9785,0.00672628
17.9641,17.0752,-0.173669
18.9727,16.9656,-0.189254
0.0572008,18.0154,0.110755
1.03216,18.0104,-0.226994
2.01773,18.0893,0.0684988
3.06112,18.0222,0.176498
4.04146,18.049,0.232829
5.0438,18.0023,0.124342
6.06464,17.9586,0.0387921
7.05997,17.9667,0.067745
8.03052,17.9642,-0.0558397
8.99471,18.0213,0.0742576
10.0453,17.9972,0.206488
11.0564,17.9713,0.306027
12.0053,17.9871,-0.0114139
12.9529,17.9265,0.151588
13.9438,18.0314,0.122178
14.9951,17.9537,0.00570696
15.9879,18.0217,0.0421125
17.0399,18.0133,-0.168563
18.0131,18.0197,-0.421857
18.967,18.0048,-0.152641
-0.0246559,19.0117,0.173855
0.947743,18.9905,0.0511582
1.92464,19.0338,0.299344
2.92578,19.0271,0.201263
3.9637,19.051,0.290191
4.93087,19.0221,-0.0376141
5.96948,18.955,-0.118116
6.97062,18.9917,0.140391
7.97828,19.0127,-0.0960479
8.96569,18.9833,-0.196048
9.90875,18.9634,0.115387
10.9394,18.9714,0.0174444
11.9364,19.0043,0.00151982
12.9693,18.9546,0.0569597
14.0001,19.0086,0.16165
14.9863,18.973,0.0123661
15.9664,19.0085,-0.0737175
16.9815,18.986,-0.207645
17.9968,19.0558,-0.408298
18.9639,19.0011,-0.13285
