12.9907,-1.11649,4.90276
-13.1463,-16.0716,-1.43695
-6.34994,-1.56596,-7.83018
23.343,1.75585,7.04802
11.1332,-4.35679,-14.3514
-6.01463,-9.74638,-1.40106
6.59705,9.67019,6.47468
6.27653,10.2789,-0.746333
0.038728,11.8578,-6.27373
-2.97002,11.7873,-4.53024
4.6661,-4.78774,1.48631
-3.62385,-9.03361,-1.01447
2.14282,-3.06526,-2.48817
12.3922,-0.945811,1.28528
8.25001,-2.92646,-5.48419
1.13536,-3.52378,-1.59331
3.55484,3.6106,1.894
2.55584,7.79267,-0.389096
-1.30939,10.1927,-2.31097
-6.15053,11.6995,-2.43228
2.29219,-1.9303,-1.74204
-0.0948088,-4.51014,-1.78166
3.66067,-2.47535,-1.28807
7.69005,-1.17505,-0.408991
5.71554,-1.1251,-2.58787
2.62518,0.00393689,-1.05465
1.68266,3.51112,0.178338
0.229029,6.74705,0.789386
-2.09362,9.27472,0.90661
-4.77631,11.0508,1.26179
1.16161,1.93998,-4.82387
0.891446,-0.376257,-3.34029
2.99966,-0.236518,-2.12376
5.10691,-0.0837367,-0.980987
3.9623,0.774065,-0.819001
2.19885,2.3209,0.465746
0.767495,4.66266,1.81425
-0.808203,7.01785,3.04712
-2.81927,9.37738,4.14321
-5.21516,11.5955,5.08935
0.15801,6.13967,-7.99438
1.16476,3.54306,-5.00648
2.50862,2.22325,-2.74439
3.48785,1.5652,-0.744389
2.75759,2.0906,0.907147
1.57815,3.50281,2.27739
0.299963,5.35144,3.69659
-0.93816,7.05569,5.48797
-2.80526,9.07064,7.37985
-7.34019,12.8936,8.44411
-1.27305,10.663,-11.7767
2.15186,6.81234,-5.05414
3.29025,3.88198,-1.57417
3.04574,2.61224,0.874984
2.15449,2.55061,2.88818
1.34342,3.52136,4.10266
0.987246,4.80421,5.10599
0.907236,5.75588,6.45316
1.60461,5.30362,7.76256
5.35941,1.5917,7.92778
2.08898,13.5856,-3.64566
5.9718,4.13417,1.37033
4.75025,1.57186,1.67813
2.94588,1.74732,3.42675
1.4606,2.27817,5.14876
0.800778,3.36675,5.97157
1.53242,4.35877,6.55308
2.80935,4.58498,7.38303
4.75278,3.46847,8.5023
7.73689,1.51052,10.2377
16.3871,-12.8076,16.9534
10.5057,-5.001,8.21568
6.20786,-1.45987,4.49382
2.42994,0.897424,6.01596
0.262368,2.21016,7.66743
-0.0776849,3.43969,7.81749
1.08574,3.92315,7.70439
2.45327,3.89303,7.228
3.98224,4.1556,6.41228
4.76971,4.76401,4.06782
-1.87147,-10.735,-5.07209
7.75533,-8.60223,2.31258
3.40255,0.396554,-0.18851
-1.18436,2.58181,8.10695
-1.86212,3.09858,10.2494
-1.12123,3.7538,9.5337
0.142442,4.06487,8.89085
1.41677,4.09933,8.17206
2.46176,4.17342,7.31685
1.10624,4.64314,7.07331
8.03495,-12.1579,1.83019
17.8288,-13.6438,8.8838
2.29697,6.88104,-9.41866
-6.23205,4.66879,16.4554
-3.95396,4.12635,13.1654
-2.31139,4.07037,11.2707
-0.875997,4.12812,10.0491
0.455266,4.16358,9.08737
1.54872,4.29132,8.23336
1.98121,5.00107,7.6034
