0.147929,0.408258,-2.04285
0.12183,1.71961,-2.1182
0.072393,2.99543,-2.25604
0.14069,4.26105,-2.30236
0.155629,5.53376,-2.43134
0.133152,6.78144,-2.55052
0.102472,8.03287,-2.58868
0.285296,9.24387,-2.69496
0.392508,10.4712,-2.80463
0.721952,11.678,-2.88784
1.05214,12.7667,-2.88191
0.957927,13.8144,-2.70634
0.519404,14.6903,-2.37288
0.435337,15.6196,-2.00305
0.112204,16.5073,-1.59826
0.373504,17.4885,-1.38042
-0.186227,18.3069,-0.980825
0.0880032,17.3307,-1.26657
0.031959,18.0133,-0.533097
-0.0294504,19.0026,-0.0782983
0.850636,1.21547,-2.1696
0.905271,2.39517,-2.33048
0.971233,3.59942,-2.39434
1.00985,4.79701,-2.38678
1.03064,6.03124,-2.60623
1.07538,7.28019,-2.59953
1.06029,8.52295,-2.61671
1.23161,9.70014,-2.83781
1.35834,10.9321,-2.97985
1.69133,12.1611,-3.21692
2.04669,13.3316,-3.31441
1.93165,14.3998,-2.95921
1.36276,15.1727,-2.55002
1.388,16.1236,-2.10774
1.05779,16.6986,-1.35687
1.44502,17.5808,-1.64671
0.862358,18.3103,-1.28907
1.0722,17.3296,-1.16684
0.931788,18.3057,-0.918769
0.945735,19.0083,-0.221207
1.8431,1.60486,-2.32256
1.86701,2.78528,-2.30826
1.93097,3.96216,-2.44491
1.9657,5.19136,-2.44399
1.97884,6.44364,-2.49311
2.02693,7.6832,-2.5756
2.05098,8.89584,-2.77176
2.18839,10.1384,-2.99509
2.34411,11.4044,-3.26605
2.57826,12.7138,-3.54019
2.99235,14.0957,-3.8513
2.69949,15.2999,-3.1479
1.83827,15.8649,-2.12137
2.33086,16.792,-2.13325
1.65697,17.5383,-1.62487
2.46626,17.1294,-1.48336
1.86501,17.9586,-1.28457
2.06102,16.9814,-1.36795
1.87192,18.0235,-1.09962
1.84139,19.0451,-0.751131
2.81419,1.28101,-2.29697
2.81944,2.4466,-2.25909
2.90156,3.65395,-2.37971
2.91812,4.82827,-2.38101
2.89665,5.98204,-2.34245
2.94368,7.20369,-2.42
2.89986,8.36458,-2.50604
3.01115,9.533,-2.72718
3.03684,10.746,-2.88614
3.10643,11.916,-3.0841
3.12176,13.1297,-3.24088
3.08988,14.2194,-2.93754
2.63345,14.9576,-2.30553
2.88353,15.9017,-1.99683
2.60345,16.8254,-1.54846
3.28347,17.4474,-1.93479
2.85255,17.7902,-1.04781
2.83653,17.4068,-1.95806
2.90649,18.0277,-1.15173
2.87951,19.0103,-0.90997
3.82671,1.0213,-2.21587
3.86522,2.15417,-2.2093
3.84313,3.26777,-2.26792
3.87877,4.35844,-2.38747
3.82346,5.51519,-2.36668
3.78655,6.62357,-2.42748
3.77207,7.74745,-2.46006
3.79363,8.88021,-2.49806
3.68123,9.96993,-2.6188
3.69572,11.1118,-2.78327
3.68372,12.2474,-2.8512
3.68216,13.2917,-2.72281
3.50774,14.175,-2.19988
3.65665,15.1729,-2.06634
3.48321,16.1041,-1.66126
4.07268,16.9015,-1.84216
3.81856,17.3492,-0.972069
3.8801,17.528,-1.95122
3.95293,18.1994,-1.1826
3.89852,19.1789,-1.06189
4.86436,0.712201,-2.2261
4.7935,1.77736,-2.18401
4.73772,2.87107,-2.11384
4.78704,3.97541,-2.22449
4.71438,5.0274,-2.35369
4.68024,6.12359,-2.30434
4.70454,7.24275,-2.38551
4.72416,8.32403,-2.62376
4.57328,9.36653,-2.67608
4.56149,10.4529,-2.69851
4.49544,11.5313,-2.69182
4.46733,12.5345,-2.50459
4.40562,13.5438,-2.3273
4.40244,14.5046,-2.10083
4.36848,15.4573,-1.77461
4.8913,16.3001,-1.66496
4.82986,16.9917,-0.904791
4.92944,17.3714,-1.85826
4.91973,17.9488,-1.06166
4.88227,18.9558,-0.911823
5.82183,0.347716,-1.98025
5.76189,1.44292,-1.92003
5.7298,2.56574,-1.8975
5.7461,3.67657,-1.97758
5.68106,4.67405,-2.1285
5.63209,5.81106,-2.14305
5.65728,6.85484,-2.36946
5.724,7.9333,-2.31839
5.59082,8.97607,-2.37928
5.49323,10.0481,-2.33367
5.48798,11.0758,-2.5059
5.42764,12.1035,-2.32571
5.45699,13.1595,-2.09524
5.3709,14.1224,-2.01648
5.37355,15.0076,-1.58036
5.81839,15.8891,-1.44668
5.88599,16.7351,-0.956075
5.96298,17.2661,-1.80948
5.90279,18.0593,-1.17558
5.9167,19.0049,-0.873147
6.84084,0.19519,-1.86995
6.79345,1.2793,-2.01264
6.77811,2.3173,-1.90944
6.68856,3.36601,-2.02709
6.67097,4.4509,-1.90505
6.61687,5.51736,-2.00771
6.57691,6.57522,-1.94133
6.6602,7.61819,-2.04264
6.58664,8.62417,-2.14808
6.49882,9.6806,-2.22484
6.54632,10.7147,-2.32645
6.37949,11.7234,-2.18119
6.4229,12.7113,-1.97387
6.37363,13.7222,-1.94751
6.39069,14.7192,-1.65792
6.81871,15.5837,-1.40136
6.90418,16.587,-1.05161
6.94298,17.2525,-1.83821
6.87747,18.2435,-1.45131
6.95,18.8889,-0.644395
7.82336,-0.0276009,-1.81892
7.77785,1.01595,-1.80836
7.77678,2.11707,-1.74006
7.66323,3.15462,-1.77127
7.64079,4.18582,-1.81097
7.57064,5.23628,-1.84194
7.5741,6.29274,-1.81536
7.68582,7.36715,-1.8302
7.63149,8.39292,-1.94792
7.5087,9.38435,-2.15473
7.61346,10.4654,-2.23891
7.41929,11.3959,-1.97193
7.37726,12.4281,-1.91663
7.35704,13.4056,-1.78879
7.39793,14.3624,-1.45151
7.77095,15.3388,-1.37699
7.93335,16.2669,-0.897293
7.87643,17.0451,-1.52486
7.85935,18.0463,-1.52716
7.8902,18.825,-0.957076
8.80269,-0.070452,-1.62405
8.78252,0.934083,-1.59574
8.83695,1.98748,-1.61739
8.68085,3.00171,-1.72818
8.65848,4.03568,-1.84805
8.60552,5.09275,-1.7142
8.58299,6.07913,-1.76475
8.62674,7.0684,-1.78103
8.62848,8.17258,-1.71029
8.53855,9.14258,-2.06594
8.59526,10.166,-1.90537
8.45803,11.1998,-1.8431
8.43289,12.2005,-1.86235
8.35199,13.175,-1.60966
8.37977,14.1379,-1.38357
8.77599,15.1185,-1.32772
8.88038,16.0969,-1.30978
8.88985,17.1003,-1.31111
8.79769,18.0703,-1.17202
8.88706,19.0144,-0.850862
9.84689,-0.247426,-1.50371
9.82167,0.848494,-1.65858
9.83955,1.8654,-1.56784
9.77223,2.90202,-1.67068
9.67055,3.87415,-1.78985
9.67339,4.93548,-1.78903
9.61058,5.97924,-1.75661
9.68947,7.03805,-1.72459
9.66205,8.06598,-1.71511
9.5581,9.13815,-1.90022
9.63808,10.159,-1.74459
9.48542,11.1125,-1.60602
9.44787,12.1368,-1.74314
9.38342,13.042,-1.3714
9.45983,14.0972,-1.29308
9.7982,15.0686,-1.40429
9.9034,16.0423,-1.05343
9.83387,17.0552,-0.985513
9.86341,18.0629,-0.98092
9.92144,19.0527,-0.932423
10.8625,-0.166674,-1.29261
10.8736,0.852333,-1.54227
10.8394,1.83208,-1.6958
10.788,2.87581,-1.54192
10.6967,3.90274,-1.53169
10.6879,4.95047,-1.67746
10.6508,5.98429,-1.73937
10.7217,7.04879,-1.70852
10.7492,8.08106,-1.79566
10.6041,9.10681,-1.96088
10.6785,10.0423,-1.48625
10.5314,11.0236,-1.25438
10.4784,12.0677,-1.38565
10.4319,13.0841,-1.26122
10.5051,14.0745,-1.32087
10.7716,15.013,-1.05345
10.9176,16.0284,-1.11
10.8983,17.038,-0.963109
10.8625,18.0809,-0.919385
10.938,19.1435,-0.91399
11.8745,-0.000207526,-1.05773
11.8653,0.940654,-1.44375
11.8499,1.9772,-1.40982
11.7913,2.97644,-1.25463
11.7193,3.99194,-1.38317
11.6865,5.05714,-1.51644
11.6461,6.083,-1.71144
11.7737,7.07536,-1.59501
11.8227,8.11838,-1.69211
11.6567,9.0734,-1.7915
11.6905,10.0361,-1.61869
11.5503,10.9989,-1.2732
11.5251,12.0218,-1.2864
11.4791,13.0395,-1.16882
11.5732,14.0727,-1.27763
11.792,14.9954,-0.935255
11.9361,16.0221,-0.93217
11.9341,16.9797,-0.773992
11.8843,18.0411,-0.716889
11.8868,19.0314,-0.589874
12.9114,-0.0597522,-0.908612
12.8616,0.929478,-1.3461
12.933,1.90631,-1.46476
12.8237,2.96625,-1.47277
12.7656,4.01539,-1.37464
12.7074,5.01087,-1.34853
12.7317,6.00676,-1.55652
12.7962,7.03202,-1.74852
12.844,8.01664,-1.62903
12.7168,9.05634,-1.6273
12.7323,10.0858,-1.59285
12.6301,11.057,-1.30538
12.5905,12.0429,-1.25832
12.5007,13.092,-1.16174
12.6012,14.0645,-0.942222
12.8344,15.0432,-0.853587
12.9064,16.05,-0.655434
12.9057,17.1042,-0.658736
12.9043,18.12,-0.519727
12.9318,19.1422,-0.649297
13.9554,-0.222623,-1.06104
13.9111,0.813703,-1.12564
13.8916,1.82936,-1.21683
13.8197,2.88298,-1.19257
13.7894,3.92228,-1.18108
13.7735,4.88076,-1.56677
13.8251,5.92642,-1.48976
13.8011,6.97445,-1.40232
13.8386,7.99068,-1.5094
13.7776,9.01804,-1.52476
13.7803,10.0173,-1.51358
13.7429,10.9911,-1.26733
13.6498,12.0436,-1.2234
13.5459,13.0112,-0.98507
13.6886,14.0351,-0.936891
13.8412,15.0538,-0.705502
13.9317,16.0638,-0.437703
13.9461,17.1309,-0.385107
13.909,18.1569,-0.452748
13.964,19.2271,-0.531663
14.9632,-0.267412,-1.23943
14.9117,0.802271,-1.06029
14.9182,1.87498,-1.15555
14.9153,2.90858,-1.25911
14.8352,3.89079,-1.09703
14.7884,4.88858,-1.43082
14.8748,5.94076,-1.45142
14.8402,7.00215,-1.30743
14.8787,8.01218,-1.58458
14.8319,9.02534,-1.54541
14.7966,10.0615,-1.36907
14.7383,11.1253,-1.28199
14.6878,12.1016,-1.13521
14.6177,13.0876,-0.916163
14.7179,14.066,-0.766945
14.8932,15.0905,-0.713736
14.9601,16.11,-0.612555
14.9563,17.1534,-0.555528
14.9894,18.166,-0.528785
14.9972,19.2016,-0.555351
15.991,-0.214231,-1.22551
15.9317,0.872243,-1.06156
15.9966,1.93992,-1.2396
15.9462,2.95216,-1.25171
15.8324,3.98581,-1.14032
15.8024,5.00539,-1.26337
15.9224,6.01553,-1.33127
15.8632,7.04234,-1.12822
15.8244,8.06847,-1.10757
15.9507,9.03727,-1.33332
15.795,10.0205,-1.17832
15.7667,11.0506,-1.06889
15.7584,12.0696,-1.07035
15.7075,13.0511,-0.902893
15.7389,14.0382,-0.750499
15.9004,15.0545,-0.654128
15.9902,16.1365,-0.559389
15.9834,17.1637,-0.718738
15.9709,18.1706,-0.396765
16.0065,19.1907,-0.508832
17.0421,-0.232109,-1.06187
16.9908,0.842869,-1.09722
17.0831,1.87919,-1.12712
16.9711,2.96323,-1.00794
16.855,3.96839,-1.12675
16.8458,4.98181,-1.31583
16.9785,6.03823,-1.37562
16.9296,6.97634,-1.11258
16.8694,7.99265,-1.35077
16.9051,9.00876,-1.11287
16.8329,9.99811,-1.20828
16.8416,11.0329,-0.973156
16.8157,12.0752,-1.05078
16.7276,13.0792,-0.995361
16.7634,14.1088,-0.921226
16.9597,15.0831,-0.763894
17.022,16.0924,-0.596863
16.9975,17.1045,-0.609409
17.0179,18.1142,-0.434758
16.9669,19.1159,-0.215155
18.0956,-0.257109,-0.977731
18.0015,0.793588,-1.01251
18.0569,1.80539,-0.967745
17.9869,2.88404,-0.927183
17.83,3.931,-1.02767
17.8644,4.92373,-1.19662
18.0045,5.94881,-1.32947
17.9355,6.9938,-1.19286
17.8278,7.96358,-1.14239
17.9925,8.99109,-1.13592
17.8797,9.96201,-1.22615
17.9151,11.0318,-1.11383
17.8708,12.0686,-1.02513
17.7627,13.0951,-1.0637
17.8535,14.0829,-0.789251
17.9546,15.1254,-0.648454
18.0313,16.1165,-0.927049
17.9568,17.0334,-0.488052
18.092,18.0011,-0.309494
17.9863,19.0268,-0.0184668
19.0734,0.0696524,-0.962795
18.9542,1.10276,-0.997311
19.0261,2.01297,-0.642003
18.9955,2.97676,-0.929847
18.8713,3.97525,-1.03359
18.8746,4.9413,-1.30436
19.0633,5.95612,-1.18714
18.9741,6.96479,-1.05277
18.8709,7.95812,-1.14416
19.0681,8.9326,-1.30259
18.8767,9.95916,-1.15106
18.9528,10.9711,-1.07544
18.9127,12.0417,-1.00931
18.8514,13.0879,-1.02528
18.9446,14.0965,-0.889489
19.0137,15.0997,-0.73871
19.0856,16.1012,-0.688327
19.0239,17.0905,-0.423939
19.1107,18.0253,-0.0128208
18.9939,19.0506,0.21522
