3.20819,5.22054,-1.28657
3.00034,5.49985,-0.324757
3.17444,4.64049,0.143446
2.53652,4.81156,-0.592117
3.33024,4.5176,-1.13407
3.89455,5.00371,-0.483508
3.61297,5.74324,0.136659
2.92682,6.12093,0.839567
3.51211,6.8125,1.46668
2.55402,6.92347,1.21941
3.73221,4.90619,-0.471572
3.27311,4.87555,0.453685
3.811,3.95869,0.401608
2.92576,4.26358,0.144746
2.93873,5.09892,-0.399454
3.49756,4.96103,0.423951
2.76652,5.66511,0.690677
1.96647,6.27087,0.504456
2.55137,6.65033,1.24814
3.31778,6.82682,1.89965
3.72062,3.96087,-0.168386
3.89606,4.17211,0.787115
3.03013,3.62269,0.891983
3.39861,4.55764,0.97926
3.55306,5.39171,0.370205
2.5091,5.15818,0.418491
2.99247,5.62675,-0.344566
2.89619,6.4931,0.160543
3.02334,5.84029,0.935792
3.88506,6.21521,1.34554
4.70165,3.6643,-0.473168
4.39243,3.35958,0.427177
3.79371,4.17853,0.540745
2.88438,4.39127,0.166253
3.59191,4.75994,-0.452358
3.49885,5.05832,0.516892
3.72934,6.02365,0.200092
2.89666,5.49107,0.312296
3.44309,6.30857,0.0822718
3.01473,5.89605,0.86115
4.65811,3.90937,0.555925
4.0638,3.97803,-0.293716
4.71839,3.72758,0.450813
3.78015,4.061,0.426591
4.05012,5.01386,0.421046
3.77171,5.8902,0.0360942
4.51183,6.57691,-0.151851
3.72081,6.06157,0.246498
4.27254,6.87285,0.0663289
3.95575,6.10497,0.633543
3.78005,3.64186,0.180947
4.78903,3.45062,0.143431
5.73436,3.6551,0.348042
4.79996,4.02477,0.16816
5.01166,5.00396,0.20267
4.78536,5.9691,-0.0747856
5.51336,6.63117,-0.0875698
4.60899,6.52322,0.331046
5.11983,7.01621,-0.450548
4.23789,6.6232,-0.262465
4.34375,2.94913,-0.251695
5.31655,2.81518,-0.429286
6.3098,3.09612,-0.290155
5.7621,3.72014,0.28316
5.8467,4.54583,-0.311109
5.50323,5.34947,0.160469
6.22503,5.96445,-0.199741
5.48986,6.0488,0.506128
4.58824,6.27638,0.0441542
5.13969,6.92316,-0.528407
5.23422,3.31039,-0.0066805
6.19236,2.89513,0.0483657
5.59448,3.77816,-0.106485
6.20877,4.6119,0.127189
5.57869,5.4499,-0.0190313
6.40403,5.71396,0.435713
5.4611,6.0595,0.447755
6.4765,6.18323,0.383706
5.4538,6.42354,0.545146
5.96472,7.11787,0.0326151
5.62308,3.47376,-0.93451
6.01224,3.85899,-0.10347
5.70794,4.79099,-0.0872738
6.38211,5.54048,-0.145448
5.7911,6.24005,-0.561653
5.46306,6.15972,0.399384
6.42512,6.4086,0.46072
6.3308,6.62265,-0.513672
5.89998,7.24806,0.23329
6.56361,7.92546,-0.0495895
5.98516,2.64271,-1.37047
5.64663,3.47781,-0.930265
6.0033,3.82463,-0.0418256
6.43959,4.67523,0.319782
6.36422,5.5988,-0.00249031
6.4237,6.45353,0.475243
5.69857,6.32911,-0.211338
5.57057,7.27636,-0.588656
5.17741,7.95675,0.13672
5.84006,7.21808,0.0290597
