0.00489517,-0.000354015,-0.0872341
0.00660115,1.28248,0.00762658
-0.0250435,2.54723,-0.0278695
-0.00654317,3.79451,-0.0930448
0.0018128,5.07984,-0.103574
0.00935698,6.33929,-0.18988
-0.00723594,7.61899,-0.163533
0.039079,8.85237,-0.261425
0.0352336,10.1034,-0.296283
0.146147,11.3129,-0.373687
0.124522,12.5387,-0.515635
0.137947,13.708,-0.817447
0.158687,14.7644,-1.30119
0.136192,15.8475,-1.51194
0.0665761,16.5855,-0.792819
0.152141,17.6966,-0.841884
0.00511795,17.8792,0.128303
0.0112125,17.8935,-0.885586
-0.001236,18.0014,0.123402
-0.0131443,18.9993,0.300452
0.959001,0.267788,-0.0180181
0.967907,1.57474,0.0272408
0.940464,2.91369,-0.0209052
0.944224,4.21517,-0.127805
0.940474,5.47786,-0.12447
0.972216,6.80907,-0.175896
0.935536,8.1113,-0.136763
0.907123,9.36688,-0.219474
0.89223,10.6957,-0.308045
1.03388,11.977,-0.370324
1.05642,13.2419,-0.430451
1.13398,14.3352,-0.91427
1.17929,15.2919,-1.62107
1.19987,16.3504,-1.70504
1.00431,16.9343,-0.880337
1.18919,17.9029,-0.944929
0.988412,17.7355,0.0142003
1.05094,17.8991,-0.96184
1.07735,18.0828,0.0332926
0.998376,19.0145,0.3854
1.94594,0.536998,-0.202069
1.93471,1.83532,-0.203717
1.96345,3.15908,-0.0620472
1.90908,4.4984,-0.154573
1.91992,5.80575,-0.159938
1.90489,7.12058,-0.174731
1.87714,8.48061,-0.184793
1.84132,9.82323,-0.0765984
1.83913,11.2166,-0.0707389
1.76294,12.6328,-0.0145543
1.7365,14.1219,0.0331736
1.92662,15.3212,-0.864565
1.99623,15.9364,-2.27899
2.11792,17.1322,-1.82626
1.96708,17.2633,-0.581088
2.15956,18.1336,-0.962065
2.00294,17.8247,-0.0479202
2.12252,17.9668,-1.01937
2.12913,18.0302,-0.0115574
1.97493,18.9335,0.29255
2.95044,0.319385,-0.415665
2.91165,1.58333,-0.437468
2.8752,2.84591,-0.345076
2.85694,4.0904,-0.348027
2.83605,5.36323,-0.340989
2.82723,6.68356,-0.39649
2.75508,7.99958,-0.378637
2.62376,9.25904,-0.315802
2.62677,10.5309,-0.253221
2.51859,11.8499,-0.252089
2.44286,13.1466,-0.362154
2.40638,14.2089,-0.84633
2.4565,15.0951,-1.56247
2.52688,16.0903,-1.55509
2.86557,16.8066,-0.888418
3.13447,17.8096,-0.817441
2.95354,17.4216,0.0957488
3.06028,17.7203,-0.87796
3.17343,18.0716,0.115836
2.96366,19.0678,0.119388
3.96789,0.265767,-0.420246
3.91174,1.48838,-0.321976
3.86978,2.63382,-0.230534
3.87691,3.80572,-0.275756
3.78249,5.03751,-0.23929
3.75925,6.30585,-0.255473
3.66193,7.60007,-0.220771
3.52307,8.74926,-0.0866939
3.49206,9.91177,-0.229685
3.37074,11.1211,-0.350746
3.17243,12.2278,-0.48927
3.11531,13.2764,-0.795932
3.15138,14.2758,-1.2462
3.27671,15.284,-1.27601
3.66489,16.1597,-1.02413
3.91889,17.1321,-0.908905
3.85545,16.9153,0.106693
3.92194,17.2579,-0.822385
4.05486,18.1509,-0.365847
4.00523,19.0578,0.0450972
4.97811,0.14991,-0.28161
4.94195,1.31009,-0.261357
4.87594,2.46699,-0.235353
4.87366,3.62537,-0.319077
4.79741,4.79631,-0.374609
4.70794,5.96721,-0.170916
4.55473,7.12817,-0.201944
4.48857,8.27245,-0.268554
4.35943,9.38691,-0.32551
4.16286,10.4651,-0.436259
4.0624,11.6165,-0.528938
4.07373,12.6783,-0.764537
4.07482,13.6514,-1.12626
4.20947,14.664,-1.08629
4.50645,15.5723,-0.76021
4.74983,16.5799,-0.761504
4.89348,16.7659,0.248384
4.96634,17.2659,-0.641896
5.006,17.9908,0.0207312
4.97376,19.0265,-0.254021
6.00323,0.0792566,-0.21001
5.93545,1.23725,-0.267748
5.93042,2.34773,-0.105179
5.87811,3.45192,-0.257158
5.77298,4.5785,-0.228489
5.68925,5.66973,-0.207443
5.54339,6.72479,-0.189694
5.44473,7.84308,-0.274435
5.26742,8.91647,-0.370898
5.15167,9.95236,-0.35981
5.05852,11.048,-0.540886
5.02543,12.1181,-0.76198
5.04688,13.1833,-0.892441
5.15836,14.2303,-0.960338
5.46264,15.1367,-0.66389
5.71507,16.1185,-0.827479
5.82881,16.3175,0.121918
5.93789,17.0422,-0.557121
5.99881,18.0084,-0.208429
5.95696,19.0269,-0.11431
7.03848,0.0963195,-0.115162
6.98352,1.15877,-0.162868
6.93145,2.23031,0.00520951
6.86579,3.3018,-0.0742393
6.76696,4.36489,-0.132765
6.68841,5.40825,-0.171822
6.57983,6.49281,-0.125193
6.41896,7.579,-0.281402
6.27925,8.61165,-0.341566
6.22768,9.67206,-0.35641
6.08974,10.6842,-0.55107
6.0347,11.688,-0.706818
6.00689,12.7361,-0.720887
6.12358,13.7534,-0.882723
6.42652,14.6962,-0.714905
6.68094,15.696,-0.829185
6.8637,16.3138,-0.0259926
6.93104,17.0882,-0.723273
7.04258,17.97,-0.281524
6.98331,18.9981,-0.00730918
8.06658,-0.00968963,-0.0100803
7.98286,1.0453,0.0940397
7.92642,2.10417,0.037492
7.83647,3.14287,-0.130345
7.80323,4.22283,-0.0284982
7.69109,5.27722,-0.203601
7.66117,6.3301,-0.172619
7.36641,7.34392,-0.111145
7.27476,8.33092,-0.327641
7.25426,9.38182,-0.42862
7.1068,10.3993,-0.508014
7.05796,11.4237,-0.651952
7.01367,12.4327,-0.55385
7.15112,13.4252,-0.755263
7.41454,14.3934,-0.609299
7.70324,15.3381,-0.831745
7.8131,16.1297,-0.230763
7.9195,17.0924,-0.470678
7.96068,17.9943,0.0709586
8.03325,19.0207,-0.05656
9.04728,-0.0408612,0.282635
8.97583,0.97131,0.0926878
8.97665,2.00923,0.0241218
8.88976,3.05313,-0.0854396
8.82927,4.10741,-0.0277169
8.71272,5.15135,-0.255788
8.6815,6.19922,-0.171285
8.49591,7.21349,-0.18009
8.36851,8.226,-0.231602
8.29316,9.24457,-0.260549
8.21457,10.239,-0.392126
8.13495,11.2614,-0.549693
8.09094,12.3038,-0.59982
8.25954,13.2738,-0.658663
8.45456,14.2078,-0.384405
8.5873,15.2541,-0.319236
8.81897,16.1229,0.0897916
8.92721,17.0565,-0.224918
9.00553,17.9258,0.219718
9.02218,18.9819,0.129914
10.0681,-0.138432,0.0436476
9.96701,0.86195,0.0867122
9.94924,1.95011,0.177215
9.89302,2.95757,-0.00944853
9.83745,3.98979,-0.128385
9.75449,5.0013,-0.158065
9.68584,6.01947,-0.353874
9.56283,7.07533,-0.219391
9.43806,8.11779,-0.240748
9.36093,9.09757,-0.228022
9.27093,10.1397,-0.428367
9.21243,11.1253,-0.545036
9.2153,12.1444,-0.636677
9.27722,13.1986,-0.462941
9.51471,14.1718,-0.482492
9.62122,15.112,-0.155736
9.82278,16.0652,0.0553026
9.8474,17.104,0.142735
9.98096,18.0609,0.198035
10.0144,19.098,0.308097
11.0223,-0.00886258,0.345042
10.9208,0.984194,0.35262
10.9463,1.95953,0.173058
10.9202,2.94828,-0.0871456
10.8129,3.97258,0.00873135
10.7988,5.0057,-0.0795373
10.6839,6.00646,-0.122858
10.6409,7.06893,-0.151778
10.4969,8.07918,-0.0713034
10.4716,9.11444,0.0392682
10.3461,10.0537,-0.365145
10.3318,11.0771,-0.460945
10.2347,12.0675,-0.503284
10.3378,13.0828,-0.578066
10.5142,14.0599,-0.382348
10.6583,15.0746,-0.160887
10.9045,15.9838,0.100394
10.9094,17.0443,0.200418
10.97,18.0377,-0.0391675
11.0219,19.0012,0.209848
12.0628,-0.0174322,0.334898
11.9328,1.01891,0.322501
11.9666,2.03535,0.353917
11.9065,3.03499,0.0709433
11.8523,4.02156,0.144612
11.7989,5.03225,0.0692587
11.7773,6.05993,-0.0363353
11.7169,7.05468,-0.0760338
11.5871,8.1126,-0.0270791
11.5671,9.10709,-0.0628956
11.4391,10.0852,-0.444157
11.4121,11.0793,-0.36628
11.3312,12.0774,-0.328425
11.4516,13.0776,-0.594873
11.5173,14.0505,-0.180987
11.7233,15.0272,-0.0930387
11.9981,15.9861,0.0336802
11.9292,16.966,0.160656
11.9583,17.9741,0.215955
12.0222,19.012,0.0559893
13.0606,0.0211829,0.515033
12.9993,1.04233,0.296661
12.966,2.07581,0.0641194
12.9224,3.09709,-0.0400281
12.8655,4.09072,0.0383465
12.8903,5.07515,0.249132
12.8014,6.05673,-0.00266121
12.7815,7.08401,-0.0319285
12.6162,8.09101,-0.0735588
12.644,9.07151,-0.268566
12.5449,10.0541,-0.408875
12.5024,11.0776,-0.396057
12.4415,12.1113,-0.361098
12.5084,13.0841,-0.27636
12.5606,14.032,-0.0273751
12.7284,15.0267,-0.093759
12.9999,16.0002,0.151634
12.9143,16.9737,0.183831
13.0024,17.9847,0.180071
13.043,19.011,0.164211
14.0433,-0.0472854,0.455245
13.991,0.931114,0.177465
13.9477,2.01986,0.0958312
13.9399,3.0801,0.0821528
13.8464,4.00977,-0.269088
13.901,4.98607,-0.0507889
13.8566,5.96936,0.0369549
13.8026,7.10433,0.161653
13.725,8.10276,-0.0890225
13.7228,9.09121,-0.2193
13.6224,10.0887,-0.21446
13.5677,11.1201,-0.346852
13.4924,12.0976,-0.469872
13.5927,13.0926,-0.323438
13.63,14.1166,-0.106049
13.8148,15.1011,-0.137986
14.0059,15.9571,0.375246
13.9389,16.9156,0.150774
13.9911,17.8935,0.339451
14.0303,18.9032,0.125181
14.9809,0.00795007,0.0810419
14.9512,1.00296,-0.00562456
14.9702,1.98188,0.167156
14.9341,2.96926,-0.0681631
14.8812,3.97046,-0.0426679
14.9127,4.9573,0.0215552
14.8738,5.98184,0.00753502
14.8565,6.98054,0.118821
14.817,7.99439,0.0338389
14.7459,9.02257,-0.155611
14.6689,10.0715,-0.149477
14.6538,11.1379,-0.248341
14.6223,12.1612,-0.365716
14.6092,13.141,-0.184909
14.707,14.186,-0.122703
14.8339,15.1751,-0.0602252
15.0389,16.0335,0.391745
14.9079,17.0879,0.445079
14.95,18.132,0.526353
15.0138,19.1545,0.214951
15.9821,-0.0748619,0.205591
15.9314,0.932493,0.182611
15.9469,1.98744,0.104926
15.913,2.95912,-0.0589068
15.9658,4.02443,-0.0568682
15.9194,5.06201,0.052089
15.8553,6.06153,-0.164788
15.923,7.05889,0.14706
15.8592,8.07624,0.14033
15.7729,9.06854,-0.0765893
15.7704,10.0615,-0.144661
15.7091,11.0824,-0.0980987
15.7036,12.0759,-0.244301
15.6944,13.0883,-0.0863552
15.7629,14.0882,-0.23318
15.8671,15.0915,-0.0284249
16.0054,16.0753,0.120383
15.9488,17.0403,0.461653
15.9756,18.0425,0.53628
15.9838,18.9936,0.258614
17.0313,-0.0508072,0.106717
16.9626,0.950581,0.138917
16.9746,1.98956,0.138597
16.9158,2.9816,0.0623432
16.9532,3.99216,-0.0546342
16.9171,5.0502,-0.0800531
16.8906,6.08146,-0.156313
16.9197,7.09831,-0.0955412
16.8819,8.12405,0.0187384
16.8402,9.1165,-0.0377087
16.8864,10.0848,-0.307678
16.7928,11.117,-0.160341
16.7532,12.118,-0.31427
16.7827,13.0777,-0.0997497
16.8561,14.127,-0.0830409
16.9023,15.1089,-0.160802
17.0789,16.0966,0.138368
16.935,17.0255,0.496863
16.9838,18.0452,0.48009
17.0339,19.0338,0.279122
18.0254,-0.0276864,0.0562517
17.9482,0.954118,0.247932
17.9808,1.98124,0.113279
17.9688,3.00966,0.115741
17.9289,3.98965,0.0454634
18.02,5.03457,-0.0682577
17.9675,6.05381,-0.262084
17.9645,7.05456,-0.0933103
17.9083,8.08221,-0.0787896
17.9103,9.09243,0.0448378
17.9636,10.139,-0.123313
17.851,11.1243,-0.212799
17.8953,12.1306,-0.333378
17.8684,13.1224,-0.157579
17.8888,14.0949,-0.263723
17.9833,15.0723,-0.112647
18.0494,15.9667,0.308313
17.9644,16.9686,0.424274
18.0432,17.9657,0.274831
18.0082,18.9472,0.163756
19.0456,0.0121342,0.114115
18.9636,1.02812,0.137422
18.9654,1.99855,-0.193664
18.9684,2.89575,0.178768
18.9794,3.93524,0.225791
19.0202,4.91226,-0.0290567
18.9917,5.91364,-0.0821375
19.0291,6.97174,-0.0109348
19.0184,7.98964,-0.188665
18.9793,9.03575,-0.00858791
19.06,10.049,-0.107938
18.9187,11.0102,-0.125767
18.9875,12.0284,-0.183627
18.9219,13.0534,-0.196942
18.9273,14.0773,-0.24467
18.9681,15.0779,-0.317969
19.0509,15.9515,0.183972
18.9912,16.9521,0.185839
19.0414,17.9578,0.270803
18.9976,18.9771,0.296088
