-0.0961028,0.637513,-0.911734
-0.00352794,1.19706,-0.070217
-0.0476333,2.22056,-0.154302
0.0020661,3.16496,-0.454357
-0.0542985,4.12099,-0.244142
-0.047438,5.09972,-0.154381
-0.0891507,6.16197,-0.197009
-0.0946318,7.14996,-0.113309
-0.115226,8.21783,-0.0950041
-0.0853725,9.22023,-0.405713
-0.0842219,10.2489,-0.191067
-0.0849422,11.2224,0.104474
-0.0746452,12.1078,-0.362209
-0.11045,13.1163,-0.462737
-0.0314646,14.1363,-0.615455
-0.0645161,15.1612,-0.466848
-0.0996338,16.1348,-0.228599
-0.189492,17.1458,-0.348726
-0.0561876,18.0868,0.0402692
0.111783,19.079,0.0958708
-0.0351451,20.0353,-0.297629
-0.102234,21.0329,-0.181918
-0.148463,22.0125,0.0496567
-0.0704886,23.0167,0.0767327
-0.0840938,23.9869,0.102625
-0.117917,24.9847,0.0483352
-0.0233131,25.9108,0.291711
0.0152532,26.8718,-0.0787378
-0.0704855,27.8525,0.246883
-0.0891446,28.8519,0.154729
0.850475,0.9905,-1.0423
0.96606,1.48089,-0.144655
0.963454,2.51058,-0.139412
0.979128,3.5336,-0.17618
0.922813,4.52756,-0.319425
0.886172,5.50376,-0.203693
0.913114,6.51048,-0.218897
0.918516,7.52748,-0.0191595
0.838517,8.54819,-0.223795
0.86473,9.5119,-0.589611
0.906269,10.423,-0.219529
0.885446,11.4245,-0.191443
0.923823,12.4416,-0.431407
0.924549,13.4334,-0.367409
0.947774,14.3993,-0.864476
0.931376,15.3809,-0.665804
0.769387,16.3819,-0.636106
0.848335,17.3587,-0.271841
0.919474,18.1617,0.325736
1.11975,19.1278,-0.0207404
0.981924,20.1252,-0.138356
0.917072,21.0952,0.0729606
0.844365,22.0887,0.192062
0.932801,23.0701,0.391232
0.989679,24.0023,0.0969695
0.890768,24.9815,-0.030604
0.920466,26.0124,-0.109461
1.0219,27.0101,-0.117109
0.932408,27.9508,0.142576
0.943074,28.9604,0.190817
1.85968,1.22932,-1.06137
1.89829,1.90493,-0.221815
1.93165,2.9,-0.103204
1.96762,3.92277,-0.0660451
1.94048,4.77757,-0.561339
1.90927,5.73869,-0.205725
1.94965,6.72884,-0.0860714
1.89386,7.71601,-0.364562
1.8368,8.71193,-0.2549
1.84183,9.7291,-0.261693
1.92655,10.7377,-0.265932
1.9176,11.7335,-0.278259
1.87072,12.6044,-0.810535
1.92918,13.5826,-0.548985
1.97203,14.3877,-1.15182
1.90737,15.3744,-0.908658
1.79376,16.4014,-0.86628
1.88105,17.203,-0.286206
1.9154,18.141,0.203418
2.11458,19.1127,-0.00472427
1.9721,20.1065,-0.0199561
1.93839,21.1517,-0.0876827
1.8229,22.1527,-0.0448531
1.94953,23.1248,0.170507
1.94613,24.024,-0.231123
1.87775,25.0667,-0.239515
1.89387,26.0678,-0.188946
2.04595,27.0293,0.113877
2.00616,28.0501,-0.0293161
1.91207,28.8438,0.545949
2.80226,1.4783,-0.762716
2.83632,2.25365,-0.104624
2.87259,3.25144,-0.401868
2.90939,4.26236,-0.332264
2.851,5.14895,-0.868941
2.95927,5.9972,-0.347401
2.96841,6.97338,-0.119129
2.9328,7.98715,-0.459151
2.83146,9.01305,-0.496698
2.83824,9.99719,-0.353893
2.85495,11.0417,-0.415854
2.91335,12.0911,-0.535249
2.76051,12.9076,-1.11248
2.91701,13.8233,-0.675643
2.94864,14.6228,-1.26215
2.89508,15.5064,-0.792294
2.81263,16.5176,-0.948061
2.8598,17.3531,-0.398584
2.89628,18.0963,0.242994
3.14369,19.0709,0.0294076
2.97396,20.0745,-0.101132
2.91827,21.0668,-0.167299
2.80326,22.0726,-0.332728
3.00443,23.0086,-0.0175756
2.94784,24.0242,-0.104837
2.9021,24.9497,-0.481405
2.89729,25.9422,-0.329109
3.073,26.8692,0.176012
3.02094,27.8706,-0.142232
2.92673,28.5514,0.595648
3.75408,1.82404,-0.887344
3.8651,2.46065,-0.103946
3.8968,3.45381,-0.272079
3.89993,4.49224,-0.359151
3.82156,5.42188,-0.795431
3.95424,6.25371,-0.255504
3.91995,7.2406,-0.493527
3.96017,8.30118,-0.465773
3.80985,9.34411,-0.508875
3.8135,10.3182,-0.317542
3.80367,11.2568,-0.686254
3.91251,12.2785,-0.570513
3.76124,12.9325,-1.36026
3.9338,13.7187,-0.811438
3.94991,14.5573,-1.42855
3.86104,15.4957,-1.08538
3.87024,16.4579,-0.848711
3.87718,17.3607,-0.452013
3.89643,18.1468,0.161962
4.24572,19.0947,0.0146733
3.9864,20.0425,-0.179595
3.91972,21.0308,-0.00869167
3.75423,22.0182,-0.0472579
4.00897,23.017,-0.0796472
3.93432,23.9903,-0.310596
3.94414,24.9697,-0.300018
3.92237,25.9459,-0.290976
4.1013,26.7638,0.272915
3.99175,27.7921,0.171026
3.91516,28.7998,0.388757
4.73113,2.04871,-0.872201
4.85926,2.7539,-0.0903317
4.89752,3.76658,-0.2434
4.89462,4.79376,-0.307385
4.8462,5.75156,-0.708527
4.91049,6.67416,-0.404892
4.87672,7.62837,-0.670791
4.9776,8.62633,-0.509845
4.74952,9.6178,-0.512009
4.85725,10.6448,-0.427546
4.75594,11.5759,-0.751244
4.86045,12.6352,-0.773211
4.79912,12.9982,-1.68621
4.90395,13.7741,-1.09109
4.93647,14.5505,-1.77031
4.8663,15.4095,-1.2814
4.8892,16.4298,-1.18227
4.90993,17.2245,-0.562871
4.84405,18.169,-0.254985
5.22401,19.0206,0.233253
4.97787,20.01,0.117765
4.98459,20.9563,-0.113691
4.81001,21.9763,-0.164693
4.99649,22.9223,0.0322275
4.97578,23.8377,-0.334028
4.95535,24.8862,-0.465001
4.92209,25.893,-0.275347
5.06668,26.9054,-0.083227
4.97217,27.8638,0.0731498
4.92246,28.8173,0.473208
5.71708,2.32469,-1.05256
5.84219,2.96811,-0.288693
5.92358,3.97578,-0.140248
5.88682,5.02542,-0.224494
5.8614,5.96731,-0.591968
5.90882,6.93969,-0.457057
5.87494,7.94342,-0.755309
5.89881,8.93656,-0.720792
5.73428,9.92275,-0.594189
5.87143,10.8903,-0.793951
5.69063,11.8483,-0.977328
5.87674,12.8508,-1.00442
5.7004,13.2417,-1.92066
5.94322,13.9509,-1.24919
5.92022,14.6513,-1.95588
5.85086,15.5524,-1.55492
5.92518,16.5012,-1.2329
5.97219,17.2089,-0.524754
5.8221,18.1522,-0.355687
6.2783,19.0192,-0.0204779
5.94234,19.9573,-0.00652486
5.98248,21.0148,0.0428419
5.86399,22.0206,-0.141798
6.0278,22.9714,0.116474
5.98265,23.7986,-0.436637
5.96693,24.8228,-0.387863
5.94852,25.8735,-0.289233
6.02254,26.8794,-0.466897
5.95688,27.7067,0.0870846
5.94433,28.7649,0.2189
6.75564,2.42342,-0.894256
6.83535,3.15468,-0.234797
6.94054,4.18083,-0.270635
6.93701,5.24178,-0.316633
6.83981,6.18362,-0.69357
6.85675,7.17891,-0.607324
6.87284,8.18474,-0.803067
6.96158,9.19147,-0.737996
6.75217,10.1561,-0.688971
6.89206,11.1271,-0.900464
6.66952,12.1021,-0.82624
6.88441,13.0283,-1.22622
6.69127,13.533,-2.08227
6.98192,14.0735,-1.22731
6.95874,14.5422,-2.11731
6.90397,15.4364,-1.71357
6.97908,16.3245,-1.15043
6.96265,17.0196,-0.497272
6.84618,18.0375,-0.368935
7.25177,19.0169,-0.153429
6.92908,19.9837,-0.124351
6.98372,20.9006,0.257585
6.84877,21.8762,-0.0323008
6.99429,22.9126,-0.0915372
6.97564,23.8816,-0.44817
6.98803,24.8411,-0.21496
6.9723,25.8235,-0.376656
7.0447,26.8434,-0.349644
6.98496,27.6057,0.332752
6.93505,28.5604,0.108283
7.74631,2.60991,-0.582589
7.85131,3.53373,-0.144237
7.94303,4.5548,-0.456493
7.91748,5.5666,-0.407834
7.84165,6.46843,-0.889444
7.84745,7.42904,-0.703775
7.87686,8.41223,-0.853844
7.98987,9.4237,-0.722343
7.78979,10.4049,-0.684445
7.8728,11.3709,-1.10802
7.68904,12.2801,-0.674056
7.89669,13.1356,-1.20677
7.78018,13.6516,-2.04978
7.93497,14.2282,-1.26635
7.94492,14.4791,-2.29059
7.94881,15.3947,-1.92912
7.93511,16.3279,-1.43719
7.94688,16.9325,-0.585464
7.83973,17.9864,-0.517939
8.25599,18.8701,-0.193774
7.89448,19.7549,0.0954009
7.99906,20.7624,0.0419111
7.83621,21.7413,-0.0885495
8.02073,22.7789,-0.151109
7.94338,23.7703,-0.169579
7.96186,24.7141,-0.505676
7.98556,25.763,-0.418036
8.08908,26.7836,-0.205664
7.97841,27.4828,0.536183
7.94129,28.3602,0.0584857
8.82686,2.80136,-0.6511
8.95886,3.73172,-0.2417
8.93994,4.70584,-0.47434
8.99213,5.6956,-0.510642
8.89295,6.62899,-0.793628
8.86369,7.64737,-0.782415
8.89959,8.6323,-0.830161
8.98618,9.61341,-0.997089
8.82468,10.628,-0.913779
8.8642,11.6662,-0.945756
8.67253,12.644,-0.953401
8.84751,13.6244,-1.18004
8.78259,13.726,-2.20998
8.92093,14.4668,-1.54958
8.97244,14.4487,-2.55476
8.95344,15.2858,-1.93464
8.91092,16.013,-1.22839
8.98419,16.898,-0.748018
8.90594,17.9001,-0.515912
9.25823,18.8474,-0.255364
8.88896,19.7943,-0.140095
8.93811,20.7475,-0.291937
8.83849,21.6956,0.0972961
9.04999,22.6724,-0.114142
8.97176,23.6961,-0.18113
8.95591,24.7166,-0.342167
8.96821,25.7119,-0.320353
9.11883,26.7101,-0.212784
8.85362,27.6431,0.0836177
8.90671,28.6305,0.262255
9.89156,2.94417,-0.711768
9.99447,3.88853,-0.416141
9.95108,4.9107,-0.340489
10.0113,5.84692,-0.687246
9.89354,6.79898,-0.902399
9.87503,7.80821,-0.623597
9.96562,8.79897,-0.930851
10.0556,9.74188,-1.16451
9.86179,10.7247,-1.06328
9.8745,11.7922,-1.11377
9.68749,12.8014,-1.02216
9.89866,13.7006,-1.42263
9.74773,13.8894,-2.45568
9.9442,14.4335,-1.62315
10.0018,14.4644,-2.62194
9.98636,15.2064,-1.92017
9.90167,16.0309,-1.40639
9.98928,16.9023,-0.934931
9.91007,17.8424,-0.773849
10.2107,18.8162,-0.684292
9.88254,19.7526,-0.271383
9.92611,20.7595,-0.219407
9.86637,21.7437,-0.0236885
10.062,22.7196,0.0450697
10.0066,23.7274,0.13849
9.96444,24.6215,-0.252614
10.0244,25.6349,-0.205353
10.1598,26.5919,0.075692
9.92999,27.5982,0.0778314
9.92943,28.5885,0.310437
10.9106,2.98851,-0.685669
11.0345,3.95589,-0.385592
10.9587,4.91064,-0.234651
11.0165,5.84775,-0.587649
10.8886,6.88195,-0.722428
10.895,7.9047,-0.612003
10.9652,8.91351,-0.860332
11.0974,9.81284,-1.21632
10.9218,10.77,-0.837208
10.9391,11.7244,-1.17869
10.7064,12.717,-1.19777
10.9545,13.5883,-1.65639
10.7786,13.8872,-2.62253
10.9424,14.3744,-1.78433
10.9944,14.667,-2.76626
10.9978,15.2192,-1.88606
10.8729,16.0183,-1.21783
11.0204,16.8812,-0.706171
10.9456,17.8965,-0.781115
11.1885,18.8694,-0.548802
10.9835,19.7933,-0.241951
10.9258,20.8259,-0.179086
10.8748,21.838,-0.159615
11.0468,22.7343,0.251531
11.0199,23.7517,0.0116855
10.9818,24.6862,-0.395758
11.0849,25.6263,-0.142863
11.2283,26.6159,-0.0252113
10.9472,27.546,0.0878536
10.9537,28.5491,0.178381
11.8819,3.13088,-0.264803
12.0658,4.11449,-0.0958007
11.9636,5.08706,-0.400098
11.9925,6.02629,-0.737242
11.8971,7.0607,-0.752965
11.8592,8.09444,-0.71652
11.9887,9.05705,-0.875225
12.0854,10.0961,-1.05513
11.9316,10.9457,-0.553313
12.0406,11.7172,-1.16347
11.6934,12.5713,-1.50147
12.0032,13.4804,-1.7445
11.8269,13.6417,-2.70036
11.9602,14.2552,-1.84136
12.0041,14.8096,-2.67819
12.0278,15.0895,-1.67858
11.8758,16.1136,-1.43849
12.0095,16.8225,-0.735594
12.0111,17.8049,-0.798086
12.2505,18.7444,-0.524296
11.9713,19.6611,-0.370147
11.9606,20.6627,-0.153987
11.8845,21.672,0.00839259
12.0598,22.6168,0.24207
11.9775,23.5747,-0.0730613
11.9236,24.5571,-0.242207
12.0723,25.585,-0.270162
12.2207,26.5232,0.118522
12.0068,27.4903,-0.0577288
11.9956,28.4714,0.117521
12.8934,3.10984,-0.451051
13.076,4.07077,-0.188842
13.0749,5.06242,-0.210141
13.0108,6.02493,-0.567104
12.8689,7.02158,-0.456523
12.8527,7.96775,-0.73502
12.9921,8.99435,-0.940971
13.1307,10.0238,-1.09809
12.9956,10.902,-0.629698
13.0622,11.5789,-1.34606
12.8106,12.6451,-1.49325
13.046,13.5483,-1.86974
12.8909,13.7915,-2.8199
12.9935,14.3019,-1.93996
13.0448,14.9312,-2.73496
13.0637,15.1765,-1.76343
12.9047,16.1038,-1.37525
12.9351,17.0788,-1.07765
12.937,18.078,-1.09671
13.2845,18.8182,-0.524006
13.0299,19.7928,-0.466402
12.983,20.7579,-0.301132
12.8932,21.7654,-0.0812983
13.1454,22.6727,0.205396
13.0328,23.6252,-0.123701
12.9778,24.6999,-0.2047
13.0723,25.669,-0.369137
13.1937,26.6637,-0.223472
12.9964,27.6138,-0.132191
13.0271,28.606,-0.0430464
13.9003,3.29809,-0.247237
14.0505,4.25687,-0.314536
14.1156,5.25339,-0.227033
14.0883,6.16443,-0.631971
13.8992,7.15752,-0.411768
13.9203,8.15196,-0.688849
13.9925,8.99719,-1.21873
14.1019,10.0345,-1.22274
14.0907,10.8248,-0.602606
14.1204,11.6869,-1.1279
13.8756,12.6182,-1.43704
14.049,13.5894,-1.66447
13.8882,13.8752,-2.64852
13.9694,14.4573,-1.83225
14.0915,15.0078,-2.65371
14.1102,15.3434,-1.72202
13.8812,16.265,-1.45829
13.909,16.9861,-0.793085
13.9585,17.9874,-0.843605
14.143,18.9861,-0.966781
14.0621,19.9114,-0.553841
13.9725,20.9025,-0.407562
13.9274,21.7969,0.0434248
14.1365,22.726,0.388742
14.007,23.6613,0.144682
13.9819,24.5954,-0.276312
14.0577,25.5996,-0.551494
14.2093,26.5312,-0.158003
14.0198,27.5744,-0.353169
14.0238,28.5721,-0.292083
15.004,3.1902,-0.15114
15.0654,4.16294,-0.263399
15.1266,5.25246,-0.356154
15.1155,6.27152,-0.597766
14.913,7.21721,-0.211533
14.9643,8.15352,-0.571819
15.0298,9.0407,-1.05162
15.1232,10.0361,-1.07177
15.0493,11.0321,-0.893396
15.0814,11.9522,-1.33324
14.9231,12.9158,-1.41071
15.0216,13.8888,-1.68554
14.9505,13.8818,-2.67013
14.9864,14.6061,-1.93028
15.0595,15.0384,-2.85401
15.0895,15.4387,-1.96436
14.9378,16.3986,-1.60072
14.9102,17.141,-0.93018
14.975,18.1437,-0.800809
15.1589,19.1406,-0.821732
15.054,20.0397,-0.353514
15.0406,20.99,-0.631584
15.0081,21.7751,0.0240577
15.1735,22.7865,0.317637
15.0509,23.7464,0.216044
15.0319,24.7041,-0.0816706
15.0385,25.6803,-0.40795
15.1923,26.6699,-0.226783
14.9582,27.4762,-0.689718
15.0716,28.4717,-0.403281
16.1018,3.14405,-0.104273
16.0732,4.21656,-0.147377
16.1321,5.20564,-0.160244
16.0885,6.21601,-0.310334
15.9777,7.21803,-0.157894
15.994,8.09555,-0.624818
16.059,9.09368,-0.855351
16.1143,10.1078,-1.13922
16.0524,11.1179,-0.859365
16.0783,12.0237,-1.40561
16.0072,13.0117,-1.37636
16.0523,14.0158,-1.61446
15.9829,14.2411,-2.67445
16.0147,14.831,-1.86517
16.131,15.0507,-2.91093
16.0783,15.6021,-2.09147
15.9093,16.5805,-1.94787
15.9124,17.3712,-1.18931
15.9905,18.3193,-0.832603
16.1438,19.2882,-0.853459
16.1167,20.1584,-0.391214
16.0423,21.1709,-0.66006
16.0933,21.8123,0.0988983
16.2596,22.7153,0.493167
16.0624,23.7067,0.261367
16.0339,24.6653,-0.0383953
16.057,25.6297,-0.352
16.1871,26.7326,-0.36491
15.9243,27.6766,-0.628559
16.0789,28.7002,-0.536561
17.1296,3.15125,-0.169936
17.0589,4.15296,-0.287484
17.1692,5.14567,-0.303095
17.1646,6.18506,-0.302426
17.0161,7.20098,-0.253386
17.0182,8.18013,-0.518613
17.0788,9.12349,-0.838044
17.1243,10.1064,-1.1319
17.1054,11.0634,-0.876788
17.1596,12.0161,-1.2713
17.0204,12.9696,-1.39573
17.0627,14.0273,-1.52686
17.0525,14.1683,-2.59324
17.075,14.8581,-1.87381
17.1449,15.0793,-2.82844
17.1255,15.661,-2.01816
16.923,16.6439,-2.07065
16.9034,17.17,-1.20909
16.9577,18.1871,-1.13039
17.143,19.1501,-0.912598
17.1088,20.0045,-0.358034
17.0201,21.0369,-0.418677
17.113,21.8454,0.20018
17.252,22.8851,0.439882
17.0572,23.8344,0.0713858
16.9911,24.8641,0.05862
17.0481,25.8204,-0.290967
17.2167,26.7972,-0.309861
16.9164,27.724,-0.453496
17.0738,28.6812,-0.255248
18.1653,3.02945,-0.368328
18.1473,4.06351,-0.230442
18.1679,5.05384,-0.192019
18.1425,6.06902,-0.283529
17.9947,7.03174,-0.297607
18.0848,8.0012,-0.525034
18.1097,9.03836,-0.683279
18.116,9.96662,-0.997549
18.1236,10.9668,-0.872198
18.1647,12.0007,-1.13981
18.0764,13.0025,-1.29286
18.1373,14.0264,-1.44978
18.1317,14.0734,-2.48018
18.1372,14.8307,-1.81033
18.1689,15.1827,-2.78328
18.0821,15.7494,-1.95849
17.9162,16.7096,-1.87954
17.9164,17.2682,-1.03435
17.953,18.2888,-0.841957
18.163,19.2758,-0.798114
18.1047,19.9985,-0.112677
18.0336,20.9721,-0.294458
18.0634,22.0127,-0.201163
18.2111,22.9691,0.0522629
18.0752,23.947,0.0741813
17.9919,24.9184,-0.155232
17.9543,25.9057,-0.00778222
18.2382,26.7901,-0.477032
17.8654,27.6899,-0.0756035
18.0911,28.6708,-0.220866
19.2021,2.95351,-0.178713
19.1881,3.94031,-0.241972
19.1386,4.90019,-0.450264
19.1884,5.91303,-0.226456
18.9865,6.91277,-0.465004
19.0874,7.85801,-0.682275
19.0843,8.82728,-0.51793
19.148,9.79326,-1.03701
19.1695,10.8474,-1.08004
19.193,11.8459,-1.09725
19.0838,12.8583,-1.24015
19.1365,13.8477,-1.33705
19.1387,14.0122,-2.34259
19.1851,14.7432,-1.68084
19.1309,14.914,-2.62861
19.1205,15.5747,-1.80265
18.9559,16.5966,-1.90895
18.9393,17.1429,-1.06117
18.977,18.1401,-0.909842
19.0629,19.034,-0.384021
19.12,19.9969,-0.374722
19.0935,21.0042,-0.395624
19.0038,21.8958,0.160552
19.25,22.9066,0.0530503
19.1243,23.9522,0.0653157
18.971,24.8404,-0.329664
18.8843,25.8216,-0.424863
19.2212,26.7497,-0.260595
18.9327,27.6232,0.172515
19.0574,28.5862,-0.0206885
20.1879,2.79541,0.326777
20.2165,3.73762,-0.021775
20.2068,4.71149,-0.211499
20.2025,5.73271,-0.0758263
20.011,6.59341,-0.538524
20.086,7.58365,-0.46845
20.0684,8.56336,-0.785043
20.1465,9.54291,-0.986145
20.1129,10.543,-0.937461
20.1947,11.5403,-1.00719
20.013,12.5355,-1.10897
20.1179,13.5296,-1.09387
20.0952,13.9174,-2.02127
20.1147,14.6557,-1.29443
20.071,14.763,-2.30934
20.1244,15.5012,-1.58636
19.9477,16.4411,-1.81323
19.9636,17.0672,-1.03705
19.9752,18.0828,-0.88598
20.0586,19.0551,-0.524162
20.1304,20.0551,-0.338496
20.0449,21.0719,-0.214203
19.9915,22.0843,-0.0624897
20.2461,23.1022,-0.0548235
20.1292,23.9903,0.339457
20.048,24.8615,-0.29809
19.9241,25.8701,-0.377633
20.2442,26.865,-0.261016
19.9999,27.6784,0.241694
20.1314,28.6289,0.000558489
21.2249,2.57888,0.636662
21.2106,3.37486,0.0173589
21.1894,4.37745,-0.298099
21.1979,5.38608,-0.118726
21.0872,6.33157,-0.45692
21.0699,7.30746,-0.330436
21.0862,8.20218,-0.771541
21.1301,9.18618,-0.901315
21.1407,10.2536,-0.944325
21.1548,11.2464,-0.962383
21.0329,12.2387,-1.1024
21.0751,13.2052,-0.787097
21.0688,13.618,-1.77613
21.0601,14.3076,-1.03474
21.0313,14.6667,-2.07172
21.1473,15.4934,-1.51736
20.9782,16.4618,-1.85464
21.0008,17.0226,-1.0069
21.0497,18.021,-0.787518
21.1117,18.9441,-0.445439
21.1503,19.9832,-0.365383
21.1221,20.9832,-0.418418
21.0459,21.9628,-0.0677633
21.2496,22.9359,-0.0152623
21.2104,23.9189,0.188284
21.0479,24.8334,-0.110648
20.9532,25.8101,-0.31825
21.2469,26.756,-0.429139
20.9881,27.6487,0.0895108
21.1533,28.64,0.0297708
22.1493,2.36999,0.331245
22.2054,3.19676,-0.266091
22.1829,4.16293,-0.498312
22.2284,5.17412,-0.355251
22.0475,6.16442,-0.591281
22.0538,7.12308,-0.29321
22.1754,8.07124,-0.517197
22.1161,9.04766,-0.654326
22.1411,10.0549,-0.945778
22.1779,11.0455,-0.7343
22.0761,12.0367,-1.1053
22.0554,12.9299,-0.70502
22.0521,13.3277,-1.679
22.0246,13.9743,-0.915751
22.0533,14.5449,-1.75853
22.1336,15.4477,-1.23573
21.9919,16.3258,-1.69574
22.0747,17.0568,-1.04266
22.0816,17.9689,-0.62627
22.1117,18.9624,-0.371868
22.1628,19.9792,-0.483712
22.206,20.9952,-0.451231
22.0931,21.8945,-0.00640278
22.2406,22.9356,-0.00200812
22.2152,23.9525,0.177892
22.0851,24.9,-0.0384564
21.9788,25.8662,-0.158641
22.2196,26.6513,-0.70672
21.9897,27.3455,0.00950652
22.0786,28.2613,0.425452
23.138,2.18318,0.239348
23.2213,3.03932,-0.249699
23.1976,4.00199,-0.548845
23.2353,4.96664,-0.259069
23.0452,5.95936,-0.318394
23.1064,6.9395,-0.366118
23.2043,7.89711,-0.408713
23.1496,8.87681,-0.608396
23.1264,9.87917,-0.633027
23.215,10.8562,-0.604251
23.024,11.8228,-0.807773
23.0471,12.7841,-0.406503
23.028,12.9789,-1.40452
23.0448,13.8977,-0.977871
23.123,14.5905,-1.69361
23.1767,15.427,-1.14312
22.9795,16.2892,-1.54954
23.0483,17.0838,-0.94055
23.0336,18.1257,-1.01332
23.1261,19.0236,-0.64402
23.2693,19.9651,-0.39725
23.1405,20.9509,0.00382702
23.1159,21.933,0.0314859
23.2444,22.9447,0.175057
23.1819,23.8788,-0.132636
23.0703,24.8592,-0.218882
22.992,25.8734,-0.350417
23.2158,26.8102,-0.714548
23.0169,27.4377,0.0322398
23.1237,28.3312,0.580328
24.1674,1.77398,0.192456
24.1966,2.64807,-0.203327
24.1744,3.69329,-0.165603
24.2425,4.70842,-0.0927519
24.0178,5.70582,0.0198401
24.1338,6.65972,-0.292889
24.2153,7.68663,-0.377877
24.0815,8.72893,-0.298633
24.1645,9.69346,-0.744697
24.228,10.6385,-0.425068
24.0642,11.5611,-0.835536
23.9627,12.3254,-0.158696
24.0643,12.7603,-1.10209
24.0507,13.7581,-1.16605
24.1422,14.7315,-1.39437
24.1022,15.4841,-0.760524
24.0409,16.2376,-1.39364
24.0323,17.0826,-0.838697
24.0536,18.0803,-1.02266
24.134,18.9593,-0.548433
24.2292,19.8462,-0.118912
24.0662,20.7507,-0.412778
24.1182,21.7484,-0.109098
24.2201,22.7393,-0.0927549
24.1917,23.7993,-0.0856136
24.0498,24.8088,-0.262322
23.9925,25.7853,-0.202277
24.1757,26.7479,-0.51449
24.0229,27.4559,0.229182
24.1073,28.4423,0.544517
25.051,1.65733,0.694385
25.1394,2.46083,0.0854366
25.2287,3.43119,-0.126142
25.1838,4.41888,-0.0674093
25.0016,5.37863,0.148683
25.1184,6.37158,-0.02678
25.2179,7.34946,-0.441047
25.0473,8.33651,-0.319419
25.0971,9.33347,-0.393027
25.2224,10.3348,-0.542589
25.0299,11.3405,-0.559935
24.964,12.1222,0.0663564
25.0535,12.5636,-0.865279
25.0028,13.5893,-0.883273
25.1554,14.5498,-1.12244
25.1571,15.449,-0.557268
25.0583,16.232,-1.17768
25.0339,17.1462,-0.665224
24.9754,18.1589,-0.706259
25.0193,18.9557,-0.0402966
25.1855,19.8196,-0.504938
25.0781,20.7988,-0.370617
25.1092,21.7673,-0.197653
25.194,22.7422,-0.13672
25.1284,23.7135,0.213782
25.0079,24.7594,0.146434
24.9973,25.6129,-0.409885
25.1983,26.6239,-0.622755
25.0457,27.3512,0.0569414
25.1028,28.3061,0.371783
25.9891,1.66597,1.09416
26.1382,2.41152,0.443355
26.2003,3.27295,-0.135984
26.1687,4.23776,0.186026
25.9985,5.1649,0.510459
26.1526,6.13941,0.149367
26.1891,7.04357,-0.366958
26.0516,8.0368,-0.42942
26.0347,8.98333,-0.187045
26.1935,10.0078,-0.255892
25.9718,10.9934,-0.59357
26.0242,11.806,-0.0126011
26.1188,12.4795,-0.788116
26.0178,13.4669,-0.830259
26.1588,14.3756,-1.18604
26.1447,15.2215,-0.70329
26.0369,16.186,-0.911176
26.0154,17.1913,-0.762175
25.9615,18.1929,-0.575265
26.0284,19.1083,-0.17159
26.2026,20.0448,-0.460604
25.9911,20.8777,0.0695303
26.1123,21.837,-0.220658
26.1186,22.7894,0.248412
26.1038,23.7838,0.0354228
26.0632,24.7822,0.0433515
25.9263,25.7669,-0.0593951
26.2037,26.6159,-0.470425
26.019,27.5415,-0.0957305
26.0723,28.5311,0.12284
27.039,1.60863,1.37129
27.1275,2.20334,0.560057
27.189,3.02597,-0.0383984
27.0995,3.90908,0.449748
27.0524,4.88955,0.407715
27.1957,5.85439,0.113608
27.187,6.73063,-0.31886
26.9349,7.71629,-0.109421
27.0781,8.67873,-0.261223
27.2,9.70445,-0.284448
27.0285,10.6997,-0.531065
26.9932,11.4717,0.0504257
27.0904,12.2925,-0.628327
27.0411,13.3188,-0.673528
27.151,14.3563,-0.859816
27.16,15.3404,-0.706894
27.0059,16.3675,-0.78041
26.9901,17.3316,-0.533656
27.0226,18.3329,-0.707199
27.0524,19.1019,-0.0281137
27.2028,20.0284,-0.438392
26.9942,20.892,0.0244362
27.1158,21.8642,0.287851
27.1242,22.8874,0.290069
27.0829,23.8776,0.286328
27.0411,24.9016,0.288229
26.9148,25.8319,-0.233491
27.1891,26.7692,-0.36942
26.9881,27.726,-0.193716
27.094,28.6627,0.0820338
28.0093,1.27551,1.27606
28.0031,1.7444,0.394577
28.1783,2.64751,-0.0272469
28.1008,3.60117,0.375701
28.0829,4.59083,0.297815
28.1142,5.55204,0.00616474
28.1946,6.55032,-0.145338
27.9804,7.48702,0.00388501
28.1238,8.48571,-0.162804
28.1928,9.50404,-0.158922
28.0099,10.3939,-0.614646
28.0144,11.243,-0.119221
28.106,12.18,-0.469692
28.0285,13.2282,-0.433012
27.9732,14.2341,-0.27445
28.0906,15.2443,-0.260445
28.0078,16.2648,-0.458452
28.0277,17.2393,-0.443449
28.0377,18.2531,-0.566622
28.065,19.17,-0.0642537
28.2353,20.0962,-0.487808
27.9758,20.8899,0.18963
28.1397,21.9179,0.186471
28.1398,22.926,0.315708
28.0975,23.911,0.158766
28.0741,24.89,0.0308512
27.994,25.9002,-0.0781274
28.1817,26.8941,-0.0127049
28.0017,27.8999,-0.0136906
28.1558,28.8771,0.134898
29.0558,1.1408,1.30754
29.0082,1.53063,0.316602
29.1116,2.38586,-0.219541
29.0783,3.24415,0.251457
29.1031,4.24387,0.409192
29.09,5.18378,0.0866359
29.1023,6.17745,0.19776
29.001,7.18345,0.0115543
29.0669,8.14487,-0.221958
29.1767,9.18945,-0.117203
29.067,10.093,-0.505472
29.0486,11.0004,-0.122123
29.0867,12.003,-0.213215
29.0622,12.9775,-0.296765
28.9752,14.0324,-0.265551
29.055,15.0272,-0.233082
28.9691,16.0325,-0.412189
29.0425,17.0286,-0.305371
29.001,18.0265,-0.388952
29.1032,18.9609,-0.0605457
29.2318,19.9878,-0.265554
28.9551,21.0068,-0.12765
29.0749,21.9816,-0.149858
29.0791,22.9674,-0.0315806
29.1011,24.0178,0.0836238
29.0851,25.0001,-0.0485122
28.9871,26.0024,-0.0344493
29.1577,26.9831,-0.141066
29.0543,27.9361,0.133302
29.1441,28.9324,0.21037
