0.310508,-0.114719,4.23014
0.573928,-2.53696,1.48556
2.74024,3.48806,-1.58374
3.78746,-1.86873,2.09823
2.34964,-0.3863,-0.474938
-3.87693,4.74995,-0.179543
2.69798,10.0858,1.49317
0.569796,8.51871,-5.70541
8.37833,8.36467,-2.99574
4.86479,7.14993,-0.857964
0.930683,-0.171725,2.58614
1.32262,-0.420783,0.78388
2.25386,1.40004,-0.377267
2.55702,0.25887,0.932682
1.28194,2.08307,0.0337474
-0.469735,4.74728,-0.0999359
1.3784,7.41475,-0.0730216
2.11213,7.90746,-2.58785
4.60605,7.36284,-1.00027
1.79944,5.96646,1.85578
2.13362,0.265938,2.15307
2.48696,0.229606,1.146
2.74152,1.07718,0.441972
2.24078,1.90777,0.701798
1.6739,3.3103,0.328831
1.22651,4.92072,0.149135
2.03052,6.37951,0.0914853
2.69899,7.6152,-0.639402
3.70708,7.69131,0.581066
3.15747,7.1972,2.1139
3.33123,0.823551,2.25381
3.70557,0.686566,1.31935
3.51271,1.71614,0.928327
3.0773,2.81828,0.876489
2.69884,3.97692,0.792599
2.57248,5.26694,0.685907
3.05033,6.57618,0.85432
3.66091,7.81574,0.954088
4.531,8.00274,2.1163
4.18659,7.72767,3.4718
4.4708,1.5901,2.31986
4.9355,0.861223,1.78527
4.61364,1.91046,1.46201
4.20987,3.0084,1.27082
3.8991,4.24253,1.13726
3.81013,5.54456,1.22879
4.18725,6.9021,1.56962
4.81475,7.91407,2.25953
5.59233,8.47713,3.54189
4.96897,7.87376,5.23244
5.63433,2.30005,2.65687
6.18229,0.67831,2.29767
5.76109,1.68509,1.85218
5.44766,2.95844,1.67426
5.17511,4.32974,1.61747
5.07168,5.72601,1.76413
5.36405,7.11877,2.2766
6.09605,8.39045,3.16978
7.22413,9.57476,4.30172
8.92527,10.7504,6.1032
8.72572,-2.23994,2.42769
7.32888,-0.676052,2.41075
6.92694,0.988189,2.17767
6.59562,2.4576,1.95167
6.34127,3.90967,1.94854
6.23162,5.37606,2.0623
6.45638,6.76453,2.23806
6.90698,8.04726,2.55122
7.21655,9.35459,2.72504
7.41309,10.2176,3.01234
7.17227,-1.00501,1.80027
7.86942,-0.00836818,2.11593
8.13485,1.17652,2.0563
7.93291,2.49102,2.06745
7.59199,3.81834,2.0114
7.47664,5.13767,2.12543
7.55638,6.5062,2.2463
7.76564,7.82103,2.099
7.56416,9.05456,1.28607
6.23157,9.31003,-1.41366
3.57198,1.45353,0.158052
8.82259,-0.573473,1.95679
7.39521,1.4846,1.83796
9.24737,2.39195,1.92578
8.89566,3.7034,2.11841
8.62291,5.01849,2.38647
8.54856,6.33329,2.66668
8.66174,7.68611,3.01319
8.83261,9.01135,3.77162
10.4594,9.51701,6.1796
8.66164,-0.870342,1.90537
14.1068,-2.95452,3.63141
5.08141,2.69987,1.99013
11.6379,3.05346,1.99557
10.26,3.60122,2.12804
9.82645,4.78978,2.50414
9.56399,5.99264,2.9261
9.56756,7.15018,3.42421
9.69518,8.19113,4.18583
10.1298,8.97203,5.14073
