0.0311686,-0.00583209,0.0185217
1.05055,-0.00760216,-0.0493881
2.01081,-0.013831,0.113706
2.97942,-0.0201025,-0.275817
3.9801,0.0138798,-0.0446303
5.01165,0.00116581,-0.0573931
6.0142,-0.0262215,-0.408362
6.915,-0.0336589,0.0307962
7.94089,0.0487533,0.0491195
8.91295,-0.0491256,0.263036
9.90806,0.023484,0.13957
10.943,-0.0076632,0.300214
11.9964,0.00160527,0.151994
12.9545,0.056148,-0.114731
13.9281,0.00340587,-0.117722
14.9221,0.0121311,-0.0107089
15.9978,-0.0250191,0.0282662
17.0204,-0.0251686,0.0475326
18.0357,-0.0173986,0.156404
19.0356,-0.0390057,0.255211
-0.00174566,1.04751,0.208277
0.966124,0.983837,0.0265389
1.9354,1.05169,0.180847
2.95691,0.948616,-0.0105441
4.00047,1.01038,-0.22964
4.96386,1.00915,-0.382842
5.96807,0.980612,-0.247008
6.9797,0.985,-0.0543626
8.03019,1.03447,-0.115076
8.99362,0.954625,0.0928983
10.04,1.00129,0.0984802
11.0478,1.05888,0.2918
12.0725,1.03352,0.22823
13.0525,1.08482,0.139195
14.0142,1.07719,-0.192218
15.0664,0.969933,-0.154784
16.0634,0.976846,0.0144322
17.0658,0.985818,0.18984
18.084,0.998434,0.0676321
19.0315,0.987005,0.33278
-0.00406201,2.08247,0.1039
0.977242,2.02221,-0.264409
2.01078,2.03938,-0.0622364
3.00298,2.01586,0.116584
3.97747,1.98361,-0.0946715
4.98093,1.98912,-0.0811731
6.00338,2.00905,-0.0979736
6.99769,2.00066,0.0907254
8.0174,2.02319,-0.0124851
9.06021,2.01206,0.0543016
10.0481,2.03077,0.0786859
11.0206,2.08633,0.414902
12.0293,2.03837,0.383627
12.9658,2.09175,0.0822474
13.9347,2.10214,-0.281741
14.9134,1.98059,-0.163997
15.9139,1.97547,0.201785
16.8839,1.94589,-0.102087
17.8715,1.98212,0.010361
18.9589,1.97563,-0.0108493
0.0204596,3.10168,-0.0824915
1.06548,3.00392,0.0920591
2.05289,3.07657,0.0103183
3.00995,3.09164,0.271697
4.03367,2.94759,0.283844
5.04417,2.96877,0.0084048
5.98467,3.02231,-0.244353
7.02588,3.03769,-0.205283
7.99922,3.05331,-0.24257
9.02849,3.03262,-0.10004
10.0427,3.00691,-0.162685
11.0196,3.08568,0.0566668
12.0519,3.00505,0.0928373
13.0888,3.14599,0.150929
14.0975,3.06782,-0.118369
15.1254,2.96511,0.0950804
16.0863,2.94912,0.424113
17.0744,2.93497,0.138899
18.066,2.93193,0.227796
19.0114,2.99396,-0.184506
-0.0199286,4.07635,0.233149
1.0087,3.99772,0.278036
1.90094,4.08475,-0.179336
2.90278,4.00707,-0.17467
3.95169,3.944,0.0298898
4.96712,3.98227,0.0752068
5.92508,4.04464,-0.18092
6.97679,4.0525,-0.13629
7.93827,4.08996,-0.202246
8.91464,4.01863,-0.313697
9.90533,3.99347,-0.120411
10.9236,4.06826,0.143608
11.9156,4.00418,0.159526
12.9543,4.11342,0.0668569
13.9445,4.05166,0.22739
14.9543,3.98266,0.0689322
16.0214,3.89167,0.0542833
17.0047,3.93829,-0.122434
18.0115,3.99923,0.14955
18.9691,4.0068,-0.153887
0.0245155,5.07232,0.109003
1.03253,4.943,-0.0240761
2.03272,5.04234,0.260073
3.04742,4.98331,0.171587
4.08558,4.90693,0.235221
5.09794,4.97586,0.0367718
6.03658,5.10317,-0.28872
7.08833,5.10817,-0.308475
8.06997,5.07052,-0.140471
9.11018,5.00949,-0.230964
10.1277,4.98473,-0.0664754
11.1328,5.03666,0.15421
12.1143,4.99565,0.393515
13.0843,5.11695,0.196698
14.0446,5.06485,0.427076
15.0439,4.93581,0.379824
16.046,4.88678,0.108692
17.0247,4.97999,0.161699
17.9946,5.03453,0.279333
18.9613,4.99795,0.024546
-0.00660726,6.11041,-0.138746
0.975701,6.00222,-0.12631
1.98163,6.03629,0.0977599
3.00905,6.00168,0.284228
3.97969,5.95788,0.0456679
4.96713,5.93027,-0.19982
5.93803,6.10545,-0.069924
6.92127,6.0858,-0.338261
7.97562,6.02408,-0.493344
8.96092,5.98566,-0.234022
10.0459,6.03522,-0.173321
10.9601,6.04744,0.229609
12.054,5.99665,0.445888
13.0311,6.11858,0.0563982
14.0398,6.0252,0.0410474
15.0293,5.89724,-0.143699
16.0073,5.89843,0.118992
16.9972,5.97717,0.35479
17.9539,6.06824,0.0564013
18.9898,6.00391,-0.0851283
0.00269173,7.1164,-0.225153
1.02664,7.01007,-0.233992
2.02937,7.01294,-0.0560991
3.04394,6.91494,-0.0979583
4.08486,6.97877,-0.133308
5.06103,6.96027,-0.180667
6.09119,7.0502,-0.298398
7.10492,7.0576,-0.289282
8.16631,7.04523,-0.426566
9.10437,7.01844,-0.0909513
10.0987,7.03273,0.0470443
11.1088,7.08965,0.186859
12.1342,6.98669,0.100153
13.1672,7.13919,0.255425
14.1784,6.97517,0.277157
15.135,6.91877,-0.151833
16.0774,6.91745,0.243583
17.1242,7.0207,0.139521
18.0786,7.03688,-0.134587
19.0472,7.06325,-0.244832
-0.0539476,8.09108,-0.253948
0.912912,7.9967,-0.490152
1.8908,8.05143,-0.139024
2.93259,7.96154,-0.20654
3.98413,7.99301,-0.188961
5.0427,8.03928,-0.259987
6.06359,8.05655,-0.367141
7.11707,8.09986,-0.343525
8.14898,8.04735,-0.334767
9.13583,8.05883,-0.166753
10.0998,8.03243,0.019303
11.1203,8.03418,-0.172835
12.1478,8.03281,-0.0415235
13.0291,8.169,0.335182
14.0227,8.0009,0.37448
15.0132,7.8901,0.0979278
16.0515,7.96899,0.278188
17.0341,8.02427,-0.0170141
18.0265,8.06822,-0.224995
19.018,8.09344,-0.322156
-0.0696432,9.09753,-0.325571
0.906104,8.96382,-0.209641
1.92662,9.05381,-0.396069
2.94613,8.93446,-0.48637
3.94039,8.99637,-0.235408
4.94856,8.99974,-0.549507
5.98612,9.04169,-0.406284
6.97653,9.07294,-0.391195
7.99383,9.05675,-0.187484
9.00564,9.06109,-0.075689
9.9449,9.03691,0.226569
10.9841,8.94358,0.292932
12.0211,9.0739,0.133067
12.9494,9.19376,0.4983
13.9695,9.00691,0.345814
15.0157,8.93544,0.104157
16.0567,8.92228,0.0558641
17.0307,8.9733,0.324906
17.9619,9.09282,-0.100485
18.9558,9.04355,0.0299265
0.0302805,10.0929,-0.167541
1.01308,10.0017,-0.280053
1.99851,10.0746,-0.153227
3.00819,9.92431,-0.41221
3.99159,9.98626,-0.202646
5.02828,9.99763,-0.249065
6.0094,10.0483,-0.147072
7.00988,10.0594,-0.138032
8.02442,10.0085,-0.352486
9.05273,10.0446,-0.257726
10.0671,9.92267,-0.276629
11.012,9.97219,0.0686087
11.9549,10.043,0.368981
13.0506,10.172,0.447679
14.0074,10.0028,0.199698
15.0038,9.95607,0.282934
15.9634,9.95091,0.0356182
17.0337,9.98615,0.0766625
17.938,10.0494,-0.35425
18.9484,10.0804,-0.179739
-0.052974,11.0852,-0.388708
1.0289,11.0213,-0.222379
2.02452,11.0741,-0.312778
3.04512,10.9782,-0.402319
4.06019,11.02,-0.301437
5.0588,11.02,-0.313224
6.08137,11.0359,-0.302976
7.10216,11.0528,-0.173119
8.14139,10.9664,-0.103629
9.11276,11.0328,-0.354012
10.1325,10.9719,-0.272594
10.9831,10.9963,0.205545
11.9906,11.0693,0.357247
12.9752,11.1883,0.554958
14.0387,11.0044,0.365517
15.0721,11.0134,0.153349
16.0521,10.9228,0.388614
17.0544,10.9899,0.136485
18.0282,11.0245,-0.195569
19.0089,11.0848,-0.276543
0.036372,11.9827,0.0575884
0.991711,12.0427,-0.302615
2.03659,12.1083,-0.221598
3.04056,12.0277,-0.180789
4.05842,11.9991,-0.197534
5.04783,12.054,-0.488568
6.07667,12.0583,-0.189734
7.07997,12.0214,0.0212745
8.05386,11.9377,-0.328596
9.04578,12.0734,-0.340458
10.0515,11.9512,-0.0959593
10.9982,12.0032,0.222932
12.0123,12.1398,0.286773
13.0013,12.1844,0.358385
14.0383,12.0718,0.295108
15.0753,12.0369,0.155144
16.0993,11.9933,0.443342
17.0943,12.0307,0.320225
18.0503,12.0257,0.0757012
19.0376,11.9299,0.35247
0.0087344,13.0031,-0.0676901
0.939644,13.084,-0.422733
1.90764,13.0324,-0.575497
2.92338,12.9931,-0.380847
3.92373,13.0031,-0.347765
4.93746,13.0975,-0.222004
5.97308,13.1076,-0.112403
6.97167,13.0047,0.143693
7.94671,12.8967,-0.0557299
9.01102,12.9991,0.0611988
9.99546,12.9978,-0.167217
10.9981,12.9693,-0.00668661
11.9731,13.094,0.0282723
12.9678,12.9742,-0.211988
13.9526,13.0535,0.0238746
14.9585,13.0259,0.0449477
15.9936,12.9692,0.219834
16.9978,13.0498,0.304962
17.9879,13.0349,-0.12129
18.9785,12.9647,-0.0106784
-0.0109378,14.0443,-0.185272
1.04354,14.032,-0.174697
2.05669,13.9543,-0.165825
3.01313,14.0483,-0.442674
4.07076,14.036,-0.349782
5.05114,14.1274,-0.265484
6.01191,14.0875,-0.0144627
6.98285,14.0195,0.145375
8.00431,13.895,0.11951
9.00901,13.9979,0.21503
9.99227,13.9961,0.152364
10.9847,14.0116,0.0468001
11.981,14.0925,-0.100046
12.9786,14.0316,-0.0471053
13.9621,13.9981,-0.343541
14.9658,13.9912,-0.302869
15.9271,13.9863,0.0300699
16.952,13.9674,-0.0845485
17.9739,14.072,0.0273537
19.0056,13.9935,-0.154372
0.0280831,15.0867,-0.212262
1.03132,15.0257,-0.132752
2.04603,15.0045,-0.268929
2.99556,15.1174,-0.568035
3.99968,14.9994,-0.639448
4.86498,15.1109,-0.0931028
5.88338,15.0849,-0.318296
6.86718,15.0649,-0.0601947
7.93056,14.9763,0.19852
8.93338,15.0149,0.31193
9.86103,14.9918,-0.0992859
10.8694,14.9438,-0.321494
11.9181,15.0532,-0.337623
12.9356,15.0075,-0.196292
13.995,15.0076,-0.27629
14.982,15.0245,-0.243339
16.0142,14.9631,-0.20958
17.0092,15.0082,-0.0239845
17.9885,15.0886,-0.109372
19.0171,14.9488,-0.352852
0.0233894,16.1008,-0.0998444
1.04772,16.0156,0.0336863
2.03261,16.0582,-0.217127
3.04834,16.0147,-0.234211
3.99931,16.017,-0.498486
4.98792,16.1403,-0.222611
5.95263,16.1264,-0.484039
6.9487,16.0195,-0.411756
7.94567,15.9303,-0.04391
8.97112,15.9674,-0.0475509
9.94707,15.9849,-0.307804
10.9615,15.9863,-0.425764
11.9795,16.0649,-0.368795
12.9602,15.9864,-0.296338
13.9596,15.9847,-0.125343
14.9964,16.0439,-0.096878
16.0271,15.9903,-0.110422
17.0309,16.0672,-0.123402
18.029,16.0405,-0.492364
18.9531,15.9726,-0.114777
0.00353404,17.1138,0.0755455
0.990048,17.0213,-0.0328532
2.05569,17.0785,-0.081579
3.03583,16.9931,0.0216041
4.02828,16.988,-0.0788537
5.04572,17.0891,0.0987213
6.0413,17.0495,-0.0540239
7.0524,16.9229,0.0807428
8.0902,16.9036,0.100412
9.0612,16.9676,-0.00241401
10.0106,16.9795,-0.38366
11.0417,17.0179,-0.427131
12.0612,17.0563,-0.337788
13.0484,17.0009,-0.283822
14.0745,17.0709,-0.190094
15.0726,17.011,-0.233015
16.125,17.0203,-0.301398
17.1364,17.0439,-0.299289
18.153,17.0674,-0.337605
18.9746,16.9218,0.137147
-0.0220191,18.0275,-0.281243
1.01723,18.0273,-0.123121
2.02779,18.068,-0.316663
3.00991,18.0181,-0.0903348
3.96202,17.9712,-0.173132
4.9554,18.0834,-0.0626362
5.93292,18.0732,0.177548
6.938,17.9505,0.146165
7.96852,17.9304,0.000408948
9.00264,17.9855,0.242463
9.92122,17.9541,-0.206293
10.9149,17.9784,-0.235572
11.9302,18.0002,-0.0875576
12.9735,17.9987,-0.194092
13.9406,18.0134,-0.00826746
14.9834,17.9819,-0.0672536
15.9968,17.9499,0.0440046
17.03,17.9935,0.00745872
18.0566,17.9828,0.0798822
19.0122,17.9821,0.287878
-0.04138,19.0535,-0.268139
0.94565,19.043,-0.26787
1.9599,19.0542,-0.396735
3.02187,19.0239,-0.256087
4.04473,18.9968,0.0476516
5.06103,19.0427,0.325764
6.02035,19.004,-0.145094
7.01886,18.9552,-0.0259499
8.02568,18.9682,0.00250557
9.05274,18.9931,0.138972
9.9655,18.989,-0.291693
11.0016,18.954,-0.0119999
11.982,18.9972,0.150911
13.0204,19.0081,-0.0606525
14.0336,19.0284,-0.084933
15.0166,18.9984,0.111481
16.0321,18.9366,-0.0488357
16.9894,18.9602,0.212894
18.0126,19.0069,0.0695822
19.0019,18.9474,0.0330912
