-0.156792,0.863363,-1.01899
0.0300913,1.28938,-0.14011
0.0317637,2.29857,-0.096469
0.0576037,3.28619,-0.139625
-0.0962371,4.27205,-0.391253
-0.0818415,5.29733,-0.412564
-0.105005,6.21291,-0.0538438
-0.115931,7.21747,-0.272796
-0.131602,8.23804,-0.343052
-0.120457,9.26539,-0.427131
-0.105887,10.2974,-0.324186
-0.119944,11.2983,0.0858364
-0.185528,12.2017,-0.339207
-0.133641,13.172,-0.639174
-0.0446425,14.17,-0.859981
-0.0814325,15.1745,-0.664495
-0.119297,16.1471,-0.464296
-0.23755,17.1244,-0.158312
-0.104138,18.0881,0.254894
0.114267,19.1399,0.196881
0.0742546,20.0595,-0.221079
-0.149577,20.9848,0.0619404
-0.166298,21.9928,0.273583
-0.0891903,22.9887,0.153291
-0.108386,23.9665,-0.0186621
-0.13867,24.9653,0.0500687
-0.035139,25.9204,0.327744
0.00560015,26.8061,-0.203812
-0.0684988,27.7956,-0.000772118
-0.143837,28.8005,-0.0362896
0.817255,1.16704,-1.03563
1.08014,1.48562,-0.129667
1.03351,2.46062,-0.126377
1.01236,3.53061,-0.26755
0.875387,4.45146,-0.597699
0.900949,5.4085,-0.305826
0.891147,6.41265,-0.116343
0.859349,7.41607,-0.318397
0.877465,8.37675,-0.466692
0.926261,9.39181,-0.596484
0.929466,10.4227,-0.503903
0.889364,11.3615,-0.0788415
0.818351,12.294,-0.533973
0.891382,13.279,-0.738118
0.941798,14.1935,-1.23606
0.933116,15.1148,-0.775365
0.893527,16.1221,-0.589886
0.734117,17.094,-0.361241
0.858513,18.0562,-0.0445601
1.16531,19.0255,0.135575
1.028,20.0144,0.0542253
0.805753,20.9544,-0.234593
0.83802,21.8863,0.132402
0.870205,22.8481,0.47449
0.89574,23.8205,0.332716
0.832627,24.8243,0.463561
0.94181,25.82,0.542964
1.06112,26.6383,0.00174261
0.9331,27.6464,-0.136067
0.943074,28.665,0.0400067
1.81338,1.19563,-0.868398
2.06559,1.80678,-0.129304
2.00188,2.806,-0.155617
1.988,3.81264,-0.131523
1.91306,4.71718,-0.564794
1.91726,5.64092,-0.154152
1.84319,6.60736,-0.478094
1.87802,7.59037,-0.313184
1.85973,8.5903,-0.405142
1.94224,9.5371,-0.713712
2.0138,10.4755,-0.328285
1.84953,11.5008,-0.44236
1.87494,12.4269,-0.809244
1.87038,13.4315,-0.883682
1.98674,14.3993,-1.28426
1.9615,15.3727,-0.997919
1.86494,16.3218,-0.676455
1.74289,17.3206,-0.499152
1.72474,18.3249,-0.54575
2.14257,19.1807,-0.218381
1.99485,20.1877,-0.0801935
1.80586,21.1843,-0.340242
1.83254,22.1086,0.0880062
1.95009,22.9627,0.633222
1.82912,23.7815,0.022953
1.86426,24.6485,0.514939
1.91909,25.6217,0.327744
2.05604,26.4764,-0.182128
1.88674,27.4305,-0.542418
1.97077,28.4178,-0.114106
2.78653,1.53684,-0.883331
3.05212,2.1326,-0.0534806
2.99815,3.16849,-0.270412
3.01726,4.17277,-0.341624
2.84733,5.1466,-0.644548
2.93176,5.9699,-0.0243812
2.85791,6.90824,-0.424799
2.8479,7.96059,-0.586282
2.82822,8.97685,-0.533055
2.88588,9.98102,-0.66914
2.91606,10.8888,-0.177685
2.79728,11.8904,-0.321445
2.88397,12.6505,-0.984063
2.80843,13.6273,-1.27739
2.94765,14.567,-1.58199
2.90918,15.6016,-1.38232
2.90648,16.26,-0.653478
2.80638,17.3152,-0.57694
2.6924,18.3253,-0.693176
3.13054,19.1532,-0.433293
2.99814,20.0705,-0.124418
2.79858,21.0879,-0.321967
2.87102,22.0244,0.138041
2.85334,22.9902,0.251152
2.80394,23.8882,-0.0866939
2.8588,24.7978,0.365783
2.91069,25.8132,0.184341
3.05898,26.7153,-0.270388
2.85857,27.6435,-0.649004
3.00666,28.5131,-0.160237
3.79546,1.5633,-0.523322
4.05216,2.40037,-0.059386
4.00191,3.40525,-0.238041
4.0185,4.40623,-0.307752
3.84566,5.36937,-0.488232
3.92672,6.37067,-0.229139
3.80704,7.25766,-0.675863
3.85831,8.25391,-0.576315
3.83798,9.24153,-0.639146
3.86326,10.2248,-0.586413
3.94472,11.2007,-0.326359
3.75362,12.1379,-0.69512
3.76855,12.8279,-1.46357
3.83113,13.8029,-1.06762
3.97012,14.6211,-1.66182
3.91602,15.6909,-1.65392
3.90609,16.3898,-0.883892
3.81177,17.299,-0.428941
3.72608,18.3074,-0.600726
4.20048,19.1998,-0.565575
4.05999,20.0955,-0.0788537
3.83699,21.0315,-0.383422
3.89118,21.9016,0.0733299
3.90928,22.907,0.158669
3.83687,23.8601,-0.212104
3.87036,24.7537,0.169243
3.87227,25.7344,-0.165236
4.11865,26.6781,-0.352583
3.86062,27.6251,-0.648671
3.98935,28.516,-0.273766
4.78256,1.80576,-0.338661
4.92041,2.7281,-0.485482
5.03059,3.69356,-0.234086
5.04463,4.66686,-0.151518
4.84376,5.63043,-0.308054
4.90941,6.64225,-0.170101
4.78299,7.52026,-0.659911
4.89545,8.53041,-0.633061
4.8539,9.53126,-0.541041
4.84706,10.5038,-0.498328
4.88975,11.4663,-0.677087
4.76807,12.4196,-1.03293
4.72186,13.1138,-1.74605
4.88887,14.0004,-1.22889
4.97243,14.6843,-1.94913
4.91924,15.6272,-1.57383
4.95436,16.2445,-0.77618
4.79005,17.2397,-0.649745
4.77468,18.2348,-0.722514
5.20603,19.161,-0.63419
5.02707,19.9076,0.00810266
4.84196,20.8631,-0.26227
4.96345,21.8223,0.14684
4.87464,22.8116,0.476321
4.82643,23.6188,-0.129624
4.86244,24.6057,0.205722
4.86753,25.6519,0.139894
5.11859,26.5532,-0.204666
4.8621,27.5159,-0.479528
5.02524,28.4626,-0.31363
5.82163,1.95658,-0.450276
5.86772,2.97095,-0.249504
5.98688,3.97066,-0.133442
5.94966,4.86799,-0.643254
5.88787,5.87781,-0.356777
5.90105,6.93402,-0.292938
5.79729,7.87152,-0.720875
5.90401,8.87325,-0.671468
5.83244,9.86205,-0.812882
5.77926,10.841,-0.597485
5.89541,11.741,-0.979675
5.72423,12.7875,-1.12864
5.67134,13.4762,-1.87035
5.83358,14.4005,-1.43603
5.84796,14.8912,-2.34344
5.96699,15.5911,-1.63899
5.96852,16.3621,-1.03016
5.83783,17.207,-0.529655
5.77982,18.1703,-0.849156
6.19591,19.0595,-0.539949
6.05498,19.9205,-0.0752953
5.89832,20.8944,-0.212803
6.02967,21.7326,0.343712
5.9079,22.7305,0.280679
5.89007,23.7204,0.119605
5.82057,24.7227,0.0164068
5.91987,25.7374,-0.0477554
6.01171,26.5635,-0.682333
5.85947,27.5759,-0.744942
6.05109,28.5365,-0.352559
6.76127,2.2162,-0.237226
6.84467,3.22844,-0.230708
6.96681,4.23827,-0.184957
6.87225,5.23975,-0.291427
6.87209,6.23821,-0.443492
6.82269,7.24959,-0.41847
6.81798,8.11756,-0.90553
6.90504,9.14262,-0.888455
6.84237,10.1395,-0.851772
6.74356,11.189,-0.869033
6.8433,12.1034,-1.23289
6.76456,13.1184,-1.13216
6.66914,13.4314,-2.12941
6.73308,14.4008,-1.85801
6.81993,14.9493,-2.69637
6.92605,15.4315,-1.82505
6.95698,16.4387,-1.40683
6.81238,17.2859,-0.85118
6.80393,18.2465,-1.12932
7.18552,18.9585,-0.509922
7.01838,19.7914,0.0177923
6.89311,20.7805,-0.0442671
7.01864,21.8002,0.206265
6.91939,22.8113,0.299084
6.86459,23.7877,0.473949
6.86583,24.7931,0.189538
6.92562,25.7194,-0.24485
7.0303,26.5788,-0.680294
6.8835,27.6148,-0.575961
7.09374,28.523,-0.22346
7.76331,2.48875,-0.351003
7.83431,3.47941,-0.374996
7.99485,4.47331,-0.0839198
7.88185,5.44146,-0.335972
7.89665,6.46229,-0.422758
7.87187,7.44737,-0.583914
7.81017,8.4656,-0.796783
7.84664,9.51594,-0.952861
7.7604,10.474,-1.172
7.73862,11.48,-1.11199
7.80299,12.4998,-1.21929
7.76713,13.4899,-1.37291
7.70354,13.5478,-2.39433
7.82215,14.4069,-1.84081
7.83016,14.9985,-2.64289
7.9791,15.4073,-1.7391
7.95119,16.3385,-1.38713
7.86457,17.2482,-0.944285
7.82049,18.2131,-1.3076
8.2084,18.9523,-0.708957
8.0749,19.7517,-0.0286599
7.92886,20.7442,-0.140095
7.92292,21.7397,-0.354128
7.94705,22.6032,0.129298
7.77915,23.6079,0.101843
7.83794,24.5887,-0.11265
7.95304,25.5473,-0.35602
8.02528,26.51,-0.721577
7.86455,27.3972,-0.247456
8.12059,28.3481,-0.365685
8.71443,2.72726,-0.573067
8.88229,3.70185,-0.26158
8.98985,4.71199,-0.160451
8.86845,5.71081,-0.138047
8.90197,6.64039,-0.467113
8.8706,7.63076,-0.709961
8.86184,8.67972,-0.808563
8.81754,9.68968,-0.937095
8.82793,10.6955,-1.01617
8.73341,11.6751,-1.02683
8.84847,12.6275,-1.33579
8.73472,13.6568,-1.53656
8.6836,13.6851,-2.54526
8.8324,14.4675,-1.94845
8.85275,14.9936,-2.78352
9.01217,15.2282,-1.85889
8.93459,16.2126,-1.55692
8.82821,17.1157,-1.13522
8.72234,18.125,-0.966842
9.27044,18.9116,-0.657756
9.04526,19.7542,-0.137602
8.90238,20.7113,-0.43054
8.95046,21.7132,-0.443547
8.94221,22.6718,-0.0712271
8.83772,23.6933,0.233744
8.89326,24.5889,-0.205722
8.95014,25.6218,-0.195404
9.0835,26.4636,-0.74723
8.906,27.3823,-0.372045
9.12842,28.3639,-0.338624
9.69608,2.96514,-0.394803
9.83688,3.93222,-0.241343
10.0265,4.92614,-0.0659444
9.94392,5.89028,-0.116242
9.94258,6.84511,-0.476073
9.88054,7.80435,-0.867019
9.90278,8.77063,-0.650645
9.86698,9.74659,-0.850612
9.80523,10.81,-0.982638
9.80497,11.7521,-1.23018
9.89691,12.7664,-1.42402
9.8312,13.7487,-1.71622
9.70091,13.8438,-2.69042
9.92754,14.3696,-1.89424
9.84289,14.9281,-2.83451
10.0607,15.1233,-1.84421
9.99223,16.1166,-1.57044
9.8511,17.0208,-1.02328
9.74418,18.029,-1.05865
10.2502,18.8656,-0.845991
9.967,19.7793,-0.615409
9.93575,20.6558,-0.0990204
9.96668,21.693,-0.200684
9.93412,22.6867,0.0321818
9.8956,23.6999,0.0987213
9.86571,24.7275,0.0394238
9.89946,25.7205,0.0935484
10.1406,26.5375,-0.478442
9.92114,27.3769,0.0297189
10.1946,28.3437,-0.311634
10.7462,3.04816,-0.164949
10.8796,4.03788,-0.174511
10.9949,4.9603,0.238282
11.0127,5.8981,-0.141389
10.9804,6.92643,-0.382897
10.9049,7.84725,-0.820573
10.9167,8.85976,-0.758559
10.8735,9.88491,-0.782937
10.7733,10.8994,-0.967769
10.84,11.8625,-1.09685
10.9342,12.8316,-1.44428
10.8857,13.8008,-1.82127
10.7002,14.2579,-2.731
10.978,14.31,-1.80219
10.8289,14.8326,-2.65926
11.0764,15.0733,-1.73074
10.9726,16.0775,-1.58916
10.8887,16.9688,-1.14086
10.7131,17.9502,-1.41183
11.2225,18.7596,-1.04522
10.9611,19.6894,-0.648729
10.8557,20.6853,-0.532798
11.0009,21.6435,-0.218198
10.8799,22.7126,-0.3077
10.9447,23.6686,0.0511856
10.8851,24.6294,-0.160765
10.8963,25.5293,0.268752
11.1567,26.3195,-0.340858
10.9784,27.3022,-0.0373394
11.1797,28.1789,-0.45624
11.7595,3.21145,0.0616138
11.8923,4.17395,-0.237516
12.0207,5.15449,0.0927122
11.9719,6.06854,-0.352321
11.9941,7.07233,-0.31149
11.912,7.98366,-0.78193
11.9328,9.00655,-0.786026
11.8633,10.0332,-0.69523
11.8095,10.9559,-1.12606
11.9217,11.9993,-1.06887
11.95,12.9425,-1.33515
11.9625,13.7179,-1.97586
11.7474,14.0735,-2.86922
11.9348,14.4541,-1.94378
11.8038,14.8894,-2.89598
12.0819,15.231,-2.01047
11.993,16.1365,-1.58778
11.9124,17.0368,-1.10209
11.7264,18.0313,-1.23695
12.1662,18.8156,-0.728745
12.0406,19.8038,-0.766137
11.8932,20.6786,-0.357207
12.0274,21.6741,-0.25371
11.8955,22.6858,-0.439009
11.9687,23.5992,-0.0535356
11.9108,24.5847,-0.245842
11.9201,25.4484,0.253554
12.0373,26.4418,0.160509
12.0205,27.4203,-0.0223457
12.1596,28.4055,-0.202359
12.7197,3.14182,0.337715
12.8397,4.07765,0.0409772
13.0401,5.03579,0.078872
13.0283,6.05893,-0.201453
13.023,7.06958,-0.183004
12.9346,8.0066,-0.605509
12.9493,9.02649,-0.721995
12.9064,10.0018,-0.968969
12.9094,11.0219,-1.09705
12.9026,12.0711,-1.15421
12.9669,13.0684,-1.34448
12.9579,13.9381,-1.95167
12.7998,14.1617,-2.91214
12.9058,14.6164,-2.06737
12.8012,15.0546,-3.03504
13.0385,15.5523,-2.19031
13.022,16.1405,-1.33428
12.9517,17.172,-1.24886
12.7049,18.1065,-1.0379
13.1129,19.0088,-0.893982
12.9999,20.0112,-0.968825
12.9184,20.7537,-0.183996
13.055,21.7381,0.00831019
12.8893,22.7604,-0.207633
12.9824,23.7088,0.111695
12.9253,24.6698,-0.201505
12.956,25.628,-0.0292734
13.0688,26.5781,0.28464
12.9906,27.5887,0.0884487
13.1567,28.5161,-0.161257
13.7368,3.04033,0.220457
13.8618,4.01254,0.137111
14.0924,4.95619,-0.0214515
14.0579,6.00462,-0.2189
14.0184,6.95759,-0.428874
13.9447,7.95674,-0.703827
14.0017,8.98004,-0.78833
13.9672,9.98684,-1.01924
13.9525,11.0066,-1.05146
13.9408,12.0006,-1.28321
13.9785,13.0443,-1.38661
13.9043,13.9574,-1.74436
13.85,14.2074,-2.80304
13.8502,14.8553,-2.00258
13.8338,15.0932,-2.97782
14.0502,15.6381,-2.16243
14.0091,16.3178,-1.36106
13.9557,17.3531,-1.14882
13.732,18.3204,-1.28703
14.0779,19.2311,-0.96979
14.03,20.2748,-1.06834
13.9507,20.6939,-0.152089
14.054,21.6868,-0.0730949
13.9248,22.6717,-0.315979
14.0158,23.6941,-0.0552507
13.9465,24.7231,-0.169384
14.0078,25.7523,-0.0676595
14.0397,26.7551,0.0618183
13.9794,27.6765,0.428437
14.1705,28.5667,-0.0592975
14.7558,3.17827,0.306513
14.8838,4.18759,0.357546
15.1504,5.0314,-0.150493
15.0801,5.99339,0.0181738
15.0511,6.98752,-0.293875
14.9124,7.98393,-0.450316
15.0329,8.97011,-0.70932
15.0186,10.0125,-0.891574
14.9719,11.0284,-0.990686
14.9892,12.0448,-1.19544
14.9954,13.0417,-1.42608
14.903,14.0815,-1.66481
14.8951,14.1245,-2.67554
14.9205,14.8969,-2.0186
14.8899,14.9038,-2.98247
15.1061,15.5556,-2.26048
15.0224,16.2503,-1.50884
14.9383,17.2357,-1.27235
14.7498,18.1843,-1.00652
15.057,19.1028,-1.35347
15.0513,20.0868,-1.02313
14.9694,20.7772,-0.241725
15.0591,21.7564,-0.146992
14.9672,22.7726,-0.0259011
14.996,23.7639,-0.0245247
15.0047,24.7664,-0.176653
14.9801,25.7313,-0.511783
15.0648,26.4942,0.148189
14.9633,27.5213,0.152812
15.2538,28.4661,0.302316
15.8572,3.15206,0.439262
15.9184,4.15294,0.283416
16.1542,4.97984,-0.300952
16.1424,5.98522,-0.1215
16.1248,6.94359,-0.404724
15.9808,7.92755,-0.385983
16.0617,8.9408,-0.599042
16.0482,9.95564,-0.762294
15.9902,11.0202,-0.668203
16.0175,11.8529,-1.21188
16.0138,12.86,-1.49709
15.9235,13.8604,-1.51124
15.9046,13.8583,-2.54757
15.9386,14.7644,-1.96422
15.8786,15.0097,-2.94493
16.145,15.4328,-2.08352
16.0544,16.35,-1.58572
15.9841,17.2399,-1.08139
15.786,18.2078,-1.13791
16.053,19.1959,-1.08404
16.0699,20.1965,-0.82967
15.9478,20.8751,-0.0725852
16.0357,21.869,-0.144453
15.9849,22.8864,-0.0922178
15.9065,23.8207,-0.468493
16.0196,24.7812,-0.0769066
15.9861,25.7499,-0.452333
16.1422,26.571,0.131452
15.969,27.5663,0.284509
16.3133,28.5586,0.297903
16.8254,2.99066,0.3245
16.8898,3.94848,0.0364422
17.1018,4.98216,0.0197577
17.2016,5.9675,-0.108658
17.1151,6.96073,-0.382455
17.0179,8.00131,-0.257353
17.1389,8.93137,-0.655574
17.0944,9.8845,-0.415409
17.0502,10.8577,-0.579672
17.0397,11.7599,-1.15807
17.0796,12.7551,-1.4212
16.9995,13.7777,-1.44461
16.9569,13.8447,-2.48273
17.0409,14.6519,-1.90043
16.8556,14.7795,-2.90108
17.1403,15.3176,-2.09779
17.0477,16.2977,-1.89332
16.9628,17.0389,-1.19909
16.8257,18.0642,-0.979553
17.0471,19.1078,-0.982376
17.086,20.0783,-1.06171
16.9251,20.8931,-0.367107
17.0427,21.8353,-0.013599
16.9572,22.8281,-0.320499
16.9482,23.8418,-0.536494
16.9509,24.8785,-0.370946
16.9692,25.8829,-0.388662
17.1316,26.8642,-0.117261
17.0242,27.801,0.261476
17.2475,28.7787,-0.02566
17.895,2.93385,0.461141
17.9306,3.79656,-0.0760491
18.1547,4.80104,-0.090054
18.2137,5.80759,-0.0499527
18.1573,6.76796,-0.506336
18.0587,7.77601,-0.263826
18.112,8.75898,-0.350111
18.1045,9.75306,-0.529823
18.0711,10.7642,-0.798312
18.098,11.7652,-1.17925
18.1102,12.7784,-1.17548
17.9892,13.8107,-1.27811
17.9912,13.824,-2.28118
18.0492,14.6003,-1.6967
17.8936,14.7843,-2.66411
18.1694,15.2247,-1.82188
18.046,16.2712,-1.82864
18.0006,17.0631,-1.1675
17.8278,18.0079,-0.891598
18.0936,18.9927,-0.993051
18.0856,19.9987,-1.03844
17.8808,20.919,-0.589312
18.0242,21.7632,-0.0602344
17.9706,22.7819,-0.227366
17.9353,23.8198,-0.373428
18.0338,24.811,-0.293808
17.9322,25.785,-0.123685
18.0772,26.7095,0.186785
18.0527,27.712,0.312824
18.2638,28.5189,-0.251119
18.945,2.7345,0.452486
19.0056,3.68754,0.0197882
19.1385,4.67645,-0.0871853
19.2068,5.65902,0.102799
19.1689,6.63535,-0.315311
19.0426,7.62093,-0.4695
19.1308,8.6479,-0.36353
19.0964,9.65411,-0.534761
19.1012,10.692,-0.92327
19.1462,11.7222,-0.94962
19.1203,12.7211,-1.18291
18.9826,13.7172,-1.46496
18.9835,13.8769,-2.42978
19.0801,14.5819,-1.73971
18.9228,14.7028,-2.70602
19.224,15.2996,-1.916
19.0706,16.2835,-1.97317
19.0187,17.1204,-1.36974
18.8279,18.0948,-1.2079
19.1128,19.0121,-0.938795
19.1244,20.006,-0.908594
18.8692,20.8189,-0.391943
19.0757,21.7701,-0.133161
19.0263,22.7625,-0.0485061
18.9261,23.7421,-0.265093
18.9849,24.6318,-0.656447
18.9409,25.642,-0.258287
19.06,26.5593,0.0880764
18.9554,27.5355,-0.173208
19.1919,28.3968,-0.643345
19.9532,2.69666,0.337376
20.0484,3.63182,-0.0342845
20.1802,4.60326,-0.199341
20.2701,5.55379,0.197421
20.1504,6.41998,-0.4223
20.0856,7.42832,-0.525455
20.1729,8.42812,-0.403385
20.1003,9.49285,-0.425629
20.0379,10.5176,-0.506836
20.2312,11.4679,-0.867003
20.1173,12.3903,-1.31285
19.9822,13.4402,-1.39803
20.0354,13.8932,-2.30886
20.0778,14.4866,-1.52912
19.8866,14.5347,-2.52955
20.2031,15.2202,-1.8376
19.9552,16.1561,-1.52994
20.0706,17.1136,-1.15589
19.803,18.1329,-1.00794
20.1543,19.0631,-0.864266
20.1207,20.0576,-0.808969
19.8567,20.8911,-0.304047
20.0635,21.838,-0.00430921
20.1303,22.8817,-0.0555315
19.9539,23.8627,-0.181964
19.9787,24.8423,-0.432762
19.9597,25.7093,0.0270302
20.0908,26.7162,-0.194964
19.9104,27.632,-0.6043
20.2246,28.5477,-0.512799
20.9868,2.50478,0.379662
21.041,3.34986,-0.245613
21.1812,4.36417,-0.159777
21.2779,5.38304,-0.0251961
21.1424,6.30732,-0.363482
21.174,7.29877,-0.589932
21.176,8.21422,-0.12551
21.0683,9.24539,-0.238823
21.0693,10.1903,-0.539247
21.1822,11.1841,-0.76595
21.0996,12.0922,-1.16783
21.0233,13.0745,-1.31198
21.0233,13.6073,-2.16991
21.0858,14.1682,-1.3202
20.845,14.7766,-2.12259
21.1324,15.3634,-1.38176
20.9408,16.3068,-1.0824
21.074,17.2875,-1.10202
20.8285,18.2119,-0.862404
21.1969,19.1475,-0.813718
21.1561,20.1529,-0.854762
20.9013,20.9781,-0.323765
21.0686,21.8723,0.115021
21.0888,22.7162,-0.443104
20.9929,23.6931,-0.130052
20.938,24.7049,-0.0897794
20.9671,25.7434,-0.128901
21.1206,26.721,-0.298694
20.8576,27.721,-0.279144
21.2063,28.6426,-0.611109
21.9505,2.34613,0.653587
22.0249,3.09772,-0.00236518
22.1481,4.13928,-0.038374
22.2586,5.10118,0.020719
22.1761,6.09718,-0.190539
22.1691,7.05008,-0.45009
22.2359,7.95183,-0.0361736
22.0517,8.9142,-0.147243
22.0062,9.90343,-0.275137
22.125,10.8174,-0.703116
22.0495,11.7592,-1.10756
21.9819,12.7884,-1.0436
22.0219,13.2362,-1.91424
22.0687,13.8988,-1.12132
21.8229,14.6509,-1.72751
22.1594,15.412,-1.21303
21.9321,16.3625,-1.02107
22.0674,17.3826,-1.21303
21.8709,18.2339,-0.733647
22.1809,19.1374,-0.53889
22.1525,20.1363,-0.707776
21.9136,20.9102,-0.172356
22.0791,21.8196,0.162789
22.0636,22.6795,-0.293319
22.0362,23.691,-0.228977
22.0312,24.7042,-0.160088
22.0337,25.7454,-0.227973
22.1695,26.7229,-0.221473
21.8813,27.6817,-0.098645
22.1994,28.61,-0.331935
22.9236,2.18691,0.539543
23.0344,2.96138,-0.0522996
23.1641,3.92608,0.144569
23.2333,4.89863,0.174401
23.1504,5.87328,-0.00967132
23.1965,6.81032,-0.385339
23.2303,7.71631,-0.0145146
23.0411,8.64153,-0.355965
23.0173,9.62766,-0.185806
23.1721,10.5611,-0.570827
23.0389,11.4413,-1.01872
22.9626,12.462,-0.849614
23.0625,13.1513,-1.6218
22.9939,13.6617,-0.743928
22.8051,14.434,-1.34975
23.193,15.3625,-1.07145
22.9364,16.3339,-0.855013
23.1413,17.211,-1.2808
22.917,18.0916,-0.821152
23.2112,18.9761,-0.439851
23.0598,19.9864,-0.450526
22.9058,20.8563,-0.0138676
23.1062,21.8307,0.105515
23.072,22.8252,-0.0117649
23.0299,23.7728,-0.188403
23.0223,24.7325,-0.0207007
23.0878,25.7616,-0.138929
23.1212,26.7184,-0.544816
22.9109,27.5807,-0.109287
23.213,28.5855,-0.314478
24.0004,2.05068,0.660738
23.976,2.59979,-0.203204
24.1231,3.56701,0.0369396
24.1442,4.46543,0.487445
24.0776,5.42094,0.0713797
24.1533,6.4548,-0.175564
24.19,7.45571,-0.111533
24.057,8.41743,-0.358486
24.0076,9.3998,-0.208963
24.1915,10.4093,-0.433067
24.0553,11.3853,-0.747905
24.0309,12.3579,-0.931397
24.0398,13.2271,-1.48806
24.023,13.5812,-0.557509
23.8616,14.4474,-1.07025
24.2024,15.3814,-1.02987
24.0097,16.3628,-1.02751
24.226,17.2965,-1.20281
23.9431,18.2666,-0.921659
24.2167,18.9282,-0.19386
24.105,19.8745,-0.567046
23.9546,20.7628,-0.0608173
24.1123,21.7447,0.0222694
24.0581,22.7611,-0.157491
24.0886,23.8238,-0.286795
24.0784,24.7822,-0.111908
24.101,25.7726,0.0718406
24.1643,26.5899,-0.545946
23.9253,27.5429,-0.239695
24.2555,28.4784,-0.200577
25.004,1.90461,0.798666
24.9575,2.43331,-0.0838221
25.1636,3.41691,0.0493423
25.1461,4.37595,0.395843
25.041,5.37946,0.241823
25.2072,6.33715,-0.0333842
25.2025,7.22966,-0.466396
25.0654,8.25175,-0.423441
25.0846,9.22678,-0.260585
25.1708,10.1994,-0.497345
25.0225,11.1548,-0.737034
25.0062,12.1439,-0.611905
25.1162,12.9152,-1.29192
25.106,13.5058,-0.447206
24.9163,14.4515,-0.885888
25.2183,15.3819,-0.753172
25.0475,16.3403,-0.964382
25.2179,17.2833,-0.828178
24.9007,18.1844,-0.573956
25.1979,19.091,-0.162932
25.1247,20.0686,-0.403415
24.9766,20.9021,0.112699
25.0783,21.8264,-0.210752
25.036,22.889,-0.335051
25.1614,23.877,-0.0506333
25.0785,24.885,0.191345
25.0723,25.926,0.397568
25.1603,26.5832,-0.324018
24.9043,27.5845,-0.297293
25.3113,28.4649,-0.16679
26.0476,1.96909,0.846745
25.9338,2.18357,-0.125578
26.1059,3.11546,0.205704
26.1554,4.11267,0.502127
26.0922,5.02647,0.156963
26.2109,6.02702,0.0490799
26.2058,6.8737,-0.467379
25.9939,7.81251,-0.452916
26.0278,8.80661,-0.155202
26.1205,9.82336,-0.150114
26.0125,10.7481,-0.585363
25.9583,11.763,-0.610865
26.1074,12.6892,-0.958864
26.1294,13.5087,-0.373772
25.8996,14.4171,-0.75371
26.1274,15.3147,-0.324964
26.086,16.2322,-0.857237
26.0264,17.0388,-0.238737
25.9459,17.9931,-0.620521
26.2264,18.9703,-0.363842
26.1402,19.9818,-0.548451
25.9672,20.8712,-0.141417
26.1343,21.8516,-0.0648762
26.0815,22.8281,-0.365865
26.1494,23.8326,-0.150133
26.0831,24.7732,0.147694
25.9457,25.7241,-0.0538804
26.2071,26.6764,-0.210279
25.9999,27.6656,-0.372405
26.3223,28.6108,-0.172866
27.0114,1.69733,0.917542
26.9078,1.89901,-0.106769
27.1235,2.88779,-0.0901852
27.116,3.8217,0.407031
27.1253,4.7745,0.245616
27.2029,5.79121,0.121235
27.1677,6.63067,-0.453932
27.0501,7.60677,-0.332496
27.0778,8.57596,-0.170037
27.1515,9.60759,-0.109738
27.013,10.5498,-0.387951
26.9861,11.5484,-0.49086
27.0702,12.548,-0.678185
27.1659,13.5435,-0.487506
26.9612,14.4843,-0.738594
27.1205,15.3769,-0.355269
27.0528,16.3544,-0.701828
27.0034,17.121,-0.0684927
26.9892,18.0013,-0.603836
27.196,18.9202,-0.314182
27.1664,19.9587,-0.5129
26.9955,20.9664,-0.265151
27.0861,21.8278,0.334062
27.0609,22.675,-0.210431
27.1831,23.6913,-0.111145
27.068,24.6681,0.0953032
26.9565,25.662,-0.0240486
27.1846,26.6694,-0.346522
27.0124,27.6395,-0.509763
27.3429,28.5718,-0.307413
28.0664,1.65278,1.02804
27.9118,1.70355,0.0301431
28.0951,2.66911,-0.259859
28.1707,3.52076,0.340077
28.0799,4.49992,0.500986
28.1524,5.45523,0.192679
28.1412,6.36272,-0.337989
28.0344,7.36856,-0.1824
28.078,8.34284,-0.161705
28.2294,9.34083,-0.0261666
28.04,10.2852,-0.225889
27.9851,11.3063,-0.198618
28.0614,12.2804,-0.56776
28.0963,13.306,-0.778271
27.9877,14.3073,-0.685092
28.1184,15.2116,-0.272393
27.9707,16.198,-0.414835
28.0077,17.2304,-0.352113
27.9851,18.1837,-0.575848
28.1564,19.0581,-0.150288
28.1822,20.0472,-0.319556
28.0095,21.0428,-0.241124
28.0721,21.9669,0.159304
28.0971,22.9392,-0.194723
28.1775,23.9736,-0.289218
28.0995,24.9037,-0.0309885
27.943,25.8846,0.042259
28.1893,26.694,-0.480477
28.0121,27.6618,-0.292682
28.1936,28.4833,0.248933
29.079,1.56004,1.1179
28.9409,1.51299,0.118632
29.1184,2.39103,-0.306992
29.0942,3.28068,0.127265
29.1172,4.2264,0.422501
29.1182,5.18044,0.0693869
29.1214,6.15992,-0.0297006
29.0088,7.15757,-0.0569536
29.0793,8.11482,-0.361766
29.2057,9.12348,-0.157643
29.0865,10.1157,-0.235173
29.0718,11.1318,-0.189688
29.0973,12.1023,-0.369488
29.1153,13.0989,-0.66711
29.0092,14.1199,-0.537111
29.0908,15.0913,-0.61977
28.9789,16.0677,-0.332835
29.0201,17.0711,-0.196619
29.0058,18.031,-0.519657
29.1696,18.9627,-0.114798
29.2557,20.0134,-0.28218
28.9849,20.9353,-0.00804163
29.1033,21.8999,0.202347
29.1149,22.9248,-0.0884091
29.1073,23.9271,0.130836
29.0953,24.9539,-0.0213355
28.9365,25.9318,-0.149861
29.1744,26.9088,-0.290429
29.0476,27.9069,-0.239045
29.1791,28.8062,0.17546
