0.00976592,0.0137883,-0.14467
0.00293588,1.28954,-0.224445
-0.0425306,2.56723,-0.215363
-0.004532,3.8758,-0.265178
-0.00748314,5.17016,-0.307492
0.0165502,6.49048,-0.281237
0.0216376,7.73682,-0.296927
0.0591662,8.98849,-0.361782
0.0661794,10.2508,-0.375552
0.197082,11.4419,-0.451704
0.169298,12.6574,-0.466652
0.204257,13.7605,-0.781722
0.264071,14.7614,-1.38132
0.201303,15.8277,-1.52028
0.072982,16.848,-1.19058
0.165862,17.7451,-0.785943
-0.0470138,18.2439,0.0650563
-0.0231025,17.4726,-0.524064
0.0978362,17.995,0.327677
-0.0121921,19.0043,0.24962
0.9038,0.492666,-0.30795
0.878994,1.77654,-0.339872
0.899234,3.03663,-0.348216
0.894162,4.33522,-0.387579
0.939888,5.54939,-0.297955
0.99125,6.81634,-0.242998
0.990634,8.10302,-0.172433
0.984133,9.35238,-0.228172
1.03179,10.6458,-0.261992
1.06894,11.8996,-0.30448
1.13909,13.1734,-0.339735
1.22592,14.2723,-0.893313
1.2602,15.1534,-1.68192
1.22335,16.1939,-1.80149
1.04642,16.8179,-1.0099
1.1147,17.8362,-1.18052
0.984365,18.1071,-0.244395
0.806937,17.506,-1.06077
0.886316,18.0709,-0.24536
1.01563,19.0221,0.00419019
1.87576,0.731489,-0.23527
1.88303,1.98209,-0.206546
1.90206,3.27139,-0.313071
1.88843,4.55701,-0.274175
1.94198,5.86219,-0.268188
1.90869,7.18754,-0.296261
1.91362,8.51712,-0.269158
1.91792,9.85554,-0.26989
1.89906,11.1979,-0.168801
1.84776,12.6127,-0.0950011
1.80089,14.1418,0.0041139
1.85208,15.2771,-0.96512
1.99441,15.8616,-2.44822
1.99997,16.979,-2.01611
1.98908,17.3142,-0.84048
1.99832,17.742,-1.71842
1.97253,18.0169,-0.66393
1.77717,17.4201,-1.41227
1.82886,17.9755,-0.544111
2.03416,18.9132,-0.138871
2.86837,0.512101,-0.271053
2.86517,1.72665,-0.264202
2.87029,2.99598,-0.334242
2.85304,4.23778,-0.331758
2.87358,5.51262,-0.248094
2.80413,6.74385,-0.317804
2.77685,7.98272,-0.181137
2.7869,9.232,-0.229249
2.76557,10.4944,-0.231614
2.57533,11.7794,-0.200201
2.43493,13.0659,-0.301785
2.40553,14.1584,-0.793777
2.43529,14.9889,-1.6657
2.49426,16.0225,-1.55462
2.6969,16.5777,-0.765401
2.88426,17.42,-1.29039
2.97998,17.7684,-0.377041
2.80182,17.4974,-1.31161
2.82704,18.0715,-0.466012
3.02544,19.0014,-0.0772301
3.86446,0.365398,-0.289334
3.86783,1.5342,-0.282678
3.83695,2.71511,-0.276403
3.85007,3.89676,-0.262923
3.78659,5.08451,-0.271548
3.70099,6.26867,-0.394583
3.71617,7.44074,-0.196435
3.61435,8.62524,-0.161464
3.56634,9.85123,-0.165276
3.396,11.0181,-0.328199
3.21484,12.1815,-0.422767
3.14054,13.2906,-0.742152
3.14031,14.1776,-1.24844
3.2504,15.178,-1.31781
3.57408,16.0248,-0.879434
3.86231,16.9575,-1.04625
3.85234,17.2555,-0.082107
3.84851,17.3698,-1.11005
3.84931,18.0783,-0.371123
4.03587,19.0964,-0.179113
4.8646,0.242735,-0.25952
4.82823,1.39423,-0.0922727
4.79652,2.47685,-0.164595
4.80548,3.65744,-0.20672
4.75123,4.79773,-0.144496
4.6491,5.95161,-0.158254
4.66301,7.0846,-0.259389
4.59946,8.21882,-0.23278
4.54231,9.35489,-0.264443
4.32675,10.4521,-0.306461
4.12007,11.5128,-0.595557
4.04853,12.5598,-0.689358
3.98596,13.5635,-1.00983
4.18146,14.5804,-1.08809
4.53059,15.4971,-0.965667
4.79873,16.4362,-0.960546
4.87556,17.1669,-0.220072
4.877,17.5469,-1.17002
4.85513,18.1109,-0.369039
5.0089,19.0225,-0.0064272
5.8369,0.0623676,-0.0710105
5.79948,1.18022,-0.0836207
5.77974,2.26236,-0.0953368
5.7938,3.40882,-0.149767
5.7591,4.49597,-0.172768
5.64417,5.60843,-0.17983
5.63342,6.73867,-0.191144
5.50873,7.80535,-0.310157
5.42324,8.84665,-0.346074
5.23204,9.90129,-0.370681
5.04081,10.9386,-0.442766
5.01297,11.998,-0.573809
4.88938,13.0408,-0.815098
5.17866,14.0504,-0.991
5.44646,14.9988,-0.857231
5.73458,15.9744,-0.890066
5.80372,16.6798,-0.155309
5.79199,17.3488,-0.897046
5.85985,18.0396,-0.141847
6.00834,19.0545,-0.026664
6.84845,0.162114,-0.1502
6.87094,1.255,-0.21493
6.82952,2.27526,-0.161217
6.82347,3.32573,-0.111664
6.75813,4.35755,-0.110456
6.67631,5.42224,-0.164806
6.67513,6.4831,-0.245012
6.54062,7.56483,-0.366997
6.4435,8.58164,-0.268358
6.30057,9.5783,-0.349342
6.03311,10.591,-0.413364
5.9748,11.5939,-0.416044
5.87957,12.592,-0.698502
6.20141,13.5755,-0.856001
6.3911,14.5601,-0.673931
6.72414,15.5194,-0.712339
6.80034,16.4399,-0.241975
6.80922,17.3484,-0.731617
6.85335,18.0097,0.0401929
7.05051,19.0086,0.123212
7.83433,0.00575884,-0.0610279
7.84252,1.08894,-0.00759911
7.87057,2.14468,-0.0809351
7.85159,3.18782,-0.189917
7.80801,4.18961,-0.146272
7.63958,5.23728,0.0480667
7.6559,6.24545,0.00969878
7.53699,7.22799,-0.323441
7.4438,8.23954,-0.315809
7.325,9.30584,-0.258794
7.07819,10.3476,-0.285549
7.0848,11.3437,-0.4227
6.95041,12.3543,-0.557012
7.24214,13.2785,-0.795987
7.38023,14.2643,-0.768087
7.71086,15.2661,-0.762032
7.79726,16.1237,-0.207523
7.78501,17.1264,-0.328437
7.9255,18.0644,-0.0601764
8.00637,19.0309,0.404724
8.90839,-0.0686514,0.00119327
8.9156,0.966494,-0.0440229
8.87563,2.01088,-0.172057
8.86442,3.03849,-0.203299
8.83278,4.04635,-0.22776
8.64792,5.08248,-0.0571642
8.68161,6.10601,-0.182235
8.59402,7.11804,-0.307782
8.45069,8.16719,-0.299948
8.36441,9.20951,-0.243001
8.13082,10.1879,-0.291598
8.14081,11.1773,-0.594067
8.04549,12.1615,-0.504334
8.31417,13.1391,-0.728083
8.43359,14.1544,-0.635835
8.74151,15.1384,-0.617554
8.82119,16.1332,-0.317457
8.87374,17.1518,-0.320075
8.93806,18.0796,0.0346202
9.03306,19.0093,0.334693
9.93724,-0.130122,-0.185476
9.96621,0.919898,-0.0600818
9.92472,2.00615,0.0112003
9.87076,3.07872,0.0736442
9.83337,4.10781,0.0353435
9.67182,5.11881,0.0755058
9.7285,6.10872,-0.262169
9.60739,7.10994,-0.190472
9.49287,8.15513,-0.218641
9.42258,9.14877,-0.188525
9.21737,10.1365,-0.236851
9.16137,11.089,-0.432075
9.12661,12.0652,-0.613346
9.41246,13.0515,-0.694476
9.48074,14.0361,-0.53929
9.75375,15.0262,-0.402203
9.85292,16.0376,-0.247844
9.8942,17.0959,-0.424973
9.97804,18.131,-0.129829
10.0091,19.0639,0.19993
10.9709,0.00574358,-0.169457
10.9349,1.06625,-0.16845
10.9219,2.11655,-0.158592
10.8849,3.15504,-0.131098
10.8712,4.0878,0.220527
10.7295,5.06041,0.0823206
10.7641,6.05416,-0.222578
10.6866,7.07677,-0.134971
10.5675,8.07063,-0.193902
10.4886,9.12613,-0.0171789
10.2963,10.0776,-0.287915
10.2453,11.1469,-0.37655
10.2509,12.1058,-0.635475
10.5115,13.0924,-0.65493
10.5092,14.0556,-0.492288
10.7855,15.083,-0.447508
10.8833,16.0473,-0.2725
10.7978,17.0212,-0.0294717
11.0266,18.0092,-0.163555
10.9903,19.0223,0.0432844
11.9967,-0.0280404,-0.0804407
11.9331,0.96831,-0.10781
11.89,1.97233,-0.14546
11.9147,2.97768,-0.303421
11.8573,4.0191,-0.018305
11.7442,4.9995,-0.054149
11.7863,5.98099,0.141099
11.6937,6.95422,-0.146541
11.5815,8.00935,0.0146031
11.5648,9.0682,-0.106293
11.4301,10.0562,-0.277419
11.2953,11.0324,-0.49794
11.3171,12.0806,-0.521607
11.5866,13.1042,-0.525217
11.6074,14.147,-0.551317
11.8235,15.117,-0.372399
11.7794,16.0325,0.146315
11.8478,17.0694,-0.00556047
12.0351,18.0974,-0.031019
12.0391,19.0517,0.0696921
12.9612,0.0366863,0.338069
12.9106,0.971285,0.116871
12.8719,2.00199,-0.00518204
12.9146,2.9679,-0.00890225
12.8824,3.95717,-0.0602313
12.8027,5.03932,0.000845363
12.7861,6.05601,0.227454
12.7873,7.08655,0.0994171
12.6317,8.05993,0.00298166
12.5944,9.10242,-0.135908
12.5026,10.0395,-0.34228
12.4226,11.0482,-0.408664
12.4494,12.0426,-0.495593
12.6339,13.0301,-0.489422
12.6652,14.0249,-0.466802
12.8597,15.0245,-0.324418
12.776,16.0129,-0.124689
12.8749,16.9847,0.0606159
13.0673,18.0119,-0.0727927
13.0426,19.0533,-0.0362651
13.9908,-0.0173711,0.27637
13.8947,0.978234,0.125285
13.9218,1.93598,-0.0902921
13.9634,2.92694,0.00472732
13.8906,3.99712,0.00755333
13.8183,4.99604,0.0123417
13.7733,6.05137,-0.053325
13.7913,7.04728,-0.0306986
13.6962,8.04069,-0.0801172
13.7119,9.04024,-0.106928
13.5967,10.0042,-0.303616
13.4539,11.0592,-0.415415
13.5579,12.073,-0.510523
13.6696,13.0856,-0.321671
13.6871,14.0872,-0.562447
13.8481,15.0729,-0.457823
13.7718,16.0819,-0.226258
13.8971,16.9663,0.22089
14.0434,17.9562,0.283114
14.0218,18.9397,0.0696524
14.9947,-0.0103305,0.119678
14.9064,0.965603,0.0885861
14.9033,1.95115,0.119193
14.9414,2.98026,-0.0138707
14.8893,4.02413,-0.0272622
14.8052,5.03648,-0.13578
14.8468,6.0612,-0.195929
14.7931,7.06438,-0.236769
14.74,8.1219,-0.197998
14.7448,9.09651,-0.0395642
14.694,10.0204,-0.362383
14.5538,11.0056,-0.376818
14.5478,12.0229,-0.421781
14.7052,13.0634,-0.296866
14.7331,14.065,-0.449187
14.8796,15.0648,-0.31352
14.7985,16.1211,-0.182031
14.9498,17.1099,0.123811
15.0652,18.1326,0.30745
14.9691,19.1312,0.276312
16.0236,-0.139576,-0.0115329
15.9085,0.863204,-0.010242
15.9334,1.84359,0.0336833
15.9441,2.8495,-0.0349467
15.8918,3.83828,-0.116214
15.8832,4.9262,-0.196255
15.8486,5.98328,-0.254433
15.8066,7.01346,-0.101102
15.8492,7.9984,-0.267888
15.8029,9.01117,-0.310697
15.7969,10.05,-0.217115
15.6765,11.0663,-0.340217
15.6466,12.0984,-0.377398
15.783,13.0488,-0.127036
15.7757,14.0557,-0.382107
15.8523,15.0328,-0.143617
15.8628,16.0308,-0.157088
16.0303,16.9924,0.206278
16.0755,17.9637,0.326841
15.9876,19.0218,0.331465
16.9965,0.0562365,0.0388653
16.9464,1.0504,-0.0381329
16.9434,2.11006,-0.0534684
16.9107,3.09955,0.272939
16.8969,4.03702,-0.193423
16.9257,5.0353,-0.0790948
16.9599,6.03612,-0.348225
16.8421,6.98496,-0.018479
16.9202,7.98174,-0.371047
16.8727,9.02178,-0.212946
16.886,10.0572,-0.213672
16.7752,11.0595,-0.0669546
16.7119,12.0498,-0.212891
16.8483,13.033,-0.0810022
16.8398,14.0259,-0.304968
16.9194,15.0789,-0.205267
16.9488,16.0859,-0.0498978
17.0162,17.0282,0.319352
17.1044,18.0715,0.197476
17.0088,19.066,0.242015
18.0597,-0.0330088,0.077517
17.9327,0.976684,0.0990326
18.0014,1.96524,0.00730308
17.9133,2.9509,0.0646321
17.9001,3.99045,0.0397931
17.9456,5.03789,0.0865291
17.9665,5.99925,-0.073748
17.906,7.00364,-0.0702963
17.9494,7.94843,-0.305182
17.904,8.9931,-0.326463
17.9653,9.97711,-0.268245
17.8389,11.0245,-0.0135533
17.8504,12.0384,-0.155733
17.889,13.0659,0.0446272
17.8745,14.0674,-0.136222
17.9081,15.0719,-0.0855556
17.9966,16.0286,0.0669912
17.9984,17.0159,0.107093
18.1279,18.02,0.0368755
18.0038,18.9578,0.39613
19.0389,0.0123692,-0.127729
18.9518,1.02393,0.0280831
18.9801,2.01507,-0.112427
18.9499,3.00633,0.102051
18.9012,4.00143,0.283322
18.9956,4.97893,0.0436872
19.0075,5.97839,-0.150908
18.9579,6.99774,-0.209003
19.0064,8.0381,-0.208786
18.9799,9.01298,-0.507443
19.0275,9.99954,-0.272472
18.9106,10.9768,-0.0466353
18.9892,11.9786,-0.132636
18.9068,13.0355,-0.11066
18.9611,14.0221,-0.0868923
18.9444,15.0122,-0.0587939
19.03,16.0136,0.0398816
18.9867,16.9399,0.499695
19.1323,17.9439,0.317508
18.998,18.9857,0.324387
