2.8998,4.38247,0.467858
3.68603,3.79673,0.768654
2.7788,3.64718,0.362636
3.14204,4.46787,0.812769
3.61991,5.32484,0.664595
2.69603,4.94899,0.429112
3.28388,5.42949,-0.271017
3.47466,6.14842,0.43477
2.9181,6.94818,0.274126
2.96955,7.71444,0.954277
3.21367,3.59751,-0.131898
3.86421,2.92077,0.22515
3.63719,3.68855,0.946831
2.72022,3.62557,0.525678
3.07912,4.50111,0.896805
3.62465,5.34247,0.840352
3.74425,6.17051,0.281246
3.28223,6.88449,-0.224039
3.53222,7.75625,0.15414
3.68297,8.45372,0.862722
3.12701,4.60482,-0.138505
3.88109,3.90634,-0.0552355
4.09763,4.5441,0.722205
3.12033,4.52089,0.955702
3.95571,4.93962,0.710193
3.73714,5.43145,-0.189282
3.79818,6.25833,-0.753945
3.90984,6.31958,0.281903
3.50503,6.99716,0.863704
2.95792,7.81282,1.02173
3.33875,3.60921,-0.10517
4.01069,3.31734,-0.866103
4.10102,4.17971,-0.278314
3.87647,3.96617,0.662789
4.82797,4.44748,0.74857
4.69167,5.308,0.106601
3.79318,5.66023,0.0908811
3.23374,5.8788,0.904694
4.1469,6.30732,1.26566
3.50508,6.98827,0.941884
4.27003,3.22502,-0.283526
4.13575,4.19988,-0.379229
5.06125,4.0597,-0.0692831
4.24805,4.63175,0.0239967
4.72161,5.40441,0.510132
4.10909,6.10842,0.061977
4.61629,5.22817,0.426615
4.1855,5.83564,1.18056
5.15011,6.10592,1.15162
4.39882,6.81833,1.41008
4.41476,3.92997,0.380895
5.07098,4.58532,-0.0745598
4.90581,4.22208,-1.04157
5.0078,5.02677,-0.469683
5.19833,6.00001,-0.164086
4.61198,5.2532,0.265236
5.62391,5.45816,0.35432
4.63457,5.61729,0.298871
5.69274,5.68784,0.420151
4.91718,6.17472,0.770647
5.29003,4.18841,-0.00597858
4.79667,4.02281,-0.911557
4.83672,4.82985,-0.234742
5.54035,5.37969,0.28475
6.15821,6.14553,-0.0610828
5.51128,5.74851,0.563344
5.9406,6.22871,-0.199835
5.62875,5.44352,0.399973
6.41741,5.28154,-0.160695
5.72803,5.70128,0.472784
4.84653,4.25267,0.877801
5.21442,3.89355,0.0112247
5.55631,4.37439,-0.78562
6.21994,4.86879,-0.198367
5.44083,5.49268,-0.418226
6.08012,6.18189,-0.125333
5.5028,5.31119,-0.222181
6.35856,5.81249,-0.219605
5.6535,5.67649,0.458489
6.08988,6.00479,1.34099
5.21115,4.96786,0.258855
5.92677,4.32549,0.591571
5.33133,4.93968,0.0194952
5.80229,5.83291,-0.353478
6.16774,4.94608,-0.0382061
6.09395,5.60479,0.734577
6.30122,5.92847,-0.2198
6.96649,6.4416,-0.718387
6.14098,6.28935,-0.145402
6.64415,5.73623,0.508618
6.04882,4.71769,-0.273778
6.76554,4.12275,0.0965941
6.30154,4.94111,-0.272536
6.52954,5.69095,0.324442
6.95325,5.32638,-0.523585
6.21907,5.94064,-0.235163
7.07339,6.49435,-0.529017
7.02365,7.45662,-0.863021
7.10089,6.59102,-0.274126
6.19925,6.17401,-0.263942
