-0.217441,0.921155,-0.785415
0.0113224,1.52262,-0.0248543
-0.0289499,2.54183,0.155083
-0.0448439,3.53658,0.00448622
-0.232759,4.51077,-0.277779
-0.101483,5.5677,-0.310566
-0.152626,6.56832,-0.0596118
-0.17741,7.52555,-0.0555132
-0.098233,8.57106,-0.184832
-0.248521,9.42568,-0.687347
-0.16184,10.3995,-0.893887
-0.169897,11.3718,-0.557286
-0.254878,12.3275,-0.61753
-0.217698,13.3136,-0.78702
-0.189157,14.3105,-1.08971
-0.137666,15.3168,-0.861022
-0.189319,16.3338,-0.653719
-0.288217,17.2114,-0.132914
-0.146855,18.2128,0.177032
0.0582476,19.2109,0.115592
0.0364696,20.1222,-0.396741
-0.218995,21.0232,-0.00941801
-0.173348,22.001,0.134303
-0.124989,22.9513,0.386978
-0.153816,23.8102,-0.120026
-0.196637,24.7363,0.21073
-0.0782128,25.7242,0.122855
-0.00260628,26.6769,-0.127427
-0.186447,27.6668,-0.415409
-0.142204,28.6883,-0.35642
0.74676,1.18675,-0.575832
0.963091,1.89982,0.166692
0.927378,2.89743,0.40293
0.90697,3.87306,0.273943
0.770687,4.71331,-0.347151
0.926548,5.74266,-0.295157
0.845546,6.73921,-0.287283
0.845357,7.66532,-0.0464797
0.892282,8.57172,-0.537303
0.804483,9.54744,-0.691693
0.874984,10.5346,-0.782537
0.872982,11.5543,-0.61673
0.763161,12.5319,-0.803879
0.794766,13.5256,-0.714954
0.855284,14.4216,-1.1019
0.913587,15.3783,-0.710889
0.816053,16.4101,-0.697977
0.72154,17.134,-0.0167455
0.881491,18.0833,0.1137
1.09206,19.0999,-0.00596026
0.983218,20.1469,-0.0463301
0.753502,21.0741,-0.341154
0.799094,22.0641,-0.202799
0.919858,22.8606,0.33455
0.824564,23.7948,0.0370403
0.804096,24.7357,0.371191
0.913041,25.6691,0.0726463
1.06379,26.663,-0.055739
0.86382,27.5464,-0.424793
0.8751,28.5152,0.0137089
1.78309,1.25273,-0.511972
2.03123,2.08951,0.0918607
1.93587,3.11019,0.142409
1.86075,4.10413,0.0623035
1.81014,5.00617,-0.386282
1.86991,6.04364,-0.510086
1.86648,7.0109,-0.200119
1.82687,8.03195,-0.218189
1.8517,8.85677,-0.883026
1.81852,9.84175,-0.673531
1.88379,10.8516,-0.685012
1.93357,11.8078,-0.538035
1.77263,12.7347,-0.971725
1.82204,13.6272,-0.55201
1.92304,14.3529,-1.25808
1.96824,15.3226,-0.799738
1.83224,16.3634,-0.810712
1.72608,17.2158,-0.204669
1.89349,18.1367,0.170571
2.08627,19.1238,-0.0212256
2.03944,20.165,0.134623
1.73334,20.9014,-0.467763
1.80746,21.8954,-0.341838
1.87828,22.7514,0.172057
1.84734,23.7919,0.102075
1.7751,24.7618,0.270824
1.91863,25.758,0.0671926
2.07584,26.7374,-0.00909452
1.83917,27.6007,-0.453621
1.93194,28.4372,0.0609729
2.78553,1.56066,-0.503745
3.01903,2.3422,0.165703
2.89862,3.34506,0.207422
2.8417,4.23887,-0.220627
2.84898,5.25355,-0.311777
2.92094,6.2098,-0.590435
2.88892,7.17995,-0.225462
2.87679,8.19462,-0.155202
2.8578,9.06799,-0.662804
2.86729,10.0773,-0.659133
2.87844,11.0951,-0.531962
2.9805,12.0631,-0.360579
2.81874,12.7996,-1.00013
2.81646,13.7923,-0.699997
2.92697,14.4676,-1.48874
2.98496,15.3531,-0.930348
2.84346,16.2438,-0.500406
2.75499,17.1029,-0.0423109
2.96756,18.0446,0.210407
3.15682,19.0034,-0.0222663
3.00861,20.0309,-0.1043
2.70742,20.8395,-0.722864
2.85692,21.7392,-0.268496
2.86185,22.7247,-0.0257942
2.86629,23.7574,0.0691305
2.73699,24.8065,0.0416303
2.89892,25.8279,0.0398816
3.08622,26.8069,0.0158544
2.91066,27.6108,-0.536967
2.96192,28.5642,-0.079046
3.80056,1.87795,-0.506049
3.99835,2.52584,0.266256
3.95128,3.54964,0.167782
3.90989,4.42141,-0.316669
3.86617,5.40232,-0.364492
3.92275,6.42446,-0.538945
3.90358,7.39796,-0.181625
3.87324,8.38591,-0.443184
3.88915,9.38237,-0.542219
3.90022,10.3799,-0.837193
3.9749,11.2591,-0.414994
3.96003,12.2611,-0.44836
3.85451,12.8649,-1.2569
3.833,13.76,-0.819434
3.91644,14.5202,-1.49687
4.01021,15.3785,-0.997241
3.81019,16.3044,-0.695776
3.76289,17.1298,-0.0487838
4.03268,18.0496,0.1948
4.20334,19.0326,-0.0314524
4.08723,20.0048,-0.193609
3.69193,20.8884,-0.635585
3.80291,21.6695,0.0279794
3.87718,22.6636,-0.143706
3.87112,23.7348,-0.0440901
3.7375,24.7162,-0.149187
3.90558,25.7191,0.00979949
3.97652,26.6576,-0.432963
3.90021,27.6685,-0.352602
3.94271,28.5193,0.244743
4.73265,2.23388,-0.557781
5.00702,2.72006,0.275118
4.94035,3.71991,0.35266
4.90747,4.62134,-0.0558336
4.77488,5.65654,0.0272469
4.94352,6.50907,-0.483541
4.90999,7.49452,-0.252843
4.95364,8.47871,-0.624406
4.97906,9.49384,-0.545402
4.92062,10.5099,-0.594714
4.94859,11.525,-0.549571
4.96302,12.5462,-0.580218
4.92308,13.0244,-1.42101
4.87423,13.8532,-0.864006
4.96412,14.5926,-1.52002
5.02909,15.5771,-1.23879
4.83699,16.2647,-0.554158
4.74775,17.1601,-0.0805139
5.03215,18.1263,0.170034
5.15478,19.0492,-0.280941
5.09443,20.0789,-0.294336
4.74631,20.9732,-0.578372
4.78999,21.7029,0.155544
4.85384,22.734,-0.000656148
4.85808,23.7314,-0.0238014
4.78977,24.687,-0.345643
4.90911,25.6867,-0.263924
5.05095,26.6705,-0.465017
4.96378,27.7132,-0.444252
4.99134,28.449,0.306043
5.78188,2.38546,-0.557985
6.05506,2.93376,0.223212
5.93332,3.94801,0.237922
5.83406,4.99079,0.109919
5.73321,5.9833,0.210416
5.93604,6.75568,-0.366231
5.88064,7.83585,-0.448006
5.96385,8.67398,-0.956072
5.9427,9.71571,-0.928648
5.93323,10.6536,-0.561827
5.99319,11.6258,-0.77637
5.98433,12.6283,-0.80307
5.9252,13.2165,-1.63032
5.88606,14.026,-1.06506
5.88862,14.6025,-1.87415
6.03803,15.3904,-1.28045
5.86425,16.1245,-0.628312
5.73618,16.9917,-0.12457
6.02051,17.9775,0.120545
6.16808,18.8844,-0.279147
6.15271,19.8865,-0.354817
5.65928,20.7583,-0.195749
5.84147,21.6329,0.230955
5.87082,22.6406,0.125105
5.91699,23.62,-0.0913022
5.81545,24.5963,-0.234056
5.89817,25.5879,-0.0269143
5.99048,26.5865,-0.0552507
6.02615,27.54,-0.487564
5.98323,28.2453,0.221961
6.83154,2.33653,-0.267885
7.10421,3.10363,0.271862
6.97722,4.0874,0.210681
6.85785,5.04975,-0.0520737
6.70525,6.0533,-0.0350169
6.92917,7.01272,-0.322666
6.89362,7.99582,-0.685037
6.9882,8.99784,-0.847459
6.88753,9.971,-0.772744
6.87792,10.9678,-0.935398
6.94311,11.9765,-1.04581
6.96892,12.9467,-1.13456
6.85276,13.3514,-2.01918
6.93891,13.9604,-1.16398
6.95385,14.6664,-1.90404
7.04949,15.5044,-1.37839
6.91962,15.8855,-0.487939
6.78161,16.8297,-0.256697
7.06337,17.7405,0.158794
7.18393,18.7765,-0.0822565
7.18367,19.8055,-0.281796
6.61384,20.5619,0.0190619
6.80763,21.5282,0.145454
6.91574,22.5635,0.163411
6.9533,23.5895,0.100946
6.82733,24.5803,-0.134269
6.94001,25.5939,-0.241786
7.05548,26.5777,0.0225776
6.99282,27.5109,-0.385296
7.07086,28.3235,0.129157
7.74668,2.5547,0.0696554
8.03034,3.45514,0.434635
7.99287,4.32004,-0.042909
7.84772,5.27981,0.00322886
7.70457,6.24933,-0.0681265
7.93373,7.1875,-0.438655
7.92269,8.20638,-0.671886
7.96055,9.25082,-0.626597
7.89479,10.2526,-0.841688
7.90105,11.2393,-0.999643
8.011,12.2364,-1.18391
7.92628,13.2498,-1.16994
7.87362,13.6333,-2.09839
7.96103,14.2016,-1.27251
7.8951,14.8949,-2.00684
8.11657,15.3513,-1.17089
7.95705,16.0763,-0.4502
7.76877,17.0286,-0.346104
8.00958,17.8886,0.0392773
8.13844,18.8156,-0.49924
8.1814,19.828,-0.490347
7.67343,20.5714,-0.0637257
7.79283,21.466,0.325398
7.96569,22.4016,0.0822199
7.92875,23.3898,0.169005
7.83136,24.377,0.0726249
7.93476,25.3305,-0.173794
7.94651,26.3015,-0.354558
8.0013,27.3365,-0.288885
8.0456,28.3148,-0.0877865
8.7522,2.72993,0.0286172
9.01079,3.65177,0.375289
9.00884,4.50688,-0.105231
8.88687,5.5038,-0.121958
8.70176,6.4615,-0.352074
8.96335,7.42545,-0.36187
8.9342,8.40958,-0.831666
9.00604,9.42522,-0.790823
8.92139,10.4331,-0.714515
8.95642,11.4502,-0.914231
8.98044,12.517,-0.974142
8.94669,13.5592,-1.02046
8.91927,13.7203,-2.06323
8.89886,14.4646,-1.45177
8.83605,14.6934,-2.38281
9.05084,15.3028,-1.58263
8.80533,16.1299,-1.03165
8.77004,17.0951,-0.618812
9.04863,17.7288,0.109024
9.05195,18.7567,0.0245613
9.23737,19.6958,-0.311411
8.72805,20.5938,-0.138691
8.81553,21.5245,0.181448
8.98209,22.4868,0.139827
8.93561,23.4633,0.450197
8.8441,24.4171,0.026899
8.95924,25.3359,-0.245189
8.93557,26.331,-0.303296
9.0429,27.3512,-0.272982
9.12564,28.3458,-0.293054
9.76915,2.75641,0.0803034
9.99985,3.747,0.185589
10.0346,4.76222,-0.0300851
9.92756,5.68419,-0.412571
9.66506,6.67833,-0.475521
9.93222,7.65296,-0.461193
9.95687,8.65996,-0.713553
10.0047,9.64815,-0.766295
9.93844,10.6709,-0.674868
9.95624,11.5678,-1.07625
9.98608,12.6375,-0.918555
9.98226,13.6317,-1.15488
9.98594,13.6528,-2.1621
9.89482,14.4489,-1.56867
9.88536,14.8223,-2.52623
10.0608,15.3808,-1.68893
9.88309,16.2427,-1.23689
9.83786,17.0507,-0.640873
10.1081,17.7291,0.00457167
10.0956,18.735,0.0438765
10.2185,19.6642,-0.341899
9.74797,20.5732,-0.182678
9.89936,21.4643,0.22316
10.0216,22.5078,0.357225
9.93529,23.47,0.145149
9.878,24.407,-0.169723
10.0038,25.4137,-0.0734947
9.97528,26.3606,-0.340596
10.0705,27.3819,-0.213349
10.1453,28.3785,-0.443318
10.7957,2.89999,0.24998
10.9884,3.88206,-0.109
11.0553,4.8512,0.029899
10.9591,5.77375,-0.331825
10.7813,6.76241,-0.50542
10.8995,7.8114,-0.554851
11.0024,8.79201,-0.613712
11.0109,9.78163,-0.756865
10.9141,10.7744,-0.96444
10.9332,11.7798,-0.915595
10.9532,12.7683,-1.10909
10.9745,13.7598,-1.2771
11.0018,13.8086,-2.2393
10.9896,14.553,-1.62933
10.8634,14.7599,-2.60377
11.0683,15.2892,-1.76462
10.8667,16.0907,-1.13387
10.8564,17.0561,-0.850874
11.1014,17.76,-0.174004
11.1056,18.755,-0.16324
11.2752,19.7354,-0.106446
10.7786,20.6119,-0.0380108
10.8678,21.4914,0.476724
11.0861,22.5237,0.405893
10.8768,23.5267,0.459706
10.8431,24.5033,0.264391
11.0519,25.4359,0.0304056
11.0004,26.3092,-0.419517
11.1272,27.3479,-0.211304
11.1337,28.3537,-0.283853
11.8127,2.93325,0.274084
11.9827,3.89803,0.114637
12.1151,4.84916,0.118574
11.9685,5.88485,-0.175109
11.8048,6.85486,-0.189328
11.9311,7.8268,-0.435945
12.0202,8.82039,-0.686508
12.0795,9.79354,-0.815842
11.9893,10.7668,-1.02261
11.9539,11.7626,-1.04454
11.9997,12.8046,-1.16033
11.9913,13.8424,-1.18088
12.0336,13.998,-2.20361
11.9937,14.6881,-1.47477
11.8852,14.6034,-2.44968
12.1118,15.2885,-1.75058
11.9442,16.1222,-1.13813
11.8398,17.0566,-0.811966
12.1057,17.892,-0.204767
12.0626,18.8191,0.185998
12.3006,19.7118,-0.174657
11.7972,20.5828,-0.160189
11.889,21.4761,0.319666
12.0864,22.4709,0.280651
11.9369,23.426,0.378228
11.8801,24.4188,0.1867
12.0616,25.4114,-0.144172
12.0232,26.3206,-0.528681
12.1605,27.2525,-0.120713
12.0838,28.2135,-0.501672
12.91,2.94648,0.306449
13.0284,3.93245,0.147536
13.1358,4.93184,-0.00795618
12.9605,5.87172,-0.446077
12.8326,6.9095,-0.423228
13.0233,7.90791,-0.51149
13.0006,8.86213,-0.480139
13.0629,9.87771,-0.455004
13.0021,10.7944,-0.866076
12.9744,11.7533,-1.0583
13.0369,12.7544,-1.03748
13.1132,13.7555,-1.20504
13.0963,13.8566,-2.22736
13.0351,14.5975,-1.49188
12.8925,14.5574,-2.50298
13.164,15.1471,-1.75309
12.9764,15.9861,-1.15753
12.8539,16.8572,-0.706793
13.1012,17.7967,-0.470125
13.0324,18.7606,-0.0697684
13.2617,19.6763,-0.484033
12.8337,20.4474,-0.022837
12.9214,21.3675,0.357726
13.0557,22.3275,0.0996887
12.967,23.3625,0.290698
12.9026,24.4135,0.352608
13.0422,25.3286,-0.0746788
13.0631,26.2677,-0.534629
13.1968,27.2143,-0.184185
13.0766,28.0663,-0.787353
13.9947,3.16776,0.353609
13.9398,4.15569,0.475137
14.172,4.96775,-0.113498
14.0093,5.9285,-0.345396
13.8306,6.95905,-0.36466
14.0743,7.89967,-0.380267
13.9828,8.92301,-0.513816
14.0712,9.88979,-0.686224
14.0152,10.874,-0.95041
14.0337,11.8507,-1.12183
14.0789,12.8692,-0.994357
14.1339,13.8299,-1.34892
14.0767,13.7052,-2.34012
13.994,14.4117,-1.67903
13.919,14.8232,-2.57563
14.1894,15.1217,-1.65454
13.9742,16.0194,-1.19224
13.9256,16.8534,-0.656517
14.127,17.8532,-0.661647
14.0234,18.8465,-0.478646
14.1483,19.689,-0.0146458
13.8824,20.6402,-0.011948
13.9358,21.5217,0.403375
14.0946,22.5066,0.15862
14.0173,23.4913,0.248296
13.8955,24.5146,0.165087
14.0549,25.5327,0.19064
14.0654,26.2349,-0.525846
14.2064,27.2007,-0.323841
14.1435,28.0925,-0.768255
14.9831,3.231,0.460576
14.9801,4.21957,0.438353
15.184,4.93805,-0.205042
15.1081,5.95213,-0.415009
14.867,6.93368,-0.400348
15.1035,7.90095,-0.487463
15.0002,8.87013,-0.542872
15.1407,9.86991,-0.707752
14.9946,10.8939,-0.755187
15.0116,11.708,-1.33847
15.0197,12.71,-1.3174
15.1876,13.7348,-1.3529
15.0951,13.7889,-2.34935
15.0331,14.521,-1.65361
14.9136,14.9833,-2.54387
15.2376,15.2847,-1.63323
14.9565,16.2375,-1.46945
14.9109,16.891,-0.729313
15.0987,17.808,-0.332511
15.0786,18.83,-0.545619
15.1713,19.7914,-0.183453
14.8341,20.6378,0.315616
14.954,21.6177,0.348366
15.0904,22.5805,0.117148
15.0303,23.5667,0.259935
14.905,24.5335,0.358342
15.0611,25.5004,0.217859
15.0927,26.3473,-0.388421
14.9696,27.1442,-0.98363
15.219,28.1065,-0.770617
15.914,3.02851,0.178341
16.0162,4.03807,0.315192
16.1447,4.95688,-0.00936308
16.0759,5.9991,-0.155895
15.885,6.96291,-0.327036
16.1573,7.92175,-0.487652
16.0379,8.87243,-0.71066
16.1456,9.87502,-0.626203
16.0294,10.8376,-0.92046
16.0531,11.7058,-1.48377
16.0221,12.7122,-1.34814
16.2191,13.7048,-1.3626
16.1498,13.7673,-2.34658
16.0184,14.5725,-1.66626
15.9174,14.782,-2.65149
16.2194,15.3743,-1.88435
15.9854,16.2481,-1.46722
15.9374,17.0049,-0.800073
16.0854,17.9029,-0.356587
16.1027,18.9008,-0.246132
16.172,19.8855,-0.0422468
15.8626,20.7019,0.41883
15.9482,21.6905,0.500137
16.089,22.6559,0.227876
15.9778,23.6058,0.48847
15.9451,24.602,0.608036
16.0847,25.4744,0.203226
16.102,26.4225,-0.128898
15.9283,27.2765,-0.625205
16.2584,28.1966,-0.812195
16.9251,2.95619,0.26386
17.0552,3.93415,0.147581
17.138,4.9346,0.0191168
17.0865,5.89567,-0.262758
16.9492,6.89783,-0.353615
17.1925,7.96893,-0.381362
17.0964,8.89777,-0.770382
17.1204,9.89068,-0.896307
17.0412,10.9169,-0.895425
17.1288,11.8098,-1.32057
17.0487,12.8012,-1.23774
17.2791,13.7673,-1.46205
17.1793,13.7901,-2.45636
17.1149,14.5301,-1.79302
16.9872,14.7136,-2.82129
17.2211,15.1934,-1.95568
16.9657,15.9387,-1.25974
16.9727,16.9187,-0.983859
17.13,17.7487,-0.368532
17.102,18.7531,-0.322724
17.2421,19.7826,-0.0715262
16.9002,20.6306,0.331541
16.9531,21.6202,0.549226
17.1018,22.5947,0.435682
17.0317,23.599,0.482617
17.0007,24.5616,0.726679
17.0342,25.5703,0.466103
17.0523,26.5577,0.233219
16.9342,27.3502,-0.375069
17.2523,28.206,-0.84539
17.9329,2.94725,0.285217
18.0238,3.91934,0.225864
18.1373,4.90812,0.131513
18.0733,5.90386,-0.14449
17.9575,6.88358,-0.497256
18.2535,7.81938,-0.3266
18.1279,8.76915,-0.568029
18.14,9.75594,-0.897027
18.0344,10.7486,-1.18025
18.1332,11.7256,-1.14947
18.1028,12.7071,-1.34042
18.2831,13.7251,-1.59649
18.2164,13.8546,-2.55363
18.1241,14.6018,-1.85288
18.0458,14.7078,-2.83836
18.2203,15.3602,-2.04382
17.9608,16.0708,-1.36651
18.0056,17.0554,-1.12115
18.1306,17.6708,-0.368416
18.1013,18.6938,-0.437129
18.2632,19.7176,-0.260268
17.9305,20.4819,0.267342
17.9627,21.4543,0.583526
18.0744,22.4199,0.38478
18.0609,23.4656,0.409848
18.0009,24.4889,0.480132
18.0378,25.4417,0.231159
18.0683,26.403,-0.00823084
17.9617,27.3667,-0.262813
18.1392,28.3736,-0.377969
18.9368,2.66019,0.20643
19.0159,3.70252,0.286734
19.1881,4.73609,0.199442
19.1209,5.71511,-0.0716819
19.0011,6.61845,-0.399225
19.2762,7.5648,-0.370284
19.1687,8.63584,-0.527808
19.1447,9.59489,-0.906897
19.0495,10.5883,-1.12561
19.1188,11.6322,-1.29632
19.1647,12.6746,-1.40197
19.2608,13.7183,-1.46357
19.256,13.7952,-2.53198
19.1504,14.6599,-1.92728
19.0268,14.8979,-2.90457
19.2483,15.515,-2.12591
18.996,16.1704,-1.34112
19.0565,17.162,-1.22727
19.1553,17.6237,-0.2802
19.1164,18.679,-0.310782
19.3212,19.6631,-0.046852
18.9334,20.5218,0.245863
18.9247,21.5082,0.585446
19.0829,22.564,0.604361
19.0612,23.5993,0.579589
19.001,24.5881,0.400156
19.0547,25.522,0.0464187
19.0949,26.5241,0.218494
18.9431,27.4066,-0.252913
19.1714,28.3752,-0.14207
19.9347,2.59328,0.60361
20.081,3.55751,0.22559
20.1736,4.57492,0.0962828
20.1173,5.45273,-0.429398
20.0004,6.44859,-0.321717
20.2676,7.42923,-0.297058
20.1686,8.37475,-0.548424
20.0803,9.37131,-0.724625
20.1289,10.3243,-1.10012
20.1248,11.3787,-1.16941
20.1223,12.3575,-1.39583
20.2655,13.3641,-1.4422
20.2845,13.7686,-2.36517
20.1709,14.4914,-1.68447
20.0363,14.831,-2.61587
20.2711,15.6985,-2.13141
19.9777,16.0521,-1.22641
19.9681,16.9469,-0.774895
20.1713,17.7897,-0.22129
20.1497,18.749,-0.0569597
20.234,19.6508,0.418311
19.9338,20.5476,0.104895
19.9688,21.5458,0.369198
20.048,22.5236,0.272918
20.0218,23.5355,0.200137
20.0202,24.5025,0.152046
20.0351,25.4791,-0.0498093
20.0956,26.4908,0.302551
19.9783,27.4099,-0.165444
20.192,28.3776,-0.385763
20.9787,2.47177,0.724085
21.0361,3.44494,0.609784
21.2609,4.2928,0.141395
21.0891,5.22222,-0.214386
21.0599,6.22943,-0.314954
21.2867,7.23932,-0.298489
21.234,8.24363,-0.344456
21.0641,9.14631,-0.725565
21.1527,10.0911,-1.08178
21.1289,11.0983,-1.17449
21.0859,12.1076,-1.11144
21.1906,12.9766,-1.55731
21.2862,13.7092,-2.2267
21.1269,14.2298,-1.367
20.9806,14.692,-2.23168
21.2802,15.6708,-2.15952
20.9274,16.2976,-1.44339
21.0165,17.057,-0.789035
21.2109,18.003,-0.439802
21.1466,19.0026,-0.168612
21.2529,19.8,0.414783
20.8771,20.7177,0.379275
20.9509,21.6848,0.169884
21.0827,22.647,0.398288
21.0451,23.6257,0.245552
20.9894,24.5353,-0.135405
21.0455,25.5254,-0.0735282
21.1029,26.5602,0.100983
21.0127,27.5349,-0.0409803
21.1355,28.5567,-0.101807
21.9902,2.48163,0.638307
22.0226,3.47402,0.676403
22.241,4.07838,-0.105393
22.1125,5.08328,-0.00321665
22.0762,5.98989,-0.500473
22.2595,6.93737,-0.227906
22.2262,7.91966,-0.258577
22.0472,8.84635,-0.818229
22.1523,9.85112,-0.980697
22.1598,10.8763,-0.996838
22.1282,11.8974,-1.01288
22.1021,12.5463,-1.79657
22.2571,13.4417,-2.19777
22.1448,14.1078,-1.44504
21.9809,14.6005,-2.2926
22.229,15.4133,-1.79928
21.9652,16.3441,-1.49658
22.009,17.2105,-0.97055
22.1828,18.1348,-0.648671
22.1951,18.8966,0.0367565
22.2623,19.7208,0.645155
22.0025,20.6919,0.441575
21.854,21.6581,0.625547
22.1272,22.6172,0.57036
22.1131,23.5138,0.0697867
22.0428,24.5276,-0.0954711
22.0243,25.5093,0.259346
22.1427,26.5257,0.281481
22.0778,27.4996,0.00897244
22.1624,28.5123,0.106598
22.9483,2.18206,0.879846
22.9607,3.12836,0.533958
23.23,3.75123,-0.230097
23.077,4.71918,-0.235539
23.121,5.69851,-0.393646
23.2388,6.66511,-0.294888
23.1889,7.6837,-0.380947
23.0383,8.6923,-0.64109
23.0777,9.50523,-1.3034
23.1162,10.525,-1.07827
23.1201,11.5184,-0.911411
23.0322,12.4387,-1.41144
23.2238,13.1551,-2.09723
23.1271,13.7633,-1.2684
22.9523,14.43,-2.0572
23.2535,15.3678,-1.77702
23.0529,16.2916,-1.46302
22.991,17.2281,-1.09222
23.1654,18.1866,-0.761113
23.1369,19.0239,-0.170025
23.2477,19.7158,0.54077
22.9777,20.6718,0.601096
22.9084,21.6986,0.626466
23.1615,22.6422,0.364995
23.1215,23.6313,0.0535997
23.0529,24.6246,-0.147984
23.0382,25.6221,0.0184759
23.1393,26.6484,-0.0649403
23.0923,27.6508,0.203363
23.2062,28.6187,0.395846
23.9166,1.92522,0.958934
23.9274,2.89226,0.532371
24.2537,3.50365,-0.166027
24.107,4.49201,-0.403604
24.1108,5.50568,-0.310245
24.2375,6.50981,-0.0979705
24.2161,7.53643,-0.267977
24.061,8.53621,-0.328602
24.071,9.2884,-0.987143
24.1602,10.2984,-0.822507
24.1166,11.2953,-0.85887
24.047,12.2686,-1.12703
24.1938,12.9236,-1.91927
24.1268,13.6151,-1.17563
23.9169,14.4398,-1.71223
24.1974,15.3531,-1.31482
24.0318,16.3374,-1.21585
24.0339,17.2638,-0.84865
24.1517,18.2922,-0.890933
24.1773,19.0421,-0.206647
24.2585,19.9433,0.238636
23.9899,20.7914,0.833985
23.9235,21.6955,0.348436
24.1699,22.6337,0.235496
24.1886,23.5957,0.0105625
24.1272,24.5906,-0.150151
24.0337,25.5779,-0.196561
24.1862,26.5947,-0.21218
24.0218,27.345,0.474123
24.1643,28.3764,0.531092
24.9373,1.66874,0.925568
24.8376,2.5099,0.311582
25.2685,3.39962,-0.114606
25.1097,4.37596,-0.286837
25.1136,5.34933,-0.214493
25.2398,6.36057,0.109165
25.2191,7.25473,-0.368313
25.0612,8.22362,-0.527088
25.0819,9.16213,-0.818735
25.1776,10.1391,-0.771111
25.1855,11.1358,-0.864953
25.1009,12.1952,-1.0076
25.1918,12.7745,-1.86156
25.1071,13.3313,-1.01413
24.9398,14.2549,-1.41592
25.1938,15.2307,-1.26573
24.9753,16.2116,-0.999002
25.0099,17.134,-0.613587
25.1414,18.1465,-0.575918
25.1519,18.993,-0.088992
25.2956,19.9526,0.122202
24.9822,20.7252,0.658434
24.9372,21.6867,0.405417
25.2004,22.5689,-0.0808313
25.173,23.6043,0.0235572
25.1565,24.6168,-0.0909116
25.069,25.6244,-0.262554
25.2331,26.6042,-0.374545
24.9995,27.3394,0.270348
25.2555,28.228,0.607367
25.9453,1.6645,0.921976
25.911,2.46729,0.34326
26.2313,3.21657,-0.162206
26.1369,4.19481,-0.237541
26.1394,5.201,-0.213272
26.2318,6.10122,0.264638
26.1914,7.03956,-0.169613
26.0967,8.00861,-0.517533
26.0629,8.88535,-0.941093
26.181,9.81819,-0.663372
26.1166,10.8609,-0.640275
26.0841,11.8408,-0.857701
26.1882,12.6083,-1.53552
26.1568,13.3418,-0.827232
25.9202,14.2905,-1.0886
26.2399,15.2803,-1.24814
26.0186,16.2681,-1.01331
26.0162,17.0377,-0.335688
26.158,18.0189,-0.556514
26.1657,19.0082,-0.198462
26.3301,19.9426,0.162777
25.9441,20.8007,0.46711
25.9714,21.7947,0.0875637
26.1505,22.7713,0.156502
26.1543,23.7326,0.417551
26.1488,24.7182,0.170043
26.1377,25.6876,-0.0784906
26.2523,26.6196,-0.481832
26.0031,27.2956,0.31139
26.2562,28.293,0.527601
26.9705,1.57596,0.791928
26.9384,2.55588,0.494159
27.1954,2.88205,-0.435841
27.0998,3.89208,-0.335286
27.139,4.84895,-0.0448988
27.1772,5.84976,-0.0859096
27.1754,6.84852,-0.0358257
27.1274,7.83463,-0.371328
27.0703,8.7905,-0.697446
27.2066,9.77041,-0.689727
27.1202,10.7511,-0.429948
27.0446,11.7253,-0.570574
27.1257,12.5988,-1.03305
27.1553,13.4481,-0.508921
26.9942,14.3374,-0.916651
27.2175,15.3355,-0.853835
26.9846,16.2792,-0.589242
27.03,17.1572,-0.0715934
27.1558,17.9719,-0.730726
27.1191,18.9862,-0.511512
27.2059,19.96,-0.327436
26.9162,20.7735,0.208676
27.0059,21.7745,0.0766594
27.182,22.7814,0.270727
27.1275,23.7679,0.148799
27.0609,24.6942,-0.264428
27.1374,25.6994,-0.269326
27.2271,26.6966,-0.503861
27.0184,27.491,0.0386273
27.2976,28.3111,0.516556
27.9782,1.39049,0.880029
27.9345,2.20354,0.278863
28.1419,2.58943,-0.655046
28.1207,3.62782,-0.364745
28.1178,4.49197,0.132942
28.188,5.49527,0.0308542
28.2152,6.54089,-0.0756462
28.1098,7.53884,-0.242213
28.0576,8.47775,-0.454686
28.1659,9.47517,-0.464028
28.1488,10.484,-0.48131
28.0188,11.4486,-0.343696
28.1313,12.2655,-0.920396
28.1327,13.2411,-0.817154
28.0305,14.2104,-0.986105
28.1613,15.1389,-0.48197
27.9402,16.0965,-0.260347
28.0656,17.117,-0.103113
28.1407,17.9055,-0.794983
28.1849,18.913,-0.513901
28.2678,19.8548,-0.235463
28.0143,20.7936,-0.0222541
27.9892,21.8481,0.115268
28.187,22.847,0.226014
28.1145,23.7668,-0.0384716
28.0411,24.7428,-0.183773
28.1307,25.7046,-0.492267
28.1915,26.699,-0.248839
28.0416,27.6801,0.077224
28.2968,28.5763,0.436299
29.0701,1.40564,0.9858
28.9426,2.02735,0.21579
29.1721,2.49106,-0.661382
29.1141,3.44991,-0.258092
29.1543,4.34122,0.240355
29.1802,5.40411,0.341179
29.182,6.31421,-0.0315622
29.1171,7.36258,0.0448988
29.0767,8.24132,-0.446529
29.1987,9.21833,-0.419898
29.0832,10.2215,-0.251823
28.9739,11.171,-0.472054
29.1667,12.1486,-0.686651
29.1744,13.1426,-0.898727
28.9963,14.1402,-0.749806
29.1506,15.0767,-0.54247
29.0274,16.0904,-0.451421
29.0994,17.091,-0.368145
29.1394,18.0368,-0.711362
29.1748,19.0529,-0.559932
29.2636,20.0113,-0.445891
29.0501,20.7758,0.179543
29.0106,21.7995,0.2597
29.2394,22.7887,0.135945
29.1538,23.7789,-0.114573
29.0894,24.7854,-0.0876247
29.07,25.8276,-0.153084
29.257,26.7986,-0.201999
29.115,27.7704,-0.0194555
29.3159,28.7184,0.352977
