3.64571,3.44653,0.193014
2.96877,3.79376,0.910263
3.71847,3.74755,1.56185
4.21489,4.27336,0.866625
4.22777,5.02599,0.232102
3.71868,5.72426,-0.275546
2.87668,5.79227,0.264992
2.21354,6.51631,0.279263
3.11683,7.07148,0.230241
3.03009,7.23967,1.23558
3.44607,4.4199,-0.197922
3.89516,3.94302,0.576006
3.64733,3.02806,0.905768
3.28729,3.91787,0.686142
3.21846,4.84134,0.369182
3.03944,5.82676,0.445128
3.64745,6.43183,-0.0723533
3.02829,7.10295,0.358074
3.55148,7.74088,0.884271
3.38621,7.89352,1.89441
3.45908,3.47804,-0.45023
3.24225,4.34631,-0.0404096
3.76414,3.49665,0.0198523
4.21198,4.26253,0.441108
4.09807,5.26259,0.611713
3.72217,5.55636,-0.263448
3.62731,5.75966,0.707364
3.07764,6.2015,-0.0677389
3.60091,6.82633,0.504407
3.93572,7.55879,1.12637
4.19598,3.80938,-1.04788
3.34565,4.39619,-1.0299
4.24552,4.12138,-0.588516
3.99397,3.34339,0.0489608
4.08778,4.29494,0.38648
3.66425,5.17319,0.673641
4.17745,5.58425,-0.113977
3.31953,5.31452,0.348503
3.92052,6.06102,-0.00505387
3.70711,7.01494,0.288659
3.28856,4.16051,-0.848885
4.28564,4.28021,-0.702652
5.09048,4.56582,-0.149776
4.14274,4.33755,0.122385
4.85207,4.93114,0.511838
4.46853,5.71792,0.96397
5.03197,5.19423,0.2781
4.22199,5.62983,0.692782
4.90184,6.02961,0.0474593
4.40263,6.47282,0.776501
4.30546,4.24739,-0.629151
5.12502,4.55328,-0.195376
5.28134,3.57006,-0.172939
5.14484,4.4818,0.181252
5.80528,5.17501,0.413181
4.95991,5.57759,0.0573077
5.9275,5.63783,0.403854
4.99574,6.0302,0.258467
4.46414,6.86418,0.417908
5.05495,6.13687,0.0655934
4.0093,4.53365,0.345274
4.50732,3.71148,-0.0945433
5.12481,4.42172,0.299884
6.01722,4.87723,0.514948
6.61048,5.67231,0.657653
5.66612,5.27948,0.751897
5.06921,6.15745,0.612638
6.02266,5.80059,0.377984
5.05972,6.07921,0.585522
5.87734,6.63185,0.417023
4.28636,3.58956,0.319187
5.1572,3.95966,0.593869
6.06475,4.08597,0.227891
5.61407,4.75833,-0.362691
6.43488,5.36164,-0.275649
6.08197,6.11367,0.370803
5.39822,5.94714,-0.349834
6.36947,6.34767,-0.398019
6.05145,5.87297,0.467315
6.82206,6.52616,0.628175
5.0263,4.11177,0.656072
5.90187,4.58434,0.432728
5.72281,4.68226,-0.551885
5.85711,5.66753,-0.79921
6.38435,6.40482,-0.273504
5.5638,5.85388,-0.470867
6.24917,6.59638,-0.338679
7.13423,6.98278,-0.118531
6.65264,6.60918,0.735469
7.00602,7.54284,0.745381
5.77892,3.543,0.322434
6.64521,4.00218,0.0730644
6.68039,4.89034,-0.41113
5.74329,4.69554,-0.557091
6.41227,5.43882,-0.511151
6.30418,6.4798,-0.719547
6.34697,7.49218,-0.756072
7.07332,6.96565,-1.1409
6.64183,6.80627,-0.256334
7.57288,7.08426,0.0795343
