2.18681,3.00121,1.53245
2.49499,3.64532,0.843074
1.98178,4.45265,0.710358
2.34297,5.31064,1.06705
1.77031,5.74493,0.287967
1.49555,6.41118,-0.455525
1.35155,5.71156,0.292611
1.59144,6.55688,0.735429
1.40904,7.29526,-0.00993377
2.27428,6.80412,0.129109
2.80295,3.53686,0.911179
2.68107,2.66722,0.489611
2.28246,3.58971,0.249821
2.72355,4.47588,0.592489
2.50774,5.15828,-0.156969
2.39102,6.13302,-0.0884732
1.66459,6.7452,0.225364
2.57045,6.57841,0.688546
1.72598,7.07678,0.948177
2.33643,6.25256,0.9584
2.74986,3.81072,-0.0351817
3.46048,3.08353,-0.00850551
3.19536,3.96869,0.456407
3.04458,4.44982,-0.40632
3.46475,5.06657,0.293542
2.73388,5.64441,0.713715
1.80091,6.01024,0.887838
2.53053,5.64954,0.343522
2.30191,6.28466,1.11346
3.27609,6.62143,1.1015
3.6513,3.39017,0.0784143
4.34422,2.57734,-0.087167
4.04335,3.53048,0.173266
3.77336,4.52867,0.261827
3.31718,4.53932,-0.595871
3.45908,5.42701,-0.0426283
2.59289,5.52789,0.533595
3.46601,5.38635,0.0272042
3.16619,6.11048,0.653859
3.66001,6.87354,0.189337
4.33605,2.62741,0.0441908
4.80729,2.00281,0.61474
4.00137,2.51891,0.263424
3.78152,3.50883,0.11041
3.68664,3.6663,-0.878893
3.48499,4.4568,-0.262545
3.49975,5.37996,0.191937
4.26982,5.98717,-0.0683523
3.96163,6.74306,0.507501
3.09117,6.81046,1.00576
4.67859,2.59446,-0.903092
5.3123,2.42061,-0.150975
4.67505,3.19558,-0.0324137
4.59162,4.11208,0.342653
4.25567,4.39924,-0.541911
4.1458,5.10114,0.180013
4.19322,6.09609,0.262658
4.8959,6.7915,0.0457839
4.71787,6.04245,0.713547
3.94692,6.66698,0.433888
5.0969,1.8676,-0.327995
5.51424,1.74045,0.550121
4.93361,2.21141,-0.0949248
4.86312,3.16638,0.108545
5.15986,4.05586,-0.277935
5.16854,4.98105,0.12794
5.22267,5.9893,-0.0491623
5.4178,6.5419,-0.853499
4.6254,6.29201,-0.286343
4.79392,7.16362,0.206717
6.0849,1.88261,-0.344591
6.17653,2.49486,0.460897
5.32218,3.00472,0.475582
5.47507,3.93952,0.180819
5.62125,4.92566,0.00579546
5.42837,5.91137,0.103174
6.15532,6.40865,-0.323597
5.27092,6.04576,-0.00834071
5.38968,6.3138,-0.970641
5.66028,6.69474,-0.0899136
6.17409,2.84281,-0.0931608
6.42376,3.4896,0.647975
5.66205,3.8603,0.118912
5.70065,4.69532,-0.447041
5.64563,5.6866,-0.674822
6.28516,6.326,-0.25764
6.38716,7.02578,-1.0621
5.99445,6.13963,-0.715317
5.99952,7.11624,-0.862969
5.98369,7.68282,-0.0161718
5.78178,1.90635,-0.348051
6.08553,2.59998,0.333647
5.36993,3.08962,0.749113
5.3897,3.82677,0.0573931
5.68524,4.70484,-0.230647
6.39622,5.35969,-0.0412519
6.48317,6.28589,-0.363347
6.6854,5.45281,-0.997403
5.91901,6.12395,-0.886697
6.04735,7.18133,-0.924598
