11.1138,-4.33743,1.3681
-8.239,-16.1357,-5.60308
-4.42994,-3.64674,-2.89866
18.1865,-1.18515,4.96966
13.7089,-3.33944,-17.762
-9.91141,-9.0921,-5.20526
3.47926,5.59857,6.19801
9.07746,10.1812,-2.45746
0.542436,9.07693,0.233638
-3.75616,9.23288,-1.02621
4.39009,-6.12023,-1.80407
-1.72015,-9.84794,-3.89711
2.5488,-4.93529,-2.46951
10.4683,-2.80449,-1.20981
7.78592,-3.2036,-8.92123
-0.788742,-4.21079,-5.09655
1.5641,1.64439,-0.0261361
3.22795,7.06354,-1.0465
-2.25669,8.42007,-1.09505
-7.81944,9.28747,-2.51006
2.85531,-2.31957,-4.84454
0.683627,-4.85958,-4.60813
3.3725,-3.04736,-3.64664
6.58536,-2.36224,-2.80872
4.8261,-1.91264,-5.17539
1.37208,-0.709714,-3.14247
0.443681,2.86682,-0.774795
-0.317689,6.51496,0.777853
-3.30254,8.96077,2.21978
-6.79634,10.7926,2.62984
2.11323,2.12655,-7.65942
1.7279,-0.191162,-5.9013
3.20224,-0.164714,-4.12031
4.58065,-0.31525,-2.6852
3.09914,0.267629,-2.5431
1.10704,1.91909,-0.682769
-0.289349,4.53815,1.54626
-1.82834,7.34415,3.65861
-3.9681,10.0335,5.87318
-6.73674,12.8734,7.7427
1.54039,6.82911,-10.6018
2.38094,4.23424,-7.0102
3.13492,2.72952,-4.26882
3.30334,1.86133,-1.91483
2.08653,2.04555,-0.256655
0.734236,3.62002,1.60859
-0.506772,5.77487,3.86466
-1.73032,8.03936,6.57269
-3.1907,10.3624,9.69959
-8.01583,15.9944,12.8341
0.649315,11.6868,-14.7873
3.48746,8.0511,-6.06569
3.63754,4.80032,-2.23121
2.63274,3.23739,0.150905
1.35776,2.9641,1.94471
0.779836,4.14553,3.57249
0.624699,5.39731,5.19456
0.680895,6.53406,6.90864
2.19468,4.99437,7.69472
7.13135,-0.805429,5.15429
6.61882,18.694,-0.301819
6.75202,5.8025,2.4949
4.42946,2.50528,1.77135
1.76166,2.35474,2.95348
0.0966796,3.06069,4.29559
0.371828,4.38703,5.49456
1.58821,5.47061,6.48485
2.87597,6.26319,7.93307
5.1839,6.38937,9.60154
7.2523,6.5094,13.9659
12.1605,-17.2646,17.8432
8.81247,-6.17409,9.01809
4.30932,-1.59235,4.52029
-0.166744,1.11771,5.2988
-1.88161,3.09016,6.48166
-0.886715,4.58868,7.103
0.877981,5.66123,7.11474
3.06379,6.41058,6.57745
5.32532,7.45608,5.49131
6.73661,9.19995,1.41171
-3.00213,-13.094,-3.27024
6.73734,-8.75817,2.27302
0.87532,0.774041,-0.640748
-4.80811,2.85098,6.65677
-4.69638,3.94541,8.63466
-2.77537,4.76083,8.43086
-0.687979,5.35024,7.95912
1.42818,5.86748,7.4573
3.42539,6.23756,6.74333
3.58478,4.22579,7.18069
7.7947,-13.1013,1.9239
18.4814,-12.7904,7.40437
-1.9118,8.84308,-9.07228
-11.386,5.43506,13.6274
-7.67948,4.69467,11.0262
-4.80444,4.88318,9.687
-2.31329,5.23383,8.86473
-0.13357,5.3948,8.10168
1.78647,5.59346,7.48626
2.87535,5.23544,7.40203
