16.7173,-3.48752,-6.01465
0.455397,-9.70249,2.66287
-3.71458,2.15958,-8.93006
15.4332,-5.16241,4.97861
5.99191,-7.90612,-15.8902
-1.1018,-10.5573,-6.22125
12.8464,-5.47759,11.2181
16.1693,7.57053,4.21575
1.99645,8.80309,9.8865
-2.93173,7.6039,6.05887
10.3029,-2.96044,-4.08036
4.54513,-4.7013,-1.42339
2.62345,-1.20572,-4.63074
9.03053,-3.83327,-1.12997
6.05676,-5.63661,-7.30435
3.83036,-5.43759,-1.49289
7.77413,-2.01993,5.0973
7.66345,5.07014,5.12609
-0.251106,6.64779,5.21003
-8.12827,6.21534,2.20179
9.19729,1.43223,-5.43526
6.55358,-0.33274,-3.57909
5.04484,0.271395,-3.44857
6.70565,-1.19787,-1.88223
4.95357,-2.27482,-2.78712
3.83265,-0.822825,1.04839
4.165,2.26012,4.82991
2.32514,6.79593,6.6413
-2.28775,9.91678,8.12722
-7.25031,11.5508,8.64303
9.41162,6.20767,-7.42687
7.54423,3.94121,-5.3253
6.0181,3.13418,-3.40155
5.51608,1.85291,-1.29843
3.94462,1.24125,0.162575
2.74657,3.09706,3.2756
1.58866,6.11452,6.33134
-0.725352,9.94436,8.9488
-4.2449,13.77,11.6145
-8.27534,17.6409,14.8085
10.3655,11.1228,-9.89743
8.26489,8.03854,-6.52962
6.34962,6.11699,-3.2178
4.60259,4.76393,-0.279354
3.04682,4.47566,2.34586
1.73808,6.36784,5.10343
0.244969,9.44146,8.02803
-1.65842,13.2811,11.1088
-4.56765,17.5477,14.9066
-10.645,24.141,21.365
12.2285,16.4858,-13.2636
7.43596,11.046,-5.09172
5.25022,7.21675,-0.584985
3.3036,6.21937,2.33966
2.01923,6.75929,4.51387
1.76082,8.48469,6.09612
1.728,10.4973,7.60518
1.58794,12.4832,9.00311
1.89974,12.1191,9.54011
6.85665,6.14804,4.15792
-4.61367,21.7812,-3.3546
2.24016,6.50546,3.28027
3.38083,3.84578,4.09869
1.3839,6.13482,5.78534
0.544865,8.57866,7.02149
1.68663,10.2781,7.29598
3.29262,11.4674,7.32912
5.10481,12.4636,7.48152
7.65672,11.28,7.68523
8.75889,6.33501,11.1756
13.5061,-25.8758,22.8323
7.17765,-9.4472,11.9987
2.57762,-0.596515,8.27518
-1.17747,6.54444,9.32358
-1.30445,10.7827,9.71897
1.3552,12.2168,8.54863
4.53457,12.7987,7.04073
7.8776,13.5053,5.50157
11.7747,14.6622,3.3118
16.5986,18.2277,-1.16513
-5.84552,-6.40839,-10.3111
3.82638,-7.01993,1.82893
-1.77659,4.56117,3.46478
-5.80151,12.7143,11.388
-3.70091,14.5937,12.0946
-0.27188,14.104,10.2913
3.34151,13.3531,8.26842
7.24265,12.3831,6.1601
11.3058,11.4434,3.9191
15.5068,8.98279,1.91418
4.96745,-10.7047,-1.16444
15.7934,-14.7967,7.87818
-6.13521,12.0511,-4.90739
-10.9623,22.1418,18.7241
-6.68812,18.2898,15.0214
-2.58726,16.0188,12.2905
1.37647,14.4412,9.84602
5.0937,13.1099,7.44589
8.75689,11.8631,5.33409
12.0638,10.51,3.51364
