0.108423,0.268987,-1.92079
0.0423597,1.57273,-1.88451
0.00466933,2.83733,-1.97535
0.0959929,4.12947,-1.93698
0.0981201,5.38277,-1.97785
0.117624,6.60963,-2.05498
0.110331,7.84498,-2.12519
0.216868,9.09187,-2.13258
0.252904,10.3094,-2.11384
0.52389,11.4525,-2.06904
0.907141,12.6203,-2.10633
0.922663,13.696,-1.97212
0.544829,14.5983,-1.5844
0.416797,15.617,-1.38322
0.138252,16.4906,-0.915058
0.273614,17.3985,-1.27107
-0.0306467,18.328,-1.04206
0.0616718,17.3287,-1.01411
0.0834651,18.2299,-0.552406
-0.0342998,19.0043,0.120289
0.813422,1.07356,-1.84706
0.857961,2.2335,-1.8281
0.907456,3.42638,-1.89417
0.960833,4.61937,-1.89428
1.06876,5.81473,-1.95415
1.07162,7.04502,-2.01081
1.06742,8.29551,-2.09675
1.19193,9.48719,-2.13529
1.28036,10.6892,-2.10971
1.55955,11.8586,-2.22208
2.04918,12.9429,-1.97859
2.04242,14.0453,-1.84653
1.55767,14.9239,-1.65817
1.52634,15.9048,-1.28855
1.15576,16.6729,-0.763695
1.42871,17.4522,-1.28852
0.973452,18.3375,-1.05988
1.12397,17.3363,-0.956914
1.0401,18.3478,-0.892758
0.967241,19.0571,-0.167193
1.83203,1.44188,-1.84275
1.84542,2.56682,-1.88028
1.90465,3.74929,-1.89244
1.95936,4.9636,-1.9563
2.02376,6.18446,-2.05328
2.04844,7.41155,-2.18967
2.06983,8.63464,-2.24658
2.20042,9.86387,-2.20739
2.31245,11.1123,-2.22108
2.57578,12.3506,-2.11977
3.22485,13.5501,-1.61727
2.96984,14.8432,-1.46409
2.03009,15.7885,-1.92946
2.39714,16.4963,-1.14688
1.78498,17.4304,-1.20231
2.44075,16.9641,-0.816739
2.04352,17.9757,-0.906653
2.05729,16.9943,-0.977639
1.97935,18.0982,-1.08878
1.85022,19.0515,-0.685897
2.86279,1.13492,-1.93234
2.89341,2.29716,-1.9655
2.87492,3.38134,-1.92629
2.89516,4.60941,-1.87434
3.02159,5.79831,-2.00607
2.98345,6.96552,-1.94712
2.92919,8.13701,-1.98144
2.99624,9.27108,-1.94853
3.08975,10.4164,-2.12879
3.21654,11.5454,-2.10237
3.23015,12.6447,-2.14266
2.91404,13.7774,-2.00964
2.72137,14.8143,-1.94931
2.91173,15.6649,-1.31694
2.54676,16.5792,-1.17881
3.27569,17.2165,-1.43051
3.07069,18.0594,-0.871291
3.01411,17.0804,-1.34875
3.04401,18.1127,-1.20627
2.90543,18.9973,-0.723945
3.80972,0.821418,-1.84321
3.83398,1.91906,-1.88901
3.82857,3.03941,-1.83956
3.81998,4.15988,-1.83411
3.81641,5.25098,-1.73801
3.79104,6.37496,-1.79097
3.75607,7.48802,-2.05644
3.79632,8.5972,-2.00421
3.88723,9.72225,-2.03058
3.78693,10.7726,-1.8213
3.71502,11.8474,-1.73917
3.53749,12.9013,-1.88912
3.37103,13.9363,-1.71916
3.62658,14.9095,-1.51451
3.4202,15.9455,-1.24431
4.10787,16.6744,-1.17999
3.93126,17.5161,-0.666674
3.90119,17.4144,-1.66682
4.02193,18.3172,-1.20083
3.922,19.2276,-0.812748
4.82848,0.5583,-1.79616
4.80059,1.66496,-1.88554
4.79413,2.73842,-1.73189
4.75361,3.82631,-1.74382
4.74593,4.90117,-1.61605
4.75802,5.96023,-1.72647
4.70399,7.02826,-1.88124
4.65604,8.10015,-1.8932
4.7422,9.19819,-1.82847
4.686,10.2186,-1.80674
4.56663,11.2814,-1.84226
4.45064,12.3277,-1.86133
4.29872,13.3337,-1.65328
4.43656,14.3086,-1.27027
4.3814,15.3762,-1.3766
5.00684,16.125,-1.16439
4.82863,17.0285,-0.721256
4.89412,17.1932,-1.6811
4.97835,18.1671,-1.36433
4.91221,18.9764,-0.777792
5.84439,0.256465,-1.72924
5.80555,1.34486,-1.63415
5.77096,2.40096,-1.5992
5.70707,3.49527,-1.72696
5.69108,4.54141,-1.53193
5.71838,5.57668,-1.7753
5.69202,6.68264,-1.80361
5.61969,7.69561,-1.77094
5.61088,8.73998,-1.85279
5.5722,9.78475,-1.7413
5.47532,10.846,-1.83914
5.34954,11.9012,-1.81689
5.30172,12.8773,-1.62737
5.38602,13.8962,-1.46587
5.35116,14.9042,-1.23713
5.98276,15.7078,-1.02704
5.77387,16.6472,-0.745314
5.86897,17.2489,-1.60716
6.01518,18.2155,-1.36639
5.95029,19.0229,-0.787814
6.86482,0.0809687,-1.69473
6.85263,1.09469,-1.68703
6.81147,2.20464,-1.6405
6.70544,3.21362,-1.66414
6.71381,4.27667,-1.48408
6.72707,5.35188,-1.69978
6.67974,6.39024,-1.88147
6.61241,7.42573,-1.97039
6.60152,8.38838,-1.78677
6.51869,9.47136,-1.74221
6.45432,10.4729,-1.78485
6.3236,11.519,-1.6201
6.28391,12.5621,-1.46851
6.36456,13.5634,-1.31256
6.35038,14.5774,-1.2199
6.87146,15.3322,-0.793826
6.73447,16.2933,-1.01144
6.86917,17.237,-1.35297
7.01671,18.2186,-1.28227
6.91381,18.8563,-0.475338
7.88844,0.00277108,-1.47853
7.8946,1.0577,-1.58329
7.81576,2.04514,-1.61955
7.7389,3.04944,-1.66373
7.7434,4.128,-1.55971
7.76292,5.18559,-1.56456
7.6764,6.2135,-1.87586
7.62292,7.31094,-1.78316
7.5923,8.35303,-1.69633
7.55649,9.3873,-1.63508
7.5037,10.4339,-1.49427
7.39079,11.4095,-1.50937
7.32255,12.413,-1.48227
7.39261,13.4222,-1.38375
7.4317,14.4287,-1.27827
7.90243,15.1995,-0.774111
7.78535,16.1994,-0.963558
7.83918,17.2499,-0.951512
7.91754,18.2724,-0.97178
7.92051,18.922,-0.2377
8.90893,-0.0616291,-1.54534
8.94628,0.994107,-1.53997
8.86022,2.00034,-1.57291
8.75707,3.04528,-1.50106
8.73621,4.10891,-1.50912
8.81738,5.10999,-1.60889
8.70469,6.08718,-1.63995
8.60009,7.09309,-1.63102
8.66016,8.1445,-1.62957
8.53909,9.14568,-1.4164
8.47719,10.157,-1.27921
8.43901,11.1602,-1.35974
8.30281,12.189,-1.16049
8.45376,13.2034,-1.17364
8.47884,14.2079,-1.13642
8.88685,15.1563,-1.12711
8.78311,16.1245,-0.734504
8.91085,17.1344,-0.79313
8.84682,18.1296,-0.624268
8.87666,19.1081,-0.590484
9.88791,-0.181542,-1.24259
9.89111,0.885394,-1.11757
9.86062,1.92782,-1.36319
9.78531,2.99177,-1.384
9.74441,4.02741,-1.47188
9.84765,5.02752,-1.52636
9.73927,6.07387,-1.58384
9.61044,7.09931,-1.65916
9.70247,8.08432,-1.47117
9.65749,9.11527,-1.42937
9.53467,10.1126,-1.33312
9.50355,11.1923,-1.29296
9.34027,12.1568,-0.948863
9.45929,13.1527,-1.0204
9.55893,14.1566,-1.23101
9.9176,15.193,-1.03942
9.85787,16.0727,-0.563985
9.93372,17.0404,-0.816825
9.86628,18.0521,-0.683551
9.88518,19.063,-0.76769
10.8939,-0.116416,-1.01799
10.9429,0.899472,-1.10232
10.9352,1.9513,-1.2663
10.7779,2.97097,-1.50797
10.7331,3.93472,-1.27047
10.8359,5.01719,-1.12407
10.775,6.04598,-1.36035
10.6507,7.07261,-1.58117
10.6972,8.02887,-1.30878
10.7089,9.07439,-1.2455
10.5916,10.0656,-1.32956
10.5482,11.1021,-1.2619
10.4836,12.1339,-0.944746
10.5203,13.1447,-1.04849
10.6495,14.1498,-1.17144
10.9003,15.124,-1.17337
10.8943,16.0306,-0.739879
10.9606,17.047,-0.80647
10.912,18.063,-0.506476
10.9216,19.1031,-0.718525
11.9367,0.0415021,-0.934443
11.9343,1.01494,-1.32111
11.9137,1.99671,-1.34393
11.8103,2.9757,-1.44674
11.7835,3.90962,-1.115
11.8314,4.91353,-1.24228
11.7605,5.93544,-1.23682
11.694,6.96023,-1.33743
11.7442,7.99789,-1.21076
11.7317,9.02586,-1.0557
11.6327,10.091,-1.19091
11.5337,11.0809,-1.14075
11.5169,12.0741,-1.07305
11.5827,13.1506,-1.08481
11.6543,14.1233,-0.884143
11.8699,15.0868,-0.903211
11.9277,16.0112,-0.494534
11.9707,17.0265,-0.726234
11.8448,18.0522,-0.808203
11.9453,19.0839,-0.70661
12.9511,0.0173376,-0.834373
12.9167,0.952092,-1.23269
12.924,1.93858,-1.21838
12.8494,2.96811,-1.28787
12.8337,3.98296,-1.00488
12.8534,4.95018,-1.28719
12.7976,5.95159,-1.23062
12.783,7.01528,-1.22204
12.7701,8.02779,-1.06281
12.77,9.03029,-0.89722
12.6105,10.0263,-0.918986
12.5829,11.0441,-0.920643
12.6132,12.0804,-0.96896
12.6464,13.0757,-0.978362
12.6966,14.0813,-0.770074
12.8807,15.0566,-0.663189
12.955,16.0673,-0.636311
12.9841,17.042,-0.648894
12.9028,18.0751,-0.658724
12.9684,19.095,-0.679635
13.9594,-0.152727,-0.887661
13.9361,0.903504,-1.01269
13.941,1.89584,-1.0599
13.9053,2.91803,-1.14244
13.8869,3.9792,-1.04607
13.809,5.03616,-0.974606
13.804,6.01172,-1.12117
13.7949,7.062,-1.14386
13.7754,8.05189,-1.01956
13.7515,9.03345,-0.688482
13.6861,10.0166,-0.806879
13.6732,11.03,-0.938597
13.7225,12.084,-0.799774
13.6964,13.0777,-0.862227
13.7652,14.1004,-0.649767
13.9364,15.152,-0.614722
13.9436,16.1636,-0.491745
13.992,17.1505,-0.577493
13.925,18.1374,-0.606998
13.9367,19.1661,-0.360451
14.9936,-0.244362,-0.751878
14.972,0.779611,-0.87553
15.009,1.78676,-1.06633
14.8962,2.85055,-0.989972
14.8732,3.91796,-0.844426
14.8718,4.91395,-1.04462
14.8388,5.93901,-0.999783
14.8018,6.96243,-0.992398
14.8031,7.9457,-0.952474
14.7198,8.92381,-0.94088
14.7361,10.02,-0.873925
14.7191,11.0484,-0.917658
14.7807,12.0315,-0.638566
14.7413,13.0974,-0.72335
14.761,14.1225,-0.653676
14.9451,15.1037,-0.73123
14.9597,16.1532,-0.679958
15.0144,17.176,-0.611023
14.9709,18.1687,-0.497494
14.9766,19.1703,-0.286261
15.9938,-0.170333,-0.769814
15.9825,0.817917,-0.86256
16.0571,1.85114,-1.12096
15.921,2.88018,-1.14746
15.8734,3.91465,-0.929963
15.8731,4.91606,-1.29893
15.8622,5.91285,-1.1299
15.8178,6.92618,-0.940977
15.8383,7.95468,-0.733897
15.7402,8.99242,-0.812464
15.7751,9.98092,-0.894421
15.7186,11.0407,-0.702078
15.7924,12.0536,-0.713224
15.7423,13.0769,-0.524699
15.8166,14.1494,-0.520313
15.9448,15.1362,-0.689999
15.9802,16.1535,-0.513404
16.0027,17.1487,-0.431822
15.9699,18.1514,-0.488253
15.9434,19.1752,-0.480895
17.0201,-0.121107,-0.878094
17.0031,0.906879,-0.882708
17.0614,1.93766,-0.812204
16.9956,2.93199,-1.0115
16.891,3.90916,-1.0637
16.8931,4.95191,-1.07207
16.9486,5.96642,-0.982214
16.8486,6.96714,-0.818445
16.9477,8.0085,-0.823734
16.8023,9.01824,-0.972024
16.8453,10.0173,-0.879296
16.8098,11.0218,-0.740037
16.8454,12.0138,-0.643596
16.7683,13.0068,-0.761541
16.8359,14.0027,-0.589306
16.9206,14.993,-0.354549
16.9567,16.0509,-0.442387
17.0206,17.0437,-0.504727
17.0703,18.0858,-0.572857
16.9888,19.0589,-0.347969
18.0766,-0.219898,-0.831068
18.0303,0.870568,-0.870684
18.0739,1.92673,-0.850243
17.9589,2.95074,-0.695209
17.8908,3.89589,-1.04013
17.9088,4.96825,-1.06623
18.0155,5.9674,-0.735289
17.935,7.01246,-0.987225
17.9204,7.96187,-0.858367
17.8102,8.97122,-0.73422
17.891,9.98365,-0.857787
17.8651,11.0813,-0.812287
17.9238,12.0269,-0.598071
17.8334,13.0565,-0.744292
17.8631,14.0322,-0.557393
17.9232,15.0549,-0.407654
18.0258,16.0841,-0.308298
18.0244,17.0837,-0.246364
18.0912,18.0606,-0.424595
17.919,18.9684,0.0429609
19.1354,0.024308,-0.846147
19.065,1.04699,-0.757921
19.071,2.05438,-0.926902
18.9716,3.02345,-0.577151
18.859,4.034,-0.659761
18.9041,5.02225,-0.791531
19.048,5.95649,-0.493356
18.9378,6.9208,-0.841697
18.9008,7.87983,-0.624381
18.8735,8.89204,-0.633992
18.8949,9.91774,-0.812595
18.966,10.9609,-0.775008
18.9252,11.9907,-0.639796
18.8333,13.0357,-0.482092
18.917,14.0472,-0.650865
18.9557,15.0889,-0.598804
19.0846,16.0183,-0.330253
19.0279,17.0063,-0.187249
19.1001,17.9985,-0.0853542
18.9339,18.954,0.251646
