0.117933,0.151711,-1.19462
0.065743,1.42727,-1.1099
0.00122379,2.72213,-1.22751
0.0700369,3.95564,-1.35123
0.0789697,5.20927,-1.49145
0.0970428,6.44368,-1.65376
0.181268,7.6715,-1.73379
0.173962,8.8901,-1.84144
0.169301,10.1074,-1.94683
0.327012,11.3262,-2.07383
0.604288,12.4301,-2.20448
0.521168,13.5478,-2.22934
0.388003,14.5543,-2.02341
0.261473,15.4702,-1.57992
0.140519,16.3978,-1.10146
0.224512,17.416,-0.937449
-0.135292,18.3,-0.541615
-0.0170171,17.3768,-0.885134
0.149577,18.1793,-0.347197
-0.00163884,18.9869,0.207797
0.859197,0.895715,-1.36463
0.871508,2.06216,-1.30853
0.898605,3.25329,-1.36561
0.900757,4.47742,-1.47861
0.956172,5.69614,-1.53626
1.04628,6.89128,-1.63855
1.10069,8.13345,-1.74211
1.08162,9.31493,-2.02122
1.16424,10.5139,-2.28812
1.30965,11.7039,-2.54386
1.54931,12.8718,-2.79569
1.55869,14.0055,-2.4594
1.32958,14.8101,-1.81043
1.27169,15.8523,-1.70434
1.2025,16.6062,-0.993313
1.11097,17.4612,-1.49017
0.965331,18.2115,-0.816761
1.07122,17.1998,-0.82783
1.12419,18.1863,-0.669912
0.977648,19.0285,-0.12045
1.82949,1.20781,-1.40136
1.87757,2.38537,-1.40316
1.88627,3.53803,-1.47945
1.95872,4.75333,-1.52552
1.97966,6.02988,-1.63933
2.02644,7.26959,-1.79197
2.05311,8.49263,-2.11701
2.02899,9.7347,-2.33327
2.12022,11.0304,-2.54533
2.15632,12.3217,-2.89338
2.32503,13.6571,-3.43285
2.26309,14.9183,-2.77831
2.10967,15.4546,-1.42808
2.1057,16.5644,-1.72806
1.90745,17.2891,-0.714203
2.07518,17.0326,-1.56471
2.02908,17.9894,-0.981948
2.04946,16.9962,-0.846431
2.11647,17.9951,-0.609894
1.99267,18.9169,-0.194409
2.86813,0.924149,-1.41857
2.8855,2.09807,-1.56034
2.87358,3.28394,-1.53201
2.93428,4.46536,-1.49506
2.9804,5.66926,-1.61244
2.93456,6.81978,-1.80813
2.86434,7.95071,-2.06347
2.89809,9.21193,-2.15496
2.89159,10.3697,-2.35684
2.86641,11.5517,-2.46388
2.80587,12.7178,-2.75776
2.72009,13.853,-2.54594
2.67855,14.6497,-1.84716
2.67071,15.6751,-1.71303
2.49348,16.421,-1.00137
3.04008,17.2033,-1.24382
2.88918,17.8431,-0.434339
2.94158,17.3681,-1.30194
3.11952,18.1131,-0.590341
2.98987,18.9866,-0.0923917
3.82727,0.55714,-1.24157
3.82012,1.70418,-1.37168
3.79192,2.85659,-1.40009
3.80486,4.01821,-1.46976
3.84871,5.19218,-1.58137
3.76545,6.34996,-1.50664
3.7481,7.50308,-1.67915
3.74082,8.60862,-1.78833
3.72791,9.74658,-1.9387
3.59141,10.8168,-2.13919
3.58877,11.9291,-2.3413
3.53309,13.0668,-2.2521
3.55693,14.0066,-1.87885
3.42244,14.9677,-1.447
3.4352,15.9361,-1.08359
3.93612,16.823,-1.05629
3.89585,17.4332,-0.221604
4.01485,17.5215,-1.21373
4.13132,18.204,-0.518372
3.95195,19.1697,-0.299411
4.83934,0.408417,-0.996686
4.78537,1.51303,-1.04093
4.74928,2.6246,-1.20804
4.78732,3.72219,-1.36261
4.77132,4.82587,-1.40196
4.73634,5.89137,-1.54379
4.61977,6.94016,-1.52303
4.63003,8.05766,-1.59853
4.59315,9.14976,-1.68774
4.38388,10.2216,-1.82447
4.38213,11.3155,-1.94987
4.40023,12.4074,-1.97177
4.38687,13.4063,-1.74726
4.33246,14.403,-1.45786
4.41223,15.3221,-1.12794
4.73016,16.2413,-0.896872
4.81832,16.9441,-0.179559
5.02387,17.4976,-0.981326
5.09074,18.1225,-0.2039
4.86929,19.0344,0.184002
5.82798,0.145119,-0.978097
5.74522,1.21362,-1.07639
5.73482,2.31125,-1.09049
5.75661,3.39377,-1.18014
5.80015,4.46742,-1.34875
5.75762,5.52183,-1.39961
5.66455,6.61658,-1.36081
5.55604,7.72533,-1.33988
5.55239,8.85361,-1.45499
5.36906,9.84043,-1.60678
5.3224,10.8391,-1.621
5.27437,11.8774,-1.6312
5.22514,12.9051,-1.39548
5.34294,13.9515,-1.2756
5.38996,14.9712,-1.08281
5.72524,15.9232,-0.907126
5.71479,16.4903,-0.0100131
5.96876,17.1429,-0.756011
6.08201,18.0079,-0.214768
5.76699,18.9962,-0.277181
6.88004,0.104917,-0.995984
6.72539,1.18874,-0.878274
6.7486,2.2437,-0.874767
6.73966,3.24816,-1.04669
6.81959,4.30353,-1.21939
6.77685,5.35996,-1.17894
6.65108,6.36752,-1.23142
6.55249,7.45402,-1.18418
6.54868,8.52651,-1.43556
6.39116,9.5143,-1.53328
6.34358,10.5472,-1.44547
6.27908,11.5694,-1.32029
6.25854,12.6213,-1.38097
6.31921,13.5223,-1.02085
6.38788,14.5584,-0.935743
6.68606,15.5044,-0.977325
6.72655,16.1496,-0.154933
6.82844,17.1271,-0.192856
7.06278,18.0314,-0.501248
6.77137,18.8979,-0.0284799
7.84935,0.0363811,-0.755428
7.75641,1.06146,-0.805023
7.77446,2.06639,-0.776272
7.75134,3.14755,-0.833818
7.75923,4.20463,-0.747322
7.75582,5.2178,-0.975997
7.68022,6.2289,-1.16431
7.59306,7.24678,-1.19684
7.60859,8.27351,-1.4869
7.42524,9.29025,-1.35412
7.41779,10.3129,-1.40497
7.34248,11.3014,-1.31812
7.26723,12.3073,-1.2091
7.32499,13.2602,-0.92093
7.41012,14.3026,-0.940638
7.60247,15.3069,-0.743638
7.68875,16.2391,-0.386023
7.88625,17.2085,-0.161965
8.08171,18.1554,-0.57864
7.79125,19.0295,-0.199951
8.89981,-0.107382,-0.606037
8.76345,0.889935,-0.740461
8.81127,1.94236,-0.755956
8.82388,3.0086,-0.944539
8.79343,4.04758,-0.919654
8.76966,5.1359,-0.887722
8.70156,6.13764,-0.982977
8.66824,7.13613,-1.12
8.5992,8.13433,-1.19876
8.44447,9.13937,-1.10878
8.51191,10.2331,-1.22061
8.39896,11.2096,-1.03892
8.32778,12.1986,-1.0363
8.36879,13.1925,-0.775808
8.42957,14.1934,-0.733287
8.60413,15.1776,-0.704117
8.74406,16.1726,-0.372097
8.88793,17.2241,-0.343425
9.06409,18.195,-0.367559
8.76474,19.1336,-0.281167
9.93842,-0.187933,-0.521598
9.81202,0.866836,-0.725822
9.87316,1.86352,-0.675164
9.86991,2.90786,-0.829481
9.87713,3.93676,-0.882919
9.83445,4.96004,-0.846007
9.72318,5.98541,-1.01233
9.69363,7.0176,-0.948524
9.64532,8.03229,-1.06771
9.4889,9.01348,-0.935701
9.47938,10.0505,-0.971087
9.44859,11.0717,-0.946574
9.40915,12.1103,-0.961547
9.47178,13.1845,-0.702783
9.49568,14.1742,-0.652977
9.59075,15.1377,-0.398517
9.74701,16.122,-0.245332
9.89681,17.1031,-0.0827754
10.006,18.095,-0.121702
9.84309,19.0717,-0.25884
10.9533,-0.0568407,-0.404056
10.8431,0.921686,-0.731025
10.8677,1.97981,-0.525953
10.9128,2.96959,-0.820548
10.9404,3.99803,-0.96809
10.8559,4.96704,-0.695831
10.7884,5.93681,-0.908621
10.7271,7.00343,-0.746635
10.6867,8.03184,-0.900122
10.5261,9.05047,-0.802817
10.5386,10.0633,-0.84872
10.5063,11.0877,-0.8451
10.4019,12.0815,-0.787536
10.543,13.0792,-0.89852
10.5821,14.0284,-0.578362
10.6665,15.0154,-0.374737
10.826,16.0191,-0.445311
10.8899,17.0085,-0.0582446
11.0051,18.0269,0.0075869
10.8739,19.0466,-0.171029
11.944,0.0711509,-0.31091
11.8938,0.988751,-0.639998
11.8714,1.97026,-0.502628
11.9455,3.00484,-0.613184
11.8838,4.00314,-0.658657
11.8694,5.04666,-0.631272
11.7954,6.0261,-0.798138
11.7729,7.02945,-0.674602
11.7451,8.03508,-0.728016
11.6106,9.01498,-0.75089
11.5687,10.0525,-0.738484
11.5945,11.0318,-0.943864
11.4153,12.0272,-0.791433
11.5817,13.0713,-0.718693
11.6383,14.0688,-0.537053
11.7485,15.0701,-0.339363
11.9119,16.097,-0.324519
11.9655,17.1102,-0.110462
11.998,18.08,-0.0112613
11.9187,19.0848,-0.126334
12.9565,-0.000204474,-0.241099
12.9269,0.962557,-0.556185
12.9032,1.95742,-0.495416
12.9551,2.96635,-0.553539
12.9225,4.01325,-0.698065
12.8893,5.02739,-0.63253
12.7614,6.04532,-0.510071
12.8325,7.04774,-0.712131
12.7799,8.05388,-0.747481
12.6912,9.03376,-0.720203
12.6627,10.0331,-0.812864
12.5685,11.0561,-0.758788
12.48,12.0623,-0.677743
12.6597,13.0408,-0.588064
12.6919,14.0576,-0.415125
12.7861,15.0812,-0.27195
12.9015,16.1052,-0.137568
12.9577,17.1011,0.102768
12.985,18.1425,-0.0385907
12.9334,19.1369,-0.0735679
13.9686,-0.127686,-0.34485
13.9436,0.919861,-0.579562
13.9134,1.91131,-0.460915
13.9432,2.89485,-0.629237
13.9478,3.93973,-0.562438
13.887,4.90795,-0.766243
13.779,5.97748,-0.658644
13.8492,6.99404,-0.51843
13.8225,7.99328,-0.666601
13.7512,9.01489,-0.673949
13.749,10.0468,-0.816221
13.6033,11.0309,-0.817359
13.561,12.059,-0.690963
13.6875,13.1224,-0.570339
13.7264,14.1318,-0.466781
13.8257,15.0952,-0.229575
13.9498,16.0697,-0.114682
13.9502,17.0441,0.198917
13.9989,18.0696,0.0550127
13.9613,19.121,0.0964232
15.0434,-0.0836024,-0.346495
14.9658,0.918284,-0.357054
14.9824,1.93424,-0.32732
14.8919,2.94417,-0.371413
14.954,3.97655,-0.425575
14.913,5.01993,-0.563005
14.8065,6.00588,-0.557134
14.8509,6.98835,-0.690622
14.8661,8.04853,-0.742586
14.8232,9.04879,-0.534831
14.7545,10.0575,-0.769726
14.6705,11.058,-0.818094
14.6506,12.0586,-0.673177
14.7427,13.1105,-0.656978
14.7798,14.1326,-0.37719
14.8656,15.1783,-0.28714
14.9683,16.1364,-0.0255562
14.9762,17.1676,0.149443
15.0355,18.1505,0.0322977
14.9908,19.1428,0.0317759
16.0483,-0.1794,-0.423225
15.9963,0.907566,-0.272304
15.97,1.89806,-0.37987
15.8592,2.92614,-0.616404
15.9883,3.941,-0.499332
15.9549,4.99609,-0.640193
15.8257,5.9801,-0.542003
15.8709,6.98556,-0.665474
15.9243,7.98968,-0.539067
15.8466,9.01794,-0.674899
15.8005,9.98655,-0.877993
15.7441,11.0406,-0.706214
15.7401,12.0206,-0.477486
15.77,13.048,-0.445048
15.8108,14.0587,-0.330784
15.9061,15.0509,-0.221335
15.9902,16.0254,0.13426
15.9673,17.0533,0.261162
16.0237,18.1226,0.232917
16.0109,19.1551,0.203644
17.0774,-0.160732,-0.332313
17.0688,0.854784,-0.386062
16.9817,1.85648,-0.443168
16.8847,2.90527,-0.446764
17.0052,3.95026,-0.600787
16.9719,4.93753,-0.379272
16.8542,5.96126,-0.462947
16.8718,6.98926,-0.614917
16.9371,7.999,-0.6721
16.9084,8.9863,-0.594867
16.8448,9.97245,-0.814545
16.8418,11.0006,-0.729325
16.8059,11.9756,-0.329044
16.7869,12.9514,-0.224931
16.8169,13.9692,-0.0595233
16.9552,14.985,-0.114335
17.0301,15.9382,0.236396
16.9496,16.9496,0.145457
17.0563,17.9699,0.306705
17.0153,18.9774,0.202759
18.1324,-0.169701,-0.349364
18.0735,0.862041,-0.484515
18.0252,1.87968,-0.18684
17.8794,2.8154,-0.501563
17.9773,3.8743,-0.495538
17.9627,4.88675,-0.333372
17.914,5.89833,-0.510108
17.8789,6.95648,-0.650591
17.9767,7.92078,-0.702173
17.944,8.94636,-0.858379
17.9061,9.89832,-0.589489
17.9234,10.9748,-0.501431
17.8632,11.9967,-0.406513
17.8036,12.9508,-0.119559
17.8336,13.9874,-0.00503861
17.9817,14.9678,-0.131449
18.0562,15.9669,0.144044
17.9324,16.9647,0.252635
18.1324,17.9497,0.243602
17.903,18.8671,0.641044
19.1427,0.0206946,-0.302216
19.1061,1.00567,-0.539286
19.0345,2.01889,-0.431895
18.9446,3.01741,-0.38334
18.8997,3.99423,-0.139494
18.9601,4.97051,-0.455925
19.0162,5.94246,-0.658724
18.9139,6.98128,-0.592166
18.9893,7.99538,-0.682992
18.9332,9.01955,-0.692978
18.9157,10.036,-0.65316
18.9709,11.0112,-0.349049
18.9418,12.042,-0.294934
18.8791,12.9915,-0.0284707
18.9167,14.0224,0.0179479
18.9888,15.0354,-0.127204
19.0609,16.0652,-0.106601
18.9859,17.073,0.14423
19.0859,18.0752,-0.0608203
18.9212,18.9616,0.330952
