-0.0263131,0.11865,-0.252046
-0.00553301,1.05771,0.143648
-0.0145024,2.01481,-0.232014
-0.016303,2.98497,-0.0194342
-0.0022309,3.96792,0.0322367
0.000881985,4.99434,0.0506149
-0.00337535,5.98927,-0.107419
-0.00666219,6.98932,-0.107947
-0.0128941,7.97064,0.00629597
-0.00305795,9.01508,-0.0303659
-0.0153966,9.99197,-0.10072
-0.00395215,10.9631,-0.00759606
-0.012595,11.9865,-0.196408
0,13,0
-0.0111942,13.9686,-0.168322
-0.0122837,14.9591,-0.201114
-0.00958586,15.9898,-0.0741813
-0.0179876,17.0197,-0.148235
-0.00570696,18.038,0.173638
0.080987,19.0192,-0.0496384
-0.00152287,20.0377,-0.110181
-0.00292367,21.0373,-0.050441
-0.00336009,22.0495,0.0859859
-0.0135838,23.0328,-0.034489
-0.0465346,24.008,0.135453
-0.00489822,24.9963,-0.101129
-0.00966826,25.9588,0.165355
-0.00868862,26.9926,-0.0479659
-0.0211371,27.9549,0.12797
-0.029191,28.9897,0.044438
0.821934,0.500378,-0.580563
1.07446,1.20613,0.0853694
0.992935,2.11939,-0.406998
1.03532,3.12654,-0.107477
1.01513,4.11639,0.0461348
1.04548,5.10765,-0.0933042
1.01694,6.10611,-0.0206732
0.989721,7.11631,-0.269314
1.00332,8.10836,-0.374392
1.03248,9.11356,-0.327757
0.98449,10.1119,-0.412281
1.04667,11.0737,-0.153047
1.02117,12.1383,-0.226417
1.01107,13.122,-0.0911954
1.03988,14.1311,-0.156249
0.971432,15.0895,-0.399765
1.00781,15.961,0.109061
1.00942,16.9764,-0.0492294
0.981704,17.9762,-0.124201
1.05548,18.8871,0.277383
0.985775,19.8218,0.00310373
0.97951,20.8325,-0.143535
0.965712,21.83,-0.218876
0.966967,22.8225,-0.140196
0.878436,23.8066,-0.251592
1.04262,24.8659,-0.146434
0.959801,25.8388,0.146544
0.951466,26.8721,0.167421
0.96231,27.8256,-0.158165
0.965505,28.8583,-0.11189
1.7766,0.506949,-0.185949
2.11556,1.39886,-0.01507
2.03567,2.33626,-0.44456
2.04761,3.30725,-0.293826
1.98148,4.2959,-0.305741
2.07338,5.28826,-0.12114
2.02329,6.26597,-0.210108
1.95592,7.25589,-0.00780969
2.03412,8.17902,-0.460546
2.0413,9.19955,-0.402362
2.01717,10.2079,-0.467537
2.08229,11.1558,-0.185763
2.0798,12.1421,-0.334025
1.93629,13.1505,-0.470003
2.07444,14.1753,-0.333818
1.96549,15.1454,-0.649992
2.02507,16.0227,-0.0996887
2.03137,16.9987,0.104788
1.98547,17.9816,-0.0770013
2.04621,19.0141,-0.0111209
1.99167,20.0278,-0.235334
2.04506,20.9486,0.09747
1.94548,21.9418,0.0234016
1.97963,22.9432,-0.168096
1.92436,23.9677,-0.203082
2.02107,24.9789,-0.13119
1.88385,25.997,-0.3039
1.97687,26.935,0.0636128
1.92426,27.9064,-0.444542
1.97338,28.7388,0.0489181
2.85736,0.58247,-0.273885
3.11832,1.56376,-0.162093
3.02524,2.54997,-0.145494
3.01877,3.48278,-0.520621
2.97474,4.47062,-0.337446
3.09181,5.44124,-0.31746
3.0227,6.4005,-0.490844
3.01476,7.33998,-0.0500381
3.03679,8.32583,-0.307685
3.08779,9.30947,-0.492926
3.09847,10.3571,-0.558687
3.14529,11.2724,-0.0933744
3.12492,12.2282,-0.304694
2.95706,13.1956,-0.534349
2.93082,14.0999,-0.882656
2.98444,15.0523,-0.494986
2.94709,16.071,-0.48956
2.93699,17.0225,-0.28366
2.99376,18.0072,-0.0667959
3.0777,19.0313,-0.0649342
3.00443,20.0559,-0.292718
3.04732,20.9671,0.133818
2.99178,21.9415,0.0175909
2.97357,22.9827,0.0441267
2.93478,23.8423,-0.492575
2.9863,24.8242,-0.369897
2.84859,25.8049,-0.134175
2.98214,26.8048,0.124442
2.89685,27.783,-0.133061
2.9716,28.7933,0.0160619
3.91716,0.822501,-0.450145
4.10562,1.77974,-0.172073
4.07984,2.73612,-0.226029
3.97985,3.73671,-0.407828
3.96391,4.74605,-0.461486
4.12206,5.70055,-0.235252
4.06899,6.64425,-0.571676
4.05267,7.56653,-0.120646
4.00004,8.59858,-0.276357
4.13702,9.48838,-0.686962
4.10574,10.5339,-0.651048
4.19938,11.4792,-0.157048
4.17776,12.4703,-0.409723
3.99806,13.3779,-0.718662
3.92321,14.3254,-1.0531
3.92298,15.2734,-0.702438
3.95131,16.2728,-0.531706
3.87392,17.1069,0.064919
4.01719,18.0999,-0.012006
4.00063,19.0846,0.340419
3.98944,20.0038,0.0260628
4.04211,21.0111,-0.172466
3.97288,21.9496,0.0582965
3.97923,22.9289,0.145802
3.90866,23.8688,-0.162288
3.99523,24.8763,-0.189346
3.86104,25.8327,0.00462661
3.95307,26.8312,-0.236445
3.91181,27.8305,-0.091879
3.97315,28.7955,0.190628
4.91014,1.03943,-0.357576
5.05893,2.01254,-0.209986
5.00067,3.09784,-0.059447
5.00743,4.07635,-0.305109
4.98889,5.05679,-0.587487
5.18431,5.97343,-0.0417249
5.08645,6.84614,-0.525645
5.05318,7.89046,-0.389489
5.03926,8.90294,-0.232389
5.03909,9.87973,-0.355419
5.13233,10.7835,-0.722843
5.21774,11.732,-0.312763
5.13941,12.5392,-0.88724
5.03377,13.5389,-0.89136
4.90183,14.3759,-1.42377
4.91689,15.3265,-1.04568
4.94071,16.2271,-0.599667
4.83904,17.1201,-0.150386
5.05518,18.0743,0.071279
4.97203,18.9725,0.446599
5.02033,19.8703,-0.0612018
5.03287,20.8791,-0.156151
5.00479,21.8455,0.216321
5.0168,22.9471,0.228935
4.97547,23.7879,-0.300623
5.00265,24.8177,-0.181448
4.86417,25.8363,-0.195099
5.00769,26.8353,-0.168105
4.94535,27.8379,-0.120817
5.06903,28.8653,0.0834956
5.90537,1.27024,-0.438444
6.04508,2.27614,-0.385244
5.99302,3.34114,-0.369134
5.97447,4.3249,-0.444462
5.96675,5.32435,-0.533515
6.13926,6.29543,-0.293435
6.05352,7.29555,-0.473812
6.03798,8.28734,-0.463994
6.05001,9.31682,-0.22859
5.99877,10.2965,-0.426838
6.12505,11.2319,-0.809052
6.18734,12.1558,-0.448799
6.07439,12.75,-1.26143
6.07407,13.7044,-0.925105
5.95129,14.4991,-1.61492
5.97047,15.431,-1.19593
5.92466,16.1915,-0.550145
5.89736,17.1522,-0.232334
5.96785,18.1425,-0.301599
5.89001,19.1426,0.0111454
5.97151,20.1422,0.203922
5.98359,20.9857,-0.349126
5.96873,21.9835,-0.0148228
6.06232,22.9443,0.188714
5.99609,23.9188,-0.104096
6.07085,24.881,0.00440992
5.88789,25.8668,-0.0583636
5.9813,26.8394,-0.230641
5.91512,27.8172,-0.062743
6.04953,28.7844,-0.249385
6.82713,1.80616,-0.407425
7.03692,2.77121,-0.475051
6.99613,3.77817,-0.254717
6.9461,4.74342,-0.465548
6.91597,5.73645,-0.412857
7.07293,6.71855,-0.391781
7.08089,7.70845,-0.509088
6.96937,8.71862,-0.707416
7.07092,9.66142,-0.368807
6.98535,10.6275,-0.615445
7.1109,11.5366,-0.994772
7.11201,12.5634,-0.749428
6.93832,13.1413,-1.58044
6.95599,14.094,-1.24896
6.94724,14.8159,-1.9607
7.00472,15.4869,-1.20593
6.9608,16.384,-0.694943
6.89083,17.2939,-0.366469
6.99237,18.2846,-0.311783
6.92243,19.2295,-0.00826441
6.95224,20.272,0.239091
6.99422,21.1429,-0.287719
7.00034,22.1648,-0.164745
7.09428,23.0131,0.318693
7.00601,23.9942,0.101822
7.09477,24.9798,-0.0719535
6.86531,25.9363,0.238466
6.99716,26.9368,0.0118259
6.87635,27.9097,0.193368
7.03706,28.8405,-0.214896
7.83697,2.10243,-0.599969
8.02271,3.0507,-0.338371
7.97321,4.0401,-0.515229
7.95304,5.04782,-0.420966
7.85157,6.13185,-0.422645
8.01216,7.17875,-0.172094
8.02583,8.13731,-0.570067
7.96337,9.09642,-0.835032
7.96427,10.1413,-0.685275
7.9046,11.1673,-0.704642
7.97924,12.1407,-0.903235
7.96522,13.2073,-0.914783
7.87028,13.5229,-1.85279
7.94411,14.3826,-1.31047
7.93885,14.9234,-2.21937
8.02686,15.5706,-1.45298
7.96045,16.2903,-0.718943
7.96082,17.2585,-0.334895
8.01384,18.2931,-0.528599
7.96277,19.137,-0.00337535
7.98438,20.1776,-0.0656484
7.98475,21.1632,-0.0615375
8.05688,22.1576,-0.0352184
8.09923,23.1544,0.084933
8.00034,24.1609,-0.0337199
8.06174,25.1655,-0.0535813
7.88443,26.0641,0.364953
7.99181,26.9373,-0.188327
7.86026,27.838,0.165612
8.03132,28.6674,-0.368365
8.83271,2.39994,-0.430992
9.04414,3.40706,-0.513938
8.88387,4.4056,-0.322016
8.88818,5.44482,-0.390182
8.88516,6.50357,-0.48873
8.98459,7.54054,-0.405994
8.94769,8.51635,-0.630045
8.90383,9.50071,-0.843641
8.88614,10.5309,-0.793167
8.84968,11.609,-0.846657
8.83777,12.6886,-1.04165
8.78265,13.7734,-1.20657
8.8267,13.8577,-2.20538
8.89074,14.7158,-1.59103
8.86037,15.2187,-2.47387
9.08501,15.6061,-1.59153
8.97953,16.2956,-0.877432
8.95507,17.2671,-0.525523
9.05062,18.267,-0.525498
8.98343,19.1786,-0.0711142
8.96998,20.17,0.0887936
9.0213,21.1641,-0.0355632
9.0605,22.1559,-0.12295
9.10927,23.1516,0.0691702
9.06904,24.115,-0.0476547
9.03296,25.091,0.186267
8.86702,26.0592,0.0531175
8.97623,27.0645,-0.0332133
8.87456,27.9617,0.366564
9.07158,28.6568,-0.363668
9.83589,2.76747,-0.285183
10.0407,3.75864,-0.333943
9.82301,4.75347,-0.234568
9.94086,5.72976,-0.569991
9.85215,6.81248,-0.585195
9.98424,7.85157,-0.564589
9.88258,8.84467,-0.443178
9.85835,9.87262,-0.706623
9.90642,10.9193,-0.824085
9.86659,11.962,-0.980898
9.84892,12.9259,-1.316
9.82852,13.9816,-1.46337
9.80511,13.9706,-2.52916
9.90514,14.8058,-1.91063
9.81385,15.3333,-2.79706
10.0703,15.568,-1.82139
9.91377,16.402,-1.21436
10.0038,17.2204,-0.653548
10.0291,18.1831,-0.368566
10.0318,19.1828,-0.197867
10.0263,20.1659,0.0668691
10.0283,21.1438,-0.0866573
10.023,22.1117,0.238591
10.079,23.0555,-0.125764
10.0823,23.9997,0.147227
10.1033,25.0337,0.108228
9.92981,26.0693,0.012653
9.99558,27.0878,-0.00359813
9.91384,28.0619,0.245976
10.0403,28.9096,-0.416312
10.8075,2.90044,-0.0685751
11.0376,3.88915,-0.0770013
10.8342,4.86468,-0.238511
10.9038,5.87832,-0.244453
10.9447,6.87113,-0.606732
10.9937,7.87419,-0.550789
10.9055,8.98223,-0.712088
10.8524,9.96224,-0.65551
10.9312,11.0121,-0.739018
10.84,11.9448,-1.16127
10.8736,12.971,-1.30761
10.8835,14.0078,-1.62077
10.8529,14.042,-2.63508
10.911,14.8548,-2.00229
10.8393,15.3741,-2.83679
11.0974,15.6139,-1.86686
10.9393,16.4485,-1.24501
11.0671,17.2616,-0.674136
11.0091,18.2524,-0.720048
10.9851,19.0058,-0.0292764
10.9456,20.0227,-0.267421
11.0302,21.0502,-0.0583666
10.9703,22.0749,-0.0205725
11.043,23.0921,0.0711112
11.1023,24.1227,0.00219428
11.0273,25.1216,-0.258312
10.9351,26.1352,-0.147722
11.002,27.161,0.0138035
10.9338,28.1577,0.11157
11.1439,29.0265,-0.307505
11.8357,2.9758,-0.328233
12.042,3.90534,0.0879971
11.9073,4.86394,-0.10715
11.9342,5.85484,-0.266683
11.968,6.84674,-0.492419
11.9844,7.86603,-0.579147
11.9621,8.89438,-0.740245
11.9165,9.99369,-0.762374
11.9169,10.9541,-1.03125
11.8863,11.9741,-0.989914
11.9579,12.994,-1.14294
11.9208,13.8704,-1.75323
11.8606,13.9898,-2.71364
11.9432,14.6449,-1.97126
11.8469,15.2631,-2.80991
12.1193,15.3632,-1.8674
11.9263,16.1831,-1.27356
12.0895,17.088,-0.772674
12.0123,18.0796,-0.713535
12.0036,19.0155,-0.164708
11.9536,20.0209,-0.236982
12.0449,20.972,0.0920438
11.9509,21.9983,0.221357
12.0074,23.0013,0.0817957
12.116,24.0309,0.104773
12.0337,25.0108,-0.0213965
12.0012,26.0374,-0.0575518
11.9735,27.0473,-0.179122
11.9483,28.0577,0.0317728
12.1535,28.9324,-0.495938
12.9098,2.99037,-0.236509
13.0832,3.93767,0.0358257
12.926,4.88079,-0.205783
12.925,5.92004,-0.152425
12.9581,6.89273,-0.231227
13.011,7.87976,-0.554698
12.9982,8.8773,-0.69086
12.9447,9.87347,-0.846672
12.9625,10.8902,-1.02115
12.9183,11.9043,-0.975613
12.9309,12.8838,-1.24154
13.0209,13.8342,-1.61474
12.8903,14.0032,-2.60023
12.9685,14.6627,-1.87163
12.8693,15.2104,-2.70056
13.1103,15.5063,-1.76431
12.9205,16.2587,-1.14565
13.0849,17.26,-1.05164
13.0125,18.0527,-0.389242
12.9655,19.0796,-0.383297
12.9934,20.0701,-0.377694
12.9573,21.0934,-0.273336
12.8884,22.1367,-0.198267
13.0421,23.104,0.11178
13.1303,24.0963,0.164153
13.0811,25.1462,0.224381
12.9385,25.977,-0.325245
13.0069,26.97,-0.215601
12.9376,27.8986,0.0888546
13.0913,28.8663,-0.0276803
13.9262,2.98801,-0.268954
14.169,3.92988,0.0507004
13.925,4.8672,-0.153282
13.98,5.8981,-0.25753
14.0394,6.92504,-0.252696
14.0035,7.95264,-0.25392
14.0962,8.92329,-0.534919
13.9608,9.85903,-0.921677
13.9781,10.8684,-0.871087
14.0209,11.8613,-1.13481
13.9578,12.8899,-1.2755
14.0092,13.827,-1.66635
14.0183,14.018,-2.66343
13.9968,14.6927,-1.90706
13.9612,15.0746,-2.831
14.0982,15.5671,-2.00975
14.0153,16.3057,-1.31851
13.9878,17.0467,-0.695087
14.0185,18.0943,-0.59779
13.9565,19.0858,-0.421512
13.9816,20.0338,-0.704697
13.9335,20.996,-0.338429
13.8949,21.9904,-0.48779
14.0452,22.9302,-0.206946
14.1547,23.8494,0.141939
14.0804,24.8859,0.146413
13.9013,25.891,0.043733
14.0193,26.8775,0.0321543
13.9489,27.8918,-0.0508988
14.1306,28.8611,-0.144545
14.9059,3.02001,-0.375127
15.2528,3.9516,-0.015595
14.9457,4.88961,-0.129716
15.0274,5.88225,-0.303711
15.0266,6.87409,-0.0923948
15.0117,7.84871,-0.38637
15.1121,8.83236,-0.711188
14.9851,9.87796,-0.900623
15.0132,10.8883,-0.840236
15.0226,11.9233,-0.926801
15.0755,12.8824,-1.35316
15.0451,13.9296,-1.56592
15.0915,13.9697,-2.56465
15.0877,14.7516,-1.97912
15.0271,15.0782,-2.92302
15.0848,15.5423,-2.01015
15.0514,16.4068,-1.47835
14.9955,17.1567,-0.841697
15.0032,18.1683,-0.590948
14.9889,19.062,-0.162496
14.9947,19.9548,-0.599777
14.928,20.9421,-0.287909
14.8792,21.9314,-0.538789
15.005,22.8101,0.0708701
15.2315,23.8313,0.195749
15.0785,24.8335,-0.0348857
14.9406,25.851,-0.203299
15.022,26.7769,0.245726
14.9608,27.7132,-0.116575
15.1529,28.7361,0.0676595
15.9569,3.05418,-0.293545
16.2697,3.89134,0.185543
15.9721,4.80759,-0.118625
16.0752,5.80266,-0.174371
16.0823,6.79817,-0.00176397
16.0572,7.80933,-0.258458
16.0921,8.78808,-0.526154
16.0392,9.76294,-0.766268
16.0434,10.7779,-0.817771
16.0888,11.7809,-1.06123
16.1421,12.7898,-1.24432
16.1006,13.7943,-1.64412
16.0988,13.9172,-2.65358
16.1085,14.65,-1.95452
16.0433,14.8896,-2.97991
16.1718,15.4778,-2.09011
16.0747,16.301,-1.5282
15.9869,17.2382,-1.08815
16.0039,18.2397,-0.868548
15.9587,19.0785,-0.351964
16.0007,20.0518,-0.597058
15.9543,21.0574,-0.528355
15.9213,22.1175,-0.434678
16.0254,22.9367,0.130375
16.2326,23.9384,0.312632
16.0902,24.9018,0.0984863
16.0173,25.8884,-0.144939
16.0014,26.8637,0.0911466
15.9146,27.8907,0.0931974
16.14,28.8034,-0.272173
16.9587,2.89472,-0.185263
17.2937,3.79151,0.198209
17.0257,4.70489,-0.0703909
17.1312,5.72435,-0.0816279
17.0995,6.74881,0.118668
17.0467,7.77879,-0.0377941
17.1738,8.75895,-0.435096
17.0314,9.75586,-0.488702
17.0973,10.7677,-0.753041
17.125,11.7794,-1.08321
17.1342,12.7935,-1.38007
17.161,13.7659,-1.67036
17.1438,13.9631,-2.69239
17.1521,14.7013,-2.01784
17.136,14.9867,-2.98036
17.1734,15.4664,-2.08438
17.1079,16.2878,-1.49371
16.99,17.1945,-1.15514
17.0129,18.1425,-0.777798
17.0106,19.0325,-0.354103
16.998,20.0554,-0.478182
16.9919,21.0719,-0.444005
16.9491,22.0655,-0.379928
16.9901,23.0113,-0.0092288
17.2184,23.9926,0.275198
17.0844,25.0067,0.304813
17.0121,25.9715,0.0378552
17.0125,26.9246,-0.238484
16.9605,27.937,0.0327036
17.1643,28.7532,-0.500897
17.9607,2.80866,-0.395965
18.2416,3.66173,0.0193121
18.0693,4.63153,-0.141032
18.128,5.65631,-0.11962
18.1264,6.66575,-0.0654561
18.0922,7.66774,-0.15168
18.182,8.64505,-0.514423
18.1021,9.72803,-0.589007
18.1292,10.7625,-0.875509
18.2144,11.7358,-1.0968
18.2162,12.7783,-1.36561
18.18,13.8495,-1.49782
18.1731,13.9062,-2.5413
18.1705,14.8271,-1.94572
18.223,15.1429,-2.95113
18.1334,15.7526,-2.13939
18.0787,16.5108,-1.38996
17.954,17.4387,-0.989749
17.9727,18.4142,-0.739033
18.0016,19.1824,-0.114805
18.0124,20.1604,-0.533021
18.0022,21.1649,-0.330302
17.9496,22.1551,-0.236912
18.0483,22.9752,0.346721
18.2204,23.9179,0.109766
18.0623,24.9214,0.0469558
18.0408,25.9225,0.166973
18.0076,26.8008,-0.308335
17.9019,27.8182,-0.348912
18.1304,28.7905,-0.211579
18.9191,2.49836,-0.282061
19.2264,3.42082,-0.0471603
19.062,4.39872,-0.106214
19.1455,5.42792,-0.0387585
19.1632,6.46562,-0.0119358
19.1073,7.48521,-0.229591
19.2016,8.50556,-0.330644
19.0861,9.52822,-0.527931
19.1713,10.5635,-0.764742
19.2202,11.6297,-0.870412
19.2459,12.6816,-1.12575
19.1901,13.7576,-1.34586
19.1709,13.8532,-2.34463
19.2039,14.8316,-1.86546
19.2247,15.1713,-2.88798
19.1189,15.7093,-2.06935
19.1121,16.4475,-1.34733
18.9222,17.3688,-0.96606
18.9629,18.2096,-0.407971
18.9444,19.2252,-0.427073
19.0572,20.2018,-0.248964
18.9315,21.1145,0.183432
18.9478,22.0576,-0.163363
19.058,22.9771,0.13585
19.2274,23.9541,0.281069
19.1065,25.0066,0.221549
18.9994,25.9035,-0.215857
18.9595,26.9254,-0.0609851
18.9368,27.8869,-0.291333
19.1797,28.8983,-0.235139
19.8819,2.16143,-0.26328
20.2246,3.10773,-0.0170324
20.013,4.08596,0.169845
20.1503,5.05604,-0.104129
20.0829,6.07545,0.153838
20.0484,7.12027,-0.0920377
20.1828,8.10461,-0.422004
20.064,9.11197,-0.479604
20.0734,10.1369,-0.484149
20.1423,11.1234,-0.803336
20.1111,12.1434,-0.902246
20.0308,13.1772,-1.06088
20.0484,13.4992,-2.00403
20.0328,14.3412,-1.38303
19.9476,14.6239,-2.3843
20.0766,15.4557,-1.80903
20.0821,16.2301,-1.05921
19.9285,17.1363,-0.682403
19.926,18.1018,-0.328373
19.9304,19.1353,-0.275494
20.0352,20.145,-0.363948
19.914,21.1073,0.0282083
19.9067,22.1298,0.0127812
20.0674,23.0937,-0.0252113
20.2154,24.0476,0.168612
20.048,25.0071,-0.112772
19.9916,25.9803,0.0335734
19.9961,26.9781,-0.26719
19.9475,27.9348,-0.547624
20.1986,28.7948,-0.104468
20.837,1.69234,-0.273592
21.1139,2.60259,0.0509049
20.9547,3.62418,0.0613788
21.0826,4.64873,0.0282937
21.0312,5.65151,0.052974
21.0626,6.71127,-0.149101
21.1428,7.71875,-0.230561
20.9884,8.68304,-0.588726
21.0577,9.68907,-0.451674
21.0749,10.6549,-0.634062
21.0635,11.6619,-0.870455
20.9804,12.6549,-0.970486
21.0573,13.3013,-1.70483
20.9857,14.0931,-1.04623
20.8733,14.5177,-1.95298
20.9793,15.2838,-1.31891
21.056,16.1592,-0.825642
20.9354,17.0479,-0.347432
20.9457,18.1092,-0.186966
20.9883,19.1061,-0.263427
21.0562,20.0965,-0.171679
20.9574,21.0883,0.0167089
20.8965,22.074,0.0183996
21.1318,23.0364,-0.0344005
21.1971,24.0192,0.133335
21.0632,25.0034,0.0286233
20.9935,25.9269,-0.35114
21.025,26.8992,-0.134303
20.9542,27.8743,-0.443535
21.1634,28.6039,0.240934
21.847,1.44776,-0.210706
22.0693,2.41681,-0.127754
21.9818,3.36344,0.0955138
22.0674,4.36994,0.15533
22.0292,5.37559,-0.070632
21.977,6.35395,-0.0719321
22.0932,7.33424,-0.263073
21.9283,8.28572,-0.500491
21.9741,9.28394,-0.252104
22.0256,10.2802,-0.510526
21.9879,11.2994,-0.673748
21.9427,12.2739,-0.892767
22.0493,13.1687,-1.36788
21.9467,13.994,-0.770275
21.8869,14.568,-1.57671
22.0317,15.5002,-1.17904
21.9238,16.0157,-0.308444
22.0196,17.0558,-0.309589
22.0093,18.0624,-0.258608
21.9601,19.0188,-0.0192083
22.0509,20.0391,0.0451582
21.9624,21.0752,-0.118827
21.9016,22.073,-0.128516
22.1657,23.0592,-0.0632984
22.241,23.977,0.262722
22.0453,24.883,-0.243089
21.9699,25.8539,-0.524274
22.0291,26.7493,-0.0722648
21.9014,27.7901,-0.0984069
22.1707,28.6358,0.367745
22.7471,0.984783,-0.0514908
22.9889,1.9764,-0.0404798
22.9462,3.03159,-0.122926
23.0249,4.03516,-0.0561724
23.0141,5.02821,-0.00937529
22.9381,6.02994,-0.018131
23.119,6.9837,-0.222202
22.8052,7.94722,-0.0473006
22.9787,8.90079,-0.305487
22.9318,9.89071,-0.241261
22.8799,10.8888,-0.412946
22.8557,11.8532,-0.726453
22.9126,12.8046,-1.03271
22.9571,13.7472,-0.698965
22.8751,14.5539,-1.33823
23.0616,15.5241,-1.24472
22.941,16.1325,-0.464657
23.0633,17.0668,-0.140721
22.9499,18.0236,0.0486984
22.9253,19.0045,0.295544
22.9987,19.9125,-0.109958
22.9629,20.9051,-0.0562151
22.9559,21.9083,-0.103888
23.1428,22.9196,0.144447
23.1931,23.9188,-0.0726707
23.0428,24.9086,-0.0484085
22.9535,25.9023,-0.322178
22.9864,26.9098,-0.172469
22.8952,27.9082,-0.294748
23.222,28.6116,0.34471
23.7689,0.720481,-0.0642903
23.9411,1.71382,-0.117682
23.9318,2.73804,0.0624714
24.0606,3.72668,-0.0942412
23.978,4.71841,-0.0169622
23.9568,5.74504,-0.03502
24.1336,6.72334,0.00176092
23.8389,7.66887,-0.134874
23.9293,8.6863,0.0131016
23.9667,9.64755,-0.153121
23.8298,10.5135,-0.61431
23.8462,11.5403,-0.650719
23.8979,12.5291,-0.813569
23.9809,13.554,-0.803876
23.9055,14.4785,-1.19056
23.9177,15.3119,-0.646321
23.9041,16.2454,-0.198502
23.8704,16.9916,0.451534
23.9521,17.8872,0.0399426
23.9071,18.8439,0.359899
23.9854,19.8273,0.0885037
23.9644,20.9059,0.0247139
23.9649,21.8278,-0.358467
24.0619,22.8085,-0.208191
24.1563,23.8309,0.168889
24.0566,24.8488,0.0640797
23.9676,25.833,-0.268972
24.0287,26.838,-0.107074
23.9144,27.8318,-0.116196
24.228,28.7043,0.362526
24.814,0.547124,-0.366405
24.9474,1.5405,-0.0462172
24.9532,2.532,-0.0628132
25.0354,3.48527,-0.288342
24.9502,4.50558,-0.182342
24.9237,5.49316,0.151076
25.1148,6.43413,-0.116251
24.8543,7.40485,-0.010361
24.943,8.41253,0.0161657
24.9563,9.39066,-0.0561724
24.8332,10.2962,-0.441807
24.8662,11.3237,-0.432801
24.9287,12.375,-0.590112
24.9915,13.3965,-0.571722
24.9316,14.3488,-0.900552
24.8924,15.249,-0.482846
24.9598,16.2091,-0.162194
24.9222,17.1085,0.234874
24.94,18.1135,0.0733726
24.8968,19.0847,0.336967
24.9615,19.8976,-0.322514
25.0172,20.8002,0.060448
25.0305,21.7339,-0.226185
25.0364,22.8031,-0.0368755
25.0526,23.7822,-0.261306
25.1236,24.839,-0.0537614
24.9381,25.8183,-0.0670705
25.0389,26.8326,-0.28117
24.8734,27.8515,-0.378912
25.0894,28.7914,-0.170791
25.8402,0.309381,-0.133448
25.8781,1.27096,0.137242
25.9123,2.27664,-0.0897
25.9283,3.30503,0.15483
25.8898,4.28966,0.253865
25.9282,5.29995,0.0357738
26.0959,6.2724,-0.0102603
25.9096,7.30738,-0.233705
25.9744,8.3246,0.0498764
25.9408,9.28274,0.191226
25.8951,10.2313,-0.173052
25.884,11.2201,-0.347765
25.9599,12.2788,-0.361687
25.9998,13.2824,-0.439106
25.9044,14.2771,-0.496277
25.8609,15.261,-0.227897
25.9052,16.1751,0.167675
25.9608,17.1467,0.00665304
26.0032,18.1309,0.0698294
25.9692,19.1012,0.269311
26.0229,20.0211,-0.0839259
25.9615,21.0422,-0.175311
26.0481,22.0534,-0.176443
26.0193,23.0064,0.118748
26.0264,23.9347,-0.418549
26.1007,24.9684,-0.279003
25.9918,25.9447,-0.220862
26.0188,26.9713,-0.0939817
25.9374,27.9481,-0.298807
26.055,28.9687,-0.393664
26.9132,0.246583,-0.0116947
26.9372,1.23908,-0.0246467
26.9402,2.23421,-0.148445
26.9302,3.12697,0.355727
26.9349,4.12362,0.236488
26.9207,5.12357,0.0639332
27.0741,6.12594,-0.204089
26.9102,7.13737,0.05786
26.9899,8.14047,0.08876
26.9347,9.1853,0.0820399
26.9376,10.1331,-0.232252
26.8841,11.1686,-0.124836
26.9679,12.1597,-0.131327
27.0528,13.1381,-0.310688
26.8952,14.1251,-0.278436
26.8843,15.1473,-0.0505753
26.8995,16.126,-0.0497452
26.9885,17.1104,0.117862
26.9934,18.1608,0.0684988
26.9216,19.1411,-0.104755
27.0576,20.1384,-0.2206
26.9564,21.1233,-0.322657
26.9854,22.01,0.201444
27.0353,23.0092,-0.04738
27.034,24.018,-0.0993652
27.0988,24.9917,-0.35128
26.9856,25.9941,-0.299341
27.0798,26.9627,-0.0278237
27.0109,27.9851,-0.187466
27.0731,28.931,-0.536076
27.9186,0.0389233,0.00292978
27.9536,1.02362,-0.17672
27.9683,2.06049,0.0843532
27.9304,3.07452,0.217158
27.9548,4.05405,0.200009
27.9676,5.03363,0.246608
28.0425,6.00762,0.0426008
27.9885,7.05048,0.0306619
28.0054,8.07398,-0.069866
28.0216,9.08467,-0.130097
27.9556,10.1026,-0.0434858
27.9469,11.133,-0.111029
28.0238,12.1534,-0.219956
28.0133,13.1233,0.0545701
27.969,14.0748,-0.209217
27.9381,15.0765,0.0105869
27.8755,16.0862,0.167055
27.9591,17.0957,0.178326
28.0322,18.0857,0.246434
27.9459,19.0563,0.0684256
28.0395,19.9633,-0.324137
27.9578,20.962,-0.199686
28.0289,22.0201,-0.153768
28.0095,22.9954,-0.309937
28.0284,23.9928,-0.277816
28.0928,24.9963,-0.39808
27.9837,25.9541,-0.185473
28.0912,26.9461,-0.121223
27.9974,27.9292,-0.0782281
28.0154,28.926,-0.273623
28.966,-0.0117588,0.0213233
29.0132,1.01514,-0.0810663
29.0065,1.99825,-0.0639393
29.0194,3.01523,0.146464
29.0078,4.00817,0.0281991
29.0089,5.03928,0.163826
29.082,6.04374,0.0815851
29.002,7.06092,-0.065923
29.0056,8.03489,0.0205206
29.0153,8.9881,-0.166057
29.0206,10.022,-0.0650075
29.01,10.9975,0.0717704
29.0045,11.9974,0.0607562
29.0046,12.9772,0.102542
29.0098,14.0087,-0.0203742
29.0022,14.9896,0.0605884
28.9126,15.975,0.0166326
29.0041,16.9886,0.0583819
29.0095,18.0296,0.270345
28.9444,19.0493,0.191699
29.0077,20.0228,-0.022364
29.0022,21.008,-0.120783
29.0122,21.9971,0.127857
29.0094,22.9911,-0.130793
29.0141,23.9467,0.037785
29.0206,24.9735,-0.033018
29.0026,26.0056,-0.106858
29.0839,27.0061,-0.108954
29.0105,28.0169,0.0365123
29.015,29.0069,-0.182125
