14.1407,8.73856,-1.35438
-3.47546,20.4983,0.204132
-2.55302,14.2311,-14.2326
7.84001,-24.165,6.49427
-3.56109,7.00564,-18.6961
-3.41117,-31.7854,-9.96899
22.2373,-10.3342,13.6667
4.94925,-1.15732,9.65783
-6.2035,16.2092,0.286099
6.48179,21.4025,-2.29078
7.17277,9.20705,-5.45057
0.406589,11.4192,-4.16845
0.673556,2.9341,-7.06839
3.82779,-10.3062,-1.50806
0.126533,-4.53312,-9.96582
2.09854,-16.1434,-5.17419
10.7095,-7.80148,3.9703
8.21322,4.40009,3.28522
7.91759,17.0993,-0.516904
19.3175,26.8182,-4.79132
5.17301,7.40352,-12.12
2.28717,6.76973,-8.76825
2.61938,1.33807,-7.28328
3.19463,-4.14015,-4.71827
2.01529,-4.06746,-5.35208
3.36942,-6.94884,-1.97524
6.05658,-0.491519,2.14567
5.39693,8.34707,3.2877
5.36138,17.1347,3.89212
8.09119,24.903,3.01565
4.03814,5.93899,-19.3058
3.07273,5.31322,-14.4808
2.86776,2.79367,-10.6593
2.89989,0.10278,-7.05907
2.53822,-0.0639363,-3.86294
3.04692,0.177529,-0.0778375
3.3485,5.74737,2.88252
2.18488,12.6669,5.03353
0.21504,19.546,7.53686
-2.74879,25.9007,10.8434
3.73188,4.78387,-27.4368
3.30528,4.73148,-19.9964
2.82515,4.10513,-13.8908
2.58516,3.64082,-8.45157
2.47335,3.96182,-3.67358
2.43062,5.66261,0.617823
1.71611,10.645,3.69948
-0.155229,16.7479,6.54108
-4.35684,22.9007,10.2654
-13.558,28.7452,19.1074
4.29018,3.95965,-36.9582
2.19375,5.47982,-19.0437
1.97222,4.90394,-10.9129
1.81859,5.72652,-5.51548
2.37149,6.8949,-1.68734
3.33847,8.7412,0.897107
4.19654,11.7556,2.58029
4.72986,15.2848,3.56968
4.14943,19.2051,1.76838
4.17718,20.4311,-8.31411
-5.02383,26.2841,0.934223
0.661,6.89058,-1.59166
1.48003,3.94995,-3.48403
0.9871,6.9641,-0.491473
2.13617,9.29478,1.69051
4.60137,10.4565,2.54695
7.14879,11.6556,2.51126
9.98061,13.1461,1.89277
14.3798,14.2114,-0.591403
24.3427,14.7408,-4.69492
3.15011,-32.9549,19.5908
5.20885,-10.6802,8.25608
1.38053,1.1267,3.06802
-0.443461,8.87609,4.58253
1.71015,11.914,5.29497
5.53638,11.8592,4.77457
9.50129,10.91,3.4357
13.618,9.4727,1.77358
18.3757,5.91567,0.379928
23.2444,-2.94044,0.18016
-13.2362,10.6926,-7.85803
17.2303,1.82913,2.76243
-2.62795,11.4732,-1.49015
-3.15111,16.1059,7.9212
0.559853,15.5755,8.80683
4.47691,14.1626,7.2807
8.52984,12.5838,5.58173
12.8205,11.0933,4.00621
17.3473,9.79915,2.60259
22.1648,11.0269,2.14025
19.3738,2.43353,1.96822
52.1849,-5.57648,11.6287
-21.8883,22.1533,-8.8246
-5.35868,23.2031,17.2157
-1.37829,19.1358,12.8104
2.75568,16.4748,9.81306
6.80352,14.3641,7.51605
10.8267,12.6658,5.66176
14.791,11.4653,4.18778
18.4217,11.3557,3.23651
