-0.0182318,0.0162786,0.139525
1.00168,0.0610553,0.160961
1.96528,-5.79852e-05,-0.179611
3.0088,0.0382794,0.071221
4.03052,0.011536,0.10762
5.03487,0.0112461,0.244462
5.99515,0.00846889,-0.0835261
6.96833,-0.0310617,-0.209607
7.90608,0.0317667,-0.000802637
8.92163,0.0147038,-0.0933317
9.99518,0.0160009,0.0127842
11.0146,-0.0192083,0.138127
11.9696,0.0589618,-0.106412
12.9959,-0.00541093,0.0734733
13.9666,-0.0279183,-0.18117
15.0187,-0.0547288,-0.276952
15.9604,0.0514512,0.112445
16.9502,0.0332835,0.139012
17.9688,-0.00857265,0.0665639
18.9626,-0.0233985,-0.0169408
-0.00308237,1.05291,0.233772
1.03162,1.08647,0.203912
2.07963,0.964345,0.175527
3.09113,1.00122,0.16184
4.06809,1.01238,0.17116
5.10157,1.01003,0.436158
6.02298,0.990664,-0.0331156
7.01125,0.982141,-0.0634602
7.9048,0.984805,0.358327
8.92101,1.00388,0.18526
9.89174,1.03705,0.0599261
10.9184,0.971465,-0.0576739
11.9324,1.07028,0.129658
12.9484,1.0534,0.0345378
13.9163,0.947612,-0.440339
14.9927,0.9674,-0.28605
16.0037,0.99031,-0.31319
16.9792,1.03098,-0.0111728
17.9992,1.00706,0.0264718
18.9847,0.962044,-0.0568468
0.045088,1.95768,-0.0472793
1.08075,1.99439,-0.241862
2.10962,1.86056,-0.322388
2.93998,2.02228,0.214051
3.96703,2.02966,0.0365551
4.98303,1.99376,0.110361
5.99612,2.00114,0.0995911
7.02008,2.0171,-0.114145
8.01566,1.9219,-0.0174566
8.98594,1.94139,-0.19696
10.0511,1.99651,-0.116596
11.0308,1.98196,0.0435652
12.0123,2.05498,0.0785913
12.9791,2.02392,-0.253743
14.0029,1.9234,-0.0780389
15.0452,1.98094,-0.0482589
16.0583,1.97611,-0.164913
17.0521,1.98012,-0.334639
18.053,1.96394,-0.369356
18.9613,1.94118,-0.0278817
-0.00367748,2.96831,-0.0518662
1.01293,2.99727,-0.0333018
2.04227,2.82252,0.0562243
3.06072,2.98142,0.0101627
4.08534,3.00234,0.201563
5.07457,3.02941,0.340498
6.05918,3.01627,-0.0756951
7.04219,3.01152,-0.00997955
7.98246,2.95834,-0.356142
8.96824,3.05843,-0.223615
9.96385,2.96197,-0.294607
11.0415,2.98487,-0.140596
12.0043,3.04293,-0.237385
13.0171,3.07092,-0.287738
14.0397,2.94651,-0.238197
15.0263,2.98535,-0.22981
16.0024,2.93357,0.0763054
16.9714,2.85148,0.180691
18.0135,2.93399,-0.0835932
18.9936,2.92249,0.126539
0.0312204,4.03182,-0.111802
0.993313,3.97739,-0.17239
2.02412,3.87347,-0.124961
3.02496,3.99654,0.138081
4.03756,4.04748,0.0950957
5.01838,3.99982,-0.0683523
6.05722,4.0922,-0.0706198
7.05654,4.02378,-0.219517
8.11554,3.99044,-0.336802
9.09745,4.10017,-0.217487
10.1141,3.97832,-0.393829
11.1036,3.99044,-0.227854
12.094,4.09662,-0.278988
13.0824,4.07194,-0.146046
14.0323,3.9202,-0.202078
15.0425,4.00578,-0.0801508
16.0246,3.92918,-0.00420545
17.0325,3.85054,0.156084
18.0096,3.89607,0.215305
18.9841,3.92373,-0.109848
-0.0147923,5.00023,0.186081
0.952257,4.97736,-0.0699118
1.93972,4.88519,-0.0449934
2.96319,5.01697,0.100687
3.93644,4.99025,-0.192178
4.95713,5.01185,-0.128379
6.0046,5.06913,-0.0166478
6.99264,5.00411,-0.115461
8.02678,4.97931,-0.139775
9.0601,5.09356,-0.240309
10.1085,5.03861,-0.276534
11.1002,4.94856,-0.525132
12.0819,5.08715,-0.37318
13.0782,5.06245,-0.141087
14.072,4.96015,-0.238484
15.0659,4.99223,0.068627
16.0304,4.93188,0.317808
16.9629,4.82324,-0.221931
17.9826,4.86616,-0.0657765
18.9855,4.95117,-0.148598
-0.00559404,5.98629,0.0149876
0.975503,6.0263,-0.0403546
1.96724,5.87302,-0.117441
2.82191,5.97954,0.372839
3.82252,5.99104,0.0381146
4.88932,6.00335,0.0687643
5.88947,6.08318,0.158736
6.8689,6.01708,-0.147801
7.88371,5.99403,-0.309952
8.91616,6.09816,-0.290967
9.93265,6.04601,-0.341478
10.9511,5.95739,-0.402396
11.9852,6.05942,-0.548122
12.9774,6.04208,-0.251903
13.9634,5.90294,0.0214789
14.993,6.01117,0.0134312
16.0144,5.84037,-0.0798364
17.0045,5.80413,-0.322269
18.0224,5.87079,-0.0672262
18.9884,5.97121,-0.22233
-0.0252113,6.95683,-0.308283
0.93491,7.0833,-0.0923002
1.92688,6.89745,-0.176611
2.91904,6.84198,-0.226496
3.88515,7.01132,-0.0336009
4.88473,6.98788,-0.065627
5.87665,7.06618,-0.0184973
6.90728,7.03538,-0.175347
7.94722,6.98307,-0.178445
8.97973,7.11025,-0.211133
9.97078,7.02179,-0.169393
10.9943,6.97813,-0.185192
11.9982,6.98763,-0.134062
12.9998,7.0307,-0.215711
14.0216,6.92649,-0.109268
14.9649,7.00385,0.150026
15.9798,6.85419,0.154946
16.9799,6.79192,-0.0843196
17.9699,6.88123,-0.304877
18.9936,7.01113,-0.192132
0.0238594,7.91496,-0.107523
1.0037,8.01923,0.238682
1.9313,7.98311,-0.11442
2.93384,7.83812,-0.245222
3.94971,7.97888,-0.340599
4.98467,7.91095,-0.473733
5.94989,8.05883,-0.200665
6.90908,8.03024,-0.0570727
7.93602,8.03242,-0.0588427
8.96619,8.07967,-0.00252083
10.0134,8.03412,0.00736106
10.9747,8.02102,-0.0983306
11.9771,8.00677,-0.154506
12.9654,8.06257,-0.0246376
13.9914,7.95389,-0.156374
14.9911,7.99251,-0.0209021
15.9819,7.86849,-0.148814
16.9884,7.77614,0.00632649
18.0039,7.86348,-0.0628224
19.0189,8.03235,-0.0753044
-0.00916471,8.95776,0.0281533
0.945103,9.03786,-0.242927
1.97886,9.01068,-0.192627
3.01098,8.884,-0.344661
3.98532,8.97118,-0.546873
4.99306,8.95281,-0.378988
5.99173,9.06203,-0.173815
6.97416,9.01409,-0.265627
8.00459,9.00458,-0.0737053
9.02876,9.06806,-0.132734
10.0504,8.95347,-0.359789
11.0171,9.05097,-0.126399
12.0128,9.02985,-0.0624683
12.9519,9.07347,-0.330851
13.9585,8.95481,-0.30303
14.9643,8.97305,-0.240834
15.9862,8.92966,-0.199875
16.9453,8.75828,-0.11963
18.0065,8.91225,-0.0214057
19.022,9.03735,0.166604
0.0365398,9.94668,-0.0899655
1.05399,10.0046,0.0280892
2.07919,10.0089,0.0245674
3.06167,9.81979,-0.0522813
3.96585,9.97062,-0.457515
4.98578,10.0041,-0.266747
5.95829,10.024,-0.508249
6.95807,9.97051,-0.540361
7.95416,9.94673,-0.423261
8.9827,10.1138,-0.33668
10.0406,9.94335,-0.216401
11.0347,10.1034,-0.10004
12.0421,9.99965,0.116465
13.0507,10.0623,-0.131263
14.0659,9.97012,-0.190631
15.1084,9.96554,-0.23654
16.1013,9.87207,0.0960601
17.0226,9.74801,-0.262435
18.0275,9.90174,-0.0955809
19.0255,9.94207,-0.27658
-0.00179754,10.9587,0.0556444
0.946727,11.0032,-0.327018
1.92865,10.9698,-0.17951
2.95946,10.8264,-0.164345
3.91614,10.9685,-0.317768
4.90875,11.0337,-0.38923
5.96751,11.0301,-0.282849
6.93933,10.9806,-0.513865
7.96783,10.984,-0.480197
8.92653,11.129,-0.337129
9.93233,10.9907,-0.206134
10.8795,11.0152,0.287741
11.8897,11.0353,0.141832
12.8519,11.0834,-0.173003
13.9162,11.0298,-0.0943541
14.9537,11.0108,-0.00325938
15.98,10.8611,-0.184552
17.0089,10.7394,-0.199667
17.9798,10.9701,-0.153389
18.9901,10.9168,0.00757164
-0.0265633,11.9265,0.299716
0.85819,11.9793,-0.208078
1.87745,12.0025,-0.21496
2.85551,11.8556,-0.244728
3.90867,11.9812,-0.216587
4.88381,12.08,-0.380755
5.93378,12.0816,-0.322962
6.92459,11.918,-0.126655
7.96047,12.0063,-0.0828425
8.88953,11.9492,0.251943
9.93038,11.9932,0.134245
10.9153,12.0138,0.0625935
11.9145,12.0213,0.232875
12.9242,12.0752,0.144896
13.939,12.0057,0.0107303
14.9753,12.0352,-0.0110508
15.9691,11.8821,-0.147456
16.975,11.7793,-0.135231
17.9249,12.0232,0.0391095
18.9548,11.9051,0.104563
-0.0155889,12.9443,0.111692
0.948314,12.9763,-0.221729
1.94601,12.9483,-0.0963469
2.97222,12.884,-0.0574328
3.97629,12.9668,-0.0184454
4.98314,13.0552,-0.0501358
6.02885,13.0838,-0.174465
7.01775,12.883,-0.263079
7.9054,13.0591,0.142763
8.92358,13.015,0.0642048
9.96917,13.018,0.0524583
11.0139,13.0147,-0.0205359
12.0776,13.0056,0.00666829
13.0831,13.0382,-0.141914
14.094,12.9761,-0.368957
15.0026,13.0308,0.0700644
15.9886,12.9264,-0.0195837
16.9924,12.8239,-0.135682
17.9982,13.0654,-0.114194
18.9809,12.9622,-0.0591998
0.0146641,13.9109,-0.0501633
1.01885,14.0123,-0.155739
1.99844,14.0157,-0.141636
2.99971,13.8816,-0.273183
4.05383,13.9354,-0.228343
5.02107,14.0334,0.241911
6.10155,14.0211,0.26617
7.05238,13.9231,-0.0393933
8.03971,14.093,-0.0221198
9.09368,14.0045,0.0705008
10.0777,14.0971,-0.000744652
11.1351,13.9851,0.169283
12.076,13.9992,-0.193326
13.072,14.0525,-0.0435682
14.0973,13.9673,-0.202069
15.1414,14.0505,-0.0775018
16.1267,13.9191,0.0576952
17.1451,13.9036,-0.0956969
18.1091,14.0225,0.119318
19.0345,13.9539,-0.227744
-0.00457167,14.9504,0.0822779
0.97105,14.9992,0.00969268
1.99464,14.9858,-0.0387982
3.00576,14.8608,-0.0914853
4.02766,14.9295,-0.0388043
5.05165,15.0638,0.234535
6.04808,15.0147,0.0570971
7.06278,14.9164,0.0699423
8.1258,15.0809,0.0940245
9.07912,15.0338,-0.0251289
10.0993,15.1032,-0.159667
11.0851,15.0255,0.158678
12.006,15.031,-0.203336
12.9875,15.111,-0.0383465
14.0055,14.9779,-0.0496719
14.9891,15.0265,0.0284127
16.0107,14.9406,-0.15587
17.0086,14.9184,-0.172173
17.9902,14.96,-0.305002
19.0525,14.955,-0.437629
0.0115696,16.0065,-0.100629
1.00925,16.0072,0.120225
1.98292,16.0265,0.115802
3.01904,15.8513,0.108417
4.03882,15.9612,0.0387799
5.02077,15.9944,-0.179391
5.9916,16.0399,0.0437147
7.05269,15.9946,0.0497452
8.03018,16.0924,-0.0865993
9.04103,16.02,0.186602
10.0935,16.0351,0.2086
11.0909,16.0674,0.190378
12.0079,16.0392,-0.204306
13.0459,16.074,-0.206391
14.0566,15.9888,-0.00141301
15.0912,16.0503,0.0522782
16.0919,15.9797,-0.187127
17.0831,15.9296,-0.140822
18.0769,15.9935,-0.411704
19.0491,16.0181,-0.348299
0.0472793,17.0172,0.0338267
1.03103,17.0225,0.0574694
2.05499,16.9911,0.0321085
3.03802,16.9288,0.223319
4.03762,17.0342,-0.120487
4.98454,16.9787,0.0912595
5.97201,17.0961,0.175411
6.98414,17.0641,0.0905332
7.98553,17.0009,0.302429
8.98131,16.9747,0.508728
9.94451,16.9853,0.276669
10.9325,17.0083,0.460768
11.9027,17.0301,0.130348
12.8989,16.9957,0.203232
13.9555,17.0058,0.101126
14.9958,17.0406,-0.113102
15.9885,16.9876,0.0350871
17.0218,16.9743,0.000668355
18.0098,16.9469,-0.0216468
18.976,16.9804,-0.137132
0.0231513,17.9815,0.245985
1.06267,18.0275,0.153005
2.06765,18.0615,0.00564898
3.06383,17.9301,-0.011597
4.05797,18.0159,0.144197
5.05574,18.0094,0.193274
6.06747,18.0831,0.0269662
7.02826,18.0622,0.3772
8.05835,18.0335,0.15551
9.04148,17.986,0.232991
10.0605,17.9821,0.0387951
11.0743,17.9579,0.0464858
12.0668,18.0454,-0.025425
13.0358,17.9925,0.178054
14.0439,17.9823,0.279946
14.9463,18.01,-0.144569
15.9326,17.9957,-0.0829859
16.9568,17.9762,0.0707144
17.9619,17.9258,0.0756127
18.986,17.9636,-0.0900082
0.0333476,18.9771,-0.0403241
0.987747,19.0188,0.219901
1.9859,19.0368,0.191421
2.95076,18.9197,-0.00235298
3.97467,19.0036,0.202206
4.9828,18.999,0.0626362
5.94443,19.039,0.295975
6.93497,19.0729,0.41984
7.86362,19.0051,0.052443
8.90947,18.9588,-0.0891385
9.91682,18.9807,0.218931
10.8847,19.0046,-0.0826472
11.8688,19.007,0.0815943
12.8886,18.9704,0.129875
13.9349,18.9402,0.0258492
14.8621,19.0258,-0.357787
15.8525,18.9996,-0.116083
16.8686,18.9917,0.0470687
17.9137,18.9924,0.132112
18.944,18.9657,0.0881832
