-0.0112583,0.0261879,-0.146864
1.07318,-0.0116886,-0.206159
2.05015,-0.00460219,-0.0536821
3.03981,-0.0183966,-0.177807
3.9832,-0.0267769,0.0843471
4.94053,0.0117588,-0.198752
5.93656,-0.043028,-0.193027
6.93579,0.017069,0.0269021
7.96531,0.00396741,-0.23788
8.90141,-0.0135166,0.201395
9.81712,-0.00298776,-0.203067
10.7935,0.0236335,-0.11699
11.7755,-0.00934782,-0.265923
12.8039,0.00869472,-0.108264
13.864,-0.0245216,-0.241044
14.9048,0.0437788,-0.116169
15.9253,0.0240974,-0.00324717
16.9429,0.0422346,-0.0490036
17.9744,-0.0244484,-0.27832
18.9844,-0.033842,-0.0993774
-0.0172735,1.08822,-0.145024
0.953182,1.04343,-0.455284
1.95542,0.928574,-0.401813
2.91407,1.01068,-0.164907
3.94129,0.957344,-0.188021
4.95889,1.03479,-0.0956145
5.95692,0.943458,-0.239952
6.91986,1.05474,0.019129
7.91954,1.05967,-0.0452559
8.87923,0.869222,-0.277108
9.88783,0.98496,-0.352751
10.8678,1.00775,0.0209326
11.8388,1.02988,-0.216773
12.8722,1.02743,-0.204614
13.8864,0.980029,-0.133653
14.9314,1.04708,-0.186773
15.9619,1.05939,-0.0763848
16.9729,1.03127,0.069808
17.9765,1.01235,-0.154946
18.9931,0.975494,0.1322
0.0435652,2.11157,-0.11886
1.01341,2.01397,-0.238264
2.00666,1.92148,-0.395563
3.02922,1.99195,-0.204819
4.03155,1.9361,-0.0197424
5.00739,2.0403,0.193014
5.96827,1.92047,-0.0244331
6.95788,2.02771,0.070687
7.98358,2.09214,0.122956
9.00472,1.89035,-0.0662832
9.96128,1.97971,-0.337684
10.9048,2.02247,0.0675253
11.8465,2.05021,-0.230949
12.8438,2.06286,-0.0445936
13.9083,2.01968,0.0311747
14.8989,2.04184,-0.0589038
15.972,2.06319,-0.223856
16.9463,2.03867,0.139946
17.9335,2.00498,-0.088992
18.9862,1.97786,-0.0531663
-0.028724,3.10591,-0.254421
0.936079,2.99365,-0.163875
1.91035,2.86646,-0.0017304
2.88403,2.91569,0.131086
3.91559,2.91354,-0.0262551
4.90942,3.12479,0.281823
5.89365,2.89348,0.130396
6.88414,3.04997,0.116633
7.87221,3.07359,-0.145909
8.87948,2.87409,-0.17781
9.90652,2.98217,-0.0215308
10.9695,3.03354,0.265917
11.9948,2.97312,0.112564
13.0339,3.02393,0.265474
14.0197,2.98549,0.405527
14.994,3.04354,0.0576678
16.003,3.13711,0.00109867
17.0137,3.06308,0.109107
17.9747,2.98892,-0.14351
18.9713,2.98738,-0.0839045
-0.0114597,4.12438,-0.0765374
0.944948,4.06566,-0.354604
1.9002,3.89422,-0.0601337
2.95359,3.85277,-0.209394
4.00787,3.90231,-0.128944
4.99948,4.10994,-0.0629505
5.99307,3.90238,-0.0394726
6.99655,3.99643,-0.140233
7.95633,4.02296,0.123936
8.88796,3.92665,-0.357134
9.93724,4.01247,-0.0831721
10.9088,4.05349,0.18493
11.9849,4.0238,0.142018
12.957,4.07225,0.286969
13.9732,3.97294,0.253212
14.9637,4.08205,0.252687
15.9712,4.11645,0.0590533
16.9918,4.0913,-0.0182043
17.9806,3.8795,0.22089
18.9961,3.97896,0.0460372
-0.0609546,5.12323,0.144691
0.942991,5.07479,-0.058327
2.01245,4.90104,-0.123692
3.00671,4.87431,-0.0329142
4.02033,4.93776,-0.154021
5.01209,5.09624,0.063393
5.97193,4.88166,-0.105133
6.97555,4.95084,0.109867
7.94683,5.05628,-0.0213141
8.92599,4.97962,-0.187695
9.94418,5.05709,-0.138371
11.0189,4.96142,-0.200842
11.9886,5.04969,0.0688803
12.9731,5.06165,0.321302
13.9945,5.01945,0.161931
14.9372,5.07285,-0.0764397
15.897,5.10455,0.156731
16.9531,5.10965,0.026307
17.938,4.96028,0.173211
18.9743,5.01376,0.0540727
-0.0442915,5.98933,-0.392984
0.903034,6.03456,-0.141804
1.99153,5.94283,-0.21623
3.01212,5.8992,0.114106
4.011,5.96101,-0.0343364
5.06475,6.07426,-0.0710227
6.0404,5.9369,-0.0245399
7.01894,5.96018,0.124744
8.0037,6.03775,0.133241
8.98444,6.03301,0.085461
9.95843,6.12406,-0.324302
10.9109,6.02431,-0.300076
11.9314,6.06619,-0.0481674
12.9123,6.05012,0.205087
13.9403,6.02607,0.365279
15.0048,6.03742,0.230592
16.0035,6.06032,0.013715
17.0092,6.1264,0.227015
17.9519,5.98584,-0.0948485
18.9719,5.9987,0.111725
0.000201422,6.99261,-0.0803919
0.990326,7.06,-0.0756066
2.07471,6.93569,-0.0285928
3.10152,6.91502,-0.0324442
4.06693,6.93759,-0.16607
4.99797,7.0775,0.155974
6.00606,6.94743,-0.0269143
6.98934,6.91417,-0.240172
8.04286,6.94243,-0.223777
9.04251,6.98865,-0.216315
10.0006,7.10982,-0.420359
11.0029,7.04697,-0.149828
12.0064,7.03276,-0.0737114
12.9826,7.02192,0.0574602
13.9209,7.02048,0.369997
14.9249,7.0392,0.135179
15.9427,7.06467,0.234159
16.9369,7.13314,0.170003
17.9063,6.99313,-0.192398
18.9316,7.00146,0.0443983
0.0507035,8.04953,-0.0754601
1.08075,8.01059,-0.163161
2.03133,7.95856,0.1056
3.0393,7.85461,0.295209
4.03409,7.89567,0.156874
5.02427,8.08338,-0.161159
5.99172,7.93652,0.0587817
7.02098,7.85086,0.163921
8.0203,7.90391,0.158626
9.03474,8.02427,-0.0460036
10.0675,8.09297,-0.195651
11.0833,8.0703,-0.155406
11.9865,7.96218,0.241087
12.9744,8.02368,0.226337
14.0138,7.99378,0.279373
14.956,8.06289,-0.0755547
15.9184,8.01695,-0.12794
16.8937,8.16178,0.14882
17.9248,7.99076,-0.00662862
18.9397,8.00676,0.274618
0.0353282,9.04926,0.0478164
0.974972,8.98538,0.334309
1.99167,8.942,0.327628
2.98193,8.87549,0.388907
3.99983,8.90408,0.187271
4.9826,8.98591,0.310038
5.97797,8.96561,0.120557
6.98906,8.90023,0.266796
8.03665,8.93325,0.309687
9.0728,8.98386,0.191305
10.1152,9.10606,0.105191
11.1168,8.98704,0.128001
12.1292,8.9683,0.182614
13.1121,9.02014,0.247639
14.1364,8.96643,0.192975
15.0748,9.06663,-0.175051
16.1059,9.03882,-0.0380596
17.1259,9.08143,-0.102255
18.0751,8.94602,-0.243632
19.0099,8.97828,0.0790002
-0.00517289,10.0401,-0.0780816
0.973251,9.95264,-0.0480087
1.92623,9.96804,0.238966
2.96577,9.94841,0.0447554
4.01807,9.91154,-0.150639
5.00337,10.0111,0.184448
6.03679,9.97617,0.170769
7.00222,9.9371,-0.00397656
8.01843,9.92005,0.0439467
9.01252,9.99075,0.150615
10.0586,10.0865,0.0518235
11.0246,9.96686,0.0918973
12.0649,10.0039,-0.0541002
13.0836,10.0578,0.0320902
14.0637,9.97713,0.129392
15.0661,10.0627,-0.0680136
15.9958,9.95401,0.351213
16.9536,10.0397,0.15876
17.9424,9.88561,0.162001
18.9791,9.99423,-0.0299265
-0.0219855,11.1104,-0.234083
0.900421,10.9852,0.0592151
1.90701,10.9562,0.152632
2.94092,10.9499,0.245067
3.96805,10.9477,-0.000299081
4.85359,10.9533,0.425929
5.91303,10.9555,0.37242
6.90825,10.9014,0.198288
7.89534,10.945,0.0312479
8.92296,11.0024,0.0133152
9.88932,11.0844,-0.0870571
10.8842,10.9897,-0.0592853
11.8845,11.0157,0.239619
12.9024,11.0268,0.0113346
13.8892,10.9928,0.220075
14.9334,11.0509,0.201175
15.9892,10.9851,0.298065
16.8978,11.0534,-0.150426
17.9243,10.8653,-0.0213477
18.9476,10.9864,-0.00542619
0.020893,12.0805,0.0106021
1.05602,11.9478,-0.107605
2.06957,11.8799,-0.181747
2.99708,11.9219,0.165526
4.02788,11.897,0.179986
4.9813,11.9443,0.469912
5.96962,12.0044,0.25923
6.98173,11.962,0.197986
8.0139,11.9417,0.138185
9.02687,12.0156,0.0464644
9.99316,12.1138,-0.18938
10.9828,12.0059,0.0344707
12.0086,11.9957,0.0679678
13.0148,12.0763,0.043379
14.0324,12.0515,0.159612
15.067,12.0466,0.301465
16.0834,12.0389,0.176595
17.0651,12.0325,0.14138
18.0225,11.87,-0.173428
18.9704,12.0356,0.144038
-0.0292276,13.1345,-0.15989
1.01045,12.9728,-0.358046
1.98382,12.9127,-0.0369793
3.00677,12.9033,0.0260964
3.99191,12.9292,0.0525315
5.01267,12.8607,0.0332377
5.97281,13.046,0.301938
6.98948,12.991,0.0982818
8.00071,12.9955,0.152361
9.05535,13.0054,0.269076
10.0616,13.0878,0.156896
11.0479,13.008,-0.0964141
12.1077,12.9735,-0.0609485
13.1104,13.0739,-0.0459761
14.1088,13.0778,-0.0205908
15.1499,13.0435,0.157033
16.0963,12.9695,-0.192346
16.9857,12.9952,0.349141
17.9513,12.891,0.0568041
18.977,13.0019,-0.0187506
0.00281686,14.1284,-0.222459
0.97575,13.9099,0.0104801
2.02078,14.0076,-0.0390881
3.01399,13.8857,0.117042
4.0388,13.9146,-0.0387951
5.0654,13.926,0.132844
6.07406,14.051,0.229273
7.1212,14.0049,0.129331
8.14843,13.983,0.188592
9.14534,13.9922,0.336384
10.1457,14.0485,0.153499
11.0933,13.9731,0.315201
12.0669,13.9951,0.133766
13.1053,13.9949,0.280071
14.0969,13.9567,0.487344
15.0102,14.0229,0.0551073
16.0143,13.9949,0.0404279
16.9971,14.0613,0.337455
17.9602,13.9015,0.12454
19.0009,13.9748,0.199249
0.0144932,15.1426,-0.0532395
1.01462,14.9193,-0.0971007
1.97928,15.0024,-0.19964
2.94765,14.8901,0.0773309
3.966,14.8815,-0.315317
4.94086,14.9506,-0.0303201
5.95218,15.0336,0.213736
6.95693,14.9851,0.273614
7.95117,15.0079,0.118854
8.94872,14.9664,0.337144
9.95297,14.9935,0.479843
11.0162,14.9555,0.370733
11.9623,14.9912,-0.0102084
13.0063,15.003,0.31742
14.0049,14.9812,0.30347
15.055,15.0127,0.090286
15.9991,14.9906,0.42689
16.9453,15.0732,0.118561
17.941,14.9275,0.0632435
18.9472,14.9709,0.0521989
-0.0343242,16.1312,0.104065
0.959285,15.908,-0.143001
2.00721,16.0631,-0.233183
2.97925,15.8865,0.0956999
3.99207,15.8346,0.104874
4.99881,15.9883,-0.0649892
6.00571,16.0012,-0.0238014
7.01545,15.9596,0.00529496
7.93842,15.9462,0.477972
8.96307,15.9703,0.481729
9.93938,15.9788,0.220728
10.9247,15.9698,0.23245
11.9275,15.9879,-0.0102634
12.8641,16.0173,0.46653
13.938,16.0191,0.362282
14.9574,16.0429,0.286953
15.8925,15.9813,-0.0199316
16.9607,16.0857,-0.112433
17.9768,15.9965,0.150627
18.9986,15.9692,0.139909
0.027369,17.1672,0.0584918
0.934571,16.873,0.285949
1.9775,16.9167,0.312528
2.98901,16.9096,0.196142
3.96629,16.8878,-0.0264443
4.93994,17.021,-0.0457167
5.93951,16.9947,-0.140361
7.00519,16.9894,-0.177865
7.91871,16.9154,0.175182
8.94385,16.9465,0.307807
9.96749,16.9846,0.136161
10.9731,16.9927,0.0460097
12.003,16.9943,-0.0711447
13.0229,16.9538,0.171737
14.0454,17.0182,0.181188
15.029,17.0146,0.0761711
15.9618,17.0013,0.294723
16.9827,17.006,0.27481
18.0159,17.0062,0.206714
19.0097,16.9488,0.138896
-0.0152654,18.1571,-0.0325816
0.990091,17.9289,0.189926
2.04148,17.9555,0.39924
2.99432,17.9568,0.223234
3.97941,17.9099,-0.0932768
4.98363,18.0163,-0.115937
6.01376,17.9755,0.0900113
7.00772,18.0141,-0.0118229
8.00132,17.9776,0.294037
9.03453,17.954,0.176321
9.99212,17.9856,-0.209928
10.9592,17.9709,-0.044792
11.9675,17.9947,0.0968871
12.9697,18.0156,-0.00736717
13.972,17.9941,-0.0738853
14.9827,18.0171,0.101514
15.984,17.968,0.106964
16.9751,18.0089,0.182
17.9726,17.996,0.173946
18.9565,17.9791,-0.0459181
-0.105658,19.0596,0.378549
0.901834,18.98,0.223395
1.95181,18.9716,0.281393
2.94496,18.9723,0.0251289
3.99752,18.9225,-0.0893857
4.97087,19.031,-0.282553
5.93355,18.9496,-0.0927854
6.93419,18.9971,-0.104059
7.89607,18.9454,0.102603
8.9023,19.0005,0.10076
9.91629,18.9951,0.0196356
10.9453,18.9654,-0.0198981
11.9462,18.9818,0.00754723
12.9682,19.0237,-0.126084
13.959,18.9758,0.0666738
14.9515,18.9969,0.0166814
15.9798,18.9998,0.145845
16.9485,19.0034,-0.103681
17.9704,18.9947,0.0979125
19,18.9903,0.0211615
