14.2467,-0.459175,-4.95192
-1.03717,-8.22177,-0.873147
-3.34683,-4.28858,-7.17858
15.8997,-4.37407,2.97709
7.44761,-7.59893,-16.594
-1.45105,-10.0831,-8.28071
9.05801,-4.24964,6.21858
18.2581,7.21923,2.02579
0.368374,13.173,3.3963
-2.84426,10.8649,-0.879293
8.57017,-1.42673,-4.67556
3.57474,-4.06412,-3.21343
3.14352,-3.89679,-4.80323
9.50836,-4.29047,-2.53677
6.92973,-5.40564,-8.73032
3.28703,-4.78459,-4.5706
6.59823,-0.659188,0.69592
8.79842,5.98806,1.12943
0.882196,8.55845,-0.300153
-6.42744,7.81507,-4.94604
6.92242,1.79556,-6.93392
4.91406,-0.128678,-5.41989
4.69393,-0.868572,-4.52806
6.86071,-1.5265,-3.23969
5.34638,-2.04274,-4.81036
3.7737,-0.422568,-1.81527
4.08668,2.94594,1.27274
3.49705,7.19941,3.0261
-0.712531,10.0853,4.00976
-5.28651,11.6944,3.24196
6.64923,5.32401,-9.77389
5.49463,3.67624,-7.1793
4.92329,2.53332,-4.89899
5.2133,1.58976,-2.80934
4.02991,1.23141,-1.76182
3.03675,3.09501,0.781521
2.22236,6.02216,3.50134
0.72656,9.3777,6.04706
-2.08596,12.5529,8.70177
-5.59385,15.5824,11.2485
6.74606,9.09042,-13.0456
5.65882,7.39174,-8.53011
4.62148,5.8153,-4.75367
3.76855,4.59033,-1.63862
2.75174,4.19252,0.756166
2.14337,5.83567,3.19768
1.07476,8.3884,5.98704
-0.315555,11.4319,9.22072
-2.33435,14.7559,13.2861
-7.05578,19.8867,19.121
7.82439,12.5999,-17.6127
5.24936,10.6909,-6.78663
3.72935,7.6298,-1.99027
2.28011,6.36722,1.05185
1.39659,6.54845,3.30348
1.63547,7.83924,4.86732
1.98234,9.39749,6.28404
2.16718,10.8799,7.66907
2.58534,10.2828,8.63958
5.97313,5.09983,4.22096
-2.36325,27.1203,0.300739
2.88547,9.6636,4.16219
2.61666,5.47878,3.05022
0.381564,6.72838,4.71989
-0.357765,8.45226,6.13709
1.06299,9.69221,6.5013
2.89836,10.5019,6.54847
4.89244,11.0046,6.54462
7.60812,10.3376,6.68512
10.8322,7.30134,9.62297
12.41,-24.3329,21.2022
7.03443,-7.22108,11.679
1.78074,1.05011,6.92043
-2.35158,7.07424,8.26919
-2.45007,10.4385,9.05919
0.235093,11.505,8.27172
3.19412,12.0426,6.71679
6.32972,12.5531,4.8184
9.61744,13.5292,2.22959
12.4277,17.1561,-2.79337
-1.21387,-11.0768,-6.85537
5.04133,-5.97868,3.11688
-3.33683,6.80388,1.52947
-7.25233,12.3989,10.6712
-4.95385,13.3257,11.9877
-1.71644,13.0106,10.3655
1.69009,12.6931,8.51143
5.16615,12.2749,6.79077
8.77733,11.6726,5.21114
12.5246,9.9161,5.22366
7.75148,-12.9436,0.86372
16.727,-14.799,8.86636
-11.1182,18.1712,-5.98467
-12.5227,19.2795,19.4569
-8.06464,16.166,15.3615
-4.01144,14.5113,12.5076
-0.251167,13.4461,10.2444
3.26176,12.598,8.33392
6.53293,11.8017,6.82244
9.50302,10.866,5.9658
