3.35094,4.98139,1.09972
3.01947,4.43257,0.308463
2.07349,4.67667,0.72693
2.53325,5.21612,0.023545
1.96166,6.05936,0.264687
2.42893,5.68835,1.07715
2.35753,5.50593,0.0730216
2.02868,6.42757,0.309998
2.40565,6.45432,-0.599579
3.02086,7.23592,-0.770086
3.54485,3.996,1.00123
3.8709,3.90556,0.0882687
3.02013,4.35642,0.566109
3.00939,5.2893,0.943205
2.95567,5.94497,0.233921
2.48429,5.08249,0.287973
2.72921,5.94431,0.8802
1.81923,6.15921,1.23571
2.35543,6.18681,0.374593
3.18749,6.58687,0.0225623
3.21902,4.0608,0.0695364
3.2419,3.03687,0.0540605
3.79114,3.66747,0.58861
3.08939,4.32472,0.808023
3.52324,5.0806,0.313923
2.97926,5.01773,1.15545
3.55621,5.56026,0.529319
2.60771,5.7992,0.741365
3.31667,6.46399,0.415467
3.6079,5.72615,-0.197336
3.83299,3.41907,-0.477993
4.17046,3.13132,0.43075
4.4438,3.8971,-0.15417
3.57346,4.45099,-0.071749
3.15101,5.19482,-0.583596
3.53609,4.85124,0.317801
3.96661,5.47074,-0.342308
3.44765,6.08663,0.265923
3.97659,6.0304,1.11821
3.15282,6.19931,0.590558
3.98728,3.03115,0.425352
4.51572,2.15517,0.311182
4.93753,3.06167,0.213343
4.21777,3.77994,0.336592
3.75069,4.54873,-0.138502
4.55398,4.95855,0.321253
4.71368,4.92669,-0.699216
4.12715,5.50737,-0.119712
4.76269,5.66414,0.611686
4.07167,6.22325,1.05293
4.58638,2.27056,0.16972
5.43684,2.17637,0.745805
6.00891,2.86236,0.311344
5.16323,3.45919,0.088818
4.68188,4.19517,-0.449297
5.19374,5.06001,-0.547124
4.63817,5.90764,-0.596515
5.10696,5.24621,0.018714
5.59792,6.12649,0.120774
4.82832,6.66089,0.476662
4.98812,3.01544,-0.414441
5.83785,2.75504,0.0644887
6.48678,3.28805,-0.448354
5.54747,3.34333,-0.836366
5.74674,4.21959,-0.365636
6.19615,5.12507,-0.352156
5.60729,5.84117,-0.833323
4.62255,5.99325,-0.489477
5.15166,6.90652,-0.274837
5.03745,7.63144,0.412235
5.64009,2.90175,0.380425
6.55729,3.23097,0.578576
6.64694,4.12937,0.0680288
5.70083,4.2142,-0.308078
5.35818,5.13121,-0.239668
5.69913,5.86833,-0.810123
5.47401,6.54319,-0.131877
4.71659,6.35809,0.492386
5.05618,7.27294,0.655306
6.00838,7.44508,0.523814
5.68841,3.83276,0.0192541
6.61315,3.67991,-0.299252
5.85712,4.35101,-0.495245
6.40746,4.7716,0.275198
6.20954,5.67317,-0.106006
5.97638,6.62424,-0.219575
5.62848,7.58077,-0.275042
5.58509,6.57846,-0.0288614
5.77501,7.57872,0.00813318
6.59501,8.15045,0.0395306
6.62958,3.74321,-0.367849
7.30114,4.05712,0.364913
6.36374,3.74163,0.190838
6.60873,4.14035,1.05667
6.50125,4.98687,0.600076
5.85883,5.7468,0.242701
5.51388,6.58283,-0.173159
5.59253,7.56461,-0.318824
6.5943,7.77056,-0.531169
7.15474,8.60454,-0.603464
