2.64276,4.14725,1.60983
3.11693,4.644,0.878109
2.26349,5.14444,0.648952
2.80479,5.20749,-0.18731
3.24241,6.11863,-0.32508
2.35277,6.13446,0.185607
3.06023,6.79491,-0.273611
2.09553,6.90731,-0.0524369
2.87452,6.30536,-0.2262
3.49525,6.52974,0.550893
3.32877,4.67752,1.00049
3.82681,4.62839,0.130186
2.85802,4.5362,0.1133
2.48598,5.25128,0.760607
2.88586,5.21162,-0.143327
2.23349,5.16579,0.646788
2.72485,5.94483,0.194418
1.9092,6.19531,0.646712
2.71285,5.60529,0.456493
3.47668,5.83752,-0.188675
3.25517,3.76615,0.557839
3.73617,3.73891,-0.325678
3.73266,4.29861,0.515952
3.26761,4.81612,1.23755
3.43141,5.54783,0.566997
3.03458,4.65113,0.967464
3.49097,5.45288,0.605167
2.65116,5.68767,1.12696
3.01092,6.56922,0.768783
3.89831,6.69466,0.244523
4.18392,3.88104,0.193899
4.60708,3.29577,-0.5009
3.72767,3.51351,-0.0855861
3.733,4.35186,0.468603
3.66854,5.0544,-0.296683
4.0164,4.67885,0.602457
4.25302,5.41786,-0.0486587
3.41397,5.60264,0.556334
4.01365,6.38871,0.779769
4.74456,7.0519,0.644581
4.10216,3.46951,-0.697986
3.95333,2.83907,0.109558
4.58806,3.26927,-0.558449
4.23042,3.46441,0.328245
4.2301,4.24194,-0.28674
4.59884,5.13977,-0.0759819
4.18808,5.11735,-1.01241
4.15843,5.20991,0.016245
4.75381,5.88929,0.366021
4.69712,6.24042,1.28445
4.37755,3.16906,0.194693
4.696,2.20254,0.0997986
5.42065,2.80047,-0.220048
4.96924,3.74484,-0.290081
5.04842,4.68921,-0.624708
5.51496,5.45408,-0.119315
4.93198,5.81402,-0.924671
5.0032,4.88608,-0.525486
4.89611,5.87105,-0.644224
5.07735,6.23361,0.312046
4.73214,2.98766,-0.750328
5.55217,2.62484,-0.246821
6.14952,3.24439,-0.836488
5.50471,4.0238,-1.1045
5.98672,4.46458,-0.273962
6.42473,5.32608,-0.483395
5.93132,5.9882,-1.05718
5.16543,5.91217,-0.436927
4.75833,6.67734,0.0145665
5.72292,7.02868,0.175146
5.499,2.68835,-0.174548
6.3451,2.92119,0.322675
6.67248,3.75629,-0.117255
5.91868,4.41223,-0.253441
5.13135,5.04834,-0.0726157
5.54728,5.79134,-0.652669
5.88924,6.6111,-0.300433
5.17782,6.3401,0.462416
5.59623,7.1908,0.216486
6.28984,6.99576,0.988812
5.31288,3.5899,0.293167
6.24618,3.88285,0.61876
5.8718,4.37308,-0.178411
6.31852,5.13587,0.337535
5.56267,5.80959,0.424973
5.79718,6.70889,-0.126719
5.95458,7.61688,-0.50604
5.25762,6.92257,-0.327448
6.02721,6.30617,-0.010773
6.28842,7.28603,0.0620716
6.34016,3.62527,0.24882
7.17878,3.63521,0.835224
6.78947,4.43207,0.32335
5.9783,4.41921,0.925413
6.39844,5.19021,0.452898
6.54623,6.03388,-0.0950499
6.6076,7.02393,-0.0507035
5.83145,7.56768,0.22924
6.32143,7.14242,-0.524223
5.55854,6.62683,-0.203107
