0.14976,0.497214,-2.25795
0.113526,1.80604,-2.30383
0.145201,3.0565,-2.33821
0.186032,4.32026,-2.36718
0.235047,5.57611,-2.52175
0.173287,6.85561,-2.57094
0.200119,8.11532,-2.6681
0.309348,9.35055,-2.70413
0.446992,10.5771,-2.65997
0.775146,11.7595,-2.65029
1.21852,12.825,-2.65426
1.09762,13.8628,-2.60845
0.577618,14.7715,-2.56402
0.521558,15.7485,-2.28451
0.0910642,16.5986,-1.88336
0.422858,17.4583,-1.46508
-0.149248,18.2933,-1.32939
0.0959777,17.3255,-1.29806
-0.0140446,18.2712,-0.917252
-0.0132969,18.988,-0.153981
0.78175,1.29254,-2.40798
0.892792,2.4525,-2.38836
0.966509,3.63034,-2.43629
1.07192,4.84842,-2.48085
1.13239,6.04807,-2.51095
1.12628,7.25,-2.5656
1.21666,8.48376,-2.65383
1.33693,9.73729,-2.69767
1.50707,10.9683,-2.66443
1.77432,12.1413,-2.87398
2.10831,13.3059,-3.14412
1.98299,14.3584,-2.77447
1.48282,15.11,-2.18996
1.47201,16.0931,-2.35133
1.04629,16.926,-1.94474
1.5706,17.5684,-1.44842
0.848897,18.2234,-1.56735
1.16251,17.2714,-1.4724
1.02763,18.2281,-1.14258
0.948656,19.0476,-0.56148
1.76183,1.69611,-2.40906
1.86802,2.87145,-2.38037
1.91057,4.06295,-2.37317
2.01715,5.22586,-2.37657
2.04897,6.44483,-2.42514
2.08001,7.65018,-2.50022
2.18787,8.85959,-2.50425
2.3452,10.124,-2.68318
2.44032,11.4095,-2.78582
2.61693,12.7252,-3.14811
2.86388,14.1493,-3.7047
2.57592,15.3176,-3.03518
2.17521,15.7992,-1.82249
2.20978,16.7845,-2.31318
1.83975,17.3438,-1.33778
2.16141,17.0388,-2.18076
1.90645,17.9012,-1.62319
2.11391,16.9684,-1.51856
1.99043,18.0426,-1.41987
1.88217,19.0443,-1.06427
2.76998,1.3775,-2.32015
2.82983,2.53561,-2.38932
2.88044,3.68054,-2.42033
2.95596,4.88459,-2.42202
2.98089,6.05618,-2.47228
3.04662,7.1631,-2.38443
3.05446,8.34129,-2.3576
3.12719,9.53127,-2.57189
3.11962,10.671,-2.67963
3.16928,11.9096,-2.74327
3.24866,13.0939,-2.94281
3.03753,14.1794,-2.71133
2.77393,14.9265,-2.05337
2.97093,15.9482,-2.2541
2.56876,16.6205,-1.56487
3.07369,17.3345,-2.0694
2.92026,17.9077,-1.25502
2.99513,17.2047,-1.92827
3.02485,18.0215,-1.32582
2.9087,19.0564,-1.05247
3.82003,1.0926,-2.38307
3.75736,2.15753,-2.41125
3.82799,3.30716,-2.49364
3.8859,4.41603,-2.52778
3.89819,5.53137,-2.42918
3.97426,6.62486,-2.45177
3.9071,7.75504,-2.32644
3.92239,8.84952,-2.40429
3.86392,9.90656,-2.58175
3.81135,11.0785,-2.72742
3.83132,12.234,-2.66503
3.74102,13.2589,-2.47664
3.61229,14.2595,-2.08372
3.72834,15.2758,-2.25407
3.53515,16.1853,-1.81336
4.04552,17.0987,-2.01817
3.90072,17.5248,-1.1076
3.97515,17.4883,-2.11235
4.02186,18.2605,-1.38196
3.86693,19.2052,-1.24001
4.80055,0.798465,-2.2489
4.75631,1.85415,-2.26355
4.77658,2.94829,-2.32086
4.80045,4.02658,-2.24069
4.81608,5.10703,-2.33688
4.89395,6.19744,-2.40833
4.83184,7.31834,-2.51106
4.87312,8.39803,-2.36598
4.7719,9.42913,-2.46246
4.67011,10.4749,-2.61675
4.61762,11.5511,-2.52159
4.55207,12.5841,-2.49416
4.39475,13.6046,-2.28421
4.55411,14.6168,-2.40557
4.3909,15.5104,-1.98212
4.7875,16.4272,-2.13799
4.77524,17.0796,-1.30823
5.03312,17.5095,-2.23974
5.03244,18.0794,-1.42149
4.78686,18.9658,-0.960183
5.74533,0.361843,-2.3645
5.73347,1.47943,-2.34727
5.73564,2.58103,-2.26212
5.73189,3.64434,-2.27394
5.77861,4.70407,-2.22887
5.83351,5.79518,-2.31748
5.72369,6.80793,-2.30222
5.72683,7.88424,-2.45211
5.66277,8.94232,-2.41955
5.58491,9.9877,-2.40486
5.51818,11.0442,-2.34224
5.48527,12.0852,-2.34962
5.36559,13.0937,-2.28813
5.49044,14.1058,-2.23903
5.41623,15.0865,-2.01018
5.73876,16.0504,-1.95507
5.75707,16.9321,-1.45353
6.03174,17.6179,-2.14454
6.01538,18.0692,-1.26618
5.83381,18.9659,-0.854646
6.625,0.0970946,-1.99935
6.65458,1.17181,-1.96893
6.70975,2.17967,-2.15855
6.72306,3.2853,-2.24159
6.75273,4.38134,-2.16931
6.8058,5.4555,-2.32206
6.70988,6.49134,-2.32858
6.68968,7.52267,-2.2926
6.67358,8.61537,-2.47314
6.55287,9.6178,-2.3298
6.51789,10.6668,-2.38233
6.46791,11.6912,-2.42623
6.3721,12.7245,-2.33513
6.43289,13.7254,-2.09934
6.41972,14.7798,-2.03824
6.72973,15.7492,-1.81209
6.72353,16.6339,-1.41024
6.99974,17.4224,-1.98953
7.08527,17.9776,-1.11046
6.81833,18.9775,-0.941804
7.70604,0.00387585,-1.85319
7.66871,1.02057,-1.78974
7.69448,2.03425,-1.85588
7.7271,3.09334,-1.82427
7.70401,4.15032,-1.9163
7.69657,5.24154,-1.93581
7.64256,6.27898,-1.96464
7.64009,7.37732,-2.01162
7.60831,8.3836,-2.24026
7.5617,9.41465,-2.33287
7.5584,10.469,-2.42134
7.48713,11.5213,-2.375
7.46241,12.4422,-2.03754
7.44062,13.4453,-1.90253
7.41747,14.4651,-1.88284
7.7298,15.4543,-1.77322
7.7261,16.3837,-1.33642
7.96135,17.3041,-1.67694
8.05647,17.8963,-0.832221
7.8546,18.86,-0.940703
8.7563,-0.119568,-1.8399
8.71204,0.91908,-1.80804
8.72315,1.92894,-1.75797
8.69639,2.99621,-1.79343
8.70209,4.06528,-1.80542
8.73546,5.11213,-1.76019
8.61287,6.12079,-1.83169
8.61538,7.16367,-1.93764
8.56117,8.173,-2.0071
8.56587,9.23134,-1.97765
8.50188,10.2874,-2.09684
8.5842,11.333,-2.14905
8.501,12.3345,-1.97274
8.4358,13.3318,-1.72297
8.49895,14.3294,-1.70701
8.70907,15.3183,-1.50581
8.71963,16.3095,-1.63562
9.00584,17.3135,-1.48369
9.07712,18.1132,-0.94228
8.87311,19.0949,-0.877569
9.77749,-0.274029,-1.71628
9.73692,0.776644,-1.6951
9.76789,1.85828,-1.72739
9.81393,2.94292,-1.67482
9.70223,4.02327,-1.65436
9.76512,5.01827,-1.57564
9.65973,6.02094,-1.51592
9.68968,7.0336,-1.72009
9.58685,8.01238,-1.89273
9.58603,9.08575,-2.00717
9.52452,10.1167,-1.89547
9.55207,11.2071,-1.7986
9.47998,12.2611,-1.66337
9.42424,13.2502,-1.80022
9.51571,14.2301,-1.47556
9.71862,15.2,-1.26324
9.80383,16.1981,-1.58029
10.0066,17.1941,-1.28698
10.0846,18.1334,-0.958013
9.87635,19.1311,-0.98479
10.8648,-0.176205,-1.6324
10.7273,0.865337,-1.54468
10.7644,1.87297,-1.53664
10.8076,2.94077,-1.39847
10.7388,3.95916,-1.66935
10.7591,5.02537,-1.61635
10.6803,6.0177,-1.54186
10.6859,7.0221,-1.6999
10.6276,8.0345,-1.82634
10.5663,9.03493,-1.66596
10.4798,10.0896,-1.64737
10.5485,11.1364,-1.68657
10.5215,12.1603,-1.75974
10.4722,13.1814,-1.75472
10.5922,14.1594,-1.41222
10.7724,15.1631,-1.26824
10.7809,16.164,-1.25386
11.0288,17.1459,-1.01061
11.1239,18.1529,-0.866652
10.9011,19.1619,-0.89024
11.9147,-0.0488266,-1.51358
11.7022,0.885272,-1.21429
11.8093,1.88159,-1.4396
11.7711,2.90286,-1.43802
11.8115,3.91914,-1.46765
11.7755,4.91945,-1.63937
11.7278,5.99875,-1.55504
11.6803,6.96948,-1.90277
11.6393,7.99864,-1.72284
11.6061,9.01249,-1.52873
11.5211,9.99017,-1.77929
11.555,11.0549,-1.73435
11.5664,12.0808,-1.67698
11.4844,13.08,-1.50467
11.6004,14.0999,-1.49152
11.7803,15.0616,-1.10554
11.8268,16.0719,-1.23063
12.0446,17.0712,-1.12112
12.095,18.0459,-0.868337
11.9708,19.0429,-0.776849
12.9618,-0.108429,-1.42726
12.735,0.830128,-1.15991
12.8713,1.86485,-1.22646
12.8325,2.86469,-1.49965
12.8262,3.88565,-1.39621
12.7895,4.89056,-1.62737
12.759,5.92547,-1.62761
12.7518,6.92953,-1.66391
12.7119,7.97843,-1.62566
12.6285,8.97966,-1.3783
12.5656,9.99384,-1.54157
12.6108,11.0238,-1.56814
12.6097,12.024,-1.49219
12.5476,13.0435,-1.56955
12.6657,14.0692,-1.42655
12.8327,15.0369,-1.2609
12.8849,16.0657,-1.28297
13.0631,17.1442,-1.15511
13.0967,18.1656,-0.978423
12.9666,19.1485,-0.949101
13.9362,-0.189117,-1.34941
13.8142,0.841563,-1.1914
13.9069,1.85003,-1.24725
13.8655,2.82216,-1.59887
13.8134,3.80049,-1.48286
13.8376,4.85037,-1.61795
13.8329,5.86385,-1.65292
13.7644,6.8878,-1.63282
13.7494,7.91466,-1.70331
13.6723,8.94884,-1.63022
13.6148,10.0206,-1.53655
13.6311,11.0819,-1.45286
13.6331,12.1065,-1.28574
13.638,13.1138,-1.38015
13.7542,14.1175,-1.44389
13.8688,15.1438,-1.18085
13.9275,16.1298,-1.31134
14.1017,17.1602,-1.20797
14.0669,18.1921,-1.09355
13.9661,19.2245,-1.01991
14.9673,-0.268709,-1.24948
14.8695,0.779861,-1.30231
14.928,1.7698,-1.24301
14.9165,2.78813,-1.46302
14.9064,3.80151,-1.30732
14.8224,4.85677,-1.29353
14.8492,5.88034,-1.42015
14.7686,6.94909,-1.48432
14.7885,7.96522,-1.44853
14.6541,8.98276,-1.44548
14.6557,10.0153,-1.3247
14.6814,11.0372,-1.25888
14.6645,12.0419,-1.24484
14.6544,13.064,-1.11488
14.7807,14.015,-1.37414
14.9003,15.0437,-1.34647
15.0208,16.1099,-1.33698
15.1004,17.0754,-1.01465
15.1198,18.1141,-0.929664
15.0067,19.2097,-0.920173
15.9952,-0.230815,-1.22766
15.8442,0.780441,-1.30161
15.9294,1.79963,-1.1658
15.9157,2.81277,-1.47692
15.901,3.86904,-1.43511
15.8337,4.8907,-1.3224
15.8726,5.92934,-1.51047
15.8363,6.9706,-1.36679
15.8024,8.02676,-1.52292
15.7898,9.03727,-1.41269
15.689,10.0236,-1.2745
15.7457,11.0193,-1.17008
15.7561,12.1012,-1.25691
15.688,13.1323,-1.1281
15.7823,14.1597,-1.35547
15.8319,15.197,-1.12355
15.9912,16.1832,-1.15087
16.1241,17.1736,-0.995724
16.1877,18.1527,-0.705036
16.0345,19.1424,-0.875362
17.0268,-0.253148,-1.15695
16.8593,0.787271,-1.19923
16.9116,1.80069,-1.23688
16.8987,2.85493,-1.36424
16.8967,3.88198,-1.45421
16.8819,4.92537,-1.3274
16.9028,5.91939,-1.38945
16.8721,6.91898,-1.37727
16.8484,7.94046,-1.2623
16.8542,8.96657,-1.15829
16.7833,10.0181,-1.12593
16.7513,11.0575,-1.07656
16.7971,12.1145,-1.11547
16.7502,13.1214,-1.10287
16.8395,14.1591,-1.2443
16.871,15.1601,-0.988122
16.9285,16.1569,-0.892654
17.1316,17.2131,-0.864968
17.2821,18.2355,-0.766253
17.0416,19.2318,-0.538182
18.0757,-0.249095,-1.12678
17.9374,0.797211,-1.17747
17.9702,1.81163,-1.11769
17.972,2.84134,-1.37285
17.9327,3.89171,-1.2562
17.9243,4.92429,-1.35214
17.9859,5.94115,-1.3806
17.9123,6.99114,-1.38409
17.917,8.02501,-1.27862
17.8756,9.06246,-0.959737
17.7766,10.0739,-0.91319
17.7783,11.125,-0.924552
17.8593,12.1276,-1.01636
17.8319,13.1321,-1.12643
17.8565,14.1273,-1.05499
17.9073,15.1329,-1.04799
18.034,16.1806,-0.99451
18.1053,17.1974,-0.860274
18.2746,18.1338,-0.429615
18.0221,19.0699,-0.550932
19.0679,0.0601215,-0.973644
18.9193,1.01956,-1.23757
18.9953,2.01921,-1.01651
19.015,2.99079,-1.34013
18.905,4.02673,-1.259
18.8881,5.06259,-1.09968
19.0112,6.06065,-1.30243
18.8901,7.09929,-1.11588
18.9143,8.08719,-1.0023
19.0055,9.08055,-0.860179
18.8275,10.097,-0.936241
18.9006,11.1301,-0.905463
18.8976,12.1312,-1.04387
18.8752,13.1955,-1.07255
18.9226,14.1974,-1.08227
19.0251,15.2279,-1.14717
19.0782,16.1906,-0.927415
19.0874,17.1977,-0.641368
19.2852,18.2177,-0.495676
19.0183,19.0714,-0.0517533
