-0.170272,0.993399,-1.09278
0.0300913,1.28938,-0.14011
0.0274117,2.27322,-0.22577
0.0528764,3.38226,-0.190344
-0.180978,4.31321,-0.602853
-0.0838801,5.27457,-0.33263
-0.112992,6.25671,-0.0995941
-0.123078,7.29015,-0.272582
-0.13517,8.3081,-0.376321
-0.128532,9.38214,-0.393286
-0.114057,10.3525,-0.31648
-0.120161,11.3409,0.0564013
-0.270907,12.2342,-0.32584
-0.14387,13.2059,-0.793695
-0.0646321,14.2331,-1.01848
-0.0842067,15.1462,-0.599738
-0.12429,16.1997,-0.425752
-0.243428,17.1635,-0.125468
-0.112857,18.1177,0.0924223
0.109671,19.082,0.10076
0.073574,20.0337,-0.262142
-0.1786,20.956,0.0617512
-0.174764,21.9291,0.302167
-0.0960997,22.9328,0.313129
-0.111386,23.9571,0.0912076
-0.142924,24.9979,-0.00596942
-0.0375591,25.9758,0.302838
-0.000582904,26.7938,-0.398868
-0.0499619,27.7564,-0.150325
-0.154161,28.7413,-0.130314
0.828809,0.955516,-0.816315
0.971908,1.67577,-0.111377
0.951015,2.60683,-0.517512
1.04645,3.65241,-0.34463
0.828269,4.58698,-0.543336
0.996344,5.55434,-0.359185
0.904401,6.51102,-0.120631
0.885266,7.52727,-0.150587
0.891232,8.49334,-0.456777
0.925199,9.50897,-0.477322
0.885122,10.4883,-0.291733
0.956108,11.4708,0.0309275
0.758638,12.3116,-0.528016
0.885363,13.2544,-0.89729
0.923472,14.2072,-1.23298
0.90596,15.1882,-0.88113
0.88395,16.1441,-0.524662
0.787817,17.0814,-0.174859
0.887939,18.0574,0.00295724
1.09734,19.0459,-0.23123
1.16407,20.0479,-0.380523
0.884225,20.9819,-0.0381664
0.900293,21.983,0.251628
0.846529,22.8784,-0.106619
0.869387,23.8488,0.143059
0.824308,24.8527,0.116626
0.906467,25.8614,-0.0634846
1.03948,26.7788,-0.362651
0.926328,27.774,-0.231794
0.947069,28.7603,-0.0824915
1.83538,1.14314,-0.559081
1.91415,2.04506,-0.135325
1.80462,3.07476,-0.173708
2.0255,4.0088,-0.504791
1.79968,4.9467,-0.335173
1.94103,5.89332,-0.050734
1.87663,6.89805,-0.259224
1.85066,7.92094,-0.314051
1.80616,8.81736,-0.773006
1.93526,9.76336,-0.467943
1.89044,10.7473,-0.573852
1.93341,11.6782,-0.279565
1.7443,12.4511,-0.858718
1.91408,13.4398,-1.14867
1.92013,14.4123,-1.34763
1.96781,15.3378,-0.937642
1.92666,16.2477,-0.59516
1.81921,17.1749,-0.253169
1.89694,18.1722,-0.210312
2.05158,19.1301,-0.562981
2.21643,20.1389,-0.467663
1.89214,20.9426,0.0643208
1.87264,21.9571,-0.0451338
1.93925,22.9499,-0.12046
1.84426,23.9407,-0.00984222
1.85381,24.9412,0.0959441
1.9625,25.9594,-0.00799585
2.08992,26.7794,-0.570006
1.82454,27.7981,-0.587011
1.95395,28.7329,-0.173739
2.86847,1.24171,-0.422269
2.8959,2.1736,-0.0303995
2.8526,3.19549,-0.180117
3.04594,4.21877,-0.321763
2.81833,5.2236,-0.246779
2.96395,6.22366,0.00894498
2.88139,7.24952,-0.0958617
2.857,8.25026,-0.290567
2.75242,9.11643,-0.790173
2.95105,9.95533,-0.185376
2.87139,10.9312,-0.423768
2.99881,11.9184,-0.417127
2.78712,12.4966,-1.20679
2.88391,13.4838,-1.38975
2.94339,14.4491,-1.25627
2.92827,15.4396,-1.22887
2.94389,16.2946,-0.665017
2.78803,17.2801,-0.570287
2.88053,18.2667,-0.471279
3.08434,19.2008,-0.664971
3.22378,20.107,-0.300006
2.9196,21.0284,-0.0219611
2.93426,22.0217,-0.0753716
2.9442,23.0074,0.206778
2.90031,23.9843,0.157933
2.86354,25.0096,0.34199
2.99528,26.0189,0.0245552
3.08188,26.7573,-0.712848
2.81708,27.7031,-0.457302
2.96925,28.6375,-0.0126347
3.93099,1.36,-0.287121
3.86713,2.33648,-0.0412427
3.90743,3.32987,-0.230979
4.0934,4.31071,-0.423887
3.88514,5.27917,-0.160457
3.9546,6.2823,-0.178906
3.88137,7.29784,-0.0533097
3.84693,8.29074,-0.148595
3.78299,9.14285,-0.717551
3.84127,10.216,-0.697818
3.88936,11.1919,-0.472127
4.02659,12.2061,-0.492206
3.84876,12.6717,-1.40385
3.90678,13.6992,-1.34359
3.85957,14.5751,-1.84976
3.95999,15.5431,-1.33466
3.98203,16.1968,-0.574343
3.7854,17.1943,-0.871194
3.91578,18.2101,-0.743199
4.12312,19.1801,-0.752589
4.20194,20.1587,-0.520225
3.95757,21.126,-0.210681
3.9873,22.1231,-0.136152
3.93492,22.9932,0.471432
3.973,24.0103,0.270617
3.85832,24.9846,0.144349
3.98542,25.9989,0.154137
4.09853,26.7139,-0.527818
3.83182,27.6716,-0.342393
3.99108,28.6453,-0.101358
4.86984,1.69076,-0.327848
4.9019,2.65717,0.047499
4.92749,3.65723,-0.051973
5.12733,4.62998,-0.34908
4.91168,5.56043,-0.0167089
4.89049,6.56187,0.0448592
4.8206,7.47605,-0.373333
4.8892,8.48345,-0.37344
4.80606,9.37434,-0.802518
4.80852,10.4012,-0.935923
4.88103,11.3843,-0.755968
4.96681,12.377,-0.709812
4.84746,12.8617,-1.58166
4.93741,13.8715,-1.46765
4.80403,14.7103,-2.09762
5.00387,15.4317,-1.33131
4.9966,16.1901,-0.618372
4.78555,17.1682,-0.775134
4.8979,18.1736,-1.02767
5.09758,19.1646,-0.791452
5.15828,19.9839,-0.235527
4.93291,20.9613,-0.0343211
4.93795,21.944,0.152132
4.99729,22.8821,0.414914
4.95283,23.851,0.195502
4.8926,24.8441,0.148088
5.02039,25.8306,0.294653
5.13456,26.6299,-0.296149
4.84306,27.6227,-0.35959
5.03417,28.4885,0.1223
5.84414,1.96841,-0.469082
5.85506,2.9683,-0.152025
5.8654,3.92573,0.114948
6.11548,4.8701,-0.168795
5.87689,5.8297,-0.118552
5.86222,6.81286,-0.18413
5.78915,7.76337,-0.483319
5.94833,8.7594,-0.397269
5.85606,9.64243,-0.876769
5.77213,10.6934,-1.03325
5.90077,11.6336,-0.708469
5.93267,12.5818,-1.03439
5.83215,13.1471,-1.84071
5.99517,14.0583,-1.44428
5.84453,14.7484,-2.16765
5.97648,15.576,-1.56579
5.98096,16.2891,-0.863866
5.79676,17.3089,-0.998685
5.86832,18.261,-1.34128
6.09925,19.1476,-0.946294
6.17788,19.8847,-0.309357
5.93076,20.8723,-0.31637
5.93084,21.8998,-0.10683
5.99903,22.7505,0.504498
6.0041,23.7717,0.340614
5.86063,24.696,-0.113471
5.96697,25.7047,-0.0465072
6.09875,26.6805,0.174407
5.7939,27.4189,-0.395636
6.01793,28.2014,0.219904
6.86026,2.14653,-0.365374
6.87063,3.12347,-0.0590381
6.87391,4.11825,-0.205112
7.11586,5.13216,-0.30614
6.86893,6.1599,-0.271764
6.88944,7.1862,-0.15186
6.76294,8.07445,-0.612635
6.8707,9.04908,-0.631315
6.77564,10.0289,-0.871233
6.71838,11.0313,-0.709537
6.77529,11.9168,-1.13445
6.91768,12.9073,-1.06157
6.88367,13.4498,-1.90862
6.99609,14.3364,-1.38339
6.92301,14.7156,-2.28202
6.97909,15.5394,-1.73845
6.94749,16.2946,-1.11445
6.84229,17.273,-1.09965
6.87635,18.1516,-1.57092
7.11783,18.9102,-0.926368
7.15961,19.8438,-0.506616
6.94521,20.7808,-0.301382
6.90493,21.7026,0.0497269
7.04779,22.6364,0.376836
7.00398,23.6521,0.3837
6.8473,24.561,-0.013422
6.95922,25.5944,0.010889
7.13212,26.6364,0.00362865
6.77801,27.526,-0.338874
7.07503,28.3669,0.0911649
7.82007,2.32009,-0.497671
7.89051,3.28206,-0.188714
7.93108,4.27755,-0.144523
8.114,5.28274,-0.267882
7.90743,6.32197,-0.335475
7.86189,7.35529,-0.248943
7.77677,8.33842,-0.624546
7.89942,9.3223,-0.733717
7.7329,10.3414,-0.849892
7.74085,11.3996,-0.652428
7.75483,12.3433,-1.18372
7.82105,13.3824,-1.20233
7.83309,13.6268,-2.19623
8.00298,14.3194,-1.4881
7.89448,14.7216,-2.47418
8.09677,15.4221,-1.79361
7.97446,16.2311,-1.26392
7.86847,17.1811,-0.905921
7.91916,17.9844,-1.55965
8.08891,18.9357,-1.13713
8.14474,19.7857,-0.61782
8.00456,20.747,-0.32989
7.91306,21.6303,0.178234
8.04601,22.6084,0.312244
8.00179,23.6027,0.364992
7.86616,24.5749,0.065273
7.91595,25.6198,0.171154
8.13424,26.5822,0.126014
7.80409,27.4644,-0.105655
8.09303,28.3508,0.305335
8.79714,2.39774,-0.0982086
8.90915,3.39185,0.00036317
8.94177,4.39465,-0.0566637
9.12163,5.35293,-0.387619
8.9571,6.37177,-0.295523
8.91638,7.42008,-0.395645
8.8176,8.46705,-0.596753
8.89345,9.51712,-0.626887
8.76856,10.539,-0.908124
8.75528,11.6052,-0.837782
8.75974,12.5553,-1.24261
8.77027,13.674,-1.3097
8.80497,13.7094,-2.35177
8.9324,14.556,-1.79327
8.91552,14.8114,-2.81395
9.045,15.4886,-2.08275
8.98307,16.1186,-1.3018
8.87779,17.1222,-1.04697
8.93851,18.0761,-1.48415
9.07845,18.9147,-0.927522
9.14563,19.9418,-0.638285
9.01621,20.7352,-0.0418592
8.87298,21.7253,-0.154195
9.03872,22.6774,0.0220374
8.95772,23.7091,0.0301584
8.87245,24.6843,0.237327
8.96535,25.6838,0.117609
9.18897,26.6643,0.121778
8.69643,27.3371,-0.513407
9.04896,28.241,-0.116214
9.78584,2.70483,-0.224094
9.91799,3.75904,-0.173006
9.88604,4.70996,0.1472
9.98108,5.67504,0.163472
9.96714,6.6511,-0.258309
9.93065,7.62668,-0.477923
9.86605,8.66316,-0.538829
9.90397,9.63611,-0.725855
9.7938,10.6935,-0.689825
9.80974,11.7141,-0.756374
9.86123,12.6578,-1.17532
9.822,13.6371,-1.42789
9.81267,13.6172,-2.50565
9.89455,14.4596,-1.97378
9.95517,14.7745,-2.96904
10.1155,15.4107,-2.13736
9.97792,16.0896,-1.37333
9.89865,17.0794,-1.13284
9.99438,18.0055,-1.44883
10.0651,18.951,-1.06125
10.1912,19.8391,-0.605637
10.0145,20.7182,-0.111374
9.94109,21.7278,-0.141301
10.0384,22.6597,0.25627
9.97475,23.6559,0.0230873
9.90919,24.6497,0.000589007
9.89334,25.6072,-0.218354
10.214,26.5595,0.0427137
9.67029,27.3226,-0.285543
10.0747,28.2637,-0.197119
10.7687,2.96412,-0.423344
10.9104,3.954,-0.325681
10.9268,4.82697,0.132395
10.9754,5.80177,-0.0461715
11.0262,6.78182,-0.2395
10.932,7.73713,-0.539747
10.8677,8.72571,-0.893439
10.9228,9.71375,-0.630326
10.9049,10.7122,-0.621088
10.8835,11.7493,-0.842598
10.8989,12.705,-1.19446
10.8631,13.648,-1.53385
10.825,13.7538,-2.5521
10.9122,14.4863,-1.8618
10.9457,14.4913,-2.88591
11.1081,15.2596,-2.24881
10.99,15.9057,-1.46866
10.9224,16.8498,-1.06214
10.9697,17.8549,-1.11584
11.0717,18.8821,-1.02084
11.2351,19.8062,-0.509647
11.0157,20.6774,-0.0651479
10.9593,21.6937,0.0564409
10.9651,22.7017,-0.134355
10.9805,23.6558,0.218299
10.9967,24.7021,-0.0157018
10.9481,25.6939,-0.187906
11.2289,26.6214,0.0979919
10.6902,27.3617,-0.303217
11.1707,28.2716,-0.360634
11.7608,2.77722,-0.320569
11.8884,3.8082,-0.168761
11.9532,4.8342,-0.0792779
12.0081,5.82445,-0.00563066
12.0773,6.81192,-0.376757
11.9457,7.81069,-0.427494
11.8971,8.85552,-0.685543
11.9572,9.87381,-0.739436
11.9032,10.8749,-0.94264
11.8394,11.8868,-0.978741
11.9367,12.8642,-1.23852
11.8343,13.7658,-1.71451
11.8103,13.8381,-2.73608
11.8706,14.5995,-2.06117
11.9308,14.6588,-3.12165
12.1288,15.4051,-2.40972
11.9382,16.1338,-1.75817
11.921,17.029,-1.35487
11.9783,17.9601,-1.01122
12.0587,18.9561,-0.768529
12.2491,19.8395,-0.299167
12.0232,20.7669,-0.00860012
11.9807,21.7178,-0.260533
12.0194,22.7619,-0.163295
11.9712,23.6757,0.270791
12.0486,24.6452,-0.0188757
11.8767,25.6141,0.229917
12.2158,26.5488,-0.00103153
11.713,27.4202,-0.338978
12.1911,28.3598,-0.239332
12.7889,2.89963,-0.156926
12.9028,3.92382,-0.232163
12.9943,4.88521,-0.250511
13.0022,5.9401,-0.257021
13.119,6.95861,-0.31615
12.9591,7.93845,-0.469127
12.892,8.88723,-0.697324
12.9705,9.89758,-0.718348
12.9827,10.8516,-1.00678
12.9065,11.8458,-0.990515
12.9592,12.7135,-1.48859
12.9173,13.7093,-1.61379
12.898,13.7882,-2.63678
12.9058,14.536,-1.97883
12.9223,14.7936,-2.9569
13.1092,15.3467,-2.15256
12.9974,16.2123,-1.75119
12.9323,17.1078,-1.24252
12.9487,18.136,-1.20742
13.09,18.8149,-0.515616
13.228,19.8301,-0.672958
12.9915,20.7683,-0.485788
13.0706,21.7578,-0.300006
13.0974,22.776,-0.232234
12.8722,23.7611,-0.131895
13.0077,24.7026,0.302719
12.9529,25.6914,0.0213263
13.1913,26.6707,0.217624
12.7424,27.4593,-0.237675
13.2122,28.2871,0.0094058
13.8123,3.0298,-0.00427564
13.9303,3.94822,-0.358568
14.0269,4.91662,-0.15689
14.0396,5.91666,-0.403732
14.1262,6.94417,-0.174395
14.0745,7.93219,-0.47011
13.9082,8.90557,-0.804975
13.9874,9.91791,-0.892859
14.0538,10.8349,-1.23494
13.9364,11.8263,-1.1749
14.0274,12.7126,-1.62169
13.9522,13.7235,-1.66861
13.9481,13.7416,-2.72616
13.9521,14.6046,-2.10382
13.9828,14.7583,-3.08777
14.0588,15.4913,-2.38469
13.9973,16.1112,-1.58321
13.9197,16.9986,-1.12431
13.9561,18.0148,-1.12397
14.1335,18.8013,-0.579247
14.1774,19.7525,-0.306171
14.0114,20.7371,-0.429026
14.1098,21.7595,-0.150856
14.0888,22.7591,0.0423902
13.8925,23.7381,-0.0766991
13.9585,24.7129,0.221686
13.9641,25.6577,-0.0644642
14.1916,26.6339,-0.0163823
13.81,27.4737,-0.409885
14.1758,28.2053,0.176501
14.8046,3.24722,0.365587
14.9627,3.99083,-0.280416
14.9666,4.96492,-0.481347
15.0891,5.95255,-0.646379
15.1069,6.94764,-0.399994
15.0995,7.96334,-0.45978
14.9963,8.9156,-0.828358
15.0031,9.94234,-0.758803
15.0654,10.9723,-1.11962
15.0081,11.9867,-1.17759
15.0493,12.901,-1.56109
14.9957,13.8846,-1.76547
14.9896,13.8628,-2.7966
14.9897,14.635,-2.12586
14.9634,14.8445,-3.14464
15.0916,15.5031,-2.38737
14.9805,16.342,-1.84248
15.0061,17.12,-1.26461
14.9796,18.0736,-0.992953
15.1373,18.8722,-0.370394
15.1786,19.8939,-0.629109
15.004,20.8494,-0.46379
15.083,21.8701,-0.383657
15.0864,22.7135,0.168499
14.9054,23.7134,-0.0845424
14.972,24.6349,0.259447
14.9377,25.6566,0.188974
15.1697,26.4953,-0.342317
14.823,27.3824,-0.704529
15.1758,28.0257,0.0377758
15.9047,3.21676,0.25392
16.0279,3.96688,-0.43932
16.0294,4.95954,-0.519864
16.0705,5.92194,-0.469463
16.1185,6.88953,-0.685678
16.1948,7.86979,-0.573153
16.0668,8.92894,-0.689972
16.0229,9.96551,-0.846812
16.0762,10.9102,-1.16091
16.0119,11.9622,-1.23089
16.0832,12.9705,-1.50493
16.0085,13.9829,-1.72163
16.0339,14.0928,-2.7596
15.943,14.8246,-2.03543
15.9761,14.8881,-3.07999
16.1014,15.5482,-2.33489
15.9823,16.2392,-1.65513
15.9595,17.2105,-1.49355
15.9888,18.0701,-0.96368
16.1764,18.8986,-0.387045
16.1869,19.8686,-0.643599
16.0334,20.8266,-0.238429
16.0653,21.8048,-0.38544
16.1089,22.7326,-0.0129124
15.9348,23.7483,-0.0511948
15.9079,24.779,-0.00166326
15.9679,25.8242,0.256047
16.2243,26.603,-0.41915
15.846,27.5088,-0.560073
16.1405,28.3346,-0.0771752
16.9482,2.99034,0.226051
16.9216,3.96113,-0.062981
17.0666,4.87893,-0.535322
17.1074,5.9057,-0.502231
17.1513,6.92697,-0.619034
17.2207,7.9046,-0.77864
17.1481,8.95241,-0.691849
17.1055,9.97694,-0.995862
17.0793,10.9493,-0.907663
17.0774,11.9793,-1.20844
17.0892,12.9828,-1.34901
17.0601,13.9479,-1.70509
17.0595,13.9621,-2.71471
16.9825,14.7662,-2.08182
17.0181,14.8718,-3.07851
17.0845,15.6624,-2.42049
16.997,16.3058,-1.60011
16.929,17.3564,-1.32279
17.04,18.2481,-0.933195
17.2382,19.099,-0.467098
17.1489,20.0938,-0.397638
17.0251,21.0372,0.0314585
17.0146,22.0791,-0.156493
17.0599,23.0902,-0.329612
16.954,23.9554,0.113623
16.9471,24.9302,-0.0721946
16.8803,25.9246,-0.213334
17.0908,26.8621,0.0184149
16.8381,27.4198,-0.768532
17.0829,28.1876,-0.183535
17.9546,2.98737,0.495141
17.9834,3.90425,0.0314768
18.0951,4.8327,-0.385522
18.0855,5.85037,-0.475527
18.2167,6.85163,-0.629246
18.2699,7.89338,-0.676907
18.1756,8.89126,-0.681692
18.1573,9.90362,-0.813623
18.1604,10.9521,-0.69993
18.1678,11.8797,-1.08023
18.1646,12.923,-1.36844
18.1046,14.0278,-1.61059
18.0877,14.0708,-2.62026
18.0589,14.8536,-1.97299
18.059,14.862,-3.00254
18.1349,15.6833,-2.37504
18.0336,16.3815,-1.6729
17.8548,17.4083,-1.64105
18.0163,18.2704,-1.16187
18.2316,19.1372,-0.714133
18.1561,19.9877,-0.227241
17.9628,20.9777,-0.143413
18.0743,21.9574,-0.0613147
18.0643,22.9236,-0.32089
18.031,23.8325,0.127976
17.9382,24.7943,-0.0877956
17.8509,25.7698,-0.365423
18.1047,26.6719,0.00138249
17.8072,27.5017,-0.521134
18.114,28.3137,-0.000640889
18.9502,3.01719,0.677371
18.9957,3.86592,0.186956
19.0948,4.67855,-0.429368
19.0677,5.66886,-0.555931
19.1877,6.69766,-0.681213
19.2949,7.72429,-0.518351
19.1948,8.70544,-0.701917
19.2514,9.71136,-0.604175
19.1359,10.7257,-0.816764
19.223,11.7308,-1.15843
19.2273,12.7438,-1.38727
19.1163,13.7779,-1.51798
19.1319,13.8829,-2.56146
19.0171,14.5634,-1.8468
19.0642,14.8403,-2.88304
19.0431,15.4186,-2.03099
19.023,16.2168,-1.4734
18.9173,17.2292,-1.56747
18.998,18.1298,-1.07352
19.1681,18.9386,-0.503616
19.1309,19.8738,-0.072692
18.9442,20.8464,0.0101047
19.1548,21.8286,-0.160091
19.0442,22.8047,-0.102219
18.9644,23.8484,-0.169338
18.944,24.7852,0.221711
18.8867,25.6599,-0.300934
19.0847,26.649,-0.358141
18.8678,27.6481,-0.470727
19.1702,28.4234,0.156609
20.0163,2.96167,0.655513
19.8978,3.4659,-0.167428
20.025,4.47372,-0.173095
20.07,5.46907,-0.281545
20.1971,6.40164,-0.66242
20.2817,7.41437,-0.607379
20.1468,8.39404,-0.678603
20.1878,9.33887,-0.366433
20.1097,10.2634,-0.702136
20.1342,11.274,-1.00752
20.1447,12.2719,-1.27647
20.0059,13.2815,-1.41911
20.1327,13.8154,-2.23971
20.0448,14.6133,-1.63548
20.0344,14.6567,-2.63195
20.1451,15.3169,-1.85312
20.0534,16.2489,-1.48954
19.955,17.2973,-1.49149
19.9726,18.2366,-1.11643
20.1879,18.9686,-0.496838
20.1146,19.9878,-0.33809
19.9856,20.8188,0.173052
20.1187,21.8136,-0.0056032
20.0835,22.848,-0.0276772
19.96,23.8875,-0.319004
19.9549,24.8024,0.140001
19.932,25.6912,-0.316608
20.0901,26.6831,-0.249669
19.8711,27.7234,-0.412394
20.2041,28.3984,0.24098
20.9835,2.66004,0.849034
20.9361,3.28621,0.0142613
21.0725,4.25369,-0.0987457
21.0872,5.2145,-0.345854
21.1989,6.21573,-0.627723
21.235,7.19626,-0.291443
21.1678,8.22152,-0.465413
21.1948,9.1861,-0.298691
21.1183,10.1642,-0.427036
21.1685,11.0427,-0.979315
21.1152,12.0045,-1.33317
21.0344,13.0105,-1.48403
21.1855,13.8464,-2.10889
20.9608,14.3227,-1.25688
20.9708,14.5841,-2.20637
21.1019,15.307,-1.51758
21.0531,16.2858,-1.71942
21.0093,17.2699,-1.47423
20.9519,18.1406,-1.04447
21.2249,19.005,-0.557131
21.1686,19.9754,-0.319477
20.9763,20.8998,0.119898
21.1834,21.8804,-0.255116
21.0984,22.9103,-0.0917417
21.0332,23.875,-0.259264
20.9746,24.8827,0.0306223
20.7915,25.8486,0.218424
21.0984,26.6573,-0.432868
20.8835,27.621,-0.462331
21.2075,28.372,0.167064
22.012,2.70132,0.899973
21.8834,3.02207,-0.0381268
22.1171,4.04997,0.0594989
22.1036,4.97509,-0.256563
22.2211,5.8925,-0.667614
22.2615,6.89496,-0.452156
22.1482,7.92148,-0.40217
22.1713,8.89955,-0.521415
22.0989,9.89522,-0.487741
22.2293,10.8826,-0.772024
22.0941,11.7308,-1.34787
22.06,12.806,-1.29567
22.1884,13.5645,-1.97052
21.8839,13.9475,-1.08073
21.9787,14.3355,-1.99652
22.108,15.2906,-1.64981
22.0637,16.2495,-1.45784
22.028,17.3406,-1.39928
21.9803,18.2212,-0.871154
22.2117,19.0632,-0.275689
22.2399,20.061,-0.151665
22.0108,20.9492,0.231742
22.1343,21.903,-0.00992462
22.0778,22.8799,0.177633
22.0314,23.8837,0.0396588
21.9416,24.8891,-0.0797205
21.8152,25.7924,0.309262
22.0876,26.494,-0.349083
21.9339,27.4852,-0.436415
22.2149,28.3391,0.0262337
23.0831,2.52895,0.959944
22.8591,2.70593,-0.0109592
23.0577,3.68878,-0.0372967
23.0893,4.63988,-0.287573
23.1832,5.64812,-0.532514
23.2348,6.64808,-0.569982
23.0863,7.67416,-0.654576
23.205,8.6899,-0.570223
23.1095,9.68675,-0.481091
23.2426,10.6845,-0.622617
23.0762,11.5313,-1.17788
23.0191,12.4831,-1.36247
23.1521,13.4242,-1.65597
22.9272,13.7995,-0.765822
22.9581,14.2993,-1.63009
23.0976,15.3318,-1.46513
23.0927,16.3307,-1.57183
23.001,17.3044,-1.21124
23.0011,18.3351,-0.948201
23.1902,18.984,-0.15334
23.2915,20.0476,-0.209513
23.0593,20.8988,0.273089
23.2098,21.9128,0.10994
23.0158,22.842,-0.210712
23.0766,23.8255,-0.143617
22.9167,24.797,-0.0609607
22.8408,25.6125,0.505213
23.0659,26.4379,-0.0328684
22.9512,27.3687,-0.43469
23.1859,28.3766,-0.342906
24.0816,2.36806,0.955275
23.8755,2.50551,0.0132023
24.0122,3.48641,-0.237504
24.0584,4.47059,0.0117649
24.1757,5.46814,-0.234529
24.174,6.48883,-0.23365
24.0722,7.47434,-0.405106
24.2474,8.43633,-0.629447
24.0755,9.33516,-0.20947
24.2653,10.3486,-0.503034
24.0484,11.2119,-1.01547
24.0134,12.2448,-1.18147
24.1643,13.1848,-1.57153
23.9898,13.6497,-0.707193
24.0404,14.3467,-1.42419
24.1405,15.341,-1.40108
24.0762,16.3528,-1.26847
24.036,17.398,-1.15151
23.9886,18.3268,-0.830946
24.205,19.0317,-0.132545
24.2648,20.0216,-0.0122227
24.0465,21.0165,0.0941557
24.2024,21.9632,0.323777
24.1022,22.7828,-0.235847
24.1435,23.7827,-0.105744
23.948,24.7371,-0.262734
23.8752,25.54,0.33498
24.0602,26.378,-0.220588
23.9438,27.3324,-0.498498
24.1863,28.3514,-0.451234
25.1002,2.10493,0.931629
24.9235,2.22816,-0.0201025
25.0216,3.2529,-0.279217
25.088,4.21926,-0.170156
25.1807,5.22322,-0.096704
25.2028,6.24463,-0.0508103
25.0909,7.26666,-0.144127
25.1421,8.28314,-0.259319
25.1037,9.22152,-0.0408063
25.2933,10.1715,-0.293799
25.0165,11.1277,-0.600421
25.0471,12.0662,-1.01378
25.187,13.0252,-1.19765
24.9816,13.6572,-0.45743
24.9894,14.47,-1.07204
25.1324,15.427,-1.22681
25.0009,16.3593,-0.87499
24.994,17.408,-0.798086
25.0245,18.4327,-0.954329
25.248,18.9516,-0.137938
25.2274,19.9728,-0.258101
25.1062,20.9172,0.0519608
25.1387,21.9503,-0.04597
25.059,22.9154,0.0643696
25.065,23.9071,0.370919
24.925,24.8447,-0.0221931
24.9383,25.7633,0.399423
25.107,26.5574,-0.233671
24.9879,27.5617,-0.378994
25.2089,28.5615,-0.228871
26.1505,2.208,1.14852
25.9498,2.11825,0.157607
26.0843,2.99923,-0.311377
26.0617,4.06571,-0.272176
26.1855,4.99425,0.102771
26.144,5.95545,0.17214
26.0951,6.97109,-0.113065
26.103,7.98936,-0.287591
26.1221,8.98778,-0.0733177
26.3659,9.99403,-0.336
26.1313,10.9404,-0.542036
26.0189,11.9269,-0.697821
26.149,12.8798,-1.0062
26.0356,13.7205,-0.397885
25.993,14.5287,-1.03124
26.1442,15.4809,-0.99071
26.0335,16.5163,-1.08309
25.9819,17.298,-0.492282
26.0195,18.266,-0.772332
26.2316,19.062,-0.183319
26.2868,20.0604,-0.166018
26.1092,20.9731,0.181787
26.134,21.9186,-0.135566
26.1267,22.9294,-0.117301
26.0895,23.776,0.447563
25.9471,24.732,0.228968
25.9208,25.7243,0.143132
26.1614,26.6471,-0.185672
25.9929,27.6233,-0.187045
26.2495,28.5564,-0.533937
27.1406,2.03086,1.18596
26.8898,1.77666,0.223869
27.0412,2.7168,-0.157839
27.0368,3.70108,-0.161702
27.1273,4.63923,0.232438
27.1012,5.63695,0.122703
27.0316,6.64939,0.0203558
27.029,7.70551,-0.0753075
27.0892,8.75988,-0.272771
27.3116,9.73428,-0.152577
27.146,10.7191,-0.491076
27.0379,11.693,-0.75898
27.1471,12.6787,-0.810163
27.0924,13.5493,-0.376943
26.9967,14.4581,-0.755034
27.1045,15.4402,-0.550581
27.0552,16.3976,-0.878051
27.006,17.3203,-0.388458
27.0351,18.2517,-0.750923
27.2521,19.0826,-0.268554
27.3162,20.0269,-0.0568834
27.0949,21.0276,-0.221857
27.1168,22.0301,-0.184271
27.1042,22.9932,-0.509091
27.0726,23.7892,0.12544
26.9607,24.7423,-0.00734581
26.9231,25.793,0.0519028
27.1617,26.6821,-0.409876
27.0025,27.6316,-0.0362102
27.272,28.5252,-0.395685
28.1642,1.80492,1.34893
27.9064,1.81173,0.347438
28.0756,2.50113,-0.366088
28.0604,3.44951,-0.0593371
28.1381,4.38621,0.290982
28.1342,5.41493,0.0719504
28.0669,6.39641,-0.107233
28.0627,7.45387,-0.0352092
28.0654,8.4471,-0.251936
28.3215,9.44154,-0.313276
28.1645,10.4867,-0.298581
28.0497,11.4646,-0.589572
28.157,12.4554,-0.578607
28.105,13.4713,-0.477621
28.0093,14.3655,-0.983761
28.1444,15.3373,-0.659749
27.9924,16.3572,-0.647276
27.9873,17.2381,-0.258712
28.0317,18.1765,-0.628852
28.2018,19.1811,-0.520023
28.3591,20.0225,0.00606403
28.0232,20.9947,0.239021
28.1379,21.9756,0.164943
28.1189,22.8833,-0.290481
28.0732,23.8183,0.0235267
28.0089,24.8566,0.0512009
27.991,25.8415,-0.0108371
28.1706,26.8135,-0.268157
28.0664,27.8295,-0.00641194
28.2624,28.7951,-0.348088
29.0947,1.44751,1.23034
28.9076,1.62212,0.259658
29.1192,2.37638,-0.334562
29.1041,3.29522,0.0997131
29.1237,4.25579,0.476443
29.1273,5.18919,0.107791
29.1228,6.20398,-0.0364299
29.0124,7.16888,-0.263656
29.0846,8.13887,-0.221113
29.2111,9.09263,-0.0668905
29.1339,10.1607,-0.214319
28.9854,11.1258,-0.400436
29.1087,12.1339,-0.534367
29.13,13.1318,-0.572784
29.013,14.1666,-0.629633
29.0953,15.1514,-0.785
28.9848,16.0936,-0.3584
28.9985,17.0842,-0.260695
29.0097,18.0526,-0.576138
29.1797,19.0091,-0.318522
29.329,19.9826,-0.230317
28.9862,20.9442,-0.0251381
29.1188,21.977,0.16972
29.1206,22.9402,-0.17029
29.1167,23.8787,0.0612781
29.0309,24.9033,0.051677
29.0151,25.9355,-0.0993194
29.176,26.9058,-0.387744
29.0626,27.9244,-0.236375
29.1885,28.9197,-0.013477
