-0.0573321,0.329765,-0.560436
-0.0102634,1.14282,-0.0145482
-0.0261971,2.05477,-0.393536
-0.0263802,2.97798,-0.0312754
-0.0106479,4.02865,-0.185922
-0.0127537,5.04018,-0.0783746
-0.019071,6.0633,0.100299
0.00399792,7.09339,0.040376
-0.0489669,8.11243,-0.198343
-0.0326426,9.0929,-0.39787
-0.0179693,10.0208,-0.121421
-0.0199988,11.0514,-0.237748
-0.0199927,12.009,0.0254494
-0.00855129,13.0137,-0.109238
-0.0197607,13.9929,-0.435209
-0.0472945,14.9996,-0.304944
-0.024781,16.0345,-0.132456
-0.0305918,17.0552,-0.140501
-0.00575884,18.0225,0.20427
0.070806,19.0524,0.0981017
-0.0119907,19.9918,-0.196023
-0.052208,21.0163,-0.125391
-0.00943022,22.0105,0.0584857
-0.0273507,23.0166,0.0139653
-0.0538194,24.0374,0.0509262
-0.0109134,25.0084,-0.152544
-0.0237953,25.9482,0.283172
0.052617,26.9315,-0.0111545
-0.0364696,27.907,0.0964202
-0.0583514,28.8572,0.269234
0.982986,0.475329,-0.445549
1.01886,1.32092,0.0827204
0.895468,2.3417,-0.093936
0.973812,3.33282,-0.0901669
0.94817,4.35402,-0.295624
0.939921,5.37331,-0.142973
0.923682,6.33703,0.201932
0.993631,7.39785,0.111731
0.985992,8.3265,-0.355998
0.96567,9.32727,-0.238572
0.951961,10.3733,0.0320658
0.943709,11.3064,-0.388296
0.98536,12.236,-0.0701224
0.985415,13.1905,-0.359737
1.0415,14.1578,-0.372561
0.992853,15.1369,-0.329276
0.968075,16.1575,-0.207865
0.986459,17.1646,-0.0935667
1.03974,18.1581,0.0449629
1.08358,19.1785,0.0444166
1.05693,20.0724,-0.362597
0.92877,20.9897,0.0206183
1.01304,22.001,-0.102551
0.951399,22.9412,0.246934
0.974306,23.9327,0.0619129
0.919407,24.9552,0.197064
0.99577,25.94,0.152275
1.05723,26.8607,-0.204315
0.921772,27.8608,0.0138401
0.958782,28.8407,0.303244
1.87566,0.950795,-0.704083
1.97412,1.66432,-0.0238868
1.83969,2.64265,0.0274483
1.9788,3.60281,-0.109131
1.92938,4.601,-0.2022
1.90847,5.60996,-0.193631
1.90256,6.56139,0.101325
1.95799,7.53016,-0.178375
2.04758,8.50228,-0.290564
2.02869,9.53184,-0.327921
1.97179,10.5827,-0.0464614
1.97972,11.4902,-0.598657
2.09493,12.3394,-0.113114
1.99068,13.3519,-0.197897
2.02048,14.2008,-0.751103
1.8946,15.1918,-0.765743
1.94953,16.1424,-0.44705
2.0106,17.1162,-0.147411
2.07904,18.0661,0.187057
2.09639,19.0411,0.0687002
2.05965,20.0674,-0.187811
1.88786,21.0815,-0.165477
2.04527,22.0815,-0.137803
1.98939,22.9574,0.407517
2.07268,23.8889,-0.030372
1.96966,24.8534,0.239564
2.0183,25.9039,0.0641469
2.02972,26.9304,0.0116062
1.87672,27.8751,-0.273275
1.99721,28.7146,0.255663
2.87122,1.25355,-0.453154
2.95551,2.09841,0.0685476
2.80079,2.99204,-0.311765
2.94506,3.91564,-0.0207831
2.9204,4.90568,-0.0538865
2.94025,5.92546,-0.170574
2.94407,6.89704,0.135148
3.00688,7.80161,-0.295938
2.98815,8.81542,-0.379467
2.98604,9.81488,-0.21641
3.00764,10.7772,-0.162236
3.04331,11.5901,-0.728416
3.06042,12.5183,-0.383132
2.96569,13.4893,-0.586016
2.99466,14.2742,-1.1221
2.8875,15.2637,-0.917338
2.85933,16.2591,-0.918424
2.93281,17.1954,-0.532447
3.0957,18.0037,0.0299265
3.10515,19.0087,-0.12234
3.03486,20.0157,-0.31612
2.9419,21.0023,-0.350276
3.04421,21.9908,-0.453935
2.95253,22.9501,-0.00129704
3.0556,23.9102,0.230952
3.06104,24.8893,0.356822
2.99244,25.9549,0.342668
3.0257,26.9755,0.281985
2.86447,27.7509,-0.382092
2.97174,28.6953,-0.0524369
3.92883,1.23778,-0.352641
3.95835,2.19682,-0.0110111
3.79657,3.17132,-0.251555
3.9539,4.10103,0.0653371
3.91715,5.10757,-0.00711081
3.91421,6.14261,-0.0754967
3.97823,7.11979,0.232203
4.09119,8.02152,-0.270434
4.0296,9.07866,-0.212162
3.98542,10.073,-0.324134
4.05427,11.0893,-0.140376
4.08984,11.7616,-0.934993
3.99058,12.7506,-0.786151
3.96588,13.7112,-0.636589
3.96034,14.4822,-1.26547
3.88378,15.3905,-0.923273
3.87391,16.4302,-0.875182
3.9031,17.4439,-0.791598
4.07636,18.2195,-0.104611
3.95328,19.1266,-0.564263
4.03592,20.116,-0.45341
3.96952,21.1515,-0.548643
4.02129,22.1734,-0.569875
3.99111,22.8941,0.166774
4.03009,23.9033,0.00390027
4.04854,24.9282,0.14832
3.98981,25.9175,0.214466
3.98484,26.9249,0.0287759
3.90023,27.7861,-0.447636
3.99201,28.8545,-0.30488
4.9214,1.53211,-0.194476
4.88642,2.5071,-0.0813593
4.83793,3.48318,-0.128007
4.90704,4.51453,0.00439772
4.75717,5.44035,-0.4086
4.86918,6.4102,0.0124668
4.9285,7.44473,-0.113889
5.10841,8.40091,0.00422681
5.02236,9.32635,-0.353246
4.99395,10.308,-0.314292
5.0763,11.3465,-0.29122
5.04155,12.0914,-1.05471
4.96523,13.0976,-0.882089
4.92376,14.0654,-0.647856
4.97468,14.5017,-1.59015
4.92929,15.3722,-0.992456
4.9064,16.3477,-0.699612
4.92535,17.3859,-0.692331
5.09779,18.229,-0.0894925
4.94457,19.1671,-0.419166
5.00974,20.112,-0.13423
4.94444,21.0651,-0.327323
5.06249,22.0699,-0.563598
5.03636,22.8033,0.103189
5.02009,23.8524,0.171349
5.06281,24.8064,0.171041
4.98264,25.7736,0.238243
4.96615,26.7752,0.236024
4.86521,27.6418,-0.241011
4.96235,28.628,-0.4026
5.89463,1.80618,-0.1726
5.85011,2.77337,-0.104102
5.90694,3.7711,-0.200449
5.93565,4.7765,-0.00729698
5.74802,5.69879,-0.354912
5.84082,6.68239,-0.184155
5.93385,7.67408,-0.19039
5.97724,8.61981,-0.410147
5.98276,9.60726,-0.380059
5.95852,10.5751,-0.634062
6.08384,11.5158,-0.252831
6.0644,12.3149,-0.909781
5.96984,13.2853,-1.19599
5.87906,14.2077,-0.818354
5.94699,14.7123,-1.66515
5.92689,15.4743,-1.0348
5.87894,16.3414,-0.5464
5.95039,17.3357,-0.687744
6.14255,18.1945,-0.228797
5.92546,19.2615,-0.169951
5.91352,20.1726,-0.575115
5.93434,21.1387,-0.323386
6.09595,22.0418,-0.706287
6.0386,22.868,-0.0702933
6.03534,23.8128,0.26241
6.05418,24.776,0.0767724
5.93064,25.7375,0.0327189
5.9546,26.7471,0.0952147
5.87949,27.7878,-0.151134
5.93399,28.8273,-0.492261
6.94214,1.99764,-0.150383
6.83937,2.9897,-0.123453
6.97649,3.96491,-0.379116
6.8972,4.94672,-0.206027
6.80794,5.88022,-0.501538
6.84009,6.86879,-0.352712
6.94508,7.90515,-0.273669
6.98316,8.85846,-0.583972
6.91811,9.83409,-0.745766
6.93884,10.8477,-0.526646
6.98084,11.864,-0.708051
6.96759,12.78,-1.13061
6.90249,13.624,-1.66561
6.91366,14.3072,-0.929679
6.96039,14.6029,-1.86301
6.97439,15.3919,-1.14553
6.92679,16.2698,-0.681695
6.9225,17.2771,-0.577212
7.07824,18.2652,-0.59617
6.97052,19.2221,-0.291742
6.94714,20.1549,-0.666561
6.98754,21.1459,-0.461391
7.07667,22.1234,-0.614829
7.02506,23.0821,-0.231169
6.99999,23.9962,0.175442
7.04313,24.9909,0.0771355
6.92574,25.9718,-0.0465468
6.96361,26.9471,0.121915
6.86623,27.9543,-0.0416272
6.94432,28.8477,-0.427793
7.93224,2.37046,-0.101523
7.81115,3.35173,-0.205655
7.90509,4.32394,-0.430134
7.93602,5.2689,-0.0725822
7.8041,6.19232,-0.462487
7.80293,7.17481,-0.171541
7.93626,8.23466,-0.194693
7.86981,9.2115,-0.291391
7.81488,10.1623,-0.470425
7.95922,11.1251,-0.698297
7.95535,12.1565,-0.827253
7.94154,13.1496,-1.01311
7.91908,13.5622,-1.96149
7.93612,14.2053,-1.18226
7.94096,14.7346,-2.07096
7.96671,15.2327,-1.15657
7.88807,16.2109,-0.982846
7.81045,17.2876,-1.03488
8.06876,18.0133,-0.384927
7.98861,18.991,-0.234269
7.9709,19.9725,-0.445518
7.99269,21.0177,-0.638691
8.10599,22.0112,-0.677834
8.06294,22.9059,-0.148555
8.00908,23.8927,0.161965
8.06608,24.8775,-0.0485122
7.94642,25.8665,0.0640461
7.89257,26.8461,-0.147807
7.85325,27.8397,-0.0633992
7.95584,28.6613,-0.581533
8.83751,2.8062,0.054973
8.69837,3.76823,-0.293622
8.88076,4.7306,-0.598575
8.98539,5.51185,-0.00899686
8.81724,6.44234,-0.390411
8.82317,7.43951,-0.459526
8.93751,8.435,-0.202182
8.86497,9.4335,-0.301175
8.79729,10.4429,-0.553035
8.97703,11.4556,-0.675524
8.98758,12.404,-0.977465
8.96858,13.4111,-1.21474
8.959,13.5546,-2.19489
8.90757,14.2854,-1.50034
8.96718,14.8316,-2.34348
8.97373,15.1477,-1.39972
8.8083,16.1973,-1.3832
8.81454,17.0652,-0.809375
9.04454,18.0166,-0.660323
9.00485,19.0355,-0.381024
8.98723,20.0256,-0.436448
8.97844,21.04,-0.308353
9.04132,22.016,-0.184014
9.04843,23.0496,-0.111029
9.01691,23.9839,0.298697
9.035,24.9432,0.108628
8.99677,25.95,0.30727
8.891,26.9171,0.00814539
8.89142,27.8985,0.00601825
9.03093,28.7899,-0.534904
9.89823,2.75353,-0.107447
9.75998,3.7071,-0.468813
9.89267,4.71943,-0.527311
9.8857,5.70969,-0.482348
9.85125,6.73223,-0.242235
9.85732,7.77601,-0.37492
9.7507,8.79188,-0.672628
9.86713,9.76953,-0.395709
9.80203,10.7515,-0.519828
9.95292,11.7385,-0.776739
10.0141,12.6927,-1.23384
9.94532,13.6573,-1.41794
9.99825,13.6405,-2.44001
9.89287,14.3421,-1.71711
9.91846,15.1089,-2.39936
10.0412,15.1472,-1.33477
9.82734,16.1637,-1.47074
9.85488,17.0995,-1.00002
10.0634,18.0004,-0.66964
10.0549,18.9696,-0.548531
10.0017,19.9674,-0.65764
10.0096,20.8528,-0.18908
9.99857,21.8799,-0.429182
10.0176,22.7688,0.0598682
9.99956,23.8128,0.0499924
10.031,24.8068,0.352873
9.97515,25.7541,0.0604053
9.88191,26.7295,-0.141438
9.91947,27.7145,0.164684
9.96644,28.6398,-0.218546
10.9462,2.93376,-0.0120945
10.7799,3.88415,-0.411283
10.9569,4.87001,-0.406827
10.9469,5.86617,-0.28872
10.9123,6.87245,-0.248244
10.8859,7.88556,-0.214695
10.845,8.88624,-0.465636
10.9511,9.8934,-0.485238
10.8291,10.895,-0.442415
10.9784,11.829,-0.8223
11.0227,12.8333,-1.093
11.0228,13.713,-1.54148
11.0556,13.8368,-2.54836
10.9302,14.5529,-1.86769
10.8811,15.228,-2.58505
11.0712,15.0994,-1.52681
10.8291,16.1389,-1.45021
10.796,17.1406,-1.31419
11.0827,17.9495,-0.800885
11.026,18.911,-0.813108
10.9649,19.9678,-0.57759
11.0053,20.9326,-0.222556
11.0207,21.9701,-0.311487
11.0515,22.8499,0.131245
10.9829,23.8772,0.0849818
11.1155,24.8364,0.322208
10.9681,25.7635,-0.175881
10.8617,26.8071,0.0178076
10.9607,27.7753,0.234516
10.96,28.6937,-0.245436
11.95,2.93737,0.139405
11.8155,3.90179,-0.200293
11.993,4.84797,-0.467214
11.949,5.89009,-0.561678
11.8975,6.86738,-0.271197
11.8917,7.89659,-0.311023
11.8906,8.909,-0.43007
11.9756,9.91628,-0.527137
11.9356,10.9486,-0.626399
11.9694,12.0095,-0.752782
12.0246,12.9884,-0.9931
12.015,13.8189,-1.57692
12.0429,13.8842,-2.57377
11.9432,14.6559,-1.95401
11.919,15.3278,-2.67326
12.0606,15.185,-1.67939
11.8642,16.1425,-1.34602
11.8558,17.1386,-1.47059
12.1214,17.8859,-0.822111
12.035,18.8988,-0.833494
11.9433,19.8968,-0.564843
12.0234,20.88,-0.178665
12.0154,21.8712,-0.240898
12.0587,22.8771,0.00506302
12.0122,23.8921,-0.034315
12.1443,24.7475,0.464794
11.9443,25.6972,0.110361
11.8605,26.6839,0.24633
11.9646,27.6792,0.223579
11.9861,28.6462,-0.0601978
12.9772,3.03494,0.0590472
12.8738,4.00537,-0.132228
13.0704,4.96723,-0.381127
12.9573,5.95145,-0.583905
12.9672,6.93291,-0.255892
12.9445,7.94274,-0.257439
12.9254,8.99888,-0.320249
13.0693,9.98674,-0.512143
12.9979,10.9826,-0.56187
12.9944,11.9549,-0.869491
12.9985,12.952,-1.27161
13.0182,13.8748,-1.61631
13.0607,13.9144,-2.62
13.0395,14.674,-1.99255
12.9288,15.3189,-2.7426
13.0651,15.1322,-1.73517
12.8871,16.0107,-1.36883
12.8622,17.007,-1.35142
13.0832,17.9471,-1.06018
13.109,18.941,-0.794559
12.9328,19.9266,-0.481069
13.0418,20.9483,-0.41532
13.0474,21.94,-0.350795
13.1324,22.8508,0.0929106
13.0754,23.8644,-0.0695822
13.0165,24.8562,-0.0972533
12.9423,25.8748,-0.175768
12.8968,26.7654,0.423875
12.8936,27.5612,-0.159328
13.0426,28.5236,0.0451735
14.0094,3.04059,-0.0955473
13.9016,4.07547,-0.0672506
14.1095,5.00403,-0.345961
13.9519,6.02135,-0.311222
14.019,6.98478,-0.247499
13.9979,8.02072,-0.167293
13.9835,9.07091,-0.208948
14.1681,9.99875,-0.521558
14.0212,10.9838,-0.58963
14.0184,11.9301,-0.829905
14.0769,12.8577,-1.3299
14.0387,13.7842,-1.72897
14.0585,13.9375,-2.73562
14.0473,14.5808,-1.96537
13.9441,15.2287,-2.73455
14.1153,15.2377,-1.76662
13.8921,16.1167,-1.20664
13.8368,17.1274,-1.22146
14.1253,18.087,-1.07306
14.0831,19.0676,-1.08649
13.9459,19.9142,-0.496988
14.0762,20.8575,-0.244316
14.0682,21.8717,-0.438456
14.1742,22.7667,-0.0111606
14.0164,23.6956,0.274917
13.9916,24.7152,0.13571
13.878,25.6776,0.152913
13.8881,26.6965,0.179934
13.9731,27.6546,-0.194739
14.0465,28.6635,-0.0215461
14.9844,3.21669,-0.268612
14.9698,4.17963,0.106912
15.1107,5.10215,-0.228492
14.9779,6.08478,-0.350694
15.0263,7.05671,-0.0473525
15.0216,8.07649,-0.271761
14.9965,9.09336,-0.343211
15.2412,10.0404,-0.578503
15.0429,11.0797,-0.681277
15.0514,12.0515,-0.883651
15.0899,13.0201,-1.19853
15.0852,13.8768,-1.74079
15.0499,14.1433,-2.71484
15.0832,14.7258,-1.90253
15.0086,15.0972,-2.84018
15.1136,15.468,-1.93405
14.9324,16.3017,-1.30196
14.8486,17.2791,-1.02159
15.0774,18.2848,-0.876717
15.0579,19.2806,-1.13086
14.9238,19.9088,-0.351415
15.1422,20.9018,-0.341591
15.1043,21.8684,-0.164241
15.1312,22.8506,0.22111
15.0116,23.8484,0.394009
14.9345,24.8274,0.479656
14.9206,25.69,-0.10546
14.9049,26.6809,-0.0103092
14.9849,27.6558,-0.232994
15.0898,28.5876,0.227799
16.0197,3.14726,-0.230918
15.9878,4.1172,0.015363
16.1535,5.0885,-0.205292
16.0017,6.1049,-0.224863
16.0376,7.12235,-0.268538
16.0183,8.09741,-0.0714927
15.9836,9.10365,-0.369085
16.2299,10.0212,-0.591583
16.0086,10.9739,-1.00307
16.0278,12.0032,-1.10495
16.0994,13.0171,-1.38819
16.1124,14.04,-1.44788
16.0893,14.1624,-2.45145
16.0248,14.9653,-1.83762
16.0326,15.1974,-2.78701
16.1018,15.9114,-1.98017
15.9869,16.3567,-1.10578
15.8706,17.2973,-0.906684
16.0506,18.2597,-1.03482
16.0987,19.2514,-0.865493
15.9015,20.1129,-0.323151
16.1239,21.083,-0.230265
16.0848,22.0729,0.0361614
16.1221,23.0747,-0.0576373
16.0305,24.0313,0.134187
15.9471,24.9908,0.487866
15.9235,25.6713,-0.277898
15.9199,26.6968,-0.113193
16.0002,27.6592,-0.200146
16.1145,28.6219,0.150713
17.1134,3.06945,-0.244584
16.9803,4.02447,-0.0382855
17.2289,5.01689,-0.289398
17.024,6.06534,-0.128062
17.0674,7.03859,-0.175576
17.0745,8.05403,-0.176315
17.0295,9.0599,-0.445219
17.2301,10.0558,-0.59096
17.0998,11.0305,-0.963378
17.0789,12.0503,-1.00926
17.1058,13.1188,-1.22857
17.1127,14.1521,-1.46265
17.1467,14.2526,-2.49051
17.1,15.0689,-1.82518
17.028,15.1588,-2.81146
17.1288,15.8606,-2.10351
16.9711,16.5028,-1.38134
16.9391,17.3326,-0.769924
17.052,18.3662,-0.902155
17.1086,19.3302,-0.776931
16.8515,20.2662,-0.709003
17.0715,21.1918,-0.454515
17.0011,22.1825,-0.380361
17.1526,23.1685,-0.15092
17.0161,24.1953,-0.045616
16.9767,25.0704,0.535148
16.898,25.8223,-0.134382
16.97,26.8216,-0.27503
17.0137,27.8104,-0.0970977
17.087,28.7924,0.269634
18.1109,2.83371,-0.0918455
17.9912,3.81118,-0.259487
18.2433,4.80065,-0.276955
18.0592,5.83735,-0.208255
18.0643,6.86079,-0.331782
18.1073,7.9099,-0.222596
18.1182,8.91173,-0.539763
18.191,9.88325,-0.684869
18.0956,10.9436,-0.785955
18.0707,11.9456,-1.04522
18.1574,12.9675,-1.27151
18.1417,14.0264,-1.40152
18.1265,14.0193,-2.39032
18.132,14.8117,-1.73937
18.0783,15.1951,-2.68493
18.1024,15.6944,-1.83262
17.9885,16.5041,-1.23103
17.9987,17.3994,-0.768944
18.0407,18.4135,-0.758501
18.104,19.3498,-0.317255
17.8026,20.2843,-0.438191
18.0305,21.2643,-0.237916
18.0122,22.2806,-0.381271
18.1685,23.2578,-0.0398328
18.0594,24.2486,0.00448622
18.0064,25.012,0.6588
17.8809,25.7364,-0.108341
17.9401,26.7175,-0.22461
17.996,27.7033,-0.427656
17.9559,28.3198,0.35848
19.0685,2.75813,-0.26993
19.0301,3.7687,-0.223496
19.2429,4.74142,-0.353822
19.1463,5.78951,-0.266396
19.098,6.78826,-0.142686
19.1303,7.78766,-0.119355
19.1482,8.72043,-0.478036
19.1893,9.7697,-0.634278
19.0864,10.8084,-0.725794
19.0851,11.7629,-1.17207
19.1372,12.7808,-1.035
19.1691,13.7593,-1.35249
19.1279,13.7759,-2.37461
19.1132,14.5732,-1.67919
19.1466,15.2115,-2.45253
19.0422,15.4158,-1.43354
18.9489,16.2951,-1.00792
19.0109,17.3078,-0.861586
19.0556,18.291,-0.653255
19.1825,19.281,-0.493387
18.7628,20.208,-0.529405
18.9656,21.1584,-0.698926
18.9897,22.1286,-0.245253
19.1308,23.1021,-0.263189
19.0322,23.9903,0.289474
19.0506,25.0123,0.478399
18.8633,25.6874,-0.222617
18.9618,26.6913,-0.170309
19.0385,27.6981,-0.417457
19.002,28.3248,0.367507
20.1005,2.46391,-0.261043
20.0103,3.45961,-0.13448
20.2453,4.42726,-0.344826
20.0983,5.42537,-0.404401
20.1005,6.45033,-0.0847468
20.0951,7.49193,-0.22291
20.1281,8.39753,-0.710669
20.0793,9.36971,-0.377337
20.0166,10.4186,-0.638362
20.0712,11.3874,-1.09691
20.0892,12.3784,-1.00479
20.0785,13.3697,-1.02139
20.0776,13.5594,-2.01617
20.1915,14.4,-1.48223
20.1371,15.058,-2.24853
20.0294,15.4194,-1.32604
20.0421,16.3227,-0.945006
20.0482,17.3933,-0.850978
20.0888,18.3886,-0.506497
20.1726,19.3705,-0.54622
19.7594,20.2378,-0.380218
19.9948,21.1801,-0.62295
20.0096,22.1572,-0.44745
20.1063,23.0128,0.0717246
20.0189,23.9282,0.476482
20.0409,24.9235,0.55721
19.8787,25.5438,-0.254125
19.9302,26.559,-0.139686
19.9933,27.5956,-0.139592
20.0144,28.4652,0.376083
21.0922,2.21722,-0.13188
21.0762,3.25269,-0.0554918
21.2801,4.2182,-0.328282
21.1811,5.20619,-0.230461
21.0702,6.17654,-0.0632221
21.084,7.19384,-0.353792
21.157,8.15782,-0.668368
21.0658,9.12541,-0.335676
21.0226,10.1668,-0.450282
21.0688,11.034,-0.952007
21.0868,12.0295,-0.893316
21.0446,13.0322,-0.917902
21.0098,13.2222,-1.91231
21.1367,14.0497,-1.35007
21.124,14.8742,-1.98072
21.0226,15.3705,-1.12579
21.1009,16.3549,-0.900751
21.0554,17.2985,-0.543901
21.0987,18.2806,-0.682086
21.1915,19.2968,-0.54832
20.7542,20.1964,-0.475268
21.0108,21.1927,-0.505969
21.0269,22.2044,-0.54546
21.0931,23.1476,-0.176736
21.0144,23.8651,0.461409
21.0196,24.8453,0.712665
20.9269,25.5618,-0.0292611
20.953,26.5402,-0.216874
20.9887,27.526,-0.0811792
21.0181,28.5173,0.162197
22.0728,2.02979,-0.459105
22.0821,3.03294,-0.184631
22.2237,3.97975,-0.486465
22.1758,4.94322,-0.16303
22.0251,5.95154,-0.188025
22.0753,6.93117,-0.162703
22.1898,7.76485,-0.689456
22.0511,8.69738,-0.433018
21.9563,9.69416,-0.493591
22.0413,10.6507,-0.8253
22.0309,11.6638,-0.6489
22.0386,12.6614,-0.882089
22.046,13.1054,-1.78566
22.1575,13.8902,-1.14776
22.1282,14.7361,-1.74513
22.0677,15.4155,-0.918015
22.0934,16.4612,-1.07663
22.0661,17.3514,-0.498737
22.1224,18.2997,-0.773504
22.1586,19.2948,-0.854085
21.8207,20.1853,-0.40604
22.0415,21.1478,-0.427482
21.9678,22.1014,-0.248051
22.0915,23.0824,0.0757073
22.0396,24.0243,0.382641
22.049,25.0014,0.63112
21.9744,25.6805,-0.0689993
21.9569,26.635,-0.323215
22.0003,27.592,0.0714042
21.9945,28.5968,-0.0794488
23.0147,1.73103,-0.283752
23.0688,2.73438,-0.22107
23.2088,3.6505,-0.565627
23.2019,4.56407,-0.0942625
23.0028,5.58383,-0.199005
23.0761,6.59761,-0.132737
23.1677,7.41951,-0.676717
23.0159,8.40099,-0.280731
22.9238,9.42305,-0.419507
22.998,10.4407,-0.487542
23.0055,11.458,-0.4545
23.0117,12.4573,-0.570904
23.0236,13.0323,-1.42441
23.1539,13.8528,-0.897931
23.1518,14.5836,-1.62253
23.0957,15.229,-0.873904
23.1021,16.2071,-1.19374
22.9979,17.1027,-0.780078
23.0661,18.1245,-0.473589
23.1446,19.1526,-0.594488
22.8384,20.0443,-0.257033
23.0554,20.9595,-0.568151
22.9666,21.8702,-0.0642537
23.091,22.836,0.234925
23.0142,23.8845,0.256075
22.9753,24.9159,0.183474
22.9809,25.8685,-0.0505051
22.9601,26.777,-0.479284
22.9768,27.6856,0.0134007
23.0074,28.6975,-0.00803858
24.0521,1.65867,-0.176821
24.0885,2.67395,-0.196203
24.2282,3.52016,-0.685025
24.1616,4.36331,-0.0865596
24.0047,5.33804,-0.226173
24.115,6.33114,-0.153282
24.1353,7.21962,-0.652629
24.0674,8.15121,-0.32017
23.9402,9.15714,-0.29509
24.0434,10.2111,-0.265117
24.0301,11.2319,-0.605237
24.0638,12.2261,-0.41294
24.0418,12.7689,-1.31334
24.2322,13.7343,-1.0003
24.0911,14.6774,-1.24169
24.0389,15.2238,-0.429191
24.0431,16.2441,-0.771541
24.038,17.2285,-0.657176
24.0902,18.2383,-0.597003
24.1041,19.1894,-0.277999
23.8901,20.1893,-0.252629
24.0045,21.0188,-0.865816
23.8928,21.8807,-0.378024
24.1099,22.8352,-0.0308542
23.9822,23.7971,0.145784
23.9459,24.7869,-0.0575884
24.0005,25.7389,-0.354714
23.9961,26.7252,-0.398868
23.9456,27.7289,-0.162844
23.9782,28.7031,0.103195
25.0031,1.21024,-0.115864
25.0443,2.22549,-0.234599
25.2007,3.15383,-0.643742
25.0978,3.98441,-0.109275
24.9028,4.93167,0.0470687
25.0353,5.88666,-0.284674
25.1202,6.90305,-0.367415
25.0295,7.91581,-0.26307
24.9606,8.85029,-0.0186834
25.0116,9.9084,-0.0390728
24.9597,10.8285,-0.522315
24.9771,11.7805,-0.230061
24.956,12.4945,-0.913761
25.1718,13.4888,-0.801999
25.1265,14.4578,-0.912351
25.0511,15.3736,-0.493011
25.0965,16.3193,-0.745958
24.9557,17.2134,-0.342973
25.0516,18.211,-0.20022
25.057,19.202,-0.00532548
24.8978,20.1813,0.0273446
25.0223,20.992,-0.569259
24.9157,21.9223,-0.153804
25.0985,22.8935,0.211832
24.9763,23.9167,0.311673
24.922,24.8038,-0.123725
25.0194,25.7782,-0.301611
25.0375,26.7615,-0.429191
24.9701,27.7163,-0.156066
25.0735,28.651,0.132008
26.0509,1.08032,-0.195999
26.1389,2.07857,-0.289358
26.2618,3.01197,-0.621622
26.0709,3.73093,0.0917142
25.9569,4.70027,0.17011
26.0212,5.63271,-0.255333
26.1119,6.63115,-0.307706
26.0229,7.64172,-0.273434
25.998,8.69235,-0.127656
26.013,9.73031,-0.0852687
25.9948,10.7122,-0.222813
26.0222,11.7465,-0.201468
26.0104,12.3535,-1.00387
26.1629,13.2375,-0.58891
26.0766,14.2362,-0.627332
26.0531,15.1964,-0.331159
25.9291,16.1587,-0.159975
25.9451,17.1382,-0.517624
26.0359,18.1398,-0.316755
26.014,19.1331,-0.270547
25.8971,20.1226,-0.0668905
26.0241,21.0323,-0.512656
25.9588,21.851,0.0102908
26.0254,22.8879,-0.162169
25.9814,23.8557,0.156594
25.9291,24.9036,-0.119889
26.0154,25.9153,-0.158705
26.0429,26.9166,-0.120554
25.9703,27.9277,-0.182134
26.1147,28.8113,0.297818
27.0134,0.828623,-0.00627155
27.1508,1.87903,-0.188134
27.259,2.80362,-0.633128
27.0122,3.40647,0.164113
26.9861,4.45094,0.0520035
26.9904,5.43201,-0.165407
27.0967,6.42516,-0.138908
27.0525,7.38535,-0.400781
27.0382,8.42569,-0.183529
26.9956,9.42035,-0.319425
27.0212,10.4347,-0.227058
26.9891,11.4855,0.13379
26.9726,12.2323,-0.564245
27.1747,13.2519,-0.558406
27.076,14.2347,-0.386367
27.0591,15.2091,-0.138069
26.9601,16.2026,-0.0160222
26.9809,17.124,-0.402542
27.0333,18.1558,-0.500241
27.05,19.1055,-0.180212
26.872,20.139,0.0305551
27.0291,21.0498,-0.405475
26.9611,21.9286,0.0673391
27.0077,22.9455,-0.0234748
27.065,23.9166,0.201291
26.9636,24.8766,-0.0990234
26.9852,25.8849,0.0767418
27.1033,26.839,-0.295221
27.0128,27.8578,-0.262017
27.0609,28.8635,-0.172015
28.004,0.488934,-0.175204
28.0887,1.45886,-0.167656
28.1664,2.44403,-0.357356
28.0433,3.34377,0.0458876
28.0801,4.32478,-0.107434
28.0353,5.32658,0.0382794
28.0562,6.32994,-0.0551714
28.1045,7.30246,-0.317942
27.9959,8.23523,0.109677
28.008,9.17902,-0.241218
27.9617,10.1733,0.0299936
27.9565,11.1799,0.00224921
27.9773,12.1745,-0.21854
28.0057,13.1891,0.0306284
28.0657,14.1966,0.074984
28.0317,15.229,0.316605
27.9455,16.0484,-0.247444
27.9763,17.0192,-0.0246406
27.9916,18.0337,-0.0942198
28.0104,19.0567,0.0640736
27.9668,20.047,0.0634541
28.0732,20.9387,-0.369036
27.982,21.8943,0.0421796
28.0127,22.8639,0.285742
28.012,23.8334,-0.147758
28.0261,24.8605,0.00778832
28.0155,25.8534,0.0859645
28.0932,26.8158,-0.09859
28.051,27.8329,-0.0689627
28.0539,28.8202,-0.258245
28.9741,0.179134,0.102557
29.027,1.09469,-0.263723
29.0781,2.0593,-0.0742698
29.0311,3.05589,0.0885769
29.0392,4.06246,0.104523
28.9918,5.04395,0.304584
29.0952,6.06801,0.124906
29.0108,7.06062,0.0850795
29.0237,8.06791,0.0952208
29.0851,9.05255,-0.104602
29.0284,10.0895,-0.050322
29.0171,11.1091,0.215455
29.0143,12.0153,-0.242207
29.0242,12.9749,0.0820978
29.0967,14.0116,0.14904
29.0061,15.0104,0.0230628
28.9176,16.0111,0.109732
29.0256,16.9306,-0.144606
29.0233,17.93,0.073281
29.0261,18.9549,0.110981
29.0203,19.93,0.143532
29.0289,20.9439,-0.0303995
29.0328,22.0145,0.0931425
29.0202,23.0316,0.0434095
29.0243,23.9941,0.182342
29.0343,24.9616,-0.0797082
29.0081,26.0047,-0.0996612
29.1077,27.011,-0.121961
29.0122,28.0029,0.0810266
29.0523,28.9781,-0.0634632
