-0.00682089,0.00348216,-0.0153844
-6.40889e-05,0.97112,-0.0140843
-0.00680868,1.98625,-0.0668569
-0.00987274,3.01082,-0.0393719
-0.000381481,3.99876,-0.0661855
-0.000619526,4.98491,0.0322489
-0.00337535,5.98927,-0.107419
0,7,0
-0.007004,8.02453,0.07893
-0.00241707,8.99806,-0.0506912
-0.00559404,9.99121,-0.00730308
-0.00262764,11,-0.0658193
-0.00425123,12.0216,-0.0124607
0,13,0
-0.00873135,13.9878,-0.104389
-0.00896939,14.9857,-0.107514
-0.0102603,15.9908,-0.0434095
-0.0152532,17.048,-0.0441664
-0.00473952,18.0117,0.141475
-0.00349437,19.0033,-0.0154393
-0.00243538,20.0268,-0.123399
-0.00292367,21.0373,-0.050441
-0.00277108,22.0365,0.0741722
-0.00719932,23.0355,-0.147194
-0.0124027,23.9881,0.0878262
-9.15555e-06,25.0073,0.019779
-0.0046205,26.018,0.103891
-0.00395825,27.0083,0.0838862
-0.0126469,28.003,0.0215522
-0.0184515,28.9871,0.0301218
1.01866,0.0490158,0.127888
1.06045,1.02249,-0.112519
1.02653,2.00762,-0.174026
1.02339,3.02187,-0.195328
1.03204,4.00345,-0.0483901
0.958003,5.03403,-0.293707
1.03623,6.00131,-0.0854579
1.02997,6.98776,-0.26628
1.04527,7.97436,-0.169256
1.03192,8.96589,0.0116398
1.03432,10.0031,-0.10383
1.1122,11.0001,-0.173476
0.979382,11.991,-0.171789
1.02101,12.9568,0.0296793
1.00554,13.9579,0.0523392
1.08004,14.9763,-0.0444594
1.02721,15.9314,0.219071
0.975671,16.9086,0.303421
0.953084,17.8394,0.0201636
0.970357,18.9223,0.120881
0.985904,19.8534,-0.257286
0.997208,20.885,-0.185604
1.05773,21.8933,-0.124934
0.935438,22.9089,-0.0269814
0.980816,23.8636,0.261208
0.998724,24.8608,0.251259
0.967299,25.888,0.200107
1.00947,26.9106,0.296438
0.934385,27.8123,-0.13021
1.01829,28.8215,-0.0888577
2.02494,0.176,-0.0593524
2.08046,1.11545,-0.394592
2.06676,2.04816,-0.0726402
2.03951,3.0749,-0.305652
2.04795,4.04295,-0.00529496
2.03281,5.02006,-0.262679
2.07413,6.01318,0.0805658
2.00922,7.07117,-0.0240883
2.12927,8.06712,-0.0806055
2.09735,9.08029,0.0315012
2.04832,10.0926,0.0698019
2.19407,11.0342,-0.255986
2.05159,12.0357,-0.0586535
1.98938,12.9679,-0.300623
2.06274,13.9815,-0.0892575
2.09853,14.9574,-0.268166
2.01694,15.8578,0.175515
1.97878,16.8886,0.369268
1.94379,17.9089,0.339045
1.95914,18.9448,0.286758
1.97213,19.8044,-0.265865
2.00065,20.8136,-0.191549
2.02073,21.8257,0.160387
1.94517,22.8477,0.0557848
1.97335,23.8564,0.164046
1.97692,24.8522,0.41193
2.02301,25.7965,0.119922
2.04247,26.8442,0.143883
1.84559,27.6536,-0.472323
2.01086,28.6289,-0.246837
2.99728,0.328565,-0.4317
3.11095,1.26088,-0.213639
3.11169,2.29328,-0.0777032
3.08482,3.27476,-0.109336
3.03009,4.26472,-0.26361
3.02054,5.27205,-0.0658071
3.10613,6.27296,0.194952
3.05438,7.22095,-0.0565813
3.13798,8.20287,-0.291894
3.17419,9.14422,0.0297311
3.00929,10.1564,-0.214042
3.2186,11.152,-0.378503
3.06078,12.1547,-0.404364
3.05059,13.1598,-0.530235
3.04617,14.0711,-0.0857723
3.12564,15.0196,-0.443895
3.02401,15.975,0.020539
3.02216,16.9937,0.0836848
2.93757,18.059,0.293738
2.89438,19.0599,0.630854
2.89607,19.8788,0.00286264
3.00542,20.9164,-0.0332621
2.95738,21.8816,-0.195788
2.9805,22.8604,-0.0032136
2.97656,23.8407,-0.00386975
2.97822,24.837,0.128355
3.07302,25.8692,0.155428
3.02483,26.8947,-0.113196
2.8454,27.8252,-0.486267
3.09003,28.6611,-0.0452895
3.99711,0.533277,-0.478997
4.12982,1.45512,-0.11001
4.15472,2.44121,-0.122922
4.10914,3.45114,-0.0981903
4.02645,4.43734,-0.370965
4.0683,5.42789,-0.0468703
4.06675,6.45534,0.0414686
4.14384,7.39372,-0.154335
4.15323,8.40653,-0.187841
4.11325,9.40445,-0.305954
4.00471,10.4462,-0.334129
4.27079,11.407,-0.300806
4.1244,12.3841,-0.417991
4.04141,13.2939,-0.805884
4.05802,14.1828,-0.34976
4.13942,15.152,-0.278771
3.96122,16.1611,-0.341423
4.04137,17.0269,0.109964
3.97327,18.0211,0.349562
3.70842,18.905,0.0624134
3.89642,19.8917,0.0659658
3.98462,20.9291,-0.191241
3.98608,21.9461,-0.256935
3.9416,22.9641,-0.384078
3.95477,23.7788,0.186261
3.98196,24.8289,0.0943175
4.09282,25.8242,0.0947935
4.01527,26.7921,0.0269326
3.82999,27.7569,-0.213507
4.11603,28.6819,0.0774957
5.03257,0.704544,-0.538023
5.11032,1.62987,-0.0306497
5.11998,2.66908,-0.25678
5.17414,3.65825,-0.0625874
5.02215,4.64856,-0.262285
5.02955,5.64005,-0.480847
5.09327,6.61985,-0.131306
5.14953,7.64543,-0.160842
5.17461,8.66935,-0.0946043
5.16736,9.60502,-0.368664
5.02206,10.5722,-0.624085
5.31183,11.4865,-0.278957
5.17566,12.4014,-0.61981
5.08625,13.3707,-0.796579
5.03092,14.3667,-0.77861
5.11122,15.3876,-0.50918
4.98994,16.3943,-0.377715
5.04411,17.1478,0.278512
4.99458,18.0988,0.553581
4.72262,18.9276,0.0711875
4.87324,19.8814,-0.130616
4.9804,20.875,-0.296344
4.96311,21.8855,-0.104706
4.98383,22.9128,-0.125599
4.9125,23.9552,-0.0334483
5.00386,24.9105,-0.147386
5.14574,25.8869,0.145763
5.04729,26.8654,0.138374
4.85488,27.8598,0.0524796
5.16541,28.7845,-0.0934355
5.97622,1.04906,-0.428507
6.05101,1.94191,0.0686056
6.09189,2.95321,-0.0154271
6.13421,3.91041,-0.308002
6.06507,4.9176,-0.310978
6.05271,5.93222,-0.281152
6.08813,6.92795,-0.111435
6.10034,7.94568,0.0135289
6.21903,8.90179,-0.234608
6.11567,9.91768,-0.417872
6.05539,10.9091,-0.700647
6.31268,11.8558,-0.370009
6.13325,12.6443,-0.980407
6.02857,13.6604,-0.880532
6.00228,14.7104,-1.07797
6.11043,15.5725,-0.598483
5.97797,16.5876,-0.536836
6.07022,17.2219,0.228651
6.00948,18.1573,0.584024
5.73073,19.0926,0.250334
5.85835,20.0483,-0.143239
5.96319,21.0763,0.0197974
5.96582,22.0426,-0.140303
6.01175,23.0553,-0.201413
5.88694,23.9816,0.13715
6.07586,24.9857,-0.131797
6.10232,26.0285,-0.0791284
6.03518,27.0358,0.24156
5.77833,28.0146,0.374462
6.19455,28.669,-0.296661
6.97725,1.37642,-0.397501
7.07149,2.2949,0.0396893
7.08217,3.33486,0.07051
7.06989,4.30077,-0.201282
7.02736,5.3453,-0.38475
6.98454,6.36642,-0.263594
6.99728,7.38046,-0.132014
7.03843,8.37038,-0.101877
7.13618,9.31787,-0.530195
7.07983,10.3091,-0.397613
7.06344,11.2461,-0.680966
7.34149,12.2017,-0.583297
7.11706,12.8938,-1.27828
6.94685,13.9319,-1.2104
6.96748,14.8496,-1.61407
7.08419,15.6248,-0.941237
6.97664,16.5806,-0.602045
7.05233,17.3322,0.101999
7.00314,18.2848,0.36231
6.74304,19.23,0.266649
6.88026,20.105,-0.21204
6.92335,21.1556,-0.0986023
6.97635,22.1387,-0.324033
6.98487,23.0972,-0.0267983
6.93651,24.1121,0.0593982
7.15018,25.0709,-0.167653
7.1221,26.1103,-0.148711
7.05076,27.0899,-0.0747612
6.8699,27.969,0.374895
7.16286,28.7118,-0.243486
7.88541,1.72827,-0.0851833
8.03205,2.7299,-0.187722
8.01339,3.68881,0.17463
7.92175,4.76264,0.149025
7.9311,5.732,-0.318012
7.92814,6.70848,-0.230213
7.93577,7.72546,-0.238041
7.98311,8.79177,-0.270473
8.01994,9.79436,-0.385586
7.92998,10.8304,-0.631056
7.94239,11.8482,-0.756325
8.23303,12.8301,-0.626005
8.08731,13.1735,-1.63744
7.90672,14.1208,-1.33008
8.00039,14.8565,-2.01422
7.92947,15.7457,-1.50902
7.9909,16.22,-0.610202
7.94805,17.1996,-0.410352
8.00955,18.1357,-0.0487075
7.70896,19.0812,-0.0929716
7.87411,20.0597,-0.0590503
7.94714,21.0519,0.062682
7.93003,22.058,0.0524125
7.97572,23.0911,0.021775
7.96915,24.0813,0.0342509
8.15547,25.0521,0.0688925
8.11761,26.0772,-0.117231
7.97727,27.0338,-0.418531
7.84719,27.8927,0.1064
8.15461,28.7706,-0.360601
8.86501,2.08941,-0.122321
9.00364,3.05341,0.117429
8.99932,4.07276,0.187078
8.8993,5.11525,-0.024485
8.83544,6.13927,-0.0276711
8.84138,7.17734,0.00355235
8.88403,8.21668,-0.246001
8.87593,9.26313,-0.42356
8.91664,10.3204,-0.551607
8.81443,11.3938,-0.715253
8.82864,12.4637,-0.887829
8.9193,13.5638,-1.00315
8.93925,13.5935,-2.04655
8.83515,14.5264,-1.55098
8.90791,14.7858,-2.54349
8.87087,15.4083,-1.72124
9.00559,16.1251,-0.978011
9.02552,17.088,-0.489291
9.01971,18.1148,-0.38919
8.7636,19.0995,-0.15009
8.86779,20.1392,-0.23856
8.98415,21.1023,0.0481704
8.94205,22.0678,-0.046321
8.96627,23.1051,-0.061742
9.03923,24.1223,0.0179754
9.18465,25.1088,0.117215
8.99259,26.1265,0.393905
8.95748,27.0029,-0.111252
8.83616,27.9543,0.0839656
9.1475,28.8211,-0.415888
9.85955,2.36957,-0.0673605
9.88699,3.39821,-0.219675
9.94131,4.40215,0.0519669
9.81079,5.42268,-0.0207953
9.81647,6.46781,-0.00227668
9.81155,7.5234,-0.0859432
9.88337,8.56431,-0.248991
9.86077,9.60733,-0.315546
9.88448,10.6205,-0.517566
9.84584,11.6961,-0.681903
9.86358,12.6756,-1.03057
9.91343,13.7131,-1.23037
9.8722,13.7837,-2.26274
9.90031,14.5848,-1.65767
9.93806,14.8743,-2.63607
9.8685,15.3724,-1.73823
9.93761,16.339,-1.38354
9.9629,17.1717,-0.795025
10.0255,18.1527,-0.550468
9.7615,19.0768,-0.111444
9.92112,20.0436,-0.182977
10.008,21.0663,-0.164763
10.0245,22.1126,0.00795618
9.92514,23.1266,-0.117618
10.129,24.0777,0.164721
10.1776,25.058,0.451259
9.94061,25.9863,0.221549
9.94323,26.9053,-0.193838
9.83213,27.8736,0.059682
10.1284,28.5582,-0.581912
10.8503,2.69459,-0.0570391
10.8537,3.7302,0.0838466
10.9403,4.72778,-0.0862667
10.8094,5.77505,-0.133052
10.7855,6.82196,-0.213294
10.7328,7.84564,-0.376495
10.8357,8.84484,-0.563091
10.9198,9.84541,-0.42147
10.8652,10.8335,-0.647597
10.8423,11.854,-0.979705
10.9008,12.8551,-1.21029
10.8265,13.8776,-1.59686
10.8068,14.0863,-2.55412
10.8858,14.7741,-1.85264
10.9668,15.0671,-2.8484
10.8711,15.5811,-1.98027
11.0115,16.4509,-1.4177
11.0156,17.2475,-0.778115
11.0369,18.2375,-0.659798
10.7675,19.1657,-0.389441
10.9188,20.1699,-0.277166
10.9915,21.1564,-0.0983001
11.028,22.133,0.204324
10.9174,23.0564,-0.169161
11.0806,24.051,-0.0157811
11.1684,24.9966,0.443483
10.989,25.9769,0.138008
10.937,26.8656,-0.440779
10.8105,27.8158,-0.170766
11.0763,28.8045,-0.491507
11.8895,2.76941,-0.220789
11.8775,3.78163,0.00658895
11.9461,4.80597,-0.0629872
11.8689,5.83439,-0.23083
11.8089,6.84125,-0.319153
11.802,7.85803,-0.392981
11.8273,8.89429,-0.48001
11.9942,9.87432,-0.423484
11.9301,10.8633,-0.78294
11.8125,11.9509,-1.04074
11.8931,12.9611,-1.29703
11.8809,13.983,-1.538
11.8798,13.9991,-2.60846
11.8838,14.8517,-2.05942
11.9839,15.1357,-3.00116
11.8756,15.7635,-2.21523
12.0725,16.4759,-1.47948
11.9157,17.4623,-1.19228
12.075,18.3035,-0.585614
11.7922,19.2213,-0.340767
11.8934,20.194,-0.179885
11.9776,21.1889,-0.319657
12.0502,22.0295,0.226041
11.9233,22.9795,0.0295022
12.1228,23.9173,-0.092349
12.0936,24.9237,-0.128632
12.0055,25.898,-0.0542863
11.9803,26.8357,-0.361959
11.874,27.805,-0.140306
12.0727,28.6291,-0.721207
12.913,2.76369,-0.13325
12.9289,3.81799,0.00101016
12.9847,4.80427,-0.0622517
12.9441,5.82826,-0.302609
12.8765,6.84359,-0.343672
12.8129,7.837,-0.299515
12.8857,8.88007,-0.518345
13.0219,9.83496,-0.701193
12.9337,10.8869,-0.936
12.9116,11.9034,-1.12842
12.9084,12.8701,-1.3994
12.963,13.9745,-1.48155
12.9409,14.0683,-2.48062
12.9508,14.8856,-1.93406
13.0278,15.1526,-2.98915
12.8859,15.7671,-2.17831
13.0717,16.4137,-1.46785
12.8641,17.2275,-0.849092
13.0382,18.2669,-0.811698
12.8301,19.0086,-0.153246
12.9097,20.0279,-0.104386
12.9907,21.0223,-0.028074
12.9926,22.04,-0.157268
12.9813,23.0292,0.250096
13.1436,23.9413,-0.0791467
13.1365,24.9544,-0.1086
12.9915,25.9162,0.0721519
12.9542,26.7716,-0.61225
12.8788,27.7365,-0.340431
13.0613,28.6592,-0.762191
13.9643,2.67667,-0.162981
13.9072,3.73572,-0.0833552
14.0405,4.7101,-0.0979492
13.9531,5.71712,-0.329411
13.8956,6.77838,-0.350798
13.8437,7.7811,-0.559993
13.9153,8.84137,-0.610114
14.0508,9.82705,-0.738115
13.9737,10.8966,-0.83834
13.9341,11.8573,-1.08446
13.9903,12.8421,-1.42925
14.0179,13.8549,-1.63874
13.9746,14.0237,-2.65164
13.9964,14.7149,-1.93557
14.0353,15.0318,-2.91151
13.9503,15.6165,-2.09486
14.0509,16.4623,-1.58016
13.8968,17.2196,-0.926051
14.0432,18.1847,-0.774081
13.8545,19.0144,-0.245479
13.8995,20.0377,-0.354863
14.049,20.9552,0.0915952
14.0259,22.0152,0.0380383
13.999,23.0231,0.249156
14.1399,23.9884,-0.0611286
14.143,24.9721,-0.0447737
14.0325,25.9667,0.200262
13.9155,26.8931,-0.250087
13.8995,27.9085,-0.301611
14.1298,28.7987,-0.682263
14.9731,2.83623,-0.0772851
14.9072,3.83455,0.126222
15.031,4.81332,0.22718
15.0289,5.6819,-0.283529
14.9619,6.752,-0.236787
14.9386,7.74997,-0.459224
14.9547,8.7661,-0.665575
15.1019,9.80891,-0.612665
15.0687,10.8459,-0.811911
15.0157,11.8451,-1.01756
15.0031,12.8188,-1.37021
15.0829,13.8399,-1.70412
15.0131,13.9093,-2.69882
15.0911,14.6373,-2.05101
15.1324,15.0906,-2.92388
14.9543,15.5084,-1.99748
15.0832,16.4199,-1.61793
14.9299,17.1953,-0.994089
15.0383,18.2173,-1.0246
14.8908,19.0253,-0.414444
14.9701,19.9944,-0.394873
15.0873,20.9805,-0.0380108
15.0366,21.9855,0.119892
14.9045,22.925,-0.158699
15.1066,23.8958,-0.262868
15.1411,24.893,-0.0241005
15.0584,25.9513,0.163457
14.9513,26.8071,-0.364968
14.9367,27.8085,-0.394992
15.1189,28.8117,-0.680242
16.0063,2.66464,-0.0398633
15.9745,3.66241,0.0974761
16.0186,4.66082,0.126777
16.0299,5.69729,0.0275704
16.0064,6.69715,-0.0278512
15.9236,7.72053,-0.370251
15.9981,8.71579,-0.524689
16.1038,9.75279,-0.358116
16.0562,10.7116,-0.784976
16.0755,11.7834,-1.0025
16.041,12.7747,-1.35702
16.0778,13.806,-1.75737
16.1281,13.8439,-2.75808
16.0806,14.6769,-2.09137
16.1511,15.0728,-3.0001
15.9537,15.6218,-2.16481
16.0755,16.4822,-1.6693
15.9777,17.2001,-0.968145
16.0413,18.1974,-1.11987
15.9222,19.0414,-0.550716
15.9371,19.9669,-0.157671
16.0857,20.9737,-0.164657
16.0444,21.9896,-0.0165288
15.9656,23.0201,-0.0681112
16.1333,24.0178,-0.298529
16.1261,25.0208,-0.240785
16.0394,25.9685,0.231684
16.0063,26.7548,-0.374429
15.9428,27.8042,-0.463872
15.9977,28.8445,-0.0900662
17.0266,2.52623,-0.106479
17.0386,3.50387,0.0815485
17.015,4.51257,0.0737297
17.1185,5.58632,0.0775964
16.9934,6.55619,-0.152782
16.9395,7.59747,-0.291897
17.0474,8.56395,-0.625401
17.0689,9.61679,-0.68309
17.1151,10.6643,-0.905365
17.1072,11.7199,-1.10016
17.1068,12.8009,-1.17752
17.1067,13.8548,-1.45726
17.1244,13.8866,-2.5536
17.0372,14.6775,-1.97574
17.2015,15.1044,-2.89887
16.9666,15.5066,-2.00874
17.0529,16.4615,-1.52199
16.9817,17.1676,-0.842241
16.8857,18.134,-0.573733
16.9291,19.0933,-0.343382
16.9261,20.0664,-0.115802
17.1098,21.0265,-0.334574
17.0604,21.9678,-0.000970489
16.9991,22.9652,0.10318
17.0807,23.9541,0.023487
17.0448,24.9473,0.109217
17.0223,25.9361,0.37499
17.0561,26.7391,-0.291308
16.9978,27.7703,-0.384854
17.0632,28.7111,-0.0206549
18.104,2.34233,-0.108338
18.0284,3.27869,0.151213
18.0914,4.30114,0.0352702
18.0668,5.35278,-0.142439
18.0085,6.39261,-0.0329875
17.9913,7.50862,-0.203778
18.0549,8.56988,-0.349348
18.0719,9.58753,-0.551289
18.1219,10.6188,-0.636244
18.0974,11.6885,-0.892883
18.1229,12.6923,-1.02988
18.1344,13.7182,-1.38223
18.1446,13.7591,-2.44581
18.1129,14.6441,-1.88511
18.182,14.966,-2.81297
18.0147,15.506,-1.93302
18.0433,16.3602,-1.39917
17.9424,17.3106,-1.00778
17.9063,18.2048,-0.447114
17.9931,19.168,-0.309012
17.9363,20.2217,0.0358043
18.1676,21.0834,-0.529661
18.1445,21.9807,-0.0175665
18.0365,22.9851,0.0213996
18.0374,23.9819,0.342775
18.0462,24.893,-0.00168462
17.9046,25.9175,-0.117255
18.032,26.8009,-0.617643
18.0454,27.7334,-0.306769
18.0481,28.7361,-0.271123
19.069,2.14115,0.056267
19.051,3.1231,0.00979339
19.1298,4.09767,-0.107956
19.0829,5.113,-0.0651509
18.9189,6.07314,-0.285141
18.9008,7.12056,-0.268206
18.9696,8.17769,-0.339677
19.0665,9.23211,-0.473791
19.143,10.2823,-0.659478
19.0867,11.3725,-0.719343
19.1131,12.4263,-0.981744
19.1179,13.5466,-1.06864
19.1301,13.617,-2.13126
19.1358,14.4906,-1.55805
19.1344,14.8328,-2.49376
19.0385,15.4599,-1.71913
19.0969,16.3979,-1.38511
18.944,17.3012,-0.937919
18.9741,18.1732,-0.409781
18.9285,19.0797,0.108206
18.9288,20.0451,-0.155177
19.0422,21.027,-0.0394482
19.1197,21.9859,-0.32136
19.0479,22.9951,-0.153322
19.0361,23.9125,0.236692
19.04,24.9274,-0.0269417
18.9048,25.9244,-0.177081
18.934,26.9374,-0.128028
18.9992,27.9232,-0.0374157
18.9929,28.9142,0.0512284
20.0465,1.70362,0.130927
20.0007,2.70446,0.0508408
20.0948,3.70728,-0.0628254
20.0196,4.70609,0.0929685
19.8858,5.68361,-0.203372
19.8772,6.66481,-0.118064
19.8729,7.67094,-0.153758
19.8535,8.69189,-0.218998
19.9501,9.70608,-0.410083
19.8965,10.7181,-0.6451
19.9601,11.7619,-0.78721
19.8405,12.7717,-0.882983
20.0496,13.3102,-1.71854
20.151,14.291,-1.37803
20.1424,14.7991,-2.28442
20.0257,15.5338,-1.50741
20.1335,16.5086,-1.26425
19.9673,17.4478,-0.806809
19.9248,18.0578,-0.0129673
19.9214,19.0733,0.147819
19.9774,20.0437,-0.189639
20.0393,20.9773,0.0729942
20.1017,21.988,-0.0269997
20.0811,23.0338,-0.0749596
20.0524,24.0207,0.0958922
20.0903,25.0472,-0.0314432
19.9232,25.933,-0.455995
19.9418,26.9097,-0.268877
19.989,27.8992,-0.0654683
20.1434,28.8946,0.0587756
21.0056,1.3219,0.311725
20.9843,2.29656,-0.00748314
21.0704,3.31527,-0.0767724
20.9408,4.26519,0.168148
20.8759,5.23038,-0.277129
20.8856,6.27107,-0.215116
20.9188,7.29215,-0.234898
20.8119,8.27883,-0.0448286
20.932,9.23448,-0.403037
20.8075,10.2008,-0.714078
20.8688,11.2298,-0.691906
20.7134,12.2259,-0.744478
20.9684,12.9133,-1.4547
20.9954,13.7802,-0.963555
20.95,14.5485,-1.70999
20.9605,15.3151,-1.04314
21.0732,16.325,-0.850005
20.9611,17.3011,-0.618564
20.9467,18.015,0.0977142
20.9618,19.0388,0.301093
21.0073,19.9897,-0.211197
21.1228,20.8952,0.072457
21.0913,21.9144,-0.0935789
21.0766,22.9082,-0.0664907
21.0893,23.8749,0.188031
21.0914,24.8266,-0.0486557
20.8696,25.8242,-0.056975
20.9187,26.8472,-0.247493
20.9737,27.8596,-0.184771
21.1388,28.8089,0.00567644
21.9465,0.990613,-0.0528825
21.9224,1.96495,-0.312796
22.0161,2.92963,0.0572527
21.9326,3.93485,0.213141
21.8712,4.80534,-0.2064
21.7988,5.88511,-0.185699
21.9263,6.90739,-0.0869106
21.7795,7.91108,-0.144914
21.9113,8.88262,-0.0977172
21.7725,9.79256,-0.510654
21.8405,10.8002,-0.696506
21.6581,11.7813,-0.5202
21.86,12.6506,-1.02419
21.9976,13.588,-0.722166
21.9491,14.2116,-1.49189
21.9889,15.2072,-1.10062
22.0127,16.1055,-0.598114
21.9258,17.0846,-0.240092
21.9923,18.0057,0.164888
21.9297,18.9682,-0.00140385
21.9486,19.9905,0.0725913
22.0885,21.022,-0.0496353
22.0991,22.0239,0.0888516
22.0606,22.9801,-0.24033
22.1114,23.9483,0.0633534
22.1025,24.9451,0.179852
21.8842,25.8838,-0.00194098
21.9334,26.8702,-0.216953
21.9789,27.8788,-0.513089
22.1265,28.5864,0.185098
22.9332,0.661199,0.157582
22.9136,1.64666,-0.200256
22.9422,2.63484,-0.236409
22.9022,3.63814,0.123954
22.9217,4.64301,-0.238807
22.8533,5.62298,-0.113532
22.9033,6.63849,-0.0105014
22.7606,7.61138,-0.160918
22.932,8.60472,-0.0926969
22.7753,9.6012,-0.334025
22.8667,10.6021,-0.573431
22.6865,11.5429,-0.262093
22.875,12.4098,-0.739094
22.9673,13.4014,-0.656749
22.9079,14.3366,-1.07239
22.9611,15.2507,-0.702234
23.0278,16.2226,-0.473226
22.9954,17.1823,-0.150679
23.0099,18.1259,0.168194
22.8103,19.0911,0.504715
22.923,20.0778,0.292218
23.0627,20.9333,-0.27539
22.9974,21.9811,-0.391784
23.094,23.0077,-0.365807
23.1707,23.9849,0.0557054
23.0137,24.9328,-0.271102
22.9221,25.8863,-0.0300363
22.9483,26.9083,-0.0532212
23.056,27.7392,-0.582778
23.1056,28.6536,-0.12689
23.9355,0.608585,0.452409
23.8685,1.43658,-0.187869
23.949,2.41764,-0.398834
23.7715,3.39951,-0.407657
23.9429,4.38559,-0.354219
23.8841,5.39343,-0.19209
23.9227,6.38475,0.00220954
23.8365,7.38348,-0.00881985
23.9477,8.43585,-0.264092
23.8219,9.45352,-0.202191
23.8915,10.4025,-0.492596
23.7313,11.3755,-0.271618
23.923,12.3509,-0.542381
23.9713,13.3811,-0.695584
23.8655,14.4192,-0.691891
23.8543,15.3157,-0.251018
24.0337,16.2832,-0.595727
24.0285,17.2086,-0.166854
24.0282,18.1098,0.392727
23.871,19.1105,0.484899
23.9364,20.0863,0.244273
24.0851,20.9901,-0.133433
23.9856,21.978,-0.252226
24.1053,22.9526,-0.295242
24.1538,23.9698,-0.133427
24.0361,24.9587,-0.342335
23.892,25.9371,-0.192898
23.9312,26.9253,-0.123511
24.0473,27.799,-0.592663
24.0745,28.7119,-0.152849
24.8666,0.482186,0.0815516
24.888,1.42988,-0.368841
24.996,2.41272,-0.563518
24.8629,3.37012,-0.196521
24.9613,4.38427,-0.262468
24.925,5.36321,-0.116083
25,6.33443,0.0796655
24.87,7.32475,0.0988128
24.9661,8.26096,-0.285385
24.8368,9.23948,-0.203845
24.8846,10.2299,-0.399631
24.7807,11.2228,-0.276543
24.8892,12.1991,-0.457073
24.9475,13.2287,-0.467772
24.8014,14.2303,-0.481314
24.8244,15.1439,-0.0984466
24.9528,16.1853,-0.225455
25.014,17.1506,0.064153
24.9833,18.1417,-0.00508438
24.9164,19.0783,0.312415
25.0019,20.0336,0.210422
25.0771,21.0148,0.00950041
24.9892,22.0164,-0.0318613
25.0583,22.9928,0.148338
25.0641,23.9931,0.30174
25.0498,24.9275,-0.133601
24.9064,25.9581,-0.313636
24.926,26.9241,-0.41572
25.05,27.9113,-0.3279
25.0746,28.908,-0.0629719
25.928,0.325254,0.20354
25.9802,1.2776,-0.151851
25.9248,2.30949,-0.236506
25.8479,3.34071,-0.200031
26.0126,4.32358,-0.21493
25.9651,5.28722,-0.0265175
26.0025,6.28193,0.0279092
25.918,7.25582,0.0729637
25.9336,8.22151,0.110285
25.874,9.14035,-0.190909
25.9566,10.1937,-0.42183
25.883,11.1963,-0.237114
25.915,12.1957,-0.296463
26.0047,13.1978,-0.293292
25.8747,14.1535,-0.31381
25.8503,15.1174,0.0711814
25.8846,16.113,0.174252
26.0551,17.1115,-0.0404981
25.9705,18.1139,0.139955
25.9334,19.1078,0.148021
25.9847,20.094,-0.0212287
26.0252,21.1047,-0.205579
26.0106,22.0909,-0.28674
25.9557,23.1068,-0.25345
26.0617,23.9903,0.173971
26.073,24.9709,-0.0849239
25.9691,25.9551,-0.144166
25.9598,26.9035,-0.512516
26.0635,27.9149,-0.510941
26.1342,28.8193,-0.0964537
26.9484,0.187054,0.212842
27.0031,1.1453,-0.120392
26.977,2.13109,-0.0661519
26.9073,3.13022,-0.167907
26.9932,4.15042,-0.119575
26.9582,5.12633,-0.0621113
27.0487,6.10602,0.126966
26.9118,7.10431,0.21904
26.9764,8.08561,0.0977813
26.9068,9.09045,-0.198648
26.9848,10.152,-0.216041
26.9324,11.1515,-0.0884854
26.8927,12.156,-0.00787683
26.9395,13.1767,0.133451
26.9492,14.1369,-0.155934
26.871,15.1186,0.172137
26.8972,16.1399,-0.0568957
26.9777,17.058,0.286535
26.9963,18.0603,0.240919
27.0052,19.0456,0.0291849
27.0023,20.0504,-0.165761
27.0407,21.0396,-0.138273
27.0214,22.101,-0.291659
26.9483,23.0808,-0.0794549
27.0444,24.0579,0.171313
27.0853,25.0512,0.170748
26.9789,26.0304,-0.107358
26.9491,26.9992,-0.352687
27.0393,27.965,-0.341588
27.1724,28.935,-0.0932432
27.9032,0.0176977,-0.074279
28.0109,1.03879,-0.287973
27.9738,2.06998,-0.124317
27.9676,3.09192,0.0692343
28.0217,4.13953,-0.191806
27.9696,5.11232,0.048262
28.0723,6.08456,-0.169759
27.9748,7.00999,0.173888
28.0191,8.02558,0.260875
27.9651,8.95122,-0.0939207
28.0131,9.98884,-0.160256
27.9818,11.0427,-0.0251106
27.9838,12.0679,0.106705
27.9755,13.0668,0.161165
27.9871,14.0887,-0.0469039
27.9609,15.1188,0.0526292
27.8742,16.1407,0.0297494
28.038,17.1578,0.261629
27.9871,18.1509,0.0234352
27.9988,19.175,0.0200323
28.0345,20.1588,-0.172118
28.0019,21.136,0.152931
28.0539,22.0726,-0.283886
28.012,23.1517,-0.113804
28.0785,24.0498,0.361241
28.101,25.0439,0.411167
27.9999,25.9634,-0.115448
28.0078,26.963,-0.206165
27.9959,28.0524,-0.0635304
28.1195,28.975,0.307379
28.966,-0.0117588,0.0213233
29,1,0
29.0033,2.01158,0.019776
29.0137,3.00125,-0.00891751
29.0034,4.00048,-0.0425916
29.0041,5.00863,0.0505387
29.0741,5.99494,-0.0901486
29.0021,7.02513,0.0191168
29.0026,8.00605,0.119312
29.0055,8.98152,-0.129612
29.0139,10.0063,-0.163192
29.01,10.9975,0.0717704
29.0045,11.9974,0.0607562
29.0002,13.0049,0.00946989
29.0034,13.9921,-0.00963775
29.0022,14.9998,0.075985
28.9109,16.0015,0.0688009
29.0019,17.0037,0.0184454
29.0008,17.9967,0.0584765
28.9999,19.0126,0.0151402
29.006,20.0291,0.0382672
29,21,0
29.0077,22.0062,0.148463
29.0051,22.9548,-0.0426099
29.0085,23.9358,-0.0266884
29.0132,24.9741,-0.0710105
29.001,26.0153,-0.0457656
29.0104,27.0222,-0.133357
29.0035,28.0319,-0.0516434
29.0081,29.0405,-0.186999
