17.0802,15.2879,-8.91115
1.91067,28.7755,1.58786
-2.38012,3.68201,-13.5764
1.34817,-19.7441,-0.509214
-6.01907,9.19748,-13.9776
-2.65234,-29.7358,-9.58938
16.9637,-4.3237,16.6844
-2.15336,1.1829,7.69729
-9.99743,22.4805,3.33498
4.53739,20.275,-2.73871
9.02977,13.3081,-8.57909
2.98092,16.1694,-3.9437
0.986978,4.4721,-5.79026
0.725245,-7.18341,-3.77726
-2.2361,-2.5294,-8.45864
0.950301,-14.1407,-4.24283
7.44047,-5.32697,5.42635
4.16798,5.51722,3.05013
4.56009,17.0625,-1.13104
19.1683,18.435,-9.15914
6.99313,8.0105,-14.1591
4.06109,9.47372,-9.50794
2.76945,3.83303,-8.09738
1.66465,-1.65431,-6.04381
0.14091,-3.08469,-4.76487
1.24203,-5.88287,-1.3352
2.90218,0.1455,3.04125
1.86515,7.76176,4.51751
1.82171,15.0448,4.95352
6.20657,19.4842,3.30251
6.44998,2.87204,-20.9428
4.8811,4.68949,-15.4807
3.42486,2.89717,-11.4295
2.24145,1.09816,-7.5959
1.08712,0.398157,-3.74504
0.780532,0.587991,0.472588
0.418427,5.37473,4.23148
-1.1039,11.1982,7.44197
-3.28593,16.9092,10.7783
-6.47022,21.1608,15.6178
6.74819,-1.98232,-28.7905
5.35804,0.657744,-20.8042
3.75209,1.55294,-14.2604
2.40077,2.65325,-8.61684
1.2661,3.76164,-3.42306
0.263506,5.52594,1.50455
-1.00843,9.69023,5.83319
-3.09533,14.75,10.1669
-7.94257,19.6141,15.8214
-19.2145,23.4244,28.2524
7.83062,-6.83492,-37.9967
3.90134,-0.902982,-17.6713
2.50369,1.11471,-10.1133
1.67939,3.76057,-5.20089
1.35631,6.12402,-1.45989
1.54489,7.99518,1.70383
1.80582,10.4349,4.32157
2.11841,13.3926,6.26461
2.76475,17.297,3.90903
8.34961,21.947,-8.56737
-12.3949,25.5293,11.372
-0.572192,4.70698,2.63932
1.3039,2.08831,-2.57421
0.580911,5.66198,-0.506372
0.928559,8.67421,1.76414
2.71564,9.98169,3.16085
4.90914,10.6978,3.91296
7.58849,10.9067,3.73293
12.2881,8.86317,0.885498
22.0595,0.412314,-2.34883
14.7734,-40.4553,21.9524
9.69852,-14.8834,10.1565
1.7467,-0.837187,3.0097
-0.927271,8.27255,4.00883
0.343611,12.0452,5.11624
3.8387,12.1218,5.00173
7.65008,11.0409,4.30294
11.8827,9.34292,3.31707
17.1748,6.66015,2.34752
23.5994,2.18968,2.14896
-9.59643,6.01958,-9.89176
20.5862,-0.447908,2.44489
-6.43378,11.3092,-4.66943
-4.19254,17.0774,6.28456
-0.682897,16.6678,8.07488
2.91579,15.0617,7.00994
6.73783,13.4866,5.65653
10.6444,12.0124,4.31148
14.7987,10.8752,3.00987
17.4336,14.2872,1.7285
24.5446,-1.30637,1.5508
58.6895,-8.57528,12.7742
-33.7821,24.1414,-14.8207
-4.29537,26.3744,16.4843
-1.68154,21.1859,12.0638
1.61563,17.9048,9.28803
5.26314,15.6295,7.24815
8.81445,13.9634,5.5335
12.2482,12.8379,4.13875
14.8956,13.6697,3.04039
