0.15338,0.478689,-2.08307
0.113962,1.77614,-2.05648
0.130747,3.00098,-2.08067
0.198318,4.25959,-2.11769
0.19541,5.50254,-2.17002
0.161895,6.76392,-2.21777
0.10853,8.0023,-2.21309
0.299667,9.27486,-2.23846
0.416807,10.4752,-2.35162
0.763952,11.5807,-2.36144
1.12718,12.6895,-2.51425
0.997845,13.8556,-2.4376
0.546992,14.7622,-2.15214
0.494855,15.716,-1.65091
0.0895413,16.5305,-1.27825
0.423017,17.5015,-1.23187
-0.165944,18.3118,-0.99924
0.0777612,17.3278,-1.1449
-0.031785,18.2397,-0.825596
-0.0136601,18.993,-0.13997
0.865069,1.28874,-2.13416
0.929102,2.44764,-2.06807
1.0165,3.63046,-2.10152
1.03411,4.81726,-2.12648
1.05091,5.99322,-2.26188
1.08501,7.18398,-2.33659
1.09077,8.40722,-2.51726
1.18288,9.61797,-2.61723
1.37795,10.8803,-2.70116
1.58579,12.0986,-2.92207
1.84523,13.2935,-3.14964
1.76008,14.3783,-2.85441
1.45563,15.2308,-2.32432
1.39694,16.1851,-2.08404
1.13125,16.8247,-1.32561
1.05004,17.6243,-1.98297
0.911368,18.1422,-1.14927
1.08812,17.1716,-1.34202
0.914499,18.1332,-1.18168
0.834773,19.0686,-0.709684
1.87017,1.64912,-2.09163
1.8866,2.81226,-2.13601
1.96179,3.97976,-2.19692
1.9925,5.16879,-2.17157
2.01733,6.39392,-2.2862
2.0522,7.59917,-2.4178
1.99551,8.88642,-2.57801
2.1106,10.1547,-2.75211
2.2109,11.4496,-3.01949
2.30002,12.7149,-3.45797
2.43515,14.0415,-3.94025
2.34602,15.291,-3.27564
2.24042,15.8301,-1.94767
2.17332,16.8238,-2.44385
1.94503,17.4135,-1.39568
2.03436,17.3852,-2.30724
1.8697,18.1283,-1.55498
1.99531,17.1728,-1.85778
1.94348,18.0845,-1.44239
1.7871,19.0525,-1.09494
2.85186,1.35118,-1.97077
2.91236,2.50868,-2.05459
2.94195,3.72259,-2.07574
3.02208,4.87226,-2.17765
2.95653,6.05701,-2.13679
3.02965,7.25673,-2.2029
2.92669,8.41328,-2.40598
2.99543,9.60602,-2.57991
3.04024,10.806,-2.75474
2.99533,11.9605,-3.12575
2.9349,13.1339,-3.27417
2.919,14.2009,-2.99098
2.93376,14.9992,-2.21209
2.89919,16.0414,-2.13472
2.77329,16.7415,-1.33935
3.10273,17.3077,-2.12204
2.95932,18.0514,-1.43029
2.91499,17.2864,-2.14869
2.98464,18.0908,-1.55818
2.85484,19.0263,-1.10822
3.85296,1.07504,-2.00465
3.88715,2.19223,-2.09988
3.88919,3.32704,-1.99936
3.88636,4.43223,-1.98786
3.90728,5.58963,-2.18515
3.93305,6.71652,-2.24765
3.81326,7.85984,-2.32412
3.86218,8.96934,-2.55879
3.8573,10.0696,-2.66352
3.6981,11.186,-2.71213
3.58227,12.24,-2.97667
3.59694,13.3184,-2.786
3.69011,14.2235,-2.2022
3.61007,15.2789,-1.92953
3.68313,16.0891,-1.32331
4.02938,16.8659,-1.79979
3.76572,17.568,-1.04884
3.94971,17.2708,-1.98908
4.0034,18.1784,-1.46752
3.83447,19.2056,-1.2846
4.80483,0.790728,-2.14878
4.87328,1.88776,-1.98477
4.79235,2.95046,-1.88706
4.84167,4.02851,-1.959
4.85016,5.1189,-2.02099
4.74123,6.21331,-1.93469
4.70189,7.33091,-2.05401
4.70317,8.43136,-2.18305
4.6684,9.53316,-2.25301
4.62158,10.6041,-2.54898
4.4706,11.681,-2.56441
4.49487,12.6741,-2.55261
4.56849,13.6508,-2.19591
4.49883,14.7227,-1.87335
4.65659,15.6252,-1.37215
4.96064,16.4096,-1.94979
4.75139,17.185,-1.27687
4.94224,17.4877,-2.19987
5.03237,18.1435,-1.3949
4.78993,18.9963,-0.941575
5.77528,0.374731,-2.18132
5.76124,1.46755,-2.14846
5.71358,2.51338,-1.85819
5.75085,3.63393,-1.94721
5.74785,4.67164,-1.94915
5.71394,5.75191,-1.9972
5.5749,6.83424,-2.0224
5.59687,7.93312,-1.98015
5.576,8.97537,-2.05289
5.50256,10.034,-2.23592
5.40451,11.079,-2.3059
5.41357,12.1201,-2.32874
5.41803,13.0969,-2.19401
5.33929,14.0689,-1.88004
5.50617,14.9973,-1.60544
5.8451,15.9363,-1.72012
5.7581,16.8852,-1.29395
6.00138,17.5829,-1.97058
6.04262,18.2632,-1.2183
5.80632,18.9844,-0.578091
6.76759,0.205902,-2.01362
6.68148,1.22473,-1.74293
6.72844,2.27505,-1.70005
6.75406,3.34703,-1.72394
6.72325,4.4495,-1.83446
6.70114,5.54996,-1.80087
6.59044,6.53342,-1.9575
6.59012,7.548,-1.9966
6.5384,8.68815,-2.06786
6.51062,9.72722,-2.0735
6.36303,10.7075,-2.06534
6.41737,11.7055,-2.03298
6.40533,12.7444,-2.13239
6.31563,13.6833,-1.72754
6.49037,14.6308,-1.63197
6.79689,15.5931,-1.72099
6.74318,16.5602,-1.55954
7.00344,17.545,-1.7905
6.97057,17.9484,-0.907334
6.81399,18.9405,-0.782199
7.77625,0.00430311,-1.67771
7.67645,1.08855,-1.72144
7.7695,2.11094,-1.69633
7.72595,3.17883,-1.6224
7.71222,4.21836,-1.54839
7.64835,5.2688,-1.78004
7.60797,6.24647,-1.87092
7.59412,7.33877,-1.93733
7.5384,8.42513,-1.85971
7.52563,9.42122,-1.88166
7.4265,10.4495,-1.95951
7.45997,11.459,-1.91
7.38574,12.4657,-1.93516
7.35199,13.4182,-1.63022
7.48364,14.4126,-1.56401
7.7757,15.3871,-1.695
7.73472,16.3472,-1.72419
7.98433,17.3022,-1.95765
7.94518,17.9029,-1.12026
7.81696,18.8693,-0.799716
8.75249,-0.115403,-1.56541
8.75464,0.9111,-1.74089
8.77883,1.97948,-1.80068
8.75893,2.99536,-1.62508
8.67696,3.99203,-1.5305
8.6442,5.04487,-1.65497
8.64817,6.08007,-1.86445
8.59974,7.11408,-1.809
8.56495,8.21983,-1.85889
8.56027,9.31637,-1.89153
8.42602,10.3072,-1.70254
8.51189,11.304,-1.80212
8.38182,12.311,-1.72833
8.44839,13.2989,-1.55332
8.52422,14.2993,-1.5872
8.69933,15.2838,-1.29093
8.75679,16.2571,-1.56442
8.9852,17.2101,-1.67737
8.95382,18.0627,-1.08832
8.81698,19.0959,-1.02035
9.72905,-0.273931,-1.42596
9.7602,0.747673,-1.63217
9.77181,1.82696,-1.6409
9.77839,2.92619,-1.63987
9.70875,3.9822,-1.70278
9.67378,4.98249,-1.76647
9.68961,5.95288,-1.97554
9.60082,6.99468,-1.95989
9.57329,7.98327,-1.84034
9.59296,9.0658,-1.80838
9.46285,10.1032,-1.67902
9.49688,11.1404,-1.58607
9.5396,12.179,-1.71932
9.50019,13.2222,-1.55734
9.5548,14.2564,-1.39276
9.70208,15.2402,-1.24348
9.78369,16.1998,-1.52236
9.93103,17.172,-1.34797
9.90324,18.1112,-0.883682
9.85557,19.1094,-1.07201
10.7593,-0.186923,-1.45165
10.7274,0.883834,-1.43974
10.8292,1.87103,-1.66041
10.8295,2.93523,-1.62347
10.7004,3.90827,-1.54734
10.6819,4.95052,-1.67275
10.6925,5.98381,-1.64748
10.6635,6.994,-1.77651
10.6389,8.00447,-1.73142
10.6547,9.04555,-1.61244
10.51,10.0356,-1.35355
10.5455,11.0928,-1.44783
10.5519,12.0812,-1.575
10.5448,13.1188,-1.49848
10.6004,14.1401,-1.43312
10.7849,15.1297,-1.23523
10.7777,16.1464,-1.31357
10.9209,17.0974,-1.07868
10.9161,18.1178,-0.916108
10.9019,19.1329,-0.994699
11.7575,-0.0228675,-1.36417
11.7717,1.01989,-1.53907
11.8287,1.97712,-1.86945
11.8289,2.97598,-1.87323
11.7605,3.93301,-1.47455
11.7088,4.9555,-1.6048
11.6826,5.94187,-1.53303
11.74,6.91642,-1.74245
11.6623,7.93066,-1.71849
11.6997,8.93891,-1.56127
11.61,9.98272,-1.44586
11.5606,11.0496,-1.3463
11.6034,12.0232,-1.5646
11.5423,13.0276,-1.47293
11.6518,14.0589,-1.46344
11.8007,15.0679,-1.31056
11.7719,16.0761,-1.13887
11.9016,17.1064,-0.903958
11.8879,18.0341,-1.17612
11.9063,19.0029,-1.02112
12.812,-0.0674947,-1.29323
12.7927,0.946605,-1.27451
12.8964,1.91053,-1.69959
12.7911,2.91395,-1.62985
12.802,3.89724,-1.30852
12.7615,4.93935,-1.34577
12.7316,5.93361,-1.39979
12.7533,6.96355,-1.58217
12.6795,7.97349,-1.56746
12.6795,8.97369,-1.3641
12.6471,10.0137,-1.38493
12.55,11.0174,-1.48675
12.6323,11.9797,-1.65716
12.6113,12.9867,-1.54196
12.6388,14.0299,-1.36305
12.8379,15.0822,-1.3333
12.7944,16.1225,-1.36619
12.9832,17.0563,-1.16967
12.9542,18.1071,-1.08787
12.9322,19.1375,-0.961068
13.8773,-0.226743,-1.3096
13.7978,0.815238,-1.19511
13.9218,1.78516,-1.5393
13.8725,2.80406,-1.55289
13.8448,3.82177,-1.27886
13.7794,4.82372,-1.29277
13.7943,5.83011,-1.41993
13.7686,6.84404,-1.6084
13.7412,7.85689,-1.55849
13.6754,8.89258,-1.38188
13.7092,10.0067,-1.40371
13.5912,11.0204,-1.41509
13.6606,12.0713,-1.41953
13.6661,13.0961,-1.38717
13.6867,14.0766,-1.32182
13.8229,15.1309,-1.23468
13.8354,16.1731,-1.21227
14.0144,17.1699,-1.03416
13.9973,18.1571,-0.913065
14.0078,19.202,-1.03171
14.8897,-0.278845,-1.14064
14.8104,0.761135,-1.17629
14.9333,1.75375,-1.25998
14.8753,2.78102,-1.24134
14.8826,3.81186,-1.36224
14.7929,4.8225,-1.46409
14.884,5.87703,-1.41705
14.7677,6.9516,-1.4084
14.7782,7.98874,-1.40177
14.7657,8.97732,-1.38442
14.7259,9.96576,-1.32478
14.6512,10.9766,-1.45212
14.6974,12.0273,-1.32599
14.6999,13.0691,-1.42097
14.7379,14.1423,-1.23907
14.8792,15.1673,-1.33742
14.865,16.1918,-1.04678
15.0338,17.2512,-0.993417
15.0344,18.2244,-0.646144
15.0172,19.2168,-0.725211
15.9389,-0.202918,-1.06731
15.8746,0.835853,-1.10399
15.9282,1.86601,-1.19199
15.9244,2.86073,-1.14235
15.9085,3.86677,-1.36368
15.7984,4.87265,-1.39485
15.8995,5.91129,-1.42543
15.8227,6.93201,-1.48061
15.8334,7.98415,-1.29695
15.802,9.04212,-1.244
15.7547,10.0242,-1.21327
15.7623,11.0171,-1.4017
15.7666,12.0258,-1.24342
15.7675,13.0314,-1.40717
15.7283,14.0771,-1.37141
15.904,15.0752,-1.24891
15.9162,16.0431,-1.02694
16.033,17.0708,-0.835807
16.1099,18.0994,-0.651817
16.0331,19.1475,-0.683087
16.9958,-0.238929,-1.12254
16.894,0.780563,-1.07225
16.9597,1.81766,-1.01811
16.9467,2.83589,-1.02035
16.8013,3.86018,-0.901743
16.7911,4.88477,-1.14099
16.9131,5.89914,-1.17852
16.875,6.90646,-1.3832
16.8614,7.96906,-1.43871
16.8563,8.98786,-1.21119
16.8062,10.0505,-1.11087
16.7904,11.0593,-1.35178
16.7843,12.032,-0.976363
16.791,13.046,-1.2007
16.7737,14.1186,-1.22881
16.9005,15.0947,-1.06247
16.977,16.1401,-0.996274
17.0642,17.1068,-0.76531
17.157,18.1539,-0.539583
17.1504,19.185,-0.714606
18.0363,-0.214765,-1.01621
17.9157,0.793616,-1.10899
17.9857,1.83712,-1.00707
18.0097,2.85305,-0.840895
17.8291,3.88589,-1.01318
17.8712,4.86797,-1.22276
17.9296,5.89306,-1.15387
17.8818,6.89595,-1.1725
17.83,7.95157,-1.14372
17.9308,8.94934,-1.09924
17.7689,9.97322,-1.0756
17.8248,11.0067,-1.16181
17.8547,12.0245,-1.086
17.8459,13.0221,-1.05417
17.8589,14.022,-1.14528
17.98,15.0378,-1.11254
17.9726,16.0553,-0.951085
18.0826,17.0818,-0.810956
18.1761,18.0519,-0.395083
18.0854,19.0676,-0.346599
19.0705,0.0639332,-0.905121
18.9477,1.02647,-1.09868
19.0128,2.03005,-1.09126
19.012,3.03878,-1.0153
18.8281,4.01368,-0.794226
18.8448,4.98671,-1.03535
19.0362,5.99752,-1.30797
18.91,7.03545,-1.18325
18.8845,8.04281,-1.0449
19.0271,9.03624,-1.00925
18.8379,10.0669,-0.981701
18.9282,11.0948,-1.04534
18.9151,12.1225,-0.89783
18.8818,13.1186,-1.19897
18.9102,14.1446,-1.12622
19.0279,15.1919,-1.08005
19.0674,16.2116,-0.950096
19.0653,17.2017,-0.791815
19.2396,18.1546,-0.43274
19.02,19.0722,-0.0186499
