21.2697,16.8548,-11.3154
-5.16279,-0.217194,5.57373
-7.26509,12.4544,-15.5846
13.4287,-16.9847,21.5996
4.65885,-4.00679,-20.7462
-6.97809,-20.9182,-12.497
27.6561,-7.61969,12.9381
0.986648,-3.29655,6.70939
4.82291,7.64631,12.4731
8.49286,13.7282,6.51401
11.7517,10.6417,-6.82216
3.0457,4.85998,-1.24978
0.0221412,2.44821,-4.67865
6.97213,-7.95189,6.12856
5.26785,-6.46368,-7.15135
2.89535,-12.4718,-3.7078
13.3883,-6.93925,5.48107
7.27161,1.50074,6.12168
6.978,11.4623,5.78798
12.2299,20.2133,0.65222
6.90338,7.103,-8.63549
4.17859,4.20787,-5.44588
3.27143,0.437898,-2.6699
4.71621,-3.62889,1.22192
4.09607,-4.11827,-2.33481
3.50298,-5.40056,0.862481
5.98798,-0.846541,5.59669
2.29197,6.07019,7.62259
-0.693957,13.287,8.7546
-2.14676,20.2462,8.16159
3.2595,5.25113,-12.8239
2.35287,3.81468,-9.02478
2.11527,1.85862,-5.26435
2.67219,-0.242701,-1.64979
2.29739,-0.552965,0.325901
1.73502,0.29888,3.7096
0.920246,4.53127,7.24242
-3.14143,10.1422,9.96742
-8.71216,15.9518,12.6156
-16.7404,21.6476,15.4808
0.493359,4.15281,-18.205
-0.286102,3.78772,-12.1665
-0.396976,3.2104,-6.78271
0.219214,2.73635,-2.23263
0.426893,3.07535,1.75054
-0.275802,4.76756,5.60006
-2.48898,8.55273,9.17361
-6.61022,13.0203,12.836
-14.191,16.9184,16.7961
-32.4512,24.4968,22.6799
-1.17584,3.55617,-25.5232
-4.2268,4.16059,-10.3916
-3.04042,3.63093,-3.86319
-1.80341,4.62,0.20726
-0.724174,6.11925,3.39824
0.066274,7.86514,6.0661
0.490161,10.168,8.40924
0.28544,12.2425,10.696
3.37403,9.06821,11.6473
19.5047,-0.902707,8.38024
-21.43,23.5505,2.52118
-8.13415,4.86593,4.30002
-3.2179,2.95748,2.54921
-2.7277,6.1291,4.10605
-1.46311,8.93169,5.86017
0.949254,10.59,7.08616
3.57423,12.0429,7.95131
6.63873,13.1656,8.25839
11.7901,12.9641,5.6275
19.2557,14.9751,-1.72654
12.3802,-33.4479,25.1353
3.11788,-13.001,13.2056
-0.121244,-0.0807276,7.3212
-3.97641,8.04176,7.76528
-2.58481,12.1638,8.39116
1.651,13.3889,8.28275
6.42271,14.1026,7.80532
11.5932,15.3322,7.17621
18.0789,17.4152,6.12761
26.1379,21.8476,5.95637
-12.5379,2.65755,0.713947
5.42695,-6.12113,2.38644
-1.61015,11.4491,1.04349
-8.49418,15.6067,8.65922
-5.18354,16.2908,10.4042
-0.124714,16.006,9.71634
5.27702,15.7792,8.97424
10.8165,15.4656,7.98844
16.6112,15.0067,6.83893
22.6772,14.006,5.64873
5.3987,-9.40766,1.05051
23.3955,-21.5727,1.8482
-6.32499,30.1257,-5.10859
-16.3965,22.7745,15.0872
-9.4557,19.7478,12.7977
-3.28003,18.0808,11.2284
2.51588,16.9777,9.93784
8.05231,16.1244,8.79875
13.293,15.4033,7.77123
17.9836,14.6645,6.59912
