3.82369,4.45363,0.0751366
2.97947,3.96027,0.344853
2.71116,4.83593,0.762331
2.62246,5.78737,0.416514
3.03905,6.68202,0.0479293
2.16552,6.73763,-0.422779
2.20233,6.02777,0.334156
1.89915,6.81861,0.875915
1.30195,7.45665,1.32675
2.09731,6.96169,1.60342
3.71773,4.06912,-0.843858
2.76225,3.76113,-0.621036
2.91601,4.66715,-0.228257
3.12518,4.97771,0.746995
3.29985,5.72182,0.105338
2.2805,5.92437,0.175057
2.78295,6.82109,0.324479
2.70803,6.36433,1.2354
2.23889,7.23532,1.50542
2.97845,6.55496,1.53071
2.7884,3.73567,-0.653188
3.35513,2.98692,-0.30123
3.50623,3.90561,0.0907865
3.5916,4.88886,-0.135597
3.66011,5.14892,0.84702
2.74875,5.04243,0.3807
3.21681,5.91697,0.346153
3.68668,6.3846,1.09387
3.18523,7.28226,1.09272
3.738,6.44186,0.88103
3.4653,2.99318,-0.58894
4.15187,2.50835,0.0440809
4.3648,3.44684,-0.159871
4.37346,4.40041,0.229295
3.51101,4.87169,-0.0990326
3.43753,5.81388,0.324671
2.9623,5.8463,-0.602332
3.33537,5.85879,0.319587
3.8744,6.50833,0.910294
3.51386,6.89074,1.75154
4.08198,2.39772,-0.0287912
4.88225,1.94864,0.416773
5.14047,2.74186,-0.239595
4.70477,3.65951,-0.392007
3.75801,4.00095,-0.501559
3.62926,4.92185,-0.122382
4.0357,5.74975,-0.643309
4.34252,5.92006,0.306424
4.84798,6.4821,1.01386
4.17411,7.16539,1.06459
4.11578,2.9951,-0.853908
4.91898,2.69716,-0.313239
5.0837,3.63364,-0.628083
5.36222,4.30454,0.0228217
4.61415,4.48995,-0.596811
4.36778,5.47439,-0.535148
4.89439,6.3371,-0.528709
5.30204,6.1632,0.366439
5.10855,7.19282,0.406577
4.15027,7.21633,0.0706931
4.7304,2.41524,-0.280169
5.58236,2.01721,-0.6545
5.89555,3.01967,-0.738722
5.10289,3.60547,-0.698358
5.25333,4.19052,0.0933988
5.23861,5.17236,-0.166439
5.71649,6.0202,0.0461409
5.42844,7.03901,-0.120191
4.42086,7.03629,-0.299039
5.08259,7.41915,0.44264
5.49407,2.2874,0.337608
6.14593,2.76152,-0.330131
5.31388,3.16797,0.0475478
5.76069,4.05654,-0.049971
5.60479,4.98617,-0.372292
6.00096,5.89252,-0.00641804
6.11028,6.8401,-0.342427
5.3879,6.39906,-0.899438
5.45103,7.06345,-0.187875
6.14676,7.54148,0.356291
6.09089,2.88256,-0.241661
6.42973,3.71604,-0.703372
5.65279,4.10481,-0.130717
5.93918,5.10016,0.0985076
5.24046,5.8018,0.0462691
5.51158,6.48367,0.706293
5.15193,7.00276,-0.113358
5.92479,6.36622,-0.0797082
6.22789,6.99866,-0.824531
6.56766,7.84751,-0.511484
6.67325,2.10775,-0.190994
6.50239,2.72236,-0.973495
5.73742,3.34125,-0.745814
5.85788,4.27187,-0.404614
5.14108,4.97037,-0.483312
5.1432,5.61867,0.269317
5.29462,6.0943,-0.602686
5.72296,6.99652,-0.819913
6.12608,6.01499,-0.969735
6.48725,6.95504,-0.873196
