3.22716,4.23498,1.06967
2.87944,4.01283,0.0907163
1.92283,4.31889,0.339933
1.70102,5.21061,0.722001
2.22512,6.07218,0.4639
1.6392,5.27205,0.739195
2.15239,6.00639,1.12811
2.48376,6.59189,0.385073
2.08007,7.36211,-0.175582
3.05942,7.08532,-0.238136
4.0093,4.65498,0.512931
3.7857,4.05973,-0.274279
2.92468,4.26803,0.201447
2.63499,5.23366,0.383789
3.01255,5.92174,-0.233686
2.21145,5.40116,-0.0750114
2.21626,6.38542,0.219718
1.84951,6.46346,1.15943
2.49936,7.01008,0.66317
2.61012,6.25857,0.00400098
3.44691,3.94778,1.00285
3.26381,3.30484,0.195083
3.59666,3.97413,-0.557271
3.27253,4.92612,-0.277441
3.2406,5.39415,0.603952
2.35328,5.76954,0.881677
3.04833,5.80766,0.137559
2.83614,6.23143,1.00174
3.09512,6.46898,0.0252632
3.36825,5.50078,-0.0800409
3.33552,3.18987,0.376165
3.83593,2.55834,-0.208588
4.43698,3.34746,-0.463198
3.74482,4.11218,-0.606647
3.85292,4.9121,-0.0316691
3.26382,5.54674,0.470843
3.45549,5.08092,-0.430467
3.33502,5.73319,0.301587
4.07713,6.4529,0.406333
3.54815,5.72203,0.855095
3.66968,2.28859,0.657237
4.52861,1.93392,0.250682
4.98588,2.52687,-0.39526
4.35413,3.32385,-0.461049
3.67029,3.93737,-0.0555773
3.59758,4.9908,-0.284408
4.36467,5.56311,-0.620811
4.29192,5.75527,0.358422
5.05126,6.35609,0.665227
4.10207,6.52366,0.987243
4.24705,3.09348,0.872591
4.89391,2.86754,0.126545
5.32634,3.44735,-0.640168
5.01659,3.35832,0.300995
4.54848,4.29564,0.155214
4.46744,5.31544,0.00480056
4.35861,6.33056,0.0915006
5.27156,5.94607,0.246638
5.41252,6.8617,-0.12526
4.97307,7.1037,0.721815
4.88475,2.91024,0.0803522
5.72246,2.78089,0.647194
6.18148,3.26106,-0.113184
5.46648,3.95857,-0.414185
5.48734,4.19797,0.526811
5.48718,5.18422,0.0662496
5.26587,6.06293,-0.377874
4.41127,6.4351,-0.00721458
4.60252,7.20559,-0.592337
5.45815,6.94057,-0.130338
5.81314,2.53153,0.358
6.24765,3.40066,0.0367321
5.32499,3.77392,-0.231703
6.05049,4.20159,0.397803
5.6272,4.91539,-0.161837
6.36177,5.6304,0.0569475
6.17912,6.4589,-0.487237
5.32459,5.97475,-0.168227
5.12077,6.91277,0.248836
6.05278,6.83251,0.710395
5.31263,3.15491,-0.249324
6.03626,3.30657,-0.968874
5.73162,4.27812,-0.970486
5.61115,4.9474,-0.216947
5.80765,5.79663,0.242116
6.23885,6.63382,-0.0886837
5.41156,7.10521,-0.494983
5.41035,6.74744,0.432826
6.11847,7.38076,0.170797
6.91305,6.8166,0.0982757
6.1829,3.28007,-0.681368
6.99484,3.30811,-1.30979
6.38029,3.59732,-0.60578
6.16903,4.55446,-0.952553
6.03453,4.84771,0.0132756
6.32859,5.75979,0.370183
5.62093,6.20508,-0.169869
5.50563,7.13662,-0.487329
6.51099,7.15328,-0.717597
6.15808,7.5209,0.184512
