0.0667776,-0.0164525,0.0196142
1.11887,0.0448714,-0.100031
2.14186,-0.00617695,-0.143773
3.07358,-0.0206336,0.21746
4.05925,0.00198065,0.0713492
5.07069,-0.00918607,0.133146
6.08205,0.00229804,0.214713
7.02013,-0.0282754,0.421189
8.00768,-0.0805078,0.425642
8.85223,0.0515824,-0.0438124
9.85345,-0.0405988,0.180697
10.8479,0.0400403,-0.0676534
11.8511,-0.0160375,0.041496
12.8289,0.0332713,0.105863
13.8291,-0.0529496,0.171978
14.831,-0.00670797,0.17564
15.8687,-0.0148747,0.0580035
16.9363,0.0226264,-0.114676
17.9341,-0.0112857,0.0657613
18.9855,-0.0613208,0.285516
-0.0186743,0.996567,0.103516
1.04104,1.01667,0.18345
2.02128,1.03729,0.0221198
3.04916,1.00993,0.256835
4.08172,0.983636,-0.120139
5.00981,0.963274,0.268026
6.00376,1.0302,0.349705
7.06754,0.968258,0.3417
8.05719,0.936711,0.39068
9.06353,0.969924,0.336531
10.0827,0.982775,0.209058
11.0561,1.02094,0.0591327
12.0293,0.956377,0.312735
13.0256,0.97066,0.34196
13.9949,0.902557,0.613004
14.9748,0.968093,0.344826
16.0597,0.911832,0.462069
17.0263,1.00449,0.0221809
18.0834,0.97879,0.0656636
19.0212,0.943388,0.409412
0.0317209,2.05502,0.0540544
1.0163,2.01215,0.327906
1.96712,1.99656,-0.128785
3.05172,1.95029,0.0127537
4.02802,2.01701,0.113343
5.01692,2.08144,0.286193
6.05851,1.9951,0.123402
7.06925,1.97698,0.346727
8.06497,1.96135,0.271245
9.14298,1.98801,0.418024
10.1043,2.00112,0.106781
11.0973,2.01519,-0.00195929
12.1325,2.01526,0.107953
13.1627,1.95047,0.101032
14.1283,1.84902,0.4184
15.0876,1.93208,0.636543
16.1438,1.92014,0.412168
17.0101,2.0062,-0.0673757
18.0207,1.97236,-0.108451
18.998,1.94975,0.160195
-0.0212775,3.11623,0.0202033
0.978539,2.99109,0.0397717
1.99275,3.03149,0.0354045
3.00162,2.98452,-0.172079
3.98568,3.08901,0.0200812
5.0154,3.09714,0.306726
6.01087,2.96431,0.386334
6.95556,2.92076,0.0983642
7.96453,2.97992,0.210382
8.97039,2.97486,0.303729
10.0218,2.97968,0.0536271
11.0243,3.032,0.0494491
12.0704,2.95663,-0.132481
13.0711,2.94065,0.180212
14.0112,2.87786,0.492447
14.9861,2.94926,0.567525
15.9718,2.89187,0.474831
16.9596,2.94949,0.250255
17.9879,2.9714,0.196463
18.9988,2.95997,0.0636464
-0.00551775,4.0802,-0.160784
1.03438,4.03407,-0.14659
2.06102,4.0735,-0.0455794
3.0973,4.01324,-0.211881
3.98962,4.09904,0.172509
4.98913,4.1066,0.129859
5.97405,3.98539,0.32534
6.96077,3.93809,0.180221
7.98606,4.00958,-0.0242836
9.0371,3.92323,-0.00254524
10.0403,4.01647,0.113041
11.0758,4.06381,0.0113498
12.0433,3.94021,0.110297
13.02,3.93087,0.324744
14.0352,3.89917,0.601553
15.013,3.92542,0.346504
16.016,3.88253,0.28829
16.9915,3.99269,0.104239
18.0013,3.98936,0.17532
19.0126,3.9789,0.186728
0.0155431,5.15345,-0.0720267
1.06626,5.10656,-0.126563
2.08305,5.12634,0.0036256
3.1004,5.01809,-0.131629
4.10458,5.11357,-0.181625
5.11522,5.06027,-0.232514
5.99622,5.01861,0.33368
6.93023,4.96238,-0.000814844
7.93532,5.04695,-0.101123
8.95137,4.9862,-0.143229
9.97884,4.96631,-0.127183
10.9865,5.05067,-0.191589
12.0323,4.90159,-0.0720176
13.0097,4.94953,0.146074
14.0634,4.85249,0.21919
15.1218,4.86356,0.0445906
16.0406,4.87451,0.453298
17.0006,4.97742,0.186801
17.9725,4.99923,-0.0375835
19.0006,4.96166,-0.0150029
-0.00216376,6.13482,0.137306
0.969158,6.11872,-0.00833155
2.00375,6.10562,-0.13422
2.95931,6.01272,0.139988
3.94798,6.09255,0.112049
4.92569,6.01936,-0.124403
5.95705,6.0008,0.106214
6.9909,5.922,0.239213
7.99705,5.99085,0.232313
8.93041,5.98741,-0.182998
9.91661,5.97619,-0.0394055
10.96,6.04697,0.0166631
11.9439,5.92617,-0.1258
12.975,5.94432,-0.0304575
13.9837,5.84472,0.00488601
14.8746,5.75859,0.394415
15.9128,5.83959,0.261437
16.9739,5.95908,0.265474
18.0096,5.9205,0.312159
18.9375,5.95814,-0.035081
0.0261788,7.15904,0.117038
1.00424,7.12149,-0.0673482
2.00564,7.10832,0.124979
2.99951,7.0334,0.0441176
3.97814,7.0887,-0.0864589
4.96218,7.04114,0.112278
5.9521,7.03337,0.0519089
6.94116,6.91274,0.0948546
7.90613,7.01467,0.230732
8.88901,7.01307,-0.107364
9.9294,6.9602,-0.0992523
10.907,7.00331,0.31124
11.8856,6.89734,0.139833
12.8947,6.93703,0.00807825
13.8931,6.84647,0.123692
14.9135,6.77628,0.217841
15.9361,6.89261,0.247963
16.9944,6.98089,0.330931
17.9656,6.92796,0.0844508
18.9581,7.01648,-0.152614
-0.00497757,8.13334,0.129682
0.972683,8.09904,0.188168
2.00952,8.07348,0.0754723
3.02679,8.07072,0.0913053
4.04001,8.0761,0.213611
5.06526,8.11284,0.354433
6.04554,7.95318,0.496634
6.97735,7.9001,-0.00748619
7.98976,7.96893,0.0400037
9.01987,7.99604,0.040025
10.061,7.95126,0.227241
11.0587,7.97539,0.076635
12.0648,7.89536,0.172079
13.0357,7.89849,0.174471
14.0431,7.84426,0.135231
15.046,7.80955,0.213257
16.0227,7.93292,0.0674123
17.0198,7.95837,0.214277
17.9882,7.99492,0.01583
18.9639,8.01824,-0.220753
-0.0323374,9.14664,0.149962
0.974749,9.06843,-0.00191046
1.9644,9.15448,0.181884
2.92798,9.05533,-0.0769585
3.95615,9.04272,0.242235
4.9358,9.10968,0.255165
5.94075,8.95784,0.0432508
6.94372,8.91935,-0.230644
8.01288,8.9792,-0.173077
9.03983,8.9654,-0.0939604
9.95812,8.94988,0.254064
10.9532,8.96558,-0.00470901
11.9416,8.92702,0.13545
12.9541,8.91052,0.246757
13.9388,8.87445,0.126411
14.9523,8.82325,0.0527024
15.9263,8.98618,0.113721
16.9596,8.91449,-0.0440992
17.9245,8.98629,-0.197333
18.9571,9.02387,0.0885952
0.0370495,10.1327,-0.0597674
1.05607,10.0866,-0.067217
1.99441,10.1617,0.257308
3.01783,9.98834,0.344234
3.98769,10.0265,0.134123
4.96007,10.1078,-0.0832728
5.94285,9.96103,0.165603
6.94433,9.85779,0.188815
7.89983,9.9671,-0.151369
8.90248,9.99957,-0.284555
9.89127,9.96753,0.0567888
10.8542,9.96095,-0.323676
11.8099,9.89289,-0.0305612
12.8238,9.8748,0.0701163
13.9285,9.91391,0.138005
14.9265,9.80638,0.24839
15.9326,9.97592,0.227525
16.9677,9.91729,0.102576
17.9776,9.9238,0.0903745
18.9571,10.0433,0.120463
0.0716575,11.0943,-0.0563128
1.04994,11.0506,0.182846
2.03862,11.155,-0.0204047
2.96551,11.0333,0.21015
3.96031,11.0781,0.299274
4.94739,10.9647,0.388983
5.94911,10.9757,0.285546
6.8886,10.8468,-0.0605274
7.8916,11.001,-0.115497
8.90896,11.0259,-0.290985
9.90515,10.9724,-0.139348
10.8855,10.9719,-0.224574
11.8894,10.8854,-0.196509
12.9048,10.8564,-0.168749
13.8551,10.9032,0.076809
14.8972,10.8422,0.0733787
15.8553,10.9779,0.0153172
16.9079,10.9155,0.129383
17.9684,10.9212,0.0532151
18.9547,11.0283,-0.185125
-0.0555193,12.0586,-0.295059
0.949486,11.9588,-0.203656
1.92968,12.2163,-0.116334
2.87633,12.0015,0.156346
3.85978,12.0621,-0.0228431
4.8582,11.8751,-0.132832
5.85537,11.9365,0.123734
6.8077,11.8336,-0.157002
7.79897,11.9962,-0.0637165
8.78293,12.0025,-0.236756
9.78384,11.9444,-0.28157
10.8335,11.9715,-0.237956
11.8892,11.9066,-0.349794
12.8993,11.8843,-0.114237
13.9201,11.9287,-0.0567309
14.9084,11.8648,0.0541978
15.9195,12,0.12118
16.9783,11.9003,0.15999
17.9526,11.9085,-0.00433058
18.9544,11.9895,0.134901
0.0227149,13.0226,-0.0725089
1.00967,12.9813,-0.116819
1.95072,13.182,0.0478957
2.88506,12.9462,-0.336927
3.9194,13.0206,-0.352818
4.9024,12.9658,-0.261824
5.86943,12.992,-0.0790429
6.90426,12.8154,0.136363
7.86236,13.0024,0.00833766
8.83765,12.9801,-0.184951
9.83207,12.9547,-0.0386517
10.8412,12.9445,-0.0751183
11.9034,12.9046,-0.0343699
12.9235,12.897,0.0625629
13.9196,12.9069,-0.20603
14.8478,12.8846,0.0915372
15.8442,12.977,-0.0655995
16.9069,12.8988,-0.00468459
17.9018,12.9561,-0.18984
18.9401,12.9991,0.108292
0.00884732,14.0318,-0.018479
0.98591,13.97,0.000216681
1.90729,14.1244,-0.31547
2.90468,13.9159,-0.155593
3.88236,14.0044,-0.329905
4.86219,14.0074,-0.269079
5.89666,14.0349,-0.0794427
6.9422,13.818,0.015595
7.93827,14.0037,0.277471
8.94914,13.9141,0.203848
9.94793,14.0144,0.0815363
10.9932,13.9403,0.00634175
12.0384,13.8873,-0.141026
13.0198,13.9561,0.104273
13.9888,13.9256,-0.125831
14.9638,13.9069,0.172073
16.0163,13.9253,0.119202
17.0545,13.9316,0.0616565
18.0325,13.902,0.107291
18.9899,13.9724,0.292532
0.00410474,15.0475,-0.0740043
1.04687,14.9988,-0.188363
2.05059,15.0975,-0.0697165
3.03657,14.9494,-0.0204596
4.00359,14.873,0.286871
4.95473,14.9812,0.00397046
5.97325,14.9898,0.000946074
7.01231,14.8239,-0.132517
8.01012,14.9279,-0.170833
8.99269,14.902,-0.0257179
10.0198,14.9967,-0.163201
11.0249,14.9086,-0.00819727
12.0524,14.8832,-0.0937407
13.0272,15.0139,0.0971862
14.0215,14.9173,-0.0950652
15.0287,14.8765,-0.11099
15.9724,14.9151,0.134059
16.9998,14.9799,-0.0334025
17.9718,14.9417,0.149455
19.0013,14.9592,-0.00405591
0.0180029,16.0146,-0.0210059
1.03977,15.9206,0.235859
2.00817,16.1012,0.118772
3.00592,15.9372,0.21952
3.99602,15.9273,0.267809
4.88908,15.9747,-0.157115
5.89926,16.009,-0.175634
6.88392,15.8552,-0.222159
7.87685,15.95,-0.291409
8.93607,15.9476,-0.121314
9.92504,15.9592,-0.0657979
10.9362,15.903,0.0548784
11.9171,15.8868,-0.011127
12.8965,16.0176,0.00538652
13.9083,15.9388,-0.0773339
14.9233,15.8895,-0.0833827
15.9315,15.9573,0.0302866
16.9567,15.9883,-0.0524094
18.0038,15.9586,-0.0207648
19.002,15.9519,-0.00136418
0.0253731,17.0472,-0.125077
1.00392,16.9103,0.131516
1.97124,17.0523,0.316511
2.94808,16.9901,0.440486
3.93467,16.951,0.34738
4.92217,16.991,0.0507309
5.92935,16.9811,-0.011771
6.95581,16.8996,-0.200345
7.96827,16.9235,-0.23993
8.94934,16.9269,0.0434797
9.98285,16.9549,0.0127415
10.9688,16.9053,0.0362957
11.9419,16.8713,0.269668
12.951,17.0215,0.00795007
13.9956,16.9971,-0.0927641
15.0211,16.9129,-0.177786
16.0377,16.9685,0.0995727
17.0306,17.0092,-0.184909
18.0046,16.9647,-0.15616
19.0092,16.9827,0.110623
0.00230415,18.0393,-0.115198
1.01936,17.9489,-0.0208014
1.93648,18.0402,0.451701
2.91057,18.0054,0.240385
3.90986,17.9438,0.222526
4.92761,17.9821,0.142872
5.95098,18.0021,0.0318094
6.94206,17.9773,-0.253044
7.90868,17.9585,0.0887936
8.97564,17.966,0.0150914
10.0359,17.9762,-0.167159
10.9882,17.8978,0.0131352
12.0477,17.9157,0.11633
13.0023,17.9872,0.295206
14.0147,18.0039,0.147017
14.9831,17.9948,-0.0841853
16.0568,17.9682,-0.0957823
17.0452,18.0269,-0.189697
18.0116,17.9772,0.101392
19.0159,17.9915,0.0741203
0.0551134,19.0488,0.0510727
0.991134,18.9764,-0.229752
1.9315,19.0071,0.205582
2.90926,18.9948,0.0429914
3.94078,18.9674,-0.0489517
4.94949,19.0065,-0.0561052
6.00133,19.0036,0.0212989
7.02141,19.0051,0.0047853
8.00898,18.9831,0.19819
9.02202,19.0087,0.189013
10.0067,18.9501,0.0944578
11.0232,18.9291,-0.0264504
12.0155,18.9668,-0.0986358
13.0122,18.9753,0.00804163
14.0356,19.014,0.0466262
15.0203,18.9986,-0.0932981
15.9791,18.9717,0.0429609
17.0014,18.9728,0.006592
17.9906,18.9965,0.082165
19.0076,19.013,-0.00209052
