-0.166939,0.996408,-0.907794
0.0146825,1.46034,-0.0208533
-0.00810572,2.45972,-0.102451
-0.0359722,3.44364,-0.00461745
-0.224381,4.42702,-0.267351
-0.122297,5.43934,-0.278948
-0.103882,6.47638,-0.184494
-0.172613,7.46747,-0.0655538
-0.0931608,8.49382,-0.178069
-0.234523,9.40557,-0.61908
-0.149629,10.4642,-0.796945
-0.0984283,11.415,-0.459914
-0.254369,12.3459,-0.656713
-0.208808,13.3532,-0.725828
-0.183654,14.3088,-1.14349
-0.120478,15.3323,-1.00109
-0.180227,16.3003,-0.517029
-0.285977,17.2635,-0.187274
-0.125346,18.1538,0.231599
0.066982,19.1324,-0.0739463
0.0410535,20.1445,-0.337352
-0.21348,21.0591,-0.0230018
-0.162331,21.9848,0.286334
-0.121332,22.9966,0.379824
-0.151424,23.8343,-0.174007
-0.191192,24.8209,0.0813746
-0.0690847,25.7834,0.0682058
0.0155889,26.6754,-0.350603
-0.0937498,27.7043,-0.0682119
-0.215278,28.6452,-0.439143
0.80076,1.02722,-0.65808
0.975909,1.8554,-0.0998444
0.943751,2.8069,0.264708
0.989233,3.82246,-0.103732
0.756697,4.76143,-0.456328
0.852876,5.72297,-0.571911
0.842491,6.6878,-0.383767
0.772454,7.68663,-0.263369
0.939528,8.68631,-0.291314
0.745085,9.67871,-0.449293
0.918162,10.651,-0.677706
0.854186,11.6543,-0.819974
0.668282,12.5904,-1.05416
0.830705,13.534,-0.783804
0.860366,14.3923,-1.28121
0.914603,15.4488,-1.11151
0.81764,16.4056,-0.775176
0.774718,17.1324,-0.0676412
0.87702,18.1053,0.0783868
1.08262,19.0494,-0.140779
1.06452,20.0068,-0.43611
0.78612,20.9332,-0.147423
0.81297,21.7624,0.421931
0.78948,22.6987,0.0461287
0.903745,23.7044,-0.182934
0.764629,24.7182,-0.133073
0.936479,25.7137,0.0305673
1.01175,26.6618,-0.202087
0.8979,27.6515,-0.155947
0.780389,28.604,-0.471377
1.80854,1.15456,-0.497378
2.02942,2.04405,0.00122379
1.97635,3.07952,0.258318
2.06804,3.9486,-0.266265
1.79592,4.92885,-0.47636
1.87618,5.97357,-0.578805
1.81449,6.99875,-0.512906
1.79407,8.01923,-0.420588
1.90967,9.01368,-0.337278
1.76683,9.87216,-0.786077
1.89189,10.8309,-0.591903
1.86719,11.8333,-0.712314
1.70469,12.7298,-1.17457
1.84732,13.7348,-0.964843
1.8694,14.6269,-1.45947
1.90373,15.4742,-0.878188
1.90937,16.4436,-0.695126
1.74798,17.084,0.0519425
1.89348,18.0671,0.0469985
2.09112,19.0576,-0.168639
2.08372,20.062,-0.276727
1.80949,21.0137,-0.324943
1.8258,21.6321,0.517954
1.77626,22.4598,-0.0471175
1.85104,23.495,0.0451338
1.7931,24.4838,-0.0954863
1.92533,25.4453,0.138041
1.99821,26.4529,-0.102631
1.9108,27.4637,-0.102423
1.79392,28.4411,-0.322803
2.81467,1.43368,-0.312073
3.02879,2.36334,-0.116425
3.00929,3.29767,0.182601
3.09621,4.20675,-0.201737
2.87986,5.14676,-0.553594
2.86502,6.13914,-0.422871
2.85018,7.132,-0.524735
2.78364,8.1624,-0.638899
2.93916,9.12333,-0.533393
2.78243,10.0393,-0.853642
2.92565,10.9972,-0.783596
2.81065,11.9544,-1.05875
2.70556,12.8451,-1.61281
2.92691,13.6905,-1.08439
2.95994,14.5889,-1.61779
2.94525,15.4913,-1.09567
2.72965,16.0335,-0.263713
2.75065,16.9919,-0.0218818
2.92509,18.0036,-0.165102
3.11627,18.9868,-0.351369
3.12163,19.9663,-0.346339
2.87316,21.0072,-0.515409
2.78846,21.5094,0.364846
2.82949,22.3754,-0.182177
2.90841,23.3448,0.149693
2.81613,24.3325,0.0772393
3.0006,25.3932,0.167455
3.03132,26.3172,-0.102582
2.93804,27.3062,-0.28453
2.84022,28.2749,-0.24919
3.76611,1.64419,0.0787835
3.96662,2.62882,-0.0888638
3.94252,3.61025,0.0755486
4.10358,4.52354,-0.308042
3.87159,5.41781,-0.668847
3.87144,6.47291,-0.507083
3.82493,7.46231,-0.671072
3.80762,8.41756,-0.371731
3.87385,9.29478,-0.963924
3.78846,10.2883,-0.822782
3.90018,11.2476,-1.05453
3.83032,12.2322,-0.986358
3.6831,12.9385,-1.67764
3.94515,13.6391,-1.02173
3.98087,14.5235,-1.51928
3.95342,15.5025,-1.3644
3.84714,16.0298,-0.542521
3.76878,16.8639,0.0852016
3.889,17.7228,-0.379104
4.07194,18.7322,-0.382015
4.12519,19.729,-0.259407
3.8226,20.6956,-0.486947
3.78504,21.3029,0.349211
3.77594,22.3195,0.160897
3.95159,23.3165,0.140761
3.85647,24.2994,0.145241
3.92577,25.2431,-0.22107
4.0152,26.3067,-0.250917
3.91057,27.3037,-0.0363475
3.82572,28.3105,-0.0885281
4.77041,1.75781,0.0781518
4.98898,2.75656,0.0752739
4.99113,3.78069,0.0554735
5.05949,4.74495,-0.194736
4.91483,5.70897,-0.510764
4.89789,6.67398,-0.343132
4.84791,7.63917,-0.581738
4.84899,8.66704,-0.432386
4.86739,9.55896,-0.869732
4.76894,10.5556,-1.03733
4.89569,11.5185,-1.17037
4.86512,12.5065,-1.05773
4.71461,13.0313,-1.88371
4.93121,13.8239,-1.23569
5.00335,14.677,-1.77374
4.99063,15.6227,-1.35335
4.91114,16.1477,-0.472793
4.86973,17.0062,0.00795312
4.8836,18.0007,-0.224418
5.09134,18.9859,-0.402719
5.15315,19.9638,-0.190658
4.7984,20.8744,-0.372076
4.79767,21.4648,0.397546
4.75569,22.4131,0.0955535
4.99577,23.3843,0.12414
4.86404,24.3185,-0.169353
4.95747,25.3225,-0.244957
5.07645,26.3242,-0.315491
4.9208,27.3411,-0.196521
4.8738,28.359,-0.36946
5.75503,2.05786,0.142109
5.93467,3.06222,0.0639729
5.95001,4.08971,-0.137938
5.9895,5.06185,0.068038
5.87108,5.96199,-0.387176
5.91182,6.96674,-0.361626
5.81737,7.97266,-0.654546
5.77583,8.92626,-0.536952
5.83542,9.87671,-0.724931
5.78329,10.895,-0.845903
5.88546,11.7821,-1.40277
5.79572,12.7559,-1.20088
5.69437,13.259,-2.05395
5.967,13.8857,-1.30294
6.05602,14.6435,-2.03779
6.02893,15.5288,-1.5587
5.93508,16.0733,-0.690179
5.92599,16.9663,-0.218989
5.94999,17.9777,-0.117075
6.07931,18.7916,-0.678179
6.16385,19.7992,-0.544316
5.80872,20.7329,-0.389935
5.82494,21.4823,0.324387
5.81093,22.4003,-0.102417
5.99978,23.392,-0.154753
5.87694,24.3748,-0.306522
5.89169,25.3566,-0.575649
6.08128,26.2963,-0.219117
5.9933,27.2834,-0.305823
5.92579,28.3356,-0.197491
6.72189,2.33544,0.267037
6.88706,3.30749,-0.111869
6.96852,4.27592,0.0737449
6.99226,5.32825,0.0441755
6.88092,6.25883,-0.354643
6.91669,7.25027,-0.276055
6.76334,8.22459,-0.391671
6.80337,9.107,-0.827103
6.78534,10.093,-0.852925
6.74908,11.1053,-0.841975
6.88836,11.9768,-1.29441
6.84986,12.9383,-1.12402
6.70488,13.4501,-1.94801
6.97558,14.1229,-1.25239
7.04678,14.7044,-2.0827
7.00729,15.4214,-1.42453
6.98655,16.0304,-0.618778
6.9726,17.0236,-0.438069
7.01417,17.9481,-0.0773858
7.07589,18.93,-0.429487
7.24323,19.8999,-0.534443
6.82538,20.8395,-0.748732
6.79022,21.5541,-0.0458602
6.84183,22.5375,-0.148033
6.97053,23.4917,-0.315217
6.8806,24.4491,-0.531962
6.866,25.4804,-0.787033
7.07429,26.3142,-0.18247
7.02614,27.3353,-0.389554
6.94906,28.3014,-0.348628
7.76982,2.54586,0.127848
7.92782,3.54447,0.0510788
7.94742,4.52828,0.0817835
8.01037,5.50391,0.220966
7.91975,6.31696,-0.350667
7.89753,7.2745,-0.621226
7.7918,8.26372,-0.457497
7.87074,9.19375,-0.779281
7.83147,10.1818,-0.823054
7.74,11.1564,-1.09973
7.85688,12.1828,-1.29769
7.89315,13.1929,-1.25148
7.69946,13.8335,-2.00166
7.99415,14.4189,-1.24922
8.08865,14.6047,-2.24431
8.01331,15.3106,-1.53185
7.97833,16.0287,-0.820579
7.95574,17.0383,-0.634675
7.99149,17.9691,-0.260411
8.07525,18.9448,-0.220582
8.27828,19.9117,-0.349083
7.86866,20.7865,-0.711417
7.73537,21.4318,0.0784021
7.86426,22.4355,-0.107425
8.01896,23.3908,-0.399371
7.90813,24.4005,-0.343913
7.8809,25.3566,-0.690326
8.1267,26.2768,-0.308707
7.98143,27.2888,-0.114615
7.96071,28.259,-0.483181
8.79201,2.62098,0.0385479
8.91372,3.62047,0.0362987
8.92306,4.54963,0.412922
9.02765,5.53793,0.151213
8.9272,6.4117,-0.399887
8.89942,7.37338,-0.657851
8.79081,8.38151,-0.562673
8.85405,9.40311,-0.663186
8.83979,10.4512,-0.954927
8.79299,11.5219,-1.04901
8.8602,12.5125,-1.19806
8.82104,13.5878,-1.16217
8.76858,13.8853,-2.12846
9.07642,14.45,-1.32179
9.14964,14.5521,-2.3526
9.07295,15.294,-1.65043
8.86969,16.1525,-1.24614
9.02569,17.0224,-0.724659
8.98867,17.8873,-0.231187
9.06086,18.8802,-0.133143
9.31755,19.8597,-0.25237
8.88938,20.6319,-0.752208
8.70034,21.3709,-0.0425306
8.85771,22.3991,-0.163872
9.00602,23.3935,-0.304746
8.90391,24.3587,-0.0138859
8.88543,25.3208,-0.366936
9.15085,26.3145,-0.457039
9.01404,27.2797,-0.248897
8.96319,28.3067,-0.330763
9.7882,2.8463,0.266439
9.96286,3.76989,-0.159526
9.96175,4.59864,0.424284
10.1022,5.54396,0.0193091
9.98484,6.50443,-0.345302
9.9621,7.47522,-0.423453
9.8362,8.49849,-0.494086
9.89752,9.49987,-0.584967
9.89134,10.4918,-0.903665
9.85107,11.4957,-1.16322
9.93307,12.5258,-1.30165
9.87854,13.5625,-1.13336
9.78797,13.912,-2.16006
10.0836,14.4508,-1.37909
10.1972,14.581,-2.33172
10.1111,15.2986,-1.63549
9.82559,16.2484,-1.58206
10.0278,17.0871,-0.936793
10.0227,17.873,-0.278802
10.0428,18.8489,-0.0713279
10.3558,19.7611,-0.204035
9.9021,20.5183,-0.671432
9.69698,21.2241,0.00694601
9.89768,22.2349,-0.0562853
9.94092,23.2521,-0.000231941
9.90168,24.3032,-0.00468459
9.94797,25.2796,-0.284561
10.1123,26.2528,-0.139534
10.0208,27.2553,-0.0389233
9.9761,28.1296,-0.464119
10.7942,3.05064,0.366308
10.9882,3.82499,-0.28103
10.9589,4.68948,0.169024
11.0802,5.69156,0.267016
10.9891,6.66276,0.0527238
10.9665,7.65505,-0.174306
10.8153,8.62577,-0.365621
10.9611,9.59095,-0.640504
10.9063,10.5244,-1.01262
10.8757,11.532,-1.18552
10.9749,12.5268,-1.43258
10.8467,13.5216,-1.48474
10.8112,13.8715,-2.43678
11.1007,14.3602,-1.47975
11.2219,14.7623,-2.38222
11.139,15.2094,-1.46382
10.8518,16.1716,-1.51236
10.9696,17.1777,-1.23629
11.0343,17.7855,-0.428211
11.1297,18.745,-0.0411084
11.3034,19.7226,0.212729
10.9101,20.4202,-0.467757
10.68,21.3336,-0.0812159
10.9418,22.3109,0.101447
10.9864,23.3564,-0.0162206
10.9011,24.3435,0.222581
10.9183,25.3214,0.0656697
11.1177,26.3066,-0.106665
11.0974,27.3332,-0.169652
10.9453,28.3258,-0.409165
11.8683,2.94117,0.314145
11.9837,3.9319,-0.00440382
11.9582,4.86555,0.260823
12.0852,5.85275,0.246715
12.0239,6.90124,0.243471
11.9672,7.85688,-0.0391766
11.8928,8.81722,-0.242381
11.9729,9.65853,-0.762624
11.9534,10.6698,-0.8596
11.9134,11.6315,-1.19165
11.9963,12.5823,-1.50545
11.9557,13.6192,-1.44064
11.8901,13.911,-2.45622
12.113,14.3296,-1.57122
12.2321,14.931,-2.38051
12.1673,15.2002,-1.41805
11.8864,16.158,-1.43298
11.9904,17.1457,-1.20341
12.0041,17.6494,-0.335829
12.1737,18.6951,-0.18985
12.3298,19.6632,-0.074752
11.9369,20.5733,-0.216077
11.6657,21.4471,0.237315
11.9233,22.4275,0.212528
12.0062,23.4511,0.094293
11.8857,24.4633,0.145869
11.932,25.4795,0.185376
12.0833,26.516,0.0694052
12.1108,27.4715,-0.156944
12.0014,28.4562,-0.476244
12.8635,2.97103,0.133103
13.0214,3.92258,-0.241478
13.0113,4.84602,0.247868
13.1514,5.81615,0.203961
13.0754,6.86475,0.192593
13.0126,7.88061,0.145451
12.9127,8.8147,-0.279958
13.0275,9.71048,-0.654289
12.9733,10.7413,-0.930519
12.919,11.6909,-1.17922
13.0425,12.672,-1.25059
13.0302,13.6296,-1.55093
13.0139,13.9747,-2.47363
13.1214,14.4395,-1.58948
13.2453,14.9692,-2.47183
13.1983,15.3252,-1.48609
12.8891,16.2455,-1.15082
12.9691,17.2748,-1.12388
12.7827,18.204,-0.757698
13.1602,18.7862,-0.0526872
13.3359,19.7881,-0.354289
12.9997,20.7691,-0.320969
12.6694,21.5488,0.269878
12.9758,22.4891,0.160933
12.9978,23.5004,0.177761
12.8961,24.4832,0.179339
12.9353,25.4893,0.295901
13.1276,26.473,0.0520096
13.097,27.3999,-0.261168
13.1203,28.4103,-0.373324
13.9254,3.06306,0.0097232
14.0086,4.07217,-0.137565
14.0029,4.96919,0.274602
14.123,5.98959,0.0634968
14.1206,6.96652,0.0422956
13.9303,7.86896,-0.413785
13.9775,8.88638,-0.315305
14.0683,9.76997,-0.804828
14.0231,10.7305,-0.932289
13.9406,11.7007,-1.24551
14.0528,12.7248,-1.50994
14.0114,13.8033,-1.36462
14.0631,14.0702,-2.36447
14.1115,14.6879,-1.49923
14.2946,14.7525,-2.52879
14.1759,15.4707,-1.82004
13.8719,16.3339,-1.36613
13.9136,17.1592,-0.820035
13.8461,18.1236,-0.699536
14.1103,18.9463,-0.225935
14.433,19.9024,-0.268749
13.9861,20.8291,-0.254714
13.7219,21.5494,0.375958
13.9816,22.4755,0.0288217
14.0548,23.4919,-0.00983612
13.8867,24.4514,0.168178
13.9365,25.4974,0.23925
14.1992,26.4779,-0.0166204
14.0839,27.4738,-0.293954
14.1416,28.4678,-0.146101
14.9679,3.02548,-0.111933
15.0379,4.03484,-0.34767
15.0036,4.89189,0.138774
15.1773,5.9251,0.25793
15.1048,6.91827,0.00844447
14.9939,7.88048,-0.208414
14.9834,8.85242,-0.50145
15.1272,9.85001,-0.714783
15.0438,10.8371,-0.927479
14.9502,11.7275,-1.36722
15.0748,12.7946,-1.26999
15.0716,13.7646,-1.40217
15.0208,14.1206,-2.35675
15.1189,14.6528,-1.49973
15.3571,14.8112,-2.46608
15.1855,15.4393,-1.67649
14.8697,16.3892,-1.58088
14.9716,17.1603,-0.922199
14.8421,18.1664,-0.843635
15.1007,18.9976,-0.332429
15.415,19.9486,-0.559169
14.9782,20.744,-0.0377483
14.7377,21.6802,0.208051
14.9816,22.6694,0.317679
15.01,23.687,0.289547
14.8481,24.6353,0.523817
14.92,25.489,0.00728782
15.1907,26.4883,0.00185553
15.0934,27.4558,-0.206894
15.2054,28.451,-0.242286
15.9828,2.94785,0.0404584
16.0094,3.95575,-0.196036
16.0364,4.92884,0.00540178
16.1783,5.88278,0.0729575
16.1576,6.87572,-0.0564104
16.0293,7.80677,-0.332118
16.0251,8.80681,-0.431529
16.1872,9.7116,-0.849916
16.0673,10.6683,-1.07485
16.0456,11.6923,-1.22366
16.0657,12.7577,-1.2644
16.0269,13.772,-1.48642
16.0618,14.167,-2.43971
16.1102,14.6118,-1.51658
16.3413,15.0971,-2.44364
16.2409,15.4069,-1.47298
15.8763,16.4146,-1.30793
15.9477,17.172,-0.680123
15.8783,18.1588,-0.869875
16.1276,19.0624,-0.411509
16.4484,20.0039,-0.436006
15.9375,20.5791,0.195087
15.7762,21.5776,0.193329
16.032,22.5447,0.404785
16.0456,23.571,0.396268
15.8598,24.5533,0.431715
15.9416,25.537,0.0755882
16.205,26.4741,-0.144682
16.0695,27.4742,-0.370211
16.2028,28.3851,0.0775323
17.0054,2.8525,-0.172311
16.9524,3.82616,0.0960692
17.0916,4.82585,0.141566
17.2636,5.8278,0.163482
17.1616,6.83281,-0.0746513
16.9709,7.82088,-0.0411664
17.0502,8.87909,-0.304227
17.185,9.83963,-0.655345
17.1034,10.781,-1.00591
17.0946,11.7695,-1.14695
17.1501,12.7708,-1.12405
17.1073,13.7037,-1.50662
17.0996,13.9853,-2.48207
17.115,14.4913,-1.62502
17.3399,15.2249,-2.32949
17.2349,15.3055,-1.30054
16.8814,16.2427,-1.23969
17.0089,17.055,-0.691629
16.8666,18.0299,-0.550624
17.1509,18.968,-0.371364
17.4198,19.921,-0.353041
16.9771,20.7229,0.124424
16.8106,21.6998,0.0775842
17.0234,22.6472,0.344508
17.0661,23.648,0.398105
16.8778,24.6606,0.503055
16.9999,25.626,0.191095
17.2429,26.5373,-0.12663
17.0686,27.4916,-0.422904
17.1966,28.4225,-0.120374
18.0183,2.91101,-0.0992889
17.9555,3.90811,0.0954131
18.133,4.91915,0.0665334
18.2596,5.92147,0.0014832
18.1295,6.86557,-0.166774
18.0527,7.85321,-0.0870998
18.0834,8.86176,-0.129246
18.2033,9.83752,-0.43477
18.1196,10.727,-0.94669
18.2371,11.7217,-1.17953
18.1943,12.7528,-1.20003
18.1309,13.629,-1.67089
18.1341,14.0423,-2.55434
18.1858,14.3767,-1.60678
18.3509,15.0755,-2.44091
18.2306,15.2618,-1.47839
17.902,16.2612,-1.36796
17.9681,17.2272,-1.1069
17.87,18.1405,-0.67972
18.1469,18.9979,-0.237141
18.4451,19.9344,-0.336735
17.9967,20.6933,0.0905759
17.8509,21.6833,0.0485824
18.0529,22.6593,0.198428
18.071,23.6518,0.528263
17.9543,24.7058,0.55316
17.9915,25.6997,0.246989
18.2847,26.5929,-0.140699
18.0994,27.5305,-0.468865
18.2509,28.3984,-0.0199042
19.0692,2.80969,-0.00823389
18.9162,3.77005,0.125178
19.1615,4.73658,0.0336558
19.3005,5.75879,-0.120624
19.1748,6.75086,0.1313
19.0999,7.68409,-0.311002
19.1538,8.78211,-0.211899
19.2029,9.7467,-0.588333
19.1836,10.7073,-0.779446
19.238,11.7214,-1.16514
19.1934,12.7423,-1.2747
19.1471,13.753,-1.42116
19.1903,13.802,-2.41842
19.1665,14.5562,-1.77905
19.3144,14.9856,-2.62839
19.2016,15.3912,-1.6747
18.8748,16.3246,-1.37177
18.9737,17.1644,-0.840648
18.8822,18.152,-0.590591
19.1692,18.9894,-0.137111
19.433,20.0116,-0.356609
19.0426,20.7874,0.162035
18.8778,21.7555,-0.0870754
19.0628,22.6536,0.258809
19.0619,23.6635,0.253737
18.952,24.6515,0.499362
18.9963,25.6555,0.484683
19.2397,26.3039,-0.232749
19.0749,27.3273,-0.177068
19.2274,28.306,-0.048851
20.061,2.68419,0.1832
19.8998,3.7095,0.224784
20.2124,4.58841,-0.157057
20.2977,5.62112,-0.171682
20.2106,6.66814,-0.0173132
20.0399,7.64713,0.152739
20.1515,8.48532,-0.352382
20.193,9.50699,-0.519559
20.2279,10.4848,-0.799707
20.3068,11.4854,-0.969903
20.1201,12.3602,-1.42368
20.1015,13.3774,-1.38129
20.2168,13.6805,-2.3136
20.1709,14.5424,-1.87683
20.3094,15.0084,-2.77747
20.2395,15.5274,-1.87903
19.936,16.3624,-1.44732
20.0217,17.1756,-0.775094
19.9125,18.1751,-0.825657
20.1057,19.1083,-0.559499
20.3707,20.0711,-0.769979
20.0653,20.7697,-0.0852382
19.9317,21.8432,-0.18742
20.1025,22.7246,0.24424
19.9353,23.5636,0.746562
19.9707,24.4758,0.286111
19.9879,25.4708,0.168636
20.2223,26.3564,-0.161583
20.1142,27.3207,-0.185037
20.1999,28.219,0.35804
21.1196,2.67983,0.0842433
20.9074,3.6512,0.362178
21.2929,4.50224,-0.0681387
21.3443,5.51144,-0.273873
21.1929,6.47601,-0.124479
21.072,7.42164,0.136018
21.1588,8.28054,-0.399036
21.1806,9.27593,-0.57933
21.2227,10.3023,-0.636683
21.3223,11.3047,-0.826835
21.097,12.1343,-1.37524
21.0913,13.144,-1.23105
21.2348,13.517,-2.19883
21.2072,14.4602,-1.77143
21.2811,14.9025,-2.66519
21.2798,15.5566,-1.9092
20.9553,16.3776,-1.32859
21.0227,17.1929,-0.728751
20.9168,18.1415,-0.962749
21.1461,19.0367,-0.54709
21.376,20.0147,-0.781225
21.0159,20.9178,-0.473269
20.9583,21.9053,-0.300955
21.1706,22.7483,0.195212
20.9362,23.5828,0.747176
20.9848,24.3288,0.0802362
20.9228,25.3089,-0.147917
21.2256,26.2922,-0.0708274
21.117,27.3038,0.139344
21.2088,28.2618,0.0232276
22.1841,2.60257,-0.00689718
21.9447,3.50768,0.372295
22.299,4.44737,0.102585
22.284,5.24536,-0.514206
22.1815,6.06786,0.130958
22.1237,7.11227,0.187201
22.1494,8.01424,-0.302689
22.1694,8.98889,-0.275497
22.2102,9.99324,-0.517374
22.3195,10.9734,-0.689914
22.0804,11.8663,-1.07087
22.1301,12.8729,-1.21101
22.2298,13.329,-2.0922
22.2265,14.2701,-1.59035
22.2947,14.7469,-2.44525
22.2723,15.4319,-1.65606
21.9691,16.1628,-1.02703
21.9701,17.148,-0.978445
21.8969,18.1869,-0.910483
22.1294,19.0824,-0.588791
22.3003,20.0218,-0.364296
22.0087,20.9765,-0.550563
21.9813,21.9123,-0.202084
22.1264,22.8779,-0.0668233
21.9871,23.6607,0.507068
22.0183,24.5391,-0.00126041
21.9419,25.5252,-0.290536
22.1883,26.3196,0.181899
22.1421,27.2809,0.256572
22.2019,28.1398,-0.244673
23.1583,2.3019,0.174825
22.9441,3.26507,0.354543
23.2658,4.07684,-0.187332
23.2477,5.0496,-0.571697
23.1692,5.81643,0.163109
23.1863,6.84105,0.211603
23.1178,7.77378,-0.125523
23.1131,8.70047,-0.50589
23.1686,9.67171,-0.473891
23.2613,10.6715,-0.723643
23.0169,11.647,-0.892779
23.1298,12.6301,-1.0934
23.2175,13.2133,-1.89485
23.2291,14.126,-1.39175
23.2875,14.6568,-2.24651
23.2207,15.2779,-1.40467
22.9926,16.2039,-1.04756
22.9961,17.2507,-1.08514
22.8776,18.2468,-1.09602
23.1652,18.9947,-0.465752
23.3249,19.9666,-0.376931
23.0414,20.9317,-0.470183
22.9741,21.8297,-0.0521104
23.1453,22.7864,0.23509
23.0085,23.804,0.326984
22.9803,24.5487,-0.334828
22.9868,25.5849,-0.283056
23.2232,26.4629,0.0871364
23.1325,27.4277,0.408151
23.1845,28.3583,-0.0166906
24.0691,2.00553,0.423353
23.9775,3.03988,0.466927
24.2955,3.85385,-0.0445326
24.2467,4.70963,-0.528712
24.1969,5.5568,0.00118412
24.1358,6.52389,0.220682
24.1436,7.43844,-0.176742
24.1051,8.4259,-0.42374
24.1569,9.45392,-0.514762
24.2781,10.4035,-0.920789
24.0524,11.3873,-0.797922
24.0912,12.3488,-1.10495
24.2422,13.102,-1.7387
24.3349,14.0028,-1.34349
24.2786,14.5403,-2.1981
24.2024,15.2747,-1.54109
23.9485,16.2322,-1.43387
24.0631,17.2109,-1.17962
23.9072,18.1781,-0.901013
24.1941,19.074,-0.578045
24.3484,20.0419,-0.487429
24.0234,20.9732,-0.202191
24.0111,21.9689,-0.126127
24.0278,22.9739,-0.17813
24.0903,23.8407,0.356987
24.0599,24.6715,-0.252312
23.9935,25.6794,-0.300678
24.2445,26.5656,0.108695
24.167,27.4045,0.628999
24.2317,28.1386,-0.0173956
25.039,1.76819,0.674288
24.9487,2.72767,0.524662
25.2244,3.4367,-0.130036
25.2627,4.43353,-0.374017
25.1914,5.33733,0.0731223
25.1643,6.33635,0.0680258
25.1781,7.30719,-0.216593
25.1449,8.2785,-0.308844
25.1507,9.22959,-0.559658
25.3287,10.1782,-0.76577
25.0648,11.1573,-0.724976
25.0621,12.1807,-0.859282
25.1985,12.7838,-1.70004
25.3027,13.6722,-1.27597
25.2039,14.5249,-1.77296
25.087,15.2183,-1.06782
24.9281,16.2058,-1.14493
25.0756,17.1658,-1.0972
24.9113,18.1288,-0.937983
25.2035,19.1182,-0.694293
25.3562,20.0637,-0.293457
25.0425,20.9576,0.130747
24.9776,21.9604,0.12306
25.1223,22.9188,-0.0819056
25.1369,23.8507,0.296896
25.0735,24.6877,-0.27972
25.0294,25.7105,-0.254408
25.3016,26.5966,0.040315
25.1456,27.5002,0.423075
25.2531,28.4152,0.0225166
26.0161,1.70642,0.919471
25.8701,2.49625,0.265206
26.265,3.27496,-0.289163
26.2502,4.28588,-0.417188
26.1543,5.07787,0.229148
26.1983,6.05043,-0.0856349
26.126,6.99358,-0.413492
26.1803,8.03421,-0.379699
26.1152,9.04698,-0.407303
26.237,10.0195,-0.317841
26.0954,11.0097,-0.487094
26.0047,11.9929,-0.599554
26.2066,12.5165,-1.49023
26.2872,13.4658,-1.30702
26.137,14.4442,-1.36066
26.0891,15.2791,-0.817582
25.9702,16.2227,-1.10451
26.0509,17.1073,-0.719126
25.9283,18.0695,-0.673174
26.2455,19.0691,-0.726548
26.3531,20.0218,-0.454613
26.0439,20.7227,0.271651
25.9983,21.7555,0.278631
26.156,22.7359,0.061446
26.1023,23.7411,0.0605579
26.0551,24.7708,0.0104923
26.0683,25.768,-0.00585955
26.2334,26.69,0.39873
26.1284,27.6857,0.475069
26.283,28.5166,-0.103659
26.9765,1.49161,0.93061
26.9446,2.31426,0.279699
27.2599,3.03795,-0.288821
27.1953,4.0211,-0.0863002
27.1941,4.9392,0.283804
27.1931,5.93113,0.0559038
27.1645,6.87119,-0.241734
27.1621,7.85586,-0.194998
27.0681,8.78571,-0.603677
27.2208,9.76705,-0.468645
27.1295,10.8134,-0.531407
27.007,11.7982,-0.662282
27.2614,12.417,-1.40879
27.1457,13.2102,-0.825895
26.965,14.1917,-0.78124
27.0892,15.1567,-0.788488
26.9647,16.1523,-0.833543
27.0859,17.1948,-0.794995
26.9503,18.1306,-0.484475
27.2208,19.0922,-0.537858
27.3413,20.0784,-0.218296
27.0355,20.7914,0.446718
27.0706,21.7844,0.344984
27.1966,22.7586,-0.0023133
27.1152,23.7585,-0.16653
27.0412,24.7185,0.26538
27.0293,25.6347,-0.181109
27.2084,26.5708,0.102771
27.108,27.5946,0.17069
27.3091,28.5739,-0.0763543
27.9848,1.41713,0.974068
27.9591,2.19513,0.366808
28.2317,2.87506,-0.295114
28.2247,3.89113,-0.336903
28.1449,4.64999,0.41865
28.2023,5.63196,0.170977
28.0973,6.60916,0.0214606
28.1572,7.5456,-0.339659
28.1076,8.58006,-0.603049
28.2331,9.52981,-0.278658
28.1635,10.485,-0.463033
27.9637,11.4886,-0.413474
28.24,12.2105,-1.07566
28.1855,13.19,-0.971557
28.0218,14.1531,-0.769085
28.116,15.1614,-0.827113
27.9761,16.1963,-0.753499
28.0697,17.1959,-0.669155
28.0434,18.2112,-0.53567
28.2078,19.1886,-0.269149
28.328,20.2567,-0.0924223
28.0671,20.8585,0.637614
28.0745,21.7376,0.0788507
28.1999,22.7079,-0.214597
28.1581,23.719,-0.113315
27.9821,24.7112,-0.0672384
28.028,25.698,-0.107898
28.2287,26.6866,-0.0807459
28.1221,27.6786,0.127586
28.2572,28.6254,0.408094
29.0633,1.3643,1.07324
28.9379,1.91275,0.195199
29.157,2.47629,-0.592401
29.1406,3.45428,-0.17156
29.1528,4.34576,0.335417
29.1586,5.33124,0.172829
29.1554,6.32577,0.180294
29.0652,7.27475,-0.0875515
29.0562,8.20832,-0.496203
29.1875,9.17784,-0.33809
29.1278,10.2076,-0.266219
28.9656,11.2069,-0.324885
29.1635,12.1807,-0.521863
29.1644,13.1702,-0.668606
29.0373,14.145,-0.772011
29.1344,15.1488,-0.630067
29.023,16.133,-0.5468
29.0982,17.0768,-0.325196
29.1353,18.0526,-0.612235
29.1694,19.0251,-0.423887
29.3138,20.0031,-0.352437
29.0346,20.7806,0.339753
29.1022,21.7448,0.0127537
29.2344,22.8055,0.00394299
29.1464,23.7714,-0.231214
29.0698,24.784,-0.156539
29.0582,25.8088,-0.242775
29.215,26.8157,-0.276983
29.1122,27.8058,-0.0640461
29.294,28.6102,0.520997
