0.0955138,0.0552965,-0.536708
0.0306864,1.32083,-0.580264
-0.0206732,2.5817,-0.680465
0.0412397,3.83071,-0.700989
0.0138401,5.07928,-0.612076
0.0124119,6.33177,-0.638383
0.120505,7.55058,-0.656612
0.0828028,8.78489,-0.733641
0.0940123,9.96841,-0.88468
0.233607,11.1203,-0.947697
0.45092,12.2013,-0.931837
0.353694,13.3222,-0.938453
0.356236,14.3889,-0.77094
0.238496,15.3863,-0.600848
0.136027,16.284,-0.134367
0.249379,17.2317,-0.532682
-0.12089,18.0389,-0.100943
0.00483413,17.029,-0.132627
0.102371,18.0304,-0.0384594
-0.0132969,19.0044,0.193576
0.879485,0.770589,-0.557808
0.881256,1.9171,-0.691333
0.855889,3.09058,-0.723701
0.936644,4.29682,-0.770562
0.927149,5.49791,-0.872704
0.961666,6.71531,-0.882946
0.992856,7.91603,-0.980087
0.956856,9.14421,-1.04259
1.04381,10.3465,-1.24481
1.15306,11.5295,-1.48325
1.24957,12.7195,-1.71229
1.34181,13.8273,-1.43621
1.26095,14.8031,-1.05616
1.15583,15.8167,-1.00153
1.09753,16.3976,-0.165535
1.26014,17.2368,-0.750111
0.942665,17.9822,-0.135798
0.995669,17.0007,-0.254564
1.15593,17.9826,-0.134346
1.00762,19.0649,-0.0450209
1.8922,1.03453,-0.693408
1.83315,2.20456,-0.660118
1.86728,3.4248,-0.675408
1.93273,4.60385,-0.817222
1.96642,5.78607,-0.859413
1.97794,6.97919,-0.962154
2.01273,8.19081,-1.14001
1.93442,9.4531,-1.3072
2.01713,10.7678,-1.58551
2.02786,12.002,-2.01248
2.02476,13.3462,-2.53724
2.09147,14.648,-1.92448
2.00255,15.4091,-0.695941
1.97168,16.3988,-1.18885
1.85139,17.1452,-0.265166
2.13103,16.9028,-1.13711
1.97048,17.8233,-0.534745
1.99837,16.8326,-0.644047
2.12218,17.8609,-0.288467
1.99179,18.9185,-0.335936
2.85633,0.723469,-0.654411
2.84403,1.88745,-0.685037
2.86091,3.11523,-0.655333
2.90037,4.285,-0.649528
2.93515,5.4544,-0.720728
2.91687,6.61213,-0.818317
2.97258,7.75708,-1.0328
2.87162,8.92668,-1.19554
2.79971,10.1198,-1.28816
2.74162,11.315,-1.58893
2.56696,12.4699,-1.80993
2.59799,13.596,-1.54803
2.64009,14.5069,-0.871538
2.67223,15.599,-0.790851
2.58031,16.3593,-0.11211
3.11238,16.8471,-0.752455
2.74941,17.3944,0.023426
2.94916,17.2585,-0.890646
3.13937,18.0374,-0.289212
2.93996,19.0268,0.042085
3.82831,0.506165,-0.399374
3.77706,1.66126,-0.430757
3.84351,2.73124,-0.592987
3.82281,3.87156,-0.628556
3.82995,5.00829,-0.615296
3.80782,6.16043,-0.68077
3.85229,7.30062,-0.789029
3.73247,8.43981,-0.894858
3.63927,9.52169,-1.07386
3.53027,10.649,-1.19363
3.34893,11.7268,-1.36541
3.34389,12.7849,-1.1713
3.45544,13.8158,-0.938032
3.47093,14.8798,-0.834617
3.41793,15.7422,-0.263991
4.01427,16.4669,-0.554158
3.67773,17.08,0.216108
3.95139,17.2984,-0.711533
4.15143,18.209,-0.367141
3.93843,19.1676,-0.217454
4.81704,0.305045,-0.449159
4.72871,1.41233,-0.41948
4.81881,2.50499,-0.540394
4.83962,3.6234,-0.573476
4.80488,4.74297,-0.511991
4.76261,5.81473,-0.598959
4.795,6.91801,-0.725373
4.67012,7.92971,-0.776901
4.49367,9.00823,-0.796631
4.39094,10.1015,-0.888662
4.24629,11.1501,-1.08576
4.25069,12.1935,-0.961068
4.29724,13.1903,-0.648408
4.32423,14.2191,-0.75793
4.33587,15.2263,-0.443391
4.91715,16.0397,-0.290466
4.67627,16.8529,0.32949
4.98689,17.2791,-0.577606
5.18377,18.2794,-0.497906
4.93565,19.0776,0.107031
5.80977,0.174441,-0.585177
5.7828,1.21825,-0.661284
5.79792,2.28108,-0.584204
5.84022,3.37375,-0.533183
5.73905,4.40941,-0.660036
5.74533,5.46007,-0.683224
5.72349,6.51338,-0.712491
5.64659,7.56892,-0.693554
5.48318,8.59875,-0.700702
5.32601,9.63687,-0.829066
5.27228,10.7081,-0.841731
5.2452,11.7407,-0.769796
5.25519,12.7408,-0.56071
5.2437,13.8083,-0.53415
5.33796,14.8211,-0.415979
5.7274,15.5997,0.0549272
5.7292,16.5872,0.240407
5.99409,17.0662,-0.614374
6.14727,18.0511,-0.35511
5.94621,18.9978,0.042906
6.84721,0.133204,-0.522047
6.84848,1.14364,-0.684936
6.84266,2.19853,-0.62822
6.83658,3.19783,-0.715482
6.77283,4.28401,-0.804376
6.74433,5.306,-0.765825
6.77342,6.34874,-0.705527
6.6286,7.34855,-0.462999
6.55699,8.39238,-0.693081
6.36149,9.40322,-0.716947
6.29754,10.4877,-0.566625
6.26116,11.5052,-0.544761
6.28565,12.5181,-0.441627
6.29375,13.556,-0.547862
6.3446,14.5253,-0.376086
6.77642,15.3298,0.0548418
6.69376,16.2883,0.299652
6.94849,17.0411,-0.26892
7.08278,18.0057,0.0131443
6.99196,18.9822,0.139192
7.86203,0.0237342,-0.431748
7.86453,1.03569,-0.511826
7.84614,2.10482,-0.54489
7.80333,3.13365,-0.387692
7.73818,4.17082,-0.501151
7.77632,5.2145,-0.45248
7.77555,6.26621,-0.479901
7.65846,7.27255,-0.558675
7.58842,8.26459,-0.680303
7.3958,9.24669,-0.509714
7.36091,10.2365,-0.577224
7.34281,11.2748,-0.398685
7.33542,12.3096,-0.438646
7.33431,13.3612,-0.347819
7.39845,14.4249,-0.160683
7.75678,15.3493,-0.0930845
7.71372,16.2027,0.465441
7.90624,17.1282,0.174728
8.08631,18.0533,-0.224543
8.04419,19.0567,0.0155278
8.88509,-0.0842341,-0.298853
8.9004,0.966903,-0.483782
8.84972,1.96229,-0.474386
8.80511,3.03452,-0.415305
8.75401,4.05569,-0.380996
8.76103,5.02969,-0.292776
8.77201,6.0492,-0.466875
8.67113,7.10372,-0.508338
8.6004,8.1031,-0.320334
8.45539,9.13115,-0.46448
8.42925,10.1377,-0.581793
8.37108,11.1658,-0.351131
8.35885,12.1833,-0.418458
8.3595,13.1854,-0.1378
8.44321,14.1964,-0.0230781
8.74117,15.1193,0.00258187
8.74073,16.0934,0.246675
8.89294,17.1217,0.300919
9.05719,18.0502,0.00193487
9.06857,19.0406,0.101367
9.89655,-0.19783,-0.366988
9.91047,0.893649,-0.344414
9.83278,1.89405,-0.349431
9.8151,2.91747,-0.254149
9.74782,3.96042,-0.278512
9.78931,4.94974,-0.273644
9.80605,5.96265,-0.304074
9.64881,6.9942,-0.332295
9.62422,7.98448,-0.438054
9.49761,8.99703,-0.445817
9.43739,10.0499,-0.435795
9.45374,11.0811,-0.343889
9.43696,12.1438,-0.285177
9.37779,13.1569,-0.260756
9.49832,14.1235,-0.086169
9.76371,15.1135,-0.127097
9.80422,16.1103,0.0539323
9.90791,17.1187,0.206021
10.0299,18.0538,-0.159999
10.0988,19.0633,-0.0914182
10.8623,-0.0616016,-0.216404
10.9055,0.942683,-0.256926
10.8319,1.93428,-0.341615
10.8354,2.91096,-0.0579608
10.8037,3.98475,-0.309748
10.7992,4.94605,-0.451604
10.8084,5.96132,-0.377993
10.6827,6.98821,-0.333818
10.7148,8.01029,-0.377752
10.5553,9.01252,-0.321613
10.522,10.0477,-0.340605
10.5006,11.0775,-0.418085
10.5,12.1052,-0.399072
10.3985,13.0791,-0.251744
10.508,14.0694,-0.263485
10.7958,15.0403,-0.0677633
10.7976,16.1129,-0.0918516
10.9316,17.095,0.0882839
11.0079,18.0233,-0.33824
11.0954,19.0569,-0.177856
11.9018,0.0266427,-0.193463
11.9016,1.01229,-0.18045
11.7971,2.04813,-0.290957
11.8668,3.01802,-0.076516
11.7961,4.05334,-0.161357
11.7781,5.05556,-0.166066
11.9001,6.02756,-0.366088
11.7606,7.02939,-0.209668
11.7305,8.05799,-0.219013
11.617,9.03646,-0.314377
11.5398,10.0591,-0.508725
11.5542,11.0584,-0.350954
11.5337,12.1246,-0.310376
11.4426,13.1146,-0.148961
11.5278,14.0992,-0.168282
11.8526,15.0169,0.054442
11.8533,16.0594,0.0775414
11.9381,17.0521,-0.0828761
11.9864,18.0669,0.0116031
12.0993,19.0717,0.000369274
12.9191,0.0380596,-0.0298502
12.9123,1.05506,0.0755181
12.8073,2.02635,-0.178945
12.8394,3.09188,-0.105139
12.8094,4.08613,-0.00730308
12.8045,5.00179,-0.436311
12.9289,6.08414,-0.23455
12.8217,7.07822,-0.187225
12.8272,8.04029,-0.383093
12.6827,9.02009,-0.237962
12.5638,10.0292,-0.273031
12.6501,11.0419,-0.293216
12.5783,12.0203,-0.172375
12.5712,13.0643,-0.153096
12.6018,14.1031,0.0490555
12.8995,15.0343,0.30593
12.843,16.0685,0.242354
12.9069,17.0894,0.25743
12.9905,18.084,0.312055
13.1014,19.0944,0.0770257
13.9614,-0.0784082,-0.0963652
13.9243,0.919114,0.119797
13.873,1.88528,-0.0981841
13.8005,2.91149,-0.243507
13.7599,3.91459,-0.357326
13.8388,4.9171,-0.287323
13.863,5.88208,-0.48504
13.8135,6.92399,-0.397894
13.86,8.00229,-0.282223
13.7465,8.99383,-0.238478
13.6298,10.0023,-0.250633
13.6967,10.9768,-0.182702
13.6299,12.001,-0.264074
13.6268,13.0553,-0.112406
13.6709,14.0692,0.0566301
13.8977,15.0581,0.321711
13.8711,16.066,0.278585
13.9764,17.0536,0.242335
13.9892,18.0651,0.193432
14.1302,19.0572,0.17141
15.0112,-0.0554582,-0.00694601
14.9221,0.958238,-0.101914
14.9133,1.96982,-0.189373
14.8033,2.99312,-0.00201117
14.801,3.96018,-0.236805
14.9103,4.94891,-0.273763
14.84,5.909,-0.364589
14.8183,6.92018,-0.368078
14.8774,7.93613,-0.422019
14.8188,8.92806,-0.442454
14.6906,9.97942,-0.376125
14.7403,10.9572,-0.318842
14.6849,12.0019,-0.350902
14.6745,13.1054,-0.216599
14.7642,14.0878,-0.0405377
14.8586,15.1363,0.0494034
14.9044,16.143,0.276696
14.9787,17.2027,0.153206
14.9967,18.2244,0.0795068
15.099,19.1758,0.411487
16.0182,-0.163201,-0.111161
15.9214,0.863634,-0.214377
15.9417,1.86908,-0.118717
15.8218,2.92036,-0.0834773
15.8754,3.90693,-0.185662
15.9331,4.93726,-0.227662
15.8651,5.91909,-0.471688
15.7972,6.91565,-0.692105
15.8983,7.92628,-0.616236
15.799,8.98492,-0.371715
15.7754,10.0003,-0.350832
15.8176,10.9961,-0.419367
15.764,11.9729,-0.222385
15.7378,13.0126,-0.191733
15.791,13.9949,-0.00259713
15.9328,15.0241,0.0591571
15.9403,16.0391,0.0473251
16.0616,17.0431,0.108243
16.0502,18.0605,0.202548
16.1031,19.0649,0.176162
17.0588,-0.0579699,-0.081048
16.9305,0.957363,-0.054503
16.9415,1.9496,-0.0302042
16.8582,2.9544,-0.0830012
16.8304,3.92177,-0.403146
16.9538,4.96162,-0.501685
16.9204,5.95095,-0.50166
16.8345,6.97628,-0.467473
16.9506,7.98415,-0.57925
16.8824,8.96424,-0.524964
16.8416,9.99282,-0.338185
16.881,11.0526,-0.317878
16.8248,12.0659,-0.218513
16.7902,13.0598,-0.246403
16.7975,14.0395,0.0911252
16.9603,14.9912,-0.05421
16.9832,16.0341,0.190628
17.0854,17.107,0.0828822
17.0688,18.1438,0.215723
16.9969,19.0928,0.574535
18.1118,-0.150972,-0.0128636
17.9332,0.876101,0.00693381
18.0152,1.89443,0.0203742
17.8891,2.93721,-0.128294
17.885,3.93266,-0.360176
17.9338,4.95886,-0.382931
17.954,5.95727,-0.640016
17.8931,6.97524,-0.497406
17.9977,7.96379,-0.584307
17.9256,8.98627,-0.543834
17.8527,9.9918,-0.495871
17.8636,10.9773,-0.42663
17.8999,11.9921,-0.306079
17.8153,12.9382,-0.0404401
17.849,13.957,0.0282266
17.9491,14.9382,-0.18999
18.0133,15.9239,0.147844
18.0743,16.8902,-0.115259
18.0969,17.8925,0.0946196
17.9613,18.8755,0.322913
19.139,0.030018,-0.173119
18.9796,0.999384,0.0148381
18.9514,2.01942,-0.295355
18.9581,3.01356,-0.0863094
18.9211,4.01251,-0.25472
18.9562,5.01702,-0.406681
19.0009,6.03341,-0.492239
18.8836,7.04425,-0.505896
19.0387,7.99725,-0.46924
18.9595,9.01369,-0.60611
18.9441,10.0092,-0.55623
18.878,11.0567,-0.442021
18.9951,12.1066,-0.462432
18.9075,12.945,0.0874081
18.929,13.9519,-0.105774
18.9193,14.9318,0.123997
19.0433,15.9494,0.179925
19.0134,16.9728,0.115909
19.1093,17.9694,0.160213
18.9837,18.9838,0.326234
