0.0263344,0.0218116,-0.0392438
1.06128,-0.0261513,0.0883053
2.06158,0.0232459,-0.0493698
3.0314,-0.0142735,-0.348207
4.07279,0.0122501,-0.276565
5.10568,-0.0531541,-0.298181
6.03223,0.0769311,0.0911161
6.98031,-0.00517289,-0.227403
7.98283,-0.00139775,0.0507035
8.99899,-0.0378002,-0.0771935
9.99643,-0.0166295,-0.313385
11.0324,-0.00126957,-0.20802
12.0376,-0.00644551,-0.123551
13.0805,-0.028251,-0.0293435
14.1163,-0.00278024,-0.0669179
15.0731,0.00970489,0.130155
16.0326,-0.020658,-0.245354
17.0456,0.00715049,0.0465377
18.0332,-0.0315775,-0.184695
19.0267,-0.068276,-0.36148
0.0112766,1.04442,-0.0594043
0.999384,1.01545,0.125962
2.04646,0.988516,0.250493
3.04454,0.947725,-0.0310404
4.10078,0.974844,-0.0632496
5.13133,0.932627,-0.199139
6.11014,1.04734,-0.00892361
7.0891,1.04394,-0.207004
8.07153,0.918165,-0.315528
9.02453,0.989563,0.142241
9.9887,0.972594,-0.203113
10.9778,1.00186,-0.0720267
12.0483,0.986096,0.0842067
13.0449,1.03011,-0.0232978
14.0763,1.04812,-0.0803034
15.0764,0.983108,-0.077398
16.0669,0.97159,-0.0334086
17.0724,1.02036,-0.188891
18.0605,0.966738,-0.133082
19.0453,0.915436,-0.319691
0.0214667,2.04398,0.046498
0.990503,1.9714,-0.0576495
1.93053,1.99933,0.271908
2.8896,1.90427,-0.201147
3.93312,1.99566,-0.0212653
4.97299,1.93615,-0.198218
5.96783,2.05923,-0.240495
6.95975,2.05583,-0.219785
7.92552,1.88744,-0.122486
8.96189,1.96174,-0.323389
9.95662,2.02663,-0.116599
11.0075,1.99033,-0.310526
11.9921,1.96628,-0.176199
13.0199,2.05438,-0.0637989
13.9695,2.01579,0.201147
14.9202,1.95513,-0.24124
15.9821,1.97121,-0.261376
16.918,1.99666,0.0507553
17.985,1.95882,0.00671102
18.9614,1.89253,-0.128282
-0.0122593,3.01729,-0.138417
1.07063,2.98943,-0.269539
1.99914,2.99077,0.131834
3.04863,2.89075,0.0384564
4.05956,2.98618,-0.0655568
5.04018,2.85458,0.119758
5.99354,3.07282,0.0278451
7.07078,3.04838,0.0925504
8.07319,2.91145,-0.0576586
9.06367,2.9892,-0.221174
10.0395,2.99172,-0.051619
11.0387,3.00065,-0.276312
12.1091,2.97226,-0.235423
13.126,3.02929,-0.354534
14.0749,2.96811,-0.0634388
15.0899,2.93554,0.0223762
16.0712,2.99198,-0.255144
17.04,3.01704,0.0941465
18.0247,3.01035,0.112436
19.037,2.90379,0.152681
0.0144597,3.9952,0.091409
1.05015,4.05944,-0.0412488
2.08003,4.01353,0.182134
3.09793,3.8991,0.0354259
4.09214,3.97705,0.104566
5.05646,3.8462,-0.0984802
6.04399,4.09775,-0.0990112
7.09055,4.04411,-0.135203
8.02611,3.91595,0.187036
8.91905,4.03197,-0.34008
9.96529,3.99566,-0.302002
10.9812,3.99051,-0.160054
11.9867,3.97541,-0.126279
12.9789,4.0336,-0.371279
13.9498,3.95127,-0.132273
14.976,3.88343,-0.221836
16.0041,3.97606,-0.0503983
17.0308,4.02809,0.0789911
18.017,3.99397,0.190878
19.0087,3.95139,0.0270913
-0.00462661,5.01615,0.002472
1.02087,5.07713,0.0895474
2.07898,4.99831,0.0563128
3.10524,4.97103,0.126496
4.12174,5.01043,-0.0298898
5.1375,4.85733,0.100821
6.09528,5.05017,0.18435
7.11211,5.01736,0.117798
8.15674,4.91009,0.134916
9.14802,4.99197,-0.0626179
10.1169,5.01304,-0.310413
11.0977,4.98731,0.0176244
12.0848,4.98753,-0.249327
13.117,5.09762,-0.251949
14.1309,4.92015,-0.184518
15.1581,4.88404,-0.230097
16.1865,4.96323,-0.00434584
17.1016,4.98934,0.461519
18.0643,4.98066,0.158654
19.0934,4.96649,0.308051
-0.00422681,6.01095,0.13152
0.994061,6.08891,0.121226
2.06302,5.99908,0.116834
3.04393,5.94285,-0.0827082
3.99373,6.0219,0.031608
5.00545,5.86113,0.116593
6.02957,6.03735,0.0143315
7.05708,6.05607,0.153594
8.01962,5.91956,0.0409772
9.02226,6.02806,-0.0163945
10.0103,6.00299,-0.191937
11.0325,5.94057,-0.260451
12.0113,5.96596,-0.327638
12.987,6.08247,-0.227888
13.9666,5.8885,0.0510361
14.9733,5.89137,-0.127561
15.9651,5.98017,0.0163732
17.0099,5.86631,0.0138524
17.9852,5.96332,0.0221747
18.9485,5.84912,-0.139573
0.0595294,7.04538,0.0390149
1.09585,7.07663,0.147325
2.12399,6.96434,-0.0133
3.139,6.98091,0.102686
4.14415,7.04681,0.0445601
5.1296,6.78745,-0.194601
6.05148,6.847,-0.596231
7.0317,6.93561,-0.347459
8.00405,6.92073,-0.220551
9.00894,7.01832,-0.161983
9.97563,7.00565,-0.39599
10.988,7.00354,-0.368715
12.0288,6.97776,-0.235582
12.977,7.02886,0.0401837
13.9973,6.9058,-0.108963
15.0372,6.91245,-0.118531
16.0186,6.8676,-0.446095
16.9441,6.86671,0.00140385
17.9575,6.94971,-0.115622
18.9838,6.8521,-0.0500778
0.0430189,8.03015,-0.177856
1.04444,8.12796,0.010123
2.08848,7.98219,-0.00984527
3.10403,8.02087,-0.185327
4.10424,8.02779,0.0551469
5.1032,7.78195,-0.170278
6.04944,7.89945,-0.58536
7.09933,7.9995,-0.641496
8.02243,7.92167,-0.156395
9.05051,8.078,-0.241423
10.0292,8.01998,-0.263656
10.9917,8.00403,-0.257299
12.005,8.01837,-0.0275491
13.0146,8.02904,-0.0877743
14.0326,7.89503,0.0370556
14.9997,7.94898,-0.166774
15.9242,7.92949,-0.486279
16.8657,7.84584,-0.163863
17.9155,7.94651,-0.133427
18.9327,7.88482,-0.0149419
-0.0116306,9.01837,-0.0244179
0.966509,9.11452,0.179058
1.97483,9.00112,0.0675436
3.00043,8.98381,-0.0145451
3.98569,9.00519,-0.214173
4.94496,8.77842,-0.17456
5.94016,8.88635,-0.471862
6.95727,8.98175,-0.4369
7.93356,8.911,-0.19545
8.95426,9.03323,0.0202704
9.98579,9.0229,-0.271465
10.9954,8.99916,-0.107694
11.9932,8.97716,-0.213144
12.9529,9.03806,0.143602
13.9827,8.92895,0.0474593
14.9923,8.96565,-0.200357
16.0866,8.88954,-0.264803
17.0448,8.80574,-0.0392163
18.0733,8.91143,0.0546373
19.0161,8.90744,-0.261135
-0.0109012,10.0026,0.000872829
1.00571,10.0844,-0.0230476
2.04294,10.0021,0.0520981
2.93168,9.93653,-0.393121
3.95789,10.0279,-0.245827
4.91002,9.81076,-0.0562243
5.93749,9.88879,-0.302564
6.936,9.96526,-0.504923
7.94839,9.91302,-0.314704
8.93284,10.0241,-0.145674
9.93903,9.96461,0.0888394
10.9692,10.0623,-0.0388928
11.9984,9.96429,-0.0659627
13.0141,10.0037,-0.135661
14.0298,9.90768,0.0326792
15.0252,9.94528,-0.00464797
15.9429,9.87593,-0.467632
16.9338,9.79808,-0.184204
17.9736,9.89672,-0.0662801
19.0113,9.93995,-0.308603
-0.0238044,11.0222,0.197131
0.996185,11.0599,0.0803308
2.02998,11.0302,0.0671499
2.88957,11.0055,-0.431675
3.92927,10.9803,-0.506412
4.95671,10.8676,-0.295953
5.96156,10.9733,-0.346483
6.98032,10.9341,-0.280767
7.98883,10.9167,-0.30788
9.01324,11.0154,-0.315873
9.97179,10.9689,-0.0868435
11.0092,11.04,-0.157741
12.0211,10.983,0.0534165
12.9905,11.0368,-0.175152
13.967,10.9293,-0.0478378
14.9659,10.9515,0.00567339
16.001,10.872,-0.276904
16.9893,10.8162,-0.391891
18.0371,10.8677,-0.288501
19.0363,10.9955,-0.27055
-0.120795,12.0229,0.463359
0.852123,12.067,-0.0243629
1.82021,11.9749,-0.16169
2.84277,11.9718,-0.0485733
3.89242,11.9237,-0.16925
4.89717,11.8339,-0.104218
5.91028,11.9528,-0.305045
6.93531,11.99,-0.429475
7.98221,11.921,-0.490515
8.96061,12.0631,-0.437788
9.88246,12.0141,0.0003296
10.9064,12.0418,0.0547014
11.9202,12.013,-0.119202
12.8721,12.0194,0.0381176
13.9131,11.9557,-0.0499161
14.9818,11.9485,0.0976287
15.996,11.8626,-0.0860469
16.9574,11.8524,-0.311322
17.9702,11.8641,-0.0445021
18.9731,11.9904,-0.0951506
0.00604266,13.0013,0.234693
1.01359,13.0371,0.208386
1.999,12.9837,-0.03502
2.98801,12.9568,0.0499283
3.94516,12.9214,-0.179092
4.95883,12.8292,0.0628468
6.01009,12.9236,0.026371
6.96427,13.0133,-0.300604
8.03035,12.8808,-0.325083
8.99361,12.954,-0.0129093
9.98815,12.9993,0.0539232
10.9965,13.0463,0.0768181
11.9315,13.0358,-0.328141
12.9127,12.9697,-0.141572
13.9372,12.9646,-0.1601
14.9309,12.9378,-0.173635
15.9832,12.8988,0.0154271
16.9936,12.8177,0.0432905
18.0361,12.8644,0.207746
18.958,12.9625,-0.119941
-0.0343181,14.0559,0.290179
0.959667,14.0482,0.159838
1.99787,13.9472,0.192203
2.99275,13.9976,-0.0882992
4.02061,13.9482,0.0186071
5.00825,13.8617,-0.117533
6.06128,13.9591,0.047203
7.06206,14.0081,-0.309732
8.05436,13.8793,-0.250691
9.08308,14.0073,-0.205719
10.0576,13.9889,-0.00877712
11.0789,14.0731,0.11435
12.0831,13.9538,-0.0462813
13.1346,13.9506,-0.18327
14.1429,13.9342,-0.477026
14.9592,13.9776,0.108023
15.9454,13.9347,0.194162
16.9401,13.8286,0.165993
17.9575,13.9502,0.06274
18.9772,13.9786,0.158379
-0.0150731,15.0786,0.282653
1.03642,15.0962,0.110578
2.05923,14.9437,-0.007004
3.01898,14.9263,0.399036
3.99811,14.934,0.187176
5.1127,14.8569,0.0650014
6.13225,14.9829,-0.0160009
7.13929,15.0107,-0.241102
8.12529,14.9059,-0.0588855
9.12706,14.9893,0.0935179
10.0991,14.9372,0.393948
11.0975,15.0209,0.472701
12.0033,15.0331,0.00755333
13.0235,14.9739,-0.0178045
13.9384,14.9244,-0.410999
14.9191,14.9216,-0.15862
15.9051,14.8792,-0.19917
16.9431,14.8624,-0.0981628
17.9491,14.9454,-0.0186926
18.9798,15.0055,0.0879482
0.0184088,16.0379,-0.0600787
1.02257,16.087,-0.244176
1.97907,16.011,0.00396741
2.90203,16.0091,0.393094
3.88338,15.9934,0.142805
4.86319,15.8366,0.403668
5.89772,15.9631,0.0611927
6.91061,16.0278,0.0193945
7.9401,15.9197,0.0724784
9.00401,15.9971,0.24373
9.98472,15.9299,0.4112
10.9896,15.9837,0.286166
11.9522,16.045,0.11406
12.9253,15.9614,-0.182476
13.93,15.9236,-0.126835
14.9366,15.931,0.0590503
15.9804,15.8941,0.116688
16.9859,15.8682,-0.0573778
17.9954,15.9255,-0.133744
18.9846,16.0093,-0.0493484
0.000604266,17.0015,-0.287661
1.05427,17.0717,-0.0989807
2.09583,17.0076,-0.0513016
2.85847,17.0089,0.585907
3.84938,16.9588,0.387811
4.84881,16.8232,0.173818
5.8343,16.9485,0.265395
6.86389,16.972,0.319858
7.91886,16.9564,0.118665
8.95647,17.0719,0.191714
9.94876,16.9523,0.462023
10.8711,16.9824,0.145625
11.8282,16.9983,-0.233345
12.8092,17.0235,-0.141871
13.8428,16.92,-0.245112
14.8523,16.9668,0.11912
15.8962,16.8963,0.17004
16.9534,16.9586,-0.00311289
17.9884,16.9558,-0.175829
19.0005,17.0282,0.0317087
0.019541,17.9937,-0.108191
0.943675,17.9809,0.218409
1.9273,18.0482,-0.0232368
2.92709,18.0294,0.329383
3.97001,17.9402,0.180883
4.97667,17.8726,0.185284
5.97399,18.0123,0.234553
6.95229,17.9849,0.196109
7.95395,17.947,0.120573
8.95863,18.0371,0.020011
9.9565,17.918,0.0543199
10.945,17.9442,-0.0504776
11.9811,18.0067,-0.101224
12.9699,18.0159,-0.255419
13.9807,17.9671,-0.224558
14.96,17.9461,0.0973327
16.022,17.9085,0.0393353
17.0007,17.959,-0.200104
18.0238,17.9338,0.095584
19.0397,18.0263,0.108472
0.0408338,18.9864,0.0461562
1.04925,19.0266,0.129353
2.09168,19.0149,0.285488
3.04353,19.0107,0.0811792
4.04563,19.0097,0.0804132
5.0567,18.9585,0.0559038
6.05974,19.0156,0.201764
7.03402,19.0239,0.123789
8.05232,18.9622,-0.0311472
9.03901,19.0054,0.258132
10.0179,18.9474,-0.0738426
11.0074,18.9778,-0.0432844
12.0548,19.0198,0.0940519
13.0358,18.9617,0.0768609
13.9969,19.0272,-0.218586
14.9604,18.9694,0.0551714
15.9729,18.9608,-0.139967
17.0209,18.9675,-0.130958
18.0018,18.9801,-0.00143132
18.972,18.9998,-0.235035
