0.591458,0.349538,0.166695
-0.134135,1.01643,-0.0589251
-0.0112522,1.96749,-0.277093
0.137306,2.95555,-0.149684
-0.0746208,3.92139,-0.141023
0.0912381,4.90357,-0.0537492
0.183364,5.90223,0.321033
0.187844,6.79687,-0.222355
0.120045,7.74186,0.115693
0.121485,8.73598,0.0463607
1.35703,0.686471,0.708951
0.889627,1.11188,-0.079989
0.969036,2.15085,-0.12982
1.00357,3.06654,0.313968
0.903641,4.05703,0.0225715
1.02743,5.03045,0.361318
1.1722,6.02651,0.37521
1.17374,6.93585,-0.118571
1.13512,7.94812,0.0430677
1.07515,8.9148,0.250056
2.22349,0.149434,0.562709
1.84141,1.04586,0.269375
1.9531,1.96278,-0.155379
1.97257,2.96587,-0.0385022
1.93258,3.95406,-0.0543046
2.01199,4.96637,0.276943
2.09539,5.94375,0.0435041
2.13796,6.92632,0.172738
2.0947,7.896,0.412864
2.08392,8.83722,0.0748833
3.21491,-0.0139225,0.602344
2.89225,0.861986,0.0686758
2.94749,1.86278,-0.13899
3.01575,2.86318,-0.296261
2.98679,3.8492,-0.101859
3.01909,4.84418,0.0751061
3.08957,5.82624,0.0579211
3.10005,6.83454,-0.23643
3.15257,7.72736,0.288119
3.07352,8.65884,-0.0380505
4.17584,0.0198584,0.238279
3.83869,0.920322,-0.182647
3.92087,1.91362,0.0878719
3.86337,2.87969,0.273931
3.96403,3.8419,0.0408063
4.01448,4.85533,0.3034
4.12653,5.86074,0.182556
3.99117,6.94528,0.180563
4.07374,7.8694,-0.153175
3.97497,8.814,-0.467089
5.13977,0.0425489,-0.0154057
4.88977,1.03688,-0.19031
4.93966,2.047,-0.00426954
4.8746,2.98292,0.385775
4.90464,3.96888,0.422614
4.92927,4.87591,-0.0746483
5.06518,5.85849,-0.21265
5.05341,6.85653,0.0652272
5.09242,7.81946,-0.36354
4.8378,8.71292,0.0804254
5.98103,0.153951,-0.631266
5.94906,1.14875,-0.317191
5.90822,2.16892,-0.151216
5.88061,3.15415,0.125224
5.87562,4.16695,0.297705
5.89957,4.98662,-0.241148
6.05903,5.98619,-0.308783
6.0777,7.01814,-0.0619007
6.08608,8.06439,-0.274462
5.79688,9.01873,-0.221616
6.98518,0.152391,-0.713718
6.94895,1.08733,-0.146925
6.90921,2.09659,-0.137168
6.91467,3.05339,0.221512
6.84714,4.03026,-0.0425428
6.94682,5.01621,-0.159435
7.06938,5.99612,-0.115592
7.07233,7.01262,-0.231608
7.07642,8.00823,-0.355815
6.81148,9.05797,-0.372842
7.61793,0.210892,0.0847346
7.95618,1.11331,-0.191964
7.8926,2.12468,0.104834
7.82241,3.05027,-0.276196
7.74982,4.10147,-0.442943
7.97715,4.92928,0.056447
8.05994,5.93154,-0.0364238
8.03476,6.95478,-0.0817743
8.07296,7.9987,-0.285418
7.71545,8.85313,0.0689718
8.20664,0.638401,0.792434
8.54935,1.54177,0.455046
8.84883,2.13489,-0.289239
8.86135,3.13869,-0.0899289
8.76333,4.13446,-0.22042
8.68305,5.06836,-0.721085
9.03374,5.90049,-0.305542
9.05014,6.93478,-0.0892758
8.7902,7.58282,-0.921165
8.38666,8.3815,-0.507999
