14.3078,-2.17948,-4.09199
2.23706,-9.31499,0.371813
-3.57688,-7.30978,-9.16285
15.1273,-5.42471,-0.654793
10.0782,-8.77665,-17.2489
-3.36742,-7.52553,-9.32586
8.4488,-8.80779,6.83266
14.5035,7.23784,-0.0900571
2.61397,11.2362,5.53673
-3.45425,9.31328,0.661638
8.83741,-2.65375,-4.56412
4.61716,-5.23139,-3.18593
2.78604,-5.77518,-6.34736
8.9671,-5.59199,-4.59194
7.23067,-6.21092,-9.89894
3.04472,-4.84507,-5.06376
5.63403,-2.76304,1.42373
6.10725,4.81335,0.805182
-1.50511,7.71067,0.661611
-9.53758,6.73245,-4.15625
6.33313,-0.0291665,-7.26079
4.74933,-1.65831,-5.57785
4.06145,-2.64108,-5.56517
6.35997,-2.89029,-4.34522
5.24407,-3.01588,-5.51523
3.44972,-1.20678,-1.96502
3.05282,1.54057,1.68649
1.47709,5.8905,3.46788
-2.83433,8.85489,4.94869
-7.6354,10.4077,4.33016
4.62034,2.9736,-10.2676
4.06742,1.81581,-7.63636
3.83739,0.763259,-5.54062
4.57734,0.0956206,-3.56564
3.72565,0.00802332,-2.10152
2.41933,1.93908,0.851988
1.1781,4.7427,3.95361
-0.724577,8.1322,6.80706
-3.74336,11.2352,9.74713
-7.54704,14.1435,12.7869
3.16058,6.12681,-13.9409
3.23488,5.30816,-9.28555
3.17237,4.07886,-5.39584
3.11334,3.00691,-2.15767
2.4264,2.81526,0.568917
1.4514,4.56555,3.38914
0.109452,7.19203,6.50304
-1.37462,10.2981,10.0444
-3.4436,13.6917,14.4044
-8.65807,18.4821,21.617
2.36713,9.29108,-19.0535
2.88105,9.14175,-8.15298
2.73233,6.57404,-3.05046
1.8603,5.14211,0.381555
1.153,5.03048,3.02796
1.16212,6.30761,4.88859
1.24062,7.94267,6.4891
1.2806,9.6022,8.03147
2.52263,9.6134,9.12533
8.07073,5.01195,4.69357
-1.64464,27.7502,-2.14178
3.57237,10.3532,2.25481
2.87911,5.46521,2.20184
0.528483,5.54879,4.17113
-0.377847,6.58907,6.10976
0.784371,7.73541,6.63166
2.43701,8.56514,6.44199
4.05044,9.45538,6.28068
6.62894,9.79605,5.68892
10.2768,9.93493,6.89648
15.7037,-22.2602,19.0391
8.85463,-6.0258,10.1047
3.05354,1.162,6.04936
-1.33806,5.79231,8.00779
-2.17166,8.21739,9.2933
0.234764,9.05134,8.35846
3.18397,9.39859,6.63553
6.18287,9.54149,4.36677
9.56057,9.72031,1.19657
13.4253,10.5559,-4.11948
-0.427927,-10.7249,-4.1753
6.73239,-7.53795,4.30295
-2.02224,6.16725,1.2701
-6.02604,9.79352,11.0359
-4.48074,10.2787,12.5877
-1.59492,9.95008,10.7331
1.47421,9.55654,8.68957
4.7358,9.25463,6.67817
8.04874,8.7979,4.85157
11.0703,7.13214,6.31577
9.04998,-14.7364,3.05185
18.4947,-18.5919,10.3431
-9.44725,18.5783,-7.01692
-11.0792,14.0229,20.5948
-7.23641,12.1904,16.2855
-3.70983,11.0121,13.2159
-0.350237,10.1494,10.7103
2.82105,9.36789,8.55853
5.91791,8.72626,7.00216
8.53486,7.90922,6.69272
