17.5414,-3.35678,-10.8314
-1.00704,-15.1631,6.162
-5.55714,3.51096,-6.5512
13.6871,-6.28189,9.67346
5.21942,-7.73703,-14.6397
-4.22456,-16.6245,-4.38945
11.8375,-2.19828,10.4864
14.2612,1.66622,5.94602
-2.21356,13.6196,5.66232
-4.02682,11.3063,2.82561
10.2621,-4.50807,-5.50689
3.6979,-7.86896,-0.21558
1.07015,-1.89477,-2.41568
7.41034,-4.93251,1.93285
4.92753,-6.5347,-5.51253
1.00617,-8.76101,-0.780178
5.48439,-3.02113,4.78147
6.06261,3.54266,5.46252
-0.275613,8.26132,4.59026
-5.76313,8.72948,0.430396
8.44128,0.875112,-6.01977
5.73381,-1.89834,-3.0672
4.11024,-0.433961,-2.08488
5.45282,-2.09992,0.0422224
3.68562,-3.20744,-1.39346
1.78314,-2.71073,2.02664
2.28697,1.67782,5.36502
1.35532,6.82881,7.39668
-2.20462,11.4369,8.70273
-6.33933,14.5219,8.36375
8.47546,6.94635,-8.07452
6.80637,3.66263,-5.41376
5.27626,2.84351,-2.76464
4.68195,1.43973,-0.215519
2.98726,0.664406,1.49358
1.41496,2.29133,4.50251
0.596664,6.24879,7.5529
-1.11773,10.9577,10.3047
-4.04345,15.9131,13.1464
-7.91033,20.9381,15.896
9.4627,13.3161,-11.0789
7.49182,8.84066,-7.23183
5.82702,6.34917,-3.34726
4.32943,4.85894,0.265755
2.67569,4.45257,3.44312
1.13847,6.31493,6.64251
-0.160509,10.1046,9.83233
-1.66663,14.7901,13.3216
-4.3,20.1523,17.5712
-10.758,28.2948,23.5113
11.253,20.2495,-15.7751
6.77353,12.4771,-6.59994
5.14457,8.30822,-1.17982
3.67434,7.01318,2.6325
2.45716,7.28473,5.63584
1.94484,8.82816,7.90926
1.86481,11.0941,9.81788
1.99594,13.4623,11.5818
2.6414,13.5087,13.4191
7.16038,6.27487,10.2867
-4.09069,21.4623,-5.20601
2.0739,5.56537,1.54918
3.5925,4.29607,3.83919
2.38864,6.84938,6.44967
1.71494,9.21231,8.60618
2.40956,10.9944,9.52202
3.88479,12.1313,9.8173
5.85164,13.0777,10.1174
9.24464,12.1103,10.1391
15.6939,8.75023,10.3052
10.1681,-29.7087,19.5872
5.87836,-11.2895,10.5845
2.74358,-0.643733,8.1044
0.644725,7.39638,10.4252
0.652379,11.7355,11.8405
2.67378,13.2926,11.1491
5.39023,13.6289,9.75317
8.33965,13.8033,7.84516
11.8151,14.0996,4.98894
15.2806,15.7218,-0.467693
-5.10681,-3.0283,-2.59195
5.46115,-6.1309,6.11078
-0.816401,6.75204,4.44381
-2.06991,14.8275,13.3725
-0.432087,15.9183,14.9983
1.82951,15.5643,13.2604
4.41054,15.0875,11.4515
6.99287,14.6266,9.39888
9.49418,14.0796,7.26406
11.3108,12.4569,5.51159
6.09497,-9.85921,4.87996
16.8993,-16.9686,12.2724
-7.45059,16.2041,-4.65748
-4.21497,24.6096,22.0848
-1.97027,20.0925,18.3709
0.611374,17.8556,15.5579
3.08634,16.4435,13.1243
5.49466,15.3629,10.9503
7.69217,14.4959,8.97332
9.58097,13.4449,7.44259
