0.0330821,0.0405957,0.0159062
1.0076,0.077514,0.0221473
2.06038,0.0491104,0.0620685
3.08038,0.00979339,0.188772
4.06891,-0.035847,0.247456
5.05062,-0.0218726,-0.036021
6.02065,0.0299112,-0.0625538
7.02579,0.0448439,0.00558489
8.00261,0.0613788,0.118033
8.96409,-0.0144841,0.186456
10.0065,-0.0233253,0.144099
11.0021,0.0673727,-0.00549944
12.0319,0.024131,-0.0278787
12.9832,-0.0237251,0.27004
13.9678,0.0374706,-0.0636982
14.943,0.0118473,0.132035
15.9775,0.00399487,0.0576769
16.9882,0.0240852,0.21001
17.9732,0.0106296,-0.187075
18.9831,-0.00762352,-0.0949004
-0.014835,1.03388,-0.188253
0.967592,1.13258,0.0210791
1.94652,1.03715,0.151415
2.99435,1.03981,0.162304
3.99338,1.00643,0.214331
5.03713,0.992392,0.113251
6.01171,0.951915,0.311765
6.96373,1.01002,0.0371929
7.94279,1.06219,0.209256
8.97162,0.98573,0.124979
9.99045,0.966472,0.0283029
11.0659,1.04736,0.184451
12.0822,0.993301,0.331275
13.0467,0.952928,0.256972
14.0519,1.0341,0.0684561
15.0634,1.00458,-0.0179937
16.0398,1.03315,0.325608
17.0645,1.02175,0.43365
17.9926,0.985943,0.0686117
18.966,1.00588,-0.0602985
0.0392743,2.08936,-0.150478
1.03246,2.12274,-0.0468978
2.01688,2.06761,0.0955412
2.99096,1.99289,0.451762
4.00977,2.00259,0.306796
4.99934,2.04078,0.0312052
5.98679,1.99612,0.0639698
7.02484,2.01295,0.0490402
8.01261,2.06013,-0.0971831
9.00446,2.04192,0.107202
10.0675,1.95065,-0.149934
11.0889,1.93898,-0.266427
11.971,2.00535,0.185723
12.989,1.98773,0.0558977
14.007,2.0242,0.309574
15.0286,2.04001,0.0372509
15.9866,2.06806,0.310367
16.9767,2.0419,0.139454
17.9889,1.97755,0.231376
18.9615,2.04122,-0.157439
0.0246956,3.06596,0.0197394
1.03286,3.15182,0.156456
2.03682,3.07786,0.254897
3.08071,3.00348,0.355348
4.08001,3.02637,0.258162
5.11481,3.01351,0.330433
6.06219,2.97993,0.0514817
7.08544,2.99971,-0.0317026
8.01321,3.01406,-0.459752
9.05492,2.96617,-0.266939
10.0337,2.96314,0.00187994
11.112,2.94679,-0.0724204
12.1086,3.04337,-0.0135228
13.1399,3.03145,0.12194
14.0823,3.01361,0.398648
15.0451,3.06906,-0.0697714
16.013,3.1046,0.462117
16.967,3.0596,0.102915
17.9694,3.01276,0.141612
18.9742,3.05743,-0.0538316
-0.0221686,4.05528,-0.198236
0.962825,4.16706,-0.15345
1.91559,3.96019,-0.160595
2.95018,3.93862,-0.0624195
3.9706,3.99976,0.212049
4.96838,3.96283,0.143608
5.97363,3.99744,-0.0208686
6.96452,4.0046,-0.181167
7.98133,4.0381,-0.412143
8.94292,3.98953,-0.166021
9.90907,3.96,-0.167412
10.8932,3.91876,-0.0674734
11.9011,4.0117,-0.218036
12.8865,3.94127,-0.19368
13.8684,3.93775,0.00128178
14.9078,4.00676,0.199429
15.9795,4.023,0.102622
16.9403,4.02525,-0.328938
17.9223,3.91471,-0.188696
18.9504,4.06119,-0.0579028
0.0783471,5.05393,-0.0432936
1.06793,5.15235,0.0794458
1.99295,4.99163,-0.248708
3.03376,4.95564,-0.227732
4.06392,4.94944,-0.0681143
5.08621,5.02797,0.00500809
6.09899,5.01094,0.00587786
7.05493,5.00647,-0.212003
8.03921,5.08424,-0.193667
9.07374,4.96982,-0.131083
10.0905,4.97425,-0.112531
11.1006,4.9028,0.0696677
12.0786,4.956,0.030137
13.0955,4.95137,0.0176244
14.0906,4.92955,0.115201
15.0926,4.97913,0.130058
16.0881,4.99564,0.238243
17.0705,4.89902,0.205728
18.0712,4.8799,-0.0264687
19.005,5.05215,-0.333418
-0.0175909,6.0236,-0.364299
1.00086,6.08693,-0.424229
2.00026,6.03982,-0.0998596
3.00236,5.98222,-0.134007
4.03035,5.97443,-0.186035
5.02988,6.03497,-0.166134
6.00622,6.07657,0.093115
7.01846,5.97388,0.0834254
8.04479,6.07156,-0.0206702
9.02739,5.95666,-0.0430067
10.0167,5.96758,-0.269335
11.0366,5.84502,-0.373382
12.0469,5.96171,-0.300018
13.0046,5.94623,0.112839
14.0004,5.98543,-0.0084933
15.02,6.00112,0.254253
16.1017,5.98484,0.180718
17.1119,5.85918,0.428147
18.0195,5.97772,-0.0436567
18.985,6.04138,-0.22956
0.0301553,7.02487,-0.14286
1.03472,7.02906,-0.0740471
2.06001,7.03597,-0.055266
3.03506,7.02037,-0.179513
4.09808,6.98644,-0.15855
5.09834,7.0187,-0.305487
6.05678,7.06841,-0.101914
7.07546,6.96939,-0.125941
8.00123,7.07472,0.227384
8.90152,6.95412,-0.166027
9.9117,6.93816,-0.169774
10.9906,6.92231,-0.261092
12.0129,6.93149,-0.15352
13.0117,6.96053,0.0895291
14.0012,6.9964,0.102118
15.002,6.98965,0.104105
15.9861,6.98043,0.168496
16.9799,6.84046,0.190808
18.0444,6.93432,0.301697
18.9945,7.01329,0.0249916
-0.00842006,8.07499,-0.149648
1.01556,8.06171,-0.136659
2.05864,8.04029,0.011948
3.08541,7.97481,0.0170019
3.99381,7.95279,-0.349925
4.96985,8.0483,-0.168548
5.9996,8.07096,-0.0637776
6.962,8.00589,-0.373269
7.9736,7.98898,-0.195428
8.97172,7.93327,0.0645558
9.96531,7.91817,0.152968
10.9803,7.90158,-0.0230445
12.0186,7.99471,-0.115519
13.0614,7.98479,0.044084
14.0207,8.00945,0.295935
14.9692,8.04443,-0.111914
15.9844,7.96747,-0.00159612
16.9763,7.84643,0.0323374
17.9962,7.93574,0.0212592
18.965,8.01621,-0.143117
-0.0103214,9.0526,-0.142821
1.01043,9.11056,-0.122092
2.04489,9.02037,-0.181039
3.05926,8.97567,-0.00573443
4.06899,8.92928,-0.145677
5.05959,9.01645,0.0919004
6.04787,9.05969,-0.0503891
7.02978,9.00996,-0.0485275
8.04078,9.04908,-0.19292
9.01584,8.92579,0.00714133
10.0347,8.95883,0.138643
11.0217,8.91333,0.0329722
12.0625,8.96811,0.166872
13.0163,8.98628,-0.197684
13.9825,9.00699,0.283489
14.9629,9.02264,0.0901669
16.0122,8.95909,0.154909
17.035,8.86451,-0.109647
18.0119,8.94071,-0.304355
18.9586,9.08315,-0.0783532
0.00924406,10.1017,-0.304688
1.01262,10.05,-0.38627
1.91652,9.97115,0.121305
2.88869,9.94481,-0.0749229
3.90609,9.9288,-0.186453
4.87485,9.92782,-0.29924
5.85732,9.98431,-0.331782
6.88126,10.0057,-0.131022
7.88345,10.0337,-0.0610126
8.8864,9.98123,-0.136506
9.90728,9.96532,0.112018
10.9646,9.94258,0.0827601
11.9417,9.9668,-0.0932585
12.9784,10.0188,-0.0394177
14.0199,10.0149,0.0683828
15.0708,10.0398,0.0349681
16.1127,9.99638,0.00711386
17.0751,9.90958,-0.20007
18.0371,9.88952,0.0537523
19.008,10.0837,-0.0616596
0.0409772,11.0673,-0.0341838
0.983636,11.0391,-0.311008
1.91422,10.9685,0.103
2.91494,10.9126,-0.103967
3.91277,10.9178,-0.00473952
4.95058,10.9083,0.0236915
5.99944,10.8891,0.110556
6.99591,10.966,0.0697928
8.05456,11.0142,0.150368
9.02203,10.9826,-0.0652944
10.0354,10.9848,0.0386242
11.0117,10.9942,0.268975
12.0109,11.0218,0.120609
12.9772,11.0515,-0.144328
13.9621,11.0297,0.13256
14.9895,11.053,0.15197
15.9749,10.9782,0.187344
16.9823,10.8863,0.148338
18.0304,10.886,-0.127409
18.9951,11.1054,-0.0232124
0.0246834,12.0729,-0.0376537
1.02112,12.0635,-0.319083
1.9947,12.0251,-0.00249336
2.9783,11.9139,-0.156764
3.98355,11.9154,-0.146471
5.00482,11.9342,0.252266
6.01578,11.9314,0.236076
7.02155,11.9813,0.0843532
7.98083,12.0697,0.212531
8.96605,11.9683,0.141984
9.96154,11.9968,0.298263
10.957,12.0808,0.176843
11.9706,12.0363,0.19809
13.0258,12.0343,0.0780053
14.0407,12.0404,0.170852
15.0364,12.0553,0.289032
16.0442,11.983,0.323649
16.9733,11.9663,0.137748
18.0211,11.8907,0.233052
18.9722,12.0734,-0.0468825
-0.0412336,13.0896,-0.197812
0.946049,13.021,0.0870083
1.93349,12.9976,0.267711
2.83042,12.8882,-0.221366
3.84771,12.8872,-0.0634144
4.88332,12.929,-0.199008
5.87615,12.8989,-0.166979
6.9063,13.0254,0.0605304
7.87627,13.1404,0.317301
8.90021,13.0363,0.165499
9.95506,13.0519,0.211704
10.9773,13.1225,0.22139
11.9711,13.024,0.106006
12.9919,13.034,0.0324412
13.9466,13.0681,0.268221
14.9641,13.1055,0.206699
15.9983,12.9702,0.118732
16.9983,12.973,0.200632
17.9932,12.924,0.352113
18.997,13.0031,0.292331
-0.0215186,14.0978,-0.142946
0.943486,13.9786,-0.108866
1.96104,14.0063,-0.0404004
2.93464,13.9704,-0.273141
3.91691,13.9422,-0.142943
4.891,13.9739,0.0493667
5.83663,13.906,-0.240815
6.86138,14.0453,-0.0466628
7.91856,14.0996,0.0237129
8.93755,14.0118,-0.00441908
9.9177,14.0277,0.0327433
10.9883,14.0793,0.0105838
11.9768,14.0444,0.233082
13.03,14.0115,0.310285
14.045,14.1448,0.341813
15.0566,14.1127,0.29389
15.9823,13.9541,-0.143809
16.9686,13.9721,-0.0459609
17.9846,13.9181,0.166237
18.9939,13.9771,0.214466
-0.03455,15.0901,0.184652
1.00668,14.9591,0.119114
1.97206,15.0137,-0.126197
2.97064,15.0114,-0.432365
3.96914,14.9952,-0.275036
4.98008,14.9082,-0.268709
6.00813,14.9518,-0.123313
7.02166,15.0477,-0.155101
8.00136,15.1198,0.0497787
9.05632,15.0745,-0.0512497
10.0966,14.9912,0.0266182
11.1425,15.0758,-0.0146092
12.1017,15.0312,0.286465
13.1228,15.0019,0.360402
13.9526,14.9976,-0.243815
14.9417,15.0346,-0.104266
15.9421,15.0154,-0.116996
16.9862,14.9777,-0.0463118
17.9787,14.8452,-0.186108
18.9617,14.9326,-0.0946226
-0.0369701,16.0678,0.17337
1.01341,15.9501,0.20502
1.96095,15.9877,0.0125095
2.93243,16.0388,-0.377673
3.94533,15.9934,-0.205045
4.95426,15.9507,-0.221146
5.90954,15.9014,0.0327464
6.94538,16.0125,0.101737
7.90737,16.096,0.294122
8.94473,16.0811,0.0795099
9.95482,16.0052,0.159517
10.939,16.001,0.289157
11.947,16.0351,0.160103
12.9467,15.9898,0.242112
13.9899,15.9739,0.163427
14.9615,15.9945,-0.110968
15.9629,16.0071,-0.0414533
16.9663,15.9969,-0.147951
17.9656,15.9102,-0.0944517
18.9876,15.9859,-0.0323893
-0.0423688,17.0305,-0.290674
0.917353,16.9219,-0.0522324
1.94129,16.992,-0.0213599
2.97728,16.9367,-0.0192022
3.95476,17.0155,-0.198248
4.94843,16.9792,-0.23748
5.99138,16.9445,-0.147157
6.92516,17.007,0.197766
7.91779,17.099,0.507199
8.88954,17.0682,0.354009
9.87509,16.9909,0.199493
10.9134,16.9776,0.083346
11.9005,17.0204,0.0829402
12.8779,16.9508,0.0751305
13.8802,16.9944,0.137291
14.9203,16.994,-0.0206671
15.9437,17.0068,-0.252123
16.975,16.9755,-0.279244
17.9549,16.8965,-0.0912595
18.969,16.9741,-0.114356
-0.0100711,18.0062,-0.125498
1.0035,17.9153,-0.120292
2.02385,17.9753,-0.190292
3.08546,17.9618,-0.287674
4.08993,17.9982,-0.164238
5.12269,17.9903,-0.233433
6.11783,17.9908,-0.0840449
7.08841,18.0231,0.272091
8.07541,18.0733,0.462865
9.12703,18.0758,0.46588
10.0854,18.0349,0.23029
11.0144,17.9562,-0.16303
11.9946,18.0206,0.21345
13.0258,17.9769,-0.0203101
14.0039,18.0035,0.00871914
15.019,17.9734,0.168203
16.042,17.9931,-0.05356
17.0701,17.9361,-0.0356517
18.0395,17.8865,0.12956
19.0076,17.9976,0.0133549
0.0139012,19.0014,-0.00423902
1.0638,18.9387,-0.156435
2.07915,19.0169,-0.145866
3.0512,19.002,-0.358486
4.06262,18.9972,-0.150264
5.0788,18.9868,-0.0201331
6.10876,18.9698,0.11778
7.08818,19.0005,0.00167547
8.09324,19.0294,0.142067
9.11397,18.9945,0.0448012
10.0859,19.0012,-0.225004
11.11,18.9652,-0.0191046
12.1038,18.9943,0.0600055
13.1015,18.9922,0.00954009
14.1024,18.9637,-0.168334
15.0622,19.0053,0.166182
16.0809,19.0262,0.117368
17.0864,18.9769,0.155544
18.021,18.9567,-0.166701
18.995,18.9956,-0.00801416
