12.9313,10.4612,-2.87522
0.714841,28.6544,1.26792
-0.501263,13.1641,-14.7872
4.84653,-26.5595,5.84403
-2.44118,7.82286,-17.2464
-3.07365,-26.6567,-11.244
18.7164,-3.10695,16.6626
0.0506699,-4.30814,8.26158
-9.36387,18.9766,2.8605
6.26722,19.6825,-2.17495
6.82419,11.6479,-6.1799
1.84571,15.7061,-3.37675
1.53459,3.7135,-6.01813
2.75821,-10.8319,-1.47356
0.362264,-3.15286,-9.10773
2.13129,-12.9768,-4.43566
9.21717,-4.99424,5.50966
5.10842,4.36801,3.67489
6.46954,16.3096,-0.721918
21.9583,20.3848,-7.21314
5.35879,8.87046,-12.3324
3.09237,9.27271,-8.07633
2.94946,2.73763,-6.7346
2.86232,-3.72938,-4.41565
1.88906,-2.79934,-4.91191
3.06478,-4.94908,-1.37171
4.98366,0.779992,2.81414
4.07449,8.41728,3.75374
4.35241,15.929,3.76091
8.93896,21.4606,1.79333
4.82268,6.35391,-19.382
3.85402,6.44377,-14.1314
3.25926,3.56239,-10.4116
2.78958,0.612537,-6.88453
2.30459,0.804685,-3.5574
2.50423,1.33801,0.175002
2.35071,6.15203,3.29185
0.908908,12.1463,5.53973
-1.11372,18.3217,7.80413
-3.72112,23.8817,10.7454
4.72914,4.17306,-27.3131
4.11029,4.96338,-19.9301
3.3618,4.39986,-13.8676
2.72179,4.00555,-8.46164
2.19852,4.56595,-3.63608
1.75161,6.21112,0.723731
0.598334,10.4993,4.23814
-1.5856,15.8738,7.3843
-6.42295,21.283,11.2686
-16.6488,27.2093,19.6076
4.93905,2.30201,-37.1366
2.85954,4.43186,-18.9658
2.20331,4.66695,-11.1316
1.78471,5.98251,-5.8101
1.91827,7.41481,-1.83364
2.59888,8.97428,1.04397
3.14349,11.3557,3.21884
3.45676,14.199,4.73168
2.64106,16.9326,3.28116
3.97397,15.7587,-5.98536
-6.62218,26.4567,2.77236
0.641234,6.6305,-1.23238
1.33448,4.09228,-4.01761
0.561019,7.32117,-1.00318
1.45324,9.87321,1.42503
3.64579,10.9548,2.62184
6.02024,11.6804,3.02324
8.64873,12.5467,2.56335
12.9642,12.7728,-0.319849
22.7754,11.3787,-5.82034
6.6412,-35.3086,18.1136
6.26622,-11.8217,7.45732
0.786544,1.13243,2.12675
-1.20896,9.5441,3.79833
0.890744,12.9111,4.94044
4.66073,12.9139,4.70277
8.60282,11.7916,3.80558
12.644,9.97739,2.61651
17.3876,6.61103,1.51162
22.2273,-1.10026,1.86226
-12.5782,6.59263,-9.97982
17.0202,1.7385,1.55209
-5.17411,12.5118,-3.21617
-4.10706,17.4491,7.15361
-0.140822,16.9976,8.46482
4.03975,15.6216,7.08544
8.31957,14.1212,5.53384
12.8842,12.8304,4.02727
17.7171,11.7683,2.73172
22.3309,14.6344,2.43439
19.8297,1.39901,0.415656
52.3725,-3.89811,10.8821
-27.5247,24.7877,-10.9028
-5.44397,25.3093,17.6929
-1.67013,21.0293,12.8194
2.63239,18.1911,9.7289
6.85872,16.2244,7.34991
11.067,14.6492,5.51682
15.1597,13.6673,4.08444
18.8027,14.1771,3.29707
