0.755119,0.541752,0.268508
-0.11706,1.10844,0.0479476
0.133055,1.99235,-0.430226
0.0379772,2.96735,-0.197363
0.0052797,3.95688,-0.360631
0.136229,4.92965,-0.15736
0.217875,5.77912,0.330329
0.189496,6.75177,0.0926115
0.237272,7.7481,-0.00588092
0.219465,8.72541,0.0703146
1.54936,0.898599,0.793945
0.87701,1.08824,0.0712668
0.932743,2.12686,0.113407
0.967653,3.08281,0.239195
0.942006,4.02763,0.0377239
1.04842,5.01086,0.26325
1.17021,6.05564,0.432746
1.15709,6.95761,-0.0820551
1.20683,7.94527,0.0634022
1.16484,8.84564,0.540068
2.06691,0.0704245,0.444441
1.86375,0.911606,-0.0462111
1.8666,1.90631,-0.088406
1.94772,2.93281,0.0493576
1.95877,3.93166,0.161745
2.09438,4.95862,0.230995
2.13232,5.92149,0.0553545
2.12897,6.94163,0.181219
2.14799,7.90999,0.457277
2.15055,8.87626,0.202771
3.12056,0.105423,0.564922
2.90299,0.853209,-0.034019
2.89724,1.85081,0.0362377
3.00994,2.82476,-0.155632
2.94371,3.78731,0.0918332
3.05801,4.81641,0.0203345
3.11422,5.85252,0.160851
3.11768,6.85209,-0.0917295
3.17902,7.725,0.379565
3.13846,8.71065,0.192087
4.12955,0.161937,0.451277
3.90287,0.889969,-0.221949
3.95463,1.88181,-0.0420759
3.96281,2.88119,0.241472
3.93493,3.83973,0.00294504
4.00045,4.77788,0.30506
4.05558,5.81363,0.432981
4.03141,6.86092,0.404556
4.06462,7.81451,-0.0890713
3.93028,8.74602,-0.449654
5.12708,0.0863826,0.0487228
4.91363,1.03731,-0.149797
4.92243,1.95343,0.297794
4.88208,2.97267,0.552104
4.87395,4.00786,0.326127
4.92089,4.90089,-0.0552538
5.0415,5.8541,0.215284
5.05101,6.84554,0.233512
5.1131,7.79792,-0.0143956
4.82539,8.7939,0.0550066
6.01532,0.0937254,-0.409165
5.9221,1.05484,-0.103607
5.88989,2.05475,0.0540635
5.83927,3.09944,0.293744
5.88418,4.11912,0.222864
5.89642,5.06684,-0.0102084
5.99129,6.0824,-0.0344707
5.94625,7.08188,-0.0803644
5.99072,8.00002,-0.481884
5.79719,8.91537,-0.191498
6.97561,0.254631,-0.769967
6.90564,1.1176,-0.24149
6.88446,2.11793,-0.255483
6.84435,2.98748,0.194436
6.85869,4.01217,0.0999023
6.91896,5.0209,-0.0404126
7.02039,6.0615,-0.0364635
7.01438,7.05887,-0.0585864
7.01857,8.03131,-0.337748
6.83549,9.02424,-0.260891
7.66792,0.146684,-0.0836146
7.90228,1.19177,-0.160503
7.88379,2.20438,-0.00302744
7.77242,3.21403,-0.0889492
7.66594,4.11896,-0.548042
7.96655,4.91963,-0.0868709
8.08665,5.95123,-0.0201819
7.99803,6.91859,-0.282299
8.01436,7.94897,-0.219843
7.80754,8.89136,-0.0681204
7.82595,0.849629,0.593847
8.58234,1.54248,0.450587
8.83239,2.22648,-0.310276
8.8078,3.20406,-0.0835627
8.72653,4.14805,-0.453447
8.66645,5.1205,-0.840245
8.88554,6.06966,-0.647874
9.05989,7.03475,-0.265105
8.53728,7.57218,-0.958568
8.56852,8.53466,-0.630958
