2.40384,-5.65155,2.95751
-6.56852,-11.6861,0.0953398
-1.30557,5.68408,-8.47619
19.2837,0.356749,7.79325
9.18571,-1.83344,-6.93054
-7.10412,4.39994,-1.24924
8.62167,12.0578,-1.79642
10.7458,11.1152,-4.10523
12.5471,1.7584,-10.5092
5.11815,4.82677,-6.88632
1.6552,-2.92511,0.278576
-1.25194,-5.07472,-1.05318
3.4077,0.958397,-2.37966
11.1606,0.664623,2.44968
6.64206,1.26254,-1.92717
0.620002,4.25844,-1.60574
4.73589,8.1933,-1.83001
6.8766,8.52511,-3.7612
5.16309,5.34743,-5.99332
-2.58254,7.47162,-3.51101
3.22006,0.861473,-1.00479
1.85743,-1.18137,-1.02088
4.69192,0.453688,-0.468709
7.68627,1.16392,0.85844
5.66407,2.70544,-0.179379
3.46394,4.54286,-0.49881
3.86191,6.87044,-0.424433
4.1803,8.53536,-1.2291
2.00352,8.01432,-1.4178
-1.65315,9.55959,0.836604
5.0782,4.81882,-2.01699
4.07988,2.50984,-1.34863
5.23543,2.56012,-0.243455
6.29423,2.7141,0.895862
5.19688,4.00115,1.18991
3.97299,5.52054,1.2888
3.33982,7.37854,1.55562
2.32564,9.15102,1.74329
-0.0117801,10.1734,2.96678
-3.0706,12.3106,5.40378
7.03149,8.99021,-3.19419
6.03224,5.98957,-1.58428
6.04913,4.58759,0.0465743
6.02444,4.21675,1.73469
5.09641,4.72968,2.95225
3.90957,6.05382,3.23749
2.83867,7.84136,3.53452
1.49726,9.66553,4.72655
-0.348955,11.3686,7.19426
-5.52806,15.3676,10.0103
8.47435,14.0408,-5.40528
7.72359,8.53711,-0.743626
7.14298,5.79995,1.31097
6.4613,4.69548,3.34081
5.49065,4.75656,4.96865
4.41563,5.86805,5.2266
3.68725,7.15033,5.01323
3.36113,8.37619,5.44568
5.11395,7.69296,6.45061
10.7798,4.19868,6.07333
3.65025,6.71747,4.8283
7.24278,3.48661,3.67022
7.27683,3.80691,3.35814
6.54332,3.89536,5.45761
5.69158,4.43672,7.29924
4.78951,5.59996,7.23625
4.33761,6.70118,6.56218
4.79594,7.44569,5.80929
6.35723,6.79844,5.25798
7.94143,6.06266,3.69816
10.9887,-7.9121,11.3528
8.90195,-2.52319,6.78556
7.73974,1.34091,4.64319
6.61995,3.06448,7.70573
5.67839,4.14714,10.0001
4.96466,5.45248,9.38438
4.78994,6.47931,8.17421
5.42901,7.01652,7.12095
6.85561,6.89813,6.49344
8.99785,4.80761,6.97575
2.01018,-11.4366,-0.892373
8.30493,-6.02096,3.70424
7.32571,3.53528,0.599469
5.80464,3.9999,10.9811
5.21743,4.52484,13.3125
4.94759,5.47808,11.5988
4.81275,6.51717,9.86846
4.78044,7.57307,8.21557
4.53588,8.7636,6.41467
2.48819,11.3525,5.46607
8.46626,-11.1138,4.44489
14.7717,-10.4891,10.0339
7.79127,10.0057,-9.68343
4.17808,4.48498,21.3995
4.68875,4.746,17.0535
4.70104,5.37386,14.0433
4.68289,6.35808,11.7141
4.48822,7.46586,9.69835
4.13831,8.5868,7.95999
3.23495,9.88561,6.75145
