-0.210801,0.984945,-0.833036
0.0153539,1.47022,-0.0222449
-0.0141301,2.49912,-0.0679098
-0.0430342,3.50069,-0.0528245
-0.227012,4.48851,-0.302582
-0.0945952,5.47406,-0.171532
-0.108579,6.48333,-0.283334
-0.175829,7.49579,-0.108847
-0.0941801,8.47496,-0.238569
-0.239747,9.34862,-0.724454
-0.157128,10.3397,-0.801538
-0.101172,11.3512,-0.478918
-0.254369,12.3459,-0.656713
-0.212162,13.3394,-0.801846
-0.189111,14.3108,-1.07394
-0.129554,15.3368,-0.899493
-0.185354,16.2953,-0.535163
-0.285485,17.2515,-0.175472
-0.13585,18.2209,0.0490921
0.0594958,19.2318,0.102594
0.0410443,20.1277,-0.333271
-0.219156,21.0198,0.00813929
-0.16256,22.0022,0.321653
-0.124574,22.9908,0.418296
-0.153816,23.8102,-0.120026
-0.193616,24.7782,0.129203
-0.0740867,25.8039,0.163707
0.00200507,26.6326,-0.241081
-0.0884304,27.6695,-0.321964
-0.139583,28.6783,-0.433201
0.859771,1.21217,-0.873418
0.95374,1.8354,-0.0959014
0.917283,2.83375,0.164098
0.925159,3.76294,-0.280493
0.748842,4.71993,-0.389615
0.848784,5.74561,-0.473229
0.919974,6.67239,0.0156011
0.826215,7.73949,-0.00827662
0.962368,8.7364,-0.163906
0.732218,9.58947,-0.674813
0.867208,10.5812,-0.77351
0.88934,11.6199,-0.636421
0.74817,12.6291,-0.672295
0.756053,13.6145,-0.747588
0.850822,14.5085,-1.22818
0.848796,15.5138,-1.11126
0.845787,16.1938,-0.426969
0.727799,17.1607,-0.118253
0.831446,18.1038,0.366887
1.03277,18.9806,-0.0480514
1.09325,19.9591,-0.231172
0.790045,20.8826,0.03155
0.775942,21.7782,0.49939
0.842244,22.735,0.100003
0.88677,23.7232,-0.194671
0.79935,24.7173,0.0253883
0.929554,25.7136,-0.142042
0.99863,26.7514,-0.270855
0.940214,27.7676,-0.219318
0.91511,28.7296,-0.313163
1.8422,1.51501,-0.773476
1.96059,2.12724,-0.0299875
1.95754,3.09799,0.0851619
1.91672,4.03548,-0.252709
1.77032,5.04206,-0.435084
1.77999,6.077,-0.583557
1.93296,6.93757,-0.0757561
1.87809,7.9689,0.0116062
1.94302,8.88532,-0.343205
1.73916,9.86489,-0.621921
1.87749,10.8563,-0.858766
1.89342,11.8894,-0.752477
1.73982,12.8712,-0.865889
1.77314,13.9054,-0.725425
1.9048,14.5509,-1.49456
1.88386,15.453,-1.07794
1.84811,16.0312,-0.264373
1.69648,17.0273,0.0707938
1.91192,17.9388,0.390881
2.0237,18.7937,-0.167937
2.11781,19.8367,-0.168004
1.8368,20.7939,0.0389477
1.7891,21.7321,0.377828
1.89727,22.6474,0.00765099
1.9291,23.6606,-0.0950743
1.74137,24.6066,-0.338542
1.97366,25.6083,-0.256325
2.01558,26.6004,-0.321476
1.86528,27.5166,-0.698401
1.92045,28.4681,-0.230778
2.86284,1.63693,-0.717515
2.98958,2.30208,0.090933
2.96922,3.23695,-0.199893
2.93901,4.26136,-0.376989
2.78153,5.22817,-0.476763
2.77671,6.18594,-0.30951
2.92444,7.20781,-0.133799
2.877,8.21819,-0.0587603
3.01018,9.16396,-0.297113
2.75064,10.1184,-0.598282
2.89981,11.1597,-0.723179
2.85539,12.157,-0.824638
2.71878,13.0926,-1.22881
2.79129,14.0274,-0.887069
2.95969,14.6439,-1.6547
2.92399,15.4496,-1.0332
2.8769,16.0951,-0.264373
2.74048,17.0119,0.111353
2.90159,17.9966,0.182708
3.07259,18.8444,-0.244557
3.09737,19.8627,-0.0637288
2.8483,20.8585,-0.0581347
2.79017,21.7584,0.489795
2.95685,22.6473,0.027781
2.93205,23.6154,-0.17185
2.79421,24.5953,-0.436152
2.98321,25.6345,-0.38728
3.00087,26.6131,-0.087167
2.84461,27.6186,-0.318412
2.89691,28.5963,-0.553221
3.90466,1.8182,-0.620307
3.94082,2.61533,-0.0363536
3.90232,3.60137,-0.0324778
3.81551,4.65593,0.078045
3.76657,5.42291,-0.545927
3.81396,6.39521,-0.30556
3.9586,7.37125,-0.204816
3.88899,8.40892,-0.164476
4.04211,9.33807,-0.450121
3.76566,10.2756,-0.641777
3.90671,11.321,-0.746052
3.89257,12.288,-1.15083
3.70384,13.2019,-1.56386
3.82618,13.9748,-0.975332
3.96369,14.6319,-1.78809
3.9412,15.2998,-1.0326
3.92015,16.1168,-0.401047
3.75161,16.9041,0.19523
3.94196,17.9239,0.191366
4.04145,18.7445,-0.415281
4.14587,19.7499,-0.11005
3.83103,20.6938,0.00654622
3.77642,21.6616,0.132154
3.93344,22.636,-0.103864
3.88728,23.6073,0.233177
3.80782,24.4401,-0.321265
3.9588,25.4237,-0.294726
3.95842,26.423,-0.337083
3.83454,27.3852,-0.170629
3.87917,28.415,-0.236601
4.90735,2.00147,-0.671334
4.92923,2.68432,0.104471
4.88589,3.74539,0.014301
4.82593,4.73844,-0.188345
4.77006,5.70288,-0.375848
4.74668,6.73048,-0.32494
4.85317,7.64255,-0.667656
4.86581,8.68437,-0.435722
5.02227,9.68999,-0.643953
4.71583,10.6272,-0.851256
4.87323,11.6389,-0.810144
4.8698,12.446,-1.37319
4.70484,13.3047,-1.93363
4.85659,14.04,-1.2225
4.96807,14.827,-1.84058
4.96005,15.4382,-1.05308
5.01559,16.0743,-0.277651
4.76351,16.9636,0.12971
4.95528,17.9447,0.188629
5.09998,18.7557,-0.408918
5.14372,19.6561,0.0109012
4.8883,20.6852,-0.00218513
4.79787,21.665,-0.0586535
4.9294,22.6488,-0.00944243
4.92617,23.655,0.26277
4.82812,24.5031,-0.245732
4.95379,25.4985,-0.507752
5.03082,26.4677,-0.513715
4.90846,27.4164,-0.212918
4.87793,28.417,-0.104526
5.88166,2.22081,-0.649593
5.87144,3.09395,-0.140947
5.89196,3.99831,0.309107
5.84939,4.88122,-0.158538
5.82395,5.89302,-0.305115
5.76741,6.88613,-0.230189
5.8671,7.82459,-0.652443
5.82539,8.8127,-0.680667
6.0492,9.82269,-0.675213
5.73419,10.7197,-0.989157
5.88437,11.723,-0.873168
5.93069,12.6469,-1.22614
5.7729,13.3662,-1.94311
5.90584,14.0992,-1.22342
5.96828,14.7837,-1.90929
5.90038,15.6199,-1.42067
5.94153,16.331,-0.714548
5.7663,16.8193,0.17582
5.89742,17.792,-0.044676
6.09209,18.8197,-0.0889676
6.09981,19.6779,0.392737
5.86158,20.5991,0.128074
5.80483,21.6017,0.123228
6,22.5796,0.249712
5.98794,23.5717,0.27354
5.81553,24.2946,-0.396518
5.93351,25.2563,-0.636872
6.00813,26.2398,-0.471563
5.86839,27.2657,-0.514277
5.84425,28.2744,-0.308982
6.93673,2.39916,-0.609848
6.88645,3.3523,-0.223145
6.92186,4.19941,0.349705
6.85285,5.13909,-0.0743858
6.87659,6.11343,-0.262722
6.74201,7.1078,-0.428864
6.86085,7.98853,-0.86205
6.85032,9.00077,-0.626057
7.02223,9.90824,-0.969771
6.78575,10.8805,-1.03638
6.8898,11.8579,-0.824329
6.9182,12.847,-1.06146
6.8601,13.4194,-1.89076
6.96607,14.0516,-1.13707
6.97737,14.669,-1.97046
6.91352,15.4582,-1.36825
6.8826,16.3778,-0.977947
6.80129,16.7612,-0.0537034
6.92641,17.7462,-0.0883297
7.09801,18.7255,-0.00490432
7.1603,19.6588,0.417911
6.86161,20.5176,0.0500137
6.85515,21.5386,0.100885
7.04749,22.5175,0.227186
6.97781,23.5238,0.204779
6.80508,24.394,-0.215473
6.95301,25.3323,-0.693005
7.00404,26.3364,-0.654064
6.8513,27.2547,-0.305573
6.86308,28.2929,-0.273962
7.85819,2.7169,-0.439143
7.83844,3.61888,-0.0249794
7.9344,4.44715,0.508625
7.84331,5.35335,0.0416608
7.94611,6.28678,-0.368221
7.77174,7.29721,-0.505365
7.81515,8.29427,-0.588821
7.79767,9.22617,-0.893396
8.00656,10.1474,-1.29271
7.82267,11.0678,-1.00147
7.8697,12.0699,-0.928007
7.93246,13.0552,-1.25762
7.89358,13.6376,-2.05958
8.01407,14.2089,-1.25317
8.00007,14.5085,-2.25344
7.89468,15.3147,-1.6238
7.84791,16.179,-1.11528
7.83147,16.7854,-0.297601
7.88405,17.8532,-0.25277
8.08138,18.8024,-0.0523118
8.16853,19.6586,0.486041
7.90295,20.4966,0.000985748
7.9093,21.4891,0.104538
8.04748,22.4426,0.279827
8.04617,23.4772,0.272958
7.78451,24.4913,-0.0423719
8.00208,25.2948,-0.688974
8.07276,26.2733,-0.53947
7.89495,27.2681,-0.264684
7.82244,28.1671,0.0937559
8.90308,2.68462,-0.476489
8.91752,3.58231,-0.0527146
8.94748,4.62476,0.301526
8.82901,5.59571,0.124574
8.92319,6.46132,-0.371758
8.73224,7.41228,-0.665529
8.81402,8.4365,-0.859294
8.8234,9.49349,-0.865944
8.90101,10.4856,-0.871679
8.72331,11.4032,-1.37857
8.83975,12.4278,-1.17392
8.87759,13.4519,-1.32582
8.9062,13.7577,-2.26623
9.05231,14.3501,-1.43571
9.01987,14.5106,-2.44078
8.94508,15.2474,-1.76819
8.85502,16.0172,-1.10189
8.77676,16.8888,-0.604975
8.91444,17.8293,-0.295038
9.08024,18.8045,0.0670431
9.16532,19.7648,0.388934
8.89349,20.5649,-0.132173
8.87645,21.5807,-0.326539
9.08175,22.3706,0.276711
9.06917,23.4137,0.245674
8.8181,24.4072,0.0770928
8.99798,25.2541,-0.527097
9.0374,26.2508,-0.549425
8.92521,27.1815,-0.120569
8.86636,28.1657,0.0621082
9.98122,2.85977,-0.444456
9.89123,3.67,0.159056
9.97812,4.66023,0.45146
9.83978,5.66934,0.208612
9.91084,6.57604,-0.191348
9.75072,7.48529,-0.5803
9.81289,8.49126,-0.538057
9.85451,9.50564,-0.599582
9.89879,10.5166,-0.853154
9.73269,11.4294,-1.32181
9.86336,12.4053,-1.15892
9.90335,13.4411,-1.30641
9.95455,13.774,-2.25292
10.0686,14.3729,-1.46201
10.0547,14.5317,-2.49973
9.94954,15.3204,-1.78219
9.91839,16.0684,-1.08766
9.79546,16.9882,-0.767837
9.9494,17.8389,-0.323072
10.0878,18.7416,0.0747856
10.1663,19.7266,0.0639393
9.91479,20.6817,-0.0925504
9.73949,21.6623,0.106516
10.1555,22.5595,0.195328
10.0509,23.5327,0.131959
9.86433,24.5456,0.0639485
10.0058,25.3198,-0.643382
10.0128,26.3078,-0.414057
9.92512,27.2501,-0.00268563
9.97731,28.2653,-0.0680593
10.9847,2.81353,-0.136668
10.906,3.80631,0.0344768
10.9848,4.76174,0.301816
10.8347,5.74598,0.194937
10.9429,6.51283,-0.44218
10.7566,7.55441,-0.487115
10.8489,8.58134,-0.72317
10.9381,9.58732,-0.772204
10.9086,10.57,-1.07462
10.7392,11.6087,-1.25788
10.8336,12.6378,-1.18247
10.8687,13.6491,-1.24943
11.03,13.8688,-2.17451
11.136,14.6226,-1.42275
11.0684,14.4789,-2.41751
10.9947,15.1445,-1.66526
10.9143,16.0855,-1.33724
10.8313,16.9794,-0.871773
10.974,17.8246,-0.292291
11.1353,18.8198,-0.115912
11.2264,19.84,-0.0394665
10.8315,20.6695,0.456438
10.7436,21.5646,0.0238014
11.1333,22.4988,-0.0855922
11.0769,23.5437,0.0755028
10.8573,24.5431,0.198361
11.0525,25.2963,-0.494406
11.0352,26.3454,-0.43686
10.9256,27.314,-0.177468
10.9607,28.3546,0.107266
12.0077,2.86931,0.0294473
11.937,3.84443,-0.000997955
11.9393,4.88457,0.0230903
11.8331,5.83536,0.181115
11.978,6.64806,-0.357976
11.8217,7.66363,-0.356099
11.8625,8.69394,-0.555373
11.9544,9.70551,-0.768358
11.998,10.7053,-0.850121
11.7688,11.6085,-1.21513
11.8431,12.6139,-1.15496
11.9064,13.6528,-1.35969
12.0741,13.9278,-2.31793
12.1554,14.3965,-1.41109
12.1026,14.4975,-2.45755
12.0129,15.1461,-1.72071
11.9585,16.0493,-1.27558
11.916,16.9719,-0.838853
11.9624,17.9276,-0.495532
12.1506,18.8345,-0.196503
12.2373,19.8368,0.0406171
11.8766,20.6404,0.388644
11.8174,21.524,-0.0659871
12.1375,22.4729,0.0683706
12.0641,23.4492,0.286718
11.8641,24.4738,0.190756
12.0338,25.4153,-0.0950407
12.1145,26.289,-0.599207
12.0007,27.2519,-0.396823
11.9469,28.1554,-0.0487777
12.92,2.81896,0.514826
12.9435,3.79405,0.126881
12.9688,4.80903,0.101053
12.8814,5.81304,0.00803552
12.9563,6.80829,0.0146092
12.8614,7.81468,-0.181405
12.8713,8.8114,-0.426746
12.9996,9.78956,-0.774914
13.0194,10.833,-0.859883
12.8333,11.7568,-1.21789
12.8668,12.7552,-1.07536
12.8833,13.7239,-1.36248
13.0845,13.6743,-2.36098
13.1795,14.2395,-1.54347
13.1573,14.6649,-2.49942
13.0135,15.0628,-1.5926
12.9911,16.0645,-1.40654
13.0132,16.9793,-0.903726
12.9844,18.0007,-0.75327
13.1776,18.8578,-0.264757
13.2555,19.8496,-0.0130741
12.8939,20.7542,0.316398
12.8392,21.6214,-0.166308
13.0989,22.4006,0.46234
13.0977,23.3804,0.496133
12.85,24.39,0.361888
12.9931,25.4012,0.129997
13.0821,26.3528,-0.323283
13.0237,27.317,-0.552428
12.9957,28.304,-0.115668
13.9801,2.87287,0.330769
13.9532,3.88674,0.247148
14.0072,4.90175,0.145466
13.9778,5.87371,-0.00405286
14.0106,6.91112,-0.0265572
13.9663,7.8784,-0.322633
13.8717,8.85011,-0.283181
14.0094,9.82758,-0.820051
14.077,10.8323,-0.794699
13.8863,11.7802,-1.14277
13.9186,12.7447,-0.942653
13.9116,13.6639,-1.37732
14.0761,14.0479,-2.298
14.209,14.5021,-1.4467
14.2076,14.6335,-2.46433
13.9814,15.2914,-1.6959
13.9498,16.1539,-1.16215
13.9397,17.2041,-1.17715
14.0012,18.0973,-0.676031
14.1374,18.9165,-0.0738243
14.2542,19.9216,-0.0772271
13.8526,20.8419,0.0208136
13.7908,21.817,0.0492599
14.1216,22.4638,0.754527
14.0855,23.4857,0.574368
13.8814,24.4382,0.280548
14.0278,25.4063,0.200192
14.0907,26.3105,-0.163991
14.0473,27.3154,-0.225251
14.0384,28.2955,-0.163332
14.9901,2.87095,0.360399
14.9753,3.85543,0.104654
15.0804,4.86044,0.115629
15.0058,5.85155,0.15244
15.0477,6.88286,0.00533158
14.9693,7.79232,-0.308872
14.9026,8.85723,-0.258415
15.0176,9.72822,-0.76093
15.0385,10.6453,-1.15637
14.9257,11.653,-1.01238
14.966,12.6393,-1.2735
14.9356,13.5971,-1.52775
15.1101,13.9122,-2.50036
15.2178,14.4238,-1.60443
15.2248,14.8757,-2.52709
15.0452,15.3124,-1.67672
15.0244,16.1671,-1.13395
14.9541,17.1475,-0.883422
14.9896,18.082,-0.545039
15.1429,18.8567,0.0921873
15.2784,19.8486,0.0681295
14.8733,20.7403,0.162355
14.7796,21.7622,0.0453993
15.1192,22.4953,0.669692
15.1726,23.5284,0.592138
14.8838,24.5413,0.482946
15.0385,25.5864,0.275588
15.0026,26.5698,0.285388
15.0351,27.2986,-0.473046
15.0687,28.181,0.0392132
15.9687,2.95832,0.735878
16.0036,3.80068,0.104614
16.1038,4.798,0.0231758
16.01,5.81251,0.152873
16.1341,6.75881,-0.0455916
16.0043,7.78472,-0.133168
15.9813,8.79402,-0.294803
15.9842,9.78272,-0.52743
16.0877,10.6977,-1.0266
15.9399,11.6716,-0.930308
15.9943,12.5957,-1.36659
16.0671,13.5861,-1.50847
16.1314,13.7795,-2.48182
16.2053,14.4399,-1.74204
16.2858,15.0123,-2.57654
16.1231,15.2486,-1.65123
16.0135,16.1332,-1.15686
16.0317,17.1083,-1.03117
15.9761,17.9355,-0.4451
16.1845,18.879,-0.166546
16.2157,19.8924,-0.32552
15.9126,20.707,0.187341
15.787,21.7048,0.203925
16.1086,22.5889,0.507376
16.1459,23.5302,0.782327
15.9583,24.5105,0.667873
16.0022,25.5521,0.500369
15.9782,26.5589,0.389932
16.018,27.4377,-0.216303
16.0416,28.4332,0.0460128
16.9321,2.87645,0.586657
17.0657,3.77915,0.234257
17.1244,4.77866,-0.0873592
17.047,5.78661,-0.0295846
17.2197,6.78941,0.0898495
17.0086,7.78029,0.147511
17.0002,8.7056,-0.196588
17.0452,9.70369,-0.461669
17.1576,10.6259,-0.917884
16.9903,11.6375,-0.843825
17.0254,12.5984,-1.26231
17.1141,13.6007,-1.43265
17.1673,13.7456,-2.49367
17.2128,14.4269,-1.753
17.3,14.8845,-2.65112
17.1627,15.1685,-1.6636
17.0172,16.119,-1.33234
17.0561,17.0672,-1.07017
17.0291,17.8727,-0.475457
17.1694,18.9219,-0.450417
17.2415,19.8985,-0.0779656
16.9379,20.789,0.222666
16.7792,21.7462,0.0281014
17.1374,22.6063,0.49002
17.1701,23.6066,0.629545
16.8937,24.4813,0.214652
16.8886,25.5039,-0.00448927
17.0697,26.5225,0.210031
17.0974,27.4679,-0.214396
17.0774,28.4112,0.149831
17.9693,2.89697,0.669848
18.0585,3.82015,0.185162
18.1727,4.82058,-0.198437
18.0861,5.80866,-0.198233
18.2465,6.78204,0.0978454
18.004,7.76229,-0.170833
18.0335,8.72521,-0.352571
18.0932,9.7344,-0.567507
18.1894,10.6621,-0.88728
18.0002,11.6842,-0.960576
18.051,12.7329,-1.24986
18.1318,13.75,-1.49011
18.1747,13.8152,-2.46891
18.2031,14.4978,-1.74669
18.3213,15.0769,-2.60806
18.1606,15.3655,-1.63295
18.0457,16.34,-1.36148
18.0147,17.2082,-0.869637
18.0411,17.9804,-0.245277
18.1368,18.992,-0.350502
18.3328,19.9477,-0.2095
17.9135,20.8345,-0.00965606
17.8042,21.8584,0.00138859
18.1723,22.7193,0.360549
18.1903,23.6405,0.758846
17.9203,24.5704,0.407361
17.9472,25.491,0.0455916
18.0682,26.5031,0.00359508
18.0941,27.4521,-0.370495
18.129,28.3915,0.141316
18.9662,2.9756,0.759209
19.0534,3.93059,0.501459
19.2134,4.70158,-0.1137
19.1569,5.71107,-0.062157
19.2337,6.72658,-0.0216468
18.9799,7.70205,0.0471877
19.0863,8.66304,-0.209537
19.0736,9.56178,-0.623771
19.1595,10.5954,-0.704813
19.119,11.5979,-0.858776
19.0995,12.5638,-1.19099
19.1265,13.57,-1.48448
19.1707,13.7168,-2.49352
19.2597,14.3656,-1.78524
19.369,14.9807,-2.63212
19.217,15.2271,-1.6332
19.0202,16.2241,-1.54022
18.9228,17.2741,-1.39496
18.9728,17.9544,-0.572454
19.123,18.8969,-0.313752
19.3422,19.8375,-0.0573778
18.9467,20.7672,0.0834407
18.8547,21.7569,0.132102
19.1527,22.6246,0.54041
19.1506,23.6636,0.481191
18.9999,24.6535,0.401498
18.9829,25.6136,0.0579028
19.0336,26.6563,0.154363
19.143,27.5664,-0.226502
19.1611,28.4845,0.298679
19.9637,3.02149,0.955147
20.0021,3.76857,0.224891
20.2649,4.70412,-0.0274697
20.1857,5.68634,-0.00600604
20.3205,6.66397,0.119117
20.0307,7.6238,0.0889218
20.1204,8.58343,-0.195569
20.1713,9.472,-0.649727
20.1439,10.4969,-0.698938
20.1492,11.4857,-0.792026
20.1241,12.4934,-0.897201
20.0811,13.1817,-1.64027
20.1899,13.6338,-2.49308
20.2571,14.2052,-1.64384
20.3607,14.8804,-2.38451
20.2202,15.3821,-1.50853
20.0586,16.3569,-1.68692
19.9453,17.3101,-1.32311
19.9727,17.9873,-0.572457
20.1848,18.9821,-0.271825
20.3125,19.9781,-0.18663
19.983,20.8752,0.140031
19.8728,21.8879,0.112253
20.1339,22.8389,0.366329
20.1456,23.7381,0.724195
20.0242,24.6394,0.282635
20.0343,25.6065,0.021189
20.0617,26.6066,0.205133
20.1699,27.4695,-0.203732
20.1533,28.3388,0.286285
21.0028,2.88283,1.01779
20.9467,3.38783,0.147191
21.1845,4.31149,-0.138029
21.1253,5.34979,-0.135691
21.2902,6.32472,0.0114872
21.0307,7.27903,0.0854305
21.1147,8.29395,-0.205747
21.1629,9.27201,-0.455742
21.1704,10.2597,-0.711686
21.1639,11.2452,-0.769677
21.143,12.2055,-1.05592
21.0905,13.1451,-1.35328
21.204,13.5648,-2.28496
21.2608,14.3271,-1.59673
21.3744,14.7641,-2.53877
21.2016,15.3083,-1.70857
20.9995,16.2166,-1.30021
20.935,17.2078,-1.08786
21.0307,18.1714,-0.666308
21.1794,18.9914,-0.0948241
21.3784,20.0098,-0.10661
21.0173,20.9448,0.223392
20.8932,21.99,0.150954
21.1751,22.9359,0.0587878
21.142,23.7662,0.643608
21.0257,24.5511,0.049617
21.0571,25.5534,0.0312296
21.087,26.5694,0.221732
21.1828,27.4823,-0.193011
21.1633,28.4203,0.116938
22.0077,2.55901,1.08668
21.9259,3.33291,0.465697
22.1996,3.99913,-0.256661
22.0972,5.00595,-0.139476
22.2796,6.06721,-0.0943846
22.0906,7.04382,0.0371075
22.0983,8.0405,-0.239024
22.1553,9.00409,-0.467895
22.1929,9.88942,-0.877966
22.189,10.9071,-0.794836
22.1177,11.9041,-1.01636
22.1196,12.8852,-1.28035
22.2815,13.4517,-2.10754
22.2124,14.151,-1.39356
22.3036,14.5414,-2.31322
22.1986,15.189,-1.55738
22.003,16.1565,-1.19857
21.9402,17.1377,-0.96093
22.0628,18.1519,-0.620701
22.1821,18.932,0.0326579
22.3324,19.9254,0.0330088
22.0211,20.8472,0.165581
21.9134,21.8464,0.0260323
22.1788,22.7849,-0.135899
22.1582,23.5674,0.517109
22.0333,24.4937,0.0776147
22.0924,25.4848,0.287335
22.155,26.5092,0.0935698
22.2017,27.4941,0.179192
22.1739,28.5237,0.0975768
22.9937,2.30648,0.963253
22.9366,3.17858,0.476614
23.1859,3.78,-0.293191
23.119,4.76942,-0.195602
23.2802,5.75442,0.0157964
23.1224,6.72415,-0.114313
23.1514,7.7682,-0.0420026
23.1305,8.72116,-0.430372
23.1513,9.52543,-0.985403
23.1953,10.529,-0.806067
23.0709,11.4884,-1.06575
23.0108,12.4304,-1.38256
23.227,13.1911,-2.05523
23.1665,13.8168,-1.31374
23.273,14.5199,-2.10075
23.2388,15.1722,-1.36119
23.0517,16.145,-1.15624
23.0068,17.0977,-0.806555
23.1077,18.1095,-0.868682
23.22,18.9242,-0.262801
23.3279,19.9178,-0.0651448
23.0267,20.811,0.288275
22.8242,21.785,0.404962
23.1567,22.6843,0.252031
23.2014,23.7058,0.464617
23.0369,24.5672,-0.0561449
23.09,25.5372,0.233039
23.1348,26.4944,-0.13997
23.1701,27.3054,0.507688
23.1706,28.1905,0.0482894
24.0067,2.31298,1.28984
23.9055,2.92522,0.450563
24.2236,3.54148,-0.377566
24.1411,4.51138,-0.220725
24.2614,5.47877,-0.101611
24.1213,6.47029,-0.015598
24.1265,7.45125,-0.177685
24.1413,8.44726,-0.367592
24.1486,9.32384,-0.817209
24.1847,10.3044,-1.02301
24.1175,11.2716,-0.965572
24.0069,12.2699,-1.09159
24.1527,12.8332,-1.89587
24.0949,13.5018,-1.08101
24.1816,14.3285,-1.68123
24.2858,15.1672,-1.09593
24.0593,16.1257,-1.02758
24.0143,17.0401,-0.594156
24.099,18.0398,-0.718058
24.1722,19.0289,-0.539103
24.3385,19.9067,-0.114896
24.0527,20.8368,0.113807
23.8859,21.8071,0.339918
24.135,22.7716,0.498157
24.195,23.6876,0.213068
23.994,24.6571,0.213907
24.1057,25.6922,0.257881
24.1444,26.5378,-0.271136
24.157,27.3056,0.375716
24.24,28.2647,0.0943632
25.054,2.3902,1.32411
24.8508,2.61979,0.365893
25.22,3.3878,-0.137089
25.0653,4.38635,0.141411
25.2709,5.34062,-0.194491
25.1734,6.36109,-0.143873
25.1879,7.32719,-0.276012
25.1968,8.2957,-0.578936
25.174,9.0942,-1.12654
25.1932,10.1063,-1.18728
25.1508,11.0491,-0.960579
24.9949,12.0649,-0.941017
25.2127,12.7931,-1.64771
25.1024,13.5077,-0.942683
25.1743,14.3522,-1.45369
25.2517,15.1604,-0.836143
24.9664,16.0759,-0.596826
25.0952,17.0757,-0.585675
25.1424,18.0571,-0.658013
25.1844,19.057,-0.460002
25.3661,19.9924,-0.175643
25.0934,20.9027,0.227293
24.9147,21.9004,0.15309
25.1936,22.8933,0.304337
25.1118,23.7184,-0.205368
25.0076,24.6972,0.0308603
25.1413,25.7169,0.184234
25.18,26.6627,-0.210523
25.1619,27.4907,0.418159
25.221,28.4811,0.450063
26.0726,2.08144,1.2972
25.8712,2.47547,0.383825
26.2407,3.20041,-0.178347
26.0968,4.16945,0.142357
26.192,5.2054,0.275469
26.1736,6.13014,-0.175433
26.18,7.14696,-0.200122
26.1726,8.14903,-0.391076
26.1865,8.97278,-1.0238
26.1772,9.97504,-0.932365
26.1509,10.9744,-0.918812
25.9768,11.9319,-0.740822
26.2639,12.6019,-1.441
26.1141,13.3216,-0.790597
26.1308,14.2818,-1.10577
26.2769,15.2377,-0.946193
25.9562,16.1192,-0.561254
26.1398,17.0997,-0.345253
26.1426,18.0518,-0.67557
26.1871,19.1081,-0.461058
26.3463,19.9428,0.0780511
26.0974,20.9227,0.0284402
25.9229,21.9555,0.112497
26.1696,22.9313,0.195969
26.1164,23.9144,-0.143406
26.0352,24.8811,0.119977
26.0975,25.8409,0.44424
26.2151,26.6618,-0.130399
26.1836,27.542,0.418888
26.2191,28.5385,0.526682
27.0887,2.07331,1.25067
26.8848,2.16457,0.246217
27.2365,2.86931,-0.358751
27.1136,3.88278,-0.0461745
27.1206,4.87609,0.143904
27.1703,5.87936,-0.173592
27.1809,6.87314,-0.234837
27.1294,7.849,-0.561342
27.1515,8.80517,-0.866112
27.19,9.78543,-0.682192
27.0567,10.7487,-0.479962
26.9774,11.7959,-0.503623
27.2717,12.4032,-1.21806
27.1459,13.3166,-0.845018
27.1094,14.2934,-1.25392
27.2764,15.3126,-0.946068
26.9509,16.1221,-0.421958
27.1474,17.0783,-0.579446
27.1466,18.0925,-0.852058
27.1906,19.0045,-0.52956
27.3357,19.9486,-0.0626759
27.0324,20.8973,-0.27029
26.9546,21.8694,0.0263161
27.2323,22.8441,0.299103
27.1301,23.7998,0.126688
27.0436,24.8321,0.130375
27.058,25.8409,0.145875
27.2502,26.7514,-0.328358
27.1826,27.6393,0.0886349
27.2461,28.4692,0.706552
28.0619,1.67415,1.28059
27.9133,1.94326,0.322098
28.2105,2.64915,-0.334852
28.081,3.59068,0.0491531
28.0943,4.58245,0.321827
28.1405,5.55901,0.0899808
28.2356,6.60993,0.0137577
28.1307,7.56581,-0.223615
28.1043,8.47459,-0.662383
28.1468,9.46404,-0.319593
28.1142,10.4617,-0.509116
27.9744,11.4779,-0.313163
28.2085,12.1497,-1.05352
28.1882,13.135,-0.957918
28.0905,14.1396,-0.935591
28.1792,15.1152,-0.567617
27.953,16.0921,-0.515802
28.1308,17.0341,-0.662957
28.1509,18.0091,-0.771526
28.1703,18.9488,-0.439051
28.3392,19.8927,-0.0488113
28.0194,20.8318,0.132707
27.9591,21.7798,-0.19382
28.2079,22.7728,0.068569
28.1745,23.7762,0.103607
28.0065,24.7996,-0.0894162
28.0475,25.8158,-0.21204
28.2808,26.8368,-0.208225
28.1304,27.8667,-0.225486
28.2976,28.4716,0.573763
29.067,1.44542,1.0988
28.9379,1.91275,0.195199
29.1727,2.47025,-0.636128
29.1024,3.32723,-0.157472
29.1538,4.30969,0.258324
29.1659,5.32841,0.112705
29.158,6.34519,0.138078
29.1062,7.30786,0.00124516
29.0652,8.20522,-0.480691
29.198,9.18317,-0.383673
29.1278,10.2076,-0.266219
28.97,11.1954,-0.388992
29.1667,12.1486,-0.686651
29.1716,13.1226,-0.784942
29.0474,14.1419,-0.585327
29.141,15.1486,-0.631288
29.023,16.133,-0.5468
29.0982,17.0768,-0.325196
29.1353,18.0526,-0.612235
29.1747,19.0606,-0.563417
29.3138,20.0031,-0.352437
29.0421,20.7788,0.219984
29.0041,21.7961,0.114643
29.2345,22.7852,0.0131687
29.1528,23.7547,-0.196042
29.0698,24.7506,-0.179876
29.0612,25.7781,-0.157433
29.2573,26.7859,-0.277084
29.1122,27.7821,-0.0442305
29.2975,28.5171,0.580703
