3.74343,5.92016,0.504422
3.37482,5.1796,1.07278
3.00358,4.9687,0.134797
3.22871,5.97588,0.180087
2.49837,6.61403,-0.0730003
2.4141,5.69329,0.28894
2.05539,6.64413,0.0749809
2.75098,6.05453,0.382919
3.00282,5.80028,1.3179
3.46061,5.0885,1.83414
3.14388,5.12875,0.671676
3.86149,4.45613,0.597119
3.28336,4.05887,-0.136879
3.26605,5.00443,0.214145
3.0415,5.92238,0.48786
3.10871,4.91795,0.30397
2.67448,5.82856,0.0908628
2.46389,6.77436,-0.305173
2.51686,6.12251,0.51905
3.09089,5.38858,0.970708
3.76391,4.46915,0.189456
4.32524,3.6203,0.3274
3.55117,3.92851,0.868212
2.66863,4.304,0.633842
2.75761,5.19766,1.13276
3.24834,4.3275,1.10158
3.07461,4.92198,0.270672
2.73606,5.84168,0.00868252
3.40219,5.75654,0.753014
2.47584,6.17364,1.04996
3.82895,4.11082,-0.737577
4.59363,3.48038,-0.621555
3.66072,3.52836,-0.141752
3.56843,3.91885,0.782742
3.02481,4.68181,0.352715
3.86505,5.0533,0.787109
3.95376,4.93956,-0.211499
3.52878,5.47895,0.523246
3.79828,6.44763,0.111069
3.53727,6.09398,1.03905
4.54476,3.42603,-0.538719
3.89711,3.21345,-1.25708
4.58245,3.37761,-0.521003
3.79677,3.85939,-0.195791
3.79047,4.90687,-0.280132
4.68339,4.86423,0.186831
4.65467,5.60327,-0.482263
3.9526,4.92975,-0.192261
4.49931,5.86472,-0.279324
4.21724,6.51551,0.427479
4.38429,2.38213,-0.800943
4.8962,3.15197,-1.21477
5.33017,2.7313,-0.453078
4.72987,3.5383,-0.285659
4.7155,4.53029,-0.232572
5.55209,5.20649,-0.164309
5.48215,5.76428,-1.00515
4.58186,5.72153,-0.495135
5.40211,6.32169,-0.473486
4.87815,7.06889,-0.0952879
4.75568,3.29116,-1.09219
5.30341,2.9782,-0.30427
6.24408,2.77871,0.0649556
5.75493,3.6257,-0.318458
5.59115,4.55015,-0.740675
5.68233,5.46636,-1.12472
6.40988,5.84117,-0.480798
5.48302,6.212,-0.43806
5.0949,6.28337,0.481933
5.69568,6.63444,-0.344243
5.00849,3.01157,-0.185183
5.59164,3.31385,0.626106
5.81953,3.6667,-0.317475
6.09087,4.54783,-0.613962
5.8844,5.50398,-0.784423
4.93811,5.85705,-0.494269
5.68209,6.49343,-0.310251
5.50847,6.09469,0.570244
5.64803,7.02415,0.167357
6.33374,6.31053,0.348738
5.80081,2.75191,0.339796
6.15481,3.5414,-0.150609
6.34359,4.51572,-0.487603
5.99848,5.40034,-0.0887326
6.47983,6.20935,-0.438432
5.58341,6.57563,-0.742903
6.39912,7.15733,-0.655388
5.87089,6.95002,0.189846
6.02868,7.39276,-0.695141
6.58636,7.2864,0.15508
6.36477,3.49698,0.0326579
6.92711,3.89483,-0.72385
6.69254,3.93679,0.247258
6.91716,4.92937,0.117591
6.6932,5.30549,-0.777398
6.09488,5.95899,-1.31863
5.58113,6.54298,-0.678869
5.92828,7.52073,-0.659621
5.96993,7.84218,-1.59916
6.51966,7.71418,-0.79949
