2.91802,2.86641,-0.946629
2.37749,3.32426,-0.162709
1.78013,3.93204,-0.709876
1.45741,4.36316,0.136451
1.19658,5.28114,-0.208277
1.79977,6.03623,0.0110263
1.69408,6.82333,0.69198
1.95153,7.80031,0.595755
1.86012,6.81084,0.660717
2.82156,6.67699,0.450533
2.40932,2.85829,-0.0528367
2.03003,2.88061,-1.00009
2.68705,3.61883,-1.02588
1.78141,3.63977,-0.549355
1.64586,4.60941,-0.851851
1.13613,5.34207,-0.335963
1.50898,5.83603,0.478921
1.87916,6.82208,0.30199
2.6185,6.09678,0.410001
1.81888,6.64093,0.576022
3.34352,2.49706,-0.0575671
2.4286,2.9294,-0.0253365
2.9852,2.64216,-0.856438
2.70822,3.42846,-0.300058
2.24143,4.29283,-0.0784265
1.9753,4.98515,-0.735896
2.20029,5.84082,-0.236415
2.73607,6.31314,0.456713
1.78002,6.63441,0.436763
2.73923,6.91276,0.651982
3.95513,2.07937,0.632881
3.23206,2.26802,-0.09223
3.91463,2.93648,-0.47785
3.0134,2.69184,-0.921287
2.83494,3.68798,-0.701688
2.93306,4.70569,-0.555678
3.11973,5.52493,0.0486648
3.707,6.30907,0.267125
2.76496,6.57281,0.377416
3.5676,7.12166,0.120106
4.27607,1.25488,1.11953
3.98983,1.74649,0.328608
4.43632,2.6594,0.323609
3.84955,2.96319,-0.404801
3.80198,3.91197,-0.640669
3.87982,4.79996,-0.0919675
4.13272,5.75718,0.0800409
4.60153,6.53597,0.526609
3.72317,6.8614,0.286984
4.43104,7.6487,0.192117
5.25805,1.07529,0.912317
4.88265,1.36739,0.000912503
4.67269,2.22872,-0.537001
4.77956,3.28669,-0.628153
4.68035,4.22239,-0.300333
4.71405,4.90698,0.442842
5.16004,5.70677,0.0436262
4.80099,6.453,-0.483554
4.37885,7.36872,-0.281198
5.31679,7.13833,-0.106793
5.77683,1.2706,0.0332804
5.34334,2.07152,0.525663
5.66346,2.21902,-0.416889
5.70211,3.20057,-0.284591
5.68064,4.20787,-0.467586
5.49378,5.15038,-0.139857
5.72318,5.98381,-0.748988
5.56135,6.95382,-1.07497
5.38191,7.09847,-0.0702597
5.08897,6.4294,-0.745808
6.63595,0.736433,0.253813
6.26011,1.68593,0.226066
6.69121,2.25846,-0.550182
6.53674,3.17816,-0.79892
6.68022,4.10466,-0.424015
6.43115,5.06801,-0.554033
6.68393,5.88663,-1.08339
6.31256,6.69465,-1.6783
6.13994,6.68863,-0.653374
5.41748,7.34189,-0.60379
6.36257,1.6785,0.45175
7.30374,1.60896,0.115918
7.46988,2.55555,0.0421735
7.22622,3.53626,-0.0355998
6.94986,4.32354,0.553859
7.27575,5.07178,-0.0691458
6.49724,5.70495,-0.129371
6.83055,6.44099,-0.819056
6.68801,7.36477,-1.14231
6.32193,7.23102,-0.234416
6.84375,1.89396,-0.425132
7.7564,2.37851,-0.404126
7.94637,3.40759,-0.404175
7.84518,4.30472,0.0789392
7.52953,5.12995,0.604486
8.03485,5.73768,-0.0269753
7.21845,5.72051,0.573629
7.57232,5.90866,-0.35237
7.34892,6.87488,-0.553475
7.15852,7.49718,0.206763
