0.105252,0.118668,-0.842781
0.0795587,1.38484,-0.97972
0.0405103,2.64927,-1.05369
0.0543382,3.91241,-1.18573
0.0436476,5.16493,-1.12572
0.0592242,6.38552,-1.22383
0.169863,7.57541,-1.40165
0.179479,8.78705,-1.45636
0.130088,10.0065,-1.54319
0.318198,11.2398,-1.69127
0.683917,12.3556,-1.68002
0.535942,13.4066,-1.66516
0.357121,14.4401,-1.49535
0.24727,15.5122,-1.47577
0.149461,16.3864,-0.98576
0.247041,17.3402,-0.812854
-0.118799,18.2049,-0.405716
-0.012656,17.3251,-0.88081
0.163482,18.034,-0.193475
-0.00396741,18.9844,0.26036
0.856581,0.904569,-1.00363
0.890793,2.07747,-1.07649
0.876687,3.26305,-1.11147
0.979211,4.40751,-1.33009
0.993411,5.63548,-1.37187
0.984936,6.82319,-1.44473
1.06305,8.0436,-1.55032
1.10258,9.27625,-1.5746
1.03485,10.4742,-1.81874
1.27578,11.6531,-2.03014
1.58774,12.7825,-2.25821
1.59698,13.9047,-1.90715
1.2681,14.8232,-1.57747
1.25279,15.867,-1.5295
1.15391,16.5031,-0.757366
1.25274,17.4881,-1.09937
0.899399,18.202,-0.464016
1.02502,17.4417,-1.07844
1.19293,18.0645,-0.316062
0.955409,19.0413,0.0257668
1.8683,1.21993,-1.06006
1.85729,2.402,-1.04099
1.87864,3.59733,-1.12885
1.94198,4.74832,-1.3333
1.96393,5.96914,-1.31733
1.95511,7.13385,-1.49201
2.03573,8.38363,-1.57083
2.02465,9.63893,-1.77005
2.00161,10.92,-2.02744
2.08659,12.2052,-2.50272
2.29071,13.5088,-3.04
2.23945,14.7951,-2.3949
2.05665,15.4263,-1.15098
2.11076,16.506,-1.67867
1.85021,17.2359,-0.675121
2.22106,17.4425,-1.54136
1.94413,18.0089,-0.711328
2.06777,17.4411,-1.52006
2.03716,18.2134,-0.837053
1.93809,18.9244,-0.159825
2.8328,0.857485,-1.14822
2.87137,2.02347,-1.05647
2.79486,3.18036,-1.20945
2.92924,4.37728,-1.27757
2.91613,5.56118,-1.17501
2.89389,6.69367,-1.33123
2.95018,7.85606,-1.54131
2.89114,9.07436,-1.64508
2.8308,10.257,-1.90442
2.83555,11.4613,-2.12638
2.78264,12.6109,-2.35376
2.62682,13.7349,-2.0559
2.63541,14.5686,-1.38199
2.76271,15.6589,-1.36806
2.49964,16.3719,-0.642412
3.09857,16.9829,-1.30295
2.74462,17.3102,-0.357784
3.02871,17.3888,-1.33846
3.04629,18.214,-0.764211
2.99245,18.9995,-0.116428
3.83307,0.515387,-1.0308
3.82511,1.65936,-1.16206
3.78126,2.8208,-1.18045
3.86708,3.95299,-1.13762
3.82652,5.04263,-1.33363
3.83904,6.1502,-1.26673
3.79422,7.28835,-1.38568
3.75239,8.44038,-1.56261
3.70737,9.57263,-1.70273
3.71471,10.7352,-1.86088
3.49445,11.8733,-1.87113
3.44531,12.8967,-1.85895
3.4785,13.8352,-1.3946
3.51488,14.8535,-1.32881
3.35683,15.7365,-0.896152
4.00721,16.5355,-0.823618
3.6968,17.0413,-0.0292611
3.96324,17.4831,-0.894055
3.85914,18.1734,-0.135325
3.9872,19.1655,-0.086166
4.86491,0.400305,-1.07605
4.82755,1.49855,-1.05295
4.79261,2.59289,-1.07918
4.81961,3.69343,-1.18388
4.74738,4.79945,-1.10022
4.80254,5.86952,-1.18354
4.73496,6.92824,-1.11983
4.65441,8.00989,-1.24719
4.68621,9.13572,-1.48969
4.5311,10.1592,-1.54027
4.41471,11.2833,-1.51291
4.29106,12.2656,-1.5442
4.33199,13.2216,-1.21161
4.37652,14.201,-1.06196
4.32186,15.2152,-0.949586
4.87941,15.9801,-0.69581
4.65017,16.6979,0.0336436
4.95199,17.3216,-0.658831
4.86967,18.2237,-0.249083
4.95375,19.0943,0.227247
5.78622,0.146925,-0.824485
5.83722,1.24002,-0.977898
5.77802,2.34784,-0.96035
5.8384,3.44119,-1.02192
5.74216,4.45732,-1.20471
5.75925,5.53595,-1.26091
5.73901,6.62055,-1.27622
5.66769,7.66846,-1.37645
5.62467,8.74506,-1.37781
5.52548,9.74213,-1.48036
5.38014,10.8154,-1.52805
5.35375,11.8484,-1.46453
5.34662,12.8401,-1.10418
5.42617,13.8545,-1.11536
5.32214,14.8332,-0.973556
5.84879,15.6763,-0.656035
5.70107,16.4144,-0.015656
5.95269,17.1092,-0.743245
5.84668,17.9883,-0.267107
5.90848,19.0117,-0.139467
6.80742,0.0969085,-0.633168
6.82196,1.12367,-0.795788
6.78765,2.16236,-0.929518
6.81846,3.21241,-0.955986
6.70466,4.20103,-1.08594
6.72654,5.30428,-0.965654
6.67029,6.37854,-1.0146
6.66202,7.39492,-1.23166
6.56871,8.39498,-1.21302
6.52423,9.47805,-1.3258
6.40871,10.4843,-1.34413
6.25184,11.5097,-1.19654
6.32981,12.5093,-0.996283
6.33758,13.4769,-0.807721
6.31458,14.4834,-0.92552
6.78961,15.2707,-0.564727
6.71737,16.1234,-0.0481674
6.94662,16.9726,-0.478146
6.92056,17.9658,-0.377343
6.91544,18.8797,0.0346721
7.83136,0.0478957,-0.497458
7.80253,1.11695,-0.510639
7.755,2.12553,-0.740938
7.77483,3.03094,-1.18506
7.73152,4.05048,-1.01544
7.73896,5.06709,-0.966704
7.74823,6.11973,-1.02962
7.67172,7.15442,-0.977673
7.58881,8.20705,-1.13974
7.49337,9.21642,-1.21589
7.45736,10.2657,-1.27797
7.28603,11.2917,-1.16631
7.36239,12.245,-0.942058
7.33593,13.2684,-0.729008
7.3804,14.3222,-0.793204
7.76874,15.2924,-0.779125
7.74359,16.0467,-0.105335
7.93733,17.043,-0.242055
7.91781,18.066,-0.148814
7.91236,19.0161,0.0785516
8.82255,-0.100592,-0.414902
8.80633,0.923212,-0.592691
8.77245,1.97732,-0.73123
8.76987,2.99026,-0.966417
8.74002,3.99265,-0.923273
8.74303,5.00026,-1.01153
8.79935,6.04374,-1.08427
8.69964,7.09946,-1.13923
8.64468,8.166,-1.16632
8.5183,9.15554,-1.0707
8.45311,10.194,-1.07457
8.28455,11.1624,-1.02506
8.42649,12.1461,-0.793826
8.39014,13.1619,-0.793258
8.45123,14.2144,-0.843037
8.77195,15.0982,-0.570565
8.76901,16.0559,-0.220722
8.93076,17.0789,-0.272967
8.92283,18.1034,-0.0571581
8.90291,19.1146,0.027662
9.84093,-0.194623,-0.511234
9.85512,0.872771,-0.602103
9.79544,1.86865,-0.795614
9.80099,2.90526,-0.799005
9.81862,3.93085,-0.88938
9.77576,4.95523,-0.960598
9.81809,5.99885,-0.98822
9.67474,7.02167,-0.95132
9.6862,8.02035,-1.06528
9.55707,9.00825,-0.78598
9.51037,10.0396,-0.905045
9.30435,11.0023,-0.815528
9.45007,12.0372,-0.819388
9.44799,13.011,-0.59349
9.43858,14.0854,-0.549205
9.74316,15.0465,-0.377044
9.79186,16.0207,-0.135319
9.92817,17.0169,-0.362459
9.90562,18.0568,-0.279943
9.92969,19.0551,-0.197766
10.8708,-0.0741081,-0.341346
10.8522,0.922745,-0.374487
10.8347,1.93802,-0.678796
10.852,2.9662,-0.757707
10.8312,4.00011,-0.746907
10.8273,5.00807,-0.908881
10.8412,6.02227,-1.03542
10.6833,7.04201,-0.890368
10.7198,8.07594,-0.874264
10.5912,9.12538,-0.76036
10.5701,10.1794,-0.865123
10.4169,11.1314,-0.864428
10.5002,12.0998,-0.83538
10.4699,13.0587,-0.595102
10.4822,14.0636,-0.488537
10.7846,15.0109,-0.430097
10.8635,16.0087,-0.271664
10.8858,16.9697,-0.0134281
10.9311,18.0057,-0.17503
10.915,19.0278,-0.0743736
11.9511,-0.0180364,-0.50795
11.8587,1.05817,-0.45591
11.8361,2.09344,-0.490719
11.911,3.06889,-0.755721
11.8151,4.00325,-1.0871
11.8607,4.9882,-0.666738
11.8387,6.0166,-0.760417
11.7035,7.08318,-0.877438
11.7062,8.06715,-0.642802
11.6447,9.0706,-0.790057
11.6145,10.0803,-0.716089
11.5442,11.0572,-0.822919
11.5517,12.0874,-0.734208
11.5287,13.0843,-0.710724
11.4883,14.0247,-0.333055
11.7809,15.0021,-0.262157
11.8794,16.0154,-0.257179
11.9402,17.0505,-0.118403
11.9747,18.0491,-0.0704276
11.893,19.102,0.0543748
12.9626,0.0121372,-0.335292
12.9581,1.03018,-0.339341
12.8817,2.04756,-0.391217
12.8723,2.9955,-0.623685
12.8182,4.01755,-0.741337
12.8891,4.97904,-0.781118
12.9055,6.00819,-0.77524
12.7196,7.01364,-0.741392
12.7487,8.02313,-0.686883
12.7103,9.05257,-0.710443
12.6709,10.0679,-0.768633
12.5931,11.0864,-0.67073
12.5766,12.0934,-0.731568
12.5767,13.1037,-0.488601
12.5663,14.136,-0.327842
12.8158,15.1646,-0.276821
12.9213,16.1413,-0.294067
12.9603,17.1876,-0.107147
13.0156,18.176,-0.13281
12.8964,19.132,0.165529
13.9905,-0.119935,-0.480834
13.9614,0.88424,-0.686541
13.8689,1.95528,-0.463399
13.8414,2.97528,-0.406851
13.7597,4.01778,-0.373745
13.87,5.00464,-0.622745
13.9067,6.08292,-0.744124
13.7418,7.10163,-0.590057
13.7981,8.12756,-0.711063
13.7143,9.0971,-0.549455
13.6914,10.1333,-0.703977
13.6338,11.166,-0.662697
13.6009,12.1756,-0.64796
13.5623,13.1552,-0.291287
13.5748,14.1845,-0.483206
13.8668,15.1344,-0.263356
13.8976,16.1205,0.00231635
13.9735,17.129,-0.337211
14.0109,18.1306,-0.131968
13.9349,19.095,0.0729423
14.9913,-0.0628346,-0.357784
15.0108,0.939329,-0.516623
14.8866,1.90011,-0.335185
14.874,2.95349,-0.264934
14.8043,3.97985,-0.434513
14.8478,5.0054,-0.282812
14.8926,5.98865,-0.381268
14.8047,6.99744,-0.53939
14.8035,8.01431,-0.703665
14.7371,9.05511,-0.690661
14.7315,10.1137,-0.781381
14.6973,11.1396,-0.645735
14.6429,12.076,-0.356728
14.6373,13.0886,-0.478213
14.6499,14.0787,-0.385913
14.8699,15.0541,-0.268914
14.9477,16.0943,-0.132069
14.9168,17.12,0.0214911
15.0262,18.1344,-0.00273751
14.9613,19.174,0.148701
16.0203,-0.173556,-0.417026
16.0432,0.883734,-0.412876
15.959,1.90122,-0.334849
15.8818,2.94672,-0.371633
15.8071,3.96731,-0.465294
15.8976,4.98365,-0.349846
15.8923,5.96578,-0.513913
15.8235,6.99909,-0.602249
15.8587,8.04016,-0.564422
15.7688,9.03315,-0.580438
15.8138,10.0175,-0.764644
15.734,11.0128,-0.571145
15.7324,11.9581,-0.237919
15.7173,13.0093,-0.319526
15.7195,14.071,-0.247954
15.9144,15.0936,-0.0789148
16.0176,16.1034,0.150893
15.9705,17.1098,0.11395
16.0223,18.1007,0.143126
15.9759,19.1429,0.133973
17.085,-0.157476,-0.395056
17.0344,0.875381,-0.465078
16.9727,1.87132,-0.657268
16.9011,2.9208,-0.67889
16.8538,3.94198,-0.584924
16.9243,4.96185,-0.278497
16.9303,5.97022,-0.421638
16.8598,6.95154,-0.584021
16.8966,7.98156,-0.542192
16.8132,8.96288,-0.464302
16.8359,10.0312,-0.390603
16.7686,11.0331,-0.693567
16.8459,11.9314,-0.21597
16.749,12.9898,-0.210355
16.7572,13.9627,-0.162474
16.9585,15.0027,-0.0594317
17.0486,16.009,0.0909146
16.9539,17.0445,0.0342082
17.0329,18.0759,-0.0198218
16.971,18.9728,0.413761
18.1106,-0.15276,-0.314124
18.0806,0.845613,-0.385052
18.0278,1.88243,-0.589267
17.9616,2.90934,-0.486157
17.8859,3.95029,-0.32711
17.8905,4.96688,-0.502973
17.9517,5.96106,-0.33188
17.8975,6.97078,-0.296075
17.9352,7.98426,-0.531623
17.8581,9.01616,-0.666976
17.9273,10.0073,-0.557106
17.8045,11.0219,-0.680972
17.874,11.8665,-0.174993
17.8156,12.9027,-0.11995
17.8546,13.9357,-0.1035
17.9448,14.9211,0.049443
18.0788,15.8957,0.181625
17.9961,16.9067,0.202655
18.0421,17.9906,0.0506882
17.9992,18.8869,0.534816
19.1359,0.0308786,-0.286923
19.058,1.02059,-0.333274
19.0395,2.02307,-0.408167
18.9632,3.01034,-0.360921
18.9259,3.99658,-0.241462
18.9459,5.00766,-0.397644
19.0096,6.00398,-0.475552
18.8985,7.02,-0.433345
19.0022,8.01147,-0.686493
18.9372,9.06696,-0.580029
18.9155,10.152,-0.584695
18.8441,11.1722,-0.610028
18.9314,12.0149,-0.0510758
18.8739,13.0173,0.036729
18.9352,14.0033,-0.0896329
18.9223,15.0057,-0.166387
19.0667,15.9853,0.167263
18.9779,17.0014,0.0574236
19.0787,17.9916,0.000253304
18.9737,18.9889,0.304636
