0.145848,0.386743,-1.89441
0.124796,1.69427,-1.9191
0.0571886,2.97799,-1.89935
0.143403,4.26126,-1.9109
0.11543,5.52335,-1.99592
0.119617,6.76718,-1.95707
0.0999298,7.99315,-2.08606
0.265844,9.22871,-2.19876
0.400583,10.4089,-2.40294
0.663759,11.577,-2.55338
1.05755,12.6215,-2.76473
0.920188,13.7218,-2.58892
0.506177,14.6337,-2.1556
0.411896,15.5462,-1.57685
0.0757378,16.3318,-1.05268
0.353734,17.349,-1.03289
-0.102579,18.1823,-0.591845
0.0720206,17.3004,-1.02008
0.039729,18.0639,-0.380016
-0.0259011,19.0025,-0.0413373
0.823405,1.19439,-1.88904
0.912882,2.37866,-1.85838
0.918702,3.62622,-1.91189
1.01006,4.84332,-2.02552
1.05643,6.01937,-2.15495
1.0517,7.23195,-2.231
1.0372,8.4387,-2.4334
1.19282,9.64147,-2.63757
1.3287,10.8684,-2.82055
1.60103,12.0673,-3.03486
2.02977,13.2098,-3.21351
1.87584,14.2794,-2.91026
1.40026,14.9832,-2.3621
1.52159,15.9086,-1.70672
1.03077,16.478,-1.0006
1.47804,17.3499,-1.22601
0.863237,17.9767,-0.758058
1.087,17.0109,-0.939836
0.982076,18.0044,-0.781057
0.824644,19.0192,-0.634996
1.81292,1.58837,-1.92221
1.86119,2.75608,-1.99354
1.90435,3.91487,-2.03292
1.97961,5.1376,-2.0967
2.00581,6.35868,-2.27414
2.02371,7.59273,-2.41317
2.05136,8.84086,-2.59359
2.12679,10.1461,-2.76048
2.24442,11.4236,-3.11079
2.51859,12.7422,-3.28333
2.96628,14.1391,-3.6753
2.64618,15.222,-2.95301
1.76199,15.7947,-1.96202
2.41612,16.6155,-1.31157
1.63079,17.2672,-1.3464
2.37902,16.9974,-0.824888
1.87633,17.8794,-0.949239
2.13902,16.9034,-0.886615
1.97636,17.946,-0.81532
1.8394,19.0404,-0.814795
2.79902,1.23803,-1.84381
2.83387,2.39856,-1.84283
2.87885,3.59265,-2.05242
2.91747,4.71288,-2.19071
2.93361,5.92369,-2.22865
2.93002,7.10763,-2.34552
2.96605,8.29832,-2.53293
3.01645,9.54085,-2.65751
3.02253,10.7262,-2.87967
2.99407,11.878,-3.04444
3.03362,13.0769,-3.09226
2.88441,14.1292,-2.73543
2.61411,14.975,-2.00776
3.08416,15.9511,-1.74378
2.47662,16.5161,-1.15586
3.08133,17.1515,-1.63178
2.81187,17.6752,-0.803455
2.86815,17.0887,-1.59886
2.87143,18.064,-1.26388
2.87575,18.996,-0.924094
3.78631,0.974331,-1.74842
3.81421,2.06442,-1.62047
3.81745,3.20888,-1.83524
3.82185,4.30262,-2.03372
3.84935,5.444,-2.09886
3.73805,6.58035,-2.10481
3.76778,7.70215,-2.27566
3.76947,8.87844,-2.36407
3.75885,10.037,-2.45513
3.66451,11.1213,-2.67422
3.47447,12.2032,-2.73017
3.51025,13.2587,-2.62989
3.49737,14.2402,-2.17112
3.64002,15.0817,-1.63064
3.44355,16.0418,-1.35977
3.988,16.8006,-1.79214
3.76475,17.1853,-0.879675
3.78591,17.4532,-1.80595
3.87146,18.15,-1.07957
3.85496,19.2012,-1.01323
4.76803,0.693722,-1.65679
4.86823,1.80666,-1.76008
4.82287,2.92929,-1.77337
4.80835,4.00228,-1.88971
4.77685,5.07509,-2.0038
4.69144,6.13704,-1.99622
4.70766,7.2261,-2.13032
4.67626,8.35029,-2.15535
4.64603,9.46808,-2.18161
4.5478,10.5006,-2.39484
4.30114,11.5336,-2.52134
4.42724,12.63,-2.49412
4.48035,13.6121,-2.08143
4.55783,14.5602,-1.83301
4.38375,15.4478,-1.33538
4.90162,16.2961,-1.49998
4.77971,17.0075,-0.847249
4.78161,17.3752,-1.76793
4.84999,17.9722,-0.916568
4.83121,18.9891,-0.794382
5.72304,0.31254,-1.60378
5.82622,1.40175,-1.73041
5.8496,2.50072,-1.74278
5.76583,3.61176,-1.80492
5.7115,4.72196,-1.80073
5.6117,5.77613,-1.74572
5.66514,6.85517,-1.85009
5.65023,7.88815,-2.01208
5.57297,8.97919,-1.95211
5.53526,10.0336,-2.19944
5.27761,11.0933,-2.24623
5.27314,12.1122,-2.18938
5.44293,13.1334,-2.05062
5.45297,14.0241,-1.63726
5.39726,14.987,-1.29684
5.80357,15.9149,-1.20321
5.79857,16.8262,-0.796988
5.80804,17.3305,-1.67751
5.83815,18.0041,-0.916742
5.81433,18.9986,-0.590466
6.78384,0.161943,-1.51466
6.79136,1.30665,-1.5402
6.87451,2.38154,-1.51252
6.75016,3.42707,-1.65593
6.71426,4.47405,-1.62942
6.61978,5.53336,-1.68539
6.63865,6.59831,-1.75131
6.5698,7.61162,-1.75928
6.61641,8.64711,-1.77814
6.54017,9.67344,-2.04192
6.28274,10.679,-2.04545
6.2498,11.6782,-2.09449
6.44749,12.7082,-1.91619
6.44535,13.6669,-1.5717
6.38137,14.6324,-1.40082
6.79103,15.5346,-1.12311
6.77,16.5234,-0.978915
6.7834,17.258,-1.67
6.84469,18.0801,-1.04931
6.83075,18.8876,-0.376345
7.74545,-0.0426466,-1.41392
7.76006,1.06862,-1.43714
7.82432,2.12956,-1.41327
7.71103,3.18238,-1.38458
7.70535,4.2624,-1.52633
7.65606,5.3518,-1.52336
7.6245,6.36242,-1.67808
7.55698,7.34007,-1.79774
7.62466,8.31296,-1.82202
7.51988,9.37884,-1.84053
7.34005,10.3982,-1.91893
7.27507,11.4498,-1.8445
7.46882,12.4097,-1.69969
7.48503,13.3707,-1.40135
7.38315,14.3775,-1.35418
7.73227,15.2037,-0.887362
7.73426,16.2291,-0.982623
7.75516,17.1662,-1.38848
7.8291,18.1271,-1.17565
7.85695,18.873,-0.470251
8.7947,-0.0536637,-1.41459
8.7715,0.952666,-1.29538
8.82232,2.01881,-1.36957
8.73347,3.02705,-1.53915
8.6565,4.05373,-1.42819
8.6781,5.123,-1.3654
8.67743,6.13636,-1.63549
8.58131,7.12174,-1.62084
8.6059,8.15175,-1.53352
8.58703,9.21566,-1.6284
8.32508,10.2033,-1.64473
8.28811,11.2045,-1.66927
8.45554,12.18,-1.49278
8.48796,13.1896,-1.31986
8.43244,14.2289,-1.31855
8.75124,15.0912,-0.873934
8.75754,16.0876,-1.03449
8.77835,17.0665,-1.22956
8.82348,18.057,-1.1574
8.85829,19.0168,-0.748256
9.79153,-0.253502,-1.29048
9.76553,0.844981,-1.17786
9.80995,1.85665,-1.21651
9.7062,2.87996,-1.24382
9.72925,3.95868,-1.48542
9.6986,5.00013,-1.4743
9.6985,6.01198,-1.445
9.62354,7.0778,-1.55053
9.69252,8.07168,-1.37031
9.61555,9.08486,-1.50389
9.35669,10.0798,-1.36304
9.31183,11.1697,-1.37655
9.45962,12.2071,-1.16494
9.4951,13.1981,-1.04741
9.52663,14.1969,-1.13815
9.78564,15.137,-1.08059
9.73756,16.1368,-0.805435
9.80675,17.0761,-1.15763
9.87532,18.1208,-1.10104
9.90639,19.0754,-0.809555
10.8572,-0.157091,-1.10673
10.7714,0.866677,-1.15273
10.781,1.84496,-0.937989
10.7451,2.84816,-1.03043
10.7567,3.85963,-1.30632
10.6793,4.93268,-1.3769
10.7192,5.9272,-1.40877
10.6952,7.00564,-1.41543
10.6723,8.0869,-1.26004
10.6402,9.0832,-1.46917
10.3925,10.1049,-1.37729
10.38,11.1503,-1.32596
10.5382,12.1646,-1.12049
10.5369,13.1478,-1.01843
10.5807,14.1649,-1.05012
10.7697,15.143,-1.10077
10.7782,16.1656,-0.938362
10.8437,17.1464,-1.26177
10.9859,18.1349,-1.20028
10.9251,19.1467,-0.79017
11.8629,0.0311197,-1.25059
11.7817,1.04022,-1.24138
11.7745,2.00375,-1.17026
11.7506,3.00313,-0.996716
11.689,3.99252,-1.05612
11.7212,5.04122,-1.15219
11.7161,6.059,-1.14013
11.7653,7.09777,-1.24593
11.7194,8.14854,-1.26091
11.6859,9.14415,-1.24615
11.4426,10.1371,-1.23257
11.4741,11.148,-1.20903
11.5671,12.1247,-1.13657
11.5638,13.1043,-0.964254
11.6167,14.109,-1.16807
11.7985,15.0548,-1.06077
11.799,16.0449,-0.915036
11.8229,17.0748,-1.09261
12.0285,18.114,-1.1718
11.9106,19.0428,-0.837922
12.9067,-0.049617,-1.21893
12.8397,0.95865,-1.1479
12.8446,1.94602,-1.10536
12.7972,2.9685,-0.88565
12.7638,3.96829,-1.03337
12.7815,4.98872,-1.03664
12.7744,5.99087,-1.07893
12.8275,7.0667,-1.21962
12.7244,8.06743,-1.34676
12.7026,9.06625,-1.27868
12.5505,10.1039,-1.12628
12.5446,11.1103,-1.22539
12.6869,12.1109,-1.07345
12.6053,13.103,-0.818558
12.6457,14.1058,-0.73983
12.7999,15.1168,-0.799561
12.8478,16.1222,-1.02808
12.8285,17.1556,-0.987606
13.0158,18.1418,-1.16792
12.9719,19.1401,-0.807764
13.9616,-0.211121,-1.09638
13.9234,0.80867,-1.08079
13.8988,1.80459,-0.896631
13.8406,2.79824,-0.908274
13.7777,3.78816,-0.996786
13.8334,4.85833,-0.949904
13.8077,5.8618,-1.03072
13.8436,6.91869,-1.02313
13.7582,7.92196,-1.22127
13.7907,9.00264,-1.19305
13.6366,10.0384,-1.12912
13.628,11.0863,-1.0427
13.6938,12.1072,-1.13735
13.5857,13.0599,-0.965447
13.6915,14.1171,-0.894479
13.8413,15.1513,-0.825889
13.8532,16.1608,-0.979421
13.9246,17.1734,-1.04268
14.0532,18.2301,-1.10739
13.9883,19.2123,-0.760546
14.9803,-0.317429,-0.948497
14.9421,0.742854,-0.833366
14.916,1.7438,-0.945164
14.8858,2.7831,-0.951531
14.8144,3.77149,-0.8832
14.8192,4.78135,-0.977074
14.8392,5.86422,-0.887753
14.8851,6.8762,-0.980648
14.7768,7.89591,-1.15896
14.8352,8.9785,-1.05383
14.6006,10.0079,-0.929701
14.6712,11.0478,-0.988397
14.7188,12.091,-0.91699
14.6507,13.1337,-1.05244
14.7236,14.144,-1.12822
14.9122,15.1959,-1.09067
14.897,16.1762,-0.824311
14.939,17.265,-0.890432
15.1057,18.2744,-0.949077
15.0368,19.2047,-0.485116
16.02,-0.180471,-0.955708
15.9613,0.833137,-1.10399
15.9706,1.83526,-1.01095
15.8998,2.82729,-0.945399
15.8073,3.88429,-0.929618
15.809,4.91264,-0.941276
15.9092,5.91125,-0.958428
15.9095,6.90596,-1.04165
15.8293,7.91561,-0.93376
15.8693,8.98592,-1.02023
15.7373,10.0023,-1.05862
15.749,11.0208,-0.87861
15.7606,12.0353,-0.944581
15.7767,13.0826,-1.07836
15.7798,14.136,-1.00646
15.9688,15.1627,-1.14052
15.9227,16.1227,-0.912268
15.9853,17.1167,-0.729652
16.0813,18.1697,-0.841755
16.0887,19.1885,-0.621116
17.1105,-0.177261,-0.854515
16.9971,0.81677,-0.954524
16.9674,1.8543,-1.02828
16.9519,2.84253,-0.840562
16.8256,3.86265,-0.928538
16.819,4.85711,-0.899557
16.9305,5.86327,-1.11959
16.8975,6.9471,-1.06412
16.8581,7.99845,-0.980676
16.9289,8.97175,-0.985601
16.7963,9.98692,-1.08043
16.7731,10.9779,-0.840123
16.8154,11.9676,-0.998965
16.7978,12.9751,-1.09817
16.8772,13.9893,-0.970373
16.9727,15.0483,-0.915366
17.002,16.0977,-0.742225
16.9784,17.1177,-0.763463
17.1085,18.1173,-0.688632
17.1649,19.1452,-0.569723
18.1422,-0.257045,-0.942772
18.041,0.782528,-0.945192
17.9892,1.82688,-0.891144
17.9622,2.8508,-0.872634
17.8455,3.85087,-0.791849
17.8836,4.82703,-0.788366
17.9777,5.86209,-0.981314
17.9712,6.92134,-1.01819
17.8767,7.90983,-1.11186
18.0002,8.94061,-1.03111
17.8238,9.99772,-0.98829
17.8868,10.9713,-0.781368
17.8693,11.9811,-0.945054
17.7901,12.9684,-1.11834
17.9121,13.94,-1.00326
17.9961,15.015,-0.711304
18.0496,16.0271,-0.725983
18.0089,17.0664,-0.602802
18.1545,18.0604,-0.62913
18.1564,18.9975,-0.275793
19.1269,0.0453871,-0.916672
19.04,1.03908,-1.0821
19.0602,1.99507,-0.749705
19.0366,2.99205,-0.844881
18.8349,3.98218,-0.771929
18.8864,5.00141,-0.786377
19.0454,6.00464,-0.859578
18.9742,7.0158,-0.956499
18.8879,8.06981,-0.975829
19.0597,9.0853,-0.79534
18.8689,10.0825,-0.912363
18.9523,11.0767,-0.811744
18.8869,12.0945,-0.926621
18.8605,13.099,-0.980276
18.9517,14.0827,-0.815879
19.0215,15.0999,-0.694693
19.116,16.0944,-0.537028
19.0137,17.1559,-0.46639
19.1093,18.1801,-0.212125
18.9954,19.0463,0.350581
