-0.17112,0.99913,-1.10703
0.0242836,1.37144,-0.206064
0.0179266,2.35611,-0.218671
0.000936918,3.35513,-0.25659
-0.184725,4.25104,-0.599716
-0.0876125,5.29052,-0.477767
-0.117692,6.28117,-0.105582
-0.123429,7.31576,-0.257241
-0.138099,8.33616,-0.408438
-0.138066,9.33332,-0.353136
-0.116984,10.3662,-0.397858
-0.11941,11.3158,0.0642567
-0.277538,12.286,-0.413193
-0.144325,13.2144,-0.769735
-0.0781182,14.2229,-1.07904
-0.0930723,15.1819,-0.70871
-0.12779,16.1446,-0.345656
-0.253764,17.0569,0.0668813
-0.111673,18.1016,0.0451125
0.108356,19.0788,0.0126011
0.068865,20.0417,-0.36028
-0.1786,20.956,0.0617512
-0.185803,21.9065,0.349138
-0.0974059,22.9702,0.268413
-0.120954,23.9829,0.0629933
-0.15894,24.9597,-0.0736595
-0.0440504,25.9485,0.17384
-0.00160222,26.7793,-0.397635
-0.0592639,27.7881,-0.121308
-0.164736,28.7809,-0.205661
0.779003,1.31828,-0.84839
0.90773,1.74457,0.0530045
1.00334,2.69157,-0.198218
0.979803,3.68834,-0.00930204
0.770568,4.55813,-0.426063
0.894525,5.53102,-0.495404
0.925117,6.56237,-0.360366
0.931413,7.57339,-0.373479
0.85576,8.56049,-0.41279
0.881927,9.60556,-0.404953
0.902774,10.5902,-0.357158
0.867473,11.5315,-0.132606
0.762954,12.3853,-0.632139
0.867776,13.3592,-0.688693
0.967333,14.2877,-1.13129
0.888089,15.2214,-0.665279
0.870138,16.2182,-0.578277
0.793469,17.1066,-0.117637
0.799216,18.0999,-0.301672
1.09453,19.0545,-0.225672
1.08253,20.0237,-0.418708
0.87496,20.8896,0.112833
0.845915,21.8708,0.0851192
0.885659,22.8175,0.428297
0.852635,23.7889,0.111902
0.880972,24.8261,0.0608844
0.924509,25.8594,0.215613
1.03477,26.6755,-0.39162
0.939012,27.6387,-0.0991974
0.863244,28.6466,-0.338612
1.72527,1.59898,-0.628864
1.96796,1.93189,0.303681
2.00115,2.93813,0.0522172
1.87117,3.94254,0.312485
1.76037,4.75738,-0.269655
1.83749,5.73465,-0.282159
1.95869,6.7225,-0.440941
1.90278,7.72382,-0.556532
1.8784,8.7266,-0.354082
1.91759,9.72684,-0.524226
1.89271,10.7347,-0.609574
1.90514,11.6971,-0.235487
1.78165,12.4067,-0.883508
1.84765,13.4331,-0.821955
1.95564,14.2741,-1.38008
1.87368,15.13,-0.870971
1.91203,16.0803,-0.482302
1.82976,17.0869,-0.345109
1.81275,18.1,-0.361361
2.04217,19.0794,-0.608435
2.08997,20.0281,-0.3781
1.91377,20.9157,0.130735
1.87787,21.9269,0.107685
1.92227,22.8332,0.544661
1.87014,23.8444,0.22461
1.9011,24.8245,0.0702719
1.93193,25.8182,0.275277
2.04709,26.5269,-0.41164
1.9766,27.5337,-0.357225
1.89275,28.5596,-0.370034
2.79424,1.69137,-0.506906
2.93654,2.24712,0.377911
2.92622,3.17469,-0.120743
2.87236,4.18211,0.276965
2.7979,4.97415,-0.312339
2.86435,5.97206,-0.381219
2.90884,7.01356,-0.438398
2.83979,7.9643,-0.826011
2.94408,8.8904,-0.471963
2.94245,9.93233,-0.593902
2.89662,10.9226,-0.603247
2.93492,11.9313,-0.307486
2.81297,12.5588,-1.09417
2.84231,13.5324,-1.03261
2.93571,14.3697,-1.58388
2.88086,15.2804,-1.17147
2.95154,16.1307,-0.526194
2.85762,17.1215,-0.561925
2.84341,18.1833,-0.44561
3.01862,19.1629,-0.666518
3.12682,20.1252,-0.466884
2.93636,21.0153,0.0101993
2.87674,21.9845,-0.176565
2.92952,22.7805,0.442882
2.85267,23.8066,0.633409
2.86305,24.8218,0.473022
2.91779,25.8167,0.368966
3.13398,26.5194,-0.356792
2.97257,27.4972,-0.208139
2.91596,28.447,-0.441527
3.78413,1.88343,-0.323078
3.92019,2.55524,0.383758
3.93646,3.4415,-0.0703604
3.92063,4.4391,0.110373
3.7934,5.34681,-0.278066
3.81521,6.33671,-0.42631
3.9375,7.31082,-0.312522
3.85784,8.21052,-0.728382
3.86808,9.22353,-0.624717
3.94406,10.24,-0.463713
3.893,11.1912,-0.730143
4.007,12.1244,-0.354946
3.85194,12.6841,-1.20627
3.88664,13.6912,-1.22541
3.8843,14.5595,-1.83093
3.96559,15.3103,-1.20207
3.85409,16.2387,-0.934596
3.87204,17.2145,-0.835365
3.87667,18.2432,-0.575753
4.01526,19.2228,-0.971166
4.09435,19.9964,-0.26895
3.97381,20.9465,0.121021
3.90509,21.9544,-0.0308176
3.90093,22.9692,-0.00592364
3.8731,23.7713,0.693594
3.95384,24.7559,0.61749
3.97384,25.7465,0.562581
4.11099,26.2655,-0.303711
3.93717,27.2705,-0.203082
3.9106,28.2473,-0.328434
4.79815,1.77521,-0.356264
4.93773,2.61759,0.129945
4.97367,3.63738,0.0189734
4.91991,4.60516,-0.160305
4.87721,5.60617,-0.30224
4.88822,6.57817,-0.3009
4.92107,7.52798,-0.55858
4.86181,8.52721,-0.576714
4.8444,9.51831,-0.713404
4.92058,10.5001,-0.661776
4.8891,11.4396,-0.959673
5.09975,12.3091,-0.561385
4.88369,12.6547,-1.48554
4.86995,13.6696,-1.41946
4.85149,14.4697,-2.05209
4.98264,15.124,-1.28744
4.84818,16.0645,-0.946498
4.85786,17.1081,-1.05431
4.8145,18.0673,-0.708029
4.99419,19.0364,-0.992718
5.15441,19.9311,-0.486422
4.92489,20.8454,-0.19841
4.86376,21.8717,-0.129664
4.91554,22.9422,-0.153841
4.90148,23.6334,0.554497
5.00067,24.6307,0.658712
4.87995,25.4565,0.108124
5.09679,26.3756,-0.251338
4.98966,27.3951,-0.410218
4.94495,28.3437,-0.0292154
5.78469,2.07652,-0.181826
5.84358,3.01296,0.267205
5.96833,3.98419,-0.0298166
5.92443,4.94236,-0.302283
5.86215,5.94228,-0.205048
5.82755,6.91591,-0.339354
5.8759,7.91125,-0.679897
5.83014,8.83141,-0.304007
5.82721,9.70691,-0.776589
5.96128,10.7138,-0.728208
5.91958,11.6848,-0.956917
6.02291,12.6641,-0.707474
5.92594,12.7659,-1.69018
5.89439,13.7589,-1.73827
5.90413,14.597,-2.30121
5.95708,15.2212,-1.48772
5.90445,16.0919,-1.00452
5.87089,17.0793,-1.07919
5.8501,18.0567,-0.781713
5.99029,19.0795,-0.965328
6.18169,19.9852,-0.487716
5.97495,20.826,-0.0799554
5.87232,21.8528,-0.0224036
5.92568,22.882,0.051973
5.99958,23.7298,0.606406
5.99753,24.7302,0.581564
5.94102,25.4294,-0.134291
6.09271,26.4835,-0.344053
5.80707,27.307,0.164754
5.98927,28.2502,-0.135282
6.78414,2.30433,-0.331223
6.83895,3.27356,-0.0645802
6.89685,4.3231,-0.1047
6.82543,5.32307,0.0474807
6.70523,6.32763,0.155388
6.81909,7.25065,-0.23318
6.92116,8.1352,-0.652168
6.77613,9.12085,-0.636671
6.73156,9.99384,-1.11735
7.01969,10.8779,-0.807379
6.95977,11.8602,-1.01167
6.99026,12.9135,-0.912635
6.92796,13.1552,-1.86764
6.83521,14.1574,-1.6358
6.88593,14.8032,-2.4217
6.94497,15.3799,-1.6099
6.90654,16.0531,-0.886856
6.90272,17.0875,-0.947429
6.90428,18.0495,-0.787347
7.00561,19.0644,-0.790112
7.18092,19.9703,-0.394351
6.97411,20.9495,-0.300302
6.85863,21.9431,-0.0733787
6.94461,22.974,-0.00820643
7.00525,23.7928,0.547798
7.00891,24.7636,0.365532
6.91767,25.432,-0.407547
7.17181,26.4262,-0.393387
6.77751,27.2903,-0.0293435
6.95748,28.195,-0.424162
7.74237,2.72716,-0.381466
7.79938,3.50148,0.215442
7.93979,4.36017,-0.25725
7.83906,5.36155,-0.0317209
7.75611,6.38685,0.0278146
7.81957,7.35059,-0.108246
7.90008,8.36304,-0.448897
7.77631,9.36749,-0.63484
7.77841,10.2915,-1.138
7.9154,11.2794,-1.04098
7.94798,12.2561,-1.14454
7.91133,13.2498,-1.0986
7.97074,13.4225,-2.09853
7.85774,14.4111,-1.81754
7.90319,15.0832,-2.53742
7.96084,15.2757,-1.53867
7.87418,16.1919,-1.16642
7.91574,17.1853,-1.1007
7.78191,18.1919,-1.26865
8.0436,19.1235,-0.907541
8.21967,19.9754,-0.386126
7.97866,20.9083,-0.388324
7.84013,21.7575,0.0777062
7.92612,22.7949,0.026722
8.01444,23.6926,0.481158
8.02796,24.6458,0.112436
7.87985,25.5629,-0.232804
8.15873,26.5379,-0.262911
7.73901,27.3828,0.210614
7.97793,28.1671,-0.440306
8.80566,2.68151,-0.388226
8.7006,3.64679,-0.159908
8.93738,4.60895,-0.361211
8.83118,5.62048,-0.137022
8.75636,6.63324,-0.209665
8.87121,7.6256,-0.280401
8.97445,8.55498,-0.646001
8.8022,9.57438,-0.708853
8.8016,10.5618,-1.03719
8.89893,11.6111,-1.13069
8.91489,12.6245,-1.2169
8.85871,13.6707,-1.42181
8.87697,13.6909,-2.48227
8.86721,14.5429,-1.93005
8.83264,14.9239,-2.84983
8.92695,15.3632,-1.95235
8.89646,16.1336,-1.31868
8.9114,17.0814,-0.918351
8.7838,18.0788,-1.13112
9.0696,19.0769,-1.00675
9.24533,20.0021,-0.620798
8.98197,20.8868,-0.205094
8.84355,21.7765,0.227912
8.951,22.7755,-0.0982727
8.98607,23.7754,0.133622
9.04121,24.7454,0.178033
8.8689,25.4858,-0.478668
9.16457,26.3961,-0.149483
8.74239,27.2054,0.276235
9.05332,27.8971,-0.360659
9.83062,2.72698,-0.166341
9.74908,3.74686,-0.192572
9.92907,4.72135,-0.0816767
9.82536,5.73911,0.0498093
9.82821,6.68325,-0.328581
9.90707,7.69315,-0.394748
9.96626,8.68039,-0.5326
9.85302,9.69961,-0.647777
9.82466,10.6288,-0.98276
9.90589,11.6155,-1.14021
9.89669,12.6529,-0.947954
9.91723,13.4913,-1.531
9.87411,13.5213,-2.59416
9.91197,14.32,-1.9414
9.80589,14.7322,-2.84709
9.94683,15.1971,-1.96712
9.87913,16.1576,-1.61454
9.93648,16.9246,-0.992166
9.75621,17.9081,-1.16113
10.1237,18.8375,-0.892199
10.2103,19.7829,-0.650697
10.0065,20.7163,-0.295862
9.76768,21.7134,-0.158364
9.97139,22.6889,-0.0885525
10.0096,23.6115,0.345238
10.0486,24.6127,0.296692
9.78474,25.5205,-0.00512711
10.2109,26.4292,0.0254189
9.74905,27.2711,0.0699301
10.1254,28.05,-0.478018
10.8229,2.86245,-0.0601672
10.7794,3.86418,-0.161754
10.8958,4.84881,-0.011951
10.8171,5.83949,-0.124604
10.8349,6.78524,-0.367202
10.9842,7.78386,-0.382815
10.9532,8.73433,-0.748766
10.9515,9.74467,-0.893295
10.8043,10.743,-0.945824
10.9592,11.7247,-1.08456
10.963,12.7093,-1.03894
10.9334,13.6335,-1.53997
10.8908,13.6792,-2.57536
10.9395,14.5467,-1.93397
10.8256,14.7144,-2.88657
10.94,15.3847,-2.15741
10.8849,16.2065,-1.58943
10.931,16.927,-0.872716
10.8229,17.9677,-1.02833
11.1289,18.9423,-1.00931
11.1998,19.8464,-0.580554
11.0127,20.7261,-0.0900174
10.8319,21.694,-0.288113
11.013,22.6565,-0.13704
11.0794,23.6629,0.18413
11.06,24.6998,0.190435
10.809,25.5956,-0.0141087
11.2682,26.5466,-0.151051
10.7538,27.3772,-0.00233161
11.202,28.1068,-0.505496
11.8309,3.04406,0.0105716
11.8279,4.05689,-0.118937
11.8738,4.9809,0.287597
11.8416,5.98144,0.113511
11.8396,6.93302,-0.167858
12.0065,7.86037,-0.49111
11.9302,8.89106,-0.606204
11.9361,9.91092,-0.743425
11.8432,10.8757,-1.11428
11.9698,11.8733,-1.23847
11.9418,12.8917,-1.2137
11.9256,13.6838,-1.78345
11.9299,13.6935,-2.77219
11.9475,14.4207,-2.09915
11.7713,14.7581,-3.09651
11.9076,15.2625,-2.28236
11.8541,15.9714,-1.54169
11.8745,16.9509,-1.19387
11.8423,17.9474,-1.03438
12.1422,18.8813,-0.744633
12.1763,19.7505,-0.256056
12.0708,20.7101,-0.333537
11.8784,21.676,-0.590179
12.0314,22.6852,-0.299109
12.1148,23.5288,0.24051
12.0377,24.555,0.314808
11.86,25.6018,0.161745
12.1826,26.4275,-0.419687
11.7454,27.3072,-0.187304
12.2881,28.0913,-0.52559
12.8061,3.15377,-0.30849
12.8077,4.07013,0.0553331
12.8395,5.09419,0.224769
12.9288,6.06564,0.109439
12.8352,7.03463,-0.0841334
12.9755,8.00036,-0.330439
12.913,8.89472,-0.766433
12.9282,9.88772,-0.931782
12.8916,10.9167,-0.912561
12.9671,11.8003,-1.38668
12.9381,12.806,-1.55225
12.9516,13.7998,-1.83111
12.9527,14.0342,-2.77962
12.9489,14.7194,-2.05329
12.8083,14.7927,-3.06639
12.9345,15.3924,-2.23828
12.9535,16.0103,-1.46381
12.9036,16.9669,-1.13694
12.8499,17.9542,-1.10118
13.1834,18.8578,-0.877972
13.1469,19.7885,-0.517689
13.0327,20.8038,-0.520304
12.8819,21.7727,-0.494861
13.0429,22.7617,-0.228559
13.1726,23.7121,0.177975
13.0353,24.7057,0.480865
12.8353,25.6689,0.211615
13.1843,26.4414,-0.305466
12.7622,27.3664,-0.399673
13.313,28.2154,-0.311808
13.903,3.16684,-0.253713
13.7808,4.17862,-0.318632
13.8638,5.10559,0.140095
13.9855,6.10839,0.0893582
13.8321,7.08038,-0.0662252
14.0075,7.96903,-0.4275
13.9756,8.9665,-0.683853
13.9762,9.91314,-1.01253
13.8922,10.9401,-1.10815
13.9874,11.803,-1.52243
13.9805,12.8387,-1.52566
13.9939,13.8528,-1.81954
13.9682,13.9841,-2.85604
14.0017,14.7107,-2.1659
13.8517,14.6431,-3.13001
13.9476,15.2965,-2.29125
13.9364,15.9921,-1.5655
13.9215,16.8936,-1.13694
13.9103,17.8904,-1.06096
14.2153,18.8316,-0.880905
14.149,19.7157,-0.395856
14.013,20.7263,-0.327879
13.9267,21.7301,-0.452559
14.0273,22.7444,-0.398831
14.1761,23.6976,-0.143602
13.8835,24.6431,-0.0388562
13.8907,25.5977,0.243809
14.1449,26.6026,-0.0772179
13.7783,27.5132,-0.359322
14.3147,28.3333,-0.286785
14.9476,3.11476,-0.224995
14.8069,4.13555,-0.381887
14.9419,4.98946,0.122837
14.9691,6.00038,0.0474929
14.9108,7.00085,-0.103204
15.0116,7.88329,-0.617878
15.0149,8.93473,-0.663207
15.0517,9.99225,-0.918113
14.9685,11.0056,-1.14699
14.9994,11.9574,-1.51505
14.974,12.9537,-1.39572
14.9903,13.9317,-1.79139
14.9896,14.0594,-2.81534
15.0102,14.7609,-2.10283
14.9059,14.6385,-3.10976
15.012,15.2952,-2.35148
14.9592,16.0628,-1.70484
14.9454,16.8705,-1.11208
14.8891,17.839,-0.764901
15.2112,18.8315,-0.729914
15.1383,19.801,-0.296124
15.0912,20.7854,-0.483035
14.9615,21.7659,-0.309131
15.0333,22.7576,-0.286712
15.1565,23.6782,0.065627
14.907,24.695,0.0129002
14.8951,25.6769,0.269378
15.1818,26.6278,0.183108
14.7789,27.2995,-0.43007
15.3015,28.1393,-0.460784
15.9784,3.12302,-0.214829
15.8025,4.11338,-0.229597
16.0127,5.03103,0.0479568
15.9356,6.02933,-0.17676
15.9306,7.04393,-0.199622
16.0525,7.94079,-0.660518
16.0785,8.93941,-0.814756
16.1174,9.96989,-0.833891
15.9812,11.0077,-1.05165
16.0364,11.9937,-1.33532
16.0254,13.0527,-1.44838
16.0287,14.0906,-1.63992
15.9907,14.1643,-2.70028
16.0604,14.8987,-2.02765
15.9796,14.7073,-3.02523
16.0684,15.3289,-2.2458
15.9263,16.0466,-1.47463
15.9919,16.9875,-1.1439
15.9456,17.8569,-0.68048
16.1829,18.8399,-0.490594
16.1792,19.8231,-0.33809
16.1154,20.793,-0.495627
16.0263,21.7687,-0.431193
16.0501,22.6729,-0.000824
16.1765,23.7131,0.177667
15.8834,24.6762,0.321281
15.916,25.6716,0.36642
16.1852,26.6063,0.0454726
15.8176,27.3389,-0.502658
16.2911,28.2032,-0.306546
16.98,3.04512,-0.14825
16.871,4.03022,-0.302728
17.0365,5.02005,-0.112452
16.9906,6.03173,-0.0727012
16.992,7.01933,-0.373745
17.0362,7.88476,-0.928718
17.1024,8.90493,-0.804169
17.1022,9.91615,-1.12221
17.0083,10.9478,-1.11419
17.136,11.9456,-1.29756
17.0868,13.0224,-1.44795
17.0403,14.0301,-1.57658
17.0173,14.0066,-2.64497
17.0945,14.7899,-2.01052
17.0209,14.7304,-2.98431
17.0712,15.4552,-2.33495
16.8721,16.2069,-1.69261
17.0189,17.0292,-1.04781
16.9467,17.9097,-0.503601
17.1562,18.8984,-0.43271
17.1647,19.8567,-0.677938
17.0868,20.8539,-0.303882
17.0619,21.832,-0.512778
17.0901,22.6167,0.0663839
17.1853,23.6308,0.103693
16.9573,24.6493,0.130238
16.9247,25.7037,0.212519
17.2352,26.6459,0.0940489
16.8123,27.3955,-0.333854
17.3698,28.2695,-0.385244
18.0037,2.96477,-0.0295633
17.874,3.95509,-0.0349162
18.0549,4.94007,-0.0664174
18.013,5.92598,-0.297876
18.0629,6.94364,-0.42758
18.0801,7.91216,-0.815506
18.1449,8.89417,-0.743049
18.1303,9.867,-1.03054
18.098,10.9179,-1.10485
18.1287,11.9244,-1.27728
18.1453,12.9461,-1.40075
18.085,13.9537,-1.64877
18.0111,13.9418,-2.69801
18.1052,14.6419,-1.96782
18.0787,14.6607,-2.9571
18.1073,15.5068,-2.39854
17.9389,16.2699,-1.78632
18.0471,17.1465,-1.21412
17.9244,17.7925,-0.366802
18.1814,18.8025,-0.235499
18.2377,19.7937,-0.50998
18.1347,20.8325,-0.364238
17.994,21.7536,-0.0407147
18.0897,22.7731,0.027369
18.1599,23.7581,-0.0126194
17.9883,24.7844,0.0426222
17.9566,25.7613,0.236381
18.1595,26.5992,-0.346904
17.7939,27.5195,-0.107419
18.3579,28.3452,-0.306644
19.0246,2.84251,0.244795
18.8885,3.82616,0.188159
19.0344,4.68716,-0.316523
18.9795,5.68427,-0.421268
19.0599,6.7013,-0.532334
19.1429,7.71697,-0.726551
19.1656,8.72048,-0.660692
19.1184,9.77359,-0.883404
19.1778,10.8109,-1.01426
19.2055,11.8785,-1.14535
19.1982,12.9723,-1.30677
19.0421,14.0403,-1.40093
19.0525,14.0376,-2.50492
19.1037,14.9583,-2.05556
19.1355,14.8632,-3.07313
19.1632,15.5961,-2.4064
18.9357,16.3335,-1.77577
19.1396,17.2171,-1.2994
18.9016,17.9309,-0.627491
19.1824,18.9139,-0.502521
19.2575,19.9097,-0.361898
19.1514,20.9591,-0.499301
19.0303,21.7743,0.0688223
19.1023,22.7486,0.243147
19.142,23.7447,0.304923
19.0599,24.7207,-0.0822291
18.9898,25.583,0.377529
19.2102,26.4763,-0.137327
18.845,27.4335,-0.0981536
19.3825,28.2898,-0.180654
19.9593,2.56959,0.428285
19.9132,3.50887,0.0893399
19.9927,4.43172,-0.356316
20.0483,5.46333,-0.47058
20.0792,6.49593,-0.361409
20.1651,7.48323,-0.707685
20.1543,8.47149,-0.552901
20.0584,9.46844,-0.628941
20.0525,10.4572,-0.728446
20.1168,11.5067,-0.750279
20.1164,12.4196,-1.10352
19.9146,13.4069,-1.27688
20.0043,13.7661,-2.2254
20.1005,14.6927,-1.82061
20.1076,14.6969,-2.82863
20.103,15.4274,-2.10545
19.9277,16.2605,-1.56706
20.1475,17.2203,-1.39854
19.8837,18.1103,-0.90679
20.1957,19.0911,-0.659816
20.3115,20.0288,-0.321894
20.0801,21.0155,-0.179745
20.0368,21.9209,0.269408
20.1138,22.9452,0.364199
20.1018,23.9733,0.340733
20.1038,24.8274,-0.215012
20.0022,25.6162,0.428294
20.1758,26.5757,0.142253
19.8409,27.4157,-0.333549
20.3731,28.3036,-0.309378
20.9816,2.28443,0.478011
20.8849,3.29725,0.30578
20.9719,4.21632,-0.0851558
21.0979,5.16031,-0.389599
21.058,6.16152,-0.308225
21.1582,7.19255,-0.499606
21.1192,8.17037,-0.720347
21.0164,9.18531,-0.594873
21.0999,10.1892,-0.621512
21.121,11.2214,-0.574697
21.0755,12.1074,-1.0154
20.9505,13.1292,-1.01901
20.9018,13.5032,-1.90681
21.0211,14.3835,-1.45116
21.0636,14.6368,-2.42633
21.1041,15.3519,-1.69411
20.9487,16.3821,-1.64536
21.1413,17.3522,-1.43169
20.9553,18.2961,-0.942863
21.2107,19.1719,-0.527079
21.3571,20.129,-0.138179
21.0429,21.0779,0.174306
21.1074,22.0599,0.240587
21.1455,23.0394,0.251659
21.0847,24.0053,0.623109
21.0675,24.799,-0.00405591
20.9937,25.681,0.439405
21.1587,26.5897,0.034492
20.8782,27.414,-0.464989
21.3366,28.3261,-0.592328
22.0506,2.11329,0.374416
21.86,3.08662,0.282333
21.9687,3.95103,-0.291498
22.0867,4.99271,-0.447945
22.076,6.06232,-0.32169
22.1981,7.0288,-0.54998
22.2013,8.04058,-0.617301
22.0802,9.01176,-0.625825
22.0856,9.93296,-0.262441
22.1101,10.9013,-0.625565
22.0484,11.8759,-0.774374
22.0067,12.8666,-0.945946
21.935,13.4735,-1.75533
22.0603,14.3651,-1.31182
22.0999,14.6026,-2.28094
22.1032,15.4527,-1.75263
21.98,16.4014,-1.35849
22.1606,17.3821,-1.31499
21.8684,18.0354,-0.643019
22.2051,18.9406,-0.351152
22.3316,19.9097,-0.120927
22.0513,20.8631,0.152272
22.125,21.9249,0.121696
22.1216,22.9243,0.43459
22.099,23.9333,0.509565
22.1053,24.7537,-0.00232856
22.0406,25.7231,0.334523
22.2112,26.6753,-0.0130955
21.9291,27.5731,-0.394647
22.351,28.4421,-0.647792
23.1103,2.03605,0.660753
22.872,2.91807,0.306131
22.9914,3.7123,-0.313172
23.0715,4.74622,-0.186642
23.0773,5.75188,-0.260491
23.1857,6.77357,-0.375228
23.1916,7.74155,-0.665593
22.9983,8.65557,-0.235438
23.0997,9.65978,-0.427757
23.1322,10.6669,-0.541939
23.107,11.6683,-0.552849
23.0047,12.5736,-0.963207
22.943,13.3552,-1.60918
23.0667,14.1703,-1.02143
23.022,14.5779,-1.93666
23.0299,15.4253,-1.36908
23.0113,16.409,-1.46349
23.123,17.3035,-1.05831
22.9262,18.1515,-0.629844
23.1732,19.0545,-0.262099
23.2631,20.0272,-0.396115
23.1186,20.8844,0.0981719
23.1517,21.916,0.0289651
23.1141,22.8873,0.292669
23.0811,23.9504,0.251363
23.0801,24.9012,-0.135466
23.1097,25.7623,0.346626
23.2335,26.6959,0.0351909
22.9716,27.6322,-0.130314
23.3122,28.5885,-0.379238
24.0916,1.62925,0.795944
23.8375,2.49936,0.33422
23.9793,3.37982,-0.167714
24.0551,4.39713,-0.188583
24.0321,5.42439,-0.0718619
24.1137,6.39871,-0.219324
24.1723,7.39199,-0.36054
23.9578,8.3965,-0.21901
24.1506,9.3278,-0.519218
24.1205,10.3204,-0.43784
24.0865,11.331,-0.536079
23.9572,12.1751,-1.00373
23.9511,13.137,-1.3179
24.0418,13.9767,-0.744969
24.0085,14.5741,-1.56134
24.0252,15.5344,-1.1521
24.0467,16.5047,-1.46212
24.0939,17.1973,-0.74922
23.9116,18.1921,-0.595068
24.1404,19.1517,-0.468068
24.2568,20.06,-0.0409833
24.0149,20.8549,0.561129
24.1703,21.7662,0.197906
24.0813,22.7202,0.519306
24.0776,23.7329,0.336613
24.0371,24.6344,-0.109864
24.0965,25.4704,0.438435
24.2313,26.4474,0.183645
23.989,27.3943,-0.151079
24.2599,28.319,-0.380377
25.0527,1.77812,0.982305
24.8538,2.44225,0.296655
25.0226,3.21498,-0.445103
25.0613,4.20042,-0.329145
25.03,5.18417,-0.0109073
25.1138,6.17618,-0.113001
25.1834,7.17837,-0.321537
24.9741,8.14911,-0.0922788
25.142,9.06063,-0.513681
25.1076,10.0901,-0.560445
25.1089,11.1032,-0.513944
25.0278,12.0317,-0.833085
24.9591,13.0039,-1.0407
25.0616,13.9235,-0.589514
25.023,14.4326,-1.50458
25.0391,15.3026,-0.997082
24.9847,16.3013,-1.171
25.0877,17.2333,-0.662212
24.9615,18.2127,-0.52765
25.1641,19.2002,-0.526984
25.2903,20.0438,-0.0285806
25.0124,20.8744,0.42624
25.2033,21.8376,0.202994
25.0863,22.8055,0.174422
25.083,23.748,0.469112
25.0345,24.6786,0.112949
25.0549,25.6874,0.202884
25.2364,26.6682,0.119642
25.0223,27.5942,-0.18565
25.1745,28.6191,-0.149568
26.0603,1.65791,1.06583
25.83,2.27034,0.282528
26.0409,2.98441,-0.385296
26.0979,3.98756,-0.257082
26.1268,4.92909,0.0395184
26.0934,5.93613,0.00458998
26.2293,6.96155,-0.139888
26.0451,7.90957,-0.155562
26.1571,8.91879,-0.156557
26.1485,9.89527,-0.410172
26.1218,10.9487,-0.437538
26.0806,11.8889,-0.760613
25.9962,12.8762,-0.95027
26.1099,13.7797,-0.434727
26.063,14.3866,-1.20619
26.0867,15.3763,-1.04067
25.9669,16.4008,-1.1834
26.1247,17.2072,-0.513556
25.9432,18.1847,-0.587136
26.1753,19.1903,-0.655208
26.2977,19.9646,-0.0595416
25.9974,20.8187,0.338014
26.155,21.8324,0.504361
26.0898,22.7787,0.164122
26.1112,23.7701,0.239784
26.0493,24.7639,0.260183
25.993,25.7275,0.591205
26.2472,26.6355,0.190121
26.0473,27.4739,-0.307486
26.1997,28.4404,0.0286325
27.0735,1.36982,1.05051
26.8378,1.935,0.271703
27.0601,2.73977,-0.368264
27.0807,3.70072,-0.0952605
27.0982,4.70495,-0.000921659
27.1218,5.71366,0.201508
27.2076,6.66666,-0.152705
27.0688,7.71108,-0.186547
27.1309,8.72593,-0.0915738
27.1615,9.70261,-0.334657
27.1788,10.7551,-0.287008
27.0916,11.5848,-0.920322
27.0256,12.5943,-0.682199
27.1354,13.5593,-0.455556
27.0799,14.3613,-1.06572
27.0454,15.281,-0.557012
26.9233,16.245,-0.882995
27.1486,17.2007,-0.716303
26.9802,18.1744,-0.57419
27.1015,19.0678,-0.192663
27.2942,20.0639,-0.0661519
26.9862,20.9759,0.221271
27.161,21.8396,0.697891
27.1203,22.7467,0.214512
27.1571,23.7608,0.0761345
27.0384,24.691,0.434901
27.0553,25.728,0.491913
27.2428,26.7202,0.227659
27.0253,27.624,-0.186547
27.1849,28.6395,-0.200079
28.0787,1.28563,1.31698
27.8765,1.65223,0.396323
28.0685,2.50114,-0.119272
28.0752,3.48719,-0.145973
28.1286,4.48563,0.105927
28.1761,5.47927,0.0468093
28.182,6.53931,0.0471847
28.0695,7.56438,0.0408429
28.1152,8.4801,-0.313672
28.1501,9.44764,-0.260295
28.1994,10.4252,-0.164913
27.9661,11.3583,-0.456545
28.0868,12.3268,-0.650175
28.1085,13.2826,-0.731541
28.0176,14.3086,-0.821393
28.0776,15.3134,-0.475997
27.9913,16.307,-0.677374
28.0026,17.1453,-0.167653
27.9712,18.1752,-0.443437
28.1,19.1662,-0.404743
28.3643,20.0154,0.00336924
28.0075,20.904,0.283483
28.1475,21.8976,0.38048
28.1053,22.8714,0.014359
28.1458,23.8568,-0.144127
27.9952,24.8367,0.153117
28.0093,25.8323,0.241017
28.1822,26.7246,-0.176452
28.0673,27.7802,-0.241105
28.1972,28.7652,-0.186554
29.0957,1.49794,1.24832
28.9082,1.66363,0.289148
29.1202,2.40006,-0.375222
29.1045,3.30138,0.0669454
29.1311,4.23919,0.417811
29.1342,5.20508,0.0561785
29.1252,6.17596,0.0425153
29.0141,7.17284,-0.17246
29.0867,8.15629,-0.317896
29.2127,9.12254,-0.123634
29.1481,10.1119,-0.167302
28.9493,11.1012,-0.312613
29.1232,12.1155,-0.57994
29.1342,13.1308,-0.604181
29.0157,14.1799,-0.548518
29.0998,15.1538,-0.627528
28.9875,16.0902,-0.336995
28.9985,17.0949,-0.239225
29.0205,18.0583,-0.519495
29.1833,19.005,-0.237419
29.3291,20.0014,-0.285952
28.9955,20.8441,0.112354
29.1264,21.8659,0.194656
29.125,22.8951,-0.0409436
29.1249,23.9171,-0.0278817
29.0317,24.9211,0.10043
29.0151,25.9355,-0.0993194
29.1814,26.9388,-0.335774
29.0655,27.9681,-0.287225
29.2048,28.94,-0.125471
