-0.0201819,-0.0294595,0.16111
1.01894,0.022483,-0.0516099
1.98924,-0.0361309,0.308679
2.99939,-0.0147832,0.00953398
3.99616,-0.00738243,0.179556
5.00185,0.0408155,0.105289
6.06872,0.000711081,0.061626
7.03724,-0.0302194,-0.243446
8.03236,0.0102023,-0.236253
9.00931,0.0747398,0.0139958
10.0245,-0.089288,0.337532
10.9507,0.0222724,-0.165764
11.9504,-0.0405255,-0.405942
12.9669,-0.0363994,-0.245573
13.9876,-0.0228156,-0.139872
14.9758,-0.00674764,-0.0210791
15.9753,-0.000326548,-0.151924
16.9992,-0.00498672,-0.137596
17.9497,0.0117649,0.0164647
18.9437,-0.0327067,0.17065
0.000839259,0.982925,-0.00444044
0.981616,1.03537,-0.0335765
2.02763,0.920386,0.0944823
3.06233,1.00332,0.00776086
4.09827,1.03205,0.122333
5.07313,1.01989,-0.0587298
6.02293,1.00552,-0.104868
7.04245,0.958736,-0.107172
8.05788,1.02315,-0.129383
9.05904,1.09031,0.0238746
10.0283,0.987802,0.405539
10.9866,1.01818,-0.0174047
11.9504,0.946565,-0.268224
12.9434,0.992563,-0.184921
13.9153,0.961388,0.146623
14.931,0.977178,0.0677938
15.9329,1.00388,0.103903
16.9393,0.996829,-0.0291299
17.9716,1.00571,0.0425275
18.957,0.999124,0.0852962
0.0115543,2.05722,0.0755821
1.03039,2.05599,0.0687002
2.03662,1.91278,0.0295572
3.08872,1.98884,-0.149971
4.0929,2.03713,-0.0126438
5.10178,2.06949,-0.091998
6.03004,1.9616,0.205329
7.02463,1.92865,0.0736656
7.98346,2.00803,-0.0787988
9.00464,2.1366,0.0448683
9.9868,2.00227,0.317762
10.8832,1.99579,-0.170049
11.9114,1.96814,-0.023368
12.9232,1.96306,-0.299762
13.901,1.9537,-0.010596
14.9226,1.99491,0.00444655
15.933,1.9714,0.280578
16.962,2.00992,0.228187
17.9848,1.9856,0.237016
18.9601,1.94319,0.422889
0.0438276,3.04622,-0.0418256
1.03054,3.05117,-0.0103092
1.99728,2.92368,0.0321635
2.97346,3.01565,-0.103644
3.98062,3.07193,0.0574419
4.9999,3.05843,0.134724
6.00965,2.95673,-0.0413984
6.98549,3.01232,-0.225977
7.98361,3.03706,-0.131956
8.99359,3.16382,-0.100226
9.95353,2.99959,0.117505
10.9454,2.99079,-0.27286
11.9782,2.95287,-0.215265
13.0778,2.97478,-0.268126
14.07,2.96582,-0.00730308
15.0347,2.93361,0.30632
16.0479,2.95267,0.411979
16.9746,2.98627,0.0418348
17.9946,2.95827,-0.0140538
19.0127,2.95129,-0.0886898
0.00614643,4.08777,0.195422
1.06964,4.04511,0.362413
2.00939,3.92251,0.22161
3.03686,3.98802,0.199808
4.04585,4.06498,0.22739
5.02004,3.99088,0.487494
5.97636,3.97895,0.0754295
6.97252,4.0833,-0.261226
7.96983,4.06496,-0.211612
8.95152,4.1525,0.0960448
9.94386,3.98843,0.210858
10.9663,3.96777,0.042967
11.9599,3.94611,-0.067394
12.9626,3.97234,-0.239998
13.9835,3.93907,-0.161895
14.9512,3.94454,0.178011
16.0093,3.90103,0.0887417
17.0178,4.05417,0.0165593
18.0056,4.01111,-0.140532
19.0251,3.94647,-0.381954
-0.00430311,5.13372,0.24875
0.964879,5.03136,0.523008
1.92211,4.92897,0.326756
2.95771,4.97855,0.300867
3.9632,5.05788,0.427934
5.01682,5.00172,0.38446
6.00815,4.99731,0.104337
7.0231,5.08852,-0.0290262
8.07895,5.01821,0.00336009
9.0011,5.0926,0.358065
10.0538,4.96346,0.437162
11.0056,4.97086,0.160842
11.9922,4.9387,0.139006
13.0193,4.93204,0.129215
14.0075,4.92496,0.155611
15.0116,4.96848,0.0415754
16.0194,4.8805,0.01077
16.9957,5.0445,-0.123701
18.0606,4.99921,0.0283792
19.0249,4.90947,-0.176989
0.0310007,6.10266,-0.0160955
0.941847,6.06239,0.418442
1.95832,5.97509,0.268242
2.96674,5.97717,0.321278
4.03145,6.03847,0.224992
5.0494,5.95712,0.0997894
6.07598,6.01658,0.134501
7.06883,6.0491,0.203757
8.05995,6.02526,-0.0910215
9.06305,6.05591,-0.0103702
10.0365,5.96422,0.00264595
11.0321,5.95451,0.211393
12.0605,5.95575,0.138939
13.0545,5.98407,0.138124
14.0651,5.98612,0.128794
15.0246,6.00001,-0.0835414
16.0064,5.87991,-0.0397839
16.962,6.02254,0.221314
17.9828,5.98469,0.0589434
18.9939,5.88879,-0.0231574
0.0179907,7.15258,0.177731
1.03328,6.98848,0.0611774
2.10816,6.98549,0.0922452
3.13885,6.89411,0.058095
4.13133,6.96744,-0.102631
5.1257,6.9673,0.00941191
6.07629,7.00256,0.370852
7.09656,7.02406,0.401077
8.12604,6.91061,0.350722
9.0169,7.07025,-0.18247
10.0361,6.97095,0.0224097
11.0815,7.01679,0.0367718
12.1403,7.00346,0.0628468
13.1299,6.98498,0.164946
14.0817,6.86109,-0.335292
15.0392,7.03728,-0.0281137
16.0287,6.91033,-0.0420515
16.9981,7.07505,0.0953856
17.999,6.96822,0.139061
19.0302,6.89073,0.170327
0.0559862,8.09678,-0.145759
1.01257,7.99788,0.139561
1.99338,7.97941,0.0867031
3.02224,7.88371,0.129136
4.03147,7.97047,0.066625
5.01655,7.97595,-0.0477767
6.02674,7.97305,0.0201422
7.07722,8.03937,0.21294
8.06416,7.94166,0.30336
8.94554,8.0969,-0.183868
9.96865,7.97266,0.00684835
10.9672,8.02716,-0.08699
11.9628,7.9841,0.228489
12.9594,7.98456,-0.011008
14.0147,7.84971,-0.0563158
15.0194,8.00676,-0.335017
16.0009,7.96709,0.0786157
17.0091,8.08306,0.238044
17.9843,7.92312,0.366991
18.9449,7.86867,0.089462
0.0146641,9.11552,0.0909482
1.02166,9.00468,0.0337046
2.06087,8.99521,0.131083
3.02728,8.90413,0.34615
4.03419,9.03408,0.117716
4.99583,9.06105,-0.0954955
5.9862,9.00011,0.00227973
7.0046,9.05297,0.281314
8.061,9.0137,0.285656
9.03189,9.09352,-0.124671
9.98799,8.99709,0.0963958
10.9449,8.99531,-0.370833
11.9549,8.90803,-0.185055
12.9893,8.94217,-0.310593
13.9721,8.87846,-0.0787378
14.9741,8.9276,-0.00384228
16.0084,8.97828,-0.0803308
17.0219,9.04899,-0.0977264
17.9838,9.00746,0.26859
18.9718,8.90793,-0.0808771
-0.0271279,10.0835,0.148958
0.978686,10.0888,0.17448
2.00045,10.0204,0.127625
2.99068,9.96414,0.146522
4.01072,10.0376,0.0298166
5.04539,10.0482,0.0982574
6.07755,9.99504,0.116132
7.0842,10.0284,0.109516
8.09887,9.99909,0.286196
9.10686,10.0158,0.319285
10.0349,10.01,-0.0384564
11.0309,9.96215,0.140135
12.0295,9.90637,-0.215946
13.0332,9.94032,-0.160012
14.0344,9.89355,-0.0627277
15.0214,9.9602,-0.215494
16.0094,10.0017,-0.0983856
17.0585,10.0134,-0.214951
18.0038,10.0173,0.267638
18.952,9.86266,0.109357
-0.00379345,11.1057,0.223179
0.980984,11.0493,0.4562
2.01009,10.9692,0.329316
2.98505,10.9713,0.32595
4.00982,10.9452,0.503049
5.04016,10.9848,0.507947
5.9613,10.9999,0.0196844
6.95996,11.0172,-0.219492
7.99481,10.9479,-0.173611
8.98506,10.9749,0.0635792
10.0104,11.0413,0.187405
11.0349,10.9866,0.0820124
11.9637,10.8696,-0.351479
13.0046,10.9927,-0.24322
13.9337,10.9375,0.118262
14.9067,10.9892,-0.0440931
15.8707,10.9857,-0.165484
16.8787,11.0038,0.0116489
17.9411,11.0278,0.0228645
18.9922,10.866,-0.0168889
0.0425581,12.1075,-0.0887326
0.999567,12.0672,0.222181
1.98703,12.0012,0.14492
2.96996,11.9823,0.285385
3.9522,11.9366,0.365731
4.95133,12,0.185751
6.03198,12.0356,0.107953
7.01141,11.9973,-0.269314
7.98321,11.922,-0.0554003
8.98855,11.9714,0.0880001
9.98857,12.054,0.213913
10.943,11.975,-0.121293
11.9589,11.9165,-0.168743
12.9851,11.966,-0.328556
14.0237,11.886,-0.203531
15.0647,12.0167,-0.0713523
16.0712,11.9207,0.021012
17.0366,12,0.310318
17.9916,12.0259,0.0224982
19.0079,11.958,0.00793786
0.0250587,13.1056,0.104627
1.0624,13.0107,-0.105698
2.02274,13.0148,0.121162
3.0686,12.9412,0.0580432
4.0219,12.9827,0.345561
5.08904,12.9846,0.179229
6.01841,13.0259,-0.195352
7.07674,13.0194,-0.208655
8.07022,12.8659,-0.375137
9.02347,12.9302,-0.155028
10.0184,12.9516,-0.24904
11.0248,13.0116,-0.294699
12.0539,12.9671,-0.279003
13.0482,12.9691,0.00208747
14.0005,12.909,-0.280819
15.0247,13.0318,-0.247664
16.0283,12.9723,-0.246565
16.994,13.065,0.189636
18.0045,13.0426,0.074279
18.9693,13.0065,-0.00481582
0.0630543,14.1026,0.102893
1.09314,14.0072,0.0518479
2.07253,14.0315,0.314005
3.0655,14.0113,0.10087
4.09409,14.0097,0.274407
5.11022,13.9873,0.0935331
6.0885,14.0331,-0.179162
7.11243,14.0959,-0.219132
8.09865,13.8844,-0.278817
9.04892,13.9682,0.00336314
10.0425,13.9979,-0.289767
11.0277,13.9666,-0.036491
12.1029,13.9541,0.00385144
13.0426,13.943,-0.175155
14.0196,13.9652,-0.2807
15.0381,14.0451,-0.0886319
16.0586,13.9817,-0.199103
17.0644,13.9395,-0.347154
17.978,14.0395,0.0490524
18.9962,14.0238,-0.0380505
0.0342112,15.0985,0.0503922
1.0141,15.008,-0.0160161
2.03479,15.0064,0.0700308
3.02764,14.9952,0.337693
4.01662,15.0673,0.255004
4.99757,14.9829,0.0294992
5.97173,15.0349,0.0650533
7.02641,15.0877,-0.127372
8.03639,14.9026,-0.00874355
9.0286,14.9593,-0.0977538
10.0195,15.0326,-0.399573
10.9971,14.9381,-0.0491409
12.0547,14.9698,-0.159517
13.1096,14.9736,-0.130924
14.0876,15.0272,-0.383117
15.0927,15.1354,-0.0345897
16.0895,15.0442,-0.0024781
17.0606,14.982,-0.219666
17.9775,15.0086,0.230879
18.9741,15.0248,0.148235
0.0232002,16.0697,0.0390637
1.07419,16.0032,-0.136543
1.99965,15.9937,0.263912
2.99872,15.9552,-0.0264077
4.04323,16.0421,0.0523423
5.08402,16.0226,0.0792016
6.07825,16.0262,0.00441603
7.09836,16.1029,-0.00474258
8.09008,15.9581,-0.144029
8.98734,15.8907,0.269311
9.92796,16.0656,-0.0999603
10.9501,15.9446,0.154585
11.9916,16.003,-0.0696554
12.9664,16.0299,-0.275561
13.9609,16.0318,-0.0993622
14.9708,16.1434,-0.131214
15.9443,16.0737,0.0243477
16.9705,15.9883,-0.0161077
17.993,16.0131,0.052855
18.9974,16.0528,-0.0431104
-0.0469131,17.0831,-0.267714
0.937089,17.0014,-0.0334788
2.00667,17.0042,0.044676
3.00527,16.9608,-0.0393628
4.03394,17.0292,-0.0896603
5.02042,17.024,-0.0548387
6.00086,17.0477,0.176608
7.00112,17.1346,-0.0360759
8.04302,17.0096,-0.182626
9.05798,16.8327,-0.216538
10.002,17.0223,0.158705
11.0483,16.9259,0.218223
12.0003,17.0048,0.110794
12.9889,17.049,0.0210639
13.9607,17.0166,0.24011
14.9437,17.082,0.155019
15.9023,17.0493,-0.120664
16.916,16.9761,-0.158568
17.9372,16.992,-0.320554
18.9773,17.0546,-0.182736
-0.0553301,17.9844,0.165148
0.974868,17.9692,0.172268
2.02554,18.0106,0.102643
2.94552,17.9988,-0.24452
3.98106,18.0479,-0.232722
5.00023,18.0107,0.0156957
5.98838,17.9601,-0.202298
6.92582,18.0665,-0.496414
7.9411,17.9961,-0.196829
8.99601,17.8633,-0.0141148
9.9833,18.0379,0.204727
10.9769,17.9527,0.183645
11.9409,18.0169,0.0221656
12.9403,18.0406,-0.157808
13.9177,18.0759,0.153307
14.9716,18.0972,0.0501816
15.9672,18.0284,0.238426
16.9741,18.0013,-0.0145329
17.9772,17.9693,-0.17467
18.9661,17.9844,0.228657
-0.0229652,18.9742,0.0500046
0.973394,18.9799,0.0805628
1.97595,19.0118,0.180465
2.98351,19.0204,-0.00521256
4.00303,19.0042,0.00902127
5.01815,19.015,0.148369
6.00884,18.9538,0.104227
7.01452,19.0097,-0.202957
8.05683,18.9905,0.0155431
9.06148,18.9732,0.0109043
10.0396,18.9971,-0.0707389
11.0683,19.0234,0.149718
12.0031,19.0146,-0.114167
12.981,19.0272,-0.108066
13.9853,19.0172,-0.208725
15.0645,19.0356,-0.295013
16.0597,18.9704,-0.154537
16.9625,19.0288,0.219819
17.9417,18.9814,-0.0708609
18.9655,18.9761,0.0308725
