0.0108829,0.0942961,0.135368
1.04649,-0.0363781,-0.181817
2.0878,-0.00509049,-0.235786
3.04286,-0.00388501,0.13216
3.97193,0.00587481,-0.322156
5.00441,-0.0442701,-0.296127
5.97416,0.0336131,-0.0485977
6.91689,-0.0723777,0.356188
7.90524,-0.0195807,0.240968
8.87286,0.0481765,-0.0447035
9.86924,-0.0141179,0.0308481
10.897,-0.0117283,-0.101044
11.9033,0.0144353,-0.19671
12.9487,0.00410779,-0.269393
13.9425,0.0763695,-0.176788
14.9658,0.0428755,-0.142567
16.0065,0.000839259,-0.135621
17.0122,0.00411084,-0.133149
18.0405,-0.0128941,-0.31587
19.0087,0.0658681,-0.139485
-0.0490493,1.11833,0.235743
0.941926,1.02321,-0.0876827
1.93615,1.00152,-0.1571
2.89118,0.962676,0.17506
3.87342,1.0214,-0.197528
4.89344,0.975768,-0.297604
5.87478,1.07195,-0.242332
6.87237,0.930021,0.00757469
7.85262,0.951314,0.306195
8.91208,1.03565,0.240071
9.92187,1.03734,0.048796
10.9378,1.02036,0.116236
11.8741,1.08053,-0.235127
12.9175,1.06472,-0.196219
13.9642,1.097,-0.106757
15.0203,1.05635,-0.237214
16.0376,1.00984,-0.161623
17.0435,1.06761,-0.15287
18.071,0.985058,-0.270327
18.9996,1.01154,0.176119
0.0706839,2.12938,0.0422956
1.06921,2.00229,0.19653
2.03689,2.00084,0.068685
3.04746,2.01108,0.149867
3.98709,2.00784,-0.250746
4.96116,2.01333,-0.103983
5.97948,2.06141,-0.0872677
6.97917,1.96304,-0.196799
7.97284,1.9342,0.100995
8.94148,2.01748,0.347969
9.90357,2.06026,0.0725059
10.9334,2.01546,0.0176428
11.9217,2.04123,0.2228
12.9294,2.04618,-0.0644154
13.9385,2.06445,0.183242
14.9229,2.05563,-0.128428
15.9991,1.98875,-0.272265
17.0071,2.12766,-0.293841
18.0248,1.95192,-0.123847
19.0221,1.98495,-0.172149
-0.0157903,3.10808,0.357347
1.01295,3.01902,0.0997345
2.0515,3.01971,0.0161718
3.05553,3.01763,0.00524003
4.04823,2.93951,0.213294
5.02173,3.05773,0.0380596
6.06242,3.03958,0.138581
7.00824,2.91981,0.0206885
7.97081,2.89446,0.403183
8.96359,3.00114,0.152147
10.034,3.07164,0.22906
11.0151,3.01593,-0.0467421
11.9683,3.10276,0.311759
12.9386,3.09439,0.0384442
13.8793,2.91867,-0.282641
14.9327,3.01508,-0.334196
15.9671,2.98639,-0.164647
16.9778,3.12762,-0.351158
18.0028,2.92737,-0.433744
19.0219,2.9902,-0.310327
0.0455214,4.03556,-0.0652608
1.03542,3.99877,-0.0519547
2.062,4.03766,-0.0359478
3.05432,4.01318,-0.278304
3.94491,3.95501,0.155559
4.93351,4.03316,0.225098
5.92778,4.04021,0.238713
6.91449,3.89792,0.127531
7.91729,3.92327,0.21695
8.9667,3.99121,0.235228
10.0025,4.09351,0.0880886
10.979,4.01358,-0.0877682
11.923,4.07389,0.368783
12.977,4.0732,0.39714
13.965,3.87239,0.116462
14.994,3.89157,0.0686178
15.9692,4.05934,-0.0609851
16.9853,4.11009,-0.222089
18.02,3.95084,-0.190899
19.017,4.00104,-0.160396
-0.0324595,4.96576,-0.365874
0.943757,5.03531,-0.0324137
1.94312,5.05898,0.0904691
2.93037,4.94297,0.085287
3.88171,4.96123,0.412037
4.90073,5.08538,0.410379
5.82801,5.05184,0.0734855
6.82717,4.91278,0.047261
7.88243,4.97218,0.13328
8.91996,5.00585,0.076635
9.87505,5.0865,-0.0578051
10.9217,4.9765,-0.152544
11.8897,5.07638,0.223444
12.9485,5.07603,0.235737
13.968,4.88376,0.106171
14.9702,4.87031,-0.0307505
15.9452,5.03854,-0.356011
16.9464,5.11724,-0.489294
17.9431,4.98367,-0.256639
18.9152,5.02108,-0.00833155
-0.0380627,6.01749,-0.198767
0.943818,6.13961,-0.0533738
1.94959,6.10217,-0.0972961
2.90941,5.95133,0.208347
3.91647,5.94743,0.383627
4.90954,6.08352,0.311112
5.91722,6.09742,0.105689
6.91029,5.96707,-0.0461653
7.95249,6.0179,0.137162
8.96124,6.04247,0.107907
9.97567,6.06505,-0.0551439
11.0422,5.97332,-0.173614
11.9617,6.12379,0.28045
12.9896,6.12266,0.196725
14.0675,5.91798,0.130592
15.0689,5.89888,0.0637288
16.0429,6.08985,-0.181915
17.0286,6.13857,-0.41474
18.0483,5.97276,-0.313065
19.0292,5.96977,-0.383105
0.0283853,7.02455,-0.172243
0.976141,7.14294,0.162603
1.94006,7.07886,-0.0515976
2.91661,6.91341,-0.0667379
3.93689,6.96263,0.166466
4.90743,7.09542,0.124265
5.91831,7.08362,0.10651
6.88703,7.0113,-0.0171026
7.95601,7.01249,0.100995
8.89113,7.0159,-0.115308
9.92837,7.09113,-0.250142
10.9088,6.98484,-0.39194
11.862,7.03727,-0.172259
12.9212,7.09942,0.107102
13.9339,6.9346,0.0791467
14.9431,6.9024,-0.132231
15.9163,7.1198,-0.0263985
16.9252,7.08816,0.0033021
17.9317,6.99992,-0.0933683
18.9533,6.9209,-0.0869106
0.037257,8.04988,-0.0611286
1.06018,8.12203,0.0776513
2.11594,8.12131,0.0242042
3.12044,7.89514,-0.120557
4.06604,7.96678,0.239924
5.00866,8.10665,-0.114658
6.06374,8.0905,-0.0725455
7.08137,7.99096,-0.0515061
8.07183,8.06162,-0.0303903
9.0549,8.00023,-0.321485
10.0639,8.12886,-0.247502
11.1034,7.96781,-0.276501
12.1697,8.01234,-0.244658
13.0904,8.08141,0.11493
14.0438,7.89939,-0.179955
15.0444,7.88618,-0.0142552
16.009,8.18975,0.161293
17.0354,8.07087,0.0604083
17.9963,8.04826,-0.192709
19.0312,7.92523,-0.390072
-0.0460341,9.00487,-0.310001
0.99649,9.10168,-0.200964
2.04618,9.18158,-0.130268
3.04159,8.9127,0.0269204
4.05316,8.96223,0.123295
5.02986,9.05243,0.235026
6.05328,9.03226,0.216187
7.09937,8.93637,0.361608
8.00078,9.05672,-0.12667
9.01297,9.00078,-0.12779
9.98208,9.07904,-0.567202
10.9619,8.99973,-0.188809
11.9868,8.9928,-0.21977
12.9992,9.03142,-0.242235
14.0472,8.94497,-0.192099
15.0594,8.90415,0.050734
15.9674,9.16903,0.371578
16.9718,9.06738,0.170928
17.9367,9.0554,-0.0971038
18.9976,8.85859,-0.0336253
0.0109287,9.93424,0.162056
1.00429,10.1064,0.00395825
2.02831,10.1917,-0.195694
2.94061,9.92601,0.0417859
3.97052,9.96898,0.230052
5.0046,10.0607,0.140657
6.04291,9.98656,-0.0764641
7.04527,9.86047,-0.13697
8.04564,10.0751,0.000372326
9.04952,9.98369,-0.0771142
10.0471,10.071,-0.219141
11.0659,10.0401,-0.433439
12.0637,10.036,-0.192236
13.071,10.1012,-0.266652
14.0131,9.91939,0.154674
15.0264,9.89411,0.110013
16.0348,10.125,0.0972686
17.0139,10.0622,-0.106253
18.0238,10.037,-0.0224097
18.9989,9.84623,0.00662557
0.0682669,10.9411,0.0633412
1.08401,11.0882,0.0975402
2.11886,11.1533,0.0993377
3.11663,10.9317,0.12356
4.10591,10.9742,0.328694
5.07238,11.06,0.0592395
6.02683,10.9614,-0.37293
6.97436,10.8533,0.00936003
7.97492,11.1152,-0.0140416
8.9641,11.0084,-0.108667
9.94699,11.0796,-0.205274
10.9744,11.0358,-0.400772
12.0232,11.0169,-0.427311
13.0663,11.0808,-0.146739
14.0295,11.0028,0.250716
15.0547,10.9178,0.15515
16.0359,11.0707,-0.162706
17.0704,11.0792,0.0147282
17.9893,10.9996,-0.356258
19.0139,10.8777,-0.127711
0.0109165,11.9658,-0.105274
1.02813,12.0991,0.0104923
1.99123,12.1226,0.351564
2.92187,11.9487,0.101877
3.92411,11.9744,0.17354
4.94588,12.039,0.11757
5.967,11.9265,-0.0916349
7.00571,11.8769,0.0180731
8.01324,12.14,0.100177
8.98757,12.06,0.00933256
9.95341,12.0998,-0.192624
10.93,12.0484,-0.151979
12.0016,12.0118,-0.1489
12.9723,12.0648,-0.370128
13.9768,12.0108,-0.111481
14.9289,11.9075,-0.00827967
15.9365,12.0748,0.0465285
16.9377,12.1353,0.0247291
17.9358,12.0274,-0.226618
18.984,11.958,-0.0387219
0.0211463,12.9948,-0.18815
1.00209,13.1413,-0.10434
1.98132,13.0088,-0.244435
2.93891,13.0156,0.0646016
3.9421,12.9649,0.281799
4.94711,13.0597,0.146831
5.93903,12.9916,-0.103143
6.93701,12.9044,-0.256584
7.93923,13.1646,-0.0449416
8.91232,13.0399,-0.272457
9.95595,13.1074,-0.300528
10.9778,13.0921,-0.295682
12.0066,13.0779,-0.29938
12.9897,13.096,-0.465453
13.983,12.9782,-0.291168
15.0381,12.9642,-0.217319
16.0596,13.0453,-0.189489
17.0365,13.1075,-0.324366
18.0229,13.0357,-0.0535569
19.0171,12.9731,-0.124393
0.0123936,14.03,-0.0148656
1.04093,14.164,-0.0836604
2.04035,14.048,-0.0964263
3.05434,14.0579,-0.152748
3.99924,13.995,0.15222
4.99766,14.0245,-0.199622
6.00497,13.9806,-0.0183111
7.01796,13.9124,-0.195953
8.04457,14.0801,-0.324879
9.09227,14.0922,-0.0746971
10.1448,14.0448,0.00913114
11.1192,13.9796,0.251488
12.1089,14.0671,-0.0399091
13.1363,13.9554,0.118003
14.0781,13.9727,-0.236699
15.0923,14.0394,-0.146968
16.0287,13.9858,-0.47637
16.9828,14.1172,-0.0934599
18.0075,14.0554,-0.0860897
19.0084,13.951,-0.306198
-0.0337168,15.0119,-0.378948
0.944948,15.0409,-0.542238
1.96812,14.9725,-0.421619
2.98121,15.0504,-0.250926
3.98529,14.9738,-0.0848628
5.00821,15.009,-0.201968
5.99597,14.897,-0.379058
7.04669,14.9341,-0.215067
8.03136,14.9826,0.0945067
8.99854,15.0923,0.233119
10.0162,15.0076,0.36408
11.042,14.9786,0.352156
11.9938,15.1167,-0.143431
12.9632,15.0278,0.151866
13.9586,14.9835,-0.167217
15.0041,15.0203,-0.00479141
15.9914,15.0615,-0.33148
17.0485,15.061,-0.50394
18.0126,15.0288,-0.267055
19.0225,14.9535,-0.283966
0.0364452,16.0656,-0.161101
1.08346,15.9622,-0.0260018
2.08335,16.0071,-0.273147
3.11028,16.0228,-0.371148
4.13338,15.9141,-0.329524
5.07386,15.9562,0.0759819
6.04959,15.9108,-0.0542405
7.04541,15.9204,0.109812
8.00918,15.9634,0.418256
8.97009,16.0677,0.339628
9.99824,16.0165,0.407678
10.9386,15.9505,0.103665
11.9143,16.1258,-0.0892361
12.959,16.019,-0.0754784
13.9842,15.9888,0.149791
14.9557,15.9962,-0.0780633
15.9341,16.0746,-0.0902982
16.9942,16.0307,-0.269716
18.0159,16.0115,-0.202799
19.0045,15.9807,-0.303449
0.0142216,17.0813,-0.0158818
1.05427,16.9819,-0.169643
2.01707,17.0358,-0.350108
3.02815,17.007,-0.438145
4.01133,16.9483,-0.222828
4.94957,16.9521,0.0754418
5.92907,16.8986,-0.131965
6.89262,16.9294,0.139219
7.91195,16.9365,0.144581
8.90812,16.9826,-0.0859066
9.93099,16.9489,0.00230415
10.9335,16.9364,-0.232588
11.9356,17.1116,-0.313569
12.9272,17.0108,-0.344957
13.8678,17.0306,-0.0269234
14.9226,16.9856,-0.289218
15.9194,17.0735,-0.198593
16.8887,16.961,0.0251686
17.9226,17.0064,-0.0346446
18.9496,16.9274,-0.0270852
0.0180883,18.0911,0.0853877
1.0068,17.9232,0.149709
1.989,17.9963,-0.0149876
2.98037,17.9739,-0.196368
3.99327,18.0054,-0.147591
5.0151,17.9317,-0.128327
6.02802,17.9467,-0.168484
7.03637,17.9566,-0.117801
8.04034,17.932,0.0312723
9.03494,17.9689,-0.0250069
10.0615,17.9465,-0.0119877
11.0304,18.0034,-0.192221
11.9841,18.1272,-0.461339
12.9605,18.0263,-0.412473
13.9014,18.0229,-0.0125126
14.9717,18.0385,-0.156096
15.9862,18.0546,-0.36469
16.9381,17.9864,-0.125733
17.9494,18.0079,-0.174325
18.942,17.964,0.0404401
-0.0161596,19.0371,-0.22255
1.017,18.9633,-0.11753
1.97504,18.9981,-0.231925
3.02409,19.0197,-0.00522782
3.98647,19.0476,-0.284106
5.00792,19.0055,-0.134898
6.05483,18.9762,-0.0113163
7.09089,18.9826,0.0862484
8.08269,19.0001,0.0619617
9.0469,18.9567,-0.0709983
10.0571,18.9997,0.00465407
10.9805,19.0357,-0.281075
11.9856,19.1257,-0.538356
12.8653,18.9804,-0.0514084
13.9566,19.0114,0.107144
14.9765,18.9858,0.152831
15.9512,18.9801,-0.0831874
16.9836,18.992,-0.219163
17.9266,19.0073,0.135875
18.9757,18.992,-0.107764
