0.0881771,0.0411176,-0.391458
0.00617389,1.35075,-0.390573
-0.0337199,2.60179,-0.448015
0.0375347,3.87515,-0.40604
-0.0216895,5.16704,-0.469073
0.020716,6.35568,-0.491299
0.112293,7.56149,-0.577047
0.093289,8.77403,-0.624738
0.127821,9.98068,-0.691687
0.201373,11.189,-0.775445
0.286074,12.3195,-0.828748
0.243681,13.4155,-0.773482
0.380175,14.5247,-0.772283
0.24041,15.5699,-0.705261
0.104608,16.5472,-0.331623
0.237773,17.5007,-0.682482
-0.0938322,18.2602,-0.134678
-0.0219886,17.2416,-0.0622486
0.127674,18.0608,0.539595
-0.0196265,19.0061,0.24304
0.838026,0.736796,-0.400513
0.824912,1.90308,-0.500287
0.870537,3.05797,-0.506879
0.938835,4.25872,-0.548088
0.970687,5.44751,-0.570785
1.06733,6.62871,-0.41102
1.09459,7.8394,-0.374224
1.06218,9.03511,-0.363204
1.03986,10.2733,-0.314441
1.06184,11.4792,-0.198978
0.961278,12.6203,0.0361583
1.08611,13.6913,-0.0731895
1.43057,14.5989,-0.440773
1.29416,15.6204,-0.442589
1.18213,16.5482,-0.117927
1.23028,17.486,-0.42248
0.932075,18.2272,0.187783
1.09316,17.182,-0.0462813
1.12868,18.1216,0.411493
0.986923,19.049,0.00875576
1.81402,0.969216,-0.301721
1.78752,2.14059,-0.375594
1.82502,3.35809,-0.381811
1.86248,4.58567,-0.455278
1.90612,5.82038,-0.42982
2.00022,7.03962,-0.366247
2.0097,8.27313,-0.348057
1.9505,9.52542,-0.196896
1.86548,10.7598,0.000320444
1.73865,11.9924,0.396478
1.35074,13.2154,1.01541
1.60457,14.5128,0.650731
2.17878,15.4012,-0.33766
1.78536,16.2486,0.285797
2.08121,17.2191,-0.31424
1.62985,16.7778,0.340806
1.83947,17.7912,0.131324
2.12314,16.8729,-0.0574236
2.09254,17.9152,-0.0349254
2.0243,18.9063,-0.062157
2.75674,0.670287,-0.294562
2.78615,1.86171,-0.277313
2.80014,3.06985,-0.402286
2.82268,4.22196,-0.395886
2.82818,5.37259,-0.520936
2.86583,6.54686,-0.455943
2.81465,7.7292,-0.416541
2.82519,8.96091,-0.334123
2.7,10.1239,-0.174856
2.56771,11.2849,0.122306
2.29796,12.4278,0.396442
2.38528,13.5853,0.32205
2.68953,14.4358,-0.207834
2.50089,15.5338,-0.148741
2.66544,16.3599,-0.670696
2.62795,16.9383,0.183898
2.90083,17.9323,0.0470077
3.07548,17.0522,-0.389172
3.15622,17.9971,-0.0538377
3.05347,19.0096,-0.112076
3.74387,0.465502,-0.37123
3.82621,1.60385,-0.35627
3.81381,2.73006,-0.241633
3.79258,3.89075,-0.309925
3.8204,5.0535,-0.377789
3.78015,6.16294,-0.376931
3.75244,7.27953,-0.40098
3.73751,8.44254,-0.400787
3.6382,9.53222,-0.297324
3.43358,10.6499,-0.167779
3.18698,11.7187,0.054265
3.2116,12.8405,0.0650685
3.41705,13.7901,-0.329438
3.31363,14.834,-0.325047
3.52465,15.7656,-0.650383
3.60551,16.5918,-0.100543
3.82349,17.6005,0.169329
4.04967,17.2718,-0.729371
4.00228,18.2518,-0.512922
4.0745,19.1169,-0.0244819
4.76854,0.302734,-0.392666
4.78905,1.42998,-0.399124
4.84705,2.51404,-0.312479
4.77856,3.61069,-0.506088
4.77132,4.71505,-0.563018
4.76136,5.83215,-0.57813
4.78445,6.92564,-0.40459
4.69195,7.98715,-0.424451
4.55449,9.06571,-0.414167
4.25974,10.0921,-0.381784
4.14641,11.1878,-0.271957
4.07442,12.2245,-0.260475
4.31119,13.2107,-0.433992
4.24079,14.2133,-0.402066
4.37837,15.1982,-0.631889
4.54606,16.124,-0.200934
4.69795,17.0406,0.157201
5.04808,17.105,-0.786349
5.04726,18.0791,-0.484149
5.06687,19.0624,-0.250233
5.80523,0.147996,-0.272897
5.7715,1.24856,-0.274151
5.84983,2.30849,-0.20365
5.72044,3.37653,-0.27868
5.67638,4.4202,-0.275143
5.69408,5.48745,-0.259288
5.73255,6.58554,-0.267351
5.63613,7.63531,-0.367208
5.50729,8.74567,-0.420682
5.29221,9.75542,-0.539201
5.13289,10.8344,-0.490741
5.04083,11.8395,-0.543538
5.27531,12.8384,-0.412958
5.23238,13.8647,-0.258367
5.32398,14.8134,-0.521143
5.55552,15.8027,-0.193909
5.67155,16.7447,0.178927
6.00992,17.2251,-0.702017
6.0575,18.1978,-0.445967
5.98225,18.9994,0.232072
6.84459,0.135405,-0.280642
6.78949,1.22691,-0.335603
6.86396,2.25567,-0.198422
6.74383,3.28296,-0.116749
6.68451,4.2904,-0.205957
6.77575,5.34991,-0.351488
6.75112,6.40656,-0.314496
6.6454,7.41669,-0.332215
6.51467,8.42591,-0.365664
6.37363,9.49781,-0.509098
6.22627,10.4974,-0.589377
6.11097,11.4847,-0.31637
6.22315,12.5188,-0.302942
6.25102,13.531,-0.324094
6.31026,14.5628,-0.372362
6.52876,15.5465,-0.418116
6.6223,16.4996,-0.0285043
6.99772,17.2405,-0.584576
7.0421,18.276,-0.473769
6.9928,18.9526,0.299094
7.84832,0.0180975,-0.182452
7.78025,1.0417,-0.209397
7.84536,2.10502,-0.244633
7.78686,3.16838,-0.244252
7.73375,4.19485,-0.332597
7.75971,5.19126,-0.405377
7.75908,6.20619,-0.536024
7.64804,7.22487,-0.25931
7.59799,8.2253,-0.322044
7.4404,9.25969,-0.493127
7.29222,10.2645,-0.556001
7.19843,11.3318,-0.317997
7.26424,12.3363,-0.261309
7.27842,13.3571,-0.394015
7.27301,14.3218,-0.0774987
7.49572,15.2837,-0.111884
7.59835,16.2407,0.107913
7.95262,17.1087,-0.221741
8.00773,18.1113,-0.223896
8.00573,19.0448,0.0799921
8.84718,-0.0791009,-0.245689
8.8279,0.978426,-0.31109
8.8548,1.97108,-0.113703
8.76087,2.96523,-0.182876
8.72573,4.02526,-0.255712
8.77137,5.03129,-0.294729
8.78471,6.11314,-0.2257
8.76053,7.12678,-0.346342
8.64663,8.1232,-0.521424
8.46284,9.13663,-0.540068
8.33283,10.0877,-0.496893
8.26809,11.1332,-0.284268
8.29149,12.1716,-0.28244
8.35546,13.2259,-0.434007
8.31897,14.2268,-0.22718
8.55044,15.2088,-0.145582
8.6507,16.1534,0.0956999
8.99309,17.0325,-0.239314
8.96924,17.9832,0.162102
9.06545,19.0397,0.119233
9.84625,-0.117634,-0.323475
9.82289,0.927732,-0.16411
9.89698,1.91424,-0.280087
9.78644,2.92116,-0.266143
9.76788,3.95962,-0.341392
9.7887,5.00962,-0.293338
9.76149,6.02898,-0.22664
9.74806,6.99149,-0.556478
9.70254,8.01831,-0.516123
9.51521,8.9937,-0.364486
9.38739,9.98217,-0.377572
9.32216,11.0504,-0.219178
9.36954,12.1058,-0.259178
9.41006,13.1346,-0.450557
9.34695,14.1845,-0.423371
9.5549,15.1502,-0.223594
9.70178,16.1596,-0.290332
10.0227,17.1458,-0.266399
10.0358,18.059,0.0549181
10.0801,19.0435,-0.137745
10.8603,-0.044789,-0.12465
10.8084,0.99415,0.0225684
10.9102,2.04834,-0.0597613
10.8403,3.06236,-0.076046
10.756,4.12669,-0.23975
10.7829,5.12829,-0.580456
10.806,6.09804,-0.26769
10.7596,7.08615,-0.391665
10.7163,8.10796,-0.528864
10.5798,9.09025,-0.434422
10.3887,10.0903,-0.42822
10.4225,11.104,-0.182327
10.442,12.1194,-0.2639
10.4941,13.107,-0.504654
10.4493,14.1159,-0.495566
10.5789,15.1038,-0.239537
10.696,16.0905,-0.242235
10.9597,17.0267,0.0693197
11.0588,18.0662,0.0508469
11.0288,19.0838,0.204932
11.856,0.0271065,-0.0878262
11.8439,1.01899,-0.0317545
11.9435,2.04395,-0.107086
11.8618,3.04605,-0.186111
11.8141,4.05262,-0.22512
11.7455,5.06552,-0.352727
11.8468,6.06737,-0.355214
11.8345,7.05935,-0.329991
11.7823,8.0871,-0.362477
11.5997,9.09601,-0.281008
11.5019,10.0969,-0.339769
11.5312,11.1026,-0.252071
11.4693,12.0579,-0.0694082
11.4864,13.1003,-0.216639
11.4466,14.1418,-0.116843
11.6167,15.1039,-0.199246
11.7539,16.0815,-0.187228
12.0466,17.0678,-0.0637959
12.0352,18.0405,0.136308
11.999,19.0708,0.0851772
12.8448,0.0228278,-0.275411
12.8726,0.983993,-0.246434
12.9088,1.99567,-0.462093
12.9032,2.98981,-0.129173
12.8237,4.00929,-0.196951
12.786,5.01247,-0.356429
12.8534,5.99615,-0.454955
12.8355,6.97811,-0.363567
12.8248,7.98918,-0.20083
12.633,8.99705,-0.133567
12.5741,9.9952,-0.180251
12.5856,10.9995,-0.26101
12.5446,11.9911,-0.143223
12.5344,13.0236,0.0416608
12.4818,14.0078,-0.0513657
12.6747,15.0489,-0.0466536
12.7686,16.0769,-0.192221
13.0417,17.0649,-0.149641
13.024,18.1117,-0.119462
13.0657,19.0748,0.147291
13.8827,-0.0635243,-0.242967
13.914,0.952754,-0.268615
13.9994,1.99413,-0.326429
13.9101,3.0047,-0.165462
13.8501,4.03457,-0.17944
13.8044,5.00999,-0.409818
13.8688,6.0471,-0.760134
13.8403,7.03998,-0.706488
13.9021,8.04293,-0.408234
13.6507,9.04763,-0.35775
13.5966,10.0628,-0.464559
13.6352,11.028,-0.285379
13.6048,12.0196,-0.0490677
13.6418,13.0083,-0.0941588
13.5837,14.0421,-0.14518
13.7181,15.0204,-0.0909696
13.7783,16.0009,-0.00185247
14.0493,16.9591,0.151595
14.0647,17.9287,0.014362
14.1037,18.9319,0.0887234
14.9087,-0.00778527,-0.199124
14.9298,0.993301,-0.260643
15.0438,2.03764,-0.440898
14.9721,3.06059,-0.4652
14.8434,4.03541,-0.205756
14.9079,5.04023,-0.345955
14.8408,6.01791,-0.389807
14.8354,7.04885,-0.539781
14.8624,8.04584,-0.600739
14.6735,9.0794,-0.512009
14.6754,10.0566,-0.335899
14.6432,11.0415,-0.178719
14.6721,12.021,-0.278738
14.7034,13.0045,-0.0881008
14.6375,14.0503,-0.201563
14.77,15.0711,-0.0649892
14.8527,16.0558,-0.0192938
15.0451,17.0936,-0.123313
15.1164,18.1509,0.000991852
15.0671,19.1561,-0.0430036
15.9447,-0.138475,-0.22306
15.9316,0.872637,-0.024485
15.9834,1.9174,-0.0727592
15.9469,2.90528,-0.302911
15.8148,3.89774,-0.368856
15.9107,4.95417,-0.361016
15.9015,6.00178,-0.352577
15.8797,7.03338,-0.522629
15.9249,8.08012,-0.532768
15.7525,9.09898,-0.471285
15.7645,10.0707,-0.385714
15.6806,11.0593,-0.230125
15.8081,12.0478,-0.10885
15.7404,13.0149,0.13379
15.6833,14.0043,-0.192901
15.796,14.9749,0.12425
15.8878,15.9965,0.0660512
15.9444,17.0085,0.37058
16.0556,18.0355,0.463244
16.0491,19.0283,0.340001
17.0318,-0.0266549,-0.178387
16.896,0.996155,-0.112442
16.993,2.01302,-0.0928953
16.9717,2.99132,-0.35598
16.8476,3.98989,-0.178014
16.9597,5.02445,-0.288498
16.9189,6.07582,-0.224369
16.9095,7.0608,-0.32981
16.9498,8.01908,-0.675915
16.8158,8.96099,-0.271899
16.8399,9.99087,-0.192691
16.6987,11.0052,-0.143843
16.9053,12.0295,-0.169845
16.7667,13.01,0.138389
16.798,14.0149,-0.0639271
16.8497,15.0454,0.144469
16.951,16.072,0.0774651
16.9539,17.0496,0.465184
17.0725,18.0642,0.433427
17.0495,19.0781,0.269372
18.0816,-0.142018,-0.108875
17.9757,0.875304,-0.20452
17.9943,1.92073,-0.160399
17.9082,2.92982,-0.00166631
17.8957,3.94558,-0.0945372
17.9746,5.01608,-0.293112
17.9179,6.03568,-0.230219
17.8973,7.02795,-0.285989
18.0024,8.05351,-0.315372
17.8612,9.04796,-0.310715
17.938,10.0886,-0.156914
17.7889,11.043,-0.391797
17.9312,12.0323,-0.292673
17.8201,12.994,0.138884
17.8934,13.9765,-0.0178869
17.9216,14.9594,0.146556
18.0258,15.9756,0.107709
17.9839,16.9458,0.117862
18.0553,17.8824,0.424586
18.0316,18.8736,0.34142
19.1361,0.0137272,-0.195477
19.0021,0.977602,-0.0200659
18.9532,1.99207,0.174914
18.9747,2.97547,-0.106623
18.9351,4.00335,-0.120722
18.9484,5.02708,-0.125852
19.0169,6.01132,-0.284256
18.8771,6.95957,-0.594717
19.0335,7.98364,-0.515714
18.9485,9.00546,-0.437477
18.9365,10.0381,-0.392407
18.8762,11.019,-0.3455
18.9596,12.0247,-0.339619
18.8974,12.9263,0.123566
18.9182,13.9284,0.0409986
18.9626,14.9753,0.0366436
19.0672,15.9733,0.0694235
18.9927,16.9683,0.0194006
19.1324,17.9815,0.176125
18.9973,18.988,0.153008
