0.149733,0.428721,-2.10023
0.14854,1.72782,-2.19561
0.109943,2.97798,-2.27593
0.163732,4.26543,-2.28596
0.155715,5.51116,-2.35178
0.149309,6.81508,-2.39249
0.0919462,8.06599,-2.39821
0.290139,9.28389,-2.34274
0.417881,10.4628,-2.34396
0.743803,11.617,-2.1841
1.18463,12.7233,-2.18563
1.0107,13.7297,-1.90305
0.506598,14.5403,-1.60593
0.433909,15.569,-1.63544
0.100665,16.4958,-1.36738
0.424088,17.4291,-1.11364
-0.187432,18.1557,-1.45932
0.109055,17.2673,-1.07663
0.0150884,18.2458,-0.697879
-0.0144719,18.9936,-0.0586383
0.850011,1.24715,-2.21042
0.888516,2.40875,-2.25873
0.999274,3.5923,-2.26547
1.04395,4.80979,-2.31054
1.06947,6.00932,-2.29484
1.10612,7.24662,-2.37124
1.12084,8.43935,-2.28889
1.28636,9.66561,-2.1399
1.45046,10.7883,-1.95893
1.74035,11.921,-1.73785
2.2182,13.009,-1.40529
2.00669,14.1078,-1.3421
1.43137,14.9327,-1.58401
1.46828,15.8892,-1.24162
1.07587,16.7226,-1.62954
1.54094,17.3603,-0.982498
0.903336,18.0431,-1.29605
1.14319,17.0968,-1.08895
0.980703,18.1056,-0.98486
0.831275,18.9974,-0.591644
1.83667,1.61317,-2.20262
1.8982,2.81317,-2.23228
1.96412,3.96122,-2.3271
1.99272,5.15715,-2.33053
2.03877,6.35593,-2.31319
2.11191,7.51257,-2.33088
2.18797,8.71796,-2.12967
2.31553,9.9598,-1.95911
2.3518,11.171,-1.58335
2.62784,12.4234,-1.13203
3.11561,13.6074,-0.502545
2.72901,14.936,-0.695633
1.9703,15.7547,-1.46111
2.43587,16.5076,-0.892792
1.75055,17.4517,-1.17531
2.59676,17.1118,-0.92425
1.95372,17.9473,-1.03052
2.16435,16.9819,-0.980914
1.9842,18.0273,-0.949174
1.77127,19.0537,-0.939027
2.84801,1.3055,-2.31538
2.92148,2.50302,-2.23871
2.94648,3.65839,-2.27105
2.9517,4.81935,-2.35524
3.00245,5.93057,-2.43742
3.01798,7.05149,-2.35319
3.05397,8.22302,-2.31898
3.09729,9.35696,-2.10754
3.11483,10.4742,-1.89835
3.18468,11.6556,-1.71627
3.20353,12.7492,-1.31681
3.02806,13.902,-1.17899
2.78858,14.8875,-1.42779
3.08029,15.8373,-1.32839
2.56,16.6843,-1.27991
3.3718,17.1927,-1.52612
2.9697,17.8264,-0.87824
3.03361,17.0421,-1.51869
2.94439,17.9881,-1.14459
2.81132,18.9931,-1.07488
3.83364,1.05532,-2.35674
3.89797,2.17893,-2.22254
3.89766,3.23988,-2.30157
3.90858,4.33777,-2.35148
3.88122,5.43051,-2.26635
3.93153,6.55921,-2.33565
3.99161,7.68441,-2.2788
3.97325,8.76829,-2.27838
3.98353,9.87013,-2.08289
3.93207,10.9804,-1.99434
3.79833,12.0776,-1.80457
3.71426,13.1016,-1.55586
3.60564,14.1457,-1.56582
3.81439,15.1797,-1.58246
3.49736,16.0976,-1.47674
4.27914,16.7735,-1.43841
3.98955,17.6107,-0.925269
3.94023,17.3364,-1.86619
3.86826,18.2585,-1.51937
3.82354,19.2085,-1.18105
4.88575,0.786258,-2.17505
4.89254,1.8315,-2.09373
4.84184,2.8554,-2.15309
4.80062,3.93327,-2.24642
4.78932,4.96377,-2.21026
4.77058,6.01725,-2.1762
4.8232,7.11586,-2.20231
4.82652,8.17113,-2.17591
4.81659,9.28432,-2.04198
4.73092,10.3439,-1.93502
4.6523,11.4502,-2.01489
4.50331,12.4464,-1.81042
4.44163,13.4523,-1.62818
4.6146,14.4816,-1.54747
4.46351,15.5095,-1.59471
5.13407,16.197,-1.22807
4.94403,17.1568,-1.05682
4.96216,17.207,-2.06237
4.84884,18.0006,-1.44581
4.81545,18.9683,-1.10543
5.76037,0.336338,-2.01537
5.77812,1.39962,-1.96339
5.83431,2.48549,-2.01707
5.74002,3.52138,-2.19857
5.80894,4.58847,-2.25289
5.76824,5.66981,-2.15164
5.8202,6.80457,-2.1416
5.81997,7.82898,-2.26487
5.78155,8.91859,-1.97972
5.644,9.90135,-1.878
5.53844,10.9674,-1.92257
5.49192,11.9787,-1.84579
5.39935,12.98,-1.62578
5.45457,13.9922,-1.28125
5.38086,15.0162,-1.3816
5.99875,15.8157,-1.55805
5.90374,16.7257,-1.14989
5.95552,17.2989,-1.9681
5.86222,18.0561,-1.37063
5.81796,18.9778,-0.962801
6.78588,0.201526,-1.92663
6.79214,1.20823,-1.84505
6.83344,2.27876,-1.86116
6.79752,3.33319,-1.98838
6.77299,4.39814,-2.01165
6.78032,5.42758,-2.02244
6.80446,6.47816,-2.05277
6.79336,7.52273,-2.03568
6.74292,8.51597,-1.73708
6.67029,9.5773,-1.79245
6.51224,10.6149,-1.82652
6.53457,11.6789,-1.71917
6.43721,12.6948,-1.6959
6.47941,13.5666,-1.20655
6.29743,14.5753,-1.34718
6.88468,15.3809,-1.51748
6.87264,16.3143,-1.09979
6.98373,17.1258,-1.66068
6.89177,18.0425,-1.208
6.84039,18.9131,-0.702838
7.81869,-0.0264748,-1.89986
7.82955,1.04262,-1.82542
7.81953,2.08404,-1.95425
7.8098,3.15183,-1.83766
7.81487,4.2178,-1.94373
7.81615,5.28029,-2.01584
7.79359,6.35274,-1.86141
7.75676,7.34436,-1.89042
7.71412,8.38685,-1.95329
7.67935,9.38367,-1.72181
7.46442,10.3272,-1.56775
7.50792,11.3491,-1.54392
7.38498,12.3788,-1.35711
7.43599,13.325,-1.00648
7.38511,14.3302,-1.25434
7.85322,15.2197,-1.18651
7.97194,16.2553,-1.02888
8.00262,17.0175,-1.68484
7.97727,18.0011,-1.35419
7.84177,18.8458,-0.724216
8.85257,-0.101004,-1.68395
8.84201,0.8914,-1.75484
8.81996,1.93547,-1.87041
8.81104,3.01788,-1.82589
8.78271,4.04291,-1.70621
8.78021,5.1,-1.79247
8.76531,6.17048,-1.6582
8.80136,7.1439,-1.85958
8.73807,8.16626,-1.92892
8.73779,9.18779,-1.73031
8.47243,10.1809,-1.58879
8.51567,11.1783,-1.4741
8.49057,12.2004,-1.32943
8.4632,13.2542,-1.2532
8.45219,14.2537,-1.24028
8.79946,15.1972,-1.32191
9.008,16.1774,-1.11496
9.0111,17.1284,-1.4564
8.94391,18.0343,-1.05371
8.84,19.0311,-0.656957
9.8343,-0.264693,-1.415
9.8634,0.813654,-1.52616
9.74624,1.86619,-1.44667
9.88433,2.91532,-1.66928
9.78513,3.9474,-1.66922
9.83009,4.99371,-1.75762
9.81792,6.02152,-1.77302
9.79228,7.02847,-1.78137
9.71252,8.02965,-1.79777
9.78384,9.05305,-1.75237
9.47562,10.0375,-1.6424
9.58318,11.1267,-1.54588
9.50712,12.1141,-1.30576
9.51598,13.1148,-1.29859
9.48426,14.1361,-1.18272
9.85063,15.067,-1.27223
9.99654,16.0872,-1.19845
9.95694,17.1397,-1.17356
9.99696,18.1109,-0.967855
9.88551,19.0773,-0.789462
10.8428,-0.180419,-1.2988
10.8627,0.801559,-1.41595
10.7876,1.83182,-1.24221
10.8683,2.85338,-1.44352
10.8085,3.86157,-1.57833
10.9242,4.90963,-1.60407
10.8732,5.90559,-1.79423
10.8057,6.90133,-1.71121
10.7813,8.00696,-1.71045
10.8104,9.0338,-1.63124
10.4685,9.98876,-1.41396
10.5504,11.0668,-1.37732
10.5541,12.1242,-1.33547
10.5824,13.1959,-1.2412
10.5305,14.1914,-1.29511
10.8732,15.1426,-1.17271
10.9784,16.1415,-1.05142
10.9787,17.1716,-1.09706
10.9874,18.1404,-0.82873
10.904,19.1324,-0.7536
11.8861,-0.0144139,-1.18663
11.8488,0.983911,-1.0542
11.8227,1.9827,-1.23779
11.8354,3.09311,-1.17427
11.7892,4.07751,-1.4037
11.9458,5.03589,-1.56091
11.8715,6.00996,-1.5699
11.8067,7.01725,-1.46672
11.8433,8.04563,-1.68881
11.816,9.12376,-1.64843
11.5383,10.0333,-1.43961
11.5842,11.0859,-1.32248
11.5623,12.0674,-1.49352
11.5937,13.0896,-1.27891
11.6066,14.0804,-1.33347
11.8809,15.0249,-1.03489
11.9684,16.0797,-1.18331
11.9759,17.0416,-0.997217
11.973,18.0353,-0.883077
11.925,19.0298,-0.778829
12.9662,-0.0738823,-1.3645
12.8627,0.94929,-1.14609
12.8454,1.95677,-1.1119
12.8221,2.93984,-1.33323
12.8258,3.90792,-1.51707
12.9507,4.87909,-1.68808
12.9178,5.95089,-1.72308
12.8492,6.95961,-1.49845
12.8373,7.96888,-1.37301
12.8669,8.99733,-1.34704
12.6073,10.0017,-1.34514
12.6543,11.0422,-1.3687
12.6708,12.1129,-1.33734
12.6378,13.1595,-1.2668
12.6176,14.1365,-1.28553
12.899,15.0838,-1.18986
13.0301,16.0986,-1.14966
12.9774,17.0961,-1.00058
12.9404,18.1259,-0.774932
12.9895,19.1495,-0.681039
13.9638,-0.244349,-1.2781
13.8736,0.762697,-1.21363
13.8893,1.78545,-1.15981
13.8225,2.79593,-1.31764
13.8211,3.81928,-1.28681
13.9473,4.83356,-1.52234
13.9105,5.9273,-1.59988
13.8483,6.945,-1.36233
13.8712,8.00534,-1.37404
13.8789,9.01551,-1.51945
13.6415,9.97675,-1.32996
13.6657,11.0068,-1.15303
13.724,12.0744,-1.30433
13.6754,13.0792,-1.2438
13.7009,14.1438,-1.25283
13.9296,15.1509,-1.16961
14.0459,16.1862,-1.22342
14.0051,17.1773,-1.03771
13.9968,18.1814,-0.630113
14.0381,19.2391,-0.721601
15.0023,-0.280291,-1.28343
14.8793,0.73144,-1.07433
14.9466,1.80556,-1.07783
14.9008,2.7873,-1.23031
14.865,3.78903,-1.16041
14.9174,4.76679,-1.34019
14.8661,5.8323,-1.41346
14.8347,6.88408,-1.06709
14.8783,7.89963,-1.23751
14.8882,8.88634,-1.38522
14.6728,9.90438,-1.26915
14.715,10.9199,-1.23273
14.7547,11.9909,-1.16822
14.7706,13.0605,-1.27572
14.7665,14.0997,-1.09318
14.9285,15.0805,-0.98995
15.0696,16.1138,-1.08242
15.0298,17.154,-0.878109
15.0524,18.1767,-0.703119
15.05,19.2053,-0.900772
16.0189,-0.21446,-1.19927
15.8984,0.813749,-1.06321
15.9666,1.81267,-1.18736
15.8878,2.83935,-1.11149
15.8763,3.82,-1.37386
15.9134,4.88912,-1.26901
15.9605,5.88797,-1.35257
15.8496,6.90539,-1.19808
15.8872,7.95858,-1.06567
15.8758,8.98703,-1.19135
15.7335,10.0019,-1.10741
15.7553,11.0224,-1.13971
15.7885,12.0467,-1.20338
15.8066,13.0631,-1.04628
15.7695,14.0561,-0.857933
15.9293,15.0751,-0.962441
16.0847,16.0658,-1.03259
16.0476,17.1295,-0.92581
16.0829,18.1543,-0.703354
16.057,19.1524,-0.671688
17.0525,-0.23787,-1.22698
16.9052,0.7644,-1.18066
17.0193,1.83884,-1.20452
16.9061,2.86353,-1.10916
16.8598,3.8402,-1.37859
16.9245,4.85606,-1.23708
16.9673,5.88215,-1.22483
16.8779,6.98254,-1.15902
16.9036,8.02549,-1.19225
16.9079,9.03911,-0.997613
16.7593,10.0434,-1.13925
16.8619,11.033,-1.2939
16.802,12.104,-1.30522
16.8287,13.0895,-0.95179
16.9072,14.0888,-1.02891
16.9815,15.1777,-0.942189
17.1166,16.1721,-0.898181
17.0748,17.1683,-0.833982
17.1431,18.1511,-0.673721
17.0871,19.1418,-0.501172
18.1542,-0.25594,-1.17172
17.9437,0.783871,-1.17462
17.9964,1.79369,-1.20938
17.9419,2.79241,-1.13865
17.8572,3.77817,-1.0716
17.8905,4.82559,-1.19051
18.0055,5.87252,-1.17608
17.9098,6.90094,-1.07149
17.8882,7.93514,-1.0506
17.9724,8.99328,-1.13474
17.7798,9.96229,-1.28329
17.9083,11.0183,-1.25998
17.8871,12.0751,-1.27516
17.878,13.0679,-1.01151
17.8939,14.0617,-0.882083
18.0171,15.0495,-1.0532
18.1481,16.0583,-1.07713
18.0494,17.0895,-0.718424
18.1522,18.1127,-0.566192
18.0295,19.0216,-0.0973754
19.0665,0.0641011,-0.92432
18.9397,1.01534,-1.18991
19.0152,2.00878,-1.15995
19.0059,3.01743,-1.07031
18.8528,4.02915,-1.15938
18.8847,5.04629,-0.984173
19.0774,6.01871,-1.21453
18.9044,6.99542,-1.12759
18.9028,8.01407,-1.20526
19.0588,9.01069,-1.03737
18.8462,10.0507,-1.17758
18.9357,11.0861,-1.20784
18.942,12.1059,-1.07266
18.8748,13.1108,-0.992822
18.9243,14.1279,-0.832676
18.9888,15.159,-0.796521
19.0975,16.1541,-0.736058
19.0416,17.1896,-0.489596
19.1993,18.2212,-0.36368
18.9952,19.0477,0.141423
