0.150771,0.42028,-2.1379
0.122465,1.70843,-2.24011
0.0870907,2.99899,-2.30217
0.145293,4.25585,-2.37009
0.14919,5.50309,-2.45649
0.147227,6.77852,-2.54295
0.105258,7.99229,-2.59199
0.283624,9.20012,-2.48736
0.407782,10.4541,-2.3217
0.737825,11.5635,-2.13718
1.1402,12.6916,-1.98978
0.970586,13.7406,-1.79656
0.521659,14.6698,-1.91105
0.469329,15.6403,-1.72152
0.100342,16.56,-1.46147
0.393887,17.4477,-1.03488
-0.185702,18.2736,-1.11492
0.0935423,17.2987,-1.11203
0.0247993,18.1793,-0.667879
-0.016776,18.9944,-0.0655385
0.861931,1.22287,-2.28962
0.909061,2.37464,-2.32473
0.96393,3.51979,-2.43534
1.05765,4.73271,-2.48126
1.06835,5.98897,-2.45798
1.07597,7.22076,-2.44296
1.0885,8.40971,-2.42299
1.2615,9.57906,-2.32357
1.50803,10.8025,-2.13204
1.83924,11.9941,-1.96216
2.30606,13.1403,-1.72325
2.08194,14.2179,-1.63637
1.48876,14.9741,-1.8417
1.4978,15.9378,-1.47321
0.932655,16.5983,-0.922248
1.47737,17.3945,-1.11028
0.858553,18.134,-1.01022
1.0686,17.1844,-0.922633
1.02985,18.2047,-0.823191
1.02532,19.0035,-0.178607
1.83526,1.61084,-2.25307
1.8654,2.78234,-2.18775
1.90014,3.95716,-2.29442
1.94473,5.12556,-2.30214
2.04336,6.35878,-2.32303
2.02357,7.54473,-2.35271
2.05979,8.78555,-2.25536
2.2097,10.0333,-2.10936
2.49262,11.3304,-1.95629
2.85286,12.6025,-1.80199
3.50998,13.8863,-1.50702
3.02262,15.0969,-1.28343
1.82526,15.7523,-1.21729
2.44514,16.6395,-1.34704
1.67915,17.41,-1.0117
2.42247,16.9123,-1.21941
1.95143,17.8916,-0.925715
1.99907,17.0173,-1.3604
2.07509,18.0415,-1.06011
1.85714,19.0399,-0.889935
2.83369,1.2802,-2.30123
2.79516,2.44895,-2.38578
2.83137,3.58887,-2.41803
2.9041,4.76156,-2.27883
2.95391,5.90598,-2.31868
2.95475,7.07343,-2.34839
2.97967,8.25536,-2.26174
3.07207,9.38639,-2.06337
3.21221,10.5493,-2.08262
3.31216,11.7049,-1.88466
3.27598,12.8833,-1.68892
3.11503,13.9924,-1.50297
2.64919,14.9336,-1.5476
3.05857,15.8634,-1.49349
2.48353,16.6416,-1.259
3.14494,17.4527,-1.64162
2.95992,17.7438,-0.715201
3.01457,17.1846,-1.60446
3.10483,18.0097,-0.981899
2.88618,19.0063,-0.969729
3.79277,1.04126,-2.22577
3.80042,2.18313,-2.2302
3.85513,3.27687,-2.28456
3.8835,4.41206,-2.1943
3.84881,5.47514,-2.28267
3.83563,6.52652,-2.13548
3.7849,7.62884,-2.22323
3.82045,8.68213,-2.16286
3.87917,9.76323,-2.12034
3.86826,10.8339,-1.94416
3.71927,11.9136,-1.72088
3.63723,12.9922,-1.63008
3.40547,14.0683,-1.59831
3.60915,15.0426,-1.56746
3.42214,16.0578,-1.33518
3.98765,16.9172,-1.44765
4.04024,17.6476,-0.772518
4.04989,17.3921,-1.79741
4.08124,18.1763,-1.16608
3.90599,19.1751,-0.813767
4.79769,0.787027,-2.18261
4.77886,1.87448,-2.0842
4.79032,2.95242,-2.07956
4.84853,4.02228,-2.0454
4.76433,5.08954,-2.1457
4.83685,6.14752,-2.14435
4.77227,7.17811,-2.25206
4.71445,8.20651,-2.16253
4.78057,9.25792,-1.96864
4.79493,10.3121,-1.83013
4.61631,11.3522,-1.75581
4.48145,12.4306,-1.80935
4.27884,13.4694,-1.62371
4.43455,14.4799,-1.57482
4.32636,15.4936,-1.42726
4.86554,16.3582,-1.61163
4.91258,17.1927,-1.0759
5.11847,17.5108,-1.99604
5.01999,17.9295,-1.00592
4.88468,18.9566,-1.08203
5.73993,0.356221,-1.9866
5.68835,1.4311,-2.03334
5.7169,2.51822,-2.14703
5.7636,3.57263,-2.132
5.67651,4.6248,-2.06275
5.73649,5.66882,-2.16223
5.70152,6.76826,-2.2078
5.64041,7.77023,-2.09019
5.67064,8.81723,-2.04619
5.70489,9.87411,-1.94353
5.56867,10.912,-1.82624
5.48229,12.0186,-1.73034
5.27316,13.0412,-1.52699
5.4265,14.0301,-1.66493
5.27354,15.0433,-1.42621
5.74933,15.8513,-1.80779
5.74144,16.8228,-1.53883
6.09196,17.5748,-2.10225
6.04874,18.0455,-1.19875
5.85492,19.01,-0.901584
6.77118,0.203699,-1.98516
6.70214,1.26109,-1.87179
6.75724,2.3171,-2.15066
6.72784,3.36226,-2.20885
6.66481,4.37263,-2.0971
6.71411,5.42096,-1.96349
6.70182,6.42535,-2.01465
6.62751,7.4724,-2.10234
6.69306,8.52959,-1.84113
6.73494,9.5979,-1.84976
6.57057,10.6039,-1.87151
6.46906,11.6545,-1.81419
6.3029,12.6719,-1.64452
6.3759,13.6536,-1.70326
6.26423,14.6346,-1.37702
6.77307,15.4901,-1.65366
6.75495,16.4648,-1.41237
7.03988,17.3361,-1.83017
7.08041,18.0436,-1.14639
6.86237,18.8889,-0.646379
7.79912,-0.0310526,-1.91396
7.71944,1.05853,-1.95237
7.74782,2.1103,-2.06161
7.73498,3.16706,-1.97018
7.66389,4.19995,-1.95812
7.67126,5.22864,-1.98647
7.67552,6.29596,-2.06036
7.65171,7.35684,-1.99594
7.68286,8.35106,-1.79181
7.7064,9.35673,-1.9948
7.53441,10.312,-1.83652
7.40711,11.3521,-1.62493
7.29078,12.3742,-1.51527
7.31998,13.4072,-1.23446
7.35392,14.4282,-1.28447
7.74329,15.3678,-1.39626
7.72165,16.2771,-1.0027
7.97175,17.0802,-1.52325
8.02399,17.8233,-0.783789
7.84281,18.825,-0.867821
8.80827,-0.101828,-1.7001
8.69622,0.916803,-1.93905
8.75419,1.95608,-1.77951
8.72038,2.99458,-1.76138
8.68165,4.02554,-1.69252
8.64133,5.07283,-1.88835
8.69714,6.0781,-2.05932
8.68073,7.14159,-2.00839
8.66609,8.15026,-1.91477
8.65704,9.1465,-1.83699
8.60469,10.2304,-1.84471
8.441,11.2922,-1.75152
8.414,12.2839,-1.42981
8.36391,13.306,-1.25556
8.41543,14.3066,-1.37235
8.77085,15.285,-1.24735
8.73314,16.2742,-1.13401
8.95103,17.27,-1.43021
9.05521,18.0403,-0.837956
8.83731,19.0279,-0.963402
9.84184,-0.250542,-1.52352
9.73102,0.82122,-1.63196
9.78221,1.85688,-1.54681
9.7601,2.88442,-1.70972
9.73293,3.95538,-1.65244
9.70957,5.01575,-1.86123
9.72946,6.0259,-2.04029
9.69844,7.10955,-1.95649
9.66236,8.09883,-1.90665
9.71056,9.11395,-1.60423
9.68671,10.1608,-1.61433
9.48861,11.1434,-1.69033
9.49499,12.2017,-1.51822
9.41185,13.1996,-1.27951
9.46036,14.2126,-1.16802
9.76121,15.1942,-1.26045
9.80716,16.1738,-1.11574
9.93881,17.1663,-1.28724
10.0074,18.0761,-0.950639
9.80238,19.079,-0.821311
10.8847,-0.156066,-1.29051
10.7149,0.878283,-1.3363
10.8085,1.90704,-1.42193
10.7744,2.96819,-1.47611
10.7159,4.03365,-1.40584
10.6982,5.01606,-1.68462
10.7743,6.04522,-1.86258
10.776,7.03576,-1.80043
10.6872,8.06515,-1.8734
10.7258,9.1155,-1.70862
10.7148,10.099,-1.62839
10.5383,11.1163,-1.53935
10.505,12.136,-1.46332
10.4941,13.056,-1.11629
10.509,14.1068,-1.06795
10.7592,15.082,-1.19077
10.8691,16.1128,-1.0857
10.9449,17.1158,-1.12677
11.0946,18.096,-0.909824
10.8216,19.0499,-0.813886
11.8169,0.00183111,-0.97315
11.7567,0.94452,-1.32884
11.8505,1.98468,-1.17421
11.808,2.95677,-1.31852
11.7318,3.98214,-1.24771
11.7172,5.01146,-1.42804
11.7702,5.97681,-1.74988
11.7754,7.03383,-1.7617
11.7065,8.11711,-1.75225
11.7317,9.11512,-1.56401
11.719,10.1727,-1.44529
11.5222,11.142,-1.2612
11.5587,12.1472,-1.3484
11.5829,13.1314,-1.17541
11.5274,14.1413,-1.2288
11.8253,15.1354,-1.12
11.8837,16.1576,-1.24573
11.97,17.1871,-1.23363
12.0947,18.0547,-0.731419
11.8876,19.0354,-0.756902
12.8244,-0.0609516,-0.880361
12.8207,0.924906,-1.08924
12.9026,1.9141,-1.10539
12.8385,2.9277,-1.16401
12.8061,3.91786,-1.34531
12.757,4.9097,-1.54472
12.8352,5.98149,-1.61738
12.8035,7.01129,-1.62847
12.7252,8.04864,-1.6024
12.7302,9.06019,-1.53876
12.7719,10.0546,-1.52359
12.5864,11.068,-1.50785
12.5494,12.1121,-1.38607
12.6052,13.1159,-1.18435
12.5227,14.1267,-1.09695
12.8258,15.1214,-1.17091
12.8883,16.1877,-1.16887
12.9627,17.1915,-1.00261
13.0996,18.1473,-0.641063
13.0057,19.141,-0.712476
13.8583,-0.223588,-0.991855
13.907,0.803595,-1.13978
13.8823,1.84131,-0.947505
13.883,2.83337,-1.17727
13.8505,3.9027,-1.26807
13.7417,4.87694,-1.66267
13.8979,5.94699,-1.59713
13.823,6.95371,-1.50941
13.7394,7.99618,-1.5418
13.7406,9.00637,-1.51838
13.7893,10.0616,-1.30681
13.6074,11.0451,-1.33104
13.6115,12.069,-1.40992
13.6655,13.071,-1.1357
13.6241,14.1177,-1.07042
13.8368,15.1792,-0.958513
13.9548,16.1572,-0.961007
13.9827,17.1988,-0.74167
14.1086,18.2006,-0.674587
14.07,19.2196,-0.779202
14.9534,-0.2639,-1.12613
14.93,0.766781,-1.09235
14.8839,1.81379,-1.06899
14.903,2.84664,-1.20718
14.8949,3.85171,-1.34705
14.7572,4.90551,-1.40968
14.9306,5.92029,-1.40916
14.8378,6.96688,-1.46553
14.7603,7.99459,-1.42529
14.7332,8.9541,-1.19893
14.8006,9.96709,-1.21588
14.7266,11.0084,-1.11842
14.6557,12.0721,-1.29553
14.6783,13.1153,-1.09716
14.6594,14.1372,-1.11328
14.8709,15.12,-1.12389
14.9922,16.0954,-0.753566
15.017,17.102,-0.670382
15.0831,18.1903,-0.416788
15.0644,19.2119,-0.571578
16.0436,-0.201038,-1.08809
15.962,0.811917,-1.03279
15.891,1.89341,-0.948213
15.9321,2.87564,-1.25539
15.8845,3.91012,-1.43517
15.797,4.90356,-1.46056
15.985,5.92174,-1.50394
15.881,6.92684,-1.4908
15.7777,7.9318,-1.30884
15.799,8.97701,-1.25916
15.8511,9.98824,-1.22899
15.7442,11.0592,-1.16343
15.6849,12.0851,-1.22682
15.7485,13.1118,-1.11354
15.76,14.1429,-1.05957
15.8665,15.1389,-0.960387
16.0029,16.0821,-0.662825
16.0592,17.1577,-0.673772
16.1399,18.1532,-0.593866
16.0479,19.1633,-0.484024
17.0537,-0.229664,-0.8683
16.9373,0.744002,-1.07039
16.9397,1.76535,-0.997162
16.9307,2.81741,-1.02732
16.8457,3.87115,-1.0332
16.8092,4.87767,-1.16124
17.0031,5.86492,-1.46677
16.9268,6.88942,-1.41698
16.8003,7.90455,-1.263
16.9166,8.98277,-1.24579
16.8814,10.0505,-1.24337
16.7914,11.0701,-1.23645
16.8083,12.0742,-1.09607
16.7856,13.0613,-1.12373
16.7928,14.1254,-1.0878
16.9826,15.112,-0.902561
17.06,16.0858,-0.85504
17.0672,17.0757,-0.567281
17.1436,18.0953,-0.634721
17.0577,19.131,-0.51157
18.0775,-0.252049,-1.09517
17.9721,0.776116,-1.01824
17.948,1.85091,-1.06399
17.9911,2.87898,-1.03524
17.8553,3.89281,-1.24468
17.8534,4.91709,-1.31746
18.0481,5.96171,-1.33359
17.9041,6.99099,-1.15233
17.8254,8.03912,-1.20236
17.9792,9.03128,-1.25591
17.8673,10.0715,-1.18472
17.8966,11.1176,-1.15252
17.8786,12.1229,-1.02128
17.8496,13.1396,-0.912741
17.8741,14.1839,-0.979455
18.0173,15.1353,-1.15058
18.0781,16.1284,-0.767183
18.0999,17.1262,-0.598901
18.1517,18.1866,-0.509024
17.9572,19.0088,0.0711203
19.0652,0.0656911,-0.904736
18.9511,1.0415,-0.976534
19.0077,2.00245,-0.821982
19.0156,3.00811,-1.04934
18.8563,3.98117,-1.15894
18.8748,5.00237,-1.14165
19.0848,5.95619,-1.2976
18.9804,6.92568,-1.09348
18.8805,7.98623,-1.04866
19.0674,8.98708,-1.01434
18.8656,9.98691,-1.03494
18.9495,11.0392,-1.16728
18.9361,12.0597,-1.1883
18.866,13.101,-0.91861
18.9276,14.1272,-0.970586
19.007,15.1636,-0.810535
19.0985,16.1792,-0.684698
19.0338,16.9995,-0.154234
19.1084,18.0585,-0.0998047
18.9952,19.0477,0.141423
