0.00840175,0.0581408,0.281463
0.960991,0.0265755,-0.11193
1.94214,0.000347911,0.0639424
3.00192,-0.0289865,0.16726
3.99008,0.01348,0.238133
4.93162,-0.0215247,-0.0685049
5.93708,0.0190252,-0.025898
6.95896,-0.0348888,-0.171007
7.936,0.0540422,-0.0610553
8.93981,-0.0114566,-0.0629719
9.94251,0.0638752,-0.0716147
10.9477,0.0284707,0.039378
11.9289,0.0318583,0.210849
12.9146,-0.0385296,0.0202551
13.921,-0.0297159,-0.288989
14.9593,-0.0281014,-0.218696
15.9918,0.0335917,0.0207434
16.9536,-0.0344829,-0.291064
17.9628,-0.0145634,-0.358464
19.0067,-0.00470595,-0.130198
-0.0171087,1.08788,0.253206
0.920917,1.09324,-0.0784295
1.95643,1.04816,1.52593e-05
2.94716,0.957418,-0.0555956
3.93179,0.817524,-0.350481
4.95634,1.01476,-0.20846
5.96616,1.00553,-0.0331706
6.94666,0.903104,0.244819
7.98748,1.03181,0.155974
8.97781,1.03109,-0.0114872
9.99083,1.07194,0.127116
10.9736,1.02947,0.044966
11.9698,1.01333,0.0561693
13.002,0.951329,0.0910428
13.9871,0.879946,0.0803797
14.9669,1.02011,-0.166735
15.9784,1.04623,-0.298962
17.0045,0.981613,-0.327473
17.9885,1.0368,-0.304764
18.9603,1.02192,-0.107898
0.0158422,2.08341,0.124195
0.989257,2.06258,0.309091
1.99691,2.00448,-0.0761986
2.96987,1.96443,0.255098
3.88865,1.83604,-0.174465
4.89559,1.98078,0.0897458
5.90454,1.92935,0.274432
6.92979,1.96052,0.190823
7.95316,2.06395,-0.0150914
8.98902,2.04362,-0.0640339
9.94402,2.06091,0.231455
10.913,2.06355,-0.0696402
11.9279,2.02642,0.0134281
12.9179,1.94873,0.162185
13.9402,1.85952,-0.00493179
14.948,2.02511,-0.0269295
15.9494,2.03267,-0.207691
16.9502,2.00965,-0.421549
17.968,2.06488,-0.340617
18.9873,2.03366,-0.0611408
-0.0149876,3.11592,-0.011417
0.987155,3.03133,0.0658803
1.99289,2.99246,0.0669973
2.98357,2.87316,-0.0988708
3.9704,2.89103,-0.13599
4.86446,2.98317,0.284829
5.85184,2.90477,0.363933
6.87352,2.96418,0.115445
7.87597,3.0719,-0.124592
8.78075,2.97398,0.319483
9.73377,3.01366,0.0516404
10.8091,3.1033,0.0623951
11.8234,3.0869,0.0737663
12.9023,2.95469,0.118876
13.958,2.89504,0.00761132
14.9684,2.98468,0.226145
15.9709,3.0547,-0.0648061
16.9336,3.04165,-0.292602
17.9407,3.01331,-0.103684
18.9901,3.0772,-0.200754
0.0192572,4.15212,-0.0029664
1.00559,4.05682,0.147758
1.99554,4.08936,0.0191626
2.93735,3.89564,-0.358348
3.86443,3.86609,0.13394
4.86167,3.98512,0.286962
5.94323,3.95399,0.337312
6.89031,3.94053,0.0377361
7.92776,4.06809,0.12924
8.96318,3.92887,0.0903836
9.94657,4.03936,-0.156841
10.915,4.07753,-0.10694
11.9085,4.05713,0.134272
12.9572,3.93207,0.204962
13.9736,3.92512,0.0556688
14.9897,3.97884,-0.0127842
16.0062,4.08198,0.0107883
16.9781,4.04708,-0.0825282
18.007,4.03851,-0.281713
19.0469,4.1155,-0.279012
0.00641499,5.13119,0.218714
0.967495,5.06172,-0.0761223
1.95899,5.07845,0.236116
2.84061,4.91175,-0.221204
3.87309,4.9314,-0.00310984
4.8904,4.96357,0.0105991
5.9633,4.92311,-0.0674032
6.95453,4.93785,0.0674398
7.94366,5.0904,-0.0529862
8.98196,4.97626,0.0505142
9.96443,5.00256,0.108872
10.9058,5.05541,-0.206455
11.9139,5.01126,-0.228462
12.9115,4.90295,-0.0878903
13.9463,4.87966,-0.218323
14.9475,4.99773,-0.0414777
15.9248,5.08242,-0.241758
16.9525,5.04251,-0.262355
17.9905,5.07449,-0.306189
19.0452,5.12962,-0.223493
0.00392773,6.09723,-0.107514
0.999881,6.06756,0.0557665
1.97582,6.10587,0.174035
2.98365,5.92836,-0.144603
4.01187,5.98068,-0.112354
4.99825,5.94723,0.117283
5.96331,5.90169,0.262832
6.95963,6.0057,0.179833
7.99796,6.1111,0.155098
9.01354,6.04635,0.216071
10.0406,6.06941,0.22562
10.9756,6.07772,-0.328565
11.9997,6.01802,-0.22599
13.0413,5.89363,-0.35005
14.0115,5.94043,-0.223634
15.0231,6.00063,-0.098114
16.03,6.04964,-0.0960204
17.0239,6.02682,-0.412848
17.9926,6.10103,-0.318018
19.0343,6.12416,-0.207639
0.0295114,7.08713,-0.153087
1.04115,7.01402,-0.231199
2.04434,7.078,-0.107855
3.02316,6.95094,0.0833522
4.00325,6.96804,-0.262905
4.91338,6.98163,0.160289
5.95958,6.96113,0.162496
6.90243,7.0355,-0.191137
7.82341,7.12398,0.143175
8.81994,7.09489,0.0788446
9.86642,7.09075,0.325709
10.8227,6.96972,0.0728568
11.8444,7.01961,-0.116614
12.9173,6.87702,-0.30383
13.9974,6.98502,-0.212555
15.0657,7.06419,-0.110068
16.0969,7.02233,0.0858455
17.0199,7.10511,-0.288632
17.9737,7.10163,-0.0170751
19.005,7.09263,-0.181961
0.0460585,8.09723,-0.173852
1.03112,8.05277,0.0424574
2.06943,8.09221,-0.158177
3.06237,7.98828,-0.0128208
4.01751,7.95872,-0.314246
5.01062,8.00981,0.0129643
6.00846,8.00682,0.178091
7.00736,8.07104,-0.102356
7.9583,8.09117,0.179336
8.96819,8.09571,0.295999
9.94979,8.06126,0.118348
10.9238,7.95327,-0.0184088
11.9667,7.99421,0.0162725
12.9588,7.93285,-0.206317
13.9441,7.99086,-0.139653
14.9487,8.07726,-0.215598
16.0011,8.02011,0.0122379
17.0211,8.08479,0.055089
18.0011,8.10014,0.208197
19.037,7.97958,0.307321
0.0119877,9.04881,0.154955
0.939897,9.07815,-0.179064
1.9595,9.09571,-0.390551
2.97676,8.95846,-0.423359
3.98562,9.02338,-0.398743
4.88477,8.99277,0.0981597
5.93275,9.04806,0.111151
6.86633,9.06426,-0.229514
7.86496,9.02616,-0.146199
8.86461,9.06529,-0.0502884
9.87402,9.01723,-0.252861
10.9551,8.96073,-0.28265
11.9265,9.02586,-0.15739
12.9257,8.93986,-0.207395
14.0121,9.00464,-0.250005
14.9818,9.0566,-0.141789
15.9592,8.99138,0.201794
17.0173,9.0692,0.288055
17.9666,9.1419,-0.0468276
18.9775,8.87918,-0.157341
0.0679403,10.0784,0.016187
1.06702,10.0738,0.0263924
2.06076,10.0381,-0.0907804
3.06224,9.90338,-0.0706534
4.0168,9.9434,0.119477
5.01686,10.0141,-0.129872
6.01874,10.0214,-0.144743
6.97994,10.0512,-0.41319
7.96821,10.0577,-0.338398
8.94042,10.093,-0.094705
9.90795,10.0745,-0.180917
10.9006,9.9533,-0.0469924
11.9741,10.0665,-0.0574755
12.9842,9.92687,-0.243446
13.9572,9.9895,-0.0559771
14.9152,10.0104,0.177184
15.9455,9.98136,0.00725425
16.9489,10.0604,0.0590411
17.9854,10.1701,0.020188
18.9951,9.90178,-0.276025
0.0279397,11.0599,0.230479
1.00662,11.0786,0.00383312
2.00798,11.0094,0.153417
2.99461,10.9373,-0.0336406
4.00369,10.9332,-0.0312204
5.03966,11.0114,-0.174972
5.9987,10.9813,0.143629
6.96582,11.0409,-0.154939
8,11.0656,-0.346828
8.98086,11.1073,-0.167968
10.001,11.062,-0.230827
11.0292,10.9742,-0.274429
12.0047,11.1063,-0.212622
12.9392,10.9735,-0.428712
13.9179,10.9745,-0.185873
14.9565,10.9827,-0.100458
16.0023,10.9585,0.0280313
17.0448,11.1032,0.0931974
18.0748,11.1369,0.0514298
19.015,10.9427,-0.211228
0.0131138,12.0806,0.324244
1.00028,12.0364,0.411121
2.12051,12.0043,0.360909
2.92557,11.8983,-0.266469
3.8889,11.9481,0.0626667
4.87432,12.0617,-0.0224738
5.908,11.9933,0.0261605
6.90554,12.0406,-0.00905179
7.89621,12.0422,0.00876186
8.82508,12.0876,-0.377615
9.84566,12.0268,-0.0563677
10.8609,11.9162,-0.00501419
11.8965,12.0792,-0.148814
12.9256,11.9867,-0.20452
13.9452,11.947,-0.426853
14.9314,12.0203,-0.319034
15.9226,11.9855,-0.0755089
16.9026,11.981,-0.360076
17.9387,12.0491,-0.33845
18.937,11.92,0.0178808
0.0118686,13.0237,0.0162816
1.02106,13.0539,0.236872
2.08133,13.0708,0.331324
2.86254,12.9927,-0.278179
3.88801,12.9822,-0.0347056
4.8633,13.0481,0.0571123
5.78909,12.9537,-0.34192
6.83836,13.0201,-0.407663
7.84839,13.0049,-0.281686
8.89546,13.1174,-0.325898
9.9128,13.0222,-0.196368
10.954,12.9666,-0.0890378
11.9688,13.1019,-0.0721061
12.9684,12.957,-0.0757042
13.8904,12.9537,-0.462355
14.9135,13.0413,-0.184683
15.9346,12.9881,-0.149666
16.9027,13.0206,-0.453844
17.8907,13.0381,-0.154186
18.9437,12.9546,-0.126508
-0.00905484,14.0501,0.100018
1.01114,14.0435,-0.0168432
2.01625,13.9794,-0.091995
2.99006,14.0182,-0.316474
3.96606,14.0171,-0.0546037
4.95486,14.0558,0.0492538
5.99003,13.9016,-0.00117801
7.03538,13.9779,-0.205985
8.07955,13.9779,-0.404471
9.05787,14.1141,-0.50079
10.0384,14.0316,-0.13845
11.0873,14.0029,-0.0838496
12.0585,14.0459,0.170077
13.0655,13.9475,-0.0157476
14.0631,13.9622,-0.231489
14.9805,13.9631,0.117866
15.9965,14.0275,-0.0880917
16.9853,13.9546,-0.0971618
18.053,13.9696,0.0532853
19.0488,13.9868,-0.264165
-0.0285409,15.0137,-0.220576
0.952998,15.069,-0.087579
2.00703,14.9647,-0.0975768
3.05007,15.0036,-0.101791
4.03912,15.0555,-0.178469
5.02784,15.0328,-0.196432
6.01406,14.9504,0.0359935
7.03071,15.041,-0.197424
8.0203,14.9491,-0.129347
9.08543,15.0281,-0.0547075
10.1001,15.032,-0.117957
11.0692,14.983,0.174209
12.0552,15.0042,-0.0946898
13.0321,14.9449,-0.214997
13.997,14.9487,-0.0760247
15.0054,14.9421,-0.112754
15.9939,15.0505,-0.0251747
17.0015,14.9856,-0.210678
17.9985,14.9363,-0.0439467
19.0299,15.0228,-0.138423
-0.00767235,16.0212,-0.151982
1.03804,16.0674,-0.235078
2.02699,15.9932,-0.271029
3.03095,16.0116,-0.0923338
4.0627,16.0495,-0.300729
5.06172,16.0671,-0.272381
6.03095,15.9577,0.189441
7.07027,15.9801,0.207172
8.06647,15.9882,0.0402295
9.08132,15.9815,0.291259
9.99083,16.0134,-0.106375
11.0124,15.9504,-0.131254
11.9828,15.9954,-0.364248
12.9704,15.9654,-0.352773
13.9745,15.9858,-0.213889
14.9514,15.9312,-0.312815
15.9427,16.0659,-0.232328
16.9368,16.0446,-0.30173
17.9732,15.9729,-0.144224
19.0021,16.0389,-0.0461531
0.0622944,17.0545,-0.0403577
1.06542,16.9836,0.187741
2.04947,16.9926,-0.0664144
3.10235,16.9725,-0.275088
4.08802,17.0313,-0.437339
4.96578,17.015,0.0967376
5.98978,16.9516,0.252339
7.01241,16.9602,0.150148
8.0109,17.026,0.147526
8.99635,16.9651,0.164745
10.063,17.0121,0.0388653
10.9833,16.9242,-0.338899
11.9978,17.0014,-0.438612
12.9453,16.9435,-0.324946
13.9191,16.9992,-0.184637
14.9404,16.9304,-0.35118
15.9469,17.0845,-0.310007
16.9365,17.0169,-0.49266
17.8955,16.9933,-0.12161
18.9416,17.0076,0.0893307
0.0439375,18.0656,0.130122
1.03491,17.9477,0.222926
2.0312,17.9824,0.0114109
3.07116,17.9498,-0.120237
4.06421,18.0291,-0.183584
5.08575,17.9712,-0.211127
6.00889,17.9889,0.28045
6.96655,17.967,0.0286843
7.9543,18.0303,0.167071
9.00102,17.9689,0.0195868
10.0246,17.9692,0.287338
10.9208,17.9821,-0.234974
11.9056,17.9928,-0.262682
12.9755,17.9691,-0.182394
14.0185,17.9941,-0.233714
15.0099,17.9076,-0.25616
15.9863,18.037,0.0247749
16.963,18.0104,-0.319715
17.9895,17.9596,-0.287347
18.9541,18.0712,0.0502823
0.0429518,19.0011,-0.188513
1.03471,18.9979,0.119657
2.04256,18.9826,0.0186651
3.06366,18.9967,-0.0691488
4.09523,18.9986,0.0265297
5.06735,18.9945,-0.17882
6.0111,19.0387,0.380395
7.01746,19.0052,0.0955229
8.02688,19.0111,0.0230567
9.02363,19.029,-0.271661
9.96895,18.9656,0.0215186
10.9398,19.0081,-0.162304
11.9789,19.0069,-0.0264077
12.9877,18.9645,-0.215351
14.0083,18.9879,-0.170241
15.0113,18.9684,-0.0856655
16.0308,19.0424,0.0368358
17.0336,19.0001,-0.21872
18.0562,18.9441,-0.0748222
19.0502,19.0475,-0.291479
