21.5703,12.5392,-13.6038
-4.56818,-1.08141,2.10419
-13.7678,5.24017,-13.7016
13.2823,-13.3651,17.0164
3.89134,-6.15806,-23.6123
-7.7189,-19.749,-8.06213
27.7856,-6.40136,11.1342
-1.02398,-1.43268,7.53466
0.695245,10.2488,9.89938
1.17728,13.0979,4.53048
11.9731,7.60939,-9.263
2.98088,2.84609,-4.26538
-3.03398,-0.548775,-5.40419
5.92022,-7.5968,3.03487
4.58704,-7.47429,-9.7216
2.83099,-11.3892,-2.38159
13.3018,-6.00183,5.39634
5.55574,1.01281,5.78851
1.86795,9.37792,4.60663
1.97964,16.3705,-0.598755
6.99402,5.26503,-10.6938
3.81402,2.79643,-7.75896
1.69911,-0.444636,-4.9073
3.74722,-3.66167,-1.19392
3.6309,-4.49231,-4.04834
3.39763,-4.47826,0.811875
5.76061,-0.375451,5.42539
0.997027,5.74618,7.15329
-3.49712,11.963,8.0414
-7.08289,17.7483,7.55504
3.80525,4.90817,-14.8297
2.53868,3.54745,-10.9747
1.99825,1.72681,-7.03607
2.32064,-0.0378582,-3.38267
2.21861,-0.550569,-0.697449
1.6365,0.982916,3.34051
0.668789,4.92775,7.1368
-3.60673,10.2714,9.62682
-9.17113,15.7513,12.0673
-16.4205,21.1563,14.7049
1.93642,5.29749,-20.2908
0.747752,4.56912,-13.8651
0.347258,3.87082,-8.09267
0.567693,3.24322,-3.20001
0.764974,3.43575,1.11133
-0.0582324,5.50108,5.15343
-2.03056,9.37586,8.94567
-5.4482,14.3054,12.5457
-11.3619,19.0744,16.742
-27.0588,26.2801,21.5216
1.86498,5.89081,-27.9307
-2.44387,4.94612,-11.2081
-1.55145,4.1857,-4.1296
-0.609183,5.08465,0.0407819
0.0558428,6.5007,3.26248
0.369491,8.66358,6.01836
0.526295,11.4159,8.53092
0.549959,14.0473,11.0043
4.44414,13.1005,12.8577
19.63,5.89947,10.0785
-20.772,21.276,5.73502
-6.87812,4.21194,5.27681
-1.72665,2.87466,2.9622
-1.02034,6.23012,4.45389
-0.230699,9.10006,5.9636
1.4036,11.2728,6.97987
3.26652,13.4016,7.92639
5.5099,15.5491,8.81431
10.0671,16.4517,8.28645
16.1292,18.0018,5.5272
12.287,-32.7088,26.954
3.82409,-12.855,14.7125
1.39461,-0.178439,8.56013
-1.3345,7.80335,8.73221
-0.760421,12.0446,8.69094
2.25447,13.8489,8.08009
5.67017,15.3544,7.27022
9.43587,17.5379,6.47066
14.2011,20.1204,4.39479
19.5795,25.0731,0.898773
-9.65443,2.02545,1.82346
8.01183,-6.1033,4.82174
0.583197,11.4335,2.53464
-4.48872,15.4489,10.2059
-2.35174,16.1073,10.8671
1.40778,16.245,9.48032
5.36961,16.2429,7.80879
9.51453,16.0486,5.98545
13.7993,15.6636,4.04015
17.542,12.264,2.12045
8.17826,-9.62147,3.64336
26.098,-21.3252,5.38147
-5.00074,30.2616,-3.60999
-10.1115,22.4363,16.8855
-5.23969,19.5998,13.6748
-0.86426,18.0804,11.1763
3.32994,17.1338,9.11056
7.36359,16.3215,7.10912
11.1419,15.3032,5.26995
14.3369,13.7508,3.6621
