19.2001,15.9669,-11.6781
-5.98304,0.453441,7.19851
-8.86378,12.6666,-14.4862
11.4535,-15.8467,21.4402
5.08666,-1.45618,-19.7919
-8.32106,-20.79,-10.4785
23.1202,-9.76876,12.4017
-0.174371,-3.6703,5.18095
3.16546,7.96978,13.3411
7.72612,14.4516,7.84272
10.2022,10.2857,-6.5271
1.73333,5.12523,-0.422266
-1.44046,3.1331,-3.93371
5.5833,-6.80514,6.57467
4.81207,-5.26524,-6.40206
1.30091,-12.4955,-3.29029
10.6518,-7.49728,5.49187
5.95028,1.48577,6.03467
6.70369,11.7375,6.69034
12.4737,20.8438,3.11364
5.22963,7.36305,-8.96558
2.62199,4.8551,-5.28125
1.89113,1.25263,-2.41154
3.57068,-2.62993,1.45017
3.34519,-3.41948,-1.94656
2.42147,-5.42963,0.89396
4.65671,-0.982571,5.39903
1.77689,6.08248,7.43184
-0.545256,13.4083,8.92721
-1.41172,20.6304,8.89091
1.89745,6.10901,-13.9328
1.1862,4.66997,-9.609
1.05696,2.71578,-5.52804
1.81595,0.652705,-1.7771
1.6575,-0.00495621,0.260543
1.09104,0.337104,3.51769
0.339711,4.45688,6.92651
-3.11451,10.1332,9.57134
-8.13047,16.0234,12.1888
-15.3386,21.9555,14.8691
-0.506168,5.74971,-20.1334
-0.937751,5.10918,-13.5185
-1.04595,4.23674,-7.7775
-0.454231,3.53686,-2.90012
-0.0465194,3.64797,1.26958
-0.433226,5.00725,5.15535
-2.3623,8.75496,8.61737
-6.02059,13.4543,11.9474
-13.0593,17.5566,15.9991
-30.2208,25.6129,21.4579
-1.46242,5.95791,-28.4269
-4.82486,5.68844,-12.1141
-3.7292,4.82694,-4.96093
-2.3715,5.5262,-0.54427
-1.15175,6.74279,2.85151
-0.106561,8.305,5.61628
0.449388,10.6653,7.90516
0.603964,12.9157,10.1548
3.4733,10.409,11.8471
18.4512,1.21189,9.69697
-21.8091,24.0476,2.38407
-8.65133,5.65548,3.64331
-3.6681,3.78347,1.84594
-3.03384,6.89238,3.52919
-1.66933,9.58493,5.483
0.83245,11.1947,6.64786
3.53988,12.6365,7.54312
6.65198,13.9437,7.8311
11.8167,13.8545,5.57078
18.8149,15.5326,-1.71903
10.2584,-31.4641,25.9599
1.77149,-11.7159,13.4398
-0.380041,0.7734,7.00916
-4.07063,8.69428,7.33432
-2.70014,12.7957,7.98605
1.5446,14.0742,7.8401
6.31859,14.787,7.43158
11.6514,15.9962,6.92502
18.0828,18.0607,5.97258
26.2694,22.3516,5.61538
-13.026,3.13219,0.280728
5.07582,-6.21524,3.07958
-0.515241,11.9872,0.650407
-8.33088,15.9347,8.54899
-5.31634,16.8213,10.0362
-0.256529,16.5767,9.36525
5.13064,16.2637,8.56437
10.8037,15.8803,7.48775
16.7301,15.2683,6.30503
22.7442,13.9842,4.87603
4.80409,-9.67461,2.26898
22.4718,-22.7299,3.97606
-2.86914,30.9908,-6.43607
-16.8292,22.699,15.3245
-9.88289,19.9795,12.569
-3.66662,18.5245,10.8546
2.28687,17.4126,9.61301
7.82662,16.545,8.28075
13.164,15.7009,7.11896
17.8906,14.7992,6.04187
