-0.0257302,-0.0314432,0.170412
0.969893,0.0489853,0.172317
1.99301,-0.0548296,0.350255
3.00219,-0.0187567,0.2081
4.00205,0.0421033,0.104666
5.01084,0.0347575,-0.00976287
6.05279,0.034611,0.03502
7.08306,0.0140263,0.0565569
8.07462,-0.0339152,0.21453
9.14665,-0.0213538,0.232054
10.093,0.0346751,-0.137095
11.0484,0.00656758,0.107047
12.0159,0.0299509,0.213794
13.0054,0.0345531,0.167852
13.9669,-0.0386425,-0.212494
14.9898,-0.0403058,-0.343654
15.9711,0.0062685,-0.133836
16.9778,0.0463851,0.0392315
18.0148,-0.0133,-0.0639485
19.0146,0.00242317,0.244002
0.0229194,0.94904,0.168731
1.01386,1.00314,-0.129331
1.9024,0.995025,0.325065
2.83824,0.972512,0.00854213
3.88343,1.02181,-0.0491592
4.93163,1.005,0.104202
5.93352,0.995904,0.199731
6.9183,1.0023,0.051796
7.87985,0.97499,0.357271
8.89573,0.959722,0.289059
9.89642,1.06322,0.162749
10.9035,1.00359,0.205167
11.9248,1.03108,0.0193701
12.9242,1.06066,0.112372
13.9593,0.989785,0.0249794
14.9751,0.923554,-0.0931883
16.0157,1.0515,-0.234031
17.0584,1.07327,-0.156151
17.9995,0.943733,0.253148
19.0003,0.973482,0.0777764
-0.0126438,1.92102,-0.232884
0.929304,2.00838,0.173666
1.99125,1.97404,0.118311
3.01391,1.93391,-0.16769
4.06062,2.03833,-0.0519791
5.05507,2.02818,-0.0518387
6.0524,1.98061,-0.070159
7.0749,2.00056,0.0607044
7.96362,1.96321,0.585833
8.91897,1.97053,0.278762
9.92679,2.05786,0.0707999
10.9512,2.04368,0.0371014
12.0007,1.9974,0.312046
12.9996,2.06478,-0.00811487
14.0156,2.00905,0.013834
15.0248,1.98869,-0.0378033
16.0449,2.05978,-0.0728813
17.0532,2.0766,-0.016657
17.9743,1.93993,0.329426
18.9923,2.00347,0.158086
-0.0708731,2.89426,-0.228013
0.987481,2.92595,-0.183166
2.02852,2.95039,-0.106934
3.08302,2.92633,-0.0892758
4.0368,3.07198,0.127021
5.03476,3.08971,-0.0323557
6.00978,2.97415,0.199002
6.98408,2.93004,0.435051
7.97699,2.92434,0.275402
8.94641,2.99215,0.322376
9.95382,3.07889,0.208408
11.0132,3.03124,0.12616
12.0129,3.03217,0.0831202
13.0117,3.06142,-0.0119999
14.034,3.00184,0.268734
15.0266,2.9324,0.248003
16.0728,3.03634,0.0441389
17.0415,3.04315,-0.22176
17.9711,2.89322,0.0212226
18.9953,2.92514,-0.109101
-0.0263588,3.93647,-0.260045
1.00406,3.92603,-0.397537
2.03529,3.94155,-0.33827
2.99731,3.89995,0.000540178
3.99126,4.09288,0.11825
4.98357,4.09974,0.019657
6.0274,3.95491,-0.043144
7.01288,3.86884,0.205139
8.00925,3.96989,0.406214
9.01408,3.99553,0.51811
10.02,4.13148,0.22454
10.9913,4.00763,-0.101355
11.9617,4.04192,0.266155
13.0112,4.12529,0.0689261
14.0093,3.972,-0.0473769
14.9819,3.91469,0.17477
16.0223,4.06276,0.134895
17.0141,4.06249,-0.226466
17.9816,3.88581,-0.148119
19.0312,3.97316,-0.260875
-0.0144627,4.95541,-0.0662221
0.986383,4.92174,-0.262099
1.97921,4.99716,-0.193814
3.01574,4.96255,-0.0814936
3.99685,5.07654,-0.0773309
5.02152,5.09665,-0.125382
5.99012,4.94148,0.169787
6.9987,4.91632,0.13422
8.04707,4.97482,0.066451
9.06463,4.97825,0.206952
10.0597,5.12477,-0.0465499
11.0365,5.01995,-0.038554
12.0269,5.08176,0.0818232
13.018,5.10276,0.254872
14.0242,4.93196,0.147295
15.0078,4.94539,0.0353069
15.9968,5.03901,-0.158687
17.0089,5.09464,-0.275478
17.9789,4.93548,-0.185846
19.0154,4.90936,0.0301248
0.0154515,6.03465,-0.194809
0.984585,5.9106,-0.367122
2.00445,6.02163,-0.181149
3.06533,5.99197,0.0456282
4.0715,6.06219,0.030546
5.07272,6.07335,-0.292386
6.02662,5.95946,0.0499924
7.01381,5.93156,0.284149
7.98581,5.98429,-0.0343791
8.98008,5.95431,0.192627
9.96717,6.09113,0.153139
10.9909,6.00504,0.365871
11.9334,6.09509,0.0629902
12.9027,6.09492,0.341441
13.9231,5.97787,0.220777
14.9478,5.91539,0.326069
16.0148,5.94723,0.248402
17.01,6.01413,0.049855
17.9855,5.90487,0.1155
18.9743,5.92359,-0.109134
0.00401929,7.00661,0.154933
1.05998,6.86876,-0.0120121
2.05684,7.03699,-0.108121
3.06091,6.9883,0.193622
4.08836,7.07636,0.089523
5.03484,7.09457,-0.293176
6.02531,6.97603,-0.168291
6.99483,6.96115,0.194186
7.99546,6.98285,0.131944
9.01535,6.90203,-0.0438154
9.9423,7.09549,0.282614
10.9081,6.99528,0.342589
11.9634,7.10949,0.22118
12.9771,7.09082,0.512986
13.9351,7.02907,0.188083
14.9742,6.90631,0.176342
16.0581,6.95922,0.271844
16.9985,7.00839,-0.0457045
18.007,6.8871,-0.0558336
19.0065,6.89543,-0.0596088
0.0246132,7.98693,-0.102472
1.08119,7.9191,-0.117817
2.11861,8.04919,-0.110846
3.09821,7.97947,0.132899
4.08933,8.09872,0.0793298
5.07736,8.08054,-0.191299
6.05469,8.04093,0.0402661
7.04637,7.97414,0.373952
8.02913,8.02659,0.118931
9.02192,7.99378,-0.0305216
10.0128,8.18997,0.10163
11.0122,7.98572,0.129051
12.0202,8.07244,0.110572
13.003,8.05362,0.25764
14.0289,8.00642,-0.0716239
15.0417,7.91306,0.0808039
15.9987,7.95795,0.257891
17.0268,8,0.130781
17.9964,7.86691,-0.278356
19.0057,7.86373,-0.0236824
0.00689413,8.99494,-0.0193335
1.00092,8.9142,-0.0316782
1.98175,8.9912,0.100913
3.04278,9.01207,0.187155
4.02843,9.12298,0.0943022
5.04404,9.10167,-0.117023
6.05525,9.06001,-0.00591449
6.99069,9.02765,0.429997
7.97915,9.03725,0.278191
8.9497,8.96488,0.130207
9.9407,9.18063,0.371258
10.8404,8.98869,-0.0147679
11.907,9.0453,-0.00238044
12.9123,9.07223,0.243098
13.9185,9.03529,0.00538041
14.9476,8.91059,0.0453322
15.9898,8.93519,0.0629749
17.0063,9.03818,0.214096
17.9877,8.83018,0.108737
19.0001,8.90211,-0.0609088
0.0205481,10.0522,-0.0307779
1.01754,9.89746,-0.0211066
2.05375,9.96905,-0.0305277
3.03768,10.0586,0.214634
4.08366,10.1063,0.205429
5.05038,10.0885,0.0681295
6.10415,10.0438,-0.0701804
7.05581,10.0351,0.368166
8.04295,10.0146,0.422355
9.07826,9.93377,0.303989
10.0705,10.1958,0.364339
11.0378,9.98533,0.156279
12.0248,10.048,0.206894
13.0004,10.0303,-0.0737724
14.0172,10.0649,0.00244758
14.9894,9.90074,-0.295279
16.0032,9.91123,-0.108625
17.0169,10.0414,0.0137974
17.9652,9.87797,0.0548967
19.0396,9.86632,0.289196
0.0233314,11.0788,-0.0776299
1.05291,10.9243,-0.0331004
1.99521,10.9538,0.226417
2.93753,11.0189,-0.0395306
3.88947,11.0348,0.187936
4.91507,11.0678,0.266927
5.93056,11.0379,0.149825
6.92651,10.9996,0.066213
7.91438,10.9744,0.190155
8.96907,10.9619,0.254048
9.90078,11.0506,-0.188659
10.8825,10.9746,0.0197027
11.9042,11.0426,-0.0490799
12.898,11.0315,-0.153829
13.9201,10.9899,-0.31926
14.9001,10.926,-0.36339
15.8788,10.958,-0.22234
16.917,11.0545,-0.203781
17.8803,10.8994,0.0721366
18.921,10.9518,0.108618
-0.0488693,11.9424,0.409116
0.958843,11.9441,0.106833
1.9729,11.963,0.262191
2.95347,12.0375,-0.0505936
3.83188,12.0255,0.39635
4.89414,12.0354,0.425327
5.93225,12.0422,0.401392
6.89731,11.9906,0.144792
7.87246,11.9908,0.13267
8.89365,11.9474,0.348726
9.89443,11.9734,0.246492
10.8619,11.9618,-0.02678
11.8417,12.0793,-0.0488784
12.8121,12.0305,-0.245415
13.8713,12.0209,-0.293481
14.8622,11.9889,-0.370846
15.8642,12.0038,-0.315784
16.8349,12.0144,-0.0417798
17.8706,11.8928,0.0984039
18.9118,11.9368,0.0223395
-0.0139042,12.8525,0.0153996
1.00119,12.9381,0.0129704
1.97595,12.9825,0.297375
2.97711,13.0245,-0.0431928
3.99118,12.9314,-0.0122929
4.96833,13.0089,0.177841
5.9397,13.0312,0.258065
6.99231,13.029,0.153786
7.96026,12.9921,0.383166
8.93508,12.9446,0.185012
9.92348,12.98,0.167782
10.9131,12.9886,0.114484
11.9235,13.0612,-0.108545
12.9362,13.0133,-0.209455
13.9715,13.0037,-0.296026
15.0006,12.959,-0.108789
16.0024,12.9551,0.0246712
16.9939,13.0004,-0.175414
18.033,12.8902,-0.0294504
19.0084,12.9092,-0.162374
0.0148259,13.8694,-0.0856899
1.03092,13.9693,0.0176641
2.0482,13.9297,-0.0899411
3.02106,13.9962,-0.288437
4.00395,13.9734,-0.0876736
4.97682,14.032,0.151479
5.95719,14.0573,0.342985
6.90881,14.0394,0.190127
7.91566,14.0337,0.269213
8.9593,14.0057,0.146547
9.95636,13.9631,0.00887478
10.987,13.9559,-0.168819
11.9598,14.1213,-0.327534
12.9943,14.0108,-0.208563
13.9929,13.9862,-0.19238
14.907,13.9262,-0.460286
15.8879,13.9737,-0.0939116
16.9171,13.9878,-0.188708
17.9379,13.912,0.0927854
18.9611,13.9494,-0.0838923
0.0192999,14.885,0.00604266
1.01848,14.9743,-0.00650655
2.04274,14.9504,-0.0315989
3.03164,15.0044,-0.345863
4.0212,15.0046,-0.00755028
5.01045,14.957,-0.108835
5.97047,15.0708,0.116892
6.95068,15.006,-0.0291635
7.97268,15.0198,0.0560533
9.02361,15.0175,-0.111292
10.0422,14.9634,0.0157445
10.954,14.9645,-0.375304
11.9012,15.1058,-0.554555
12.8551,14.9754,-0.175161
13.8543,15.0113,-0.0822687
14.8649,14.9466,-0.151592
15.8686,14.9949,-0.281964
16.9079,14.9716,-0.121076
17.9085,14.9588,0.0418806
18.9802,14.9993,-0.0757439
-0.028663,15.9514,0.143492
1.0063,15.9927,0.0270913
1.99829,15.9464,-0.0395672
2.96594,16.091,-0.218195
3.95516,15.994,-0.118955
4.97984,16.0023,-0.0578234
5.89091,16.0251,0.396063
6.96026,15.9622,0.279412
7.95408,16.0042,0.108194
8.90023,16.0512,-0.257009
9.88683,15.9811,-0.113923
10.8813,15.9356,-0.290933
11.8911,16.0532,-0.233027
12.826,15.9718,0.106793
13.8642,16.0388,0.00455641
14.8782,16.0284,-0.05056
15.9158,16.0221,-0.0133702
16.9228,16.0509,-0.0471572
17.9395,15.9647,-0.0418744
18.9492,16.0327,-0.224131
0.0177374,16.9199,-0.0602435
0.990329,17.0471,-0.142695
2.01816,16.9401,0.0791894
2.84801,17.0871,-0.463234
3.84982,17.0217,-0.02313
4.89701,17.0122,-0.0217109
5.94915,17.0173,0.11041
6.95058,16.9663,-0.0114017
7.99607,17.0249,-0.0384777
8.95261,16.982,0.0922849
9.90502,16.9689,-0.184201
10.9276,16.9626,-0.300949
11.9095,17.0245,-0.061742
12.9219,16.9875,-0.0381756
13.9675,17.0892,-0.00676595
14.9835,17.0634,-0.0828181
15.9723,16.9752,-0.233012
16.9236,17.0898,-0.0334269
17.9008,16.9733,-0.0561937
18.9436,16.9829,-0.00306711
0.0323344,18.0076,-0.0457808
1.13985,18.0486,-0.18641
2.08048,17.9478,0.0259224
3.03941,17.9816,-0.0949583
4.03555,18.0062,-0.133372
4.9782,18.0062,0.166759
5.95158,17.9976,-0.0569506
6.98161,17.9421,-0.246254
7.97338,18.0086,-0.185598
8.98859,17.9187,-0.202496
10.0095,18.004,-0.127534
11.0262,17.9618,-0.135255
11.9431,17.9713,0.331938
12.9827,18.0137,0.0740379
13.9428,18.09,-0.245744
14.9529,18.0779,-0.239857
15.9568,17.9865,-0.294034
16.9539,18.0405,-0.381817
17.9346,18.0339,-0.258498
18.9586,18.0322,-0.0130192
0.0434553,19.0392,-0.226127
1.07618,19.0346,-0.285052
2.0595,18.9763,-0.0396313
3.04218,19.004,-0.176287
4.02165,18.9691,0.113114
5.01101,19.012,0.104028
5.93098,18.995,-0.364956
6.94799,18.9784,-0.266549
7.92948,18.995,-0.138383
8.93616,18.979,-0.0205176
9.96692,19.0166,-0.169008
10.9636,18.9649,0.00801721
11.9407,18.9798,0.290103
12.9504,19.0303,0.229493
13.929,19.0149,0.127668
14.9565,19.0087,0.0315409
15.9512,19.0424,-0.305188
16.9347,19.0413,-0.174212
17.9413,18.9739,0.164287
18.965,18.9978,-0.00492874
