1.27082,0.854674,2.78706
-2.35797,-5.62283,-0.420594
0.913923,7.76886,-3.87521
8.43742,1.33551,4.13066
6.09777,-2.07826,-2.41802
-4.28612,4.56832,-0.199884
2.5808,8.64879,0.907212
1.95427,7.0659,-9.86771
10.2416,7.03209,-3.30369
5.36774,6.41241,-0.202014
0.382586,-0.120634,1.04949
-0.341633,-1.16796,-0.76968
1.51453,3.2738,-1.56276
4.8945,2.06444,0.920899
3.33119,0.947258,-1.12007
0.0165929,3.72175,-0.686895
1.88436,6.36313,-1.54095
2.97298,6.83435,-4.94756
4.74292,6.55837,-1.13831
0.265044,5.85061,2.76851
1.44174,-0.175854,0.703311
1.12348,0.127696,-0.478555
1.90203,1.80009,-0.644014
3.38907,1.74346,0.0363018
2.89714,2.5719,-0.800378
2.07386,4.03854,-0.592981
2.94234,5.62788,-0.953298
3.56638,6.88837,-2.04914
3.64826,7.11823,0.0928159
2.18297,6.69138,1.52899
2.76799,-0.39284,0.385437
2.62087,0.457616,0.160598
3.04582,1.54439,0.0841731
3.65248,2.44174,0.571349
3.65291,3.37006,0.0770623
3.39379,4.61802,0.217438
3.93972,6.00178,0.329313
4.35624,7.37905,0.285952
4.34303,8.0595,1.83858
2.83121,8.14339,1.79585
4.03584,-0.0446821,-0.22852
4.10831,0.339463,0.732145
4.33921,1.36836,0.632972
4.58954,2.55103,0.982363
4.61943,3.82479,0.899985
4.59436,5.18002,1.10856
4.96271,6.56175,1.62842
5.39488,7.96527,2.4149
5.28759,9.2806,3.74052
2.32809,9.78611,2.39539
5.5664,0.35547,-0.763515
5.69137,0.0287759,0.954292
5.55905,1.22239,1.29803
5.71015,2.59777,1.48106
5.67444,4.0722,1.59406
5.62589,5.59017,2.02624
5.97407,7.06121,2.84952
6.80033,8.54267,4.19211
8.11861,9.67609,6.20489
10.4609,10.286,9.94187
7.29965,-2.36518,2.72456
6.81934,-0.822755,2.06015
6.73406,0.649648,1.82334
6.81938,2.27493,1.79289
6.83632,3.84572,1.98265
6.85132,5.34727,2.27703
7.11318,6.84596,2.70308
7.53571,8.38623,3.09548
8.20856,9.87254,3.28183
9.13911,11.8675,1.38339
6.83571,-1.32509,1.64305
8.05673,-1.29432,2.74961
7.94425,0.593027,2.08533
8.06348,2.52862,1.6449
8.05861,4.04627,1.68954
7.96342,5.22182,2.08082
7.97301,6.29766,2.45519
7.94208,7.37868,2.6506
7.12037,7.86678,2.21776
5.42133,6.30296,0.0410596
1.68123,-0.463778,2.81552
8.96495,-3.0595,4.06492
7.25018,0.398489,1.13649
8.31861,4.23106,1.13496
8.66021,5.31649,1.39556
8.92532,5.827,2.21002
8.93851,6.74832,2.80112
8.86735,7.76442,3.2099
8.74984,8.46847,4.05935
10.0017,9.1796,6.24336
8.76176,-3.60898,4.51908
15.8207,-6.81265,5.94718
4.32294,1.4147,-2.36564
9.03264,8.18753,1.30363
9.21689,6.69829,1.27057
9.83376,6.47785,2.09376
10.0192,6.92917,2.98788
9.97356,7.89171,3.42608
9.87949,8.62906,4.25932
10.5098,9.26158,5.15153
