18.2999,3.99156,-5.63177
-6.12542,-10.0378,-2.92444
-15.3279,6.22877,-7.22667
12.712,-11.9097,9.34063
1.42678,-6.6938,-15.8445
-8.17024,-16.0298,-10.2819
18.567,2.10236,13.1685
8.16041,0.756951,4.06544
-5.84026,5.28717,0.967049
-1.0483,7.74463,-1.2612
9.36426,0.069686,-4.8074
0.587469,-3.82675,-3.77411
-5.06853,-0.354857,-3.09605
4.16749,-6.32796,1.68256
2.19153,-6.10281,-6.55626
-0.116794,-8.13471,-2.69502
8.11811,-1.72594,5.07359
3.98972,3.81538,4.40737
-0.238185,8.31207,2.16925
3.71728,10.1593,-3.51659
5.76965,0.734663,-5.51583
2.3824,-0.622895,-4.37961
-0.522529,-0.799448,-2.63818
2.08151,-2.88212,-0.498297
1.50239,-2.72396,-2.43455
0.723066,-1.87219,0.846037
2.41681,2.66713,4.6785
-0.130934,8.00478,6.26407
-3.45337,12.7584,6.7541
-4.4873,16.4904,5.22415
5.50927,3.25455,-7.80212
3.63315,2.05598,-5.57739
1.95148,1.29016,-3.18169
1.98353,0.51337,-0.73007
0.934675,1.10327,0.658953
0.0985412,3.38648,3.5484
-0.72981,7.69836,6.44427
-3.39338,12.7377,8.96222
-7.53311,17.7914,11.3315
-12.9559,23.1612,13.7176
6.41339,5.74887,-10.8331
4.73812,4.52452,-6.7366
3.28033,3.73981,-2.95894
2.18081,3.56958,0.412632
0.855257,4.80558,2.98101
-0.439174,7.68099,5.80291
-2.16236,11.9907,8.73677
-4.87452,17.0636,12.023
-9.91746,22.3486,16.0877
-22.2721,30.7692,21.6737
7.93734,7.89863,-15.1936
3.95817,6.06549,-4.56042
3.20462,4.44137,0.192587
2.22947,5.20092,3.10447
1.48142,7.17396,5.12919
1.10117,9.92908,6.99312
0.953475,13.0062,8.79538
0.61373,15.9443,10.6136
2.26526,14.9163,11.7554
13.0089,6.30622,7.66747
-8.64596,21.5641,2.69707
-0.206549,4.42116,5.80334
2.80811,2.68319,5.06428
2.14868,5.80473,6.37018
2.0643,8.77538,7.46308
2.90123,11.3117,8.15206
4.13233,13.7346,8.82714
6.01527,15.9319,9.52797
9.8616,17.3092,9.80742
15.8602,21.0825,9.98569
11.9693,-31.9519,21.9138
6.37611,-12.5466,12.8724
3.99178,-0.848027,8.87525
1.45501,6.73479,9.73911
1.8952,10.875,9.95191
4.36467,12.8057,9.36307
7.16266,14.3495,8.78207
10.7518,15.7962,8.15227
15.8931,16.7858,6.93677
22.8888,17.7398,4.11559
-3.74256,3.41461,1.95612
7.15917,-3.59349,5.92913
2.66713,9.24044,4.32263
-1.3856,13.8715,11.3013
1.02978,14.7803,11.7725
4.78454,14.8012,10.5094
8.82817,14.5663,9.17448
12.9547,14.2279,7.62913
17.3768,13.5229,6.02302
22.0257,11.473,4.27814
7.69612,-5.09862,4.1514
18.7086,-13.3165,6.80951
0.0668325,23.0201,-1.76797
-6.26679,21.2465,17.4495
-1.49808,17.9846,14.3261
2.81047,16.4676,12.0976
7.0158,15.3801,10.2993
11.0335,14.4825,8.62497
15.0069,13.5809,7.1224
18.5538,12.6218,5.7662
