0.151265,0.526655,-2.20181
0.111664,1.84753,-2.2034
0.171569,3.08933,-2.30028
0.218247,4.3431,-2.39186
0.222236,5.63762,-2.36578
0.202222,6.91328,-2.34153
0.212894,8.16286,-2.25066
0.304089,9.36428,-2.2624
0.523579,10.5935,-2.20764
0.830284,11.6897,-2.45338
1.25168,12.8092,-2.50916
1.14412,13.864,-2.32376
0.582571,14.7554,-2.09709
0.57915,15.7871,-1.93264
0.063155,16.5473,-1.59534
0.389618,17.5216,-1.53188
-0.208332,18.3209,-1.47032
0.119306,17.3632,-1.38739
-0.03755,18.3165,-0.980688
-0.0252419,18.9434,-0.15251
0.767071,1.4285,-2.22106
0.905393,2.59261,-2.32175
0.984344,3.77494,-2.23069
1.04421,4.95574,-2.32218
1.07135,6.13003,-2.35931
1.16347,7.3156,-2.49573
1.21041,8.53146,-2.50162
1.34573,9.76051,-2.52081
1.5258,10.9422,-2.6113
1.87342,12.0927,-2.84348
2.1023,13.3215,-3.08459
2.06554,14.3895,-2.78959
1.50632,15.1451,-2.23884
1.56113,16.2492,-2.14532
1.03537,16.8375,-1.52712
1.44495,17.6802,-1.77739
0.808237,18.4164,-1.56825
1.04969,17.4679,-1.94747
0.969414,18.1478,-1.20131
0.85497,19.0479,-0.726432
1.77491,1.7686,-2.25929
1.80175,2.95884,-2.2648
1.92217,4.11727,-2.22564
2.02875,5.27931,-2.32248
2.05332,6.45281,-2.33654
2.12949,7.67511,-2.4782
2.18413,8.94842,-2.5656
2.31279,10.1535,-2.74576
2.42743,11.452,-2.95987
2.63167,12.7067,-3.34851
2.85302,14.0727,-3.86751
2.77022,15.2608,-3.29075
2.17155,15.8605,-2.17968
2.35785,17.0127,-2.51861
1.86294,17.4208,-1.61317
2.21244,17.8962,-2.41468
1.86748,18.1576,-1.46103
1.97988,17.702,-2.36948
1.92455,18.3111,-1.58116
1.86752,19.065,-0.911911
2.78219,1.46084,-2.22094
2.77275,2.64391,-2.16077
2.86759,3.83222,-2.16513
2.99428,4.98715,-2.17084
3.01191,6.14455,-2.18263
3.07359,7.28709,-2.26178
3.14292,8.44546,-2.38151
3.18081,9.6498,-2.53918
3.17907,10.8362,-2.74781
3.29775,12.0001,-2.92111
3.25293,13.152,-3.23955
3.14283,14.194,-2.89048
2.9786,15.1371,-2.3518
3.02634,16.1919,-2.29294
2.62219,16.7225,-1.50814
3.10457,17.2955,-2.16442
2.75939,17.7179,-1.29164
2.97067,17.6101,-2.25332
2.92765,18.2328,-1.42076
2.89552,19.0915,-0.8669
3.73559,1.17338,-2.04836
3.72798,2.26623,-2.11899
3.73818,3.35358,-2.096
3.89115,4.49984,-2.18111
3.88782,5.59384,-2.2575
3.95477,6.68392,-2.26399
3.93528,7.82672,-2.29897
3.90864,8.92532,-2.33261
3.93262,10.0632,-2.42726
3.88531,11.1622,-2.60205
3.79383,12.2582,-2.76065
3.80418,13.3466,-2.58832
3.66303,14.3539,-2.3599
3.66062,15.3519,-2.09682
3.46162,16.1102,-1.48606
3.96608,16.816,-1.99763
3.68916,17.3302,-1.11775
3.92637,17.501,-2.05701
4.01919,18.2389,-1.39003
3.88057,19.1364,-0.966582
4.67314,0.825843,-2.14694
4.66772,1.89484,-1.98844
4.69777,3.02085,-2.02817
4.8248,4.07753,-2.14502
4.78734,5.15529,-2.01488
4.79236,6.20288,-2.01986
4.68275,7.27525,-1.96449
4.73756,8.38161,-1.99159
4.71475,9.4384,-2.25561
4.71197,10.5006,-2.3833
4.58538,11.5334,-2.44765
4.49366,12.5598,-2.28476
4.46425,13.5713,-2.08914
4.38939,14.5564,-1.93111
4.35184,15.5063,-1.60276
4.83992,16.2829,-1.90856
4.73637,17.1518,-1.31104
4.96016,17.4345,-2.26159
5.02875,18.2005,-1.61212
4.87466,18.9753,-0.98019
5.54143,0.385446,-1.80622
5.57369,1.48376,-1.75699
5.58224,2.59512,-1.72078
5.70341,3.64449,-1.85497
5.69353,4.70928,-1.90621
5.75643,5.74309,-1.85991
5.63696,6.86395,-1.86303
5.6367,7.9049,-1.77267
5.53774,8.89635,-2.05125
5.58609,9.96172,-2.06626
5.43941,10.963,-2.14153
5.40743,12.0085,-2.16699
5.35314,13.0031,-1.96175
5.26407,14.0079,-1.84555
5.30953,15.0106,-1.60782
5.7753,15.9068,-1.76648
5.64878,16.7193,-1.25037
5.96297,17.4086,-1.97251
5.99574,18.2145,-1.37819
5.8669,19.0497,-0.878167
6.5925,0.139412,-1.69901
6.57721,1.24294,-1.61145
6.56131,2.26755,-1.73845
6.64113,3.30765,-1.79075
6.67384,4.35528,-1.84658
6.77181,5.4328,-1.82595
6.62886,6.49836,-1.80967
6.64243,7.56972,-1.70164
6.55713,8.59119,-1.95511
6.49332,9.63194,-1.85641
6.45607,10.6422,-1.9316
6.39605,11.7108,-1.8571
6.39048,12.7262,-1.87938
6.27817,13.7029,-1.70511
6.33914,14.6879,-1.55469
6.75271,15.6306,-1.63819
6.71497,16.4742,-1.11468
6.90901,17.1693,-1.84057
7.00164,18.0479,-1.33164
6.89186,18.9824,-1.00154
7.65957,-0.0138462,-1.70067
7.60624,0.989218,-1.66384
7.57228,2.01344,-1.66446
7.61817,3.03541,-1.70382
7.68482,4.09688,-1.78283
7.68152,5.10006,-1.90765
7.63722,6.16145,-1.69019
7.69633,7.21193,-1.64458
7.46697,8.26318,-1.65895
7.53218,9.34071,-1.75591
7.46957,10.3366,-1.78762
7.41828,11.3883,-1.77343
7.38838,12.3963,-1.5671
7.29479,13.492,-1.53685
7.39702,14.4606,-1.54166
7.7628,15.3843,-1.7386
7.69584,16.2936,-1.26667
7.91746,17.1606,-1.70815
7.9488,17.8132,-0.955834
7.94147,18.8273,-0.882104
8.68164,-0.0643635,-1.61179
8.65376,0.945671,-1.71588
8.65192,1.9708,-1.76053
8.66302,3.00928,-1.69129
8.7169,3.99812,-1.53031
8.6639,5.05253,-1.67868
8.62618,6.06532,-1.58785
8.69834,7.10851,-1.48994
8.59427,8.10557,-1.64693
8.57656,9.20627,-1.64042
8.48981,10.2689,-1.71727
8.50139,11.3164,-1.73729
8.46116,12.3073,-1.54119
8.35729,13.3727,-1.5077
8.45772,14.4236,-1.4701
8.76893,15.3174,-1.8021
8.73452,16.2301,-1.38104
8.90185,17.2375,-1.47085
8.9311,18.1523,-1.14069
8.9454,19.1109,-0.78049
9.72821,-0.243834,-1.6735
9.67405,0.805429,-1.703
9.6666,1.82221,-1.67512
9.67053,2.88647,-1.57814
9.74069,3.90724,-1.55138
9.71931,4.93961,-1.60143
9.64049,5.94002,-1.49733
9.70068,6.95271,-1.55838
9.58672,7.9914,-1.60023
9.59719,9.08208,-1.50835
9.53114,10.087,-1.52369
9.43079,11.1013,-1.38962
9.4637,12.1558,-1.37073
9.42277,13.1946,-1.39118
9.55696,14.2308,-1.37982
9.73872,15.2168,-1.49732
9.80541,16.1842,-1.26258
9.84707,17.2388,-1.14846
9.93108,18.2526,-1.00993
9.99193,19.234,-0.698599
10.7426,-0.176196,-1.61703
10.7223,0.883847,-1.51943
10.6869,1.88833,-1.66254
10.7053,2.89242,-1.59554
10.716,3.91464,-1.41003
10.7518,4.93085,-1.49687
10.7271,5.93182,-1.32965
10.7751,6.97476,-1.35588
10.6011,7.96101,-1.48319
10.6697,8.9783,-1.47543
10.6068,9.97785,-1.32524
10.4964,10.9911,-1.27805
10.5293,12.0433,-1.37376
10.4865,13.0805,-1.27215
10.5983,14.0728,-1.35444
10.7701,15.0924,-1.26239
10.8019,16.1298,-1.28291
10.8789,17.1269,-1.28391
10.9818,18.1286,-1.04832
10.9531,19.1565,-0.961989
11.8015,-0.104465,-1.48088
11.7959,0.909879,-1.49457
11.7387,1.87833,-1.61869
11.7392,2.91078,-1.47799
11.8292,3.91807,-1.47579
11.8374,4.9465,-1.60982
11.7528,5.96692,-1.54992
11.787,6.98371,-1.22355
11.704,8.0165,-1.41101
11.7303,9.00903,-1.46865
11.6374,9.97707,-1.30623
11.5332,11.0225,-1.34947
11.5912,12.0494,-1.2444
11.6019,13.0601,-1.12556
11.6256,14.0327,-1.22242
11.8428,15.0622,-1.2093
11.7992,16.0811,-1.21047
11.8934,17.0685,-1.13641
12.014,18.0792,-1.13927
11.9934,19.0899,-0.976955
12.8587,-0.15457,-1.3568
12.8936,0.893246,-1.45172
12.7624,1.91818,-1.45605
12.8239,2.93375,-1.39918
12.8258,3.981,-1.44245
12.849,4.93805,-1.67233
12.8117,5.94589,-1.6001
12.8879,6.9489,-1.2195
12.729,7.94401,-1.24649
12.7328,9.00958,-1.20362
12.671,10.0392,-1.41821
12.6001,11.0878,-1.2761
12.6155,12.0947,-1.3715
12.7147,13.0833,-1.12258
12.6634,14.1001,-1.13223
12.8894,15.1259,-1.22015
12.8455,16.1458,-1.28897
12.9744,17.1421,-1.18323
13.0501,18.1325,-1.02376
13.0007,19.1774,-1.09268
13.8773,-0.166808,-1.42857
13.9345,0.860323,-1.29945
13.7623,1.89678,-1.31654
13.8619,2.93599,-1.18477
13.8926,3.94942,-1.55486
13.8035,4.98378,-1.33656
13.7927,5.98819,-1.41425
13.9043,6.98221,-1.22665
13.7632,8.04918,-1.25562
13.7922,9.06168,-1.3516
13.6762,10.0437,-1.27049
13.6531,11.0765,-1.41158
13.6513,12.113,-1.36303
13.787,13.1131,-1.24325
13.6885,14.1349,-1.21908
13.9072,15.0965,-1.2061
13.8118,16.1265,-1.04103
14.0041,17.1151,-1.11192
14.0849,18.18,-1.00361
14.0172,19.2228,-0.891195
14.9024,-0.23629,-1.42196
14.9193,0.77543,-1.41609
14.8083,1.83247,-1.39786
14.8995,2.84324,-1.4225
14.8809,3.88257,-1.23892
14.8143,4.92235,-1.3369
14.883,5.94401,-1.17892
14.9545,6.96605,-1.29778
14.8143,8.00238,-1.09099
14.7885,9.00728,-1.31352
14.6631,9.99346,-1.33794
14.7243,11.0315,-1.2199
14.7212,12.0426,-1.36391
14.8046,13.0477,-1.2897
14.7644,14.0832,-1.11224
14.9419,15.0963,-1.1014
14.8609,16.1528,-1.01574
14.9821,17.1641,-0.925632
15.1246,18.1577,-1.11213
15.0352,19.1939,-0.989846
15.9797,-0.250597,-1.31678
15.9171,0.742167,-1.25031
15.8919,1.81376,-1.30229
15.8879,2.85802,-1.2079
15.898,3.91404,-1.22077
15.8257,4.93086,-1.14867
15.8696,6.00461,-1.16039
15.9792,6.98732,-1.27459
15.8355,7.953,-1.05662
15.8123,8.95419,-1.13873
15.6881,10.001,-1.16721
15.7205,11.0139,-1.21636
15.7494,12.0786,-1.31757
15.7953,13.0677,-1.16962
15.7978,14.0988,-1.13587
15.9288,15.1087,-1.04934
15.8835,16.1452,-1.02317
16.0195,17.1416,-1.10439
16.1811,18.1875,-0.976254
16.0635,19.1625,-0.841145
17.0073,-0.258876,-1.36611
16.9153,0.759325,-1.41617
16.9347,1.79837,-1.35905
16.9063,2.84083,-1.32298
16.9059,3.87385,-1.31047
16.8061,4.88176,-1.23257
16.9778,5.93442,-1.19903
16.9669,6.97948,-1.15383
16.8893,8.01146,-1.19104
16.8484,9.04194,-1.26737
16.6783,10.0807,-1.34754
16.7939,11.0722,-1.25849
16.788,12.0754,-1.26177
16.8338,13.0788,-1.17855
16.8469,14.0797,-0.952196
16.9578,15.1505,-0.940724
16.8965,16.1703,-0.907273
17.0056,17.1694,-0.8759
17.2294,18.2051,-0.843233
17.1121,19.2347,-0.902753
18.0696,-0.238896,-1.23228
17.9655,0.753331,-1.36781
17.9768,1.7895,-1.31462
17.962,2.82788,-1.41951
17.9612,3.81863,-1.16335
17.861,4.89285,-1.25702
17.9949,5.93157,-1.1586
17.9625,6.97927,-1.06509
17.9249,7.99924,-1.20649
17.9505,9.07192,-1.2115
17.6957,10.058,-1.36903
17.8274,11.1473,-1.22807
17.7997,12.1196,-1.05351
17.7999,13.137,-1.04967
17.9256,14.1631,-1.0989
17.949,15.186,-1.13444
17.9416,16.1465,-0.966442
18.025,17.174,-0.909491
18.2697,18.137,-0.831782
18.0575,19.0735,-0.558544
19.0584,0.0585528,-1.20138
18.9104,1.02128,-1.36149
18.9665,2.04653,-1.18509
18.9743,3.02922,-1.45531
18.9499,3.96654,-1.00945
18.8975,4.96985,-1.16111
18.9966,5.95512,-1.12367
18.9464,6.99067,-0.973333
18.9263,8.02614,-1.02251
18.9963,9.04422,-1.04721
18.6672,10.0537,-1.07518
18.8667,11.0549,-1.06263
18.8545,12.0978,-1.09358
18.8882,13.1322,-1.04988
18.9368,14.1672,-1.01605
19.0001,15.2189,-1.03193
18.9975,16.2172,-0.87513
19.0854,17.2262,-0.686196
19.2396,18.2139,-0.681832
19.0228,19.0698,-0.144642
