-0.253148,1.14187,-0.847575
-0.00158086,1.66702,0.0426527
-0.0383007,2.63587,0.296554
-0.0516861,3.59411,0.0343577
-0.24796,4.59049,-0.0335917
-0.106369,5.61139,-0.120042
-0.164037,6.60819,-0.369781
-0.180764,7.60343,-0.0925474
-0.102042,8.57902,-0.310697
-0.253148,9.54665,-0.63997
-0.173986,10.4905,-1.03569
-0.173385,11.3845,-0.587661
-0.273077,12.3836,-0.816617
-0.226344,13.3755,-0.944737
-0.192434,14.3591,-1.18336
-0.147182,15.331,-0.930775
-0.210013,16.2221,-0.479797
-0.295236,17.1466,-0.126334
-0.169182,18.1691,-0.117716
0.104544,19.1577,-0.26567
0.0300668,20.1354,-0.34763
-0.231892,21.0336,0.0447157
-0.175585,22.0509,-0.110056
-0.126069,22.9523,0.35013
-0.109601,23.817,-0.219431
-0.217789,24.6966,0.255956
-0.089114,25.7197,0.00196539
-0.0093936,26.6708,-0.28746
-0.190832,27.6385,-0.46321
-0.175066,28.6562,-0.483413
0.839247,1.10904,-0.930424
0.915571,1.88842,-0.306018
1.01517,2.8133,0.128742
0.960619,3.76607,-0.175329
0.791012,4.73024,0.0339213
0.880761,5.75009,-0.277935
0.837947,6.74822,-0.457308
0.834956,7.78942,-0.276345
0.91926,8.76853,-0.229347
0.761309,9.65056,-0.750401
0.909595,10.5745,-1.08328
0.849953,11.5209,-0.778021
0.751244,12.5004,-0.724656
0.764708,13.4616,-1.07717
0.838026,14.4701,-1.1285
0.860921,15.4658,-1.00526
0.793576,16.1265,-0.218265
0.724845,17.1223,-0.0915067
0.814017,18.1071,0.157955
1.09751,19.0333,-0.0798761
1.04587,20.0257,-0.390277
0.782018,20.7953,0.198553
0.803674,21.7277,-0.167748
0.884228,22.6559,0.229466
0.889682,23.6831,0.0492752
0.791183,24.6696,0.146547
0.94792,25.6103,-0.13708
1.00567,26.6013,-0.201651
0.839842,27.5579,-0.421488
0.840239,28.5551,-0.345784
1.87806,1.10813,-0.724686
1.9116,2.12855,-0.471886
2.01716,3.03757,-0.0307047
2.01626,4.01393,-0.178222
1.77437,4.97074,-0.210724
1.83757,6.01042,-0.193133
1.79936,6.98459,-0.141163
1.82678,8.00748,-0.1262
1.95319,8.94269,-0.397559
1.76318,9.81176,-0.887088
1.89003,10.7753,-1.2476
1.91281,11.5998,-0.661769
1.75339,12.6341,-0.886825
1.78466,13.6005,-1.16513
1.83769,14.5944,-1.38271
1.856,15.5834,-1.1621
1.83113,16.0305,-0.268676
1.76424,17.0015,-0.134794
1.77008,18.0382,-0.0730277
2.10868,19.0037,-0.155718
2.06716,19.9608,-0.40582
1.76981,20.8448,-0.0550401
1.77682,21.8171,-0.490924
1.79303,22.7656,-0.17604
1.876,23.7357,0.045143
1.75903,24.7137,-0.0023896
1.97586,25.7352,-0.129841
2.00667,26.7129,-0.278582
1.84313,27.694,-0.343486
1.85057,28.6455,-0.731617
2.88748,1.28167,-0.518659
2.88456,2.29101,-0.493429
3.05002,3.23647,-0.265538
3.06305,4.25255,-0.376293
2.84102,5.25562,-0.22476
2.80825,6.25201,-0.110065
2.7815,7.2561,-0.087112
2.78598,8.26019,-0.324589
2.85964,9.17601,-0.689492
2.82623,10.1464,-0.87073
2.89295,11.1075,-1.28201
2.95488,11.857,-0.622367
2.77426,12.656,-1.23649
2.79942,13.6749,-1.34366
2.74587,14.5598,-1.79709
2.78759,15.1651,-1.00116
2.77725,16.048,-0.568285
2.77138,16.8646,0.077813
2.81128,17.855,0.0140049
3.11578,18.8169,-0.268389
2.99452,19.8282,0.0107578
2.87662,20.8018,-0.131037
2.7195,21.7844,-0.102271
2.87891,22.7751,-0.116688
2.95096,23.7803,0.142796
2.73059,24.6897,-0.27156
2.98337,25.7381,-0.375912
3.08506,26.7457,-0.332795
2.86615,27.7534,-0.325483
2.88298,28.7393,-0.627787
3.7302,1.61822,-0.0594195
3.87316,2.55618,-0.294183
4.03285,3.5601,-0.137446
3.99437,4.54885,-0.286895
3.80277,5.54212,-0.438987
3.75701,6.52653,-0.435026
3.84042,7.49233,-0.189285
3.73353,8.52068,-0.198953
3.87187,9.39065,-0.651176
3.83731,10.3375,-0.970083
3.90877,11.2751,-1.24624
3.93321,12.1731,-0.68995
3.75172,12.7557,-1.52005
3.88668,13.7145,-1.28029
3.78771,14.4935,-1.90402
3.78296,15.1801,-1.14846
3.76244,16.1631,-0.749254
3.79339,16.7737,0.0398572
3.83965,17.7903,-0.0413648
4.13254,18.7525,0.00887173
4.02191,19.7474,0.0139073
3.87196,20.7691,-0.0344798
3.79463,21.7709,-0.0960356
3.89256,22.7452,-0.277102
3.89486,23.7968,-0.133448
3.80909,24.7684,-0.425739
3.97602,25.7707,-0.490246
4.10127,26.8204,-0.361419
3.85246,27.8389,-0.378964
3.83475,28.8928,-0.176965
4.71691,1.78557,-0.0501877
4.87663,2.80468,-0.166027
5.05302,3.82481,-0.0995636
4.94737,4.83654,-0.302097
4.80702,5.83394,-0.367937
4.70987,6.78975,-0.588638
4.83323,7.70044,-0.112751
4.7907,8.7151,-0.214692
4.91401,9.54291,-0.719968
4.84811,10.5468,-0.767092
4.91748,11.4248,-1.23376
4.91857,12.2851,-0.732466
4.79908,12.8585,-1.56037
4.89001,13.7663,-1.20172
4.79136,14.4927,-1.93178
4.84034,15.2234,-1.24756
4.80647,16.1348,-0.912879
4.78914,16.807,-0.173034
4.88057,17.8475,0.0356029
5.16991,18.8266,-0.0221778
5.0607,19.8264,-0.0287179
4.90685,20.7942,0.127158
4.80209,21.7775,0.000646992
4.93486,22.6923,-0.345973
4.87355,23.7298,-0.154659
4.84185,24.7083,-0.379855
4.95952,25.6889,-0.11127
5.0908,26.6834,-0.224442
4.87236,27.6932,-0.251872
4.84443,28.669,-0.112873
5.70216,2.03856,-0.411518
5.83768,2.93023,0.0612598
6.02495,3.9395,0.121848
5.93698,4.89675,-0.251207
5.83438,5.89945,-0.320768
5.78127,6.92428,-0.428733
5.87845,7.88952,-0.0963439
5.85452,8.85269,-0.42974
5.93062,9.81334,-0.849492
5.88596,10.8152,-0.701712
5.86267,11.8483,-0.968023
5.89351,12.8021,-0.709668
5.8326,12.9042,-1.70413
5.89486,13.7715,-1.19275
5.82886,14.4298,-1.9645
5.85301,15.3269,-1.3577
5.82745,16.1883,-0.902838
5.79011,16.9692,-0.275723
5.89526,17.9365,0.0105502
6.24549,18.889,-0.208628
6.10934,19.8203,0.0686422
5.92609,20.7998,0.0622669
5.79437,21.7759,-0.159575
5.95568,22.734,-0.285208
5.90499,23.7627,-0.252925
5.8686,24.6663,-0.645518
5.94437,25.6169,-0.293994
6.07249,26.5417,0.0659749
5.87888,27.4966,-0.031724
5.9043,28.504,-0.146309
6.63099,2.44392,-0.639171
6.8524,3.06796,0.14434
7.04223,4.05568,-0.0545793
6.94909,5.02699,-0.273824
6.87065,6.0397,-0.482928
6.81395,7.03249,-0.312467
6.87809,8.09147,-0.301035
6.83924,9.0792,-0.433589
6.8455,10.0915,-0.527409
6.90099,11.0401,-0.957411
6.87642,12.071,-0.9983
6.85645,13.082,-0.748527
6.83741,13.1499,-1.76084
6.88007,14.034,-1.23243
6.85735,14.7023,-2.01339
6.92316,15.3205,-1.27059
6.77738,16.1359,-0.708478
6.82896,16.9636,-0.157085
6.91687,17.9407,0.0249123
7.3118,18.8225,-0.356475
7.1519,19.7212,0.0964812
6.89824,20.6755,-0.0608448
6.75113,21.6545,-0.436781
6.97194,22.6144,-0.170519
6.90019,23.5983,-0.051207
6.84107,24.5325,-0.461354
6.9122,25.4645,-0.207752
7.08251,26.3614,0.202716
6.93731,27.3818,-0.0970977
6.96479,28.3701,-0.21471
7.65157,2.54625,-0.32309
7.81505,3.33974,0.215809
8.05564,4.30402,-0.0177007
7.97358,5.28623,-0.126432
7.94132,6.30731,-0.384072
7.86948,7.30198,-0.211698
7.95707,8.2927,-0.348198
7.85457,9.25793,-0.636085
7.86087,10.3121,-0.693118
7.90082,11.2383,-1.10076
7.91057,12.2721,-1.01807
7.87193,13.2963,-0.950389
7.82495,13.4395,-1.95593
7.87201,14.3037,-1.46587
7.80771,14.9946,-2.14864
7.91468,15.2435,-1.17475
7.82955,16.125,-0.667446
7.79692,16.9879,-0.179852
7.88104,18.0008,-0.296551
8.30804,18.8924,-0.271691
8.16217,19.8288,0.135771
7.94214,20.7314,-0.185888
7.81513,21.7244,-0.381256
7.98329,22.6304,-0.0236091
7.89231,23.6074,-2.44148e-05
7.8703,24.4274,-0.620844
7.89533,25.4377,-0.412488
8.05876,26.2512,0.101794
7.93404,27.2526,-0.146999
8.06815,28.2108,-0.249202
8.62248,2.76604,-0.381805
8.77143,3.63857,0.0598285
9.04165,4.62612,-0.0778619
8.88397,5.54412,-0.43628
8.95647,6.53142,-0.361415
8.8937,7.55102,-0.364696
8.94137,8.60732,-0.511893
8.80555,9.56875,-0.79819
8.88117,10.5399,-0.816672
8.87883,11.54,-1.09032
8.90988,12.567,-1.04691
8.87157,13.6331,-1.0654
8.85283,13.7127,-2.10822
8.94499,14.4883,-1.44151
8.78023,14.8581,-2.36216
8.8878,15.3298,-1.47692
8.72033,16.209,-1.09265
8.759,16.964,-0.493844
8.94288,17.92,-0.231547
9.30544,18.897,-0.0691214
9.20512,19.8567,0.117002
8.92661,20.8004,-0.0123753
8.83623,21.7611,-0.310797
8.99496,22.7085,-0.0719901
8.89802,23.7201,0.135463
8.90752,24.4679,-0.538432
8.90573,25.4393,-0.528742
9.09927,26.322,-0.0243294
8.94993,27.3305,-0.12085
9.08176,28.3127,-0.170101
9.64551,2.81783,-0.237269
9.80883,3.82032,-0.107138
10.0771,4.78498,-0.366112
9.83536,5.71358,-0.660451
10.0347,6.6699,-0.406525
9.9517,7.66641,-0.413758
9.95907,8.60708,-0.721216
9.87958,9.68488,-0.742152
9.90515,10.6902,-0.906485
9.86672,11.7034,-0.992447
9.92989,12.6924,-1.17227
9.89657,13.7666,-1.33112
9.87428,13.8374,-2.35442
9.96831,14.6103,-1.66319
9.73128,15.1129,-2.52645
9.89586,15.3317,-1.55556
9.68232,16.1066,-0.985034
9.77404,17.0103,-0.581213
9.95121,18.0013,-0.428242
10.2868,18.9486,-0.113843
10.2247,19.875,0.183486
9.91727,20.7466,-0.186691
9.85506,21.7124,-0.0356548
10.0071,22.7122,-0.19086
9.93919,23.711,0.0749138
9.92352,24.3293,-0.708612
9.91834,25.2865,-0.845561
10.039,26.1587,-0.345033
9.91857,27.1725,-0.223804
10.0815,28.1823,-0.186389
10.6921,2.86905,0.0160863
10.8861,3.89774,-0.10343
11.09,4.80387,-0.445833
10.8694,5.81202,-0.52899
11.0757,6.74491,-0.283975
10.9965,7.72112,-0.438377
10.9595,8.7142,-0.653533
10.8649,9.75041,-0.764467
10.9908,10.728,-0.849065
10.8959,11.7354,-1.04604
10.9564,12.7276,-1.05255
10.9341,13.6766,-1.40445
10.8762,13.9169,-2.36991
11.0395,14.5269,-1.55766
10.7825,14.8216,-2.46398
10.8881,15.3296,-1.60543
10.695,15.9212,-0.832716
10.7701,16.9469,-0.784078
11.0116,17.8808,-0.537053
11.2686,18.7158,0.0137638
11.2591,19.7773,0.00403455
10.8819,20.7108,0.176
10.8634,21.7231,0.143983
11.0753,22.6455,-0.195541
10.9721,23.6184,0.0252846
10.709,24.5952,-0.13643
10.7971,25.5535,-0.429994
11.0362,26.4763,-0.125999
10.8945,27.4503,0.0310404
11.1356,28.3954,-0.215143
11.6976,2.97119,0.02725
11.8749,3.89611,-0.29574
12.1179,4.87471,-0.191202
11.9318,5.82037,-0.463854
12.1512,6.76593,-0.211637
12.059,7.72728,-0.55085
12.0093,8.71799,-0.781161
11.9187,9.73377,-0.783615
12.0302,10.7766,-0.911856
11.9551,11.7463,-1.17659
11.9801,12.7585,-1.31711
11.9455,13.7821,-1.60051
11.8968,14.0938,-2.55185
12.0549,14.7359,-1.73844
11.8043,14.9171,-2.72539
11.8353,15.5572,-1.98613
11.6773,16.0492,-1.12562
11.8337,16.9764,-0.837751
12.014,17.8813,-0.453627
12.3094,18.7777,-0.0712394
12.2904,19.7664,0.0950255
11.8904,20.6984,0.123621
11.961,21.6954,0.0585253
11.9848,22.679,0.270501
11.9766,23.6269,0.204022
11.7292,24.5319,-0.164946
11.8233,25.4841,-0.375875
12.0628,26.4143,-0.147996
11.9124,27.4107,0.13899
12.0658,28.4103,0.240175
12.7507,2.9804,0.0649373
12.8878,3.84481,-0.543132
13.1052,4.87092,-0.322053
12.9343,5.8529,-0.359532
13.2029,6.83883,-0.219739
13.0584,7.74047,-0.636573
13.0576,8.7735,-0.86982
13.0152,9.77709,-0.687271
13.0438,10.8011,-0.809479
13.0201,11.7888,-1.03297
12.9684,12.8381,-1.15053
13.0628,13.7854,-1.57765
12.9224,14.03,-2.60892
13.0091,14.6701,-1.78415
12.8729,14.8649,-2.74758
12.8647,15.6167,-2.05289
12.7411,15.9452,-1.10359
12.8524,16.9475,-0.912949
13.028,17.7541,-0.275719
13.3609,18.7353,0.000918607
13.2903,19.7225,-0.0172521
12.8808,20.6344,-0.100211
12.9547,21.6244,-0.192944
12.9693,22.543,0.191824
13.0199,23.5173,0.0945036
12.7824,24.5313,0.0485275
12.895,25.4067,-0.377569
13.1599,26.4,-0.156557
12.9614,27.3828,0.0967681
13.0993,28.4,0.209534
13.7655,3.01412,0.392654
13.7701,3.97696,0.0699362
14.1096,4.87403,-0.258623
13.9605,5.87149,-0.196646
14.2131,6.85553,-0.217191
14.0704,7.79282,-0.514371
14.0972,8.83888,-0.665233
14.0454,9.85451,-0.818201
14.0804,10.8268,-0.942772
14.0106,11.8404,-0.941118
14.0425,12.8083,-1.22087
14.1011,13.6927,-1.64549
13.8803,13.6841,-2.60348
13.9291,14.2815,-1.82732
13.8722,14.8689,-2.69073
13.8164,15.2514,-1.75431
13.7351,16.0093,-1.09647
13.8808,16.9559,-0.900696
14.0228,17.8655,-0.422498
14.3461,18.8083,-0.203562
14.3322,19.8038,-0.214185
13.9052,20.7075,-0.0193152
13.9825,21.6458,-0.200482
14.0426,22.5506,0.260079
14.0603,23.5888,0.188504
13.7565,24.5916,-0.0736534
13.9004,25.4676,-0.550453
14.1588,26.3335,-0.0699637
13.8591,27.13,0.452202
14.1083,28.1594,0.432914
14.7781,3.04131,0.523106
14.825,3.92321,0.01536
15.0956,4.85961,-0.413239
14.9186,5.86355,-0.558681
15.2611,6.7666,-0.209409
15.1378,7.7296,-0.494357
15.0892,8.73954,-0.703177
15.1279,9.71191,-0.866646
15.1162,10.7116,-1.02456
14.9748,11.693,-1.1736
15.0356,12.7426,-1.10847
15.1067,13.4073,-1.81598
14.9031,13.8919,-2.69175
14.9926,14.2188,-1.75592
14.8765,14.6143,-2.66133
14.8814,15.0326,-1.7763
14.7337,15.8653,-1.19575
14.8665,16.8998,-1.08591
15.0155,17.7595,-0.588751
15.3444,18.6405,-0.0595996
15.3381,19.6817,0.073336
14.9559,20.5801,-0.147172
14.9714,21.5663,-0.0271615
15.0836,22.5753,0.251543
15.0683,23.5301,-0.0909299
14.7856,24.5104,-0.23206
14.9401,25.4307,-0.525437
15.2046,26.2777,-0.0732353
14.8894,27.1129,0.42241
15.089,28.0916,0.288623
15.8039,3.0891,0.665316
15.8317,3.823,-0.0107059
16.0926,4.76766,-0.186242
15.9489,5.79626,-0.320228
16.3076,6.77124,-0.337062
16.1536,7.70667,-0.747288
16.103,8.71549,-0.756597
16.1499,9.76277,-0.651979
16.144,10.7351,-0.887069
16.0488,11.6793,-1.2371
16.0749,12.6876,-1.18786
16.1587,13.3492,-1.91232
15.9972,14.0944,-2.59937
16.0263,14.2131,-1.60814
15.8779,14.3746,-2.62697
15.906,15.0988,-1.89913
15.7718,15.9998,-1.37655
15.8516,17.0135,-1.37951
16.0176,17.7162,-0.674053
16.348,18.6117,-0.373009
16.2957,19.6312,-0.139375
15.9573,20.5646,0.12949
15.9356,21.5976,0.271206
16.0686,22.5797,0.451601
16.0493,23.5093,0.14919
15.7765,24.3387,-0.356871
15.9611,25.3195,-0.633802
16.233,26.2445,-0.314341
15.8684,27.127,0.071984
16.1501,28.0531,0.364647
16.8467,2.91831,0.477355
16.7805,3.90049,0.263366
17.0799,4.80844,0.0180456
17.0093,5.75194,-0.264846
17.3397,6.71232,-0.50083
17.1923,7.67548,-0.761492
17.1122,8.7137,-0.611713
17.1504,9.75016,-0.597888
17.1374,10.7138,-0.975063
17.1066,11.5745,-1.4472
17.1178,12.6081,-1.26145
17.1373,13.4459,-1.82213
17.0114,13.9998,-2.64469
17.0973,14.3327,-1.69515
16.8754,14.581,-2.5963
16.9637,15.1506,-1.78721
16.8411,16.0213,-1.29067
16.8542,17.0481,-1.30217
17.0476,17.9378,-0.793847
17.3361,18.8529,-0.499762
17.3099,19.6791,0.0915494
17.0312,20.6737,0.161165
16.938,21.7238,0.263927
17.0838,22.6978,0.437104
17.0464,23.682,0.146107
16.8058,24.3134,-0.601636
16.9704,25.2959,-0.590985
17.2081,26.1227,-0.0187414
16.943,27.062,0.210819
17.1147,28.0883,0.0911466
17.8811,2.89572,0.539073
17.8379,3.80418,0.0900815
18.0609,4.76247,-0.149236
18.109,5.74113,-0.355837
18.3121,6.73245,-0.463518
18.2417,7.72414,-0.568526
18.166,8.79077,-0.532356
18.17,9.81945,-0.553166
18.1702,10.7192,-0.993597
18.1548,11.621,-1.40972
18.0928,12.6409,-1.28366
18.1524,13.5088,-1.85908
18.0999,14.0572,-2.69809
18.0956,14.3181,-1.76684
17.9071,14.8053,-2.61365
17.9982,15.141,-1.62412
17.8838,16.1272,-1.32464
17.928,17.1622,-1.25594
18.0914,17.8275,-0.507596
18.3218,18.778,-0.457649
18.3872,19.6163,0.0874996
18.1047,20.5927,0.0220557
17.9739,21.5643,0.280261
18.0663,22.5605,0.381381
18.0799,23.6098,0.164016
17.8122,24.4599,-0.330869
17.9816,25.4141,-0.651759
18.2862,26.2391,-0.082461
17.9249,27.2099,-0.147728
18.1297,28.1429,0.154173
18.9775,2.86735,0.614331
18.8354,3.85289,0.337724
19.0968,4.70137,-0.215973
19.1337,5.71023,-0.24836
19.3399,6.68822,-0.42201
19.2005,7.66158,-0.250194
19.2015,8.64135,-0.523902
19.1367,9.64154,-0.622691
19.1762,10.4205,-1.23673
19.1974,11.4422,-1.1976
19.1571,12.4715,-1.58594
19.2001,13.512,-1.68463
19.1493,13.9849,-2.60753
19.1057,14.3129,-1.65972
18.9481,14.6915,-2.57608
18.9559,15.1875,-1.73583
18.8935,15.9724,-1.09496
18.9651,16.9734,-1.15414
19.1116,17.912,-0.774938
19.3466,18.8303,-0.471923
19.3858,19.6137,0.166732
19.0977,20.599,0.105063
18.9621,21.6274,0.191687
19.0626,22.624,0.349809
19.0313,23.4846,-0.162209
18.826,24.4324,-0.50275
18.9465,25.4669,-0.399017
19.2756,26.3581,0.135679
18.9166,27.2842,-0.159691
19.1604,28.1714,0.2455
20.0425,2.78668,0.695938
19.8636,3.7035,0.30155
20.1289,4.59484,-0.00920438
20.1601,5.57949,-0.33744
20.2925,6.5376,-0.181185
20.1738,7.48306,0.0685751
20.1752,8.51568,-0.167186
20.1595,9.38078,-0.626853
20.1587,10.2105,-1.16535
20.1975,11.2033,-1.20677
20.1654,12.1761,-1.46768
20.1077,13.1743,-1.4806
20.1494,13.8212,-2.28304
20.0378,14.6704,-1.59176
19.9356,14.3991,-2.61205
19.9494,15.1213,-1.83254
19.9476,15.8726,-1.11881
20.0119,16.8332,-0.873244
20.0551,17.7788,-0.555168
20.3653,18.7518,-0.467061
20.3871,19.6744,-0.0423444
20.1324,20.605,0.227903
19.9886,21.6051,0.281887
20.0741,22.6096,0.166402
20.0728,23.5496,-0.141606
19.8646,24.4455,-0.492907
20.0256,25.443,-0.34059
20.2951,26.3603,-0.142729
19.9422,27.3396,-0.100015
20.1817,28.1279,0.441542
21.0642,2.58096,0.944987
20.8179,3.34942,0.304263
21.086,4.29048,0.0255623
21.1626,5.24893,-0.256285
21.2973,6.24898,-0.248485
21.1601,7.21994,0.0287637
21.1621,8.23649,-0.193152
21.1392,9.09579,-0.728385
21.1787,9.96913,-1.19469
21.1267,10.9576,-0.963192
21.1453,11.9859,-1.24304
21.1091,12.9836,-1.30197
21.1843,13.6182,-2.08279
21.0317,14.3932,-1.42687
20.9501,14.488,-2.44228
20.9584,15.2186,-1.72729
20.9137,16.0138,-1.05181
21.0013,17.0221,-1.06619
21.0985,17.891,-0.537092
21.3933,18.8987,-0.406146
21.3775,19.8223,0.0687216
21.0949,20.7922,0.0647847
20.9469,21.6513,0.62129
21.0903,22.5704,0.205753
21.1002,23.5654,-0.0535478
20.9431,24.4878,-0.469256
21.0485,25.483,-0.319007
21.3457,26.4423,-0.195529
20.9664,27.3734,-0.182394
21.1298,27.8941,0.68825
22.0273,2.28549,0.589325
21.9273,3.29464,0.456154
22.1176,4.13656,0.0284768
22.2133,5.07292,-0.2648
22.3529,6.11604,-0.121464
22.1788,7.07262,-0.00940275
22.1696,7.99474,-0.301691
22.1198,9.00883,-0.394409
22.2085,9.82326,-1.07824
22.1792,10.8284,-0.905976
22.1479,11.8316,-1.07008
22.1369,12.7669,-1.55024
22.2169,13.6465,-2.0397
22.0626,14.3183,-1.31794
21.9907,14.5604,-2.27722
21.9859,15.3419,-1.62437
21.9252,16.0765,-0.926725
21.9639,17.0751,-0.809146
22.1367,17.8823,-0.249004
22.3845,18.8445,-0.365026
22.3613,19.7311,0.177212
22.1229,20.7198,0.108402
22.0114,21.6566,0.445235
22.091,22.6309,0.17564
22.1306,23.6234,0.0410901
21.9436,24.535,-0.391794
22.0575,25.5288,-0.311365
22.3386,26.4533,-0.0289132
22.0472,27.4145,-0.156829
22.1777,27.8138,0.742366
23.0124,2.06819,0.691626
22.961,3.04321,0.326164
23.1091,3.90077,-0.17456
23.2421,4.93089,-0.227702
23.3177,5.87536,0.000491348
23.1937,6.82824,0.250826
23.2143,7.72295,-0.274041
23.1443,8.77033,-0.229887
23.167,9.56953,-0.840709
23.2372,10.5468,-0.744731
23.0816,11.5221,-0.843721
23.0717,12.5261,-1.09023
23.1208,13.2892,-1.7519
23.0049,14.0317,-1.01466
22.9861,14.2924,-2.00578
23.0026,15.0658,-1.36648
23.0307,15.9956,-0.946193
22.981,16.9883,-0.536692
23.1133,17.8475,0.0064333
23.4149,18.7424,-0.148125
23.3753,19.7959,0.117518
23.1214,20.7161,0.444594
22.9888,21.6778,0.260915
23.0797,22.6111,-0.132981
23.1029,23.651,-0.0604236
22.9604,24.5981,-0.340745
23.0169,25.596,-0.0910581
23.3424,26.5634,-0.0621021
23.034,27.4974,-0.25295
23.2136,27.8897,0.678948
23.9772,1.95063,0.8948
23.9195,2.81814,0.317646
24.0922,3.57391,-0.362432
24.1246,4.50468,-0.0118717
24.3139,5.51102,-0.0294931
24.1653,6.52716,0.0655934
24.25,7.47045,-0.164571
24.1004,8.45402,-0.361013
24.1866,9.36006,-0.853352
24.3088,10.3387,-0.613742
24.0857,11.3192,-0.618497
24.0517,12.1913,-1.16272
24.1498,13.0177,-1.71681
24.0118,13.9034,-1.13051
24.0438,14.4472,-1.9241
24.037,15.2602,-1.34409
24.0068,16.1826,-0.977749
23.9735,17.1103,-0.690805
24.1964,17.9145,-0.0973785
24.3606,18.9211,0.0785333
24.2902,19.8234,0.523191
24.1259,20.8159,0.477868
23.981,21.8107,0.360833
24.0848,22.6212,-0.227027
24.1141,23.6438,-0.175369
23.9561,24.6211,-0.402753
24.0142,25.6275,-0.329664
24.386,26.5391,-0.0615162
24.1054,27.5412,-0.0638081
24.2692,28.0779,0.727781
24.9913,1.81518,0.943687
24.9099,2.58881,0.321226
25.1305,3.34263,-0.322947
25.1496,4.39174,-0.34951
25.3516,5.31764,0.0579974
25.1765,6.28559,0.141981
25.256,7.23923,-0.195279
25.0973,8.23855,-0.398123
25.1905,9.11865,-0.903085
25.2553,10.0067,-0.458318
25.0691,10.9757,-0.60972
25.0546,11.9064,-0.977132
25.1324,12.7588,-1.58354
25.0341,13.6312,-1.09383
24.9937,14.5014,-1.63093
24.9851,15.1356,-0.877502
24.9902,16.0909,-0.701617
24.9883,17.1116,-0.537455
25.1894,18.0525,-0.294809
25.3161,18.8653,0.27434
25.3363,19.8687,0.466298
25.136,20.8275,0.305969
24.9569,21.7553,0.00768761
25.1026,22.8072,-0.124808
25.0812,23.8166,-0.066213
25.0125,24.6373,-0.619391
25.014,25.62,-0.372506
25.35,26.5444,-0.320719
25.1147,27.4671,-0.0876644
25.2919,28.1803,0.636406
26.0428,1.77597,0.87224
25.9489,2.6018,0.223728
26.1693,3.27515,-0.464495
26.1803,4.23833,-0.241874
26.2748,5.06243,0.378726
26.153,5.9669,-0.0227454
26.2051,6.95693,-0.0554399
26.0784,7.97378,-0.173763
26.1398,8.84951,-0.626731
26.2245,9.86419,-0.649342
26.19,10.8885,-0.64915
26.0645,11.9074,-0.565032
26.141,12.5982,-1.30123
26.055,13.4743,-0.85602
25.9742,14.3271,-1.40144
26.0844,15.2064,-0.851997
26.0146,16.2284,-0.676885
25.9989,17.2366,-0.468139
26.1578,18.2247,-0.150685
26.2933,18.9425,0.509272
26.4166,19.9246,0.409555
26.1363,20.8906,0.563155
25.966,21.786,0.15913
26.1055,22.7636,0.186038
26.0954,23.789,0.0681112
26.0403,24.6421,-0.518351
26.0292,25.6537,-0.29725
26.4118,26.6066,-0.353722
26.1335,27.5325,-0.0407453
26.2429,28.4592,0.306067
27.0721,1.71418,0.839546
26.9321,2.42503,0.205554
27.1337,2.92948,-0.738258
27.162,3.83597,-0.307318
27.2153,4.73808,0.135746
27.15,5.73993,0.186093
27.2094,6.65998,-0.181393
27.0823,7.67402,-0.242949
27.1636,8.63037,-0.519938
27.2154,9.628,-0.86559
27.2147,10.6447,-0.909439
27.0289,11.6001,-0.624357
27.128,12.4723,-1.15547
27.1266,13.4137,-0.837339
26.9383,14.3691,-1.12047
27.1502,15.2469,-0.68175
27.0596,16.2333,-0.93029
27.0696,17.1529,-0.563347
27.1283,18.1475,-0.407929
27.2569,18.9422,0.24756
27.4964,19.9037,0.466305
27.0438,20.7626,0.140809
27.0065,21.801,0.0715629
27.1516,22.8345,0.228459
27.127,23.7787,-0.0394177
27.0939,24.7772,-0.359401
27.022,25.7357,-0.707532
27.3969,26.6534,-0.516388
27.1342,27.4816,-0.00909452
27.2979,28.4343,0.292737
28.1065,1.62294,0.915586
27.9665,2.21995,0.148689
28.1145,2.77928,-0.678585
28.15,3.81187,-0.430784
28.25,4.5684,0.198291
28.205,5.62441,0.353423
28.1771,6.55716,0.0271187
28.0947,7.54846,-0.161562
28.1348,8.55385,-0.295709
28.1969,9.46991,-0.710916
28.1758,10.4613,-0.664742
28.0137,11.4574,-0.420872
28.1661,12.2108,-1.1612
28.1278,13.1399,-0.786468
27.9899,14.1371,-0.835289
28.1358,15.1466,-0.696686
28.0736,16.2026,-0.870763
28.0722,17.1073,-0.41413
28.1526,18.0767,-0.373736
28.3079,18.9024,0.177319
28.4308,19.8704,0.0366192
28.0443,20.7736,0.179626
28.011,21.7495,-2.1363e-05
28.1759,22.7024,0.184304
28.163,23.6845,0.00541704
28.0769,24.6589,-0.237257
28.0489,25.6402,-0.339033
28.3968,26.5572,-0.450325
28.1432,27.517,-0.258232
28.3676,28.2976,0.388873
29.1145,1.49464,1.04912
28.9636,2.02937,0.170916
29.127,2.61815,-0.630891
29.1328,3.59785,-0.404807
29.2185,4.36887,0.20007
29.1858,5.36869,0.226765
29.1876,6.33255,-0.0166753
29.1243,7.332,-0.000738548
29.0943,8.29003,-0.277129
29.1993,9.21856,-0.595965
29.0887,10.14,-0.237458
28.9938,11.1551,-0.441166
29.1808,12.0213,-0.990768
29.1874,13.0732,-0.861419
29.0132,14.0502,-0.729298
29.1605,15.0335,-0.617164
29.0454,16.0664,-0.6816
29.1222,17.068,-0.528956
29.1482,18.0804,-0.519181
29.1955,19.052,-0.257311
29.2712,20.0221,-0.517924
29.0513,20.8301,0.08923
29.0251,21.8564,0.0502823
29.2505,22.8328,0.145274
29.159,23.8192,0.0597858
29.0738,24.7736,-0.234202
29.0839,25.7481,-0.24124
29.301,26.7385,-0.0556597
29.1295,27.7298,-0.20586
29.3934,28.5305,0.355296
