0.151106,0.502301,-2.25658
0.11713,1.76813,-2.25344
0.1549,3.05253,-2.32047
0.19646,4.32258,-2.40859
0.220707,5.60025,-2.42052
0.186367,6.85177,-2.40654
0.196292,8.13147,-2.40861
0.31196,9.38126,-2.40983
0.447435,10.5946,-2.4492
0.80694,11.7509,-2.54189
1.26833,12.8341,-2.54587
1.12353,13.9128,-2.42351
0.589776,14.7696,-2.32445
0.585098,15.7645,-1.9593
0.0566393,16.5852,-1.70117
0.452205,17.522,-1.36593
-0.184036,18.2231,-1.69389
0.111499,17.3373,-1.26814
-0.0275369,18.2766,-0.960012
-0.0252419,18.9434,-0.15251
0.778405,1.41775,-2.28321
0.88663,2.50258,-2.34111
0.975549,3.71822,-2.35054
1.07359,4.92405,-2.30718
1.13345,6.13795,-2.37195
1.1112,7.36392,-2.38789
1.17818,8.54301,-2.53259
1.27537,9.71351,-2.63525
1.49427,10.9239,-2.65795
1.91513,12.127,-2.78544
2.35644,13.3083,-2.9807
2.15814,14.3806,-2.70295
1.65728,15.0639,-2.14329
1.64953,16.0203,-1.98397
1.01682,16.6355,-1.56123
1.55639,17.458,-1.53645
0.960836,18.2047,-1.756
1.08832,17.1783,-1.57272
0.980261,18.1868,-1.29672
0.83549,19.034,-0.739991
1.80308,1.75004,-2.39251
1.84439,2.93724,-2.46074
1.93939,4.12604,-2.43809
2.04163,5.26918,-2.50701
2.04833,6.43636,-2.55922
2.12857,7.68117,-2.56748
2.1321,8.91674,-2.60398
2.24726,10.1565,-2.71254
2.44731,11.4328,-2.8139
2.759,12.7538,-3.04097
3.34043,14.1019,-3.37498
3.0233,15.2549,-2.72911
1.92823,16.003,-2.26503
2.44384,16.7805,-1.8335
1.66761,17.4953,-1.83534
2.50293,17.0984,-1.69864
2.00978,18.0598,-1.54984
2.13812,17.0534,-1.54681
2.04624,18.0833,-1.28383
1.7998,19.0311,-1.08354
2.776,1.3869,-2.37435
2.79852,2.57338,-2.31851
2.90667,3.76326,-2.3471
2.98481,4.92311,-2.33647
2.98434,6.05493,-2.35881
3.04567,7.22194,-2.40853
3.04948,8.36556,-2.54808
3.11002,9.53505,-2.57506
3.20309,10.7275,-2.59209
3.32124,11.9011,-2.72214
3.34423,13.0855,-2.82711
3.16639,14.1858,-2.66718
2.71626,15.0533,-2.10968
3.07517,15.9768,-1.86505
2.6335,16.8756,-1.8492
3.39497,17.4359,-1.45539
3.0058,18.2932,-1.73814
3.1532,17.2943,-1.96617
2.97399,18.2063,-1.64893
2.83069,19.065,-1.12379
3.79386,1.15337,-2.37903
3.75243,2.23041,-2.40214
3.79283,3.34871,-2.41306
3.86113,4.4629,-2.25089
3.84903,5.54202,-2.28859
3.94027,6.69249,-2.28841
3.91936,7.8578,-2.35948
3.90203,8.95888,-2.1987
3.90769,10.0487,-2.37205
3.9707,11.1297,-2.38914
3.88824,12.204,-2.4202
3.63733,13.2157,-2.31756
3.49451,14.2169,-2.03915
3.76597,15.1849,-1.93003
3.5275,16.1617,-1.90568
4.15767,16.9391,-1.87538
3.78878,17.7188,-1.38379
3.99715,17.6619,-2.36827
3.95855,18.2897,-1.53799
3.81342,19.2063,-1.16071
4.78513,0.820466,-2.2951
4.77238,1.89968,-2.32971
4.70698,2.93631,-2.24562
4.70521,4.0453,-2.02854
4.78896,5.11653,-2.09992
4.83006,6.2016,-2.14726
4.7191,7.2841,-2.05769
4.75416,8.35057,-2.07892
4.76458,9.40168,-2.22991
4.72193,10.445,-2.16999
4.65804,11.5029,-2.17697
4.51482,12.5376,-2.10786
4.41525,13.5502,-2.06325
4.58324,14.5502,-2.04999
4.39909,15.4957,-1.77244
4.92396,16.3187,-1.75329
4.72342,17.3223,-1.51457
5.05844,17.5577,-2.44245
4.97761,18.2248,-1.67133
4.77757,18.953,-1.04435
5.66721,0.361321,-2.03544
5.73183,1.4895,-2.00846
5.69476,2.57657,-2.19808
5.73553,3.68718,-2.162
5.69467,4.69131,-1.97057
5.66888,5.73499,-1.87696
5.59932,6.77004,-2.01959
5.64573,7.82854,-2.06379
5.65782,8.84663,-2.0956
5.6424,9.89602,-2.20403
5.50642,10.9162,-2.02866
5.33467,11.9392,-1.96219
5.21944,12.9505,-2.01247
5.35638,13.9193,-1.89446
5.31786,14.8937,-1.70782
5.74894,15.7723,-1.48205
5.60892,16.7782,-1.46514
6.00157,17.3731,-2.15081
5.98368,18.2114,-1.55187
5.81321,18.9767,-0.866546
6.67623,0.123637,-2.04235
6.70678,1.13255,-2.07971
6.6601,2.21549,-2.06045
6.61108,3.29816,-2.24282
6.66287,4.31766,-1.91245
6.59783,5.36728,-2.01707
6.56113,6.42981,-2.04641
6.67985,7.48394,-2.22256
6.62922,8.5326,-2.20098
6.59734,9.51809,-2.13344
6.50041,10.5771,-2.02694
6.26063,11.5354,-1.81797
6.25177,12.5648,-1.99102
6.41829,13.6146,-2.09844
6.36059,14.5845,-1.79597
6.69576,15.4769,-1.51823
6.62139,16.5112,-1.46379
7.0426,17.3026,-1.90538
6.97622,18.1944,-1.40763
6.84154,18.9912,-0.765529
7.75417,-0.00384533,-1.96258
7.69872,1.06442,-1.95404
7.67509,2.12123,-1.94164
7.67305,3.10551,-2.00624
7.69218,4.15398,-1.84826
7.574,5.1655,-1.73343
7.61522,6.22796,-1.79977
7.62127,7.25212,-1.89994
7.59939,8.32732,-1.89326
7.59512,9.38443,-1.87209
7.53518,10.4058,-1.82286
7.32864,11.4134,-1.92087
7.27225,12.4095,-1.79391
7.43681,13.3921,-2.01491
7.42721,14.4079,-1.76952
7.72208,15.3072,-1.55433
7.67434,16.3315,-1.51769
8.06499,17.1866,-1.85845
7.97374,17.9736,-1.23962
7.88067,18.86,-0.75501
8.75639,-0.10463,-1.7449
8.70714,0.960179,-1.67226
8.7052,1.94114,-1.77391
8.65298,3.02956,-1.78031
8.67986,4.03549,-1.67971
8.60212,5.10292,-1.66416
8.63089,6.1135,-1.46442
8.64658,7.15488,-1.71634
8.63512,8.19794,-1.64767
8.59374,9.19429,-1.7127
8.58282,10.2714,-1.83251
8.39132,11.3017,-1.72371
8.28708,12.2866,-1.76678
8.53407,13.2737,-1.93807
8.49893,14.2471,-1.54843
8.76958,15.2436,-1.6798
8.69668,16.2208,-1.32184
9.04009,17.1396,-1.54149
8.95118,18.1297,-1.27789
8.9098,19.0808,-0.908716
9.77418,-0.260674,-1.6193
9.77013,0.805603,-1.47738
9.76355,1.82242,-1.63994
9.65091,2.94982,-1.80023
9.72901,3.91097,-1.59632
9.61243,4.94864,-1.72861
9.6704,5.98934,-1.52163
9.6946,7.02935,-1.53142
9.71827,8.0403,-1.40723
9.65818,9.04153,-1.51287
9.55646,10.0866,-1.69205
9.48283,11.1111,-1.721
9.35279,12.1533,-1.69067
9.52492,13.1318,-1.7211
9.60388,14.1324,-1.46676
9.77844,15.1277,-1.36815
9.72496,16.0843,-1.14139
10.0013,17.1173,-1.13453
9.95488,18.1794,-1.00267
9.94699,19.2484,-0.884243
10.7961,-0.172457,-1.45658
10.8309,0.843583,-1.44204
10.766,1.85683,-1.6478
10.7027,2.86254,-1.84367
10.8226,3.89084,-1.69008
10.6469,4.92954,-1.69591
10.6824,6.01578,-1.62195
10.7517,7.09849,-1.66979
10.7539,8.09236,-1.61296
10.6805,9.13094,-1.46072
10.6039,10.1206,-1.59129
10.5387,11.1355,-1.53908
10.4631,12.1437,-1.54349
10.529,13.185,-1.59392
10.6772,14.1451,-1.37844
10.8093,15.1041,-1.17916
10.7306,16.0764,-1.04732
11.0002,17.0134,-0.889026
10.9843,18.0803,-0.937562
10.9382,19.1429,-0.918983
11.8445,-0.0749168,-1.48238
11.8569,0.958324,-1.44189
11.7434,1.97328,-1.37682
11.7571,2.85546,-1.81587
11.8336,3.92525,-1.64655
11.7607,4.9757,-1.61125
11.7032,6.01284,-1.49578
11.7982,6.99671,-1.57892
11.7654,7.98609,-1.41708
11.6705,8.98003,-1.49355
11.6098,10.0158,-1.54948
11.6046,11.0849,-1.62159
11.4753,12.0829,-1.44068
11.577,13.0618,-1.45773
11.7269,14.0866,-1.39922
11.8419,15.0728,-1.23141
11.7714,16.0675,-1.10434
12.0254,17.0346,-1.00441
11.9735,18.0628,-0.903821
11.9411,19.0646,-0.912067
12.8833,-0.120692,-1.39707
12.8544,0.901923,-1.44822
12.826,1.8699,-1.51232
12.7972,2.86407,-1.73953
12.8043,3.83762,-1.41592
12.7606,4.93689,-1.54891
12.77,5.9425,-1.51167
12.8172,6.99392,-1.40421
12.8004,7.99976,-1.46595
12.7244,9.05283,-1.50009
12.6523,10.083,-1.65423
12.6834,11.1535,-1.65626
12.503,12.0543,-1.40108
12.6112,13.0569,-1.47547
12.7494,14.0872,-1.43429
12.8624,15.0822,-1.4084
12.8374,16.106,-1.1311
13.0418,17.1054,-1.12905
13.0398,18.0974,-0.949104
12.9343,19.1437,-0.998291
13.9175,-0.181616,-1.28502
13.8737,0.830628,-1.45662
13.8571,1.81359,-1.48655
13.8571,2.89043,-1.53928
13.7941,3.87585,-1.18901
13.7555,4.90668,-1.2924
13.79,5.91847,-1.32727
13.8567,6.96386,-1.48369
13.7883,7.9807,-1.24317
13.8006,8.98742,-1.46383
13.6711,10.0323,-1.49359
13.6591,11.0934,-1.39326
13.5397,12.117,-1.24635
13.6362,13.1265,-1.15655
13.6962,14.1638,-1.06289
13.8456,15.1655,-1.11033
13.8562,16.1736,-1.06001
14.0485,17.1732,-0.795288
14.0884,18.2243,-0.803064
13.9748,19.2274,-1.07198
14.9672,-0.259017,-1.42278
14.903,0.773025,-1.52746
14.8919,1.7766,-1.50562
14.8784,2.85344,-1.66094
14.8244,3.80254,-1.36629
14.7663,4.84516,-1.37515
14.8099,5.88232,-1.43233
14.8656,6.94108,-1.32825
14.8138,7.95031,-1.34121
14.842,8.99683,-1.31477
14.7284,10.0349,-1.47421
14.6835,11.0314,-1.32602
14.5898,12.0649,-1.1993
14.6935,13.1052,-1.1364
14.7481,14.1081,-1.13288
14.9363,15.1291,-0.945311
14.8808,16.1748,-0.871688
15.0366,17.1495,-0.878143
15.0892,18.1693,-0.91099
14.9575,19.1978,-0.973681
16.008,-0.241353,-1.47765
15.9681,0.797656,-1.58018
15.9257,1.84085,-1.44199
15.9046,2.83819,-1.52394
15.8759,3.86566,-1.41533
15.8336,4.89259,-1.3826
15.831,5.92893,-1.40656
15.8626,6.94921,-1.40309
15.8541,7.95334,-1.21978
15.806,8.96879,-1.16302
15.7068,9.95875,-1.09121
15.6839,10.9883,-1.18086
15.6593,12.0468,-1.27935
15.722,13.027,-1.25744
15.8111,14.0804,-1.23711
15.906,15.0631,-1.06107
15.8944,16.1183,-1.01997
16.0644,17.1164,-0.801648
16.1691,18.1467,-0.930821
16.0135,19.1572,-0.803055
17.0054,-0.258675,-1.27666
16.9961,0.751482,-1.355
16.9532,1.80494,-1.28667
16.9319,2.83339,-1.3524
16.9457,3.87707,-1.44606
16.8759,4.8883,-1.43209
16.8842,5.94085,-1.46398
16.8543,6.96836,-1.46283
16.8351,7.96073,-1.37115
16.8965,9.00298,-1.11852
16.7162,10.0139,-1.01608
16.7421,11.0471,-1.16536
16.7364,12.0602,-1.39372
16.7576,13.0939,-1.29407
16.8229,14.1488,-1.10688
16.9193,15.1496,-0.933061
16.9539,16.2291,-0.875555
17.037,17.205,-0.604602
17.1723,18.2291,-0.808072
17.0286,19.243,-0.667724
18.0013,-0.264391,-1.04443
17.9434,0.777389,-1.04408
17.9846,1.81294,-1.14835
18.0106,2.84595,-1.31339
17.9511,3.86402,-1.23207
17.8742,4.88799,-1.33331
17.9233,5.95505,-1.35131
17.8625,6.99062,-1.45332
17.8815,8.02191,-1.32954
17.9389,9.01308,-1.09255
17.7234,10.0219,-0.997162
17.828,10.9779,-1.226
17.814,12.013,-1.31198
17.8197,13.0392,-1.26143
17.8857,14.0645,-1.20912
17.9571,15.0526,-0.961437
17.9641,16.0716,-0.94471
18.0521,17.0218,-0.58522
18.1477,18.052,-0.490991
18.0983,19.0678,-0.442991
19.0685,0.0596088,-1.08294
18.912,1.06086,-1.23535
18.9947,2.02957,-1.06212
18.9936,3.04955,-1.12548
18.9089,4.0281,-1.07727
18.9026,5.0428,-1.10801
19.0038,6.04845,-1.30685
18.8971,7.07288,-1.24801
18.9284,8.09635,-1.23693
18.9995,9.07852,-1.0292
18.7454,10.1062,-1.0002
18.8871,11.0671,-1.24283
18.8795,12.0531,-1.24704
18.8642,13.1,-1.25001
18.9321,14.1733,-1.14041
19.0099,15.1501,-0.879522
18.9803,16.1811,-1.10466
19.0845,17.1459,-0.676794
19.249,18.1255,-0.463164
19.0183,19.0714,-0.0517533
