2.69188,4.84128,1.22987
3.38544,4.21647,0.916007
3.43498,4.69071,0.0376354
3.26382,4.50668,0.994647
2.86558,5.31087,0.53983
3.59267,4.82084,0.0205176
3.45714,5.71423,-0.401715
3.88194,6.21768,0.334519
3.27982,6.76086,0.901877
3.24421,7.77067,0.821018
3.3241,4.24977,0.697607
4.26172,3.98719,0.434986
3.30336,3.91468,0.681701
2.90905,3.8132,1.64419
3.31841,4.57634,1.11643
3.95008,5.29448,0.857375
3.12444,5.79263,0.540669
3.07358,6.78248,0.311737
3.36824,7.68502,0.537089
2.53291,7.89766,0.0682119
2.94593,4.51306,-0.177526
3.78532,3.95803,-0.440275
3.99718,4.55205,0.418827
3.36039,4.57146,1.17139
3.92109,4.74791,0.334861
3.89909,5.71083,-0.0499008
3.28597,6.48552,-0.170965
4.06975,6.41512,0.410831
3.22489,6.72376,0.845427
2.28267,7.20454,0.732752
3.805,4.03842,-0.54283
4.35851,3.17378,-0.73599
4.25963,4.15893,-0.514991
3.85343,4.24757,0.383496
4.87029,4.2768,0.541765
4.63672,5.03243,-0.0501633
3.93772,5.78334,0.191504
3.16184,6.18838,0.667803
4.04653,6.49746,0.332948
3.06017,6.67797,0.367858
3.88081,3.09106,-0.261098
4.69761,3.538,0.128889
4.89593,4.58177,0.172082
4.30647,4.3184,-0.61138
4.72467,5.07231,-0.0646931
3.72014,5.00491,0.242299
4.74668,5.15225,0.324113
4.06581,5.77823,0.851811
4.88845,6.03566,0.405039
3.98968,6.38853,0.116388
4.67213,3.53596,0.106467
5.46865,3.4922,-0.494885
4.81967,4.20014,-0.750233
4.80102,5.06855,-0.194205
5.19848,5.66465,0.53028
4.39581,5.65781,-0.0898587
5.32098,5.51728,-0.464357
4.76452,6.14031,0.170504
5.40004,5.56582,-0.423041
4.65561,5.67424,0.291473
5.02597,4.45147,0.0225196
4.94262,4.22716,-0.95909
5.46597,4.95071,-0.442256
5.43743,5.56384,0.427223
5.6011,6.43793,0.0166723
5.31466,5.58391,-0.473138
6.29953,5.81931,-0.558831
5.51424,5.50685,-0.00884426
5.80877,4.63017,-0.415931
5.31482,4.90924,0.391168
5.28059,4.42055,0.983673
5.28463,4.30363,-0.022541
6.09508,4.19504,-0.731516
6.08646,4.98819,-0.0587146
5.69219,5.64102,0.611676
6.00767,6.24406,-0.153755
5.46754,5.34019,-0.299475
6.49349,5.54752,-0.243419
5.61312,5.34761,0.268932
5.3764,5.51038,1.23876
5.77936,5.21014,0.530839
5.86201,4.27179,0.814612
5.46687,4.58589,-0.0463424
5.37825,5.46688,0.479653
6.0434,4.8154,0.0377331
6.68543,5.59574,0.256337
6.21995,5.94162,-0.574371
7.25894,6.14817,-0.451408
6.36427,5.69929,-0.295495
6.1456,5.88963,0.700247
5.79192,4.29477,-0.00426344
6.68231,3.92344,0.262856
6.43793,4.74411,-0.229899
6.33856,5.66639,0.0713736
6.49391,5.18482,-0.835002
6.22633,6.08967,-0.563683
7.20105,5.99257,-0.785604
7.60404,6.8164,-1.13482
7.25273,6.04002,-0.622926
6.26318,5.81172,-0.376278
