-0.145164,1.1273,-1.06859
0.0181372,1.39633,-0.0981994
0.011127,2.39907,-0.0487808
-0.0152135,3.42452,-0.0921995
-0.203931,4.38226,-0.25483
-0.0980956,5.35346,-0.530201
-0.12696,6.28447,-0.427274
-0.141496,7.41159,-0.297903
-0.159545,8.39255,-0.461843
-0.21558,9.40136,-0.463451
-0.121555,10.3984,-0.527219
-0.130351,11.3315,-0.136119
-0.302133,12.3006,-0.474703
-0.167812,13.3074,-0.649724
-0.0904782,14.2406,-0.97662
-0.0952849,15.2207,-0.829817
-0.140477,16.1712,-0.343071
-0.25551,17.1244,0.0352702
-0.114283,18.0921,0.156697
0.0977081,19.1187,-0.0561541
0.0639607,20.0871,-0.26747
-0.190988,21.0714,0.0505905
-0.191241,22.0213,0.324143
-0.10249,23.0435,0.292401
-0.138578,23.9607,-0.190875
-0.16704,24.9619,-0.0197882
-0.0440504,25.9485,0.17384
-0.0100162,26.8112,-0.417304
-0.0707633,27.7673,-0.185434
-0.181274,28.7531,-0.344566
0.856636,1.36435,-0.915812
0.991919,1.6994,0.0157842
0.966997,2.67116,0.340318
0.990942,3.66441,0.0417493
0.844032,4.53034,-0.330442
0.868392,5.50894,-0.485482
0.859502,6.53497,-0.339424
0.893048,7.6017,-0.30484
0.795584,8.5997,-0.495642
0.791189,9.62501,-0.479052
0.936592,10.6478,-0.557283
0.925523,11.6255,-0.176849
0.718009,12.3915,-0.803986
0.758919,13.3783,-1.13179
0.86484,14.4123,-1.22071
0.932047,15.3628,-0.851936
0.830976,16.1582,-0.162572
0.626054,17.0649,-0.463646
0.855751,17.9777,-0.0495193
1.1256,18.9797,-0.078457
1.0724,19.9667,-0.337446
0.762429,20.9572,-0.251476
0.782101,21.9076,0.0280496
0.935298,22.8862,0.126417
0.863222,23.8277,-0.352696
0.836277,24.7869,-0.0940123
0.911637,25.7938,-0.292422
0.989151,26.7963,-0.176077
0.974133,27.8633,-0.249989
0.840443,28.8456,-0.270016
1.86332,1.63739,-0.789691
2.0045,1.85444,0.222932
2.01484,2.87522,0.141081
1.99372,3.82613,-0.129566
1.82841,4.79266,-0.457897
1.86451,5.76047,-0.360829
1.89622,6.82241,-0.430525
1.87555,7.80791,-0.489303
1.8032,8.82028,-0.413117
1.88152,9.82057,-0.599753
1.92654,10.8091,-0.787045
1.94301,11.7364,-0.41485
1.76154,12.6049,-0.873324
1.69797,13.6735,-0.996445
1.87907,14.5291,-1.49717
1.91517,15.4259,-1.02402
1.83137,16.2221,-0.442021
1.62362,17.2049,-0.49631
1.86952,17.9995,0.163863
2.14871,18.9592,-0.0603961
2.09955,19.9848,-0.15118
1.74476,20.9039,-0.446837
1.81818,21.895,-0.144798
1.91966,22.8128,0.220148
1.83722,23.7871,0.0624805
1.85833,24.8242,-0.0274056
1.94144,25.8038,-0.187161
1.98009,26.7369,0.143852
1.93187,27.5978,-0.447008
1.78522,28.4957,-0.0973632
2.91278,1.8413,-0.690384
3.00276,2.04682,0.279534
3.04611,3.07372,0.237941
2.98584,4.06841,-0.00126957
2.83966,5.04121,-0.293237
2.84204,5.98403,-0.570104
2.89473,6.9963,-0.509867
2.92156,8.01237,-0.485519
2.853,9.0191,-0.655382
2.90948,10.0285,-0.630049
2.92394,11.0449,-0.881658
2.96073,11.9637,-0.497543
2.73707,12.7121,-1.11369
2.73645,13.7061,-0.982638
2.90736,14.492,-1.62138
2.9214,15.3873,-1.17617
2.89005,16.0969,-0.475863
2.66262,17.058,-0.474642
2.87318,17.936,-0.0123325
3.1715,18.9109,-0.151585
3.06769,19.9152,-0.408893
2.72741,20.8641,-0.275607
2.79484,21.8713,-0.304807
2.93682,22.8426,0.044026
2.85705,23.8223,0.120859
2.84909,24.8257,0.137663
2.92529,25.8077,0.0159764
3.01823,26.8328,0.174847
2.93811,27.5926,-0.535075
2.78812,28.456,-0.0223182
3.93015,1.95862,-0.553117
3.99699,2.3879,0.349284
3.99122,3.36341,0.0890286
4.02053,4.37775,-0.184606
3.86659,5.35203,-0.374242
3.79103,6.34718,-0.23748
3.90444,7.30555,-0.454674
3.90044,8.28561,-0.365664
3.85942,9.2076,-0.740675
3.90785,10.2086,-0.869741
3.94691,11.1905,-1.07039
4.01861,12.1,-0.593307
3.80092,12.7933,-1.29004
3.78114,13.8003,-1.08149
3.86239,14.547,-1.74931
3.90463,15.4679,-1.37801
3.8702,16.1818,-0.708896
3.65325,17.1273,-0.454183
3.88354,17.9538,0.018247
4.20246,18.8988,-0.179098
4.11416,19.8335,-0.508582
3.79337,20.7549,-0.221189
3.79256,21.8023,-0.122498
3.92861,22.7519,-0.0308817
3.88224,23.7605,0.0249702
3.86268,24.7592,0.236338
3.9865,25.7432,0.290503
4.05195,26.7035,0.0145207
3.91426,27.6552,-0.275719
3.75517,28.6249,-0.0201605
4.91894,2.07848,-0.219196
4.95594,2.7604,0.538673
5.00256,3.68092,0.0609485
5.03554,4.48174,-0.521323
4.90475,5.48576,-0.379043
4.88604,6.4785,-0.257988
4.95421,7.49379,-0.347609
4.87224,8.4722,-0.536271
4.825,9.50238,-0.730378
4.88164,10.4478,-1.06157
4.9511,11.4333,-0.850874
5.04438,12.4417,-0.723646
4.81879,13.0089,-1.49755
4.79897,14.0202,-1.29164
4.84381,14.562,-2.12152
4.889,15.3784,-1.56314
4.84638,16.1164,-0.878045
4.71877,17.1131,-0.679598
4.8695,17.9996,-0.301822
5.23692,18.8641,0.0176702
5.11377,19.7379,-0.409479
4.84118,20.7146,-0.144859
4.81272,21.7406,-0.132398
5.00016,22.7108,-0.0150029
4.8834,23.7076,-0.0996277
4.81154,24.5704,0.404975
4.93067,25.5374,0.118653
5.01761,26.5218,0.162716
4.89199,27.348,-0.328565
4.76081,28.3784,-0.273449
5.9076,2.41932,-0.288681
5.93128,3.0221,0.577181
5.97019,3.98428,0.245671
6.0091,4.75473,-0.413974
5.9202,5.77953,-0.392917
5.83082,6.75354,-0.265893
5.95258,7.70361,-0.592746
5.8633,8.7133,-0.461058
5.84607,9.60776,-0.908258
5.89801,10.6453,-1.08082
5.98333,11.6411,-0.846269
6.04641,12.6328,-1.02279
5.85297,13.3246,-1.74622
5.85081,14.3313,-1.44779
5.85916,14.6271,-2.41972
5.93669,15.3153,-1.66376
5.84853,15.949,-0.899442
5.75749,16.9753,-0.783306
5.86532,17.9333,-0.624656
6.25584,18.6194,0.00155034
6.10797,19.5194,-0.483349
5.83662,20.4893,-0.277206
5.84077,21.4641,-0.121708
5.96452,22.4395,-0.118976
5.86424,23.4263,-0.132109
5.80629,24.2746,0.388568
5.90302,25.3052,0.353694
6.04275,26.2932,0.165047
5.8685,27.2603,-0.0501511
5.79429,28.262,-0.194079
6.90705,2.56641,-0.289135
7.00164,3.26892,0.434074
6.97647,4.25135,0.226701
7.0007,5.05603,-0.414405
6.90473,6.05343,-0.396558
6.82395,7.10981,-0.309009
6.8816,8.1,-0.397681
6.91436,9.08327,-0.445613
6.86321,9.92617,-1.00554
6.87298,10.9131,-1.12014
7.00193,11.9254,-0.99357
7.01217,12.8935,-1.25432
6.9054,13.4417,-2.04502
6.88502,14.3629,-1.57513
6.90248,14.6718,-2.57139
6.92934,15.2944,-1.74992
6.83976,15.8525,-0.945442
6.75802,16.8434,-0.784448
6.90147,17.7966,-0.598364
7.19047,18.7211,-0.275655
7.13989,19.6579,-0.659627
6.80428,20.6537,-0.537492
6.82322,21.3762,0.167214
6.99806,22.3981,0.0442183
6.90603,23.4375,0.0514359
6.86926,24.3997,0.212882
6.93466,25.3693,0.471123
7.09352,26.3265,0.130784
6.84362,27.304,0.105933
6.86497,28.2932,-0.206207
7.99057,2.66358,-0.200079
7.9969,3.47782,0.340938
8.00997,4.33287,-0.127006
7.97839,5.26251,-0.492743
8.02779,6.30684,-0.449309
7.91403,7.3121,-0.284838
7.94094,8.31557,-0.23014
7.89089,9.2098,-0.692669
7.81121,10.1859,-0.662703
7.84049,11.2,-0.799207
7.98654,12.1493,-1.12432
8.0447,13.2036,-1.3463
7.92411,13.4496,-2.31675
7.92454,14.3749,-1.83262
7.96236,14.8247,-2.70768
7.92267,15.2167,-1.74131
7.85723,15.8353,-0.92786
7.80432,16.8297,-0.887619
7.94815,17.7686,-0.437837
8.14682,18.7046,-0.661165
8.18391,19.7055,-0.487371
7.86781,20.6608,-0.558385
7.81015,21.4903,-0.0244819
8.00641,22.5192,-0.17159
7.93403,23.492,0.025193
7.85808,24.4829,-0.0523759
7.86142,25.4333,0.157164
8.14866,26.4443,0.13234
7.86868,27.3945,0.241581
7.88527,28.1213,-0.422059
9.08849,2.70427,-0.0637715
8.95176,3.65322,0.159966
9.03874,4.65473,0.0580065
8.98077,5.51991,-0.486563
9.0437,6.5507,-0.47257
8.96758,7.51704,-0.207736
8.98255,8.49459,-0.325568
8.88882,9.49833,-0.5446
8.83373,10.5326,-0.795761
8.81894,11.5202,-0.922559
8.91671,12.5079,-1.17411
8.91831,13.5009,-1.63936
8.88809,13.5778,-2.66455
8.97526,14.3183,-2.0459
8.93595,14.66,-2.97265
8.87541,15.1968,-2.07552
8.73536,16.002,-1.44391
8.8275,16.8075,-0.846721
8.95328,17.7989,-0.596039
9.16255,18.7911,-0.899454
9.22154,19.7572,-0.502811
8.89542,20.6663,-0.545601
8.81969,21.6462,-0.244301
9.06492,22.5847,-0.0829249
8.95494,23.5036,0.327854
8.84913,24.3266,-0.266292
8.87201,25.3148,-0.132344
9.14046,26.2401,0.0547624
8.84125,27.2385,0.158428
8.86213,28.1675,-0.366161
10.1478,2.75868,0.036726
9.98357,3.73783,0.0607257
10.1004,4.75907,-0.130839
9.96614,5.74742,-0.486688
10.0056,6.6938,-0.21225
9.9795,7.73089,-0.223475
9.99129,8.73148,-0.201337
9.90086,9.67877,-0.559853
9.84584,10.6344,-0.80018
9.83642,11.6505,-0.773525
9.93048,12.4078,-1.393
9.97226,13.3644,-1.75935
9.89962,13.8086,-2.69404
9.99828,14.2099,-1.78745
9.93679,14.5893,-2.77896
9.80839,15.0504,-1.883
9.70989,16.0506,-1.72949
9.89335,16.7124,-0.96122
9.94982,17.6989,-0.738643
10.1714,18.6781,-0.705603
10.2766,19.6919,-0.608237
9.90583,20.5967,-0.334959
9.85856,21.5719,-0.182556
10.0836,22.4857,0.0960356
9.97682,23.4804,0.205698
9.81119,24.2076,-0.478661
9.87274,25.164,-0.107978
10.1514,26.2237,-0.194565
9.79896,27.1608,-0.0542863
9.87757,28.0927,-0.456087
11.1469,2.89866,0.104443
10.9749,3.89351,0.104511
11.1206,4.80517,-0.263042
11.0154,5.7644,-0.522233
11.0188,6.79051,-0.414725
10.9391,7.82634,-0.514371
10.994,8.82441,-0.307605
10.9349,9.83919,-0.540681
10.8457,10.7312,-0.928419
10.9168,11.7297,-0.89248
10.9749,12.4879,-1.61714
10.958,13.4766,-1.90744
10.9112,14.0633,-2.7197
10.9661,14.4528,-1.80788
10.9237,14.6511,-2.75938
10.837,15.2289,-1.87593
10.7279,16.2225,-1.73589
10.8813,16.7745,-0.884594
11.0047,17.8114,-0.617249
11.2204,18.7609,-0.733283
11.3248,19.733,-0.47448
10.9253,20.6989,-0.468999
10.8774,21.5575,0.0731986
11.0965,22.5313,-0.0947813
10.9886,23.4815,0.238908
10.8611,24.1586,-0.572112
10.9626,25.1411,-0.3
11.2327,26.0911,-0.154448
10.781,27.038,-0.0199866
10.9003,27.8744,-0.545177
12.1271,2.9545,0.252818
11.9849,3.94496,0.27839
12.0107,5.01682,0.213022
12.0026,5.75713,-0.458495
12.0286,6.78854,-0.559609
11.9529,7.84359,-0.778423
12.0651,8.78364,-0.527122
11.9776,9.80082,-0.609418
11.8713,10.6712,-1.14465
11.938,11.7551,-1.01467
11.9879,12.6061,-1.57937
11.9985,13.5852,-1.88241
11.9945,14.1264,-2.76198
11.9992,14.4909,-1.86054
11.9543,14.8111,-2.80028
11.8326,15.3253,-1.95582
11.7546,16.3569,-1.91916
11.9027,16.7857,-0.955962
11.9782,17.8498,-0.828782
12.256,18.8026,-0.722114
12.2774,19.7442,-0.209503
11.8986,20.6535,-0.213532
11.9295,21.5695,0.168584
12.0986,22.5813,-0.0140721
11.9967,23.5676,0.335569
11.8312,24.2749,-0.327219
11.9654,25.2318,-0.121754
12.2551,26.1784,-0.021128
11.7918,27.0767,-0.114212
11.9199,28.0701,-0.518088
13.1274,3.1768,0.311219
13.0047,4.1505,0.264147
13.035,5.15027,0.249535
13.0146,5.94862,-0.325529
13.0253,6.93139,-0.506223
12.9879,7.92007,-0.627024
13.0479,8.90448,-0.50726
12.9612,9.91565,-0.804096
12.914,10.839,-1.19562
12.9839,11.814,-1.03819
13.036,12.7334,-1.50469
12.9897,13.5885,-2.02475
12.9935,14.2609,-2.78102
13.043,14.4654,-1.80291
12.9451,14.6735,-2.82409
12.8527,15.3237,-2.03495
12.7717,16.2967,-1.87448
12.8417,17.0248,-1.14924
12.9793,17.9698,-0.835029
13.2085,18.948,-1.00553
13.2149,19.8774,-0.643803
12.9102,20.7034,-0.17879
12.9291,21.6587,0.148769
13.1358,22.616,-0.00140385
13.0172,23.5996,0.249794
12.8943,24.391,-0.366485
12.9501,25.3994,-0.349287
13.2785,26.3015,0.0864315
12.7909,27.0312,-0.41435
12.9688,27.9401,-0.655296
14.1653,3.23634,0.368072
14.0007,4.21617,0.356822
14.0431,5.22662,0.28345
14.0614,6.10095,-0.273888
14.0627,7.04968,-0.600644
13.9931,8.07492,-0.634874
14.0458,9.02729,-0.314258
13.9648,9.9127,-0.771255
13.9743,10.9329,-1.07172
14.0167,11.9297,-1.04069
14.0585,12.7532,-1.5779
13.977,13.6905,-2.08952
14.0063,14.3909,-2.86613
14.063,14.4659,-1.87817
13.9691,14.8558,-2.80361
13.941,15.3404,-1.92289
13.7636,16.4278,-1.87787
13.891,17,-1.05653
13.9934,17.984,-1.07878
14.2446,19.0044,-1.01331
14.2212,19.7016,-0.30564
13.9206,20.6854,-0.295303
13.8213,21.712,-0.28547
14.1409,22.7058,-0.249199
14.0187,23.6859,0.0332499
13.9064,24.4743,-0.559249
13.9621,25.3791,-0.150383
14.3037,26.3094,0.223963
13.8259,27.0093,-0.35714
14.0388,27.9823,-0.579955
15.2012,3.33378,0.237776
15.035,4.34554,0.278762
15.0066,5.25503,-0.114374
15.0902,6.18993,-0.404633
15.0589,7.11059,-0.780023
15.0202,8.13657,-0.648228
15.1117,9.06864,-0.326963
15.0256,9.92065,-0.823078
15.054,10.8913,-1.21185
15.0682,11.9206,-1.27795
15.1216,12.9099,-1.41269
15,13.7883,-1.88429
14.9966,14.1539,-2.85123
15.0318,14.687,-1.97745
14.9498,14.9569,-2.96127
14.9449,15.5496,-2.15122
14.7861,16.5259,-2.11828
14.8257,17.1518,-1.34736
15.0467,18.0646,-1.03322
15.2614,19.0644,-1.04018
15.1496,19.9555,-0.583547
14.8897,20.7198,0.0244697
14.8071,21.7106,0.103699
15.1269,22.5857,-0.232829
15.0406,23.5959,-0.171694
14.9469,24.4966,-0.629023
14.9935,25.2751,0.00806299
15.3029,26.2294,0.0277169
14.8137,27.0973,-0.180615
14.9777,28.1032,-0.218451
16.1722,3.2797,-0.0108982
15.9936,4.24869,0.0535081
16.0283,5.2506,-0.163762
16.098,6.24261,-0.434687
16.0932,7.14571,-0.824219
16.0768,8.19677,-0.677734
16.0921,9.17962,-0.488366
16.085,10.1178,-0.807596
16.0645,11.0804,-1.1531
16.1357,12.0774,-1.31794
16.1677,13.1206,-1.32957
16.0625,13.8931,-1.96593
16.0353,14.1949,-2.9195
16.0507,14.781,-2.09126
15.9651,15.0841,-3.01397
15.9507,15.6099,-2.12923
15.8255,16.5958,-2.17093
15.821,17.4401,-1.61299
16.0755,18.0594,-0.920823
16.1037,19.0233,-0.475604
16.0664,19.9159,-0.0732902
15.8655,20.8803,0.212159
15.7907,21.9487,0.291964
16.1307,22.6512,-0.331834
16.0195,23.6457,-0.334608
15.9432,24.6124,-0.729276
15.9703,25.371,-0.102811
16.2943,26.3224,-0.250545
15.8331,27.1585,-0.00265206
16.0418,28.114,-0.216715
17.1854,3.32211,-0.0965697
17.0081,4.237,0.245607
17.0794,5.24673,-0.0012421
17.1608,6.25671,-0.312171
17.1086,7.11728,-0.827351
17.1062,8.09519,-0.527348
17.1633,9.18867,-0.536354
17.1315,10.1961,-0.730113
17.05,11.1849,-0.940071
17.1681,12.1219,-1.21289
17.1826,13.0991,-1.50441
17.0452,14.0154,-1.84676
17.0454,14.1119,-2.81793
17.1045,14.9011,-2.22896
16.9844,15.1579,-3.22353
16.8916,15.8159,-2.48891
16.7869,16.7505,-2.12631
16.8328,17.3285,-1.31359
17.0443,18.0217,-0.628321
17.0731,18.9823,-0.262694
17.0716,19.9477,-0.467708
16.8439,20.8296,0.00366527
16.7637,21.7425,0.395453
17.1274,22.5674,-0.148412
17.0149,23.5938,-0.152464
16.9374,24.5526,-0.512186
17.0407,25.3906,-0.0116031
17.2557,26.3546,-0.0345836
16.8088,27.2768,-0.200113
17.0611,28.2303,-0.279922
18.1323,3.2337,0.150423
18.0576,4.19115,0.332752
18.1017,5.16435,0.185714
18.1485,6.07659,-0.278143
18.1409,7.08218,-0.566152
18.0887,8.08484,-0.379434
18.2299,9.04752,-0.607703
18.1158,10.0098,-0.805258
18.1036,11.0347,-0.926054
18.2515,12.063,-1.05564
18.2542,13.003,-1.4207
18.0928,14.0311,-1.81937
18.1127,14.1497,-2.82211
18.1546,14.9322,-2.17605
18.0467,15.1173,-3.18115
18.0206,15.736,-2.38707
17.835,16.7026,-2.05329
17.9053,17.3408,-1.25688
18.0419,18.1428,-0.627827
18.0972,18.9622,-0.0245888
18.0764,19.9131,-0.284167
17.8546,20.9251,-0.319849
17.7391,21.8048,0.201016
18.1129,22.6795,0.0965392
18.0075,23.6461,-0.196307
18.004,24.5726,-0.520344
18.0936,25.4442,-0.0563372
18.2846,26.4191,0.160314
17.7746,27.2693,-0.0901883
18.0954,28.2081,-0.205429
19.0666,2.98445,0.529814
19.0788,4.00916,0.486117
19.0983,5.10609,0.46689
19.1825,5.93402,-0.23647
19.1372,6.93349,-0.617792
19.1556,7.91348,-0.441923
19.2673,8.89789,-0.701083
19.1215,9.8874,-0.981423
19.1587,10.897,-1.0557
19.3334,11.9332,-1.08849
19.2888,12.9942,-1.36415
19.1552,13.979,-1.7914
19.1414,13.9989,-2.80367
19.2258,14.8206,-2.25504
19.1089,15.3478,-3.11027
19.0334,15.6124,-2.15654
18.7884,16.5285,-1.8024
18.9636,17.3259,-1.21043
19.071,17.9861,-0.484039
19.0627,18.958,-0.297348
19.0963,19.9297,-0.0885434
18.882,20.9117,-0.304798
18.7948,21.877,0.155034
19.1318,22.7624,0.29364
19.0185,23.6608,-0.131755
18.966,24.6337,-0.237681
19.0896,25.6178,-0.0981567
19.3198,26.587,0.0129978
18.7774,27.4195,0.101294
19.1372,28.357,-0.0966552
20.0866,2.88826,0.348939
20.0899,3.87501,0.684262
20.1004,4.78144,0.274358
20.1915,5.72819,-0.093582
20.1158,6.59155,-0.687356
20.1572,7.57353,-0.355184
20.2623,8.57376,-0.562008
20.0662,9.52405,-0.87607
20.1916,10.5772,-1.0349
20.318,11.6079,-0.966329
20.2639,12.5278,-1.35851
20.0476,13.4683,-1.57862
20.1711,13.8139,-2.55987
20.2235,14.6476,-1.98191
20.1191,15.2165,-2.81485
20.067,15.6336,-1.94163
19.8755,16.637,-1.85087
19.9527,17.3533,-1.17801
20.0531,18.1467,-0.578353
20.0026,19.1537,-0.690555
20.1139,19.8587,0.0388989
19.891,20.8567,-0.012244
19.8922,21.866,0.0612201
20.1129,22.7652,0.525068
19.9931,23.7623,0.355196
19.9534,24.664,-0.0712577
20.0923,25.5822,0.293124
20.3658,26.5649,0.0456954
19.8041,27.4182,0.269198
20.2191,28.2478,-0.251637
21.0899,2.63324,0.497681
21.1014,3.6354,0.821561
21.0581,4.40345,0.178985
21.13,5.42343,0.160161
21.1365,6.34285,-0.390799
21.2202,7.38416,-0.254738
21.2395,8.32672,-0.583493
21.0517,9.30896,-0.64911
21.1402,10.2782,-0.861885
21.294,11.2858,-0.804315
21.2227,12.1616,-1.30907
21.036,13.137,-1.5483
21.1808,13.8218,-2.27407
21.2028,14.5488,-1.57711
21.069,14.928,-2.4865
21.0772,15.6128,-1.75936
20.8947,16.6006,-1.89087
21.0046,17.3493,-1.20306
21.0789,18.2369,-0.714512
21.011,19.2684,-0.801782
21.1226,19.7788,0.0960356
20.9486,20.8094,0.0804529
20.9476,21.7864,-0.144279
21.1276,22.6112,0.417045
21.0304,23.6571,0.371899
20.9439,24.6357,0.0435652
21.1304,25.6279,0.210889
21.3072,26.6031,0.462178
20.7932,27.481,0.291833
21.1749,28.421,0.167071
22.0162,2.41987,0.873803
22.1078,3.42394,0.661574
22.1339,4.15412,0.00456252
22.1539,5.11945,0.235582
22.1341,6.01063,-0.335582
22.1663,7.0066,-0.31359
22.2024,7.99852,-0.482278
22.0293,8.98896,-0.388635
22.1055,9.98383,-0.615625
22.2272,10.9737,-0.589126
22.1592,11.8996,-1.0801
22.0272,12.8192,-1.41781
22.1252,13.7632,-1.83785
22.1597,14.4411,-1.12337
22.0486,14.6352,-2.10743
22.1042,15.4651,-1.55482
21.889,16.4558,-1.68685
22.0134,17.4209,-1.42301
22.0287,18.3659,-1.05524
22.01,19.3589,-0.886929
22.1342,19.9163,-0.0530351
21.9744,20.8832,0.192599
21.932,21.8679,0.201477
22.139,22.7612,0.480145
22.0249,23.7206,0.649171
21.9349,24.5974,0.164037
22.1147,25.5474,0.400287
22.3354,26.5813,0.324943
21.8467,27.4232,0.273189
22.2329,28.3417,-0.0520157
23.0253,2.38238,1.19646
23.081,3.15572,0.556529
23.1474,3.8806,-0.127967
23.1925,4.87812,0.215894
23.0528,5.85724,-0.0699057
23.1965,6.85451,-0.0183721
23.1942,7.73642,-0.531111
23.0982,8.74611,-0.436973
23.0788,9.77754,-0.454677
23.2205,10.76,-0.534925
23.1529,11.7243,-0.94753
23.1063,12.625,-1.27378
23.143,13.498,-1.80836
23.0989,14.1269,-1.01277
23.0512,14.5865,-1.91853
23.1007,15.5461,-1.47779
22.9162,16.5194,-1.34195
23.0707,17.4831,-1.32118
23.049,18.3743,-0.95754
23.0198,19.3575,-0.764132
23.2041,20.0342,-0.0151463
22.9997,20.9746,0.282919
22.9581,21.9762,0.38724
23.1913,22.9723,0.508075
23.0261,23.8613,0.827754
22.9445,24.7403,0.290881
23.1541,25.6825,0.500659
23.334,26.4879,-0.0656575
22.8984,27.3955,0.156108
23.2454,28.3002,-0.113529
24.0472,2.2401,1.24429
23.9723,2.73656,0.354463
24.2183,3.60923,-0.0373394
24.1911,4.57203,0.213828
24.0825,5.58281,-0.0276742
24.1612,6.57591,-0.00636616
24.2243,7.46066,-0.502893
24.0641,8.46408,-0.55324
24.0887,9.46734,-0.523304
24.1622,10.4298,-0.539937
24.2202,11.3507,-0.900702
24.0453,12.3165,-1.11989
24.0927,13.2351,-1.49292
24.0746,13.9276,-0.740287
23.9888,14.5501,-1.53228
24.1109,15.516,-1.48004
23.9671,16.439,-1.13623
24.0657,17.3998,-1.42293
24.0831,18.3691,-1.10493
24.0598,19.339,-0.77994
24.2281,20.1767,-0.236189
23.9834,21.0345,0.149236
24.0249,21.9842,0.481014
24.1897,22.9883,0.538697
24.0857,23.9519,0.851473
23.971,24.7508,0.289248
24.127,25.6122,0.797147
24.2951,26.4058,0.166811
23.9287,27.2944,0.00811792
24.2073,28.1933,-0.358388
25.0411,2.26661,1.47968
24.9339,2.43835,0.526914
25.1499,3.23959,-0.0349071
25.1,4.27106,0.0102878
25.1061,5.25568,-0.0353862
25.1426,6.25568,-0.00520035
25.1914,7.23983,-0.153453
25.0872,8.13223,-0.645103
25.0993,9.14277,-0.40018
25.2071,10.2002,-0.38272
25.2264,11.0758,-0.892608
25.0173,12.0473,-1.02592
25.0869,13.0407,-1.18343
24.9984,13.7001,-0.434227
24.9602,14.3628,-1.18242
25.0385,15.351,-1.11729
24.9161,16.2614,-0.794568
25.0332,17.2134,-1.09891
25.0806,18.2459,-1.08112
25.0161,19.0948,-0.573101
25.2729,20.0017,-0.297198
24.9598,20.8451,0.236177
25.0294,21.8343,0.421259
25.1677,22.8401,0.517963
25.1077,23.8703,0.820768
24.9884,24.8253,0.463042
25.1266,25.8499,0.697546
25.2774,26.6217,0.0284219
24.9539,27.5749,0.116654
25.1443,28.467,-0.268175
26.0727,2.14168,1.43458
25.9588,2.23456,0.415061
26.1972,3.07195,-0.148933
26.0447,4.04373,-0.265261
26.1528,5.0206,0.0261635
26.143,6.0459,-0.12237
26.1713,7.0569,-0.0119755
26.1237,7.95914,-0.448305
26.1058,8.99377,-0.341661
26.2658,9.97645,-0.337611
26.2278,10.8571,-0.84539
26.0248,11.8023,-0.937455
26.1186,12.8113,-1.07217
26.0484,13.5684,-0.419547
25.9087,14.3943,-0.933433
26.051,15.4185,-0.860125
25.9626,16.3838,-0.696203
25.9654,17.394,-0.854118
26.0876,18.3374,-1.18576
26.0193,19.1032,-0.483175
26.2947,20.0319,-0.281396
25.9463,20.9748,-0.0825037
26.0314,21.9134,0.361995
26.1462,22.8507,0.0667043
26.0462,23.8227,0.423463
25.9926,24.8262,0.253291
26.1014,25.7533,0.61156
26.2492,26.7292,0.32338
25.9832,27.6206,-0.0869228
26.1975,28.653,-0.171224
26.999,1.81508,1.18338
26.914,2.00844,0.177889
27.16,3.01462,0.0274545
27.0622,3.97011,-0.186962
27.1656,4.89446,0.172152
27.1884,5.84795,0.0838343
27.1845,6.82623,-0.244362
27.075,7.7795,-0.554747
27.1243,8.73135,-0.280953
27.2446,9.72228,-0.28619
27.1502,10.7335,-0.468722
27.0072,11.6405,-0.784719
27.1551,12.6085,-0.953221
27.0619,13.546,-0.512864
26.9708,14.4673,-0.890573
27.0609,15.4707,-0.777856
26.9647,16.3834,-0.414408
26.9541,17.3433,-0.642619
27.1014,18.2976,-1.02413
27.0404,19.0602,-0.379485
27.3101,20.0195,-0.31218
26.9958,20.9193,-0.00473342
27.0709,21.9361,0.327088
27.1338,22.9125,0.133854
27.0874,23.9175,0.195453
27.0189,24.9043,0.10896
27.1706,25.8162,0.564354
27.2431,26.8332,0.386123
26.9944,27.739,0.0601001
27.2279,28.5724,-0.514435
28.0174,1.92264,1.12641
27.9346,1.79418,0.14789
28.1255,2.69473,-0.243059
28.057,3.66548,-0.0869655
28.1621,4.56868,0.315482
28.167,5.57937,0.254466
28.1687,6.4966,-0.179995
28.0632,7.48266,-0.38916
28.1466,8.49012,-0.313181
28.2501,9.46386,-0.066335
28.1,10.4213,-0.312137
28.0257,11.3323,-0.721378
28.1339,12.3665,-0.698068
28.141,13.3479,-0.563979
27.9989,14.3244,-0.646513
28.1027,15.3062,-0.792624
27.987,16.2643,-0.516761
27.977,17.2707,-0.416889
28.0899,18.1805,-0.930119
28.1418,19.0427,-0.439857
28.3099,20.0013,-0.617914
28.0156,20.8905,-0.188562
28.0701,21.835,0.175936
28.0941,22.8235,-0.0799799
28.1412,23.8874,0.0856532
27.9974,24.8488,-0.118262
28.0015,25.857,0.0293527
28.2991,26.826,0.133259
28.0227,27.77,-0.138206
28.1452,28.7723,-0.144111
29.0277,1.63926,1.19402
28.9114,1.623,0.192535
29.1213,2.45944,-0.345189
29.1137,3.44978,-0.110291
29.1432,4.25843,0.441368
29.1456,5.239,0.129722
29.1437,6.22567,0.0429151
29.0308,7.25251,-0.119504
29.0919,8.22472,-0.349129
29.2188,9.16707,0.000442518
29.1102,10.1294,-0.244301
28.9525,11.1375,-0.36654
29.14,12.106,-0.585885
29.1345,13.1472,-0.459291
29.0198,14.1783,-0.637001
29.1112,15.205,-0.620145
28.9977,16.152,-0.280151
29.0039,17.1735,-0.20603
29.1133,18.1232,-0.685012
29.1483,19.0304,-0.229945
29.3422,20.0142,-0.346477
29.0026,20.872,0.10856
29.1382,21.8473,0.16466
29.1395,22.843,8.85037e-05
29.1313,23.8139,-0.132725
29.0442,24.8349,-0.15164
29.03,25.831,-0.0329966
29.1963,26.8179,-0.290808
29.0908,27.7804,0.0130009
29.2212,28.8063,-0.108231
