-0.00320444,0.0125736,0.145982
0.989181,-0.00182196,0.0721793
1.98121,-0.0353557,0.271715
2.93646,0.0305277,-0.0603015
3.93776,0.0730491,0.0330515
4.92544,0.030604,-0.125553
5.97931,-0.0210547,0.00323801
7.01593,0.0245979,0.14514
8.04423,-0.0373638,0.0790582
9.02516,0.0393902,0.259941
10.0534,0.0136021,-0.00454421
11.0758,0.0877041,0.0185614
12.0775,-0.00941496,-0.139436
13.1062,-0.00209662,-0.228251
14.043,0.0712699,0.0966613
15.0554,-0.0198828,0.18215
16.0761,-0.0317362,0.167324
17.0058,-0.00664693,-0.204785
18.0036,-0.0209479,0.0574786
19.0015,0.0562304,0.057445
-0.0380444,0.953081,-0.372869
0.954543,0.987893,-0.130366
1.96,0.984262,0.0354961
2.97808,1.00933,-0.25302
4.02208,1.02775,-0.0674978
5.05749,1.0823,-0.215607
6.03609,1.01936,0.0153844
7.05775,1.0116,0.00368969
8.04872,1.00437,0.113202
9.09423,1.00231,0.068334
10.1237,1.01939,0.163115
11.1377,1.0999,0.01507
12.1276,1.00615,0.177654
13.1256,0.986151,0.0358043
14.1024,1.0477,-0.152486
15.0867,0.947737,0.0699087
16.1116,0.918345,-0.0470168
17.0799,1.03115,0.100125
18.0782,0.950862,-0.158864
19.0049,1.03711,0.218522
-0.00657064,1.94903,-0.211692
1.07337,1.97908,-0.0784539
2.05086,2.0167,-0.300913
3.03571,2.05126,-0.175933
4.00744,2.07908,-0.0871761
5.00089,2.1052,-0.0907804
6.03151,2.06395,-0.0633198
6.98672,2.06556,0.173061
8.01558,2.01798,0.290139
9.03887,1.9876,0.274929
10.0185,2.00086,0.0673452
11.0011,2.06713,0.145366
12.0774,2.00203,-0.00611591
12.9998,1.94748,-0.321519
13.9948,2.0607,-0.188095
15.0137,2.00622,0.0618519
16.0267,1.94119,-0.112079
16.9807,2.01445,0.288415
17.9538,1.9354,0.00265511
18.9623,2.03661,0.111127
-0.0889248,2.9515,-0.345775
0.929029,3.02605,-0.272448
1.91452,3.07319,-0.182702
2.93708,3.10099,-0.109494
3.95143,3.14541,-0.0359172
4.95486,3.12711,-0.203308
6.00941,3.08059,-0.246565
7.02251,3.06474,0.0725211
8.01133,3.03766,0.0449446
9.03979,3.01588,0.0618274
10.0108,2.98827,0.017951
10.9667,3.02412,-0.229579
12.0394,3.04628,-0.0958495
13.0289,2.9194,-0.00505692
14.0297,3.04846,0.0291391
15.0179,3.02335,0.130534
16.0021,2.82428,0.379223
17.0114,2.95865,0.256508
18.0015,2.93638,0.124851
18.963,3.02463,-0.0686209
-0.0235328,4.00769,-0.241032
0.969695,4.02522,-0.133891
1.9502,4.09825,0.0531419
2.93823,4.03017,0.201453
3.93137,4.11174,0.0925932
4.86843,4.14454,-0.281909
5.90984,4.11078,-0.0558794
6.91811,4.08672,0.0781823
7.88129,4.03862,0.248024
8.88671,4.0041,0.0250191
9.92182,4.01832,-0.033784
10.8637,4.03192,-0.260396
11.857,4.09591,-0.0701559
12.8629,3.95671,-0.0168645
13.9203,4.02881,0.0917508
14.9376,3.99018,0.0555712
15.9017,3.80041,0.263283
16.8598,3.96235,0.00597552
17.9351,3.92714,0.114447
18.9968,4.06382,0.114539
-0.0355449,4.93816,0.130519
0.932237,5.0908,-0.0612629
1.85582,5.08034,0.253499
2.86471,5.08704,-0.00405896
3.86357,5.07366,-0.027018
4.90144,5.12596,-0.179458
5.96522,5.06131,-0.386254
6.93473,5.09099,-0.121781
7.9298,5.041,-0.0657369
8.97325,5.04246,-0.176141
9.96212,5.0592,0.0402387
10.953,5.03513,-0.0668905
11.9716,5.08466,0.100436
12.9496,4.95696,0.122971
13.9371,5.03316,0.183499
14.9152,4.95729,-0.165813
15.885,4.77266,0.115897
16.9305,4.96582,-0.127522
17.8967,4.92001,0.180074
18.9344,5.07557,0.0275246
0.0347484,5.9163,-0.0497818
1.05333,6.08172,-0.0567217
1.99766,6.13637,0.170333
3.00346,6.07051,0.162658
4.00018,6.07115,0.18233
4.98271,6.12133,-0.0587939
5.98974,6.00168,-0.100934
6.97784,6.08197,0.0199347
7.99669,6.02926,0.156197
9.02877,5.97592,0.155379
10.0275,6.04269,-0.133882
10.9979,6.01756,0.0312174
11.9922,6.05048,-0.207343
12.912,6.01074,0.203131
13.9458,6.04453,0.144359
14.9714,5.89612,0.144795
15.9251,5.74527,-0.0743645
16.8951,5.95526,0.171413
17.939,5.91657,0.0997284
18.9673,6.06598,-0.0605823
0.00397046,7.00222,-0.181527
0.978082,7.08331,0.0507462
1.97373,7.114,0.062035
3.0021,6.97823,-0.274053
3.98178,7.06597,-0.0694266
4.96467,7.05317,0.290841
5.8838,6.94509,0.0337291
6.94322,7.10368,-0.0293344
7.9978,7.00738,0.0393231
9.04328,7.00211,0.095407
10.0567,7.03673,0.135591
11.0477,7.03568,0.173034
12.0372,6.97643,0.0959319
13.061,6.99089,0.105197
14.0443,7.06685,0.249217
15.0412,6.88757,0.109021
16.0711,6.74474,-0.114035
17.1101,6.9337,-0.0647145
18.0609,6.93979,0.235963
19.0053,7.08132,-0.103986
0.0557512,8.03138,-0.11594
1.05034,8.07745,-0.10293
2.07364,8.09333,-0.0603015
2.97861,7.98718,-0.414441
3.98868,8.07919,-0.100891
5.02177,8.02093,-0.123566
6.0153,7.99808,-0.170373
7.03254,8.09335,-0.42552
8.01343,8.02414,-0.028428
8.99475,8.01317,0.166024
9.95219,8.02813,0.483251
10.984,8.03584,0.313486
11.9725,8.03572,0.103067
12.9957,8.00761,0.00240181
13.9715,7.97888,-0.118619
15.0018,7.86827,-0.109726
16.0161,7.8372,-0.020484
17.0298,7.89979,0.304263
18.0122,7.91764,0.467086
19.0476,8.00098,0.35999
0.0396191,9.03794,-0.1442
1.0559,9.1091,-0.0188543
2.0363,9.09813,-0.111911
3.01683,9.01181,-0.216446
4.07902,9.04691,-0.110065
5.04676,9.07027,-0.0923826
6.05652,8.99727,0.00704062
7.06782,9.08832,-0.135481
8.0167,9.03302,0.13777
9.01975,8.98275,-0.177132
9.91279,9.03409,0.290027
10.9027,9.09556,0.204917
11.9684,9.03782,0.174444
12.9424,8.97308,0.339769
13.9539,8.94151,0.203888
14.9861,8.85497,0.0496689
16.0196,8.86525,0.013654
17.0176,8.90761,0.0858821
18.0067,8.92473,0.277651
18.9975,8.92354,0.00330515
0.0271004,10.0704,-0.0546464
1.01009,10.0862,0.0726646
2.00617,10.0699,-0.0304147
3.00505,10.0389,-0.184774
4.02743,10.0749,-0.0745415
5.03883,10.1229,-0.113523
6.0194,10.0511,-0.067626
7.03771,10.0429,0.0417219
8.05762,10.0104,0.0826899
9.07581,9.97939,-0.0586566
10.1151,9.9951,0.0943388
11.1469,10.0996,0.156236
12.1123,10.071,-0.0218116
13.0375,9.98916,0.476962
14.0403,9.90639,0.481491
15.013,9.86815,0.188907
16.0501,9.81633,0.282681
16.9423,9.85602,-0.151845
17.9573,9.91118,-0.0351543
18.9784,9.9242,-0.244362
-0.00253304,11.0705,-0.0527238
1.01407,11.148,-0.0165532
1.92941,11.0218,-0.372646
2.85841,11.0547,0.00729698
3.89233,11.1043,0.175585
4.94187,11.1263,0.148967
5.94982,11.0428,0.0662496
6.90322,11.0188,-0.195755
7.92305,10.9742,-0.013892
8.99569,10.988,-0.0875912
9.99626,11.0164,0.101895
11.0804,11.096,0.210443
12.0643,11.1211,-0.0639363
13.0257,10.9591,0.207099
14.0447,10.9421,0.364129
15.0748,10.913,0.227314
16.0609,10.8762,0.00912503
17.0641,10.8568,-0.135417
18.0253,10.8896,0.215647
18.9586,10.9623,-0.14489
0.0186499,12.0681,-0.251897
1.02748,12.1282,-0.189563
1.98828,12.0241,-0.439305
2.98176,12.0461,-0.28374
3.9731,12.0767,-0.0607593
4.93105,12.1824,0.279998
5.90568,12.0364,0.167919
6.91355,11.9585,0.0778985
7.94395,12.0159,-0.0557115
8.9969,12.0842,-0.0311625
9.98303,11.9892,-0.0278573
11.006,12.0981,0.00844447
12.0028,12.113,-0.058684
12.9737,11.9927,0.101053
14.0021,11.9283,0.148839
15.0059,11.8487,-0.116004
16.0576,11.8489,-0.201721
17.0002,11.8312,0.152242
17.9848,11.8716,0.0436384
18.9862,11.9023,0.111692
0.0262429,13.0611,-0.189792
1.03675,13.1406,-0.167653
1.9875,13.0863,-0.576638
2.98923,13.0302,-0.428193
3.92605,13.1235,-0.0615192
4.96492,13.1634,0.017304
6.0053,13.0966,0.236372
7.04966,12.9583,0.0995056
8.06091,13.033,0.043086
9.02922,13.1055,-0.171752
10.0317,13.0245,-0.132627
11.0126,13.0541,-0.359517
12.0198,13.1632,-0.195202
12.959,12.9789,0.176525
13.9363,12.9395,-0.026252
14.9307,12.8593,-0.0423475
15.9972,12.867,-0.147691
16.9692,12.8426,-0.0085696
17.997,12.8577,0.0620319
19.0277,12.8681,0.320518
-0.0397961,14.0651,-0.117563
0.830921,14.0932,-0.594476
1.85738,14.0726,-0.348372
2.83203,14.0087,-0.221146
3.84983,14.1518,-0.0103336
4.85965,14.1581,-0.24622
5.87739,14.0888,0.10235
6.85047,13.9241,-0.240034
7.87807,14.046,-0.0792169
8.93233,14.077,-0.054854
9.909,14.0018,0.181579
10.9352,14.0225,-0.0494125
11.9192,14.0995,0.25482
12.8993,13.9793,-0.0690115
13.9247,13.9582,-0.0117344
14.9426,13.9083,-0.0788903
15.9506,13.869,0.00764489
16.9958,13.8652,0.0200659
18.0085,13.8854,0.0930479
18.9764,13.8966,0.0835261
0.00597247,15.0757,-0.151863
1.00584,15.0485,-0.168749
2.03769,15.0172,-0.0536363
3.10058,14.9848,-0.0296579
4.07854,15.1487,-0.253267
5.065,15.1257,-0.340373
6.04131,15.043,-0.329768
7.07981,14.9319,-0.286709
8.10146,15.0108,-0.133634
9.06791,15.0717,-0.231272
10.0695,14.9575,-0.150056
11.0109,15.0039,0.274398
12.0622,15.0849,0.414911
13.0916,14.9498,0.29891
14.0817,14.9596,0.35616
15.0823,14.8931,0.22114
16.057,14.9144,-0.0829615
17.0102,14.88,0.0474349
18.0201,14.9409,-0.0954253
19.0089,14.9054,0.0540757
0.069219,16.0432,0.113526
1.13413,15.9814,0.192697
2.11232,16.0099,0.310508
3.12709,16.0174,0.00263375
4.08431,16.1756,-0.345705
5.11061,16.1439,-0.204694
6.08737,16.0642,-0.130152
7.05446,16.0187,-0.114444
8.07204,16.014,-0.154448
9.08502,16.0176,0.0345561
10.0477,15.9634,-0.117924
11.0059,16.0004,0.149293
12.0184,16.0179,0.0928343
12.9964,15.9799,0.275253
13.9741,15.9702,0.2081
14.9257,15.9056,0.425669
15.9474,15.8768,0.192422
16.8848,15.8837,-0.00566118
17.9339,15.9612,-0.0362774
18.9822,15.9022,0.0682546
0.0422224,17.0323,-0.0769707
1.05344,16.952,-0.0243416
2.01243,17.0146,0.263536
3.02404,17.0247,0.108683
4.02286,16.997,0.244704
5.05271,17.0891,0.22013
6.04758,17.0685,0.0727195
7.10128,17.0359,-0.127351
8.06415,17.0338,0.04279
9.06562,17.0208,-0.194864
10.0534,16.9353,-0.365481
10.8953,16.9901,0.162188
11.9303,17.0217,0.148564
12.9764,16.9553,0.0921628
14.0618,17.0145,0.135319
15.05,16.8722,0.113086
16.0287,16.8514,0.0388714
17.064,16.8943,-0.19942
18.007,16.9483,0.186523
18.9963,16.907,-0.0428724
-0.0130314,18.0012,-0.207306
0.990054,17.9425,-0.0199805
1.93682,18.0078,0.333952
2.88097,17.9914,0.0103305
3.9249,18.0184,0.130967
4.88057,17.9955,-0.33824
5.91969,18.0179,-0.199265
6.91028,18.0197,-0.0581957
7.91709,18.0044,-0.254421
8.96339,17.9951,-0.0976714
9.98731,17.973,-0.076693
10.9975,18.0087,0.10394
11.9867,18.0132,0.104675
12.9607,17.9615,-0.188266
13.9747,18.053,0.0316752
15.0134,17.9501,0.0896329
16.0335,17.8681,-0.085577
17.0587,17.9228,-0.32017
18.03,17.9412,0.0125828
19.0087,17.9812,0.120057
0.0713492,19.0113,-0.208444
1.06005,18.9864,0.137309
2.04069,18.9832,0.00629902
3.04587,18.9719,0.0403607
4.05452,18.9837,0.00353404
5.07651,18.9893,-0.0722221
6.08853,19.02,-0.0871334
7.10517,19.0251,-0.0733421
8.09562,18.992,-0.306772
9.04216,18.9928,0.0538408
10.0538,18.9731,0.0734886
11.0373,18.9795,-0.138993
12.0201,19.0343,0.21261
13.0037,18.9523,0.0269204
13.9445,19.0749,0.258229
14.9566,19.0168,-0.0410535
15.991,18.9397,-0.00633259
17.0325,18.9725,-0.242827
18.0196,18.9596,-0.117695
18.9777,18.9791,0.161361
