0.033079,0.0324503,0.173476
0.981979,-0.0486373,0.279186
1.97933,-0.00457167,0.0909757
3.00286,0.0122074,0.02154
4.07047,0.0421766,-0.0621296
5.05766,-0.0126713,0.0910428
6.06837,-0.00888394,0.179891
7.04288,0.00970489,0.0811426
8.01102,0.0376446,-0.101086
9.00588,0.0115055,-0.208301
9.91049,-0.0349773,0.27719
10.8735,-0.00900601,0.137568
11.8925,-0.0318552,0.330277
12.8906,0.0512253,0.0833491
13.9269,0.0136113,0.0406018
14.9697,0.0248482,0.0146367
15.9219,-0.0541581,0.256691
16.9393,0.00743736,0.199026
17.9448,0.0169378,-0.00298471
18.9405,0.0280709,-0.196649
0.026429,1.02362,0.000524918
1.07798,0.924168,-0.066689
2.05405,0.955483,0.0219642
3.02897,1.00598,-0.2944
4.01844,1.04094,-0.120719
5.0119,1.02877,0.0890896
6.04081,1.00612,0.0424268
7.08824,0.985916,-0.0911313
8.09365,1.03588,-0.0896115
9.09719,0.96422,0.130747
10.0741,0.943413,0.376983
10.9238,0.951921,-0.164476
11.9076,0.931489,0.0632862
12.8564,0.974624,0.423698
13.8639,1.04703,0.124403
14.8923,0.968654,0.310761
15.8852,0.953542,0.0211524
16.9606,0.974142,-0.0219459
18.0266,1.04865,-0.212748
19.0153,1.02404,-0.275759
-0.0051973,2.02506,0.139845
1.07633,1.90981,0.239634
2.09263,1.91738,0.360161
3.06051,1.97812,0.0904996
4.11239,2.07064,-0.0051149
5.13108,2.02752,0.00365612
6.13472,1.95587,-0.319959
7.13982,1.99023,-0.314286
8.14958,2.02011,-0.277657
9.06929,1.99983,0.190066
10.0602,1.94482,0.410157
10.903,1.97653,-0.141301
11.9471,1.8973,-0.134046
12.9132,1.95429,0.114237
13.9679,2.05419,0.170788
14.9191,1.95721,0.0589068
15.959,1.95978,-0.00752586
16.9794,1.96975,0.0976379
17.9846,2.03387,0.0297891
18.9648,1.98822,0.173513
0.00383618,3.00793,-0.128816
1.02136,2.89721,-0.16823
2.01106,2.92797,0.04785
2.99445,3.0409,0.149577
4.01641,3.0521,0.192462
5.00372,3.08791,0.133024
6.04043,2.91844,-0.0817103
7.03564,3.00677,-0.346275
8.03358,3.05147,-0.290573
9.065,2.94453,-0.165584
10.0182,2.9644,0.168026
11.0377,2.9575,-0.0152837
12.056,2.94394,-0.0191778
13.0728,2.98438,0.240938
14.0992,3.08522,0.109876
15.0816,2.97517,-0.0550707
16.0818,2.98997,-0.0297159
16.9855,2.96247,0.39635
17.9656,2.98953,0.337645
18.9737,3.0047,0.224033
-0.012891,4.02156,-0.315323
1.03254,3.94986,-0.144292
2.0097,3.94471,-0.0419446
3.00874,4.03619,0.0870693
4.02731,4.07464,0.127628
5.04376,4.05736,-0.116709
6.03382,3.9525,-0.339937
6.91628,3.93717,0.101086
7.97004,4.08774,-0.0699789
8.96179,3.99787,-0.380966
9.94819,3.95583,-0.111686
10.9978,3.9868,-0.0715659
11.9699,3.96722,0.0971587
12.9761,3.94579,0.052797
14.0009,4.07457,-0.0186743
14.9981,4.06123,-0.181988
16.004,3.96708,-0.0530961
17.0088,3.94515,0.0974517
17.9777,4.0659,0.250838
18.9947,4.00623,0.190719
0.0360546,5.06202,-0.0868557
1.02546,4.98651,-0.343739
2.03637,4.97652,-0.226057
3.02647,5.04735,-0.133604
4.03608,5.03985,-0.0126011
5.06381,5.03346,0.292462
6.04156,4.92839,-0.090051
7.09248,4.87064,-0.105576
8.097,5.07291,0.0663625
9.05643,5.01663,-0.344224
10.0336,4.99054,-0.07481
11.0098,4.99143,-0.154653
12.0435,5.03324,-0.11648
13.109,4.8647,-0.301032
14.1153,5.04776,-0.284008
15.1114,5.09869,-0.148228
16.0868,4.95048,-0.138832
16.9736,4.94756,0.355315
18.0393,5.03877,0.228428
18.9914,5.00274,-0.143641
0.0163182,6.04225,0.161324
1.06471,5.96607,-0.106989
2.05892,5.97973,-0.337446
3.06293,6.01703,-0.243635
4.12539,6.05936,-0.0374828
5.10392,5.99705,-0.0159948
6.11053,5.94958,-0.110819
7.14823,5.91222,0.0315928
8.20622,6.04796,-0.0359752
9.21682,6.00911,-0.104248
10.1943,5.9021,-0.4313
11.2249,5.96383,-0.210331
12.2081,6.04209,-0.152898
13.1917,5.86756,-0.280163
14.1639,6.05517,-0.155531
15.1483,6.0916,-0.0755821
16.0877,5.88901,0.194491
17.0547,5.98073,0.106632
18.0272,5.89553,-0.28695
19.005,6.00456,0.0437757
0.00957671,7.04572,0.14395
1.06543,6.94491,0.0838649
2.05898,6.99307,-0.158904
3.04762,6.98775,-0.253282
4.06195,7.03764,-0.0577715
5.01699,6.96943,-0.295541
6.04965,6.96133,-0.24933
7.13261,6.91188,-0.246263
8.17456,7.04997,-0.0983306
9.16201,6.99309,-0.0948271
10.1102,6.93892,-0.372512
11.1333,6.96264,-0.0873775
12.1473,6.99798,0.195889
13.1565,6.86122,-0.0742698
14.1447,7.04958,-0.114264
15.1289,7.09181,-0.222831
16.059,6.89292,0.118937
17.02,6.98146,-0.183224
17.983,6.91378,-0.230894
18.988,6.97924,-0.134358
0.0329203,8.04306,0.0907529
1.01797,7.96972,0.0112583
2.03764,7.9912,-0.0854518
3.04424,8.03378,-0.125382
4.11128,8.03204,-0.103024
5.14178,8.02421,-0.139628
6.18226,7.99033,-0.286099
7.21017,7.97295,-0.342888
8.19476,7.97405,-0.582965
9.07329,7.9915,-0.0427442
10.0815,7.98818,-0.218668
11.1,7.98718,-0.164257
12.1151,7.94586,-0.0953063
13.0812,7.80111,0.139552
14.0505,7.99561,0.257857
15.0592,8.01177,0.178643
16.0862,7.88742,0.18948
17.1117,7.94495,0.105902
18.0779,7.88045,0.143632
19.0374,7.94204,0.223447
0.0210364,9.01962,-0.176406
0.971944,8.97915,0.0673147
1.97397,8.98719,0.207431
3.0055,9.04289,0.144288
4.02901,9.03379,-0.11941
5.06874,9.05932,-0.177432
6.07091,8.97897,-0.263417
7.04384,8.98359,-0.410559
8.02927,8.96938,-0.523945
9.00766,9.01211,-0.185482
10.0064,8.96327,-0.438847
11.0526,8.95582,-0.187689
12.1119,8.95961,-0.0504318
13.0935,8.82029,0.1403
14.0574,9.03429,0.430296
15.0282,9.03781,0.168859
16.049,8.88077,0.283483
17.0783,8.96034,0.285897
18.0726,8.92816,0.0637074
19.0293,8.98616,0.37257
0.0118503,9.96604,0.102509
1.00513,10.0313,-0.0620106
2.09004,9.97445,-0.023368
3.07216,9.97701,-0.220624
4.09775,10.0514,-0.0987518
5.13428,10.096,-0.101672
6.15877,9.94892,-0.0854183
7.09693,9.97332,-0.538014
8.05289,9.98157,-0.268303
9.09399,10.0223,0.0218146
10.1297,9.96111,-0.187997
11.1136,9.94453,-0.373235
12.1243,9.94706,0.0607379
13.098,9.81629,-0.0993011
14.1077,9.90042,-0.127549
15.0992,10.0301,-0.159523
16.1004,9.87646,0.0701468
17.0299,9.95346,0.42205
18.0113,9.9407,0.110782
19.0193,9.97924,0.195318
0.0441023,10.9929,0.152449
1.03434,11.0113,0.249413
2.02247,10.9648,0.107202
3.05507,10.9541,0.0302042
4.03836,11.0369,-0.0775292
5.05447,11.0465,-0.376424
6.06428,10.966,-0.215415
7.05765,10.9335,-0.234739
8.02987,10.9849,-0.0488113
9.05679,11.0336,0.0592944
10.0413,10.9814,-0.0797021
11.0683,10.9215,-0.19978
12.0531,10.9222,-0.331373
13.0223,10.849,-0.00822474
13.9809,10.9487,-0.202921
14.9425,10.9552,0.137165
15.9931,10.9441,0.0164312
17.0493,10.9434,0.145134
18.0226,10.9277,-0.1609
19.0207,10.9492,-0.145405
-0.0135929,11.9904,-0.0244758
0.996829,11.9657,-0.0552232
2.04554,11.9527,-0.143913
3.02673,11.9064,-0.197571
4.0519,12.0568,-0.351833
5.07313,12.0387,-0.216242
6.06543,11.9882,-0.305319
7.05045,11.9052,-0.0143651
8.08045,11.983,0.195801
9.08755,12.0128,0.191998
10.0368,11.9664,-0.0920194
11.0887,11.9409,0.0478988
12.0383,11.991,-0.251918
13.0459,11.9121,-0.205533
14.038,11.9375,0.0805078
15.0037,11.9813,0.424656
16.0163,11.9042,0.465709
16.9909,11.9709,-0.042967
18.0091,11.9375,-0.159597
18.9887,11.929,0.046202
0.0196081,12.9931,-0.00791955
0.946181,12.9564,-0.248949
1.98631,12.9294,-0.297784
3.01142,12.9485,-0.322108
4.08793,13.1001,-0.175988
5.11746,13.0847,-0.152751
6.08437,13.0092,-0.334068
7.05615,12.8955,-0.138621
8.01518,13.0172,0.201041
9.06732,13.0502,0.00712302
10.0634,12.9153,0.267714
11.0335,12.9379,-0.166619
12.0182,13.0292,-0.0531968
12.9997,12.9551,-0.0263527
13.9523,12.9248,0.256957
15.0008,12.9834,0.32129
16.0309,12.9032,0.306937
17.0206,12.966,0.194607
18.012,12.9055,0.167669
19.0275,12.9621,0.225416
0.0235969,14.0653,0.0773644
1.0277,13.9459,-0.0101169
2.11455,13.9253,-0.0500412
3.12225,13.9458,-0.337245
4.15672,14.1161,-0.421006
5.09241,14.0469,-0.0496109
6.08399,13.9861,0.0195379
7.10576,13.8904,0.192523
8.11654,13.9783,0.23943
9.07454,14.0372,-0.0288949
10.0507,13.9306,0.244185
11.0566,13.9654,0.0573321
12.0316,13.9484,0.32931
13.037,13.9505,0.30061
14.0306,13.8909,0.0513565
15.0596,13.9775,0.18471
16.1194,13.9291,0.280911
17.1008,13.9933,0.125428
18.0827,13.8827,0.343648
19.0168,13.9574,0.0581713
-0.046617,15.0197,-0.26972
0.933467,15,0.0182958
1.96828,14.9161,-0.131959
3.03413,14.9579,-0.134098
4.04676,15.0631,-0.117493
5.01802,15.0385,-0.10137
6.0443,15.007,-0.0862789
7.08485,14.9102,0.0347179
8.08343,14.9288,0.0104312
9.05251,15.0938,0.200342
10.0699,14.9876,0.219776
11.079,14.9556,0.311362
12.0679,14.9384,0.0696707
13.0231,15.016,0.357112
13.9969,14.9128,0.0615802
15.0613,14.9908,0.0147374
16.052,14.9539,0.287106
17.0185,14.9672,0.510953
17.9964,14.9684,0.286865
19.0042,14.9744,0.0397748
-0.00369884,15.9742,-0.0016541
0.982907,16.0262,0.104895
1.99893,15.9522,0.0649617
3.02755,15.9811,0.0159307
4.03524,16.0562,-0.209149
5.02821,16.0358,0.0255287
6.02302,16.0102,0.0968627
7.00522,15.94,0.0336894
8.0443,15.895,-0.0448469
9.03956,16.0806,0.268459
10.0288,15.9821,0.276955
11.0542,15.9654,0.267943
12.057,15.9217,-0.0109287
13.019,16.0128,0.131932
14.0267,15.9891,0.0977721
15.0135,15.941,0.351805
16.0484,15.9504,0.258513
17.0566,15.9869,0.56809
18.021,15.98,0.279476
19.0314,15.9555,0.220127
0.000146489,17.0269,-0.1734
1.01984,17.0114,-0.0725974
2.03164,16.957,-0.211914
3.04904,16.9671,-0.340043
4.06366,17.0571,-0.364489
5.01278,17.0411,0.0676626
6.0359,17.0171,-0.0100833
7.04243,16.974,0.168499
8.04292,16.9274,0.153987
9.06445,17.0828,0.185678
10.0396,17.0485,0.286251
11.0018,16.9607,-0.0134281
12.0574,16.9686,-0.0916288
13.1011,17.0467,-0.0684988
14.1204,16.979,0.098999
15.1371,16.9145,0.244301
16.1269,16.9129,0.0774957
17.1656,16.9551,0.294327
18.0954,17.0092,-0.0504318
19.0469,16.9729,0.280001
0.00705893,18.0125,0.0542283
0.989773,18.0214,-0.0232887
2.00025,17.9895,-0.258425
3.00877,17.9686,-0.146666
4.05283,18.0341,-0.0382366
5.03473,18.0394,0.330787
6.00985,18.0281,-0.0229316
7.06405,17.9546,-0.0382519
8.1147,17.9917,-0.0480758
8.96852,18.052,0.447435
9.94516,18.0127,0.112787
10.8769,17.9753,-0.0871334
11.9115,17.9509,0.0295938
12.953,18.0094,0.102731
13.9736,17.9571,0.101263
15.0055,17.9252,-0.128269
16.0101,17.9313,0.133143
16.9823,17.9938,0.399753
17.9801,18.003,0.362783
18.9855,17.9555,0.11438
-0.0182409,19.0198,0.171212
0.974865,19.0188,0.116843
1.94943,18.9768,-0.0282022
2.94218,18.9567,-0.0148839
3.94352,18.9991,0.150511
4.93732,18.9321,-0.120209
5.90177,19.0183,-0.270663
6.89212,18.9899,-0.0977508
7.88762,18.9911,0.165877
8.91801,19.0208,0.100311
9.88148,19.0271,0.00108951
10.8726,19.0059,0.0340281
11.8751,18.9875,-0.0457533
12.8619,19.0299,0.10264
13.9085,19.013,0.209607
14.951,18.9512,0.0407788
15.9672,18.9537,0.266326
16.9806,18.9436,-0.110828
18.008,18.9627,0.0146977
18.9976,18.9879,-0.116501
