0.0417798,0.0191778,-0.172039
1.06044,-0.0318796,0.0469497
2.08376,-0.0517258,0.285034
3.08024,0.00522477,0.251692
4.05135,0.00521867,0.066628
5.04587,0.0373363,-0.0119388
6.07658,-0.0378033,-0.187735
7.06697,0.0429579,-0.116391
8.02889,-0.0437513,-0.375103
8.95716,0.085226,-0.0261361
9.97863,0.0342509,0.0980895
10.9739,-0.00383312,-0.140886
11.9918,-0.0147252,0.00744957
13.0081,0.0202368,0.0655995
14.0219,0.0027253,0.0981811
15.0447,-0.0270669,0.210587
16.0126,0.0488418,0.000738548
17.0474,-0.0254616,0.129701
18.0381,0.0425581,-0.036436
19.0229,-0.048677,-0.308725
0.000341807,1.00727,-0.0594378
1.02994,0.964888,-0.399594
2.04112,0.885626,-0.0477828
2.98813,1.07541,0.19086
3.96976,0.998575,-0.105689
4.94345,1.02293,0.193533
5.9584,0.954387,0.0182989
7.02051,1.05661,0.0474288
8.0229,0.925269,-0.132105
9.00711,1.06656,0.122642
9.93136,1.01845,-0.207804
10.9588,1.03276,-0.143669
11.9429,0.998386,0.0235206
12.9138,0.994311,0.134452
13.9302,0.999341,-0.140178
14.9158,1.00161,0.0859706
15.9401,0.998306,0.261101
17.0007,0.983526,0.297684
17.9832,1.07641,0.0684622
19.0147,0.994403,-0.188556
-0.0424299,1.99183,0.238951
0.90025,1.87523,-0.0586657
1.92183,1.90357,-0.13285
2.87366,2.07848,0.235621
3.9144,2.0275,0.11221
4.89024,2.11007,0.232636
5.92107,1.96807,0.310166
6.9338,2.00068,0.302472
7.87162,1.94874,-0.186023
8.8766,2.03319,-0.0505844
9.86276,1.98402,-0.0944731
10.9098,2.05286,-0.0753014
11.9153,2.01208,0.140184
12.9509,1.99087,0.226936
13.9995,1.99458,-0.023075
14.9787,2.02577,0.0260292
15.9614,2.00635,0.238099
16.9666,1.97291,0.156523
17.9883,2.06948,-0.11269
19.0231,2.02824,-0.319483
-0.0238807,3.05289,0.116309
0.982299,2.90954,-0.0855739
1.95045,2.92154,0.0357463
2.94662,3.06492,0.0773553
3.91559,3.04826,0.101263
4.88483,3.1028,0.160433
5.90369,2.98,-0.0129673
6.92501,2.95762,0.0849178
7.98164,2.93003,-0.0404706
9.00179,3.01339,-0.320808
10.0169,3.00064,-0.301117
10.9515,3.04925,0.0166356
12.0214,2.98918,-0.0740471
13.0173,2.9352,-0.0643696
13.9726,2.97199,0.139305
14.9729,2.99211,0.163668
15.9626,3.00922,0.108042
16.9689,3.01344,0.177737
17.9408,3.09852,-0.25659
18.9578,3.01451,-0.282458
0.0453688,4.13058,0.0142644
1.02024,3.95034,-0.207694
1.98435,3.96663,0.115296
2.9883,4.06305,0.366482
3.97893,4.00959,0.44434
4.9615,4.06881,0.350401
5.96247,3.95412,0.238319
6.95711,3.97813,0.313038
7.9195,3.93831,0.0373089
8.92948,4.01091,-0.105954
9.96589,3.97914,-0.135157
10.9495,4.0487,-0.0901608
11.9332,3.97187,0.252452
12.8705,3.94099,-0.200394
13.9207,3.96146,-0.131495
14.9506,3.96431,-0.0796472
15.9347,4.04475,0.140455
16.969,3.97209,-0.180502
17.9948,4.09233,-0.212806
18.9836,4.07772,-0.164711
0.01536,5.09917,0.174386
1.01001,4.99198,-0.0321085
1.99068,4.92149,0.244871
3.01446,4.96541,-0.0188116
4.00046,4.98447,0.280117
4.9878,5.05782,0.422059
5.9763,4.94325,0.0675436
6.99393,4.97145,0.0756066
7.97093,4.94382,0.307395
8.94403,5.02363,0.132206
9.9706,4.98907,0.118262
10.9965,5.04383,0.052971
12.0419,4.95481,0.0899289
12.9636,4.95826,-0.285067
13.9639,4.96488,-0.339674
14.9728,5.00872,-0.0551103
15.9786,5.03336,-0.0179022
16.9844,5.01146,-0.189966
18.0081,5.08965,-0.231404
18.9968,5.05653,-0.327381
-0.0474929,6.11302,0.22458
0.926875,5.89783,0.411887
2.00227,5.92,0.301312
3.01736,5.92462,0.227635
4.01451,5.98347,0.263652
4.99763,6.04073,0.136732
5.98963,5.98445,-0.0363475
6.97227,5.95366,-0.0410993
7.9858,5.94112,0.0773949
8.98191,6.04742,0.237162
10.0432,5.96454,0.247743
11.0251,6.05714,0.183337
12.0165,5.91393,-0.0998993
13.0515,5.96345,-3.96741e-05
14.0791,5.89969,0.119645
15.1234,5.97995,0.209406
16.1264,6.01848,0.0603351
17.1043,5.98495,0.11503
18.1178,6.07964,-0.034019
19.0211,6.05068,-0.445427
0.0269417,7.08256,0.0831996
1.01618,6.94689,0.160323
1.96661,6.92456,0.441096
2.96594,6.94443,0.0937254
3.99512,7.02397,0.233152
4.98384,7.01271,-0.075515
6.03261,7.01558,-0.0540483
7.04144,6.94463,-0.0610828
8.04959,7.00571,-0.0522111
9.06742,7.02926,-0.128636
10.0415,6.98005,-0.0107212
11.0386,7.09151,0.284341
12.0076,6.96416,0.141298
13.0359,6.90807,0.263784
13.9889,6.93951,0.0218451
15.0395,6.94577,-0.0632405
16.0435,6.98853,0.00110782
17.0339,7.00041,0.053975
17.9886,7.05571,0.325602
18.981,6.94299,-0.0332957
0.0105258,8.09368,0.0365276
0.994214,8.00303,0.0973785
1.96414,7.94712,0.186514
2.96942,7.98907,0.162368
3.95168,7.9887,-0.107389
4.94643,8.06035,0.00267953
5.93943,8.00442,-0.189105
6.99649,7.98595,-0.129121
8.00081,8.09603,0.0607227
9.01416,8.00876,0.0259194
9.96007,7.96641,-0.348341
10.9438,7.99376,-0.152269
11.9944,7.98877,0.0181616
12.9682,7.89091,0.0821436
13.9561,7.90445,0.129237
14.9522,7.92318,0.0951781
15.9334,7.95693,0.293484
16.9823,8.02642,0.274038
17.996,8.00333,-0.102618
19.0063,7.93988,-0.0503128
0.0183203,9.06712,0.179562
0.989419,9.04071,-0.0919919
1.9753,8.9655,0.110446
3.03608,9.00914,0.0423353
4.0539,9.00882,0.0912351
5.0503,9.05138,0.209641
6.0633,8.91053,0.200986
7.11684,8.93391,0.285049
8.05538,9.09886,0.00441603
9.02855,9.00753,-0.00109256
10.0348,8.96405,-0.13921
11.0692,8.99168,-0.0317667
12.0553,8.9077,-0.310627
13.0045,8.90541,0.0114811
14.0112,8.89942,0.000964385
15.0878,8.93959,-0.00869472
16.0645,8.98128,0.186764
17.095,9.02501,0.326127
18.011,9.06769,0.00365307
19.0213,8.95829,0.0879299
-0.0330638,10.0812,0.268215
0.951732,10.0185,0.0832118
1.99569,10.0077,0.0443739
3.03472,9.9594,0.275423
4.0464,10.0153,0.0878292
4.94778,10.0222,0.500235
5.96254,9.96431,0.353182
6.97575,9.95651,0.285949
8.00981,10.0558,0.293384
8.99955,9.99417,0.237956
9.94544,9.93953,-0.104187
10.9315,9.95182,-0.178936
11.9653,9.91524,-0.320237
12.9673,9.88093,-0.102179
13.9405,9.88808,-0.0798853
14.9615,9.96595,0.10282
16.0227,10.0149,0.0709922
17.0373,9.99829,0.0657033
18.0334,10.0694,-0.00872524
18.9882,9.96982,0.111719
0.0451521,11.0839,-0.0412519
1.03803,10.9937,0.00435499
2.0424,10.9958,0.0632344
3.03265,11.0013,0.205774
4.02617,11.0103,0.220545
5.02166,11.0227,0.325913
6.03319,10.9883,0.146208
7.02117,10.9969,0.266561
7.95802,11.0169,-0.0805841
8.95696,11.0189,0.0225867
9.95155,10.9078,0.161705
10.9233,10.942,0.0878353
11.9165,10.9141,-0.185284
12.9061,10.9014,-0.318986
13.8692,10.9191,-0.0972808
14.8951,10.937,-0.133772
15.9291,10.9738,-0.239637
16.9127,10.9828,0.0557726
17.9579,11.0458,0.0254982
18.9577,10.9233,-0.147517
0.00267037,12.0986,-0.0204199
0.942036,11.9911,0.287927
1.99464,11.9902,0.102203
3.0868,11.9785,0.0905515
4.10916,12.0188,0.380428
5.10363,12.0547,0.302109
6.06615,11.9572,-0.0406903
7.13124,12.0144,-0.110547
8.10654,11.9895,-0.0672323
9.12102,12.0445,-0.0437635
10.0997,11.9415,-0.238609
11.1377,12.0096,0.104343
12.1123,11.903,-0.0286843
13.0146,11.8918,-0.446538
13.9523,11.9767,-0.084582
14.9763,11.914,0.0255959
16.0009,12.0136,-0.0340953
16.958,11.9567,0.177606
17.9986,12.0136,0.175939
18.982,11.9794,-0.0918027
-0.0206641,13.102,-0.23983
0.978698,13.0059,0.0218329
2.05128,12.9481,-0.0541032
3.10955,13.0172,-0.0763115
4.07049,13.0273,0.208896
5.06132,13.0987,0.351885
6.01626,12.9516,0.0263222
6.99552,13.0002,0.0331645
8.00053,12.9784,-0.00645772
9.06097,13.0147,0.0282754
10.0798,13.003,-0.0591601
11.0719,12.9903,0.0750725
12.0234,12.8848,-0.335713
12.9907,12.8445,0.000146489
14.0242,12.9844,-0.125135
15.0156,12.8879,-0.209085
16.0203,13.0281,-0.00245064
17.0333,12.9679,-0.0162206
17.9886,12.939,-0.233607
18.998,13.0048,0.0117252
0.0339091,14.0742,-0.0439558
0.994528,14.0785,0.260588
1.91985,13.9553,-0.178826
2.99774,14.0463,-0.0875729
4.04462,14.0315,0.0482589
5.05856,14.0142,-0.0739555
6.10602,13.989,-0.184069
7.13252,14.036,0.0374096
8.10952,13.9625,0.203812
9.09512,14.0073,-0.0692312
10.1113,14.0196,0.040968
11.1623,14.0557,0.126185
12.1401,13.9288,-0.214933
13.1255,13.8963,0.0310007
14.1008,14.0134,-0.16791
15.0856,13.9404,-0.122855
16.0724,13.9843,-0.15204
17.0281,13.9663,0.103192
18.0465,13.9067,0.0498459
18.9942,13.9986,-0.158028
-0.00254524,15.0431,0.206818
1.02636,15.0871,0.245833
1.91769,15.0143,-0.238099
2.8967,15.0507,-0.0539659
3.95801,15.0554,0.0772759
4.96081,14.9376,0.271822
6.03838,14.9187,0.153453
7.01611,15.0036,-0.0145207
8.0319,14.9547,-0.0832423
9.00449,15.009,-0.145134
10.018,14.9956,-0.0807062
11.0298,15.0381,-0.0852565
12.0397,14.9224,-0.241173
13.0309,14.872,-0.150563
14.0562,14.9443,-0.465307
15.0135,14.9281,-0.11586
16.0314,15.0219,-0.17766
16.9535,14.9909,0.0794488
17.9815,14.9113,-0.0711325
18.9922,15.0183,0.0399365
-0.015128,16.0289,-0.00246284
0.989535,15.9986,-0.309027
1.96548,15.9603,0.000317392
2.95225,16.096,-0.0163182
3.95694,16.0635,-0.0130863
5.03002,15.9034,0.0879666
6.01198,15.9253,0.115683
6.98992,16.0637,-0.103769
8.01469,15.9477,-0.0021485
9.01196,16.0323,-0.0921232
10.0201,16.0409,0.026017
11.0117,16.0113,0.156652
11.989,15.9058,-0.0851344
13.0279,15.9015,-0.146464
14.1064,15.9417,-0.174865
15.117,15.9217,0.127775
15.994,16.0279,-0.301776
16.9633,15.9945,0.00737938
17.9586,15.9107,0.170638
18.9929,16.0693,0.0748283
0.0877255,17.0341,-0.183224
1.08364,17.0023,-0.188333
2.10215,16.9283,0.16925
3.07885,17.0749,-0.0322703
4.07818,17.0701,0.0391247
5.05462,16.9469,-0.082577
6.03127,16.9773,0.100793
6.93846,17.0572,-0.328303
7.85503,16.955,0.0542039
8.86812,16.9993,0.144212
9.86642,17.0531,0.147819
10.9535,16.9811,0.303281
11.9341,16.833,0.270885
12.9188,16.875,0.134614
13.9702,16.8927,0.101413
15.0107,16.9216,0.0753563
16.0361,17.0396,-0.269442
17.0223,17.0422,0.00921049
17.9943,16.9679,0.263631
18.9588,17.0965,0.0141453
-0.00936918,18.0173,-0.258193
1.00669,17.9933,0.00556352
1.99181,18.0008,0.13094
2.94257,18.07,-0.163387
4.0025,18.0609,-0.067513
4.93728,17.9678,0.232774
5.97861,17.9843,0.131471
6.90748,18.0772,-0.265069
7.83652,17.962,0.11605
8.81621,18.0107,0.0917081
9.81139,18.0505,0.230226
10.8349,17.976,0.16382
11.864,17.9134,0.224049
12.9198,17.8571,0.409937
14.0124,17.9529,0.13191
15.0403,17.9265,0.0515671
16.0687,17.9436,0.178384
16.9897,18.0423,-0.31905
17.9627,17.937,0.0752525
18.9449,18.0541,-0.0194708
-0.0173498,18.9977,0.0558214
1.02089,19.0052,-0.0694937
2.00435,18.9819,-0.0464644
3.02607,19.061,-0.263158
4.0511,19.0143,-0.327815
5.02217,18.9515,-0.118003
5.95139,18.9968,0.293835
6.95004,19.0174,0.0442366
7.9851,19.016,0.0300455
8.9558,18.9768,0.249748
9.99895,19.0364,0.381634
10.958,19.0296,0.00709861
11.9631,18.9654,0.1463
12.9875,18.9291,0.323063
13.9553,18.9855,0.0926603
14.9763,18.9451,0.141807
15.994,18.9448,0.0784448
16.9687,19.0264,-0.169735
18.0185,19.0004,-0.0117862
18.981,19.035,-0.257628
