0.0989288,0.253273,-1.95986
0.0311289,1.55986,-1.93012
-0.0151128,2.83061,-2.00469
0.0908444,4.06858,-2.08949
0.0969115,5.33402,-2.10814
0.109891,6.57142,-2.16662
0.110166,7.82421,-2.11609
0.213535,9.0565,-2.02662
0.22779,10.3098,-1.96723
0.502744,11.4604,-1.97937
0.827534,12.5334,-1.94885
0.843748,13.5903,-1.83182
0.548537,14.585,-1.8078
0.387497,15.5353,-1.44276
0.12978,16.3924,-1.0039
0.262084,17.3734,-1.23802
-0.0764031,18.2912,-0.895831
0.0505722,17.2906,-0.839134
0.0871487,18.2767,-0.583007
-0.0342998,19.0043,0.120289
0.893463,1.03709,-1.99136
0.87463,2.17344,-2.00286
0.896127,3.37092,-2.13208
0.976403,4.52008,-2.08046
1.00996,5.78449,-2.01385
1.01403,7.02792,-2.1382
1.06476,8.24425,-2.17242
1.21662,9.44921,-2.1737
1.22607,10.6697,-2.20942
1.47007,11.86,-2.29574
1.74364,13.034,-2.51372
1.70702,14.1637,-2.19098
1.43068,15.0123,-1.64106
1.34958,16.0051,-1.33938
1.11795,16.8339,-0.767718
1.35615,17.413,-1.51998
0.985018,18.1706,-0.961367
1.07373,17.1828,-0.929566
1.0902,18.164,-0.59653
0.954491,19.0455,-0.0617939
1.9265,1.40372,-1.97408
1.84933,2.56811,-2.02766
1.86162,3.77268,-2.10956
1.91744,4.97851,-2.04324
1.96409,6.19846,-2.07615
1.98895,7.42688,-2.14329
1.98033,8.7066,-2.17382
2.09748,9.95402,-2.27474
2.15302,11.1947,-2.50503
2.28089,12.4926,-2.72303
2.40226,13.8504,-3.20024
2.34624,15.1234,-2.51424
2.05338,15.6935,-1.25332
2.2225,16.5498,-1.73514
1.82451,17.5229,-1.14322
2.27301,16.7291,-1.11082
2.01684,17.8627,-0.960268
2.03521,16.9067,-0.717118
2.11707,17.9897,-0.692434
1.95045,19.0207,-0.474831
2.90035,1.11671,-1.96647
2.82689,2.28065,-2.05817
2.86782,3.43775,-2.16412
2.84733,4.60974,-2.12199
2.89132,5.76525,-1.94947
2.87378,6.92443,-2.00264
2.84119,8.14142,-1.98685
2.94769,9.35169,-2.10033
2.95147,10.5222,-2.23089
2.97176,11.6943,-2.38311
2.89288,12.9172,-2.57592
2.77138,13.9995,-2.2671
2.71033,14.7861,-1.51258
2.86556,15.8038,-1.18661
2.59329,16.6993,-0.736515
3.21459,17.181,-1.30128
2.99088,17.9251,-0.631666
2.9212,17.1028,-1.11089
3.10961,17.9901,-0.613556
2.95298,18.9863,-0.726383
3.87389,0.818259,-1.99533
3.86067,1.98121,-2.01079
3.85373,3.12406,-2.00729
3.76422,4.28897,-1.97393
3.83233,5.36229,-1.88307
3.78372,6.47475,-1.84113
3.75072,7.63381,-1.96241
3.76766,8.73146,-1.97701
3.81515,9.87128,-1.96873
3.81797,10.9951,-2.05265
3.60824,12.1022,-2.24019
3.49417,13.1094,-2.02812
3.47757,14.0337,-1.63488
3.5196,15.0009,-1.30117
3.43855,15.92,-0.749763
4.04331,16.5395,-1.27355
3.89355,17.3047,-0.552724
3.81731,17.351,-1.54425
3.99203,18.2297,-1.07053
3.91543,19.2095,-0.991946
4.82549,0.540336,-1.85358
4.78582,1.62506,-1.77187
4.76487,2.71252,-1.85789
4.67021,3.82409,-1.7376
4.71133,4.88957,-1.77048
4.69583,6.00305,-1.77679
4.61054,7.13486,-1.74543
4.60799,8.14805,-1.71199
4.61635,9.29604,-1.7896
4.59625,10.332,-1.84884
4.43294,11.3966,-1.9227
4.4352,12.4838,-1.83806
4.33812,13.4677,-1.39794
4.49223,14.4874,-1.43108
4.37482,15.2981,-0.806677
4.94228,16.0622,-1.15726
4.87787,16.9814,-0.789328
4.83939,17.1775,-1.72458
4.89663,18.1695,-1.40379
4.91428,18.9686,-0.710187
5.76003,0.234913,-1.69519
5.78858,1.36255,-1.78884
5.71069,2.43627,-1.87375
5.67153,3.53107,-1.75459
5.7005,4.60131,-1.7979
5.67073,5.66884,-1.79206
5.5288,6.69402,-1.58759
5.5577,7.7707,-1.63863
5.56661,8.81968,-1.68995
5.57356,9.88255,-1.75574
5.40708,10.871,-1.76126
5.32207,11.841,-1.5425
5.2499,12.8915,-1.5469
5.33473,13.9011,-1.43515
5.29095,14.8218,-0.949123
5.90132,15.566,-1.3539
5.7132,16.4383,-0.813602
5.82996,17.2711,-1.4043
5.94002,18.2572,-1.48166
5.95055,19.0254,-0.86599
6.78011,0.067391,-1.58705
6.75779,1.1285,-1.59519
6.67372,2.11151,-1.78292
6.64768,3.15776,-1.59319
6.64474,4.22199,-1.79776
6.63829,5.26484,-1.66975
6.59921,6.33965,-1.62957
6.58142,7.39182,-1.57795
6.51968,8.43393,-1.51245
6.52792,9.43967,-1.72467
6.40079,10.4736,-1.66039
6.31013,11.4628,-1.49523
6.24312,12.4771,-1.44958
6.31878,13.4526,-1.28095
6.28412,14.501,-1.30472
6.89192,15.2786,-1.21003
6.71196,16.2698,-1.01418
6.84159,17.081,-1.54539
6.95201,18.0263,-1.20252
6.92187,18.8642,-0.649971
7.79485,-0.00360118,-1.38356
7.76996,1.02913,-1.34571
7.71963,2.03684,-1.7601
7.6766,3.03843,-1.68046
7.67407,4.10197,-1.49403
7.6548,5.14954,-1.54574
7.63009,6.15411,-1.56299
7.63947,7.18091,-1.62843
7.55159,8.21313,-1.67346
7.58012,9.23389,-1.70942
7.39162,10.2568,-1.68744
7.3757,11.2336,-1.50366
7.29186,12.2855,-1.36078
7.36835,13.3154,-1.39325
7.3465,14.3407,-1.29123
7.84303,15.0579,-0.778628
7.78645,16.0682,-0.976254
7.83098,17.0698,-1.14491
7.96604,18.0307,-0.918476
7.89266,18.9211,-0.414927
8.8651,-0.0854457,-1.24669
8.81333,0.957988,-1.46342
8.76575,1.96521,-1.52714
8.69895,2.93807,-1.37512
8.66988,3.9446,-1.45994
8.66354,4.99045,-1.4648
8.62205,5.98879,-1.49231
8.63227,7.05708,-1.52008
8.53243,8.07163,-1.45593
8.59384,9.1691,-1.54604
8.46236,10.1658,-1.65077
8.47882,11.1901,-1.49436
8.35108,12.219,-1.54822
8.43118,13.2236,-1.43936
8.40345,14.1623,-1.09475
8.78809,15.0949,-1.15472
8.82292,16.095,-0.960048
8.85553,17.1214,-0.888342
9.01192,18.1313,-0.900839
8.87632,19.1012,-0.677868
9.85173,-0.186569,-1.06701
9.84202,0.857134,-1.34841
9.79761,1.8985,-1.40762
9.70279,2.93022,-1.39811
9.71364,3.96925,-1.42672
9.73568,5.01906,-1.3046
9.63979,6.0436,-1.45497
9.65027,7.07215,-1.28085
9.53482,8.08899,-1.24056
9.6024,9.09671,-1.40661
9.55383,10.1268,-1.42685
9.5147,11.1509,-1.39116
9.43765,12.1601,-1.4936
9.49022,13.1572,-1.43846
9.46592,14.1167,-1.13512
9.80216,15.0618,-1.16958
9.85715,16.1149,-1.15278
9.89016,17.107,-0.94633
10.0195,18.1139,-0.937107
9.87366,19.044,-0.594049
10.9174,-0.0987396,-0.971203
10.8125,0.929884,-1.07062
10.7769,1.91326,-1.18065
10.7868,2.9476,-1.27767
10.7668,3.97281,-1.25401
10.8038,4.99707,-1.0758
10.6958,5.95851,-1.38402
10.7014,7.0027,-1.29087
10.6079,8.05011,-1.25831
10.6429,9.08479,-1.2413
10.5941,10.0642,-1.33507
10.5615,11.1149,-1.38286
10.4897,12.1427,-1.30975
10.5241,13.1767,-1.34191
10.5161,14.1698,-1.05589
10.7804,15.2114,-0.939836
10.8604,16.1875,-1.24383
10.9239,17.1459,-0.919028
11.0113,18.086,-0.519495
10.8941,19.1233,-0.486172
11.969,0.0175115,-0.959172
11.8902,1.00734,-1.24392
11.8064,1.95251,-0.949388
11.8011,2.9982,-1.01979
11.7512,4.01781,-1.08471
11.8286,5.01708,-1.37154
11.729,6.05097,-1.34306
11.6966,7.0513,-1.23204
11.734,8.03159,-1.07919
11.7137,9.05212,-1.25748
11.652,10.0599,-1.38739
11.5968,11.0786,-1.25947
11.5688,12.0712,-1.20032
11.5608,13.0851,-1.17261
11.5872,14.076,-1.01006
11.7579,15.0638,-0.917356
11.8137,16.0897,-0.967058
12.0068,17.0901,-1.01596
11.9799,18.0894,-0.726588
11.8802,19.081,-0.646297
13.0467,0.0135685,-1.0325
12.9235,1.01667,-1.03083
12.8326,1.98988,-0.894305
12.8548,2.95473,-0.884918
12.7721,3.99237,-1.0247
12.8779,5.01158,-1.17357
12.7384,6.02645,-1.2316
12.728,6.9716,-1.10465
12.7979,8.01687,-1.12336
12.7349,8.99779,-1.22872
12.6737,10.0122,-1.35463
12.6435,11.0212,-1.14858
12.5901,12.0998,-1.26448
12.6009,13.1682,-1.17247
12.6279,14.165,-1.14123
12.7709,15.1535,-1.17426
12.8754,16.1107,-0.847743
12.9981,17.1521,-1.00456
13.0065,18.1388,-0.689755
12.9484,19.0957,-0.518274
14.051,-0.15277,-0.897867
13.8947,0.912845,-0.952446
13.8742,1.90186,-0.760417
13.9056,2.90924,-0.759532
13.8327,3.99005,-0.940501
13.8709,5.00109,-0.991913
13.7988,6.06452,-1.02997
13.7569,7.13658,-0.990359
13.7117,8.09997,-0.647865
13.7662,9.06904,-1.02277
13.6904,10.092,-1.17806
13.6626,11.1075,-1.32034
13.665,12.0586,-1.05036
13.605,13.0926,-0.97669
13.6819,14.11,-1.21137
13.7987,15.1097,-1.07906
13.9359,16.1209,-0.747798
13.9383,17.0902,-0.604895
13.9948,18.1495,-0.432823
13.9232,19.1427,-0.371142
15.053,-0.250255,-0.882604
14.9856,0.84539,-0.83964
14.9044,1.85167,-0.899667
14.9006,2.93324,-0.900073
14.8454,3.96042,-1.07697
14.8649,5.00287,-0.939552
14.8724,6.04841,-0.912284
14.8407,7.07921,-0.991217
14.7339,8.09604,-0.867281
14.8133,9.04003,-1.09053
14.7049,10.0676,-1.05205
14.7234,11.0718,-1.23641
14.7291,12.0083,-0.824857
14.6878,13.0439,-0.920676
14.7377,14.0932,-0.915384
14.8379,15.1481,-0.928291
14.9357,16.1315,-0.824006
14.9475,17.1834,-0.663265
15.0156,18.1894,-0.459398
14.9149,19.1736,-0.198154
16.0451,-0.149242,-0.625715
15.9727,0.886914,-0.937361
15.977,1.917,-0.888446
15.9052,2.93753,-0.959859
15.837,3.91968,-0.773641
15.8402,4.97887,-0.791034
15.9434,5.9853,-0.879742
15.8682,7.032,-0.899902
15.7892,8.03423,-0.715897
15.8643,9.01562,-1.01903
15.8056,10.0785,-0.98901
15.8098,11.0791,-1.03229
15.7627,12.105,-0.917289
15.7385,13.1479,-0.950496
15.816,14.1507,-0.966384
15.9211,15.1809,-0.878188
15.9616,16.1631,-0.733943
15.9149,17.149,-0.435154
16.0089,18.1458,-0.198703
15.9007,19.181,-0.285592
17.0544,-0.132377,-0.442091
17.0244,0.863961,-0.750023
16.9796,1.89939,-0.705692
16.9267,2.96097,-0.763836
16.8845,3.92602,-1.0725
16.8975,4.87959,-0.818104
16.982,5.91779,-0.834443
16.9312,6.88048,-0.78186
16.8256,7.89816,-0.945863
16.8778,8.91856,-0.981283
16.8453,9.95501,-0.940751
16.8776,11.0467,-0.852193
16.8206,12.0419,-0.774883
16.7623,13.0561,-0.695849
16.8275,14.0841,-0.646281
16.925,15.0925,-0.585226
16.9941,16.0996,-0.682427
16.9552,17.0776,-0.514524
17.031,18.0934,-0.307343
16.906,19.0403,-0.0670583
18.0707,-0.150368,-0.63563
18.0653,0.808203,-0.827424
18.0301,1.79312,-0.637101
17.9338,2.81569,-0.673791
17.8541,3.87262,-0.730705
17.9344,4.88938,-0.715793
18.003,5.86867,-0.867827
17.9294,6.88512,-0.873153
17.8467,7.88396,-0.96972
17.9181,8.95474,-0.890008
17.8459,9.98974,-0.826283
17.878,11.0424,-0.791623
17.8223,12.05,-0.66758
17.8049,13.0617,-0.598636
17.863,14.0767,-0.420536
17.97,15.0612,-0.557076
18.084,16.0458,-0.741966
17.9428,17.0156,-0.353706
18.069,18.0075,-0.13209
17.9217,18.9626,0.205976
19.1319,0.0216041,-0.635411
19.0808,0.99718,-0.855531
19.0582,2.00935,-0.666234
18.9458,2.98758,-0.479492
18.8679,3.99226,-0.406168
18.9237,4.98802,-0.751671
19.0021,5.94529,-0.518012
18.9313,6.97061,-0.740535
18.8906,7.95435,-0.814371
18.9502,8.98659,-0.758998
18.885,9.98653,-0.705982
18.9491,10.9849,-0.733201
18.9076,11.9786,-0.710685
18.8311,12.9918,-0.476443
18.9251,14.0123,-0.348961
18.9632,15.0654,-0.418223
19.0834,16.0749,-0.540431
19.0065,17.0119,-0.232621
19.1167,17.9813,0.00821863
18.9287,18.9601,0.267501
