-0.0520676,-0.00463576,-0.3198
0.919504,0.0488357,-0.0370067
1.97269,0.0577105,-0.196179
2.93738,-0.0242592,0.133937
3.91543,0.0203253,-0.0668294
4.95562,0.0536302,0.069097
6.00827,0.00751061,0.189029
6.96682,-0.0196509,-0.126002
7.96608,0.0149113,0.207892
8.97821,0.00359813,0.280163
9.99341,0.0566881,0.11612
11.0021,0.0542528,-0.143916
12.0238,-0.0308084,-0.0235206
12.9946,-0.0181616,0.112122
14.0164,-0.0169439,0.0359142
15.0185,0.0210761,-0.105521
16.0269,0.030015,-0.0616688
17.0118,0.0304209,-0.0687338
17.9797,-0.0401715,-0.206967
19.0003,0.0309915,-0.126826
0.0298227,0.952513,0.0819727
0.988818,1.11872,-0.0192328
1.98636,1.05343,-0.136363
2.96572,0.967638,-0.0718223
3.98287,1.01471,0.0594134
5.04395,1.06342,0.0182501
6.03984,1.00005,0.213684
7.05727,0.988177,0.0681356
8.03462,1.0768,0.383111
8.97862,0.99321,0.0840632
9.94985,0.984719,-0.253789
10.8748,1.06392,0.11287
11.881,0.979888,0.165813
12.8759,0.98544,0.00760216
13.8819,0.967489,-0.121387
14.873,0.994757,-0.0739708
15.8879,0.999231,-0.253108
16.8866,1.03893,-0.0783563
17.9418,0.976797,-0.238646
18.9916,1.06225,-0.0131596
-0.0192511,1.97157,-0.0572405
0.959685,2.10238,0.0395154
1.95145,2.03667,-0.0775567
2.95298,1.95914,-0.0466964
3.94308,2.01955,0.0171148
4.94913,2.03706,0.108756
5.94577,1.98507,0.184759
6.9777,2.04199,0.078164
7.95341,2.05965,0.200974
8.95656,2.03301,0.22208
9.92465,2.03688,-0.0287454
10.9601,2.03458,0.0362255
11.9806,1.94866,0.00167547
12.9523,1.9917,-0.172738
13.956,1.97516,-0.0372875
14.9367,1.95409,0.142991
15.9385,2.05702,-0.129633
16.9797,2.06312,0.0248909
17.9752,2.02662,-0.188351
19.0086,2.04954,-0.0108951
0.0120762,2.97791,0.011887
1.00105,3.09601,-0.0727622
1.96764,3.07528,-0.314505
2.96884,2.95543,-0.18685
3.92092,3.00007,0.196661
4.97224,3.05223,0.0848567
5.98009,3.03517,0.139045
6.99901,3.04393,-0.0832392
7.96134,3.08466,0.149342
8.95598,2.98684,-0.0354595
9.97044,3.06562,-0.206345
10.956,3.07168,0.106851
11.9646,2.98804,-0.0153172
12.9211,2.94709,0.199155
13.9023,2.95724,0.148912
14.8995,3.01758,0.201999
15.9437,2.99946,0.313102
16.9341,3.0453,0.302719
17.9665,3.05897,0.156423
18.9691,3.04881,-0.000396741
0.000994903,3.97087,0.115757
0.992837,4.07541,0.136616
1.96805,4.08454,0.0113834
2.97667,3.97248,0.0806299
3.99698,4.01065,0.204215
5.05388,4.04547,0.406043
5.97611,4.02885,0.113742
6.98144,4.08988,-0.158031
7.99347,4.09277,-0.049382
8.92981,3.97658,0.253368
9.82669,4.06103,-0.228697
10.8416,4.06647,-0.154677
11.835,4.00678,-0.30062
12.8857,3.92064,-0.102057
13.8901,3.98218,0.114274
14.9308,4.00243,0.229258
15.9501,4.02228,0.239821
16.9164,3.9675,-0.0865078
17.9233,4.08719,0.201917
18.9816,4.0406,0.0686026
0.00456557,5.02204,-0.000231941
0.913276,5.09816,0.392093
1.91205,5.06046,0.314585
2.91228,5.00092,0.151567
3.92575,5.03273,0.321046
4.86653,4.90479,-0.0631153
5.8628,5.0358,0.109326
6.8938,5.11081,0.090408
7.9401,5.09572,0.169301
8.94203,4.97017,0.0915159
9.95056,5.01315,0.0228034
10.9387,5.06843,-0.0182257
11.9911,4.97812,-0.050734
12.9701,4.92548,-0.145173
13.9738,4.96254,-0.230708
14.9707,4.98756,-0.0524216
15.9371,4.97646,-0.130326
16.9754,4.98132,-0.0386822
17.9855,5.07013,0.151653
18.9652,5.063,0.0544694
0.000183111,6.02232,0.125059
0.982156,6.07098,0.424986
1.90698,6.02513,0.0380108
2.88537,6.00539,0.0721427
3.87886,6.01055,0.13892
4.91492,5.95472,0.112226
5.94054,6.01893,0.105893
7.01617,6.10963,0.0575365
8.01198,6.13561,0.364254
8.96541,6.01481,0.0690664
9.98713,6.0637,0.19274
11.0457,6.05112,-0.137022
12.0513,5.94859,-0.340046
13.017,5.96549,0.0323038
14.0494,5.91907,0.0581225
15.0404,6.00906,-0.0382763
16.038,5.99353,-0.0435804
17.0019,5.97638,0.121015
18.0051,6.06872,0.337852
19.0269,6.05352,0.272173
0.0381298,7.01857,0.219623
1.03804,7.09769,0.251775
1.9805,7.01008,-0.074691
2.92926,6.98539,0.106824
3.91455,7.03466,0.138029
4.90498,6.9926,-0.0115421
5.89891,7.02026,0.0347819
6.96975,7.07969,-0.0266884
7.95524,7.13436,0.272369
8.93836,7.01587,0.209949
9.94012,7.03287,-0.0670614
10.9352,7.04949,-0.25714
11.9366,6.88197,-0.0405316
12.9541,6.95967,-0.271892
13.9253,6.96696,-0.03961
14.9828,6.99189,0.0676351
16.005,6.97574,0.22345
17.0248,7.03242,0.160588
18.0051,7.07164,0.252092
18.9909,7.00246,-0.0393597
-0.0101505,8.00244,0.0677023
1.02426,8.11242,0.149403
2.01817,8.01987,0.149293
3.01345,8.01962,0.0769463
3.9841,8.04252,0.331214
5.0157,7.97162,0.292361
6.05205,8.02919,0.158068
7.07806,8.07824,-0.120093
8.10452,8.0223,-0.0968017
9.12171,8.00989,0.108206
10.1277,7.98592,0.0741722
11.1133,8.08039,-0.205411
12.0855,7.8922,-0.299915
13.0665,7.96871,-0.0251595
14.038,7.97042,0.269274
15.0449,8.00993,-0.0260598
16.0192,8.03274,0.299402
17.0567,8.08481,0.410269
18.021,8.14052,0.213095
18.9935,7.9846,0.0661397
0.0241249,8.9718,-0.139802
0.996457,9.10994,-0.0644826
2.00045,9.0116,-0.000268563
2.96799,8.99591,0.228803
4.008,9.05141,0.209922
5.01166,8.96759,0.369256
5.99621,9.04786,0.27156
7.00801,9.01563,0.280166
7.98294,8.98943,0.158058
8.96467,9.00079,0.0628315
9.9436,8.96058,-0.171023
10.9337,9.10538,-0.353627
11.9292,8.89049,-0.111673
12.8869,8.96365,0.126518
13.8785,8.91999,0.102341
14.8991,8.96301,0.387561
15.9229,9.04574,0.103656
16.9407,9.00648,0.0200995
17.993,9.14157,0.0693655
18.9971,8.96445,-0.0847987
0.0578051,9.99995,-0.102741
1.07425,10.1188,-0.0170293
2.02734,10.0346,0.135316
3.03263,9.99438,0.188473
3.99189,10.0572,0.453319
4.96483,9.95183,0.309711
5.99478,10.0451,0.276989
7.01129,10.0469,0.51998
7.92532,9.98482,0.080401
8.88831,9.93942,-0.300745
9.96174,9.9939,-0.254018
10.9887,10.0895,-0.148579
11.9976,9.86371,-0.212992
13.005,9.98339,-0.0813868
13.9955,9.93525,0.0129185
15.0203,9.96126,0.132194
16.0285,10.0042,-0.212842
16.9824,10.052,0.0180548
18.0225,10.1292,0.00784631
18.9851,9.96503,0.13379
0.039143,11.0054,-0.0529374
0.950636,11.0515,0.509455
1.92088,11.0248,0.205823
2.93223,10.9941,-0.0898434
3.99666,11.0201,0.120972
4.98306,10.9759,0.224928
5.99098,11.0943,0.245473
6.96355,10.932,0.0426954
7.97524,11.0008,0.0644795
8.98441,10.9075,-0.147685
10.0174,10.9813,-0.0213691
11.03,11.0375,0.133894
12.0389,10.9277,-0.023075
13.0318,10.9627,-0.122391
13.9966,10.9199,0.122486
14.982,10.9569,-0.0398938
15.9983,11.0266,-0.143782
17.0637,11.0843,-0.1047
18.1183,11.121,-0.0179907
19.0622,10.9705,-0.224531
0.0225867,12.0284,-0.0527757
1.01905,12.0578,0.183801
2.06762,11.9954,0.261449
3.09225,11.9719,0.0159795
4.04794,12.0217,0.427509
5.00078,12.0052,0.039668
5.96944,12.0501,-0.0580401
6.96544,11.9054,-0.314331
7.99369,11.9664,-0.26054
8.98131,11.878,-0.341957
9.95885,12.0037,-0.148897
11.0033,12.0553,-0.0111148
11.9578,11.8965,-0.335072
12.9357,11.9551,-0.0447249
13.9613,11.9477,0.0128513
14.9919,11.9457,-0.0270882
15.986,11.9375,0.230509
17.0166,11.9297,0.45638
17.9971,12.0829,0.263335
19.0015,11.9332,0.142143
0.0488662,13.0347,0.00507218
1.07427,13.0665,-0.0332987
2.04825,13.0292,0.164522
2.99907,12.9583,-0.126249
3.99393,13.0557,0.21073
4.9814,13.001,0.0125553
6.05372,13.0334,0.0811365
6.9838,12.9294,-0.296948
7.9448,12.9911,-0.0661977
8.96787,12.9209,-0.139051
9.92234,13.0256,-0.292022
10.9328,12.9856,-0.399982
12.0065,12.9052,-0.168227
12.987,12.912,-0.441127
13.9112,12.9586,-0.100684
14.9704,12.9329,0.000946074
15.9797,12.9933,0.267821
17.0306,12.9343,0.182543
18.0175,13.0568,0.497702
19.0046,12.9708,0.314945
0.0480819,14.0189,-0.12682
1.09062,14.0858,-0.245076
2.07155,14.0398,-0.013712
3.08491,13.9489,0.0900906
4.10316,14.0281,-0.0214118
5.10314,13.9956,-0.156688
6.09722,14.0508,-0.190207
7.13447,13.9476,-0.205667
8.1104,14.06,-0.0370922
9.07091,13.9164,-0.213544
10.0511,14.0734,-0.369005
11.0665,14.0178,-0.390216
12.0717,13.8901,-0.179501
13.0828,13.9274,-0.205145
14.0853,13.9497,-0.0909757
15.063,13.981,-0.0983825
15.9896,13.9744,0.249413
17.0098,13.9256,0.364464
17.9789,14.0373,0.23321
18.977,13.9232,0.115799
-0.00965606,14.9948,-0.162505
1.01974,15.0475,0.0852901
2.04149,15.048,-0.181817
3.02746,15.0065,-0.0530045
4.01465,15.0809,-0.0978912
5.02018,15.0436,-0.0615497
6.00399,15.0612,0.0571459
6.98698,14.9245,0.168923
7.99206,15.0583,0.119605
8.94163,14.9117,0.00232856
9.93431,15.0802,-0.150734
10.9778,14.9854,-0.156899
12.0021,14.9221,-0.0270333
13.0627,14.9922,-0.127515
14.0727,14.9286,0.0665883
15.0745,14.9732,0.120347
16.0805,14.9955,0.286554
17.0618,14.9733,0.292883
18.0181,14.9645,-0.0768334
19.0084,14.9124,-0.058269
-0.0248726,15.9908,-0.212574
0.981625,16.0209,-0.129786
2.01701,16.039,-0.16971
2.99353,16.0501,0.0756615
3.98404,16.0973,0.101767
5.02266,16.0381,0.00804773
6.04165,16.0618,0.20958
7.03508,15.926,-0.0752342
8.02624,16.0523,0.0731559
9.01144,15.9184,0.0438246
9.99763,16.0636,-0.177148
11.0352,15.9749,-0.243413
12.0663,15.9437,-0.172106
13.0411,15.9753,-0.234907
14.0744,15.9777,-0.00105289
15.0753,15.9966,-0.0181616
16.1039,15.9278,-0.1455
17.0198,15.9821,0.292975
18.0644,16.0037,0.140913
19.0144,15.9464,-0.143403
-0.0255715,16.9759,0.0632252
0.941508,17.0196,0.196332
1.95018,17.0636,0.117753
2.97673,17.0556,0.204724
3.98528,17.0881,-0.0939482
4.96153,16.9908,0.269369
5.92349,17.0497,0.230457
6.99329,16.9656,0.124424
7.98285,17.0674,0.3464
8.89953,16.9571,-0.17094
9.9028,17.0881,-0.331941
10.8894,16.9787,-0.18178
11.9168,17.0168,-0.231199
12.9222,16.9817,-0.313532
13.8717,16.9901,-0.0033723
14.8663,16.9716,-0.0826868
15.9064,16.9316,-0.0553392
16.8685,17.0273,0.15515
17.908,16.9599,0.0201605
18.961,16.9664,-0.0328684
0.0125065,17.993,0.205786
0.955174,18.011,-0.0863552
1.9303,18.0043,-0.281683
2.9051,17.9933,-0.086993
3.93553,18.0615,-0.0558245
4.97039,17.9977,-0.165716
6.01019,18.0078,0.0198706
6.95957,17.987,0.3219
7.88976,18.0053,-0.0651723
8.94358,18.0061,-0.0903867
10.0357,18.0522,-0.130055
11.0565,17.9815,0.020896
12.0288,17.9893,-0.33061
13.0894,17.9918,-0.215131
13.9983,17.9983,0.163106
14.9933,17.9547,0.0470382
15.9729,17.9143,-0.149565
16.9582,18.0157,-0.0749535
17.9533,17.9604,-0.0495285
18.9664,17.9452,-0.165786
0.00559404,18.9737,-0.148708
1.00631,19.0545,-0.296426
1.98525,18.9923,-0.123511
3.0762,18.9948,0.04326
3.99689,18.9804,0.330787
4.99623,18.9598,0.108493
6.00927,18.9793,0.210782
7.00485,19.0283,0.193368
7.97299,19.0197,-0.152065
8.97875,18.9908,-0.202899
9.96583,19.0286,-0.353984
11.0086,18.9581,-0.0909543
11.9721,18.9985,-0.431965
12.9904,19.0356,-0.31301
13.9292,18.9683,-0.00764794
14.9298,18.9927,-0.0862362
15.9648,18.9565,-0.118342
16.9036,19.0008,0.144185
17.9329,18.9894,0.0583941
18.9702,18.9704,-0.00194098
