-0.0197913,0.0181188,-0.124799
0.86259,-0.0790948,0.380728
1.86822,-0.0304117,0.272777
2.8495,0.00880459,0.0414472
3.84402,0.0327586,0.149754
4.8301,0.0181646,0.159368
5.84436,0.00525834,0.0400189
6.82871,-0.042378,-0.190649
7.86928,0.00177618,-0.0403882
8.93795,0.0456862,-0.113974
9.93445,-0.0135502,-0.127128
10.9325,-0.0251137,-0.221024
11.9178,0.03914,0.0428327
12.9515,-0.0338389,0.0619526
13.9361,-0.014951,-0.114014
14.9187,-0.038789,-0.253542
15.9135,-0.0339824,-0.250078
17.0104,0.033607,-0.178478
18.0737,-0.0262886,-0.275216
19.0077,-0.0276193,0.201758
0.0128971,1.00559,-0.0352611
0.981292,0.918015,0.278597
1.97137,0.974825,0.327168
2.96296,0.975121,0.340483
3.94361,1.05236,0.411151
4.92973,1.05632,0.183947
5.82163,0.962499,-0.268972
6.82694,0.964095,-0.145302
7.81257,1.01468,0.229804
8.81359,1.074,-0.000634785
9.79706,0.969726,-0.255312
10.8741,1.00072,-0.208701
11.8851,1.03417,0.106574
12.903,0.98088,0.040257
13.8847,0.985195,-0.216446
14.9074,0.954637,-0.181194
15.9878,0.967364,-0.175109
17.0191,1.04351,-0.114322
17.9886,0.935319,0.0567217
18.9815,1.00038,-0.137767
0.0278542,2.05973,0.168343
1.00184,1.92636,0.253676
1.9808,1.98948,0.394168
3.05564,2.00161,0.368059
3.99672,1.93748,-0.0850612
4.98697,2.07704,0.0421339
5.99932,1.95629,-0.172158
7.00487,1.96671,0.0325358
7.93837,2.00176,0.361888
8.92593,2.08665,0.186297
9.87884,1.95164,-0.204685
10.8628,2.06367,-0.405252
11.8438,2.02715,0.0185217
12.8614,2.02438,-0.177517
13.8478,2.0169,-0.255312
14.9247,2.01191,-0.310819
15.8522,1.96619,-0.0205603
16.9066,2.03624,-0.0618397
17.9668,1.95095,-0.0506546
19.0189,2.01645,-0.202094
-0.0236335,3.08679,0.160002
1.00922,2.93499,0.186038
2.01496,2.91654,0.0714927
3.0177,2.96561,-0.0256081
4.02149,2.93023,0.186599
5.01526,3.11005,0.0757256
6.00829,2.98255,0.0849391
7.0029,2.98086,0.178878
8.01009,3.02141,0.207135
8.97377,3.12585,0.36024
9.95191,2.99467,-0.0353832
10.9422,3.04462,-0.0854793
11.9719,3.04449,-0.0612171
13.0142,3.05652,-0.156487
14.0303,3.07415,-0.353847
14.9865,2.98733,-0.534263
15.9043,2.96494,-0.0253853
16.8972,3.05291,0.0260018
17.9361,3.00145,-0.145155
18.9693,2.99972,-0.125352
0.0141911,4.08737,0.259035
1.00889,3.94898,0.273034
2.00813,3.85723,0.391632
2.98298,3.95973,0.148009
3.96234,3.93833,0.339113
4.94869,4.09532,0.302149
5.95213,4.027,0.143272
6.9839,3.98278,0.155208
8.06199,4.06559,0.17235
9.07343,4.10556,0.505704
10.0367,3.99067,0.0604755
11.0209,4.06626,-0.101428
11.9739,4.04259,-0.364147
12.9796,4.05361,-0.300549
14.02,4.04492,-0.084109
14.9541,4.01711,-0.563726
15.9812,3.90438,-0.363277
17.0025,3.98444,-0.316532
17.9951,3.98814,-0.167449
18.9901,4.0255,0.120176
-0.0511734,5.08283,0.384735
0.936024,4.94752,0.278668
1.98613,4.83077,0.154387
3.00283,4.94406,0.292538
4.01472,4.97669,0.429206
4.98282,5.1041,0.275042
5.97929,5.02499,0.00154118
6.93303,5.01629,0.285965
7.97837,5.06745,0.199509
9.03559,5.07462,0.240223
10.0888,4.9791,-0.014536
11.0446,4.96391,0.35071
12.0497,4.97354,-0.0389874
13.0339,5.02114,-0.0425306
14.1157,5.02182,-0.138478
15.1234,4.95847,-0.228489
16.123,5.00661,-0.49707
17.1339,4.98307,-0.382659
17.9964,5.0177,0.134736
18.9885,5.0235,0.0940733
-0.0170202,6.02902,0.0794366
0.996698,5.98683,0.297287
1.9733,5.89129,0.128849
2.91402,5.92815,0.484207
3.88968,5.92756,0.27459
4.90704,6.06427,0.040727
5.8987,6.09434,-0.203314
6.89797,6.03114,-0.00598468
7.94027,6.07068,-0.127564
8.92622,6.09866,0.0372082
9.98245,5.97164,0.0345225
11.0143,5.99443,0.124812
12.0167,5.93688,0.124775
13.0379,6.02539,-0.0443098
14.0967,6.0325,-0.0148717
15.0899,5.94525,-0.0721488
16.0802,6.02488,-0.347645
17.0509,5.97334,-0.417985
18.0435,5.93994,-0.236409
18.99,6.05833,0.160784
9.15555e-05,7.04388,0.0876858
0.974755,7.04017,0.140849
1.92272,6.88745,0.504819
2.90685,6.95604,0.270891
3.94064,6.94193,0.532984
4.9831,7.03989,0.177441
5.92323,7.0677,-0.149663
6.88176,6.98852,0.317866
7.86598,7.05294,0.28063
8.87189,7.09259,0.222956
9.87479,6.97907,0.213132
10.9009,7.06441,0.2653
11.9442,6.98061,0.0382946
13.0259,7.03786,0.101471
14.0181,7.05578,-0.0671468
15.01,6.96066,-0.0550493
15.9705,7.05979,-0.233976
16.9934,7.01764,-0.385763
17.991,6.97671,-0.200644
18.9732,7.06774,0.0757866
0.019422,8.0609,0.0719138
1.05278,8.04088,0.115848
1.93973,7.8998,0.568883
2.97396,7.991,0.326179
3.95183,7.98833,0.327726
4.93616,8.04502,0.326603
5.92579,8.00627,0.243437
6.89926,7.99592,0.279458
7.95299,8.09332,0.144801
8.94976,8.0924,0.311097
9.93224,7.96951,-0.0328776
10.9494,8.05243,-0.183181
11.9659,8.00458,0.15233
12.9168,8.01084,-0.152449
13.9519,8.10374,-0.172707
15.0003,7.92661,-0.310062
16.0051,8.04969,-0.35327
17.0207,8.0241,-0.183215
17.9587,7.91845,0.141942
18.9605,8.04558,0.0957091
0.00959502,9.05395,0.121946
1.06268,9.07045,0.0168615
1.96685,8.92477,0.402765
2.95756,8.99638,0.555745
3.99795,9.04584,0.27835
5.01555,9.03609,0.129313
6.01005,9.01608,0.00959502
6.98328,8.98112,0.238954
8.01161,9.10027,0.00539262
9.07065,9.09214,0.145241
9.98954,8.9629,-0.212146
11.0065,9.03575,-0.31113
11.9971,9.00843,-0.179006
12.9651,9.04639,-0.156966
13.9466,9.06399,0.090054
14.9672,8.91248,-0.0978515
15.9571,9.06362,-0.0696646
17.0222,9.04366,-0.00789514
18.056,8.96853,-0.122132
18.9841,9.10247,0.346516
0.00871303,10.056,0.0361553
1.01244,10.0526,-0.206064
1.97683,9.87432,0.142921
3.00106,9.94841,0.125745
4.04621,10.0563,0.0806696
5.04793,9.99559,0.170586
6.04601,10.0562,-0.18497
7.02006,9.94423,-0.0869564
7.98748,10.0258,-0.347929
9.03575,10.026,-0.268142
10.0492,9.99376,0.0106021
11.0579,10.0683,-0.25634
12.0656,10.009,-0.154808
13.0678,10.0547,0.0397626
14.0151,10.0659,0.238389
14.9292,9.94443,-0.112275
15.9337,10.1018,-0.222236
16.9404,10.0762,-0.0703024
17.9389,10.0034,-0.0291116
18.9536,10.0501,-0.0223701
0.00263985,11.0509,-0.101135
0.968123,10.9937,0.227085
1.98892,10.8893,0.355916
2.99611,10.9532,0.362926
4.0216,11.0553,0.0923429
5.03932,10.9872,0.00388501
6.02031,10.9994,0.158464
6.99585,10.9353,0.0476669
8.01453,10.9873,-0.181536
8.96172,10.9912,0.0401044
9.99106,10.9748,-0.0380291
11.0451,11.0438,0.114786
12.0225,11.055,-0.0200568
12.9805,11.0405,-0.224891
14.0376,11.0077,-0.108206
15.0064,10.9448,-0.0607746
15.9587,11.1174,-0.333558
16.9618,11.0827,-0.357701
17.9821,10.975,-0.216608
18.9273,11.0167,0.103903
-0.0240852,11.9693,0.20473
0.982559,11.9688,0.461925
1.94569,11.9015,0.119898
2.99843,11.9572,0.367757
3.96577,12.0512,0.0640919
5.01179,12.0209,-0.00634175
6.05283,12.0276,0.0226203
7.04643,11.972,-0.0448897
8.06599,11.978,0.186599
9.00962,11.9977,-0.0604328
9.96646,11.9761,0.282751
11.0279,12.0401,0.165096
12.0665,12.0558,0.0514481
13.0549,11.9764,0.0972198
14.021,11.9857,-0.136912
15.0462,11.9557,-0.0279611
16.0782,12.0742,0.0877834
17.1437,12.0392,-0.0959166
18.1486,11.9474,-0.0811426
19.0644,11.9628,0.314545
-0.00128483,12.974,0.337416
1.02911,12.942,0.395923
1.92797,12.8702,-0.17347
2.9397,12.9131,-0.0845393
3.93805,13.0654,-0.0546403
5.01039,13.0323,-0.021778
5.96894,13.0435,0.16328
6.96811,12.9729,0.119755
8.04206,12.9872,0.234751
9.04945,12.9008,0.342796
10.0649,12.9541,0.234352
11.0468,13.0656,0.109088
12.0387,13.0838,0.128483
13.0893,13.0113,0.0434919
14.052,12.9682,0.0716025
15.0254,12.9842,0.210343
16.0554,13.0889,0.201721
16.9935,13.0678,-0.0916868
17.984,12.9972,-0.152171
18.9748,12.9232,0.052385
0.0395276,13.9458,0.150578
1.08022,13.9683,0.250572
2.11024,13.8487,0.0501907
3.00396,13.8968,-0.348341
3.97811,14.0593,-0.121281
4.99479,14.0495,-0.186773
6.07559,14.0087,-0.116715
7.09871,14.0037,-0.209323
8.07831,13.9663,-0.0230323
9.04986,13.9166,0.206284
10.057,13.9374,0.247224
11.0239,14.0461,-0.0657002
11.9784,14.0961,0.168514
13.0226,14.0167,0.309281
14.0154,13.9575,0.103122
15.01,14.001,0.0384442
16.0277,14.1168,0.175756
17.0298,14.1151,0.0910855
18.0355,14.0354,-0.103201
19.0065,13.896,0.234498
0.0521653,14.9691,0.14817
1.06588,15.0028,0.0778405
2.11939,14.8526,0.0627461
3.03548,14.9144,-0.38327
3.9884,15.0831,-0.155034
5.03462,15.0012,-0.00904569
6.02999,14.9871,-0.0622974
7.10349,14.9652,0.0618732
8.13238,14.964,-0.0897244
9.12189,14.9114,0.0897732
10.1606,14.9238,0.0871609
11.1605,15.0776,-0.00378124
12.1877,15.0572,0.179482
13.1845,15.0471,0.238829
14.2139,15.0071,0.0829218
15.1819,14.9551,-0.214777
16.079,15.1189,0.230082
17.0643,15.1861,0.277154
18.0262,14.9452,0.336775
18.9933,14.9192,0.0331919
-0.0247658,16.0198,0.175759
0.975359,15.9768,0.265523
1.99976,15.9149,-0.0159368
2.99148,15.9692,-0.385397
4.0218,16.0651,-0.259365
5.04356,16.0157,-0.103244
6.05684,16.0174,-0.0545732
7.04903,15.9605,-0.202597
8.03001,16.003,-0.133564
9.00189,15.9098,-0.202271
10.0097,15.9586,-0.099411
11.0133,16.0373,-0.272814
12.0238,15.978,-0.188061
13.0266,15.9923,-0.12761
14.0503,15.9896,0.00763268
15.0336,15.965,0.0966247
16.0273,16.0881,-0.0679556
17.0421,16.1842,0.0298563
17.9971,16.0228,0.268377
18.9667,15.961,0.173397
-0.0248054,17.0127,0.27214
0.93271,16.9554,-0.0661733
1.95639,16.9219,0.00312204
2.98714,16.9444,0.0695975
3.95193,17.0661,-0.108261
4.96644,17.0014,-0.24373
5.9776,16.9668,-0.316932
7.00294,16.9313,-0.487588
8.01593,17.018,-0.236412
9.04893,16.9027,-0.18211
10.0248,16.9425,-0.397766
11.0306,17.025,-0.237111
12.0597,16.9825,-0.0701834
13.1321,16.9778,-0.189142
14.0712,17.0114,0.222044
15.0784,17.0089,0.0435591
16.0529,17.0959,0.112958
17.0631,17.2121,0.13852
18.0084,17.0185,0.336644
19.0259,16.9787,0.194028
-0.00415967,18.0265,-0.0707144
0.951415,17.9484,-0.232905
1.97094,17.9559,-0.0163762
2.99493,17.9586,0.0525254
4.02853,18.0307,0.0907987
4.96395,18.0096,-0.355596
5.96357,18.0421,-0.284484
6.95682,17.9534,-0.424113
7.95486,18.0476,-0.332081
8.93604,17.9748,-0.178896
9.99479,17.9541,-0.146532
10.9634,18.0222,-0.457595
11.9788,17.9925,-0.0957945
13.0204,17.962,-0.0718192
14.0253,18.0399,0.0952574
15.0149,18.0044,0.141267
15.9614,18.0574,-0.220594
16.9404,18.087,-0.368288
17.9458,17.9471,-0.0821833
18.9753,17.9747,0.0100192
0.00903043,19.0284,0.0609973
0.97149,18.9355,-0.135966
1.99634,18.9518,-0.141292
2.97885,19.0137,0.155626
3.98141,19.0262,-0.143056
4.95799,18.9559,0.0872494
5.95542,19.0197,-0.149544
6.95999,19.0289,-0.304376
7.96528,19.0698,-0.350142
8.94463,18.9943,-0.206952
9.9143,19.0065,0.0167821
10.944,19.007,-0.100006
11.9357,19.0328,-0.187136
12.8777,18.9633,0.0573748
13.8802,19.0152,0.0557787
14.889,19.0054,-0.0924406
15.901,19.022,0.0672842
16.9447,18.9523,0.0962645
17.9737,19.0135,-0.111802
19.0157,19.0233,-0.082107
