0,0,0
-0.0010651,0.983621,0.0693167
0.00359813,1.97238,-0.0109226
0.00430921,3.0124,-0.0928617
0,4,0
-0.00936613,4.99947,0.0836909
-0.0083285,6.01509,0.00378735
-0.00711692,7.00894,-0.195221
0.00589923,8.03725,-0.0758843
0.00220038,9.08744,-0.0326884
0.0320627,10.0552,-0.0797449
0.00418409,11.067,-0.236772
-0.0332316,12.164,-0.354891
0.01713,13.0959,-0.129566
0.0154363,14.1157,-0.00269784
0.0273507,15.0879,-0.33441
-0.00589618,16.0225,0.0945891
9.76592e-05,17.0079,-0.012476
-0.00188299,18.0122,0.0382672
0,19,0
1.0169,-0.00295114,-0.0315836
1.02451,1.07894,0.012534
1.00682,2.16987,-0.0873196
1.00807,3.25539,-0.0332377
0.977438,4.26722,-0.119434
0.929316,5.27417,-0.0601001
0.99501,6.36288,-0.227592
0.939799,7.46478,-0.168194
0.921366,8.59185,-0.107785
0.921531,9.73251,0.0965056
0.871538,10.9602,0.0512436
0.800446,12.0754,-0.24543
0.766759,12.8585,-0.887606
0.8824,13.9001,-0.67745
0.81127,14.815,-0.157894
0.943376,15.7916,-0.452138
1.00479,16.4513,0.279638
0.962243,17.1648,-0.420179
1.02367,17.9995,0.105844
0.989465,19.0064,-0.303104
2.01699,-0.000277718,0.07022
2.04749,1.09293,-0.00189215
1.99456,2.17592,-0.0119541
2.02019,3.2807,-0.0448469
1.99515,4.44502,-0.156194
1.92279,5.61317,-0.180389
1.97802,6.78122,-0.191345
1.82818,7.97248,-0.0625111
1.78257,9.18,0.117747
1.71636,10.4926,0.262313
1.61404,11.8797,0.585681
1.56237,13.1006,-0.240022
1.46749,13.6294,-1.6754
1.531,14.8377,-1.26883
1.68179,15.5059,-0.0778191
1.79831,16.4437,-0.739946
1.80268,17.2504,0.0815485
1.87397,17.2649,-0.882116
2.03243,17.9818,-0.0942991
2.0075,19.0044,-0.188183
3.00689,-0.00738548,-0.057326
3.10121,1.04306,-0.0641438
3.06076,2.16894,0.0338389
3.07706,3.22077,-0.16006
2.98433,4.30135,-0.241041
2.91899,5.37312,-0.24546
2.90945,6.49117,-0.299695
2.89442,7.65437,-0.129872
2.7842,8.77522,-0.00672018
2.68405,9.96203,0.13961
2.41596,11.1108,0.0741478
2.38509,12.1905,-0.30759
2.31287,13.0169,-1.04896
2.41992,14.0943,-0.838716
2.62422,14.8117,-0.159548
2.67975,15.7695,-0.383639
2.56102,16.5577,0.261617
2.8844,17.1716,-0.515857
2.98308,17.9824,0.136424
3,19,0
4.01989,0.00370495,0.0862514
4.09685,1.06647,0.0155919
4.02288,2.05177,0.324979
4.00477,3.0626,0.165603
4.02581,4.10962,-0.0308603
3.93104,5.17518,-0.167769
3.97907,6.26293,-0.310846
3.88719,7.32103,-0.24431
3.76337,8.42548,-0.207086
3.61702,9.48379,-0.0823511
3.35764,10.5639,-0.112561
3.37789,11.5668,-0.37044
3.24796,12.5468,-0.526597
3.40306,13.5645,-0.604462
3.55566,14.3945,-0.110578
3.69248,15.3832,-0.120603
3.61237,16.2112,0.413593
3.84799,16.9967,-0.204138
3.98728,17.9847,0.108451
3.96493,18.9927,0.0417158
5.03904,-0.00692465,0.160311
5.08832,1.01333,0.0776421
4.9876,1.99647,0.0418531
4.99832,3.01422,0.169683
5.00798,4.02197,0.010651
4.89369,5.02182,-0.265581
5.01148,6.04961,-0.396744
4.88606,7.10887,-0.381207
4.82745,8.18676,-0.26317
4.58288,9.13518,-0.141316
4.40668,10.1464,-0.16379
4.42027,11.1514,-0.22844
4.29181,12.2001,-0.305551
4.47225,13.2109,-0.377459
4.61301,14.2297,-0.0573199
4.79409,15.2258,-0.0121464
4.67457,16.1511,0.349806
4.8698,17.0451,-0.0752586
4.98132,18.0394,-0.0406568
4.96906,19.0062,0.00212714
6.00752,0.000277718,0.0510971
6.06729,0.98952,-0.258498
6.00207,1.8768,0.19462
5.96313,2.84292,-0.0964049
5.96465,3.91364,-0.14644
5.86711,4.94565,-0.149068
5.98291,5.95723,-0.176351
5.87324,7.01937,-0.355187
5.82746,8.02268,-0.247429
5.61704,9.02152,-0.077047
5.52008,10.0412,-0.0874996
5.4656,11.0816,-0.0483657
5.46472,12.0674,-0.149376
5.52935,13.0931,-0.19487
5.6682,14.0651,0.0648152
5.74909,15.102,0.293387
5.75086,16.1457,0.416843
5.93914,17.0236,-0.0593738
6.03356,17.9987,0.0206641
5.96265,19.011,-0.0542375
6.99464,0.00350047,-0.219114
6.94762,0.922245,0.227802
6.98439,1.93778,0.128169
6.98849,2.9654,-0.103171
6.95291,4.00926,-0.119129
6.82694,5.015,0.0226325
6.94465,6.02069,0.145491
6.91003,7.00309,-0.2125
6.84553,8.00267,0.0979949
6.65945,8.95374,-0.114814
6.61033,9.94844,-0.0791864
6.53206,11.0457,0.0662557
6.5805,12.079,0.0190374
6.60848,13.0899,-0.117151
6.76729,14.0932,0.125736
6.753,15.099,0.320734
6.80628,16.0925,0.318723
7.00202,17.0225,-0.062093
6.99986,18.0057,-0.32729
6.9708,18.9903,-0.0547411
8.0066,0.00274667,0.0657735
7.93943,1.00937,0.179748
8.03741,1.9964,0.0282052
8.0229,3.00423,-0.171599
7.99981,4.04104,-0.218558
7.90637,5.05729,0.116843
7.95735,6.04302,-0.0821497
7.93763,7.04046,-0.211841
7.89876,8.05664,0.037965
7.68778,9.04823,0.000799585
7.63118,10.0719,0.0421003
7.61758,11.0214,0.338365
7.68768,12.0333,-0.00958586
7.67271,13.0494,-0.150185
7.85514,14.022,0.168288
7.83551,15.0144,0.239735
7.84641,16.0288,0.263073
7.99595,17.0205,-0.0392926
8.04592,17.9852,-0.137144
7.96128,19.0033,0.0485183
8.98565,5.18815e-05,-0.0616077
8.90616,0.972042,-0.215983
9.06804,1.97087,0.0492721
9.02435,2.98976,-0.0156743
9.00695,4.01488,-0.171447
8.9068,4.99338,0.0382458
8.9885,5.98712,-0.11091
8.89746,6.98539,0.0479171
8.96106,7.96077,-0.115317
8.71826,8.93707,0.0676199
8.66422,9.95868,-0.0613361
8.66818,10.937,0.114924
8.78162,11.9871,-0.00810877
8.72311,12.9853,0.0215125
8.90491,13.9507,0.156529
8.92857,14.9672,0.221308
8.8671,15.9846,0.0766625
9.01964,17.0183,-0.0235206
9.00971,18.0306,-0.368004
8.96118,18.9595,0.00127262
9.98742,0.00520951,-0.0173803
9.96331,1.02123,-0.0366741
10.0863,2.0466,0.133381
10.0332,3.04691,-0.0435011
10.0176,4.02714,-0.217808
9.94852,5.03591,0.0488052
9.99875,6.0008,0.21287
9.94904,6.96406,-0.0784631
9.9807,8.01155,0.0853694
9.75883,9.02383,0.130094
9.67938,10.0688,0.0508377
9.6927,11.061,0.189093
9.82527,11.9839,-0.145152
9.84916,13.0119,-0.00718711
9.9856,13.9944,0.112915
9.91229,15.016,0.0922361
9.88354,16.0187,0.0427992
10.0366,17.0552,0.11579
9.99262,18.0297,-0.0783868
10.0128,19.0069,0.00217292
11.0007,0.00610981,-0.0263375
10.9512,1.00049,0.141459
10.987,1.94841,0.549852
11.0239,2.94641,0.240086
11.0356,3.99232,0.0124424
10.9689,4.9855,0.205515
11.0766,5.9609,0.199503
10.9333,6.97453,0.175231
11.0289,7.98546,0.281912
10.8076,8.99455,0.213596
10.7355,10.0245,-0.0339213
10.7591,11.0301,0.0159551
10.8675,12.0354,-0.036787
10.9539,13.0292,-0.0814264
10.9751,14.0207,0.212516
10.9104,15.0419,0.089349
10.9506,16.0731,-0.10318
11.0424,17.0568,0.175289
11.0218,18.0267,-0.187231
11.0316,19.0046,0.0262917
12.0019,-0.00330515,0.107221
11.9669,0.99599,-0.0657979
11.9407,1.99106,0.173489
12.0269,2.96889,-0.012363
12.0527,3.9706,0.167409
11.9812,4.97514,0.131022
12.1452,5.95555,0.226942
11.9905,6.96131,0.292923
12.0192,8.00721,0.330015
11.9019,9.03614,0.235813
11.7381,9.94293,-0.0914609
11.8459,10.9575,-0.00718406
11.8917,11.9959,0.0932066
12.0046,12.967,-0.117154
11.98,13.9687,0.137107
11.9546,15.0079,0.197519
12.0026,16.0151,0.016657
12.0812,17.0286,0.151695
11.9797,18.0204,0.0947172
12.0113,19.0023,0.0309122
13.0155,0.00275277,-0.0940336
12.9832,1.02451,0.0261116
13.0205,2.00929,0.0726371
13.0289,3.02441,0.194089
13.0889,4.0512,0.188678
12.9589,5.0509,0.235191
13.1439,6.04684,0.408829
12.9711,7.00078,0.0127262
13.0043,8.04532,0.129609
12.8787,8.99383,-0.101807
12.8086,10.0009,-0.044203
12.905,11.0314,0.0371441
12.9401,12.0468,0.259511
13.0102,12.9913,0.00336619
13.0292,14.0046,0.174178
13.0134,15.0073,0.146278
12.9847,16.0478,0.244975
13.0969,17.1071,0.270653
12.9661,18.0266,-0.143193
13.0265,19.001,0.0668874
14.0028,0.00511795,-0.0135655
14.0116,1.04555,0.0217292
14.0435,2.1139,-0.127879
14.01,3.11943,0.164556
14.0747,4.06789,-0.168554
13.9598,5.03934,0.150142
14.0298,6.06222,-0.00927763
14.0051,7.07518,-0.0418622
14.0512,8.09096,0.123002
13.8854,9.07654,-0.0775872
13.8809,10.0406,-0.0719321
13.93,11.0309,-0.0660451
14.0305,12.0019,0.215583
14.0228,13.0426,0.035258
14.0114,14.0226,0.233335
13.9671,14.9481,-0.137565
13.9542,16.009,-0.0784387
14.0584,16.9799,0.164586
13.9865,17.9819,-0.00444044
14.01,19.006,-0.0766076
15.0251,-0.00629902,0.149541
15.005,1.00631,0.0824396
15.0116,1.97775,-0.0278146
14.9848,2.95534,-0.0432173
15.0635,3.99415,-0.0598773
14.9456,5.07198,-0.0242927
15.0166,6.05489,-0.360506
14.9371,7.0824,-0.36628
15.0757,8.07885,-0.0585803
14.9021,9.0573,-0.0619465
14.9211,10.0648,-0.214447
14.9671,11.0464,-0.0517563
15.0361,11.9808,0.234248
14.9936,13.0466,0.262191
15.003,14.0538,0.273186
14.9393,15.0395,0.130177
14.9196,16.0814,0.316166
15.0301,17.0737,0.489306
14.9724,17.9952,0.0518235
14.9812,19,-0.057326
16.0097,-0.000204474,0.0358379
16.0429,0.980679,-0.0614002
15.977,1.93604,-0.305829
16.0366,2.93688,-0.248469
16.0841,3.93813,-0.186712
15.983,4.97032,-0.0455702
16.0305,5.98554,-0.183169
15.9671,7.0139,-0.133415
16.0474,7.97679,0.149654
15.9314,8.95403,-0.176867
15.9314,9.9654,-0.194247
15.9711,11.0069,-0.234288
16.0218,11.9611,0.1729
16.0057,12.9701,0.133818
16.033,13.9933,0.193997
15.9962,14.9984,0.0563707
15.8179,16.0042,-0.189923
15.9452,16.9637,0.0699606
15.9632,17.9752,-0.042851
15.9705,19.0074,0.119306
16.9974,-0.0033021,-0.0465163
17.0843,0.946614,0.193051
16.9547,1.90977,-0.0556841
16.9727,2.90132,0.11005
17.0926,3.89541,0.0923307
17.0171,4.87101,-0.192294
16.9997,5.85904,-0.0185034
16.9914,6.94009,-0.066332
17.0079,7.94721,-0.143287
16.9314,8.94559,0.0589679
16.9702,9.95434,-0.0111484
17.0311,11.0079,-0.143236
17.0498,12.0015,0.131599
17.0069,13.0066,0.28663
17.063,13.9602,0.110236
17.0068,14.946,0.00558794
16.8503,15.9451,-0.0992523
16.9732,16.9972,0.0146641
16.9572,18.0186,-0.120179
16.9822,19.0052,0.0868374
18.0127,-0.00589007,0.0106326
17.9976,0.968245,-0.216074
17.9981,1.98842,0.0678488
18.0006,2.99056,0.0616138
18.0405,3.95833,-0.19068
18.0522,4.94978,-0.216892
17.9709,5.88492,0.157955
17.9732,6.90923,0.0950529
18.0053,7.90992,0.0401563
17.9442,8.9403,0.0398602
17.9772,9.92794,0.120899
18.0153,10.9152,-0.074929
17.9958,11.9418,-0.224973
17.9678,12.9384,-0.0258736
18.0258,13.9474,0.240611
17.9611,14.9378,0.293249
17.9444,15.9617,0.0499649
17.9814,17.0399,0.0438398
17.9793,18.0003,-0.0358196
17.9811,18.9978,0.0288614
19,0,0
19.0006,0.989785,-0.0789544
18.9926,2.01533,0.0537339
18.9977,3.00377,0.0277444
19.0031,4.00449,0.113083
18.9977,4.99933,0.0390027
18.9977,5.9896,0.0143162
19.0011,6.97942,-0.0105716
19.0028,7.97432,-0.0410993
19.003,8.96989,0.0207984
19.0027,9.97932,-0.0589526
19.0048,10.9566,0.0880367
19.0023,11.9505,-0.0210211
18.9908,12.9917,0.0440748
19.0067,14.0192,-0.113669
19.0004,14.9846,0.0776513
18.9996,16.0224,0.0281228
19.0006,17.0114,-0.0215491
19.0022,18.0135,-0.0789453
19,19,0
