-0.0199927,0.0335124,-0.137965
1.01843,-0.00967742,-0.100586
1.96551,-0.0338786,0.212998
2.97714,-0.0321818,-0.0442671
4.00784,0.0427076,-0.151903
5.0139,0.0190252,-0.306778
6.02944,0.0224403,-0.0308451
7.06629,-0.015772,-0.256093
8.03775,-0.0325358,-0.266637
8.99246,0.0190497,0.00159307
10.0259,0.0698721,0.0943968
11.0637,0.000497452,-0.167769
11.9902,-0.00946684,0.186181
12.9407,-0.00564287,-0.158571
13.8927,0.0122929,-0.0728477
14.9084,-0.00472121,0.126179
15.8924,0.0415021,0.0279519
16.9665,0.00798364,0.0640278
18.0264,0.0233467,0.246681
19.0418,-4.88296e-05,0.248903
0.0213538,1.03868,0.042027
1.01648,1.0248,-0.10633
2.01543,0.978957,-0.0295511
3.01382,0.995727,-0.15692
4.03651,1.06319,-0.301758
5.02178,1.02588,-0.101535
6.04157,0.982177,-0.329722
7.02039,0.980078,-0.093112
8.00445,0.979089,-0.124345
9.03911,1.03634,-0.111191
9.97286,1.09707,0.281509
10.9505,1.00575,-0.0724235
11.9641,1.04355,0.0713828
12.9873,0.987078,0.232191
13.892,0.990927,-0.230357
14.9145,0.968133,-0.0645405
15.9764,1.02026,-0.0766289
16.942,0.982778,-0.294336
17.9519,1.0014,-0.0558733
18.9461,1.01667,0.217872
0.0304392,2.02125,0.0383557
1.03497,2.00454,0.0129917
2.0188,1.94279,0.256276
2.9771,1.98619,-0.0360302
4.01948,2.12161,-0.208408
5.02674,1.99501,-0.396811
6.02309,2.01637,-0.450377
6.96643,2.01719,-0.11905
7.97534,1.98958,0.077813
8.97665,2.03006,0.0349895
9.99654,2.08851,0.16783
10.9586,2.04542,-0.180743
12.0089,2.01935,-0.0248329
12.9932,1.95039,-0.108679
13.994,1.97365,-0.0580218
15.0352,2.00595,-0.21044
16.0554,2.02446,-0.0966887
17.0514,1.98548,-0.32967
17.995,2.05849,-0.0807855
18.987,1.9834,0.0353771
0.0112857,3.02919,0.234169
1.02264,3.00586,0.11449
2.06314,2.94064,0.128434
3.10421,3.02395,0.0333171
4.13516,3.04626,0.112464
5.05595,2.99931,-0.355486
6.09784,3.00365,-0.259981
7.08184,3.04737,-0.189505
8.02785,3.01344,0.158864
9.00835,3.01084,0.0844172
10.0435,3.11227,0.0316233
11.0631,3.05407,-0.0811121
12.0878,2.99391,-0.392825
13.0667,2.94044,-0.421787
14.0679,2.9929,-0.307056
15.1095,2.9958,-0.304837
16.0776,3.07163,-0.0840419
17.0862,3.04452,-0.296954
18.0525,3.00868,0.219565
19.0067,2.96959,-0.022306
0.0701224,4.01692,0.0860775
1.05514,4.02646,0.205509
2.03009,3.91727,0.0131993
3.02672,4.01554,-0.0532182
4.10407,4.0133,-0.0940489
5.07237,3.90412,0.0207434
6.02517,4.01531,-0.326408
7.02293,4.06396,-0.306928
7.9941,4.08296,-0.0876308
8.95247,4.00113,0.089349
10.0327,4.12652,0.0760002
11.0055,4.05258,0.0864376
12.0231,3.99496,-0.151567
13.0018,3.88497,-0.0749077
13.9829,3.99386,-0.224772
14.9893,3.99015,-0.0377819
15.982,4.06778,-0.195688
17.0077,4.0332,-0.322172
17.958,4.04942,0.0272164
18.9548,3.96316,-0.0746239
0.000790429,4.98568,-0.0887326
1.01599,4.97782,-0.140184
1.93483,4.95303,0.168557
2.87819,5.02685,-0.189584
3.93374,5.05134,-0.11211
4.95365,4.8911,-0.15244
5.96324,4.99199,-0.169317
6.93591,5.10241,-0.162896
7.94574,5.07257,0.0144444
8.99171,5.06059,0.0112766
10.0465,5.15255,-0.240416
10.9499,5.09329,0.214988
11.9385,5.01451,0.135255
13.0021,4.91226,0.117167
13.9972,5.03863,-0.094409
14.9783,5.04741,0.0117038
15.9608,5.09931,-0.00932951
16.9167,5.03454,-0.280236
17.9366,5.05292,-0.00499283
18.9349,4.98459,0.00739158
0.0143162,5.96213,0.151198
1.05791,5.95727,0.20777
1.97967,5.89259,-0.178109
2.97651,6.0845,-0.289764
3.99555,6.0459,-0.459874
4.96669,5.8736,-0.176684
5.98734,6.01875,0.00254219
6.96649,6.0964,-0.271758
7.8883,6.04915,0.172741
8.86727,6.0572,0.325959
9.86775,6.07544,0.105335
10.9056,6.06512,0.0373333
11.8796,6.01163,0.302188
12.8972,5.92287,0.115348
13.8581,6.04311,0.172863
14.9348,6.03972,0.144789
15.9167,6.12705,-0.0211341
16.9151,6.09009,-0.114615
17.9486,6.04439,-0.158309
18.9896,6.00925,-0.184072
-0.0174749,6.96619,0.164177
0.980114,6.95876,0.0123478
1.98933,6.88312,0.162267
2.92244,7.12611,-0.13545
3.94219,7.02879,-0.303967
4.90363,6.97302,-0.135563
5.88481,7.09422,-0.209778
6.86412,7.06297,-0.101431
7.88191,7.02107,-0.0939726
8.81809,7.06489,0.215397
9.84372,7.04341,0.30163
10.8318,7.00191,0.333345
11.8409,6.95251,-0.0375805
12.9107,6.94193,0.0219275
13.9608,7.07584,-0.00567339
14.9913,7.05531,0.0704337
16.0524,7.10981,0.248167
17.0558,7.07575,0.00206915
18.0574,6.93555,0.3142
19.0101,6.97927,-0.0248299
0.00579546,7.98266,0.228355
1.04609,7.94335,0.0975768
2.0437,7.88448,0.154271
2.97057,8.15616,-0.171111
4.01189,8.077,-0.226069
5.02609,7.98647,-0.115915
5.99809,8.0884,0.0978515
6.91751,8.05658,-0.344969
7.95271,8.05628,-0.247908
8.91761,8.0995,0.0855007
9.96739,8.06565,0.0979186
10.9688,7.99503,0.126478
11.9617,7.98791,-0.053209
13.0082,7.92727,-0.0660512
14.0186,8.01938,-0.319575
15.0167,8.05218,-0.0428297
16.021,8.02775,-0.160994
16.9823,8.04634,0.00661641
17.9744,7.9248,0.157198
18.9909,7.96472,0.251561
0.0325968,8.96682,-0.0531846
1.03484,9.01686,0.230381
2.01404,8.91224,0.0836421
3.05961,9.13909,0.0915006
4.04732,9.08232,-0.0518448
5.03287,8.99762,-0.0316507
6.0195,9.11099,-0.18479
7.06408,9.05725,-0.195227
7.97545,8.96015,0.207199
8.99395,9.08605,0.272915
9.98076,9.07593,0.0183416
10.9976,9.01312,0.286648
12.0032,8.98751,0.254219
13.0007,8.94031,0.028666
14.0497,9.00041,0.116163
15.0737,9.04743,0.235108
15.9817,9.07237,-0.119398
16.9669,9.06594,0.0160863
18.0044,8.9768,0.13665
19.0005,8.96592,-0.000604266
-0.0222053,10.0009,0.00960723
0.952599,10.0604,0.21952
1.93511,9.94161,0.0520646
2.93633,10.1044,-0.0446944
3.92983,10.0898,-0.16942
4.97362,10.0096,-0.117469
5.94035,10.0783,0.186691
6.93919,9.90395,0.304053
7.90655,9.97372,0.124021
8.93849,10.0653,0.0309458
9.96193,10.1073,0.0729728
10.9336,9.97443,-0.0731651
11.9402,9.98118,-0.0640522
12.9635,9.96018,-0.0482467
14.0058,10.0216,0.0298227
15.0015,10.0415,0.116553
15.9699,10.0636,0.161626
16.977,10.0091,0.43744
17.98,9.96941,0.277755
18.9729,10.0261,0.010773
0.0468764,10.995,0.0318247
1.04739,11.0265,-0.0630146
2.02614,10.9646,0.213749
3.02279,11.1114,0.263161
4.00235,11.1132,0.0729057
5.01994,11.021,0.00666219
6.02752,11.082,-0.0438795
6.92328,10.9775,0.373608
7.97046,11.0067,0.325858
8.93631,11.0528,0.0985046
9.9332,11.1417,0.193851
10.9245,10.9856,0.0322581
11.9105,11.0342,0.197574
12.9041,10.9398,0.0329478
13.9015,11.053,-0.00683615
14.8853,10.9527,-0.284829
15.9199,11.0146,-0.0982574
16.9081,10.9533,0.135691
17.9563,10.9355,0.0421949
18.9617,11.0692,0.0402264
0.000579852,11.9914,0.0780725
0.986578,12.002,0.0968902
1.9554,11.9468,-0.0310587
2.96365,12.1125,0.153075
3.98557,12.1175,0.0582507
4.98456,12.0117,-0.053856
5.99984,12.0668,-0.00149846
6.97519,11.9901,0.311197
8.05361,12.0355,0.370138
9.03258,11.9816,0.484188
10.016,12.1233,0.357299
11.028,11.975,0.376543
12.0466,12.012,0.234541
13.023,11.961,0.1219
14.0535,12.0321,0.322477
15.0304,11.9694,0.0636769
16.0265,12.0142,-0.0478744
16.942,11.9523,0.351866
17.9225,11.9275,0.117533
18.9252,12.1043,-0.0165868
-0.00791955,12.993,-0.197562
1.03064,12.9715,0.0200842
2.11616,12.9687,0.0143132
3.08582,13.0541,-0.338572
4.05635,13.1154,-0.123624
5.05536,12.9685,0.120399
6.05606,13.0227,0.290106
7.07172,12.9917,0.358577
8.09743,13.0444,0.340236
9.10025,12.9701,0.370348
10.0347,13.1017,0.0360759
10.9858,12.9657,0.250716
12.0226,12.9822,0.124952
13.0215,12.9514,-0.0717704
14.0405,12.9989,0.00557573
15.0389,12.9937,0.0933073
16.0075,12.9629,0.286377
17.0144,12.9534,0.167302
18.0106,12.9933,0.240019
19.0285,13.0885,0.136326
0.00936308,14.0065,-0.0163091
1.05842,13.9981,0.101865
2.11127,14.0051,0.190518
3.08563,14.027,-0.101639
4.08932,14.105,0.0779717
5.15036,13.9919,0.163115
6.13608,14.0009,0.037373
7.17639,13.903,-0.148824
8.19615,13.986,-0.0930387
9.21121,13.8907,-0.0576373
10.0303,14.0082,0.489419
11.0414,13.9903,0.244328
12.0761,13.9792,-0.0891842
13.0867,13.956,-0.106665
14.1024,14.0183,-0.00267647
15.1431,14.0497,0.0548021
16.1634,13.9667,0.146144
17.205,13.9305,-0.0425733
18.0819,13.9892,0.472298
19.0625,14.0885,0.217701
0.0144932,15.022,0.020603
1.02228,14.9589,-0.104657
2.09099,14.9619,-0.139482
3.11186,15.0568,0.0756951
4.15125,15.1297,-0.0712882
5.10927,14.8936,-0.266655
6.10352,14.8536,-0.460234
7.08296,14.9396,-0.183084
8.07491,15.035,-0.0745048
9.03848,14.8784,0.0897
10.0442,15,0.244829
11.0334,15.0067,0.0769127
12.0437,14.924,0.285174
13.079,14.9335,0.19682
14.1048,15.066,0.0182531
15.0974,15.047,0.207312
16.0582,14.9892,0.214286
17.0312,14.9459,0.10434
18.0073,15.0381,0.423029
19.0105,15.0874,0.315183
0.00185247,16.0442,0.0963683
0.990072,15.9686,0.0719779
2.04221,15.9762,-0.0196295
3.02085,16.0204,-0.146199
4.03349,16.0168,-0.450218
5.02117,15.9128,-0.343382
6.01847,15.8537,-0.26527
7.01732,15.9235,-0.0352794
7.96453,16.0215,0.275732
8.98623,15.9265,0.0428205
10.0243,15.9821,-0.0474227
10.9697,15.9721,0.265163
11.9581,15.9696,0.184393
12.9517,15.9293,0.124058
13.9366,16.0588,0.0715415
14.9,16.0238,0.365621
15.9367,15.9857,0.248582
16.9297,15.995,0.0706442
18.0072,16.0044,0.0919218
19.0016,15.9794,-0.097824
0.0908353,17.0497,0.00917386
1.1454,16.9949,-0.0252266
2.1647,16.9972,0.145784
3.1484,16.9755,0.144108
4.08871,17.06,-0.310593
5.06112,16.9421,-0.238368
6.0997,16.9308,-0.240129
7.09637,16.98,-0.0594348
8.02341,17.0317,0.243956
9.01944,16.9657,0.195709
10.0411,16.9689,0.0633045
11.0235,17.0027,0.159227
12.042,16.9867,0.229228
13.0369,16.9563,0.208951
14.0374,17.0514,0.369878
14.9665,16.9446,-0.0557421
16.0237,16.9751,-0.0917966
17.0032,16.9809,0.152776
17.995,16.994,-0.109888
19.0356,17.0261,-0.15482
0.0257881,18.0476,-0.0721763
1.03389,17.9761,0.0904538
2.01688,17.9632,-0.162212
3.01756,18.0104,-0.206604
3.95671,17.9663,0.11915
4.96159,17.933,-0.277923
6.02172,17.9867,-0.184262
7.02901,17.9873,-0.0605884
8.01516,18.0256,0.00885037
9.04838,17.955,-0.0717856
10.0541,18.0155,0.14749
11.0646,18.0249,0.0759362
12.0958,17.9852,0.235124
13.0695,18.0221,0.0943968
14.0316,18.0669,0.333851
14.9956,17.969,0.0218146
16.0101,17.9862,0.166176
17.0161,18.0161,-0.00937529
18.0175,18.0065,-0.114154
19.0277,18.0109,-0.287027
-0.0144322,19.0618,-0.251018
0.972414,18.9734,-0.0488083
1.97495,18.9606,-0.0377606
3.00256,19.0051,0.170891
4.00242,19.01,0.261705
4.97897,18.9941,-0.0854091
6.01747,18.9862,-0.0529283
7.01873,18.976,-0.193359
8.00063,19.0143,0.118781
9.00837,19.0012,0.0322703
9.98792,19.009,-0.0284524
11.0319,19.0317,-0.197287
12.0242,18.9711,0.0313761
13.0138,19.0156,0.148839
14.0212,18.9717,-0.101633
14.9939,19.028,0.109742
15.9885,18.9918,0.101456
16.9759,19.0138,0.191879
17.9842,19.0116,-0.230369
18.9865,19.0235,-0.145705
