19.2967,13.0975,-4.75442
-3.77514,19.2839,12.3193
-9.20576,12.4215,-12.0878
10.6964,-25.4936,13.7151
-1.42056,8.80053,-17.5019
-4.17595,-26.035,-14.5759
23.3233,-15.4136,4.88103
2.16086,-5.14303,5.88828
-4.95439,12.4718,5.24134
9.62226,17.2295,3.54141
8.93703,11.5725,-2.32226
0.432148,11.6314,2.97342
-1.54778,2.57615,-2.85865
4.6484,-10.9185,3.27521
1.64039,-3.04586,-7.83074
2.38829,-13.9353,-7.40428
11.5121,-8.96236,0.462471
8.35538,1.77452,3.1755
9.89968,13.999,3.43501
24.117,21.9831,1.83301
5.09675,7.91817,-7.66656
1.99352,7.11878,-3.22819
2.01367,1.2537,-2.35946
3.34151,-4.59055,-0.259719
2.73565,-3.26785,-3.64587
3.91543,-6.25522,-2.81273
6.73425,-1.1152,1.51607
5.63564,6.99683,4.41266
5.43284,15.2142,6.62449
9.13509,22.337,7.58775
3.05628,4.83462,-14.7263
2.16551,4.83453,-9.56303
2.12147,2.18259,-6.12706
2.61755,-0.581875,-3.08918
2.55913,0.111194,-1.897
3.41798,0.0198706,0.358394
3.51588,4.91756,3.62916
1.6505,11.2785,6.67054
-1.19534,17.9924,9.88526
-5.19187,24.4961,13.9374
1.60461,2.15948,-22.6956
1.68393,3.1221,-15.4253
1.6206,2.947,-9.72773
1.77155,2.85971,-4.75828
2.204,3.66201,-0.905094
2.58179,4.99693,2.4234
1.33258,9.47169,5.38842
-1.35632,14.9579,8.4171
-7.40983,20.2271,12.2648
-19.3392,28.2771,20.8896
0.713965,-0.125855,-32.4867
-0.713974,2.49046,-15.426
-0.0864315,3.77081,-7.47313
0.69935,5.35369,-2.26772
1.93633,6.7301,1.23876
3.46077,7.99264,3.42986
4.37358,10.4244,4.84453
4.58576,13.1607,5.67786
3.62794,12.9931,3.88727
8.43084,3.5811,-3.71106
-10.2667,20.484,3.54114
-2.61215,5.01173,0.864415
0.306226,4.4487,-0.187088
0.274722,7.55678,2.60425
2.14561,9.42533,4.59514
4.89261,10.1857,5.06386
7.7432,10.9876,4.6389
10.6776,11.873,3.08605
15.394,11.8832,-1.1252
25.5495,12.7514,-9.00597
1.75128,-24.5803,26.547
3.18248,-7.64729,12.0342
1.47855,3.70844,6.55124
-0.32349,10.3104,7.43898
2.1575,12.5223,7.91898
6.06392,12.212,7.20366
10.4656,11.3915,5.95618
15.325,10.1892,4.43857
21.5175,7.91015,3.75396
29.966,3.15679,6.73576
-9.69789,8.43599,-2.83719
13.4319,1.25827,2.65734
0.429533,14.4888,2.11915
-2.49296,16.9041,10.6713
0.784637,15.9385,11.1669
4.76728,14.6005,9.70896
9.15466,13.4225,8.18197
13.711,12.2844,6.68988
18.4811,11.5634,5.46926
21.9516,13.9981,4.66766
15.4057,0.755675,0.683358
40.666,-6.81722,4.25818
-11.0933,29.891,-1.7968
-6.17596,22.1389,19.2008
-1.69497,19.012,14.8452
2.77225,16.7834,12.1221
7.1711,15.2718,10.0837
11.5235,13.9884,8.35219
15.5355,13.209,6.89832
18.8514,13.6964,6.06012
