17.6463,-3.56338,-7.31615
-0.597821,-12.0177,4.25648
-6.0662,-0.812839,-7.87045
15.2464,-6.31292,7.05308
5.6133,-8.49987,-16.8492
-4.3618,-11.2205,-6.9552
15.0047,-6.32644,10.4689
18.1627,7.87419,6.51335
1.41216,9.8625,8.06135
-2.06743,6.81964,5.24613
10.5223,-3.84925,-4.3376
4.26211,-6.48756,-0.756798
1.44577,-3.19394,-3.98111
8.46167,-5.28158,-0.23694
5.65592,-6.45567,-7.60485
2.6812,-6.4629,-2.03764
8.32839,-2.90336,4.6336
9.32812,4.71274,5.90117
1.37325,5.84988,5.36484
-5.4543,3.64314,2.38202
9.15618,1.16582,-5.62871
6.35568,-1.32129,-3.44878
4.32164,-0.855153,-3.28561
6.21228,-2.06717,-1.50006
4.61454,-2.9575,-3.01903
3.47487,-1.53669,0.87206
4.46111,1.63951,4.83445
3.30163,6.37815,7.17805
-1.435,9.32917,8.63253
-6.36072,10.5915,8.96935
9.51921,6.43278,-8.12751
7.51977,3.67559,-5.61525
5.79672,2.52027,-3.58973
5.38158,1.37577,-1.27044
3.73442,0.731797,0.176586
2.60104,2.54241,3.31314
1.74359,5.66888,6.56651
-0.458684,9.61059,9.44835
-4.27451,13.468,12.2864
-8.65248,17.3377,15.4237
10.4702,12.0098,-11.3328
8.40546,8.27535,-7.31952
6.52701,5.99725,-3.80757
4.9972,4.64308,-0.49613
3.19781,4.26699,2.31566
1.72327,5.99069,5.37605
0.0646413,9.05632,8.51103
-2.04223,13.1174,11.8308
-5.26753,17.672,15.8036
-12.2766,24.8171,21.8971
12.1917,18.0645,-15.937
7.48259,11.8619,-6.79147
5.61417,7.78906,-1.50168
3.79981,6.59888,1.92651
2.34582,6.78064,4.57573
1.83982,8.32253,6.53066
1.61205,10.2825,8.16716
1.29444,12.3544,9.71486
2.16676,12.4282,10.8908
8.79302,6.83626,6.58652
-4.05737,22.7161,-4.18582
2.75216,6.61394,1.9221
3.97524,4.08684,3.50171
2.026,6.45239,5.65302
0.997098,8.71937,7.40564
1.68329,10.4028,7.92387
3.16125,11.5606,8.06225
4.83181,12.5663,8.29554
7.65562,11.6974,8.42299
9.53329,6.76681,10.8882
13.8733,-26.8451,20.7515
7.67962,-9.88632,10.5854
3.35852,-0.424781,7.76255
-0.085931,6.97601,9.44979
-0.670644,11.2368,10.2984
1.58473,12.6245,9.4409
4.44614,13.113,8.01265
7.71657,13.5815,6.48086
11.6201,14.5967,4.38119
16.4267,17.7485,0.0347148
-6.01806,-4.33809,-9.83887
3.8067,-6.15796,2.34358
-0.856829,5.50808,3.8261
-4.05994,13.7579,12.1725
-2.63506,15.2276,12.9855
0.179348,14.7225,11.2765
3.30294,14.0484,9.55645
6.66184,13.3165,7.8447
10.2665,12.4409,6.30162
13.6535,10.825,5.41195
4.54832,-9.27349,0.20716
15.2555,-13.8744,10.3323
-4.71688,12.5882,-4.94063
-8.31745,23.46,20.2865
-5.07811,19.2885,16.2038
-1.70252,16.9121,13.3169
1.57572,15.2464,11.0516
4.81758,13.8872,9.17262
7.97668,12.7064,7.63476
10.7974,11.5678,6.59301
