2.04705,2.64998,-0.128031
1.3257,3.31688,0.155464
1.67134,4.03267,-0.461138
1.90941,4.96336,-0.783303
2.37155,5.46323,-0.0567583
1.61687,6.21061,0.17018
2.59846,5.97084,0.244899
1.70087,6.08672,0.645747
2.1777,6.77466,1.22748
2.70461,6.98879,0.412183
2.90729,2.55792,-0.682
1.94031,2.77199,-0.40065
2.51733,3.53985,-0.151665
2.01317,3.89838,-0.909943
1.80555,4.86521,-0.687313
1.19416,5.69439,-0.576843
1.84221,6.37533,-0.345
1.97864,7.1049,0.332267
2.72392,6.45794,0.404691
1.75236,6.72854,0.231904
3.69958,2.22722,-0.150679
2.71684,2.1771,-0.369622
3.18855,3.03924,-0.689755
2.94931,3.99168,-0.525602
2.32476,4.43268,0.0824549
1.78273,4.88174,-0.605954
2.12658,5.50783,0.0664815
2.70764,6.34749,0.278054
3.10792,7.04044,-0.327717
2.72669,6.76502,0.55378
4.15481,1.31404,-0.0177709
3.6575,2.207,-0.0593799
3.73334,3.21002,0.110981
2.88708,3.03091,-0.38019
3.05695,4.00853,-0.522324
2.80571,4.96855,-0.620283
3.08483,5.82036,-0.166292
3.6638,6.18708,0.588183
2.93956,6.88868,0.630845
3.52329,6.14075,0.704935
3.89226,1.14706,0.9296
4.16503,1.28503,-0.0218635
4.05132,2.23872,0.282452
3.88059,3.12434,-0.163042
4.00702,3.90265,-0.783728
3.67749,4.67935,-0.175005
3.89214,5.52024,-0.670534
4.42798,5.60675,0.211527
3.64968,6.26447,0.313736
4.28979,6.78658,0.900687
4.81537,1.19442,0.466259
5.03453,1.64836,-0.399619
4.71392,2.60551,-0.386505
4.79953,3.47111,0.13882
4.89778,4.33751,-0.443947
4.57198,5.04935,0.170333
4.87459,5.30959,-0.770751
5.09375,6.17226,-0.300519
4.21842,6.66798,-0.392749
4.98901,7.01741,0.189843
4.85944,1.87952,-0.258696
5.67168,2.03793,0.318564
5.75302,2.71941,-0.460411
5.53669,3.67237,-0.457006
5.69103,4.45007,0.179675
5.50053,5.32149,-0.282073
5.73528,5.73735,-1.15023
5.9919,6.52869,-0.636976
5.14398,6.79212,-0.0811151
4.91635,6.15805,0.704016
5.52924,1.24639,0.104059
5.90477,1.88669,-0.660631
6.56893,2.30863,-0.0450453
6.37829,3.15349,-0.612424
6.50554,3.88585,0.0441664
6.3818,4.80883,-0.31453
6.69798,5.64348,-0.870171
6.25808,6.21959,-1.58412
5.85369,6.68579,-0.752528
5.134,6.20978,-0.248552
6.42903,1.56847,0.584182
6.44024,2.39565,-0.0156163
7.30689,3.01983,-0.00487991
6.87365,3.9157,-0.105405
6.6754,4.76702,0.465871
7.35694,5.12454,-0.195938
6.87559,5.95073,0.0798883
6.40422,6.479,-0.626191
6.45114,6.82549,-1.57631
5.99163,6.52241,-0.664943
6.86879,2.41668,0.849474
7.2777,2.93228,0.0818598
7.61539,3.27133,0.962658
7.66501,4.15872,0.45681
7.56723,5.10725,0.174294
7.96486,5.88747,-0.287976
7.4668,6.73525,-0.155824
7.35059,6.28706,-1.0327
6.37819,6.06079,-0.928114
6.12857,6.74022,-1.61752
