0,0,0
0.00183416,1.02575,0.0530931
0.0014008,2.0057,0.0684744
0.00571306,3.00092,-0.0206549
0,4,0
-0.0101352,4.99801,-0.0498154
-0.0122929,6.02082,-0.0733421
-0.0071749,7.05257,-0.203049
0.0141301,8.0664,-0.068923
-0.0037141,9.12741,0.069805
0.0367931,10.2319,0.156645
0.00754112,11.2924,-0.0840205
-0.0386151,12.3392,-0.549983
0.00997955,13.3095,-0.257912
0.0101352,14.224,-0.0472945
0.0187658,15.2195,-0.451799
-0.00589618,16.0225,0.0945891
9.76592e-05,17.0079,-0.012476
-0.00188299,18.0122,0.0382672
0,19,0
1.01713,-0.00581378,0.14753
1.00719,1.09807,0.176846
1.01466,2.22401,-0.0312235
0.971889,3.314,-0.0492172
0.928694,4.3917,-0.00468459
0.906174,5.45053,-0.138548
0.905551,6.58143,-0.18164
0.829679,7.68687,-0.137446
0.812775,8.81223,0.0208258
0.802747,9.94899,0.128062
0.83972,11.1225,0.324744
0.823908,12.1599,-0.199384
0.877892,12.9806,-0.945576
0.922153,14.0617,-0.763012
0.842711,14.931,-0.192795
0.918967,15.8222,-0.654567
0.996423,16.4487,0.131474
0.935185,17.2332,-0.48981
1.01992,18.0677,0.105228
1.0002,19.0074,-0.290912
2.01699,-0.000277718,0.07022
1.97712,1.11648,-0.0323252
2.06878,2.25487,-0.111948
1.9971,3.43075,-0.028193
1.9458,4.54257,-0.043675
1.89807,5.74767,-0.0390271
1.88681,6.90488,-0.0367382
1.79684,8.16359,-0.0228919
1.73672,9.43279,0.158657
1.60454,10.6988,0.377001
1.55781,12.0995,0.692187
1.4405,13.2221,-0.20419
1.54371,13.7028,-1.6407
1.61348,14.9634,-1.30406
1.6715,15.6696,-0.160503
1.84438,16.4622,-0.844435
1.81144,17.2786,0.0159551
1.88444,17.3391,-0.97687
2.02896,17.9498,-0.143858
2.00262,19.0086,-0.216749
2.99444,-0.00613727,-0.0461715
3.00992,1.08832,0.0524339
3.07505,2.116,-0.134031
3.04688,3.29863,-0.0787317
2.95105,4.38721,-0.0228187
2.90782,5.47381,-0.17625
2.9122,6.67057,-0.147237
2.81977,7.78417,-0.0189581
2.6456,8.94564,-0.0035432
2.54848,10.1386,0.117704
2.35392,11.2592,0.23914
2.31171,12.3283,-0.235978
2.34992,13.1046,-1.0237
2.41484,14.1971,-0.930561
2.5125,14.979,-0.250221
2.66103,15.9866,-0.44001
2.67755,16.7013,0.269079
2.87124,17.1852,-0.561843
3.03786,18.0002,0.014359
2.97486,18.9956,-0.0272866
4.04571,0.00259102,0.139827
4.06796,1.05254,0.0925077
4.06657,2.16258,0.0918119
4.01042,3.22436,0.278396
3.97835,4.26439,-0.0365429
3.9438,5.29128,-0.280804
3.90678,6.40577,-0.229704
3.8721,7.44952,-0.166198
3.63567,8.49919,-0.180688
3.51324,9.59124,-0.0162755
3.29905,10.6661,0.0152806
3.27194,11.7497,-0.143516
3.35146,12.6412,-0.652174
3.40549,13.7122,-0.631706
3.47977,14.5655,-0.0682302
3.66748,15.5431,-0.237559
3.64184,16.3049,0.440788
3.85839,17.0154,-0.256081
4.04911,17.9564,0.099762
3.96493,18.9927,0.0417158
5.04805,-0.00957366,0.157839
5.09816,1.00498,0.0984375
5.0354,2.02897,0.057329
4.99821,3.05324,0.136552
4.98058,4.04643,-0.0515152
4.879,5.0343,-0.334504
4.91361,6.10066,-0.344633
4.85821,7.13723,-0.220078
4.67314,8.1629,-0.209818
4.49982,9.18465,-0.0541063
4.33949,10.2621,-0.0973754
4.33265,11.2906,-0.232057
4.37299,12.2756,-0.360045
4.44484,13.2889,-0.362038
4.51064,14.3516,-0.179867
4.72225,15.3258,0.0261513
4.66304,16.2365,0.446068
4.93777,16.9356,-0.239137
5.08879,17.935,-0.0715323
4.96906,19.0062,0.00212714
6.02836,-0.00625324,-0.0195593
6.05607,0.996738,-0.237327
6.01367,1.93897,0.107721
5.96885,2.91875,-0.0976043
5.99326,3.99209,0.031077
5.86256,4.97002,-0.0470321
5.88947,5.9727,0.0140263
5.92566,6.99144,-0.220454
5.72637,8.00825,-0.137495
5.52746,9.00814,-0.0637104
5.42175,10.0434,-0.169018
5.46484,11.0951,-0.137623
5.44757,12.07,-0.165957
5.54021,13.1115,-0.0638173
5.6225,14.148,-0.0714988
5.73318,15.0712,0.250166
5.6176,16.0614,0.492706
5.92785,16.9899,0.113932
6.12176,17.9808,0.0155156
5.94667,19.008,-0.0201239
6.99464,0.00350047,-0.219114
7.00746,0.92436,0.147755
7.02351,1.94074,0.214212
6.99897,2.92867,-0.100168
6.96241,3.9573,-0.11619
6.91791,4.97446,0.0637226
6.92556,5.98607,-0.0634388
6.91588,7.00931,-0.160454
6.77808,8.01552,-0.111933
6.57508,9.00782,0.0317789
6.48419,10.0044,-0.00165105
6.53649,10.993,-0.0411908
6.49365,11.9968,-0.187582
6.62973,13.0481,-0.025309
6.68101,14.0927,0.109711
6.73613,15.1236,0.262694
6.68237,16.1027,0.238292
6.93983,17.0713,-0.0561388
7.07141,18.0067,-0.355843
6.96707,18.9986,-0.0296182
7.98498,0.00641499,0.0309519
7.98251,0.967699,0.324052
7.98103,1.89215,-0.0469955
7.99879,2.92058,-0.134309
8.0102,3.93867,-0.0726676
7.93339,4.98308,0.0342936
7.95933,6.04553,-0.153972
7.91823,7.06222,-0.0747734
7.86883,8.06561,0.088934
7.63634,9.02412,-0.095056
7.54299,10.0444,-0.007004
7.5765,11.0146,0.180789
7.56984,12.0292,-0.104129
7.69282,13.0194,-0.0423017
7.77007,14.0255,0.0264412
7.75315,15.0035,0.358138
7.74374,16.0478,0.271157
7.97108,17.0041,-0.140223
8.05503,17.9936,-0.098059
7.96297,19.0031,0.105115
8.97691,0.0116428,-0.0892697
8.95365,1.03821,-0.040727
9.03445,2.07938,-0.0702872
9.01279,3.09135,0.119572
8.99737,4.05185,-0.161769
8.9241,5.03766,0.144972
8.91487,6.00119,-0.037318
8.89105,6.99007,0.0582446
8.92892,7.9809,0.118345
8.72394,9.02043,-0.034724
8.55996,10.021,0.203232
8.59909,10.9798,0.175613
8.69034,11.9291,-0.131129
8.7899,12.9401,0.0134373
8.76101,13.9961,0.302634
8.7897,14.9737,0.256752
8.81584,15.991,0.223267
8.95337,17.0274,0.057271
9.01666,17.9614,-0.446236
9.03059,18.959,-0.031843
9.98727,0.00337535,-4.88296e-05
9.95963,1.06615,-0.108741
10.0592,2.04241,0.0588794
10.0257,3.05296,0.0457991
10.0215,4.01039,-0.184713
9.95421,5.00072,0.204727
9.95217,6.05346,0.155388
9.90253,7.06109,0.216868
9.95971,8.04963,0.217371
9.78668,9.01905,-0.0407483
9.62357,10.0133,0.0675863
9.70246,11.0417,0.137962
9.7609,12.0109,-0.092938
9.82576,13.0269,-0.0730613
9.84438,13.9903,0.108887
9.86998,15.0111,0.223667
9.85874,16.0118,0.146135
9.95829,17.0253,0.0948515
9.91861,18.021,-0.05927
10.0273,19.0045,0.129966
11.0007,0.00610981,-0.0263375
10.9705,0.996796,-0.0338878
11.0094,1.92673,0.38092
11.0156,2.92177,0.275359
11.0165,3.89685,0.0522477
10.9763,4.89586,0.0522721
10.998,5.96907,0.21872
10.8996,7.02496,0.206793
10.9772,8.06841,0.240684
10.8385,9.08406,0.125153
10.7212,10.0903,0.134028
10.7338,11.061,0.0908231
10.8553,12.0574,-0.0133976
10.8774,13.027,-0.148073
10.8659,14.0179,0.00102542
10.9178,15.0341,-0.00482498
10.8471,16.04,0.0329081
10.9611,17.0341,0.184567
10.9417,18.0194,-0.115363
11.022,19.0003,0.0548357
12.0019,-0.00330515,0.107221
12.0129,1.01806,-0.00672933
12.0607,1.94023,0.21138
11.9884,2.91747,0.0603992
12.0412,3.96702,0.0196448
11.9834,4.98437,0.162169
12.0374,5.96549,0.256902
11.9331,6.97988,0.214438
11.965,8.01389,0.0527177
11.8822,9.04432,0.115317
11.7375,9.99566,-0.175915
11.7735,10.9031,0.228739
11.8778,11.935,0.175817
11.9126,12.9308,0.0341441
11.9434,13.9485,0.0386639
11.9415,14.9922,0.12635
11.84,15.963,-0.0542985
11.9604,16.9417,0.0509659
11.8829,17.9921,0.144679
12.0141,18.9959,0.0226966
12.9917,0.0053621,-0.103235
13.007,1.00924,0.0445265
13.061,1.99903,0.185202
12.9695,3.01207,-0.0169073
13.0406,4.04392,-0.0237159
12.9923,5.03901,0.0450941
13.0458,6.0034,0.29845
12.998,6.93338,-0.0731681
13.0598,7.95813,0.00679037
12.8838,8.96842,0.016776
12.768,9.95861,-0.0740532
12.7904,10.9087,0.250346
12.9246,11.931,0.228114
12.9924,12.9334,0.0930387
12.9643,13.9513,0.122959
12.9168,14.952,0.0120609
12.8223,15.9678,0.160134
13.0291,16.98,0.0286721
12.8851,17.9769,0.127021
13.0378,19.0029,0.0869594
14.0028,0.00511795,-0.0135655
14.0162,1.01679,0.119077
14.088,2.06267,0.244704
13.9638,3.0116,-0.136857
14.0452,4.00147,-0.121458
13.9869,5.01578,-0.186981
13.9281,6.01084,-0.237886
13.9936,7.09687,-0.146434
14.0715,8.06852,-0.0719535
13.8503,9.08422,-0.130329
13.7989,10.098,-0.148125
13.7779,11.0905,0.109305
13.9262,12.0631,0.231187
14.0712,13.0543,0.0458632
13.9692,14.0554,-0.0408368
13.9144,15.0169,0.182452
13.8004,15.9491,-0.0858943
14.0194,16.9586,-0.012656
13.8761,18.0125,-0.0375622
14.01,19.006,-0.0766076
15.0197,-0.00326853,0.144826
15.0263,1.01557,0.018131
15.0671,2.03279,-0.128697
14.9786,3.07248,-0.089874
14.9856,4.03694,-0.319672
14.9857,5.06658,-0.132246
14.9396,6.06754,-0.322806
15.001,7.04684,-0.106394
15.0533,8.11444,0.0761895
14.8821,9.06424,-0.28666
14.8776,10.0705,-0.128529
14.8356,11.0314,0.0947325
14.9034,12.0529,-0.0587359
15.0731,12.9677,0.290942
14.9861,14.0119,0.123716
14.946,15.0777,0.0901303
14.8045,16.0717,0.0582171
14.9952,17.025,0.258608
14.9242,18.0044,-0.0151097
14.9812,19,-0.057326
15.9851,-0.00209967,0.0773644
16.0944,0.997635,-0.0174352
16.0105,1.93601,-0.441502
15.9526,2.87055,-0.0149602
15.9947,3.88891,-0.030726
15.9684,4.92672,-0.101599
15.9639,5.92911,-0.111719
16.0314,6.9364,-0.025425
16.0236,7.97863,-0.0504807
15.899,8.95932,-0.268197
15.9094,10.0158,-0.149181
15.8491,11.0552,-0.278591
15.9073,12.0957,-0.212296
15.9896,13.0995,-0.197589
15.9901,14.0199,0.276003
15.9842,15.03,0.0815149
15.8633,15.9959,0.032609
15.9417,17.0276,-0.0716605
15.9747,18.0473,0.0381573
15.9788,19.0118,0.0367016
17.0299,-0.00889309,-0.021424
17.0899,1.04331,-0.0311716
17.0442,1.99462,-0.354286
16.9902,2.88411,0.0363994
17.0239,3.88116,-0.0592486
16.977,4.87382,-0.127442
16.9915,5.93412,-0.20741
17.0469,6.96211,-0.267879
17.0462,7.97907,-0.116196
16.901,9.02526,-0.156832
16.951,10.012,0.0821436
16.9126,11.0352,-0.139943
16.9288,12.04,0.00194098
16.9914,13.0407,0.0142216
17.0303,14.0021,0.190469
16.9768,15.0425,0.0550035
16.912,16.0343,-0.0813746
16.9316,17.0221,-0.159984
16.9603,18.013,-0.130476
16.9822,19.0052,0.0868374
18.0127,-0.00589007,0.0106326
18.0183,1.00893,-0.321561
17.9445,1.91963,0.0874783
18.0074,2.92959,0.0198889
18.0195,3.97469,-0.157033
17.9786,4.96506,-0.318766
17.9324,5.88625,0.143876
17.9963,6.94399,0.0793664
18.0318,7.94249,0.0491134
17.9953,8.97409,-0.125178
17.9723,9.96005,0.0299936
17.9635,10.9966,0.0246773
17.9621,12.002,-0.0621632
17.9862,13.0346,-0.0749168
18.0869,13.9827,0.270168
17.97,15.0629,0.225703
17.9643,15.9899,-0.132179
17.9628,17.0492,0.0603931
17.9644,18.033,-0.191272
18.0077,19.0035,-0.0357555
19,0,0
19.0006,0.989785,-0.0789544
18.9957,1.97547,0.0989349
18.9948,2.99125,0.0379528
19.0031,4.00449,0.113083
18.9977,4.99933,0.0390027
18.9977,5.9896,0.0143162
19.0011,6.97942,-0.0105716
19.0028,7.97432,-0.0410993
19.003,8.96989,0.0207984
19.0046,9.98429,-0.12078
19.0048,10.9566,0.0880367
19.0084,12.0004,0.0578143
18.9908,12.9917,0.0440748
19.0067,14.0192,-0.113669
18.9994,15.0197,0.0568438
19.003,16.0287,0.11955
18.999,17.0169,-0.0322336
19.0022,18.0135,-0.0789453
19.0024,18.996,0.0591906
