-0.290805,1.45365,-0.81092
-0.0515824,1.76133,0.119901
-0.0607074,2.76543,0.209839
-0.0853969,3.72983,-0.0497024
-0.175124,4.72144,-0.0322306
-0.163778,5.7076,-0.286621
-0.184848,6.71833,-0.264605
-0.215952,7.66939,-0.68883
-0.143394,8.64055,-0.477309
-0.290472,9.4914,-0.986312
-0.126643,10.501,-0.846678
-0.183566,11.4508,-0.457671
-0.319117,12.3577,-0.832426
-0.257741,13.3675,-1.24055
-0.235606,14.3361,-1.34143
-0.194888,15.26,-1.02169
-0.345457,16.3142,-0.801477
-0.371862,17.3312,-0.67087
-0.187628,18.0748,-0.0653096
0.0748955,19.078,-0.0995117
0.0670461,20.1191,-0.293994
-0.245616,21.0599,-0.0232215
-0.134428,22.0617,-0.219941
-0.146965,22.8833,0.303842
-0.119416,23.88,0.0972839
-0.244517,24.7972,0.500604
-0.125361,25.6185,-0.0939817
-0.0240761,26.5749,-0.402573
-0.23274,27.507,-0.773284
-0.285009,28.5143,-0.483837
0.637501,1.90554,-0.8331
0.972314,1.90518,0.151732
0.983462,2.95949,-0.0020661
0.931373,3.95419,-0.0231849
0.795367,4.90695,-0.353813
0.828327,5.95878,-0.244789
0.885299,6.95232,-0.0356822
0.776449,7.82639,-0.509223
0.863857,8.80894,-0.755742
0.692019,9.75033,-1.0666
0.916663,10.7758,-1.02885
0.846168,11.6604,-0.595593
0.696615,12.5213,-1.10915
0.724387,13.5083,-1.20245
0.786093,14.4799,-1.4498
0.779241,15.3434,-0.984942
0.685076,16.3439,-0.772378
0.632987,17.3221,-0.586398
0.792462,18.1992,-0.0649434
1.0893,19.1531,-0.298032
1.13649,20.1588,-0.141038
0.756212,21.0508,-0.301859
0.896512,22.03,-0.126505
0.822526,22.8903,0.455492
0.902203,23.8681,0.248448
0.798727,24.8801,0.259917
0.828953,25.6651,-0.340132
1.0275,26.6313,-0.565453
0.766671,27.5859,-0.710932
0.763375,28.5864,-0.563198
1.63481,1.99631,-0.929255
1.93792,2.20168,0.109156
1.99764,3.21476,-0.100998
1.87584,4.17234,0.217133
1.89293,5.06217,-0.233576
1.89171,6.07266,-0.270058
1.86018,7.0826,-0.244682
1.8371,7.9867,-0.641453
1.85265,9.00288,-1.00466
1.74315,9.98966,-1.14054
1.88263,11.0039,-1.25524
1.86901,11.8623,-0.779907
1.71487,12.7639,-1.0988
1.67833,13.5753,-1.72082
1.81564,14.5773,-1.57458
1.78187,15.462,-1.1098
1.6853,16.3253,-0.520185
1.62993,17.331,-0.501395
1.85169,18.2052,-0.00858486
2.1378,19.1761,-0.14196
2.11492,20.2349,-0.313477
1.77049,21.2076,-0.419593
1.95444,22.0874,0.00331431
1.87584,22.7781,0.710886
1.93343,23.6705,0.255904
1.75718,24.6434,0.042671
1.86377,25.5809,-0.28052
2.04115,26.5494,-0.427241
1.77681,27.5788,-0.527665
1.80382,28.6025,-0.645054
2.69592,2.20935,-1.08733
2.9813,2.42018,-0.105509
3.01069,3.46837,0.00850856
2.8922,4.46099,0.113282
2.89836,5.34839,-0.425666
2.84392,6.37129,-0.221628
2.84861,7.39434,-0.307221
2.83996,8.21147,-0.85887
2.8389,9.20123,-0.807541
2.78629,10.1745,-1.19985
2.8764,11.1566,-1.16733
2.85476,12.1291,-0.713218
2.6994,12.7809,-1.46713
2.73372,13.7518,-1.70622
2.78895,14.7719,-1.83338
2.79756,15.45,-1.05805
2.67372,16.4212,-0.760927
2.63678,17.4413,-0.637767
2.92188,18.3052,-0.201071
3.06106,19.2468,-0.481378
3.11686,20.1561,-0.116218
2.75333,21.0563,-0.500909
2.93977,21.9647,-0.115329
2.91756,22.6995,0.571718
3.00333,23.5641,0.0120518
2.77578,24.5848,-0.135994
2.89037,25.5944,-0.209922
3.07448,26.5913,-0.326728
2.83612,27.5781,-0.317145
2.86994,28.5816,-0.475188
3.72368,2.27891,-1.11555
4.00623,2.62128,-0.169372
4.03386,3.59954,0.0567156
3.85644,4.4954,-0.358126
3.92829,5.50358,-0.237681
3.8309,6.49692,-0.481616
3.91731,7.46811,-0.268542
3.89693,8.35182,-0.648848
3.8613,9.37424,-0.910395
3.83605,10.3727,-1.15747
3.90459,11.3831,-1.31656
3.92024,12.2186,-0.729777
3.754,12.9299,-1.42177
3.77727,13.9172,-1.72528
3.78109,14.9415,-1.75253
3.82709,15.4798,-0.888873
3.71562,16.449,-0.892221
3.68147,17.2969,-0.274071
3.96411,18.2411,-0.422495
4.0659,19.2292,-0.689673
4.14103,20.0825,-0.160668
3.7966,21.0095,-0.297577
3.95988,21.8546,0.183175
3.87446,22.8816,0.293142
4.01564,23.7711,-0.0882107
3.75221,24.7566,-0.20036
3.84119,25.7076,0.247298
4.14416,26.5092,-0.323374
3.8895,27.5237,-0.336064
3.86907,28.4539,-0.730369
4.78831,2.28863,-0.966842
5.01972,2.81097,-0.142152
5.09291,3.78243,-0.00774865
4.88986,4.72895,-0.252547
4.91294,5.70826,-0.183923
4.77676,6.74714,-0.283584
4.92274,7.72006,-0.476919
4.85958,8.7624,-0.440657
4.85885,9.69477,-0.848186
4.8686,10.6617,-0.943849
4.89469,11.7137,-1.16378
4.8924,12.6655,-0.895846
4.75104,13.0099,-1.80393
4.82587,13.9806,-1.58476
4.86287,14.9114,-1.9094
4.79904,15.4006,-1.06894
4.73938,16.3203,-0.598596
4.65957,17.2768,-0.260671
5.00016,18.2716,-0.415162
5.07752,19.2391,-0.667364
5.181,20.0815,-0.0968963
4.77859,20.8526,-0.552062
5.0331,21.7285,-0.0220374
4.89369,22.756,0.177847
5.04583,23.6769,-0.130619
4.80997,24.6748,0.0185492
4.82957,25.684,0.146022
5.2198,26.5128,-0.273644
4.909,27.472,-0.347594
4.87728,28.4872,-0.448686
5.71082,2.76842,-0.786496
5.94126,3.13505,0.118973
6.12621,4.07562,-0.0468337
5.85007,5.03968,0.0110965
5.96014,5.99828,-0.284881
5.75495,6.96835,-0.324244
5.95893,7.95151,-0.449651
5.80984,8.97527,-0.492584
5.86534,9.9519,-0.807611
5.89861,10.9523,-0.881323
5.95386,11.9318,-1.09369
5.87939,12.9336,-1.05111
5.75282,13.3622,-1.98209
5.81866,14.1862,-1.39883
5.92478,14.8654,-2.09106
5.82612,15.4918,-1.36105
5.74942,16.2237,-0.720951
5.61725,17.1818,-0.464476
5.96145,18.0435,-0.154707
6.02358,19.0143,-0.468578
6.23755,19.9484,-0.124018
5.78787,20.7976,-0.390893
6.05593,21.7004,0.00619831
5.94854,22.6874,0.135969
6.09953,23.6948,-0.0116916
5.76316,24.5928,0.345851
5.84765,25.526,-0.0110721
6.2079,26.403,-0.239186
5.86234,27.386,-0.0672872
5.86742,28.3425,-0.358284
6.72423,2.96069,-0.816462
6.95331,3.33833,0.0427839
7.13306,4.29202,-0.0377789
6.8563,5.24976,-0.226695
6.95077,6.19083,-0.493991
6.8253,7.17981,-0.282064
6.9676,8.13551,-0.529478
6.81407,9.1575,-0.57304
6.86818,10.1495,-0.801569
6.94552,11.1136,-0.96849
6.98364,12.1292,-1.09737
6.91839,13.1222,-1.29041
6.75187,13.6888,-2.0731
6.84562,14.4743,-1.47789
6.92961,14.8797,-2.34949
6.901,15.4255,-1.50818
6.73554,16.3281,-1.09788
6.66021,17.1506,-0.501712
7.04588,18.036,-0.133372
7.05091,19.0169,-0.459978
7.23612,20.0041,-0.516205
6.84444,20.912,-0.474215
7.06223,21.8051,-0.0308786
6.8863,22.782,-0.184445
7.14634,23.7872,-0.0641621
6.76965,24.5487,0.521946
6.81926,25.4312,0.0293771
7.19776,26.405,0.112699
6.87924,27.39,-0.0332133
6.92482,28.3553,-0.287963
7.68318,3.00146,-0.589074
7.893,3.57701,0.180438
8.11872,4.53262,0.0103641
7.85849,5.47528,-0.366002
7.96834,6.3989,-0.71507
7.82462,7.39919,-0.684265
7.99579,8.37796,-0.677825
7.89589,9.37807,-0.56874
7.8706,10.3999,-0.763717
7.96483,11.3983,-0.9356
8.03071,12.3876,-0.920609
7.95116,13.3603,-1.28128
7.7735,13.7846,-2.22105
7.87786,14.5262,-1.56368
7.97306,14.891,-2.47168
7.90493,15.4494,-1.65075
7.80619,16.3882,-1.31111
7.68144,17.0314,-0.509604
8.0897,17.964,-0.371053
8.06877,19.0037,-0.321662
8.25493,19.9675,-0.474233
7.92708,20.909,-0.476824
8.10085,21.678,0.218427
7.86645,22.6041,-0.127918
8.08552,23.504,0.156682
7.87546,24.5235,0.278249
7.88397,25.3552,-0.210651
8.19751,26.2862,0.00445265
7.81916,27.1888,0.275106
7.93735,28.1704,0.0413282
8.7354,3.15609,-0.666713
8.90811,3.68007,0.211646
9.14609,4.58925,-0.163485
8.89319,5.61199,-0.44499
8.99869,6.63441,-0.599011
8.80076,7.66633,-0.532286
8.94071,8.6159,-0.852586
8.86141,9.6099,-0.830766
8.89562,10.6174,-0.898358
8.98539,11.6898,-1.09518
8.94755,12.7246,-1.19933
8.93787,13.8211,-1.37645
8.87839,13.831,-2.39814
8.84267,14.734,-1.78597
9.00021,15.0385,-2.77177
8.89747,15.6299,-1.95942
8.86932,16.4831,-1.43609
8.6758,17.0332,-0.58309
9.13609,17.9087,-0.408951
9.08791,18.9438,-0.615555
9.12818,19.8347,-0.981286
8.91115,20.622,-0.384362
9.07342,21.5873,-0.110623
8.8425,22.5849,-0.317933
9.10682,23.5332,-0.124903
8.81497,24.5038,-0.19989
8.86049,25.5561,-0.0569201
9.14323,26.5513,0.027195
8.80188,27.3273,0.574792
8.97257,28.0704,-0.185714
9.76289,3.07424,-0.333674
9.89369,3.96474,0.193506
10.0954,4.79565,-0.40694
9.92868,5.82311,-0.597574
10.0235,6.80186,-0.442491
9.81882,7.72691,-0.737107
9.95388,8.70804,-1.00945
9.88029,9.73855,-1.00118
9.87479,10.7508,-1.10095
9.98726,11.796,-1.27003
9.94794,12.8578,-1.24646
9.96648,13.8474,-1.25833
9.97043,13.8838,-2.34321
9.86986,14.6967,-1.78607
10.0759,15.0273,-2.71194
9.92288,15.4441,-1.82615
9.8634,16.3984,-1.53686
9.6577,16.8424,-0.691369
10.1674,17.6841,-0.453926
10.0849,18.6946,-0.711902
10.1457,19.7373,-0.725825
9.95365,20.6982,-0.401071
10.0822,21.7064,-0.364443
9.78974,22.5829,-0.0295206
10.1638,23.5047,-0.17449
9.85685,24.5103,-0.205344
9.82265,25.5209,-0.222385
10.1817,26.5029,-0.150426
9.86064,27.2174,0.506302
10.0442,27.9527,-0.225864
10.7476,3.2232,0.0273934
10.8521,4.21214,-0.0321787
11.0701,4.8809,-0.68012
10.9264,5.87793,-0.491723
11.0379,6.87455,-0.593381
10.873,7.8583,-0.626942
10.9907,8.81173,-0.955657
10.9065,9.8062,-1.10653
10.9621,10.7802,-1.10037
10.9789,11.8133,-1.21872
10.9563,12.8742,-1.2885
11.0182,13.8431,-1.3941
10.9896,13.8518,-2.40905
10.9333,14.6816,-1.84771
11.0592,14.9947,-2.77589
10.9137,15.4438,-1.87747
10.9344,16.3221,-1.35141
10.6477,17.0543,-0.726395
11.0239,17.9699,-0.863329
11.1149,18.899,-0.544972
11.1502,19.8524,-0.950829
10.9716,20.662,-0.327311
11.0888,21.6474,-0.325275
10.8416,22.5582,0.0447676
11.1489,23.5555,-0.0578204
10.9126,24.5084,-0.309662
10.8504,25.5103,-0.520646
11.225,26.3849,-0.210999
10.8581,27.1149,0.326527
11.0627,27.9404,-0.282556
11.7729,3.06306,-0.025132
11.8893,4.07632,-0.186966
12.0622,5.00897,-0.483972
11.9577,5.96146,-0.377642
12.0904,6.93357,-0.645659
11.9452,7.92808,-0.571343
11.994,8.83363,-0.998669
11.9281,9.82091,-0.837992
11.9877,10.7947,-1.06616
12.0471,11.8109,-1.15498
11.9548,12.78,-1.36834
12.0628,13.7778,-1.48573
11.9727,13.6871,-2.51197
11.9343,14.5125,-1.89985
12.1321,15.0284,-2.83336
11.9715,15.2596,-1.86536
11.9361,16.2406,-1.67146
11.6541,16.8097,-0.898288
12.0903,17.7642,-0.799759
12.1271,18.7642,-0.709305
12.2004,19.7667,-1.00122
11.9947,20.6397,-0.445564
12.1324,21.627,-0.240873
11.8466,22.5828,-0.18132
12.17,23.5347,-0.0956206
11.9235,24.5155,-0.143974
11.8307,25.4983,-0.26484
12.2018,26.3709,-0.0512131
11.8613,27.0959,0.572799
12.0656,27.9321,0.0247536
12.8528,3.13823,0.070513
12.8759,4.06781,-0.323637
13.1316,4.97223,-0.653044
12.9699,6.02985,-0.482965
13.0943,6.98473,-0.279446
13.0366,7.92823,-0.621216
13.0504,8.87497,-0.959499
12.8738,9.83047,-1.25309
13.0477,10.7943,-1.0758
13.0845,11.7729,-1.1082
12.9638,12.7811,-1.36543
13.0985,13.7173,-1.60754
12.9798,13.8224,-2.64183
12.9705,14.5289,-1.88938
13.1959,14.8945,-2.8295
13.0321,15.2886,-1.93797
12.9697,16.1046,-1.34623
12.6834,16.9919,-0.982186
13.0983,17.8744,-0.806986
13.1025,18.8589,-0.627638
13.2053,19.8084,-0.926865
13.0171,20.688,-0.397317
13.0774,21.5736,0.098706
12.843,22.5628,0.103177
13.1946,23.4635,-0.0943571
12.9874,24.3988,-0.33979
12.8645,25.3741,-0.0820124
13.1793,26.3061,0.14695
12.9292,27.2014,0.638151
13.1108,28.0318,0.10249
13.8812,2.93542,-0.0211951
13.9239,3.89043,-0.297134
14.1348,4.88813,-0.549214
13.9608,5.92658,-0.449547
14.0879,6.9751,-0.499332
14.0821,7.98921,-0.632386
14.0858,8.99275,-0.817475
13.936,9.87367,-1.29999
14.0492,10.9272,-1.27858
14.1299,11.8432,-0.950377
14.0597,12.7133,-1.44189
14.0537,13.6916,-1.80614
13.942,13.9712,-2.75628
14.0257,14.6084,-1.96278
14.2096,14.7595,-2.91858
13.9987,15.4059,-2.11388
13.9767,16.1653,-1.43355
13.7875,17.0074,-0.938679
14.1118,17.9563,-0.746504
14.1003,18.9125,-0.495322
14.2602,19.8741,-0.686505
13.9528,20.6089,-0.0920499
14.0956,21.5876,0.0597613
13.8512,22.6055,0.125016
14.0942,23.3945,-0.515564
14.0283,24.3213,-0.145708
13.9016,25.3174,-0.0750175
14.2354,26.2895,-0.044734
13.9774,27.0162,0.533845
14.0938,28.0111,0.322929
14.8627,3.11899,-0.19118
14.8613,4.02679,-0.618986
15.1963,4.96568,-0.598325
14.9915,5.95722,-0.626792
15.1037,6.96241,-0.469842
15.1025,7.94956,-0.774966
15.0823,8.95134,-0.963796
14.9409,9.89031,-1.26634
15.0698,10.8201,-1.02077
15.2063,11.8106,-1.07987
15.0455,12.7455,-1.43883
15.0879,13.7372,-1.64154
14.9541,13.8575,-2.64097
15.0616,14.5505,-1.87898
15.217,14.8962,-2.85149
15.0449,15.375,-1.98499
14.973,16.0831,-1.30275
14.8446,17.0776,-0.95894
15.0658,17.9681,-0.54756
15.0899,18.9938,-0.805646
15.2482,20.0123,-0.74409
14.9698,20.8233,-0.18558
15.0998,21.7372,0.216474
14.8293,22.6225,-0.115146
15.1236,23.4362,-0.564943
15.1431,24.3634,-0.121909
14.871,25.3253,-0.0372326
15.2983,26.2374,0.132472
14.9981,27.1245,0.469222
15.0822,28.0893,0.456661
15.8677,3.05913,-0.222123
15.9292,4.06007,-0.418793
16.226,5.00086,-0.348412
15.9945,5.97766,-0.568954
16.1884,6.96792,-0.491235
16.095,8.00782,-0.649681
16.1277,9.0122,-0.786581
16.0213,9.95005,-1.15006
16.0791,10.9396,-1.00119
16.1983,11.9061,-1.2442
16.0641,12.9549,-1.38864
16.0856,13.9193,-1.6163
15.9977,14.043,-2.67389
16.0869,14.7745,-1.99059
16.1679,15.2937,-2.86431
16.0645,15.6626,-1.95588
16.0089,16.3209,-1.1901
15.9067,17.1888,-0.716825
16.0108,18.087,-0.205982
16.1397,18.9309,-0.720481
16.2786,19.9383,-0.720707
15.9974,20.7604,-0.195099
16.0301,21.7533,-0.273653
15.8292,22.763,-0.233454
16.1497,23.5099,-0.847649
16.0754,24.4096,-0.443062
15.8468,25.3481,-0.135759
16.2854,26.2481,0.03726
16.0494,27.1239,0.498383
16.1195,28.1626,0.512165
16.9022,3.05642,-0.123899
16.9546,4.02485,-0.31767
17.2093,4.98697,-0.350136
17.0254,5.94797,-0.66147
17.1672,6.92293,-0.84452
17.0976,7.91419,-0.898294
17.1849,8.95997,-0.80687
17.0817,9.92583,-1.23255
17.0865,10.9244,-1.08606
17.2217,11.9262,-1.02886
17.1682,12.9278,-1.25944
17.0551,13.9489,-1.49322
17.0606,14.0255,-2.5002
17.1401,14.7221,-1.80009
17.1942,15.0835,-2.75755
17.0848,15.5961,-1.91171
16.9902,16.2788,-1.16636
16.9796,17.1765,-0.713602
17.0386,17.9821,-0.183459
17.1714,18.9003,-0.541188
17.2613,19.9426,-0.503177
17.0047,20.9351,-0.398495
17.04,21.844,-0.0731468
16.8582,22.7999,-0.313813
17.1543,23.4656,-0.977062
17.1401,24.3481,-0.46903
16.9252,25.3047,-0.113706
17.28,26.1754,0.0693808
17.0677,27.1439,0.226371
17.1718,28.1165,0.257164
17.9711,2.96152,-0.0745231
17.9897,3.97319,-0.246361
18.1946,4.92691,-0.522953
18.0054,5.89148,-0.541426
18.2185,6.84615,-0.86801
18.2059,7.85836,-0.95316
18.1938,8.91879,-0.956948
18.1359,9.89087,-1.14722
18.1202,10.8797,-1.1741
18.3094,11.9162,-1.12739
18.2213,12.9735,-1.2146
18.1116,14.0107,-1.47966
18.1074,14.0498,-2.4981
18.2168,14.8543,-1.88528
18.2195,15.2526,-2.78069
18.1145,15.6393,-1.85043
18.0319,16.0849,-0.927366
17.9931,17.1001,-0.619916
18.0278,18.0102,-0.201526
18.0999,19.0686,-0.222956
18.3006,19.9722,-0.644523
18.0028,20.816,-0.161351
18.0223,21.8047,0.0504929
17.8661,22.7204,-0.29949
18.2121,23.4091,-0.896057
18.1253,24.3086,-0.344411
17.9496,25.2703,-0.052916
18.3028,26.1847,0.104849
18.059,27.1785,0.231004
18.2271,28.149,0.236943
19.0589,2.83107,-0.157079
19.0205,3.84502,-0.303711
19.2459,4.87295,-0.624058
19.009,5.83197,-0.631178
19.2721,6.79457,-0.81829
19.2155,7.79478,-0.804965
19.1859,8.82733,-0.864107
19.172,9.86937,-1.00561
19.1787,10.8915,-1.13829
19.301,11.8705,-1.28476
19.2313,12.8869,-1.23656
19.1633,13.9033,-1.45613
19.1505,13.8968,-2.4538
19.2227,14.7116,-1.88083
19.2333,15.1591,-2.83253
19.1347,15.5289,-1.88046
19.0158,16.1609,-1.10353
18.9526,17.1644,-0.79718
19.0507,18.0485,-0.282452
19.146,19.0323,-0.326066
19.3041,20.0177,-0.450972
18.9805,20.7267,0.166195
19.0492,21.7053,0.00971404
18.856,22.6722,-0.20951
19.2262,23.498,-0.655019
19.0983,24.5179,-0.566161
19.0205,25.3749,-0.0783593
19.3032,26.3622,-0.210211
19.0751,27.2003,0.258797
19.2881,28.183,0.0727317
20.0746,2.83366,-0.0587939
20.0423,3.76224,-0.366567
20.3037,4.66215,-0.777322
20.0149,5.63629,-0.751045
20.3144,6.63731,-0.762813
20.2244,7.66467,-0.600095
20.1824,8.63557,-0.685464
20.138,9.58762,-0.949394
20.1457,10.6003,-0.993063
20.3336,11.5908,-1.16305
20.1396,12.5583,-1.00386
20.1559,13.4902,-1.38902
20.1874,13.7393,-2.35608
20.2543,14.6431,-1.91735
20.2605,15.2629,-2.74253
20.1643,15.5792,-1.78911
19.9897,16.3426,-1.15991
19.9726,17.2971,-0.845589
20.0583,17.8362,-0.00405591
20.1761,18.8822,-0.298868
20.3205,19.8882,-0.476617
19.9732,20.7495,-0.170562
20.0616,21.6832,0.209845
19.9192,22.5362,-0.263314
20.2682,23.4044,-0.609732
20.1162,24.4264,-0.512177
20.0342,25.275,-0.0645253
20.2929,26.2479,-0.00574358
20.048,27.2069,-0.0523423
20.2954,28.2057,-0.0537553
21.104,2.76918,0.103207
21.0234,3.71871,-0.29032
21.3093,4.5838,-0.813852
20.9726,5.47047,-0.544676
21.3301,6.3898,-0.746596
21.1801,7.30284,-0.413352
21.1408,8.28837,-0.601849
21.1177,9.28725,-0.75493
21.1251,10.2778,-0.86292
21.3052,11.227,-1.147
21.0937,12.2377,-1.12018
21.1346,13.2699,-1.31183
21.1844,13.674,-2.24504
21.145,14.3205,-1.50936
21.1347,14.9817,-2.28087
21.1778,15.5441,-1.47332
20.9788,16.322,-0.899399
20.9925,17.3256,-0.806165
21.0632,18.0036,-0.0437819
21.2094,18.9851,-0.39512
21.2753,19.9665,-0.209067
20.9845,20.9346,0.0286905
21.0791,21.8579,0.350154
20.9918,22.6155,-0.254421
21.2315,23.6153,-0.337861
21.0887,24.5783,-0.588656
21.0624,25.3672,0.0160314
21.2945,26.339,0.0155522
20.9972,27.3629,0.294961
21.2756,28.1512,-0.19812
22.1026,2.79312,0.427082
21.9752,3.41113,-0.370568
22.3272,4.27014,-0.761449
21.9598,5.1433,-0.483853
22.2465,6.08458,-0.368062
22.2012,7.09106,-0.353688
22.1643,8.0928,-0.683343
22.1024,9.07024,-0.933244
22.1808,10.0317,-0.667882
22.3483,10.9762,-0.91268
22.0584,11.9177,-1.08257
22.0906,12.9274,-1.28622
22.1948,13.3944,-2.14004
22.1142,14.0406,-1.36662
22.1074,14.7539,-2.05607
22.1684,15.3578,-1.2233
22.0194,16.2542,-0.824363
22.1053,17.2863,-0.826649
22.0494,18.1622,-0.336671
22.1737,19.1592,-0.446117
22.2656,20.0989,-0.169915
22.0521,21.0644,0.0359294
22.0914,22.0242,0.403568
22.0151,22.7918,-0.250676
22.2568,23.6414,-0.680761
22.0045,24.4604,-0.211191
22.0825,25.3678,0.251164
22.2635,26.2831,-0.130345
22.0108,27.2242,0.248357
22.2903,28.1586,-0.0139561
23.1378,2.63059,0.546266
23.045,3.23656,-0.275164
23.3217,4.07074,-0.778625
22.9935,5.04758,-0.533644
23.255,5.89231,-0.0313547
23.1856,6.83005,-0.425562
23.164,7.83581,-0.680697
23.1055,8.82964,-0.748567
23.2026,9.81643,-0.656948
23.3701,10.8102,-0.703497
23.0743,11.7292,-0.952043
23.1151,12.715,-1.08034
23.1818,13.1922,-1.96029
23.167,13.9134,-1.2602
23.1258,14.6619,-1.91128
23.2015,15.2829,-1.14315
23.044,16.1552,-0.679525
23.0419,17.1053,-0.401343
23.0509,18.1078,-0.204425
23.1901,19.1075,-0.266082
23.2337,20.1271,-0.084698
23.0452,21.0884,-0.0905271
23.1095,22.0146,0.425614
23.0683,22.6752,-0.313181
23.1521,23.731,-0.249336
22.9856,24.6903,-0.23813
23.0714,25.505,0.370144
23.3157,26.2384,-0.243458
23.0341,27.0824,0.321076
23.342,28.0282,0.155223
24.1449,2.49234,0.211164
23.9369,2.84491,-0.681536
24.314,3.793,-0.658312
24.0265,4.81669,-0.434602
24.288,5.65224,0.013422
24.1531,6.56579,-0.305454
24.1876,7.57244,-0.56885
24.1732,8.60785,-0.618015
24.2148,9.5719,-0.412516
24.273,10.4445,-0.922864
24.092,11.4364,-0.771859
24.1185,12.4149,-0.982327
24.1719,13.0628,-1.74349
24.1415,13.8833,-1.06215
24.1697,14.4863,-1.84312
24.2214,15.2036,-1.04753
24.0261,16.1922,-0.925434
24.0837,17.1282,-0.486221
23.9845,18.1421,-0.570385
24.2035,19.0865,-0.251607
24.2646,20.0646,0.0668844
24.0313,20.9907,0.298196
24.1644,22.0229,0.502155
24.0847,22.6325,-0.305689
24.1533,23.6962,-0.281924
23.9198,24.6682,-0.537373
24.0027,25.5507,-0.0103763
24.3017,26.4308,-0.329661
24.026,27.1756,0.339201
24.3521,28.1434,0.0631611
25.1342,2.51079,0.315302
24.9607,2.63959,-0.683697
25.3224,3.55803,-0.583029
25.0455,4.46164,-0.29143
25.3026,5.41751,-0.231065
25.1433,6.41499,-0.309851
25.2303,7.40352,-0.537013
25.1717,8.42677,-0.743318
25.252,9.35029,-0.444502
25.2704,10.286,-0.81142
25.1318,11.274,-0.573534
25.0645,12.2381,-0.699472
25.2057,12.906,-1.37771
25.1487,13.7879,-0.869543
25.0996,14.492,-1.55532
25.2388,15.1714,-0.841646
25.0859,16.1097,-1.07513
25.1314,17.1226,-0.671273
25.0729,18.1364,-0.643944
25.1815,18.9763,-0.112061
25.2657,19.9573,-0.00347301
25.026,20.9981,0.0463881
25.0957,21.9785,0.242061
25.1098,22.7136,-0.465664
25.1725,23.6853,-0.25486
24.9588,24.6121,-0.566475
24.9531,25.6051,-0.328828
25.2884,26.5802,-0.47228
25.066,27.2549,0.185766
25.3487,28.1936,0.165069
26.1957,2.39864,0.447844
25.9547,2.48243,-0.522822
26.2233,3.33867,-0.91319
26.0527,4.27303,-0.561681
26.301,5.1391,-0.0601642
26.1503,6.11584,-0.226301
26.1556,7.10915,-0.230644
26.0926,8.09436,-0.43805
26.1949,9.09829,-0.610987
26.2595,10.1271,-0.684655
26.1152,11.141,-0.363021
26.0608,12.0628,-0.657805
26.2723,12.798,-1.31996
26.138,13.6149,-0.773629
26.0932,14.4306,-1.40167
26.2762,15.2743,-0.887893
26.077,16.2461,-1.18563
26.1889,17.1325,-0.587301
26.087,18.14,-0.524073
26.1822,18.9671,0.142894
26.2398,20.0006,0.0579882
26.062,20.9696,0.225877
26.1005,21.9157,-0.0802576
26.153,22.8235,-0.480917
26.1975,23.8224,-0.398309
26.0456,24.7982,-0.552467
25.9553,25.7282,-0.133467
26.285,26.6596,-0.193924
26.0454,27.5739,0.194711
26.3539,28.5034,-0.0622669
27.186,2.26044,0.576138
27.0596,2.53963,-0.404587
27.1896,3.24832,-1.14604
27.088,3.89909,-0.394876
27.3248,4.88386,-0.202124
27.2261,5.89651,-0.398175
27.1648,6.81436,-0.0160466
27.0663,7.71688,-0.382177
27.1316,8.75122,-0.434989
27.2061,9.75918,-0.538545
27.0494,10.7328,-0.494675
27.0179,11.7315,-0.605054
27.2859,12.5955,-1.05874
27.1595,13.564,-0.699417
27.0532,14.5035,-0.988638
27.2468,15.5478,-0.88171
27.0668,16.492,-1.16489
27.1868,17.1815,-0.422187
27.1193,18.1669,-0.556096
27.2567,19.0186,0.058327
27.2517,20.0438,-0.0952727
27.0441,21.0388,0.0772515
27.0802,22.0389,0.182379
27.1955,22.6741,-0.615308
27.2719,23.658,-0.372628
27.0374,24.62,-0.291299
27.0012,25.6456,-0.0914151
27.3036,26.6322,-0.0281594
27.067,27.6193,-0.0367443
27.3951,28.5186,-0.0464522
28.2489,2.09964,0.720969
27.9678,2.15546,-0.233171
28.1234,2.95633,-0.899628
28.1825,3.82113,-0.40416
28.3459,4.81585,-0.103168
28.2413,5.7494,-0.48562
28.1601,6.68182,-0.166491
28.0878,7.64413,-0.0952452
28.0735,8.62645,-0.133464
28.1988,9.54158,-0.569042
28.0915,10.573,-0.641209
27.9933,11.5011,-0.299771
28.294,12.3261,-0.768273
28.198,13.3267,-0.591272
28.0563,14.3162,-0.776705
28.2371,15.2686,-0.654161
28.0579,16.1828,-1.09349
28.152,17.067,-0.626896
28.1668,18.0901,-0.55132
28.2499,19.0391,-0.216541
28.2647,20.0277,-0.270238
28.0509,20.8311,0.274035
28.0146,21.7734,-0.0544359
28.2114,22.7457,-0.39067
28.2822,23.8044,-0.356597
28.023,24.7717,-0.246513
28.0176,25.7388,-0.283776
28.329,26.6986,-0.116083
28.089,27.6912,-0.0575945
28.3965,28.5999,0.227604
29.2119,1.69449,0.994421
29.0259,2.0999,0.067745
29.1436,2.61272,-0.814212
29.1658,3.48438,-0.297934
29.2474,4.44238,0.110315
29.2269,5.4342,-0.133631
29.213,6.42089,-0.0242012
29.1631,7.40537,0.0368969
29.0888,8.38638,-0.242662
29.2266,9.36178,-0.470861
29.1316,10.3645,-0.549611
29.0164,11.3362,-0.215674
29.3448,12.1207,-0.727985
29.1786,13.0881,-0.61771
29.0536,14.0846,-0.67745
29.1934,15.0342,-0.94182
29.0806,16.0732,-0.936149
29.1446,16.9974,-0.60813
29.1621,17.9735,-0.370345
29.2277,18.9895,-0.238609
29.2927,19.9696,-0.405533
29.0749,20.826,0.0519547
29.0572,21.8142,-0.152834
29.2287,22.8031,-0.162972
29.2435,23.7781,0.0814692
29.1043,24.7464,-0.190078
29.1118,25.7534,-0.210642
29.3051,26.7212,-0.286196
29.1454,27.6769,-0.091821
29.4371,28.6277,0.249022
