2.82013,2.67765,0.473882
2.79929,3.65471,0.157826
2.05665,3.96203,-0.423197
1.99302,4.81295,-0.96173
1.88427,5.82875,-1.02425
2.04978,6.48304,-0.225724
2.06537,6.87711,0.72082
1.39186,6.12335,0.760692
1.98292,6.8022,1.23258
2.9344,7.09994,1.11065
3.77435,2.42498,0.498477
2.92015,2.85976,0.795947
2.65473,3.76579,0.365889
1.94044,4.02349,-0.304199
2.09979,4.79961,-0.954482
1.71496,5.56851,-0.453429
1.99836,5.89425,0.465465
2.08672,6.86607,0.783612
1.06871,6.87982,0.775738
2.09019,6.74232,0.674001
3.67528,2.33417,-0.499005
2.78978,2.29041,-0.0202521
2.89569,3.16603,-0.493216
2.92007,4.10296,-0.127091
3.10891,4.90795,-0.713562
2.17923,4.62179,-0.540706
2.59363,5.13206,0.247264
2.71258,6.10926,0.606293
2.05779,6.89498,0.604495
2.70096,7.30615,1.25794
3.82499,1.319,-0.339143
3.65526,1.95373,0.366845
3.75631,2.53915,-0.424198
3.13602,3.29948,-0.708582
3.50643,4.11258,-0.260411
3.12135,5.00717,-0.604205
3.6353,5.30885,0.265609
3.7312,6.28385,0.410263
2.82668,6.28881,0.929487
3.37386,7.01705,0.545524
3.6442,2.22132,0.027662
4.65029,2.24798,0.339702
3.63171,1.97595,0.417106
3.79397,2.80334,-0.0803735
3.93977,3.49117,-0.854546
3.92991,4.47561,-0.578643
3.96696,5.51042,-0.662145
4.51698,5.81656,0.127259
3.5699,6.27969,0.175204
3.04152,6.95735,-0.397836
4.61753,2.45365,-0.225806
4.99579,1.49544,-0.340913
4.3641,2.32131,-0.129405
4.67939,3.26393,0.0369152
4.57631,4.14908,-0.428715
4.51273,5.0315,0.0358501
4.9433,5.61943,-0.661831
5.08272,6.5934,-0.382516
4.51534,6.66472,0.435612
3.61507,7.14232,0.391769
5.56662,2.42168,0.090997
4.93818,1.87917,0.626756
5.37872,2.23902,-0.199036
5.70093,3.13146,0.237693
5.55465,4.03961,-0.249709
5.45036,5.00254,-0.413889
5.91191,5.67015,-0.979046
5.02953,6.1567,-1.28902
4.69611,6.79717,-0.574297
4.63295,7.32635,0.277834
5.77929,1.51372,0.392453
5.75067,2.49204,0.567516
6.31014,2.61635,-0.283432
6.01019,3.46592,-0.704135
6.5357,3.97126,-0.0434736
6.40187,4.94374,-0.152239
6.75716,5.87497,-0.512372
5.96251,5.78706,-1.10847
5.50839,6.21923,-0.30473
5.34429,7.22766,-0.420688
6.81572,1.34402,0.224714
6.73326,2.32954,0.588314
6.85357,3.30479,0.277523
6.44746,4.16446,-0.146461
7.3766,4.52984,-0.0821039
7.18423,5.55036,-0.0808008
6.46475,5.94712,0.528928
6.01574,6.32044,-0.259035
5.80768,7.0948,-0.786535
5.10068,6.36304,-0.868554
6.84373,2.34624,0.125864
7.70318,2.4265,0.563451
7.73731,3.21771,-0.118345
7.4222,4.16846,-0.0237526
7.63115,4.50035,0.894186
8.08845,5.34546,0.374975
7.46356,6.1412,0.276601
6.92775,6.70411,-0.427
6.64675,6.98563,-1.31012
5.72974,6.68374,-1.55521
