14.349,13.431,-4.99062
-1.08339,23.9111,-3.45793
-4.46427,10.8183,-9.64868
3.22261,-23.5569,5.78892
-0.0280679,3.58543,-18.8146
-1.97658,-26.4645,-16.063
17.7713,-4.79304,15.0283
-0.414722,-5.94803,11.4408
-10.855,18.1033,5.89069
4.3722,17.3386,0.505652
7.41207,11.42,-7.97387
0.847847,12.5493,-5.50103
-0.353639,2.1061,-5.06528
1.57692,-10.5001,-1.57356
1.19857,-5.34021,-10.3075
2.52615,-14.2017,-6.79616
8.33711,-6.60772,4.15989
3.78405,2.27665,5.38848
4.38627,14.1354,1.68223
19.6879,16.5736,-4.53847
5.55881,7.76208,-13.3258
2.62835,7.09185,-9.62168
2.1167,1.50123,-7.46138
1.9196,-4.26663,-4.86082
1.74592,-4.00332,-6.2003
2.55096,-6.2749,-2.90116
3.89366,-0.718271,1.91737
2.42189,6.54308,3.84433
2.05168,13.8457,4.52914
6.3991,18.8639,2.9881
5.35308,4.9567,-19.8609
3.87284,4.70224,-14.9811
2.98578,2.3599,-10.9857
2.37311,-0.195785,-7.40317
1.86681,-0.220466,-4.44121
1.66058,0.14756,-0.83845
1.06599,4.90916,2.6135
-0.859114,10.8462,5.11664
-3.50017,16.7981,7.50049
-6.36118,22.2859,10.6622
5.81617,2.5376,-27.1777
4.51759,3.23869,-20.0197
3.26819,3.22638,-13.8995
2.33545,3.17616,-8.4996
1.60795,3.73632,-3.88051
0.810019,5.19725,0.240489
-0.739271,9.56622,3.39105
-3.42768,15.026,6.23458
-8.71858,20.4952,9.90609
-19.0638,26.5444,18.8063
7.01779,0.524,-36.3972
3.59883,2.82415,-17.7719
2.39002,3.50597,-10.191
1.39621,5.10461,-5.16376
1.24012,6.72582,-1.5017
1.71731,8.20428,1.10135
1.9664,10.8262,2.72245
1.91185,13.798,3.66637
1.09901,16.2895,1.48116
3.29298,14.2285,-9.05302
-8.10872,24.2629,6.7838
0.197259,5.15193,0.437342
1.06765,3.0766,-3.03357
0.0423048,6.64312,-0.176525
0.623518,9.44298,1.99256
2.7568,10.5166,2.8923
5.02967,11.506,2.82937
7.51592,12.4853,1.86321
12.1632,12.6106,-1.05214
22.9102,10.8974,-5.17409
6.12173,-37.897,18.5032
6.28998,-13.3852,7.9598
0.313511,0.398328,3.07756
-1.9715,9.03659,4.83593
0.0802423,12.6758,5.63308
3.78397,12.8037,5.05277
7.67054,11.9097,3.85541
11.6841,10.3391,2.41528
16.4976,7.1646,1.4446
21.4562,0.206299,2.15867
-13.0553,8.17091,-10.1857
17.2736,1.43456,1.36082
-5.9828,12.8308,-2.12651
-5.26868,17.311,8.23045
-1.00631,16.9725,9.03659
3.38625,15.5489,7.61755
8.10929,14.0261,6.02369
12.9986,12.6004,4.48527
18.2654,11.495,3.31173
24.2815,12.8131,3.32864
20.3944,1.70933,-0.199487
53.7249,-4.85367,10.501
-29.3636,25.8006,-8.32497
-7.16225,25.571,17.902
-2.89611,21.2091,13.2214
1.8358,18.3089,10.2069
6.55528,16.1226,8.03183
11.3235,14.5317,6.28684
15.883,13.3416,4.91293
20.1669,12.9709,4.20425
