-0.000482192,0.0279977,0.102414
0.993652,0.0741356,-0.086758
1.979,0.0106815,0.0293527
3.03288,-0.00284127,0.115613
4.05258,0.0528886,-0.0567095
5.06513,-0.0289224,-0.0282693
6.03774,-0.0265572,0.148997
6.99332,0.0500748,-0.049263
7.98221,0.0403699,0.0164922
9.01279,-0.00778832,0.162731
10.0246,0.0281655,-0.0831233
11.0347,-0.0215766,0.0197577
12.0877,0.0448439,-0.0274361
13.0885,0.0472182,0.183935
14.0677,-0.0655843,0.311673
14.989,-0.0250679,-0.0485672
16.0131,0.00730613,0.13325
17.0128,0.0199774,0.14423
17.9321,-0.0229133,-0.200378
18.9564,-0.0150914,-0.258342
-0.0255989,1.03942,0.0513688
0.982574,1.0901,-0.179333
1.97425,1.03136,-0.115448
3.00837,0.976336,-0.0755394
4.06153,1.07885,0.0827174
5.05568,0.968999,-0.202643
6.0776,1.02972,-0.0692312
7.05789,1.08971,0.0982116
8.09327,1.08126,0.0135075
9.11888,1.0109,0.0297464
10.1166,1.05575,-0.229954
11.0468,1.0085,0.180895
12.0581,1.1016,0.0565874
13.1103,1.08761,0.222404
14.0963,0.920237,0.0507706
15.0973,0.967586,-0.0165624
16.1304,0.975326,-0.00487381
17.1299,1.02521,0.191369
18.1278,0.896387,0.236479
19.0279,0.993851,-0.232517
0.0440229,1.98544,-0.205057
1.05912,2.1179,-0.0239662
2.06535,2.01118,-0.0495987
3.07901,2.01922,-0.0575701
4.04999,2.08569,0.173189
5.05514,1.98551,-0.0187963
6.10598,2.03898,-0.0916074
7.12977,2.10518,0.0400372
8.17553,2.08654,0.0985809
9.16243,2.05179,0.032078
10.1093,2.13054,-0.0983917
11.1014,2.02741,0.0664754
12.1336,2.14838,-0.0429365
13.1644,2.10379,0.0750023
14.1417,1.902,-0.0428724
15.1216,1.96205,-0.338792
15.9803,1.93997,0.108032
17.0487,1.9954,-0.066512
18.0414,1.93935,0.134385
19.0111,1.94266,0.118009
-0.022486,3.03442,-0.149089
0.943248,3.15484,0.00789819
1.98746,3.05375,-0.0995972
2.96523,3.0264,0.00274056
3.93228,3.09618,0.144566
4.9088,2.9277,0.246397
5.90321,3.02907,0.048207
6.9075,3.11992,0.0730155
7.88986,3.09389,-0.0677938
8.92196,2.99037,-0.14247
9.91905,3.09924,-0.161638
10.9764,3.0629,-0.0246986
11.9656,3.13456,0.0264687
13.0192,3.04648,-0.181527
14.0208,2.932,-0.344493
15.0927,2.97688,-0.409732
16.0217,2.95042,-0.03184
16.9563,2.95002,0.301856
17.9766,2.96882,0.048262
18.9814,2.93774,-0.164312
0.0212531,4.0359,0.0915433
1.00063,4.11372,-0.256468
2.00863,4.06512,-0.0164434
2.96018,4.04469,0.156423
3.983,4.11227,0.103824
4.9393,3.96352,0.225843
5.94254,4.05242,0.0128086
6.97775,4.13582,0.191305
7.96762,4.12202,-0.067394
8.94093,3.9772,0.0550981
9.95964,4.06287,0.200482
10.8677,4.1214,-0.183325
11.9451,4.13602,0.0521104
12.9258,4.05367,-0.208615
13.9372,3.89357,-0.0534715
14.938,3.94658,-0.289752
15.9327,3.95172,-0.112702
16.9658,3.95053,-0.0194983
18.012,3.97085,0.16642
19.0102,3.91177,0.138603
-0.0190405,5.0679,-0.0132115
0.977718,5.1304,-0.232585
1.98514,5.05875,-0.138902
3.00997,5.06233,0.077517
3.9613,5.13294,-0.144081
4.89364,5.04678,0.218882
5.89376,5.10698,0.17286
6.91798,5.12305,0.18146
7.91727,5.10461,-0.0194555
8.92144,4.98644,0.0497848
9.91638,5.06608,0.199298
10.8748,5.13042,-0.066686
11.9242,5.15969,0.075631
12.9263,5.05195,-0.121122
13.9608,4.93172,0.0398785
14.9823,4.95149,-0.20716
16.0336,4.9312,-0.138054
17.0924,4.95836,-0.0462111
18.0949,4.94868,-0.0642201
19.0514,4.88926,-0.251476
-0.00113529,6.13965,-0.191546
1.03436,6.16196,-0.0147435
2.05091,6.02061,0.166976
3.00801,6.12578,-0.153121
4.00731,6.11704,-0.0442885
4.99586,6.04583,0.0678488
6.02034,6.0962,0.128599
7.07286,6.11281,0.171776
8.05916,6.11342,-0.0270272
9.06706,5.9722,-0.0620594
10.0341,6.03038,0.0982025
11.0628,6.0822,0.187817
12.1201,6.15812,-0.0504898
13.047,5.99301,0.224253
14.1141,5.92237,0.330741
15.0642,5.96978,-0.0330302
16.0363,5.97347,0.16277
17.0528,5.9282,0.224433
18.0693,5.91648,0.271761
19.0554,5.76694,0.199991
0.00855129,7.18746,-0.00765404
1.02371,7.12598,0.348643
1.92906,6.96998,-0.127384
2.9575,7.09652,-0.0536515
4.01873,7.14121,-0.0960082
5.00136,7.12518,-0.0418867
6.06205,7.06631,-0.111808
7.06544,7.06292,-0.189715
8.07392,7.11746,-0.0110813
9.04634,7.04012,0.0157018
10.1088,7.06327,0.00851161
11.0176,7.02737,0.431867
11.9762,7.14291,0.120753
13.0129,7.03256,0.235896
13.9871,6.94262,0.238121
15.0146,6.99124,0.192965
16.0425,6.99276,0.217435
17.0228,6.89291,-0.0199713
18.0221,6.89131,0.133439
19.0527,6.80203,0.199939
0.0300974,8.16147,0.186084
1.07622,8.13409,0.15457
2.08871,7.98682,0.0350902
3.11663,8.09229,-0.0723746
4.10861,8.09556,-0.341774
5.08949,8.13269,-0.0915525
6.14515,8.04047,-0.18479
7.17036,8.11699,-0.111829
8.17983,8.15314,-0.207428
9.17101,8.02302,-0.0697958
10.0916,8.09807,0.296957
11.0864,8.02528,0.486108
12.0807,8.14578,0.499521
13.094,8.05586,0.385043
14.1283,7.92826,0.309809
15.1016,7.97118,0.233506
16.0388,7.93107,-0.0789727
17.054,7.86759,0.203851
18.0653,7.88516,0.335685
19.0474,7.85983,0.156401
-0.0271157,9.18114,-0.0372662
1.00834,9.08737,-0.194415
1.9848,9.01591,-0.163518
2.98983,9.11563,-0.0491836
4.03435,9.10863,-0.332456
5.05521,9.16963,-0.266256
6.09875,9.06167,-0.116306
7.07703,9.08465,-0.319623
8.06623,9.16464,-0.215558
9.08396,9.03499,-0.250496
10.0472,9.08364,0.167849
11.0819,8.99422,0.212903
12.0381,9.07133,0.0438856
12.9781,9.03737,0.417908
13.9908,8.97354,0.528751
14.9156,8.96634,0.196188
15.9268,8.94111,0.101996
16.9035,8.88709,0.171172
17.9413,8.88973,0.196777
18.9636,8.89815,0.0946318
0.0193976,10.1926,0.0260872
0.959481,10.1246,-0.268651
1.9732,10.0183,-0.00121769
2.89332,10.1219,-0.275835
3.91588,10.1527,-0.182403
4.96794,10.2393,-0.248689
5.94023,10.0865,-0.127116
6.93674,10.1137,-0.113431
7.97795,10.1574,-0.135752
8.93238,10.0049,-0.112299
9.93707,9.94586,-0.300015
10.9515,10.0101,-0.0220679
11.9794,10.1008,0.128068
12.9615,9.96897,0.0499832
14.016,9.86056,-0.0168249
14.9317,9.9535,0.318528
15.9125,9.88451,0.387582
16.9041,9.93656,0.121186
17.9173,9.90369,0.26624
18.9893,9.90947,0.0496261
-0.0191839,11.1669,-0.185705
0.969344,11.1065,-0.415049
1.96374,11.031,-0.13946
2.93146,11.0417,0.0587451
3.90698,11.1677,0.174477
4.89012,11.2685,-0.171871
5.85231,11.0743,0.0566362
6.85423,11.0983,-0.0327677
7.85058,11.1567,-0.149156
8.90253,11.0068,-0.0725028
9.96515,10.9765,-0.18298
10.9636,11.0368,0.0641285
12.0128,11.0875,-0.0129948
13.023,10.9531,0.157784
14.0192,10.8863,0.0485305
15.0314,10.9344,0.0830561
15.968,10.8498,0.394943
16.994,10.9091,0.412528
17.909,10.897,0.00730003
18.9767,10.8946,-0.0156316
-0.025135,12.1543,-0.205457
0.947118,12.1443,-0.418177
1.87457,12.0466,-0.107636
2.93521,12.0516,-0.0465255
3.9364,12.122,-0.0414228
4.91609,12.2861,-0.212372
5.96615,12.1039,0.0700827
7.00554,12.1171,0.156017
8.01328,12.1261,-0.0499863
9.05182,12.0031,0.0872768
10.0323,12.0427,0.0138096
11.033,12.047,-0.109391
12.0928,12.0836,-0.135691
13.1045,11.9484,0.103848
14.085,11.9057,-0.0402844
15.1273,11.9434,0.0367229
16.0688,11.865,0.243822
17.0464,11.8975,0.0218604
18.0348,11.935,0.0675039
19.0339,11.9097,-0.00290536
-0.10249,13.0814,-0.568081
0.932038,13.1118,-0.639244
1.92554,13.0162,-0.314362
2.89502,13.0326,0.0256935
3.90219,13.0843,0.0897946
4.9016,13.2221,0.190191
5.85934,13.0787,0.0999023
6.85197,13.095,0.123484
7.88295,13.0939,-0.008829
8.88588,12.9841,0.0573168
9.8832,13.0161,0.130445
10.8908,13.013,0.137889
11.9783,13.1019,0.106391
12.9745,12.9689,0.22425
14.0224,12.7864,-0.0972259
14.9912,12.9423,-0.119398
15.9918,12.8741,0.106738
16.9302,12.8814,-0.236576
17.9517,12.9578,-0.158138
18.9759,12.9351,-0.101639
-0.000561541,14.0005,-0.0950346
0.971883,14.024,-0.307801
1.99741,14.0606,-0.255086
2.9139,14.0159,0.0987548
3.95813,14.0388,-0.149135
4.95983,14.1916,-0.0698477
5.99593,14.0951,0.242723
6.99376,14.1083,0.132414
8.01216,14.0821,0.0534593
9.06327,14.018,0.0878445
10.0687,13.9237,-0.221168
11.0871,13.9694,-0.259035
12.0134,14.145,0.182842
12.9895,13.966,0.464263
13.9383,13.8789,-0.0372173
14.9803,13.9342,-0.104321
15.9939,13.8982,0.057329
16.9988,13.897,-0.120267
17.977,13.9359,0.148109
18.9612,13.9106,0.217551
0.00525224,15.0015,-0.26353
1.03603,15.0255,-0.346971
2.06829,15.098,-0.0335582
3.09139,15.0392,-0.221665
4.07533,15.0385,-0.319391
5.05954,15.1828,-0.206711
6.04789,15.1125,-0.028074
7.08074,15.081,-0.0134495
8.02981,15.1009,0.112067
9.03672,14.9977,0.199963
10.0514,14.8308,0.248494
11.0598,14.9868,-0.0486038
12.0952,15.1641,-0.109583
13.0198,14.8915,0.0821284
13.9741,14.8918,-0.0847499
14.9788,14.9238,0.115491
15.9696,14.9271,0.172372
17.0123,14.8816,0.0917661
17.9809,14.929,-0.109436
19.013,14.9213,-0.079577
0.0516312,15.9722,-0.31539
1.00416,16.0502,-0.143199
2.00392,16.0836,0.00633869
3.03251,15.9672,0.0492569
4.03282,16.0436,-0.107141
4.98007,16.1667,-0.410019
5.98869,16.0589,-0.490713
6.9255,16.0888,-0.0911405
7.94828,16.0861,-0.229872
8.9813,16.0151,-0.101825
10.0063,15.9001,0.0567461
11.017,15.9611,0.0588946
11.9347,16.1463,-0.253047
12.9105,15.9006,-0.0780541
13.9325,15.8783,-0.00996124
14.9418,15.9564,-0.0301004
15.938,15.9485,0.207666
16.915,15.9237,-0.0477554
17.9681,15.9602,-0.0794916
18.9819,15.9657,-0.135423
0.0621326,17.024,0.105158
1.074,17.0146,0.253706
2.04895,17.0193,0.369326
3.01284,17.0213,-0.00994598
4.00318,16.9873,0.143059
4.97467,17.0922,-0.0905423
5.9717,16.9666,-0.0779901
6.99094,17.0746,-0.0182257
7.98203,16.944,0.298773
8.99442,16.9765,0.314356
9.97622,16.9006,-0.0179296
10.9719,16.9639,-0.144853
11.9632,17.1218,-0.221863
12.9718,16.9319,0.0645924
14.0074,16.9166,0.0561693
14.9959,16.9558,0.358199
15.994,17.0035,0.312741
16.9765,16.9368,0.0156499
17.9953,16.9304,0.121335
18.9764,16.9688,0.0770287
-0.0064272,18.0474,0.014716
0.986529,18.0258,0.174596
1.98058,18.0251,0.372485
2.94354,18.0042,0.13386
3.95377,17.9969,0.328898
4.96835,18.0908,0.0797784
5.97179,18.0049,-0.0388134
6.97109,18.0618,0.241227
7.92797,17.9077,-0.0762627
8.94989,17.947,0.120414
9.9049,17.975,-0.151863
10.9027,17.9849,0.0249275
11.916,18.0998,-0.00652791
12.9174,17.921,0.133592
13.9388,17.9626,0.0754387
15.0016,17.9133,0.100742
16.0035,17.995,0.331248
17.0353,17.9318,0.125828
17.9999,17.9945,0.280319
18.9908,17.9705,0.0512406
0.00683004,18.9916,0.256697
0.996701,19.0168,0.203012
2.03072,19.0399,0.330265
3.04945,19.0141,0.255043
4.04129,18.9934,0.136784
5.01788,19.055,0.342549
5.87988,18.9964,-0.122913
6.81496,19.0524,0.23039
7.8343,18.9518,0.0218665
8.85363,18.9916,-0.0344493
9.8967,18.9375,0.0238227
10.938,18.9714,-0.012363
11.8894,19.0305,0.340074
12.9177,18.9511,0.211621
13.9327,18.9756,0.0134465
14.9793,18.9602,0.0916257
16.0144,19.0245,0.167003
16.9433,18.9597,-0.0737754
17.9701,18.9716,0.120991
18.9699,18.9837,0.0462813
