-0.0474929,-0.0349498,-0.240168
0.91738,0.026252,-0.0508011
1.91674,0.0281289,-0.0912473
2.91827,0.0261727,-0.169604
3.93016,0.0862941,-0.0343272
4.87705,0.0269723,-0.230317
5.93269,-0.00802942,-0.168648
6.97808,-0.00256355,0.0306589
7.97331,0.0228736,0.0173864
8.98668,-0.0116031,-0.18189
9.96942,-0.0176885,-0.219349
10.9519,0.0200873,-0.138664
11.9375,-0.0527604,-0.226112
12.9317,0.0154607,-0.252449
13.9306,0.044499,-0.0608509
14.9829,0.0333903,-0.152638
16.0023,-0.00730003,-0.220563
17.0311,0.0239387,-0.209076
17.9942,-0.0891751,-0.354985
19.0337,0.0304514,-0.237043
0.0514725,0.99386,-0.149687
1.05809,1.05204,0.04026
2.05651,1.08233,0.0311289
3.07637,1.07002,-0.182138
4.10711,1.10099,-0.00143132
5.11835,0.979702,-0.254314
6.13576,1.00175,-0.382089
7.09083,1.03343,-0.163994
8.0849,0.982836,-0.102072
9.07623,0.997201,-0.0859371
10.0952,0.94416,-0.106012
11.0701,1.04163,0.156694
11.9232,0.996515,-0.344151
12.8797,0.991259,-0.61897
13.8121,1.0246,-0.214994
14.9231,1.04396,-0.166695
15.9512,1.02364,-0.347484
16.9759,0.998697,-0.460643
17.9874,0.951616,-0.351909
19.0016,1.05723,-0.0836116
0.0851314,2.0115,-0.0486679
1.05066,2.06215,-0.157146
2.04555,2.11772,0.0348094
3.12479,2.0895,-0.199322
4.0833,2.11967,0.130219
5.12332,1.92825,0.276428
5.98891,2.05118,-0.250755
7.04098,2.02963,-0.159948
8.00545,1.98045,-0.262276
9.03439,1.97772,-0.2481
10.0335,1.98808,-0.273449
10.9919,2.03905,0.0166417
12,1.99727,-0.240684
12.9732,1.96321,-0.293933
13.9766,2.03874,-0.159328
14.9805,2.01721,-0.432521
15.9659,2.0347,-0.460228
16.9533,2.03004,-0.476217
17.9836,1.9954,-0.374654
18.9715,2.07858,-0.285775
0.0519242,3.0395,-0.0357189
1.01489,3.02533,0.147148
1.97558,3.14818,-0.181179
3.0352,3.10016,-0.0154088
4.02492,3.10421,0.262712
5.06732,2.93568,0.349672
6.01806,3.06878,-0.111728
7.01314,3.03316,-0.39003
8.01786,3.01106,-0.224693
8.99033,2.96287,-0.166231
9.92985,2.94157,0.160668
10.9057,3.07401,-0.0231452
11.9296,3.02521,-0.237648
12.9261,2.9985,-0.135502
13.923,3.0207,-0.358538
14.9455,3.06747,-0.318467
15.9706,3.11447,-0.393194
16.994,3.02068,-0.511756
17.9527,3.00131,-0.308231
18.9643,3.04548,0.0395398
-0.0584857,4.05686,-0.179131
0.943092,3.98583,0.0863643
1.97582,4.14052,0.0284188
3.01484,4.11851,-0.0206915
3.9402,4.13827,0.366808
4.94083,3.96303,0.291296
5.98842,4.03655,0.230537
6.97515,3.94009,-0.0311197
7.92971,3.862,0.270928
8.8504,3.98783,-0.151924
9.85467,3.96286,0.0711875
10.8209,4.04595,-0.132984
11.8835,4.0083,0.0192663
12.918,4.06235,-0.00199896
13.8777,4.05669,-0.375515
14.909,4.1373,-0.386901
15.9316,4.13772,-0.18363
16.9697,4.03206,-0.246028
17.9645,3.99865,-0.0287271
19.009,4.01855,-0.0919706
0.0167211,5.05666,-0.147285
0.972839,5.02279,0.0393384
1.94027,5.10479,0.372848
2.9613,5.12203,0.229566
3.98127,5.14302,0.223814
5.036,5.0269,0.209839
6.0325,5.03705,0.212329
7.00904,4.94712,0.240693
8.03751,4.88979,0.300333
9.04562,4.93449,0.221009
10.0377,4.98006,0.168627
10.972,5.04852,-0.218696
11.9712,4.99225,-0.169158
12.9621,5.10428,-0.047261
13.9809,5.05094,-0.106149
14.9867,5.13529,-0.0499405
15.9964,5.05393,0.262416
16.9899,5.02522,0.0194525
17.9471,4.92071,0.30087
18.9828,4.97551,0.221528
-0.00979339,6.03505,-0.0953551
0.908185,5.99893,0.199112
1.94497,6.16717,0.304492
2.92801,6.03405,0.540025
3.92175,6.12458,0.3068
4.90989,6.01769,0.088464
5.90884,6.02901,0.296985
6.88651,5.94491,0.151164
7.87776,5.91543,0.333189
8.88853,5.90963,0.0794946
9.89052,6.00737,0.0240272
10.8989,6.01306,0.022251
11.9316,6.04164,0.152913
12.9159,6.10259,0.0274819
13.9012,6.09552,0.0639088
14.9522,6.13527,-0.161724
15.9772,6.07325,-0.00632344
16.9436,5.99109,0.0832942
17.9849,5.95588,0.137367
18.9645,5.94132,-0.0823206
0.0093112,7.02949,0.210508
1.00963,7.01037,-0.0169347
1.99052,7.0914,0.0691763
2.95063,7.05635,0.207212
3.91904,7.0881,0.43867
4.9365,7.0482,0.33455
5.92102,7.06288,0.123402
6.94076,6.93807,0.234474
7.91231,6.86166,0.0180334
8.93277,6.94595,-0.143355
9.92344,7.01306,-0.0960631
10.8541,6.95688,0.339152
11.8709,7.10645,0.258611
12.8877,7.1174,0.199051
13.9097,7.08162,0.168136
14.9508,7.11365,0.139607
15.9322,7.0516,0.196396
16.9504,6.97952,0.200784
17.9672,6.97363,0.0443312
18.9573,6.95114,0.0619312
0.0343577,8.03003,-0.0608051
0.975268,7.99033,0.248238
2.01194,8.07936,0.0801996
3.05248,8.01683,-0.113025
3.94728,8.14687,0.463118
4.99945,8.06433,0.269915
6.01581,8.121,0.132405
7.02963,7.98083,0.345692
8.02374,7.90804,0.0698996
8.97839,7.93188,-0.225764
10.0043,8.02686,-0.139177
10.9964,7.97087,0.0445936
12.005,8.06117,-0.0152104
12.9722,8.15067,0.0443831
13.9832,8.09784,0.246602
14.958,8.12914,0.0237312
15.9689,8.02462,-0.0951659
16.9837,8.01182,0.254396
17.9287,8.0185,-0.0710013
18.9713,7.96275,0.00069277
-0.02884,9.02843,-0.0842067
0.961638,8.97217,-0.0468764
1.97475,9.06937,0.0671438
2.96962,9.02575,0.02678
4.00157,9.03656,-0.00844142
4.99044,9.08296,0.101028
6.02228,9.11684,0.105902
7.00839,8.93804,0.037608
8.0747,8.96954,0.0246162
9.05083,8.97451,-0.189529
9.9916,8.99471,0.14044
11.0081,8.99941,-0.0111393
11.9881,9.05616,0.141646
12.9962,9.18438,0.17543
14.0365,9.14227,0.12089
15.0296,9.11794,0.167684
16.0231,9.04534,0.0161626
17.0073,8.93446,-0.196869
17.9915,9.09211,-0.0389111
19.012,8.94534,-0.0514542
0.0152074,10.0299,-0.0943663
1.02494,9.92566,-0.0192267
2.06156,10.0405,-0.0841823
3.06364,9.9866,-0.184252
4.04251,10.0096,-0.145726
4.90056,10.0935,0.316288
5.99605,10.0799,0.306269
6.98637,9.98538,0.0260231
7.98944,9.98675,-0.0617725
8.98802,9.99145,-0.0422864
9.93552,10.028,0.331437
10.9129,10.0338,0.0569933
11.8835,10.014,0.387307
12.8882,10.1765,0.250621
13.941,10.1829,0.160698
14.9939,10.1136,0.348003
16.0264,9.99448,0.239439
17.0309,9.95046,0.00812403
17.9866,10.0153,0.495236
18.9821,9.94961,0.0873928
-0.0146977,10.9687,0.28478
0.967333,10.9294,0.0727195
1.96179,11.0327,-0.107599
3.01934,10.9675,0.0113376
4.00523,10.9762,0.106049
4.99104,11.0897,0.0271615
5.99444,11.0994,0.259832
6.96375,10.9748,0.230485
8.02257,10.9723,-0.00369274
9.02894,10.9528,0.19602
10.043,11.0859,0.310508
11.0462,11.0104,-5.79852e-05
12.0235,11.021,0.337126
13.0221,11.1923,0.221079
14.0127,11.136,-0.138169
15.0329,11.1413,0.04138
16.0125,10.9898,0.177624
17.0139,10.9707,0.0673727
18.0229,11.0203,0.264641
18.9903,10.962,-0.0298349
-0.0444411,11.9982,0.146934
0.957308,11.9641,0.153273
1.96545,12.0519,-0.0322092
2.9397,12.0475,0.0930601
3.94457,12.0163,0.00943632
4.96594,12.1348,0.114344
5.97815,12.1244,0.364675
6.88263,11.9499,-0.087524
7.88996,11.9915,0.122468
8.88495,11.9953,0.129942
9.9124,12.0606,0.1339
10.9584,11.9858,-0.136799
11.9643,12.0073,0.207666
12.9527,12.1585,0.125111
13.9861,12.0888,0.285595
14.9689,12.1131,-0.0464064
15.9957,12.0025,-0.0133946
16.9768,11.9857,0.312647
18.0597,11.9971,0.214365
19.0287,11.9731,-0.107822
-0.0042848,12.9907,0.257143
0.974413,12.9443,-0.0949797
2.01725,13.0809,-0.0645741
2.99004,13.0355,-0.00270699
4.03813,13.0843,0.0498581
5.04158,13.1581,-0.00172124
6.01788,13.1025,0.153853
7.03634,13.0052,-0.0856838
8.05127,12.994,0.109149
9.02904,12.9868,0.0303446
10.0473,13.073,-0.00100101
11.0714,13.0008,0.0740715
11.9904,12.8473,-0.311301
13.0242,13.0686,-0.24637
13.9443,13.1079,0.158617
14.9276,13.0673,0.269012
15.9043,12.9799,0.415647
16.9336,12.9604,0.389285
17.9164,13.0022,0.094586
18.9663,12.9113,0.206681
0.026249,13.9409,0.00528275
1.05265,14.019,-0.0155187
2.05276,14.0718,-0.0047853
3.01975,14.0548,0.0652089
3.98756,14.11,0.0197974
5.02026,14.1312,0.193469
6.03061,14.0982,0.00368358
7.00887,13.9941,-0.163182
8.00378,13.9911,0.140721
9.03369,14.0118,0.0473891
9.95172,14.0131,-0.366958
10.9354,13.9946,-0.065685
11.9269,13.8933,-0.0887051
12.9522,14.0299,0.00713828
14.0045,14.1271,0.00605792
15.0166,14.061,0.063155
16.0613,13.9893,0.226618
17.0023,13.9932,0.486462
17.9654,13.9862,0.200479
19.0054,13.9441,0.210901
-0.000753807,14.9185,0.241105
0.996924,15.055,-0.00764794
2.0152,15.0863,-0.188549
2.92835,15.0564,0.158226
3.91072,15.0962,0.411182
4.83743,15.1583,-0.00704367
5.80504,15.0291,-0.314884
6.83548,14.9763,-0.266063
7.81011,15.0178,-0.0443587
8.8364,14.9925,-0.101685
9.86809,15.003,-0.0267525
10.9316,14.9985,-0.112415
11.9323,14.9166,0.0943205
12.9503,15.0275,0.28327
13.9842,15.12,0.218162
14.9585,15.0228,0.3794
15.9759,15.0318,0.257839
16.9841,14.9251,0.174252
17.9877,14.9508,0.457564
18.9827,14.9315,0.256487
-0.0164037,15.9234,-0.00163274
0.981726,16.1203,0.0438307
2.05406,16.0661,0.130799
3.03102,16.0792,0.16014
4.0562,16.0396,0.127198
4.97683,16.1579,-0.204788
5.96492,16.0081,-0.372057
6.96119,16.0142,-0.299136
7.88523,16.0412,0.0490921
8.89534,16.0392,0.0144688
9.96278,15.9834,-0.0151402
11.0414,15.9888,0.0488845
12.0473,15.987,-0.0507309
13.0636,16.0526,0.258895
14.0237,16.0781,0.563619
15.051,15.9971,0.551021
16.0538,16.0348,0.23657
17.058,15.9842,0.254689
18.0522,15.9768,0.515754
19.0114,15.9522,0.157793
0.0287484,16.9711,0.120048
0.967733,17.1129,-0.19938
1.80659,17.0298,0.347536
2.8358,17.0635,0.304108
3.84299,17.0088,0.0376782
4.9102,17.118,-0.0366832
5.83057,17.0563,-0.386895
6.87252,16.9903,-0.100537
7.89542,17.0389,0.121119
8.94343,17.0409,0.0572008
9.91811,17.0086,-0.0383709
10.8817,16.9559,0.0722343
11.967,16.9995,-0.0742149
12.9078,17.0676,0.332716
13.924,16.9448,0.113666
14.9574,16.9851,0.194247
15.9178,16.9568,-0.13852
16.9652,16.9896,0.0214789
18.0057,16.9589,0.305139
19.0477,16.9669,0.261187
-0.0112247,17.9826,0.248152
0.956652,18.0817,0.0805506
1.96919,17.9094,-0.135408
2.97633,17.981,-0.253609
4.00193,17.9951,-0.143699
4.97472,18.1214,0.102408
5.87968,18.063,-0.223243
6.89649,18.0418,-0.0802759
7.93709,18.016,-0.114533
8.98017,18.0411,-0.0887844
9.94205,18.0614,0.189022
10.8986,17.9423,-0.0846492
11.8986,18.0452,-0.0461379
12.8482,18.0945,0.399768
13.8302,17.9523,0.120667
14.8823,17.9589,0.0209204
15.8904,17.9419,0.0814386
16.9451,18.001,0.227577
17.9823,17.9635,0.373522
18.9642,17.9518,0.0771783
-0.0109867,18.9764,0.0277779
0.972878,19.0012,-0.304657
1.94141,18.9638,-0.000558489
3.00368,18.9567,0.00773034
4.03192,18.994,-0.0294015
5.01014,19.0199,-0.230982
6.02195,19.047,-0.289496
7.0237,19.0161,-0.275756
7.9716,18.9879,0.0246254
8.9674,19.0301,0.0918577
9.97729,19.0149,-0.14275
11.0113,18.9679,-0.152229
12.0237,19.015,0.176736
13.0215,19.1269,0.437291
13.858,18.9724,-0.0460982
14.8601,19.0159,-0.135389
15.8634,18.9628,0.0629688
16.9252,18.9802,0.21456
17.9427,19.0247,0.340602
18.9392,19.0092,0.215348
