-0.217441,0.921155,-0.785415
0.0107517,1.5268,-0.0083346
-0.0291177,2.5284,0.132099
-0.0448439,3.53658,0.00448622
-0.231974,4.47486,-0.284472
-0.0956908,5.46518,-0.12627
-0.114939,6.5055,-0.122691
-0.17741,7.52555,-0.0555132
-0.0966979,8.52046,-0.173983
-0.248521,9.42568,-0.687347
-0.16184,10.3995,-0.893887
-0.102899,11.3493,-0.555684
-0.254878,12.3275,-0.61753
-0.213428,13.3339,-0.849428
-0.189157,14.3105,-1.08971
-0.137666,15.3168,-0.861022
-0.189319,16.3338,-0.653719
-0.286584,17.2283,-0.196286
-0.142055,18.1896,0.0819758
0.0582476,19.2109,0.115592
0.0393475,20.1328,-0.321137
-0.218995,21.0232,-0.00941801
-0.173348,22.001,0.134303
-0.124989,22.9513,0.386978
-0.153816,23.8102,-0.120026
-0.196637,24.7363,0.21073
-0.0789239,25.7315,0.0922056
-0.00260628,26.6769,-0.127427
-0.187262,27.6957,-0.404852
-0.142204,28.6883,-0.35642
0.700446,1.29026,-0.591012
0.9725,1.86835,0.177395
0.939463,2.85027,0.199036
0.959078,3.79278,-0.111872
0.821232,4.74235,-0.246318
0.949611,5.7234,-0.339454
0.873794,6.67079,0.0579791
0.839943,7.64464,-0.186651
0.878658,8.64262,-0.539433
0.79288,9.6462,-0.550453
0.866915,10.6565,-0.671902
0.913691,11.6363,-0.333528
0.812333,12.4999,-0.805295
0.750938,13.5402,-0.73759
0.858528,14.3364,-1.32597
0.935133,15.235,-0.750856
0.769323,16.1693,-0.357842
0.70325,17.1269,-0.0793909
0.923344,18.1154,0.083639
1.08365,19.109,0.233372
1.06811,19.9877,-0.231498
0.693869,20.8574,-0.481832
0.752724,21.8477,-0.0678579
0.826514,22.862,0.0498978
0.87192,23.8404,-0.178747
0.817701,24.822,0.171722
0.952031,25.7897,0.191925
1.00512,26.8026,-0.0698202
0.852489,27.7852,-0.127168
0.912986,28.7866,-0.186425
1.70175,1.65175,-0.718
1.89503,2.20489,0.12472
1.87434,3.18147,0.258733
1.95382,4.02336,-0.383697
1.78408,4.97533,-0.349245
1.92759,5.98161,-0.448149
1.88668,6.92946,-0.183578
1.82828,7.92167,-0.118952
1.90295,8.71055,-0.726505
1.80273,9.69763,-0.623267
1.95678,10.7208,-0.511451
1.87373,11.7008,-0.52075
1.86923,12.6405,-0.891833
1.80886,13.6715,-0.848579
1.86236,14.4729,-1.44309
1.96493,15.2729,-0.866216
1.84962,16.1454,-0.37586
1.65177,17.02,0.106024
1.90721,18.0227,0.283923
2.08506,19.0164,0.100278
2.09338,19.9693,-0.271667
1.65158,20.8369,-0.546629
1.75375,21.8044,-0.11091
1.87226,22.8051,-0.094763
1.92775,23.8074,-0.0883724
1.84431,24.8059,-0.0114566
1.98115,25.7855,-0.104416
1.94454,26.7211,0.212006
1.86177,27.6123,-0.29342
1.90625,28.5783,-0.0653706
2.72582,1.87161,-0.726109
2.94131,2.38555,0.16184
2.91927,3.38097,0.0330302
2.95311,4.26738,-0.487881
2.80191,5.23362,-0.242024
2.9328,6.19045,-0.544319
2.90762,7.17286,-0.278518
2.82211,8.17537,-0.204462
2.88086,9.08487,-0.748964
2.77087,10.0613,-0.615436
2.93882,11.0009,-0.331263
2.84624,11.9978,-0.448576
2.94361,12.8448,-1.03704
2.83771,13.8176,-0.765499
2.9194,14.5209,-1.43932
3.00982,15.3948,-0.865413
2.88718,16.2892,-0.408423
2.70634,17.0693,0.190997
2.8838,18.0609,0.139561
3.03329,18.9838,-0.171072
3.14982,19.9739,-0.283468
2.64231,20.8103,-0.648064
2.73373,21.7106,-0.267708
2.85693,22.7133,-0.272271
2.99109,23.6995,-0.142875
2.92378,24.6931,-0.0896695
3.02104,25.6761,-0.248579
2.91306,26.6665,-0.0823878
2.91928,27.6877,-0.223231
2.93649,28.6773,0.0112308
3.74226,1.86747,-0.507645
3.99668,2.52814,0.233009
3.98222,3.51765,-0.00645772
3.93831,4.47138,-0.391104
3.77647,5.45219,-0.203262
3.92179,6.4133,-0.23719
3.91142,7.43798,-0.292239
3.77803,8.40126,-0.526328
3.90139,9.39596,-0.866863
3.74781,10.3817,-0.766582
3.94494,11.2781,-0.332792
3.85239,12.2576,-0.515427
3.95091,12.8594,-1.34852
3.87474,13.8192,-0.860192
3.90562,14.6518,-1.5079
3.96655,15.5409,-1.0595
3.91702,16.3966,-0.581845
3.78636,17.0786,0.124137
3.92663,18.037,0.0551958
4.07876,19.0396,0.0355571
4.1592,19.9678,-0.34911
3.63504,20.8512,-0.348158
3.71315,21.7624,0.0460005
3.92921,22.6248,-0.3434
4.02578,23.5844,-0.0691885
3.94157,24.606,-0.172381
4.01122,25.6179,-0.145695
3.86439,26.5863,-0.056917
3.97097,27.6096,-0.195547
3.97751,28.5382,0.180828
4.79292,1.98773,-0.397766
5.03072,2.8144,0.192294
4.94635,3.75506,-0.0967498
4.92673,4.70864,-0.350652
4.77591,5.70773,-0.228318
4.937,6.72975,-0.211048
4.87312,7.71603,-0.415638
4.75693,8.70164,-0.46722
4.88837,9.49628,-1.101
4.80259,10.4374,-0.775851
4.89256,11.4591,-0.616511
4.84584,12.4769,-0.700491
4.94318,13.0189,-1.56085
4.83883,13.9427,-1.08602
4.82705,14.6867,-1.82618
4.93953,15.3801,-1.13171
4.94858,16.2687,-0.687747
4.82556,17.0846,-0.0866451
4.92685,18.0785,0.102472
5.10985,19.057,-0.115314
5.21782,19.9787,-0.510886
4.6571,20.7071,-0.0944304
4.71757,21.6756,0.0704978
4.9194,22.6273,-0.154128
5.05461,23.5805,0.0651234
4.93947,24.616,-0.197018
5.0309,25.5953,-0.339821
4.89312,26.5945,-0.219947
5.03623,27.5951,-0.179415
5.03858,28.4769,0.284265
5.83886,2.12367,-0.404602
6.0624,2.92327,0.077813
5.91641,3.96132,0.296063
5.8447,4.9244,-0.0793481
5.77608,5.93177,-0.258968
5.87107,6.91715,-0.504913
5.92966,7.94964,-0.470705
5.72066,8.93622,-0.608698
5.86963,9.80702,-1.15869
5.86595,10.7444,-0.760561
5.88689,11.7888,-0.633305
5.84663,12.8088,-0.874865
5.97603,13.14,-1.81914
5.90575,13.9367,-1.14601
5.85965,14.6089,-1.95178
5.9496,15.3393,-1.20572
5.96245,16.2273,-0.700119
5.72001,17.2361,-0.485656
5.96928,17.9745,0.229197
6.11695,18.8757,-0.281668
6.22469,19.8812,-0.395709
5.67184,20.7622,-0.365841
5.72481,21.6959,-0.010126
5.89615,22.646,0.047615
6.05837,23.6692,-0.0818232
5.93945,24.6412,-0.136473
6.03884,25.6373,-0.155837
5.86921,26.6126,-0.510566
6.05599,27.4396,-0.0155553
6.06039,28.4559,0.283343
6.86527,2.20904,-0.179266
7.03078,3.1412,0.184222
6.9389,4.13951,0.169842
6.89373,5.12424,-0.0772759
6.76886,6.06064,-0.318549
6.86813,6.98684,-0.627781
6.96111,7.97018,-0.653978
6.8021,8.96055,-0.776315
6.87154,9.99658,-0.83976
6.84343,10.9789,-0.648241
6.91641,12.0186,-0.715427
6.93364,12.9788,-0.906656
6.95075,13.436,-1.85077
6.89881,14.3165,-1.26028
6.84843,14.7195,-2.15973
7.04196,15.3176,-1.32756
6.93217,16.1859,-0.874545
6.68587,16.9326,-0.275961
6.94779,17.8902,-0.0587481
7.09932,18.8005,-0.462554
7.25017,19.8048,-0.447545
6.66525,20.5392,-0.216587
6.7068,21.5456,-0.133363
6.91657,22.5683,-0.209922
7.01578,23.5213,0.138545
6.9234,24.5188,-0.0988464
6.95747,25.4471,-0.484213
6.87957,26.4456,-0.509226
6.97371,27.4651,-0.50802
7.07063,28.2379,0.136943
7.89528,2.40788,-0.195035
8.00773,3.28248,0.349596
7.95653,4.30535,0.216581
7.86232,5.21262,-0.277783
7.74752,6.1965,-0.494586
7.93598,7.23251,-0.59227
7.97142,8.22852,-0.625965
7.80767,9.17936,-0.809888
7.91768,10.1695,-0.760424
7.91071,11.164,-0.797433
7.8925,12.2173,-0.902847
7.95752,13.2064,-1.14996
7.91315,13.5387,-2.05677
7.90016,14.2663,-1.28998
7.90699,14.8269,-2.19364
8.00093,15.5302,-1.48635
7.93544,16.1193,-0.691302
7.7452,17.0197,-0.316166
7.93872,17.9452,0.148009
8.09032,18.8356,-0.281689
8.31038,19.8195,-0.374627
7.70744,20.4946,0.0825861
7.72418,21.4932,-0.157399
7.91819,22.4892,0.0372021
7.98061,23.493,-0.026545
7.88302,24.4728,0.168603
7.88083,25.4748,0.0109592
7.92712,26.3645,-0.412513
7.93516,27.3653,-0.561025
8.0181,28.2982,-0.171343
8.89424,2.56246,0.0874599
8.95654,3.56479,0.0995392
8.94758,4.56501,0.219343
8.88621,5.37581,-0.321418
8.76443,6.37402,-0.532835
8.91976,7.36749,-0.721027
8.9614,8.42106,-0.679803
8.82488,9.45495,-0.881561
8.93107,10.5019,-0.986123
8.88852,11.5231,-0.902203
8.92542,12.5427,-0.970202
9.01174,13.5947,-1.21986
8.934,13.841,-2.20669
8.85883,14.5089,-1.40465
8.86314,14.6911,-2.39735
8.97745,15.3626,-1.59182
8.98904,15.9525,-0.750487
8.75492,16.7971,-0.194174
8.92601,17.7522,0.099469
9.08514,18.7097,-0.0701773
9.31581,19.6864,-0.226649
8.74182,20.5217,-0.0229225
8.7929,21.5199,0.0708548
8.94299,22.4773,0.272665
8.97712,23.5111,0.136164
8.89937,24.4633,0.335841
8.96923,25.4483,0.0316416
8.97243,26.3149,-0.437324
8.95077,27.3012,-0.320066
8.99269,28.3217,-0.285623
9.91367,2.72828,0.076281
9.99384,3.72104,0.304538
10.0033,4.71281,0.181304
9.90064,5.59213,-0.353349
9.75725,6.5943,-0.560201
9.95224,7.62251,-0.717405
9.95419,8.6176,-0.734886
9.85535,9.6047,-0.877892
9.96564,10.6321,-1.02634
9.89265,11.6372,-0.89859
9.94493,12.6139,-1.03524
10.0891,13.5807,-1.23129
9.96239,13.7696,-2.22939
9.93813,14.3799,-1.42783
9.9059,14.7349,-2.38668
10.0122,15.3383,-1.58437
9.96772,15.962,-0.835969
9.82125,16.8529,-0.297623
9.93767,17.824,0.0740715
10.085,18.7766,-0.216819
10.3185,19.7609,-0.216697
9.73206,20.5922,-0.131031
9.79231,21.5536,0.0723319
9.97342,22.4813,0.382797
9.9886,23.5295,0.356337
9.87107,24.5368,0.290561
9.95615,25.3971,-0.273479
9.98235,26.4114,-0.249498
9.96182,27.3978,-0.337367
10.0072,28.4029,-0.380334
10.94,2.87938,0.169518
11.0125,3.86391,0.205942
10.9927,4.86789,0.222407
10.9001,5.84603,-0.0687033
10.7806,6.58151,-0.733589
10.9858,7.55297,-0.60683
11.0126,8.59831,-0.752345
10.8732,9.66561,-0.729682
11.0061,10.5797,-1.0418
10.9706,11.6048,-0.925474
11.0025,12.5866,-1.01246
11.1344,13.5313,-1.25355
10.9853,13.7388,-2.21
10.9673,14.3027,-1.39194
10.926,14.6696,-2.32452
11.0574,15.2725,-1.51829
11.0529,16.1058,-0.924549
10.892,16.7793,-0.227293
10.9212,17.8066,-0.138337
11.0673,18.7788,-0.0626514
11.308,19.7484,-0.010126
10.7359,20.5998,-0.0912503
10.8323,21.581,0.181835
10.9701,22.5876,0.311371
11.0349,23.5619,0.295547
10.8934,24.5623,0.22711
10.9509,25.5029,-0.176479
11.0338,26.4631,-0.520231
11.0229,27.5139,-0.421711
10.9735,28.4267,-0.0946471
11.9807,2.83743,0.250923
12.0555,3.85932,0.205805
12.0464,4.84246,0.102365
11.9453,5.8363,-0.0894528
11.8156,6.7335,-0.484997
12.0174,7.74171,-0.442888
12.0395,8.71901,-0.613535
11.9018,9.67939,-0.866051
12.001,10.7361,-0.949956
11.969,11.7285,-0.980212
12.0106,12.7111,-1.14736
12.1644,13.6825,-1.17126
12.0249,13.6367,-2.20212
11.9419,14.254,-1.42893
11.9264,14.6601,-2.34041
12.0514,15.0924,-1.45808
12.0205,16.0583,-1.10169
11.9316,16.8848,-0.566695
11.9223,17.7592,-0.118375
12.057,18.7353,-0.0737327
12.287,19.6456,-0.399823
11.742,20.5608,-0.311286
11.8291,21.4975,0.103464
11.9453,22.4783,0.479095
12.0427,23.5029,0.386114
11.9361,24.5183,0.350975
11.9663,25.392,-0.166207
12.0251,26.3168,-0.537565
12.0522,27.3253,-0.295105
12.0172,28.3371,-0.359392
12.9154,3.11352,0.140495
13.0293,4.02913,0.438984
13.0589,4.94914,0.0850124
12.932,5.94121,-0.203314
12.8046,6.88544,-0.492804
13.0552,7.85294,-0.411057
13.0677,8.84115,-0.502597
12.932,9.82738,-0.780282
13.0052,10.8409,-0.711698
12.9799,11.8138,-0.898837
13.0026,12.8169,-1.32422
13.1818,13.8485,-1.35847
13.0244,13.6815,-2.31446
12.9282,14.2646,-1.47767
12.904,14.4702,-2.49294
13.1278,15.0645,-1.64687
12.9949,15.9389,-1.17845
12.9487,16.8012,-0.665108
12.9274,17.7583,-0.253319
13.0803,18.7657,-0.124522
13.3121,19.7134,-0.295941
12.7635,20.5819,-0.253368
12.8582,21.4659,0.122401
13.0252,22.4637,0.422861
13.0905,23.4459,0.485009
12.9664,24.4494,0.433097
13.0058,25.4056,0.0895566
13.0634,26.2549,-0.455303
13.0312,27.2506,-0.483059
13.0209,28.2533,-0.329066
13.9349,3.14908,0.373635
14.0189,4.15772,0.497327
14.0492,5.12851,0.0882839
13.9346,6.01032,-0.414118
13.8484,6.97679,-0.6459
14.1091,7.86407,-0.255126
14.0776,8.86605,-0.439247
13.9632,9.83427,-0.725919
14.0265,10.8348,-0.859282
14.0149,11.858,-1.04483
14.054,12.6619,-1.61933
14.1628,13.6006,-1.34904
14.0605,13.6846,-2.34894
13.9381,14.387,-1.68317
13.9214,14.6508,-2.72639
14.131,15.2675,-1.96219
14.0339,16.0585,-1.28146
13.9592,17.0025,-0.855434
13.9916,17.8145,-0.254601
14.0912,18.8541,-0.385034
14.2072,19.835,-0.621278
13.7669,20.5576,-0.0667135
13.8256,21.4805,0.377621
14.1079,22.4574,0.32678
14.1125,23.5037,0.216779
13.9616,24.4956,0.387677
14.0297,25.4767,0.216721
14.0812,26.2366,-0.4138
14.0527,27.2225,-0.583651
14.0425,28.2326,-0.444395
15.0103,3.16826,0.488147
15.034,4.15231,0.317869
15.0752,5.08448,-0.0281991
14.9262,5.96907,-0.392676
14.91,6.9858,-0.464333
15.1818,7.9304,-0.37007
15.0718,8.9447,-0.276363
15.0007,9.87915,-0.639766
15.025,10.8343,-0.838234
15.0833,11.7829,-1.15205
15.0997,12.7216,-1.53483
15.1149,13.8009,-1.44669
15.1113,13.7083,-2.42139
14.9542,14.4019,-1.7061
14.9526,14.8457,-2.59422
15.1351,15.1902,-1.6985
15.0616,16.029,-1.13999
14.9413,16.8949,-0.660524
15.0904,17.7845,-0.259706
15.0666,18.7715,-0.414521
15.0325,19.7444,-0.0563219
14.8102,20.6876,0.202609
14.8532,21.6626,0.340855
15.0625,22.6037,0.638118
15.0339,23.5865,0.587616
14.9599,24.593,0.403415
14.9575,25.5943,0.493695
15.0851,26.2399,-0.250658
15.0885,27.1856,-0.549739
15.028,28.1201,-0.250664
15.9797,2.97051,0.314103
16.05,3.98773,0.218821
16.084,4.92397,-0.12569
15.9473,5.89188,-0.290808
15.9638,6.89048,-0.414618
16.2063,7.87444,-0.241142
16.0331,8.86023,-0.519202
15.9909,9.86642,-0.627628
16.0532,10.8907,-0.851924
16.0872,11.8011,-1.3206
16.1518,12.8008,-1.37213
16.1551,13.8193,-1.53649
16.1022,14.0149,-2.57776
15.9839,14.5422,-1.72155
15.9321,14.8625,-2.66205
16.1723,15.3288,-1.78978
16.0622,16.076,-1.12029
15.8839,17.1411,-0.985412
16.1383,17.8462,-0.258168
16.0985,18.8605,-0.366091
16.0835,19.7126,0.131544
15.84,20.6876,0.270544
15.8638,21.6885,0.17694
16.1149,22.6214,0.403897
16.0251,23.6205,0.545958
15.9352,24.5961,0.517884
16.0084,25.6165,0.497278
16.0604,26.3885,-0.167391
16.0805,27.3556,-0.587735
16.0146,28.3114,-0.199286
17.0679,3.01944,0.305976
17.0487,4.01274,0.274981
17.1064,4.9439,0.0175817
16.9913,5.92285,-0.156093
16.9445,6.84872,-0.531925
17.1873,7.81666,-0.564806
17.0602,8.86819,-0.686993
17.0782,9.89471,-0.815885
17.0727,10.8755,-1.02459
17.0696,11.8655,-1.43814
17.163,12.9033,-1.37833
17.1289,13.9504,-1.43426
17.1909,14.0797,-2.43515
17.0601,14.7054,-1.70266
16.9757,14.8379,-2.67588
17.2087,15.4937,-1.89757
17.0755,16.2395,-1.15857
16.9194,17.2534,-1.18021
17.1469,17.7837,-0.341176
17.1102,18.7817,-0.187899
17.1736,19.6859,0.232649
16.8809,20.5824,0.523649
16.9097,21.5647,0.324751
17.1099,22.519,0.58431
17.0436,23.547,0.469988
16.9377,24.5159,0.254775
17.0772,25.4721,0.518885
17.0158,26.443,0.173992
17.0519,27.3183,-0.367928
17.0686,28.2736,-0.0536943
18.0833,2.91295,0.562932
18.0431,3.90175,0.229261
18.0958,4.89241,0.284954
17.992,5.82635,-0.0804315
18.0735,6.67831,-0.576382
18.223,7.72239,-0.575924
18.1033,8.70506,-0.823121
18.0966,9.7374,-0.803018
18.1053,10.7746,-0.978164
18.1224,11.7233,-1.30871
18.1772,12.799,-1.47246
18.1939,13.7884,-1.43246
18.2022,13.8987,-2.44262
18.0494,14.6697,-1.79459
18.0064,14.8255,-2.78482
18.2283,15.5347,-2.03671
18.077,16.2023,-1.29781
17.9196,17.1808,-1.22218
18.1554,17.8434,-0.462395
18.0612,18.8304,-0.534712
18.1841,19.6662,0.0402081
17.9492,20.5594,0.380758
17.9268,21.5474,0.672387
18.0878,22.4782,0.506732
18.0634,23.4922,0.327256
17.9435,24.4788,0.299136
18.0784,25.5175,0.269387
18.0733,26.5087,0.217222
18.1113,27.3874,-0.348546
18.1221,28.4244,-0.326713
19.039,2.68643,0.413944
19.0662,3.6522,0.249776
19.0696,4.63884,-0.00356456
19.0463,5.62973,-0.279916
19.1088,6.64683,-0.394116
19.2456,7.69638,-0.44167
19.1177,8.65826,-0.565816
19.1805,9.68927,-0.672472
19.1371,10.6329,-1.09513
19.1866,11.5812,-1.38372
19.1788,12.6292,-1.41257
19.2544,13.7212,-1.58406
19.2379,13.9062,-2.55869
19.0239,14.6451,-1.87154
18.996,14.7235,-2.8426
19.2509,15.5057,-2.22234
19.0999,16.1608,-1.45108
18.8593,17.0162,-0.970681
19.2296,17.876,-0.524271
19.0514,18.8225,-0.325977
19.2377,19.7344,0.0953337
19.008,20.6341,0.450923
18.9151,21.6312,0.34817
19.1624,22.5855,0.49555
19.0483,23.6321,0.539216
18.9488,24.6176,0.329975
19.0833,25.5986,0.0934904
19.056,26.5424,0.378457
19.0917,27.3675,-0.212766
19.1549,28.3528,-0.310031
20.0481,2.72176,0.362539
20.0559,3.7061,0.496796
20.0613,4.49,-0.0801141
20.0866,5.52774,-0.344325
20.1482,6.52918,-0.398691
20.2975,7.52028,-0.411545
20.1697,8.50586,-0.422541
20.1912,9.47673,-0.660085
20.0834,10.3571,-1.15436
20.1716,11.3841,-1.32974
20.2341,12.3999,-1.44183
20.2571,13.4053,-1.43402
20.2231,13.7601,-2.35332
20.0681,14.4927,-1.68268
19.9982,14.5817,-2.68478
20.2563,15.365,-2.18615
20.0817,16.1109,-1.55245
19.9249,17.0604,-1.05054
20.2112,17.9685,-0.659789
20.078,18.8295,-0.109055
20.2236,19.667,0.391034
20.0143,20.6321,0.147163
19.9212,21.6437,0.100531
20.1253,22.6194,0.142048
19.9907,23.6086,0.175295
19.9966,24.6217,0.366414
20.106,25.589,0.269347
20.1457,26.6258,0.221323
20.1128,27.5092,-0.298956
20.1381,28.5756,-0.130164
21.0818,2.70039,0.410633
20.9946,3.61768,0.797568
21.0942,4.26538,0.0483901
21.0573,5.24207,-0.169915
21.118,6.259,-0.121058
21.3219,7.17884,-0.433116
21.181,8.23339,-0.371615
21.1353,9.1717,-0.660256
21.1196,10.1772,-0.951003
21.179,11.1549,-1.10739
21.2241,12.1419,-1.2265
21.2833,13.1347,-1.3387
21.2695,13.6337,-2.21839
21.0749,14.2192,-1.40643
20.9892,14.6635,-2.31809
21.2271,15.6221,-2.00381
20.9854,16.1242,-1.15598
20.9564,17.1161,-0.9626
21.2157,17.948,-0.442994
21.05,18.7161,0.197354
21.2103,19.7039,0.456731
21.0269,20.6505,0.105976
20.9245,21.6537,0.27532
21.1378,22.6488,0.303159
21.0493,23.6571,0.172558
20.968,24.6471,0.107923
21.0972,25.5731,0.454607
21.1289,26.5599,0.166961
21.1702,27.526,-0.303323
21.1491,28.5743,0.00569781
22.0632,2.34391,0.57206
21.929,3.3152,0.645097
22.0991,3.98453,-0.0609912
22.0832,4.98334,-0.193506
22.1193,6.00231,-0.196484
22.2822,6.8899,-0.61684
22.1578,7.90756,-0.521665
22.1941,8.88939,-0.686959
22.0128,9.79732,-1.20467
22.1037,10.7619,-0.948283
22.1999,11.7319,-1.11722
22.2237,12.7606,-1.33731
22.2848,13.3793,-2.12658
22.003,13.9005,-1.32992
22.0085,14.4716,-2.21387
22.2283,15.4315,-1.88682
22.0125,16.1109,-1.17271
21.9963,17.1207,-0.930604
22.1433,17.7709,-0.162587
22.1257,18.7403,0.0536515
22.2723,19.6762,0.411982
22.0354,20.6478,0.131828
22,21.6178,0.298816
22.1651,22.5709,0.283941
22.06,23.5616,0.406623
21.9914,24.4479,-0.042259
22.0597,25.4265,0.232066
22.1905,26.4191,0.0970885
22.0936,27.4426,0.150813
22.1557,28.463,0.238554
22.911,2.06219,1.04866
22.9303,2.98286,0.580532
23.0335,3.64164,-0.192792
23.0408,4.66788,-0.32371
23.0916,5.66091,-0.251119
23.2903,6.6054,-0.569378
23.1899,7.57429,-0.347221
23.1409,8.53889,-0.682842
23.0179,9.45007,-1.04745
23.0483,10.4398,-1.00952
23.1463,11.414,-1.21655
23.1862,12.3762,-1.5288
23.3711,13.1231,-2.20096
23.0086,13.698,-1.45647
23.0443,14.4998,-2.07732
23.3049,15.4523,-1.82358
22.9957,16.038,-1.06226
23.01,17.0497,-1.0004
23.1472,17.8706,-0.439402
23.1079,18.7778,0.122724
23.3102,19.7802,0.330763
23.024,20.7101,0.609934
22.9815,21.6673,0.346138
23.2219,22.6278,0.512778
23.0298,23.5599,0.212983
23.0553,24.5245,-0.0485488
23.0664,25.4848,0.247209
23.1987,26.4964,0.00232856
23.0552,27.4667,0.295303
23.1188,28.4238,0.348405
23.9373,2.0663,1.08557
23.8214,2.59732,0.242769
24.0842,3.45333,-0.227827
24.0779,4.4874,-0.404456
24.1422,5.49012,-0.30116
24.3245,6.52637,-0.336915
24.2042,7.542,-0.315616
24.1689,8.441,-0.766143
23.9948,9.30428,-1.2206
24.0279,10.2154,-0.791781
24.1928,11.1617,-1.08241
24.1654,12.1197,-1.35394
24.3466,12.9688,-1.94105
24.0007,13.5413,-1.22026
24.0632,14.3359,-1.82344
24.2819,15.2691,-1.57523
24.007,16.0788,-1.10286
24.0237,17.0967,-0.899475
24.1693,18.0263,-0.594897
24.1107,18.7271,0.0930601
24.3583,19.7597,0.157125
23.9856,20.6708,0.372793
24.0175,21.6645,0.599338
24.1285,22.4554,0.0219275
24.0668,23.4712,0.0249611
24.069,24.5055,-0.0742424
24.1008,25.4713,0.0942106
24.1419,26.42,-0.266094
24.0861,27.2803,0.278069
24.1189,28.2648,0.403998
24.9365,1.83161,0.964669
24.8658,2.6608,0.327271
25.0852,3.38038,-0.307981
25.1142,4.34953,-0.18887
25.1976,5.31185,-0.145671
25.3644,6.2988,-0.204758
25.1907,7.29044,-0.141972
25.1475,8.18372,-0.631788
25.0179,9.05699,-1.10065
25.0359,10.0098,-0.71576
25.2052,10.8749,-1.13835
25.1764,11.8482,-1.26889
25.3019,12.7377,-1.71848
25.0907,13.4587,-1.07581
25.0547,14.3931,-1.50525
25.2614,15.4148,-1.40946
25.0217,16.1175,-0.787069
25.0467,17.0876,-0.524766
25.2001,18.0724,-0.604386
25.1032,18.9082,-0.0778832
25.3941,19.8055,0.292557
25.0264,20.7557,0.327622
25.0212,21.7527,0.503043
25.1543,22.5627,-0.181356
25.0966,23.5476,0.171758
25.0736,24.5596,0.0246071
25.0579,25.5524,-0.22588
25.1817,26.5713,-0.202164
25.0217,27.2925,0.500818
25.1459,28.2654,0.586569
25.9762,1.77997,1.00338
25.9175,2.55885,0.346318
26.1224,3.17266,-0.38825
26.1553,4.17308,-0.147075
26.1866,5.13835,0.0796167
26.3342,6.10383,-0.0192175
26.2133,7.14326,0.108472
26.1386,8.02782,-0.355037
26.0133,8.7952,-1.04122
26.0429,9.7598,-0.747349
26.1598,10.7941,-0.828233
26.0417,11.8407,-0.740785
26.2367,12.5521,-1.38719
26.1369,13.461,-0.996539
26.0786,14.3865,-1.46061
26.1163,15.233,-0.894281
26.0022,16.2189,-0.870458
26.0472,17.0088,-0.262911
26.1393,17.9684,-0.449297
26.0943,19.0106,-0.318372
26.4268,19.8523,0.209366
26.0101,20.7587,0.170589
26.0618,21.8027,0.273959
26.1662,22.7795,-0.238536
26.1446,23.783,0.108307
26.0901,24.7351,-0.0924772
26.0431,25.6722,-0.520661
26.1688,26.7469,-0.42378
26.0976,27.2924,0.415668
26.1876,28.3475,0.440086
26.9903,1.62506,0.975259
26.8593,2.09981,0.122291
27.1617,2.93548,-0.32295
27.1157,3.98202,-0.437001
27.2276,4.93782,0.0301675
27.2548,5.896,-0.253343
27.1999,6.86711,-0.0368053
27.1686,7.83696,-0.32757
27.0453,8.7002,-0.801193
27.0579,9.60011,-0.342946
27.1698,10.5463,-0.640187
27.0242,11.5712,-0.501996
27.1592,12.4078,-1.0469
27.1378,13.417,-1.0782
27.0291,14.4246,-1.04224
27.1436,15.2896,-0.598767
27.0526,16.2819,-0.749367
27.046,17.1668,-0.221772
27.1245,18.0507,-0.742717
27.1418,19.0048,-0.348012
27.4155,19.9318,0.0956114
27.0235,20.8336,-0.0515305
27.1059,21.7692,0.299774
27.1081,22.7742,0.163167
27.1586,23.7641,0.0473281
27.0342,24.796,0.266292
27.0749,25.6907,-0.186575
27.1659,26.7022,-0.324104
27.0897,27.4232,0.3927
27.2739,28.4036,0.368148
28.0649,1.56869,0.997217
27.8743,2.18603,0.139027
28.1973,2.82257,-0.542372
28.1373,3.8099,-0.430039
28.1718,4.65181,0.172185
28.2339,5.62737,0.0646046
28.2243,6.62061,-0.153099
28.093,7.63314,0.0777703
28.0516,8.4235,-0.607395
28.1341,9.37159,-0.321702
28.1045,10.4296,-0.315418
28.0064,11.3254,-0.654524
28.132,12.3093,-0.736036
28.1479,13.311,-0.896341
27.9657,14.2984,-0.748204
28.1616,15.2379,-0.360183
28.0341,16.275,-0.591559
28.094,17.1567,-0.12967
28.1227,17.9437,-0.760735
28.1763,18.899,-0.475008
28.3832,19.9039,-0.302908
28.0098,20.75,0.127854
28.065,21.7763,-0.0393475
28.1797,22.7633,0.19808
28.201,23.7716,0.225089
28.0534,24.717,-0.0286691
28.1216,25.6559,-0.383377
28.2261,26.687,-0.107523
28.1113,27.6636,0.157021
28.302,28.6201,0.332899
29.0701,1.40564,0.9858
28.9426,2.02735,0.21579
29.1721,2.49106,-0.661382
29.1141,3.44991,-0.258092
29.1543,4.34122,0.240355
29.1802,5.40411,0.341179
29.1771,6.37657,0.0408521
29.1164,7.36793,0.0777398
29.0741,8.22618,-0.52085
29.1992,9.21305,-0.435398
29.081,10.1658,-0.230125
28.9739,11.171,-0.472054
29.1667,12.1486,-0.686651
29.1744,13.1426,-0.898727
28.9963,14.1402,-0.749806
29.1506,15.0767,-0.54247
29.0274,16.0904,-0.451421
29.0994,17.091,-0.368145
29.1394,18.0368,-0.711362
29.1748,19.0529,-0.559932
29.3254,20.0646,-0.514289
29.0501,20.7758,0.179543
29.0106,21.7995,0.2597
29.2394,22.7887,0.135945
29.1538,23.7789,-0.114573
29.0853,24.8222,-0.149284
29.0704,25.8274,-0.161446
29.257,26.7986,-0.201999
29.114,27.758,0.0177404
29.3128,28.6517,0.393045
