4.52223,1.48657,2.69265
-2.34017,-5.63268,-0.804285
-2.05045,5.22853,-5.56055
12.057,1.48551,6.52337
10.2307,0.902734,-3.04656
-4.91248,5.00036,-3.86258
6.78719,10.9834,-2.45474
3.11451,9.78773,-11.5642
16.051,8.09608,-2.58369
6.13096,7.54608,-0.817273
2.26248,0.116199,1.08868
0.227961,-1.44644,-0.580309
1.98439,2.71501,-1.43435
7.01575,2.52373,2.01907
5.74456,3.35703,-1.75564
0.781509,5.10168,-2.98405
3.76963,8.03926,-3.32763
4.24296,8.70963,-6.10078
5.89099,7.76852,-1.39675
-3.7325,7.03717,1.25096
2.93931,0.75436,0.0439131
1.85437,0.188806,-0.243715
3.11548,1.94984,-0.122153
4.95148,2.82131,0.597183
4.21841,3.96157,-0.917853
2.75113,5.28425,-1.79444
2.98384,7.0759,-2.19896
2.98035,8.43567,-3.09107
2.11496,8.28491,-0.803577
-1.20252,8.45301,0.215061
4.05505,1.48478,-0.408347
3.23941,1.03025,0.00202948
3.91266,2.01209,0.593127
4.03557,3.31336,0.62234
3.8229,4.55882,0.102161
3.33935,5.78754,-0.422016
2.7729,7.20567,-0.56813
1.73312,8.49447,-0.690262
-0.374169,9.13684,0.479843
-3.38891,10.1938,1.07988
5.12282,2.29236,-1.08914
4.82008,1.43702,0.170717
4.95037,1.69963,1.32817
4.78118,3.01155,1.56527
4.36969,4.32691,1.31625
3.89125,5.69109,0.974343
3.18258,7.11737,1.00606
2.04754,8.35182,1.63504
-0.284503,9.26846,2.65926
-6.71072,11.8336,2.03583
6.25897,3.20695,-2.00708
6.2068,0.940748,1.01166
5.77458,1.16276,2.36435
5.5054,2.48025,2.50494
5.13261,3.81823,2.33721
4.79162,5.23407,2.02351
4.47815,6.64231,1.90211
4.35839,7.71202,2.52962
5.89565,6.75751,3.77392
11.469,2.94122,5.39767
5.21724,-3.56277,6.94181
6.15563,-1.42352,4.13003
6.32232,0.22971,3.66121
6.26507,1.86686,3.5882
6.06245,3.47057,3.44961
5.7784,5.01828,2.99139
5.78687,6.60893,2.68336
6.37864,8.12077,2.6329
8.19275,9.57661,2.361
10.8672,13.4571,1.57336
9.86398,-5.62183,4.16555
8.19496,-2.92152,5.33999
7.26883,-0.670342,4.52988
7.15653,1.67475,4.87699
6.85829,3.4496,4.75683
6.46809,4.69817,4.13708
6.18289,5.8532,3.70196
6.28705,6.88086,3.62127
6.6391,6.05562,2.50225
6.14244,3.2486,-1.12799
1.78636,-6.15524,6.45761
8.55584,-2.27414,8.40163
6.17993,0.140785,3.11276
7.24762,3.51075,5.91645
7.31914,4.57233,6.07799
7.10787,5.11797,5.15029
6.63745,5.8992,4.76205
6.12487,6.6478,5.22036
5.60339,6.31787,6.56314
4.34741,6.39674,10.4369
8.64481,-3.08874,9.87612
15.7471,0.0562609,13.2133
3.79766,0.857784,-3.10058
8.32349,6.91163,8.82901
7.78336,5.80842,7.42357
7.56259,5.53623,6.21014
6.89773,6.24379,5.82415
6.11098,6.62973,6.61809
5.65681,6.70143,7.87443
5.11832,6.68766,9.31115
