0.00489517,-0.000354015,-0.0872341
0.0117801,1.26046,-0.0401502
-0.0272439,2.56069,-0.118006
-0.0102115,3.83128,-0.107755
0.0018952,5.07121,-0.115448
0.00938749,6.35755,-0.120939
-0.00671407,7.6048,-0.185815
0.0414289,8.89205,-0.239305
0.0347942,10.1097,-0.297357
0.156856,11.3544,-0.338923
0.147691,12.5955,-0.473611
0.139003,13.7162,-0.838688
0.167473,14.7751,-1.2995
0.14246,15.8151,-1.49832
0.0590014,16.5914,-0.835252
0.163512,17.5936,-0.831593
0.00153813,17.7034,0.179821
0.0115604,17.8297,-0.833949
0.00303964,18.0149,0.146342
-0.0131443,18.9993,0.300452
1.00105,0.3021,-0.0624012
1.01109,1.59637,-0.0960875
0.99024,2.89676,-0.148631
0.914777,4.19594,-0.115223
0.910187,5.48137,-0.230973
0.96484,6.76974,-0.173305
0.968612,8.06565,-0.210379
0.974514,9.38263,-0.27116
0.964846,10.698,-0.362148
1.11394,11.9436,-0.340422
1.14467,13.2528,-0.425517
1.11349,14.3841,-0.874447
1.1583,15.3454,-1.57024
1.12503,16.3935,-1.64802
1.02587,16.951,-0.809717
1.20336,17.9073,-1.00402
1.02163,17.7745,0.0208167
0.946706,18.1279,-0.970766
1.0817,18.1036,0.0575091
1.00607,19.0227,0.471294
1.95873,0.566381,-0.372729
1.95936,1.89907,-0.319568
1.93659,3.21575,-0.190545
1.90468,4.57603,-0.203452
1.88481,5.85138,-0.114515
1.91047,7.17124,-0.103436
1.92079,8.50963,-0.0971404
1.93165,9.87834,-0.141053
1.85607,11.226,-0.0961669
1.87548,12.6697,-0.0725059
1.87906,14.1671,0.042732
1.84957,15.3569,-0.864895
1.94486,16.0467,-2.30778
2.03006,17.1628,-1.79974
1.99596,17.1858,-0.566884
2.17878,18.0967,-0.967675
2.0616,17.7278,-0.0327647
2.02548,17.9677,-1.0126
2.05585,17.9857,-0.0180883
1.97591,18.9341,0.219724
2.92743,0.326865,-0.339573
2.9624,1.61956,-0.33365
2.8576,2.88348,-0.281817
2.84721,4.14449,-0.287091
2.77891,5.3801,-0.327461
2.77293,6.69122,-0.365749
2.83168,7.99562,-0.287222
2.72492,9.24556,-0.252235
2.63256,10.5341,-0.275579
2.53231,11.836,-0.264199
2.47012,13.1279,-0.362355
2.3698,14.2683,-0.855885
2.40037,15.1492,-1.61475
2.58954,16.1688,-1.58601
2.88746,16.6849,-0.791675
3.0735,17.6372,-1.05037
3.01389,17.4128,-0.071569
3.00873,17.7881,-1.09143
3.06338,18.0556,-0.114142
2.97191,19.0592,0.027781
3.97351,0.265429,-0.284356
3.94215,1.42581,-0.312436
3.88596,2.65929,-0.255834
3.83243,3.85918,-0.310053
3.7638,5.06488,-0.294174
3.71682,6.26734,-0.330467
3.69905,7.46271,-0.198517
3.58718,8.67453,-0.249739
3.4476,9.89317,-0.363146
3.30549,11.0273,-0.368685
3.20269,12.1834,-0.511029
3.05498,13.3174,-0.742967
3.09301,14.2915,-1.20209
3.26353,15.2925,-1.40679
3.71695,16.0744,-1.02741
3.95288,17.0958,-0.975652
4.00571,17.0337,0.0328684
3.91045,17.3421,-0.93553
4.06921,18.1085,-0.305518
3.97652,19.058,0.0956633
4.99982,0.158473,-0.215708
4.96482,1.34642,-0.156984
4.89887,2.47026,-0.290582
4.80612,3.66087,-0.169536
4.77936,4.79995,-0.214142
4.73529,5.91975,-0.14272
4.60338,7.0328,-0.24594
4.45356,8.1515,-0.299457
4.31236,9.29134,-0.436674
4.20927,10.413,-0.440965
4.08977,11.5358,-0.488986
3.97278,12.5952,-0.706641
3.99222,13.54,-1.00733
4.13725,14.5693,-1.24223
4.58446,15.5556,-1.11993
4.81141,16.5011,-0.797046
4.985,16.751,0.15735
4.90157,17.2702,-0.765523
5.10259,18.0356,-0.164724
4.95495,19.0309,-0.179711
5.9636,0.0591296,-0.00811487
5.97935,1.25072,-0.104556
5.89345,2.34843,-0.231922
5.77936,3.40498,-0.288321
5.75659,4.50612,-0.301038
5.68671,5.62985,-0.19874
5.5648,6.70336,-0.284619
5.42406,7.77274,-0.153505
5.26945,8.84431,-0.342119
5.13569,9.93095,-0.466817
5.0595,11.0052,-0.505399
4.98795,12.0324,-0.669228
4.92932,13.0639,-0.847807
5.1073,14.0717,-0.896747
5.45986,15.0473,-0.775091
5.71056,15.9861,-0.935612
5.92567,16.4539,0.0296548
5.94008,17.2211,-0.633601
6.10086,18.0491,-0.066625
5.94708,19.0388,0.0474166
7.0201,0.102383,-0.152904
6.9589,1.21906,-0.167107
6.90048,2.31892,-0.191867
6.81808,3.352,-0.264293
6.74525,4.37346,-0.240977
6.75542,5.48821,-0.226109
6.59287,6.51323,-0.206278
6.47579,7.54209,-0.296597
6.29316,8.63674,-0.303159
6.16974,9.68682,-0.502445
6.12686,10.7085,-0.601068
6.06079,11.7552,-0.586392
5.99485,12.7698,-0.710953
6.09705,13.7771,-0.783404
6.45791,14.7428,-0.642308
6.68476,15.7083,-1.00846
6.87838,16.3887,-0.320264
6.92458,17.3493,-0.714298
7.09937,17.9812,0.0252968
6.95962,18.9939,-0.100598
8.06575,-0.00614338,-0.0629261
7.99178,1.11292,-0.010065
7.91287,2.16454,-0.0710501
7.84474,3.17542,-0.198807
7.71813,4.14736,-0.305933
7.74181,5.26418,-0.26245
7.5687,6.30099,-0.116013
7.48207,7.35446,-0.243031
7.3669,8.40573,-0.285983
7.25075,9.46155,-0.354836
7.18104,10.4737,-0.56108
7.1152,11.508,-0.508969
7.05704,12.4923,-0.726496
7.12051,13.4672,-0.801221
7.42031,14.4197,-0.582492
7.68578,15.3763,-0.819803
7.88505,16.2726,-0.318949
7.87342,17.2746,-0.396506
8.06292,18.0282,0.241264
7.97222,19.022,-0.0026307
9.06734,-0.0360332,0.255925
8.92592,0.984539,0.18985
8.91332,2.01587,0.0614154
8.83172,3.09825,0.0586962
8.73975,4.11043,-0.0842463
8.77847,5.11747,-0.163723
8.56701,6.09076,-0.0160833
8.48362,7.18488,-0.154079
8.38803,8.2135,-0.146065
8.40895,9.21782,-0.304666
8.21738,10.2266,-0.557158
8.17242,11.2369,-0.413623
8.12764,12.2327,-0.586798
8.11426,13.2779,-0.555672
8.43819,14.2702,-0.412293
8.64096,15.2881,-0.455306
8.93185,16.2537,-0.391528
8.92572,17.2364,-0.256175
9.06498,18.0552,0.381991
9.00836,18.99,0.0276131
10.0744,-0.141038,0.117057
9.88089,0.933277,0.0947691
9.94188,1.93596,-0.139296
9.84197,3.01134,0.0175268
9.7527,4.08735,-0.00422987
9.78501,5.13142,-0.0171361
9.64751,6.13863,0.111097
9.49959,7.11505,0.0761376
9.40651,8.12347,-0.112372
9.49982,9.13468,-0.320759
9.31717,10.1833,-0.477825
9.25559,11.2162,-0.56364
9.24938,12.2036,-0.605499
9.21392,13.1862,-0.420811
9.50562,14.1681,-0.611383
9.61834,15.059,-0.159188
9.8424,16.044,0.0453261
9.86901,17.0627,0.0109592
10.0876,18.1027,0.277441
9.93766,19.1051,0.413575
11.067,-0.0110385,0.24937
10.8769,1.03054,0.321867
10.9468,1.93795,-0.116816
10.881,3.00139,-0.140349
10.7681,4.02549,0.0970916
10.7814,5.05544,-0.0504318
10.701,6.08136,0.0897916
10.6026,7.07013,0.181314
10.4732,8.01008,-0.149791
10.5367,9.04136,-0.369143
10.4322,10.0721,-0.404898
10.3807,11.0832,-0.537117
10.3488,12.0879,-0.585543
10.3308,13.0942,-0.43871
10.5039,14.1113,-0.411277
10.7046,15.0506,-0.182287
10.8704,16.0401,-0.105066
10.8616,17.0644,-0.00746483
11.1029,18.0257,0.33448
10.9752,19.0158,0.226456
12.0525,-0.00473342,0.466894
11.8659,0.86812,-0.00796228
11.9218,1.90585,-0.018714
11.9557,2.96517,-0.112449
11.793,3.96528,-0.0694784
11.7461,5.0167,0.0766167
11.7366,6.03607,0.228199
11.6872,6.9966,-0.0148839
11.5092,7.98717,-0.194629
11.5364,9.00559,-0.260237
11.4714,10.0271,-0.175829
11.4548,10.9906,-0.510892
11.3892,12.0277,-0.366384
11.4418,13.0349,-0.467446
11.5492,14.0294,-0.357723
11.7242,15.0078,-0.157091
11.8451,16.0709,-0.0346599
11.9689,17.0711,-0.0462142
12.116,18.03,0.0945708
11.9585,19.0196,0.0933195
13.0525,0.0123264,0.353816
12.8624,0.976574,0.00545061
12.9288,1.97659,0.171191
12.8902,2.98979,0.188681
12.8452,3.99283,0.0335276
12.7543,4.97482,0.0520432
12.7711,5.99277,0.142305
12.6949,6.99786,-0.110416
12.5702,8.03481,-0.203641
12.5956,9.01391,-0.366585
12.5615,9.98762,-0.0299265
12.5232,10.9699,-0.342647
12.4671,11.9963,-0.296921
12.5421,13.0164,-0.335987
12.5845,14.0188,-0.394729
12.7801,14.9722,-0.16364
12.8603,16.0045,-0.0992065
13.0074,17.0182,0.0377728
13.0996,17.9879,0.0639576
13.0029,19.0092,0.194617
14.0433,-0.0472854,0.455245
13.9082,0.937162,0.189575
13.9322,1.95835,0.180218
13.8654,2.98955,0.133705
13.8826,4.00261,0.14818
13.8402,5.04642,-0.0143345
13.8493,6.05926,-0.0110263
13.7631,7.06544,-0.0776879
13.642,8.12494,-0.133689
13.6581,9.12874,-0.33058
13.6539,10.1245,-0.0438551
13.5686,11.0908,-0.42758
13.5734,12.0833,-0.253688
13.6433,13.0824,-0.377221
13.6644,14.0851,-0.390387
13.7899,14.9218,0.138536
13.8511,15.9509,-0.0732444
14.0228,16.905,-0.0788354
14.1199,17.95,-0.0844996
14.0765,18.9025,0.135334
14.9822,0.00467544,0.142558
14.9268,1.00358,0.0415387
14.95,2.03103,-0.0421033
14.8923,3.02979,0.165453
14.9089,4.11447,0.1292
14.8727,5.09486,-0.0346751
14.8966,6.07601,0.0787957
14.8767,7.10206,0.0427534
14.735,8.11684,-0.0965972
14.7644,9.0977,-0.268532
14.7482,10.1475,-0.238691
14.6596,11.1083,-0.408478
14.5955,12.0649,-0.179812
14.7098,13.1257,-0.338667
14.7499,14.0977,-0.42819
14.7988,15.0806,-0.170638
14.8324,16.0918,-0.0850703
14.9755,17.1082,0.147829
15.0891,18.1658,0.159474
15.0355,19.1477,0.112394
16.0147,-0.0748558,0.0832667
15.9059,0.952513,0.0313181
15.982,2.03981,-0.118824
15.9056,3.04632,0.00784021
15.8786,4.04006,-0.142735
15.9102,5.07062,0.058034
15.8643,6.04753,-0.131703
15.9089,7.05315,0.0689505
15.8213,8.05583,-0.0446516
15.836,9.10652,-0.196359
15.8219,10.1273,-0.149144
15.6937,11.1448,-0.338755
15.7114,12.1346,-0.16624
15.7584,13.141,-0.25096
15.8174,14.1125,-0.42743
15.8176,15.0874,-0.118806
15.9117,16.0943,-0.0894681
15.9724,17.0181,0.3446
16.1147,18.0002,0.0225532
16.0114,18.9902,0.286532
17.0129,-0.0382794,0.200656
16.929,0.971413,0.294873
16.9568,1.94795,0.107932
16.9034,2.98885,0.0798822
16.9042,3.99395,-0.0367962
16.9392,5.04316,0.0922849
16.931,6.04013,0.0592822
16.9083,7.04503,-0.073809
16.8442,8.0449,-0.0538926
16.8791,9.0606,-0.173431
16.8519,10.0458,-0.275686
16.7735,11.061,-0.136628
16.8047,12.0569,-0.15183
16.8128,13.0839,-0.205579
16.8499,14.0497,-0.177496
16.8835,15.0456,-0.199432
16.9336,16.0495,-0.107727
16.9682,17.0297,0.104233
17.1209,18.063,0.197696
17.0134,19.0445,0.327897
18.0409,-0.0320994,0.177892
17.918,1.00431,0.37181
17.9963,1.95318,-0.021897
17.9731,2.97318,0.122047
17.8922,3.97188,0.177554
17.9913,4.93493,-0.0512619
17.9767,5.98101,-0.207413
17.9648,7.01386,-0.0447279
17.9556,8.02613,-0.0203101
17.904,9.03066,-0.203156
17.9822,10.01,-0.223566
17.8447,11.0563,-0.121003
17.8624,12.0225,-0.172387
17.8234,13.0609,-0.0176672
17.8919,14.0686,-0.257598
17.9296,15.1004,-0.245592
17.9221,16.0318,0.16899
17.981,16.996,0.250298
18.1118,17.9796,0.511237
18.0008,18.9477,0.230168
19.0456,0.0121342,0.114115
18.9618,1.04661,0.180908
18.9723,1.98586,-0.180892
18.9624,2.87253,0.30376
18.9797,3.89034,0.207492
19.0208,4.90866,-0.0248543
18.9938,5.957,-0.158895
19.0303,7.00579,0.00363475
19.0244,7.97674,-0.146666
18.9824,9.02358,-0.200626
19.0707,10.0008,-0.0738334
18.9113,11.0113,-0.103247
18.995,12.0154,-0.190283
18.9331,13.0006,-0.185772
18.9372,14.071,-0.344813
18.9732,15.0481,-0.145058
19.039,15.9563,0.253148
18.9867,16.9857,0.361126
19.0518,17.9744,0.149086
18.9978,18.9771,0.243587
