2.81581,4.18773,0.0869015
3.82138,3.94741,0.106391
3.00052,3.69021,0.591269
3.07521,4.70129,0.296069
4.03534,5.08108,0.463805
3.25549,4.62655,0.211304
2.99279,5.43905,-0.30831
3.29573,6.21761,0.253621
2.52557,6.90835,0.247224
3.40769,7.33139,0.426139
3.75133,3.86426,-0.0751457
3.99941,3.01035,0.377181
3.80508,3.60604,1.18495
3.23911,3.701,0.378536
3.07244,4.71688,0.392264
3.79297,5.36095,0.644285
3.36714,6.22825,0.310245
3.41595,7.0143,-0.341713
3.07499,7.75117,0.291351
3.95992,8.1616,0.342143
3.2556,4.46527,-0.673989
3.55726,3.85683,0.0745933
4.16553,4.41886,0.608902
3.1728,4.66713,0.598434
4.03768,4.96376,0.227854
4.26924,5.94677,-0.0217139
3.6681,6.35975,-0.680978
3.80078,6.2506,0.256276
3.60271,7.0688,0.7905
3.09228,7.94542,0.825321
3.56195,3.76933,0.0373089
4.20311,3.21725,-0.506265
4.22263,4.20366,-0.377325
3.86612,3.95809,0.569353
4.73236,4.39858,0.735081
4.57971,4.98895,-0.113532
3.84328,5.68019,-0.019718
3.34957,5.52921,0.836967
4.04531,6.2446,1.10533
3.61756,7.08637,0.775188
4.42725,3.26995,-0.0521073
4.18068,4.19799,-0.267019
4.94124,3.57352,-0.10694
4.60675,4.48722,0.0663686
4.67256,5.42427,0.505667
3.75016,5.49587,0.212632
4.67464,5.23353,0.450053
4.32014,5.57313,1.33253
5.07055,6.1045,0.938237
4.2841,6.62069,1.34111
4.31442,4.08098,0.565221
5.17694,3.99335,-0.0088229
4.73933,4.08926,-0.928571
4.7806,5.08927,-0.730424
5.3914,5.67867,-0.186697
4.62263,5.09304,0.0741325
5.55933,5.46655,0.108921
4.77155,5.06725,0.572222
5.62418,5.60947,0.332047
5.104,6.1439,0.976016
4.76094,4.64865,-0.153697
4.93405,4.22516,-1.00746
4.76245,4.75455,-0.217075
5.41588,5.57208,-0.091937
6.12774,6.29687,0.0221229
5.51534,5.48401,0.23574
4.63969,5.70775,-0.213373
5.54628,5.48096,0.105286
6.31168,6.04842,-0.243547
5.94963,5.69293,0.630567
4.82775,4.56585,0.835426
5.08929,4.12195,-0.0106967
5.57927,4.64771,-0.706085
6.19867,4.95176,0.0299844
5.52087,5.59197,-0.452834
5.75814,6.40041,0.0307199
5.60487,5.47505,-0.275576
6.08039,6.30647,0.072338
6.13883,5.32777,0.457826
6.77365,5.37448,1.19758
5.19045,4.36345,-0.13057
5.935,4.28354,0.576141
5.38101,5.0195,0.182653
5.73937,5.68817,-0.450914
5.90265,4.92242,0.161422
6.54073,5.72228,0.185589
6.12078,6.37172,-0.483135
6.89834,6.86507,-0.00912503
6.38644,6.0521,-0.281872
6.86324,6.14602,0.592181
6.17162,4.55774,0.0565996
6.68806,3.71232,0.187246
6.19385,4.4783,0.602673
6.07955,5.48617,0.549272
6.58016,5.36243,-0.37069
6.17352,6.29117,-0.502881
7.04076,6.75538,-0.0900143
7.53886,7.41981,-0.679315
6.9041,6.65492,-0.876937
6.33737,5.98289,-0.275771
