-0.279119,1.30817,-0.826701
-0.0272683,1.68029,0.0862667
-0.0408429,2.67162,0.243834
-0.0656911,3.65186,0.106842
-0.255416,4.64669,-0.0175726
-0.211863,5.63707,-0.131959
-0.171844,6.61452,-0.423798
-0.192654,7.63299,-0.287249
-0.119535,8.6724,-0.322562
-0.28081,9.52932,-0.965743
-0.117414,10.5366,-0.957802
-0.175469,11.4482,-0.499033
-0.291723,12.427,-0.748042
-0.241453,13.3534,-1.06526
-0.206177,14.3366,-1.33078
-0.269799,15.3363,-1.14859
-0.264815,16.2126,-0.661666
-0.343916,17.0927,-0.198306
-0.178771,18.1408,-0.150877
0.0905759,19.1294,-0.187014
0.0952147,20.1025,-0.367751
-0.236128,20.9614,-0.0434278
-0.124442,21.9243,-0.101804
-0.136222,22.8845,0.274886
-0.114792,23.8476,-0.108414
-0.235182,24.7069,0.415497
-0.114704,25.6841,0.0654225
-0.0156499,26.6239,-0.311173
-0.216959,27.611,-0.427378
-0.258028,28.6359,-0.538945
0.690381,1.59934,-1.06079
0.863808,2.11123,-0.210907
0.973009,2.92669,0.316269
0.946208,3.8381,-0.137376
0.744838,4.79557,-0.000155644
0.849965,5.80538,-0.196319
0.88291,6.78359,-0.342305
0.783926,7.73745,-0.125312
0.891067,8.7238,-0.435072
0.710721,9.63826,-0.82754
0.923969,10.6136,-1.09648
0.871795,11.5153,-0.607144
0.764519,12.5067,-0.892129
0.774895,13.4812,-1.1995
0.756014,14.4424,-1.53811
0.737034,15.4295,-1.25871
0.793622,16.2793,-0.70347
0.694415,17.117,-0.110291
0.853658,18.1103,-0.0347423
1.10546,19.1112,-0.294766
1.10244,20.0907,-0.1377
0.831248,21.028,0.0815424
0.889901,21.9503,-0.341569
0.891675,22.8459,0.188913
0.920334,23.7368,-0.263741
0.679995,24.653,0.0248177
0.955324,25.6305,0.0134983
0.980557,26.5834,-0.195724
0.756893,27.501,-0.683239
0.848405,28.5182,-0.585928
1.73629,1.37586,-0.764629
1.93034,2.14512,-0.184832
2.03329,3.0365,0.306244
2.00872,3.95667,-0.0781274
1.77832,4.94638,0.0278512
1.86312,5.94949,-0.0844752
1.93755,6.94713,-0.239036
1.80939,7.96688,-0.215363
1.85646,8.85901,-0.644304
1.71903,9.84328,-0.728147
1.91562,10.7442,-1.12217
1.87666,11.6622,-0.667266
1.81693,12.6635,-0.941325
1.85279,13.661,-1.1265
1.79802,14.5066,-1.66641
1.64878,15.5013,-1.73162
1.70548,16.3417,-1.08482
1.67931,16.9933,-0.291635
1.90746,17.9861,-0.151543
2.09309,18.9289,-0.412098
2.13343,19.9236,-0.333848
1.84795,20.8677,-0.0789148
1.87235,21.8596,-0.111893
1.91734,22.8491,0.0956175
1.88266,23.8164,-0.225452
1.72217,24.7878,-0.0857692
2.07938,25.7013,-0.0445509
1.95363,26.5798,-0.511588
1.74547,27.5449,-0.394235
1.85643,28.4615,-0.733421
2.75403,1.34346,-0.861422
2.91728,2.33338,-0.449208
3.11028,3.12426,0.136854
3.05451,4.1249,-0.0292795
2.7976,5.11888,-0.133836
2.90304,6.1423,-0.0419691
2.92134,7.02047,-0.554253
2.85287,8.04088,-0.286032
2.85153,9.0374,-0.497159
2.7488,9.96027,-0.771429
2.86666,10.9154,-0.882958
2.92164,11.8884,-0.675762
2.82117,12.6731,-1.28794
2.89944,13.6675,-1.22645
2.83832,14.4937,-1.76258
2.67903,15.4861,-1.77277
2.72887,16.2288,-1.02532
2.67856,17.1424,-0.5669
2.91484,18.0702,-0.196243
3.06898,18.9944,-0.639109
3.14678,20.0044,-0.390429
2.84758,20.8441,0.0783837
2.8831,21.8484,0.00640889
2.93517,22.8335,0.218439
2.91356,23.7131,-0.201483
2.77776,24.6951,-0.34742
3.08288,25.6418,-0.228657
2.9547,26.5728,-0.579791
2.85136,27.5732,-0.339848
2.87539,28.5513,-0.471902
3.73764,1.69273,-0.749062
3.86656,2.63765,-0.65425
4.01838,3.47725,-0.068041
4.04088,4.49461,-0.111798
3.77722,5.40961,-0.398407
3.87155,6.42205,-0.16729
3.90831,7.37459,-0.577364
3.8023,8.35277,-0.314185
3.85056,9.29265,-0.672243
3.7925,10.2987,-0.609848
3.86384,11.199,-1.0577
3.94981,12.1213,-0.688659
3.8538,12.6708,-1.60156
3.90296,13.7042,-1.46341
3.81726,14.5329,-2.07202
3.7408,15.4676,-1.69548
3.78346,16.2349,-1.06991
3.68935,17.073,-0.434928
3.9253,18.0239,-0.27636
4.05487,19.0185,-0.480746
4.09951,19.9552,-0.0989502
3.85711,20.9245,0.0985168
3.84557,21.9183,0.314023
3.93031,22.8467,0.00375683
3.90967,23.8595,-0.0469771
3.74203,24.6593,-0.67073
4.07054,25.5561,-0.387307
3.98372,26.5457,-0.530097
3.87093,27.5583,-0.437883
3.94573,28.5264,-0.415995
4.80094,1.82537,-0.76906
4.88804,2.80515,-0.618323
4.99601,3.61877,-0.0604724
5.02759,4.64752,-0.0783074
4.81311,5.59117,-0.356664
4.84866,6.61737,-0.260457
4.90198,7.54749,-0.50914
4.77874,8.52831,-0.454903
4.90771,9.54622,-0.694647
4.79244,10.5162,-0.735395
4.88836,11.4208,-1.15122
5.00585,12.3261,-0.776568
4.81956,12.9748,-1.54615
4.86792,13.9587,-1.25511
4.84352,14.5704,-2.08516
4.78327,15.5315,-1.82502
4.70702,16.4843,-1.52696
4.69626,17.1696,-0.681707
4.91978,17.9891,-0.163881
5.02729,18.9995,-0.197436
5.094,19.9583,0.20929
4.87951,20.9268,0.0642384
4.83235,21.8291,0.510126
4.96999,22.8173,0.172509
4.86031,23.7101,-0.314209
4.73736,24.688,-0.533229
5.01028,25.5806,-0.0835444
5.03139,26.5063,-0.53075
4.87376,27.5036,-0.537916
4.98577,28.5622,-0.41991
5.88881,1.9498,-0.838484
5.91736,2.80345,-0.303018
6.01102,3.78037,-0.0508927
6.01951,4.78481,-0.295547
5.85068,5.76718,-0.237483
5.83246,6.80624,-0.358278
5.88759,7.78539,-0.188519
5.7402,8.79526,-0.4373
5.89579,9.73677,-0.538911
5.79876,10.668,-0.815574
5.88297,11.6753,-1.15154
5.93016,12.6959,-0.860976
5.86162,13.0938,-1.76339
5.90981,14.0498,-1.52169
5.8515,14.6675,-2.34719
5.7824,15.592,-2.00149
5.72112,16.2904,-1.2595
5.73701,17.1233,-0.717432
5.91284,17.93,-0.164724
6.04657,18.9133,-0.071746
6.11014,19.9269,0.114096
5.87119,20.8634,-0.22631
5.83524,21.7376,0.339821
5.9749,22.6855,0.0423078
5.87657,23.656,-0.337043
5.77218,24.6371,-0.721589
6.00492,25.5843,-0.26104
6.0074,26.5786,-0.417133
5.87095,27.5527,-0.570174
6.01988,28.5466,-0.602432
6.88811,2.20108,-0.81185
6.90114,3.03881,-0.33065
7.03939,4.09505,-0.0513352
6.9909,5.06363,-0.37109
6.89031,6.05117,-0.504035
6.83189,7.07262,-0.398001
6.84797,8.0639,-0.272954
6.75867,9.04678,-0.441404
6.83215,10.0246,-0.69422
6.77952,10.9931,-0.983862
6.86493,12.0039,-0.954659
6.90584,13.05,-1.12446
6.77435,13.5315,-1.94794
6.88265,14.4544,-1.53329
6.89374,14.6211,-2.52556
6.81088,15.4892,-1.98858
6.71117,16.3284,-1.37016
6.77046,17.0719,-0.687326
7.00529,18.0244,-0.300629
7.02919,19.0361,-0.151424
7.15182,20.0266,-0.0275582
6.90257,21.004,-0.146272
6.78803,21.996,0.210105
6.92946,22.947,0.00382702
6.83063,23.9299,-0.113855
6.79958,24.7093,-0.785818
7.02312,25.5938,-0.364205
7.03005,26.5688,-0.305048
6.8917,27.5425,-0.392425
7.07987,28.5227,-0.341679
7.90414,2.25825,-0.715326
7.89511,3.25002,-0.459993
8.02964,4.25465,-0.335649
8.01549,5.25464,-0.460628
7.93721,6.24113,-0.535548
7.84109,7.33017,-0.39725
7.83962,8.34448,-0.404459
7.84196,9.33003,-0.299283
7.79488,10.3638,-0.639863
7.71902,11.328,-0.740526
7.87129,12.3932,-0.803909
7.88856,13.3719,-1.13356
7.85248,13.6373,-2.0904
7.91052,14.5511,-1.65639
7.91539,14.9054,-2.57195
7.8007,15.8038,-2.10113
7.7274,16.5277,-1.42008
7.77723,17.2876,-0.742943
8.014,18.1412,-0.300363
7.99028,19.1156,-0.29657
8.17407,20.1035,-0.221937
7.92701,21.0973,-0.248735
7.80689,22.0054,0.187808
7.92071,22.9735,0.142686
7.80808,23.8479,-0.340223
7.81381,24.7828,-0.819138
8.09985,25.6653,-0.318799
8.04257,26.6495,-0.392547
7.69607,27.4934,0.249812
8.0775,28.4212,-0.0527268
8.90287,2.51765,-0.632423
8.81619,3.55606,-0.569695
8.96716,4.54962,-0.594119
9.00363,5.49407,-0.26744
8.93656,6.50443,-0.465227
8.89205,7.52341,-0.643565
8.87963,8.54009,-0.723264
8.79551,9.57605,-0.635939
8.82228,10.6379,-0.717557
8.71842,11.6826,-0.846962
8.80582,12.7073,-1.08277
8.89182,13.791,-1.26563
8.8577,13.8189,-2.34917
8.9185,14.8209,-1.89615
8.92319,15.0502,-2.88256
8.84155,15.7665,-2.14076
8.74219,16.5083,-1.41426
8.78653,17.2706,-0.774703
8.99477,18.0996,-0.248393
9.01937,19.0883,-0.470855
9.20561,20.0498,-0.184039
8.93817,21.0684,-0.115326
8.7724,22.0597,-0.160881
8.94356,22.9938,0.0943846
8.84009,23.8575,-0.404682
8.85995,24.8182,-0.731602
9.14967,25.7334,-0.379098
9.08729,26.7554,-0.402573
8.71977,27.5497,0.126164
9.09729,28.3004,-0.393521
9.85651,2.83632,-0.322037
9.81761,3.75582,-0.723988
10.0156,4.72271,-0.528794
10.0175,5.6963,-0.32833
9.94493,6.70623,-0.363042
9.89707,7.76545,-0.419459
9.87381,8.76233,-0.636909
9.80036,9.74885,-0.766726
9.82181,10.7975,-0.888354
9.72568,11.8304,-0.981719
9.80886,12.9163,-1.21555
9.87295,13.9677,-1.30865
9.86895,14.0165,-2.36866
9.94728,14.9631,-1.88544
9.94402,15.1207,-2.86554
9.90599,15.8677,-2.18289
9.80268,16.533,-1.44776
9.75707,17.0768,-0.605158
9.97707,18.0475,-0.446046
10.0398,19.0777,-0.400427
10.2039,20.0096,-0.108374
9.93044,20.9715,-0.312485
9.74017,21.8868,0.0393262
9.9403,22.8717,0.228678
9.90612,23.7432,-0.288479
9.67786,24.7411,-0.17329
10.1192,25.6191,-0.159316
10.111,26.6645,-0.0915983
9.77652,27.5682,0.23654
10.1325,28.14,-0.480377
10.9088,2.81777,-0.329875
10.7664,3.82569,-0.459624
10.9887,4.83229,-0.29653
11.0264,5.89588,-0.289834
10.9227,6.90639,-0.369918
10.9465,7.87346,-0.690957
10.8577,8.83844,-0.850008
10.8012,9.85301,-0.660881
10.8123,10.8769,-0.803003
10.791,11.8786,-1.04187
10.8077,12.936,-1.16663
10.9054,13.9319,-1.39201
10.9478,14.0267,-2.45706
11.0469,14.798,-1.82054
10.9647,14.9649,-2.82821
10.9172,15.5726,-2.04904
10.8368,16.462,-1.59481
10.7516,17.0615,-0.795141
10.9628,17.998,-0.46397
11.0504,18.9618,-0.116773
11.2852,19.9202,-0.175161
11.019,20.8764,-0.474615
10.7496,21.7806,-0.078985
10.96,22.7332,0.0372936
10.9299,23.7361,-0.187158
10.6943,24.678,-0.0632618
11.1621,25.5887,-0.108701
11.1636,26.5689,-0.286413
10.7471,27.4571,0.0178808
11.2018,28.1504,-0.504767
11.9045,2.80133,-0.324162
11.7937,3.80191,-0.358681
12.0714,4.82736,-0.352831
12.0752,5.85533,-0.335502
11.9385,6.89281,-0.472408
11.947,7.93595,-0.545552
11.9145,8.90936,-0.676766
11.8546,9.90852,-0.753636
11.8018,10.9332,-0.838514
11.7973,11.9523,-0.939634
11.868,12.9506,-1.27694
11.9586,13.9266,-1.53005
11.959,13.922,-2.59547
12.0121,14.8035,-1.9513
12.0596,14.9295,-2.94132
11.992,15.5226,-2.12412
11.8412,16.2447,-1.4462
11.8031,17.0624,-0.899603
12.0238,17.9521,-0.486581
12.0546,18.7771,0.0201971
12.3062,19.756,-0.134089
12.016,20.7697,-0.0740471
11.767,21.7539,-0.0152379
11.9361,22.7188,0.186718
11.9054,23.6685,-0.00990326
11.6889,24.6077,-0.189682
12.1481,25.4719,-0.00398572
12.198,26.4153,-0.387472
11.8119,27.3193,-0.115961
12.1844,28.2337,-0.197571
12.9746,2.87012,-0.286099
12.8392,3.85986,-0.494116
13.1003,4.82914,-0.431156
13.1047,5.86091,-0.359993
13.016,6.94053,-0.494299
13.0056,7.99543,-0.660411
12.9426,9.0134,-0.599533
12.8828,10.0328,-0.751018
12.8736,11.0376,-0.96307
12.8238,12.0395,-0.944621
12.9116,12.9986,-1.42238
12.9886,13.9883,-1.54075
13.0178,14.0594,-2.52298
13.1066,14.871,-1.85343
13.0979,15.0292,-2.8753
13.0258,15.6943,-2.13132
12.8407,16.1904,-1.30958
12.7951,16.9977,-0.707413
13.0807,17.8307,-0.244459
13.0486,18.7966,0.0854549
13.326,19.7351,-0.0567339
13.0303,20.7151,-0.199039
12.788,21.6834,-0.0738792
12.949,22.6542,0.297375
12.9717,23.5298,-0.204782
12.7691,24.4883,-0.257506
13.1697,25.4182,-0.227766
13.2489,26.4302,-0.442994
12.8322,27.2191,0.0118717
13.1834,28.1584,0.0976959
13.9804,2.91654,-0.319578
13.9084,3.94383,-0.348988
14.0823,4.92914,-0.379266
14.0902,5.94028,-0.473873
14.0767,6.95298,-0.585644
14.0527,7.9926,-0.681091
13.9921,9.00963,-0.523692
13.9381,9.99749,-0.797476
13.95,11.0173,-0.901138
13.8484,12.0738,-1.11231
13.9298,13.0883,-1.28419
14.0246,14.039,-1.58954
14.037,14.0392,-2.59678
14.1297,14.8757,-1.93673
14.0969,14.9851,-2.9811
14.0437,15.7433,-2.28295
13.8568,16.3468,-1.47978
13.7897,16.8691,-0.582614
14.0359,17.8276,-0.644179
14.0286,18.7177,-0.109812
14.3642,19.6196,0.123371
13.9825,20.5674,0.121012
13.7879,21.5622,-0.0554033
13.9499,22.5043,0.212568
14.0202,23.4999,-0.209528
13.8101,24.4703,-0.278524
14.1433,25.3762,-0.580233
14.2921,26.3775,-0.538282
13.8265,27.1785,-0.1992
14.2201,28.0701,0.0182989
15.063,2.97642,-0.320533
14.933,3.99177,-0.382449
15.1471,5.01573,-0.295636
15.1489,5.9799,-0.622654
15.0897,6.95808,-0.408927
15.0792,7.93029,-0.615372
14.9805,8.93807,-0.687994
15.0009,9.94371,-0.902307
15.0091,10.9254,-1.02663
14.8959,11.9096,-1.18944
14.893,12.8807,-1.55887
15.0324,13.9177,-1.53408
15.0523,13.9741,-2.52319
15.1768,14.7848,-1.93925
15.1385,14.7611,-3.00487
15.0257,15.5952,-2.46348
14.8323,16.3292,-1.75951
14.7381,16.934,-0.904697
15.1128,17.7892,-0.556413
15.0946,18.7691,-0.244847
15.4042,19.7086,-0.107837
14.9738,20.6292,0.198639
14.7884,21.6465,0.174221
15.0021,22.6799,0.0984161
15.0596,23.6198,-0.203345
14.8404,24.6011,-0.389041
15.1668,25.5594,-0.652504
15.3012,26.5082,-0.362444
14.8051,27.2899,-0.0264779
15.2191,28.1566,0.26166
16.144,2.88071,-0.334175
15.9701,3.85535,-0.354006
16.196,4.81735,-0.445289
16.1476,5.82237,-0.449748
16.0503,6.8588,-0.583657
16.1536,7.89838,-0.546681
16.0201,8.94332,-0.575414
16.0716,9.94407,-0.760387
16.0372,10.9243,-1.05341
15.9343,11.9136,-1.29824
15.924,12.9169,-1.37743
16.0897,13.9408,-1.49597
16.0824,14.0043,-2.5666
16.1585,14.7584,-1.87544
16.1917,14.7684,-2.8609
16.0126,15.4839,-2.18271
15.9109,16.429,-1.83908
15.7485,16.895,-0.927775
16.0827,17.8118,-0.61727
16.0963,18.7914,-0.257204
16.3205,19.6232,0.290652
15.9651,20.5578,0.265358
15.7892,21.5666,0.38938
15.9591,22.5763,0.415827
16.048,23.4583,-0.132466
15.7606,24.4357,-0.139317
16.1169,25.3704,-0.30202
16.2666,26.3778,-0.238313
15.8347,27.2718,0.0943022
16.1941,28.1122,0.492007
17.1699,2.88744,-0.147725
16.9787,3.85481,-0.305255
17.2284,4.84483,-0.456255
17.1453,5.88534,-0.348228
17.0626,6.9131,-0.424729
17.0982,7.90893,-0.261531
17.0989,8.88171,-0.418857
17.0897,9.8539,-0.594427
17.0929,10.7975,-1.02547
17.0012,11.8021,-1.22626
16.9316,12.7951,-1.26292
17.0608,13.6953,-1.73382
17.0824,14.0976,-2.71836
17.1773,14.6331,-1.82567
17.1714,14.6357,-2.79171
17.0347,15.4878,-2.26193
16.9249,16.3641,-1.78798
16.8027,16.9199,-0.9442
17.0862,17.8546,-0.619919
17.1072,18.8761,-0.489087
17.2651,19.7642,-0.0798944
17.0049,20.7249,0.168133
16.8367,21.6694,0.428846
16.9802,22.6962,0.427546
17.1493,23.507,-0.106909
16.7857,24.4152,-0.282516
17.1464,25.3438,-0.118757
17.2713,26.3068,-0.336628
16.8846,27.3145,-0.182733
17.2047,28.0665,0.425587
18.2336,2.85842,-0.0973327
18.0135,3.79738,-0.28063
18.2845,4.79125,-0.247847
18.1234,5.80339,-0.231144
18.0212,6.80554,-0.121586
18.1398,7.85165,-0.157701
18.145,8.78824,-0.566411
18.1347,9.79873,-0.707489
18.1538,10.7209,-1.07659
18.0412,11.7193,-1.30202
17.988,12.8347,-1.21144
18.086,13.8006,-1.60966
18.1084,13.9439,-2.60157
18.1884,14.6627,-1.89494
18.193,14.6212,-2.87205
18.0141,15.4016,-2.21144
17.961,16.3075,-1.73606
17.798,17.1235,-1.16547
18.1025,17.7969,-0.526594
18.0968,18.8013,-0.516605
18.2872,19.6708,-0.102066
18.0226,20.684,0.105594
17.8441,21.6107,0.371239
18.0589,22.5916,0.205857
18.1224,23.4958,-0.295044
17.8128,24.4311,-0.158324
18.1712,25.371,-0.112049
18.338,26.4015,-0.407108
17.8973,27.2494,-0.0796564
18.2847,28.0077,0.38439
19.2915,2.95483,-0.195114
18.973,3.78297,0.145228
19.2842,4.62939,-0.261339
19.2156,5.66258,-0.269124
19.1159,6.67673,-0.138191
19.2133,7.66868,-0.302866
19.1634,8.64125,-0.516169
19.1958,9.61386,-0.732496
19.1651,10.5549,-1.10927
19.1008,11.5485,-1.18756
19.0639,12.6135,-1.26504
19.1108,13.6681,-1.57144
19.1461,13.802,-2.59543
19.1407,14.5243,-1.8416
19.167,14.8428,-2.79004
19.0854,15.3537,-1.89432
18.9705,16.3796,-1.63941
18.796,17.0858,-0.98182
19.1553,17.7403,-0.29787
19.0843,18.7293,-0.450429
19.2998,19.6211,0.0194067
19.0608,20.5707,0.176638
18.8847,21.5029,0.439363
19.1343,22.4905,0.210437
19.16,23.4881,-0.0203864
18.8015,24.4142,-0.29237
19.2006,25.317,-0.152852
19.3711,26.3315,-0.36473
18.8895,27.0511,0.122761
19.2992,27.9092,0.521262
20.1485,2.55932,0.148558
20.0168,3.51365,-0.0547044
20.2855,4.45817,-0.192254
20.1855,5.47208,-0.119947
20.1714,6.52301,0.00440382
20.1619,7.51004,-0.111759
20.1937,8.39291,-0.573748
20.2452,9.39301,-0.588397
20.1683,10.3698,-0.853609
20.1544,11.3877,-1.21057
20.0534,12.392,-1.26634
20.0876,13.4217,-1.34076
20.0925,13.5155,-2.3233
20.1139,14.2253,-1.57532
20.114,14.486,-2.55425
20.1865,15.3026,-1.97462
19.9227,16.1585,-1.51062
19.8143,16.9998,-0.907337
20.1351,17.8715,-0.550069
20.1347,18.8701,-0.462896
20.2983,19.7377,0.0370647
20.0806,20.6968,0.189215
19.8779,21.6604,0.187353
20.158,22.6142,0.101349
20.1824,23.5359,-0.321497
19.7552,24.422,-0.72801
20.165,25.3622,-0.527253
20.3568,26.2702,-0.276537
19.9629,27.1196,0.102426
20.243,28.105,0.312482
21.1115,2.20378,0.114527
20.9682,3.27735,0.112705
21.3017,4.26531,-0.138765
21.1281,5.2246,0.105631
21.1934,6.2189,-0.00222785
21.2147,7.27166,-0.0107059
21.2093,8.21146,-0.398883
21.2053,9.16188,-0.78764
21.1434,10.1623,-0.711841
21.1415,11.153,-1.10244
21.0593,12.145,-1.20222
21.0624,13.1778,-1.04492
21.1471,13.3188,-2.01483
21.1472,14.1633,-1.4895
21.1352,14.6194,-2.36829
21.1751,15.3574,-1.71827
20.9363,16.2659,-1.45861
20.9081,17.0489,-0.830406
21.1436,18.0134,-0.590316
21.1178,19.028,-0.404022
21.2414,19.9721,-0.0241157
21.023,20.9732,0.185516
20.8279,21.9763,0.104834
21.1557,22.9265,0.213022
21.2157,23.7338,-0.400977
20.8027,24.6276,-0.506623
21.171,25.556,-0.472045
21.348,26.5731,-0.283886
20.9696,27.3535,0.217759
21.3284,28.2456,0.265603
22.1208,2.14216,0.196515
21.9749,3.1595,0.288177
22.2796,4.00655,-0.167519
22.1684,4.99093,-0.0112217
22.1206,5.97489,0.223649
22.2038,6.94966,-0.0464858
22.2472,7.91088,-0.391864
22.2187,8.92878,-0.716108
22.1589,9.94568,-0.692462
22.1762,10.8482,-1.04806
22.0447,11.8508,-1.04961
22.0351,12.8362,-0.832786
22.1872,13.3045,-1.71945
22.1478,14.137,-1.24655
22.1178,14.5469,-2.18231
22.2159,15.3929,-1.63843
21.952,16.3853,-1.46721
21.9426,17.0632,-0.757839
22.1354,17.9963,-0.478014
22.1492,19.0052,-0.49696
22.2367,19.9091,0.0337046
22.0837,20.9688,0.0164586
21.8559,21.8985,0.333183
22.198,22.9069,0.207462
22.2089,23.8314,-0.23907
21.8052,24.7366,-0.241047
22.0459,25.6307,0.08811
22.3886,26.4611,-0.405695
21.9746,27.1693,0.249049
22.3523,28.1921,0.270363
23.1438,1.91397,0.235554
22.9706,2.88419,0.452922
23.2472,3.81688,0.0917814
23.144,4.77188,-0.285919
23.0693,5.74147,0.0827296
23.2272,6.63543,-0.261232
23.1998,7.67454,-0.261574
23.2065,8.64667,-0.523011
23.1509,9.66764,-0.822315
23.2406,10.6899,-1.03478
23.057,11.7233,-1.13116
23.0051,12.682,-0.687738
23.2108,13.1111,-1.58971
23.17,13.9771,-1.11988
23.1212,14.5977,-1.90703
23.1474,15.3553,-1.2198
22.9982,16.317,-1.4357
22.9669,17.0866,-0.760363
23.1255,18.0644,-0.709897
23.1745,19.0083,-0.44611
23.2005,19.9795,-0.281103
23.0655,20.9208,0.181875
22.9133,21.9568,0.363869
23.2225,22.9166,0.14922
23.2158,23.8766,-0.224512
22.8438,24.8033,-0.257006
23.0463,25.7839,0.148817
23.3718,26.618,-0.230146
22.9746,27.4885,0.0838801
23.3199,28.42,0.0150395
24.1043,1.83958,0.480374
23.9991,2.80937,0.523444
24.2443,3.6859,-0.0235481
24.1749,4.60652,-0.428721
24.0883,5.53791,0.0782739
24.2248,6.58211,-0.0235359
24.2901,7.53419,-0.221982
24.2415,8.5251,-0.353569
24.1626,9.46645,-0.76697
24.2384,10.4475,-1.0696
24.0084,11.4039,-0.786059
24.0026,12.3803,-0.840718
24.2168,12.9594,-1.62727
24.1592,13.8283,-1.13278
24.1888,14.5022,-1.98979
24.1417,15.3367,-1.30086
24.0208,16.3734,-1.53134
23.9581,16.919,-0.637852
24.0918,17.9073,-0.527982
24.2163,18.9051,-0.341008
24.2458,19.906,-0.202445
24.0898,20.8783,0.197842
23.9564,21.9136,0.130396
24.2571,22.8837,0.209738
24.1778,23.8824,0.00529801
23.821,24.8228,-0.311359
24.0511,25.7922,0.0308603
24.3574,26.694,-0.18229
24.0237,27.5334,0.318241
24.3872,28.4331,0.0821986
25.1483,1.77997,0.558193
24.9893,2.75793,0.372201
25.2276,3.55112,-0.183325
25.1732,4.51103,-0.50809
25.1331,5.3069,0.0939268
25.1868,6.23196,-0.305536
25.2478,7.18986,-0.0580584
25.2402,8.16035,-0.38695
25.1582,9.11458,-0.503613
25.1552,10.179,-0.817743
25.0772,11.1748,-0.794266
25.0895,12.2134,-0.948564
25.2931,12.93,-1.64279
25.2093,13.7565,-1.07496
25.1712,14.4289,-1.87906
25.169,15.2414,-1.27995
25.0585,16.3248,-1.37517
24.9842,17.0168,-0.588095
25.1445,18.0193,-0.477557
25.2204,19.0358,-0.41207
25.2608,20.0177,-0.0700339
25.0857,20.9195,0.343199
25.0119,21.9084,0.140223
25.255,22.8463,0.110599
25.1755,23.8493,-0.100195
24.8206,24.7597,-0.172027
25.0673,25.7231,0.0598346
25.3885,26.6482,-0.26202
25.0598,27.4794,0.164943
25.3735,28.428,0.160695
26.1587,1.61288,0.496707
25.9619,2.53767,0.128224
26.1633,3.31334,-0.436473
26.2197,4.34762,-0.548717
26.166,5.00951,0.1785
26.1293,5.97039,-0.135548
26.2466,6.97157,-0.0829463
26.2199,7.96548,-0.166836
26.1482,8.84749,-0.637083
26.1653,9.89693,-0.719425
26.0414,10.8783,-0.550557
25.9993,11.8599,-0.777401
26.3082,12.7061,-1.2957
26.141,13.653,-0.751534
26.0627,14.3388,-1.45875
26.1898,15.2711,-1.13114
26.031,16.2723,-1.07919
26.0058,17.1391,-0.504984
26.1144,18.1434,-0.351692
26.2099,19.1061,-0.136653
26.2818,20.1333,-0.0776818
26.123,20.9236,0.496677
26.0317,21.9287,0.340599
26.2454,22.8289,-0.0884701
26.1658,23.8515,-0.264458
25.8966,24.8431,-0.200964
26.0234,25.8394,-0.177001
26.3557,26.7632,-0.416898
26.0752,27.5815,0.0398297
26.3939,28.5786,0.00455336
27.2154,1.59818,0.650896
26.9745,2.49161,0.21998
27.1569,3.09431,-0.603595
27.146,4.06986,-0.692203
27.2195,4.81711,-0.021543
27.1071,5.82286,0.0164586
27.2862,6.77796,-0.191922
27.2307,7.74619,-0.171676
27.1347,8.63265,-0.545674
27.2093,9.67072,-0.69339
27.0129,10.6449,-0.415415
27.0024,11.6101,-0.793695
27.2941,12.5018,-1.09971
27.1949,13.4299,-0.796036
27.0383,14.3979,-1.18999
27.128,15.3301,-0.819245
27.0759,16.3078,-0.994983
27.0428,17.1586,-0.46737
27.1465,18.1323,-0.113266
27.2139,19.1731,-0.255046
27.2993,20.169,-0.309119
27.0447,21.0484,0.0763573
27.0643,22.0645,0.160106
27.1939,22.8737,-0.462667
27.1696,23.8732,-0.153179
26.9739,24.9124,-0.0792779
26.9885,25.8492,-0.403125
27.3247,26.7757,-0.301862
27.1175,27.6585,0.187994
27.3741,28.5996,0.35515
28.1965,1.7297,0.847783
27.9905,2.36519,0.135609
28.098,2.78111,-0.796274
28.1104,3.83519,-0.637034
28.2214,4.6157,-0.0172735
28.1645,5.59874,0.00350352
28.2343,6.62808,0.146123
28.1646,7.52711,-0.336879
28.1165,8.50947,-0.341438
28.2188,9.42521,-0.698059
28.0606,10.3383,-0.241307
28.0296,11.3923,-0.457689
28.2415,12.3085,-0.736106
28.1915,13.2778,-0.731916
28.0254,14.3177,-0.956648
28.1635,15.2762,-0.73072
28.137,16.2943,-1.03859
28.1028,17.1588,-0.434346
28.1645,18.1474,-0.364537
28.2247,19.1887,-0.446568
28.2972,20.1621,-0.574142
28.053,20.9472,0.0123112
28.0685,21.9605,0.0258522
28.1541,22.9334,-0.15801
28.1781,23.8964,-0.429463
28.0314,24.844,-0.0999481
28.0177,25.7758,-0.453224
28.299,26.7391,-0.326734
28.155,27.6495,0.101355
28.4012,28.6363,0.190844
29.1708,1.61266,0.968014
29.014,2.29214,0.247981
29.1212,2.67283,-0.685223
29.1359,3.66583,-0.536555
29.2243,4.37765,0.17257
29.2207,5.38121,0.0215979
29.2011,6.39679,0.15967
29.1391,7.41263,0.0833552
29.1406,8.23474,-0.44753
29.2093,9.26368,-0.606281
29.1047,10.2512,-0.431657
29.0044,11.2246,-0.299091
29.2664,12.0782,-0.738035
29.2073,13.0816,-0.560903
29.0238,14.0602,-0.708054
29.169,15.0536,-0.672054
29.0705,16.0756,-0.709992
29.1254,17.0656,-0.652474
29.154,18.0302,-0.294537
29.2067,19.0335,-0.234727
29.2879,19.9891,-0.497375
29.0641,20.8663,0.0940489
29.0306,21.8199,-0.142854
29.1883,22.7908,-0.119031
29.1714,23.792,-0.0914884
29.0897,24.766,-0.231169
29.1001,25.7687,-0.262407
29.2947,26.7403,-0.38265
29.1389,27.6627,-0.0755242
29.4119,28.5285,0.433372
