0.146596,0.40408,-2.02738
0.119761,1.72711,-1.99413
0.0658742,2.9938,-2.08344
0.125935,4.22554,-2.17279
0.107013,5.47393,-2.28453
0.126145,6.72276,-2.38554
0.0898618,7.9338,-2.44015
0.286248,9.16524,-2.47839
0.436088,10.3639,-2.53713
0.733699,11.5339,-2.71386
1.06635,12.6361,-2.92438
0.944792,13.735,-2.63298
0.528654,14.7376,-2.33966
0.420911,15.7364,-2.03251
0.110831,16.3885,-1.32249
0.370711,17.3661,-1.09125
-0.109622,18.2585,-0.932981
0.105783,17.2881,-1.07629
0.0350444,18.068,-0.471331
-0.0293558,19.0065,-0.057152
0.843123,1.21724,-2.11968
0.891269,2.39754,-2.163
0.924552,3.59362,-2.18188
0.959801,4.79596,-2.29487
1.01335,5.98995,-2.3801
1.11507,7.18148,-2.5544
1.0704,8.40449,-2.64009
1.25331,9.64519,-2.71855
1.32412,10.9025,-2.89949
1.57198,12.0529,-3.18816
1.8273,13.2671,-3.5019
1.76963,14.3399,-3.08035
1.39125,15.2314,-2.53758
1.39426,16.2296,-2.16504
1.09511,16.7137,-1.29261
1.20109,17.653,-1.66216
0.932527,18.1958,-0.807535
0.96151,17.4673,-1.52416
1.04076,18.0999,-0.799158
0.92808,19.02,-0.407263
1.82542,1.58892,-2.22148
1.87682,2.69969,-2.29326
1.91742,3.94572,-2.29726
1.93709,5.14221,-2.4325
1.94567,6.3713,-2.54244
2.08759,7.61578,-2.62266
2.04047,8.84702,-2.8462
2.16565,10.1477,-3.00629
2.25912,11.4415,-3.25283
2.31055,12.7467,-3.65713
2.42915,14.1297,-4.1312
2.38674,15.3139,-3.3784
2.16039,15.7378,-2.0554
2.2005,16.9438,-2.27563
1.99893,17.3378,-1.19482
2.13248,17.8468,-1.9873
1.98035,18.0048,-0.956652
1.88008,17.6424,-1.86275
2.08809,18.1117,-0.995724
1.92727,19.0384,-0.617115
2.81318,1.25472,-2.23938
2.90501,2.44954,-2.32344
2.88814,3.6366,-2.30951
2.89334,4.83081,-2.31593
2.93908,6.02716,-2.4136
2.99006,7.19224,-2.5752
2.97551,8.38783,-2.73262
3.05992,9.60354,-2.97572
3.04968,10.7557,-3.23576
3.00115,11.9388,-3.32764
2.94599,13.1508,-3.51429
2.88246,14.2135,-3.11101
2.85483,14.9911,-2.3692
2.81208,15.9954,-2.15338
2.71114,16.539,-1.27988
3.01299,17.2641,-1.88688
2.97496,17.7682,-1.01141
2.87671,17.4508,-2.03439
3.12512,18.1292,-1.34859
2.89715,19.0049,-0.928932
3.85448,1.01576,-2.14953
3.91179,2.14166,-2.21172
3.87449,3.25524,-2.06806
3.82734,4.37826,-2.14306
3.84733,5.49284,-2.3868
3.82588,6.61231,-2.50335
3.83508,7.78382,-2.59627
3.88155,8.89478,-2.8017
3.72909,10.0282,-2.86303
3.68406,11.1404,-2.99738
3.65948,12.298,-3.11797
3.5845,13.3351,-2.94434
3.67616,14.3214,-2.56804
3.58542,15.2398,-2.19178
3.58736,15.9784,-1.50284
3.94306,16.8953,-1.75683
3.9448,17.3497,-0.878344
3.93676,17.5062,-1.84949
4.13354,18.2957,-1.28216
3.91698,19.2052,-0.903684
4.83615,0.693902,-2.03897
4.83812,1.83039,-2.12463
4.80125,2.8658,-2.16381
4.79895,3.94128,-2.17725
4.73966,5.01004,-2.27534
4.78158,6.15654,-2.26495
4.7283,7.23344,-2.3839
4.74505,8.32366,-2.6005
4.62455,9.42103,-2.69033
4.57421,10.5202,-2.79909
4.46303,11.6452,-2.78615
4.50808,12.6855,-2.7797
4.44816,13.6183,-2.39254
4.39938,14.5848,-2.13124
4.53267,15.4536,-1.66829
4.8715,16.3988,-1.66811
4.94128,17.2014,-1.09221
4.93918,17.4582,-2.08078
5.0619,18.3331,-1.69023
4.89065,18.9692,-0.931242
5.77216,0.319974,-1.84714
5.80065,1.40259,-2.10264
5.79146,2.51306,-2.10733
5.75664,3.61911,-2.06104
5.72114,4.7171,-2.15329
5.76605,5.73696,-2.25331
5.67941,6.83207,-2.31254
5.68871,7.84015,-2.39477
5.52012,8.91799,-2.49991
5.50197,10.0163,-2.52965
5.3251,11.082,-2.45035
5.33598,12.1164,-2.41174
5.35738,13.1423,-2.25595
5.35307,14.0758,-1.8976
5.51534,15.0251,-1.51997
5.78843,15.9839,-1.57589
5.87184,16.8314,-1.03841
5.91736,17.3087,-1.91867
5.88866,17.9955,-1.13703
5.89624,19.0097,-0.837873
6.79429,0.195868,-1.78079
6.77871,1.30557,-1.80551
6.74501,2.29269,-1.65677
6.6934,3.30783,-1.99507
6.71511,4.39436,-1.97873
6.72469,5.43119,-1.9409
6.6381,6.48063,-1.99362
6.65944,7.5772,-1.96671
6.45949,8.57917,-2.32043
6.47095,9.6157,-2.22787
6.29236,10.6831,-2.27405
6.29404,11.7031,-2.2682
6.26583,12.6955,-1.92597
6.34183,13.7226,-1.69389
6.47766,14.6512,-1.36063
6.74703,15.6399,-1.57499
6.80263,16.4209,-0.951604
6.87388,17.1026,-1.68613
6.97446,18.0074,-1.19011
6.90698,18.8996,-0.683187
7.8164,-0.030488,-1.70562
7.76786,1.01802,-1.60611
7.7573,2.07254,-1.62825
7.68942,3.1698,-1.64078
7.67422,4.20012,-1.68701
7.71149,5.23078,-1.83002
7.64799,6.25824,-1.97903
7.62585,7.25613,-1.95039
7.49483,8.33386,-2.08714
7.48052,9.3344,-2.07643
7.32545,10.3879,-2.09546
7.31765,11.4402,-2.03337
7.32842,12.4217,-1.77355
7.3545,13.4746,-1.52249
7.57729,14.4402,-1.41025
7.70402,15.4337,-1.4681
7.78207,16.4165,-1.28351
7.89395,17.1779,-1.91238
7.96584,17.8227,-1.1289
7.88894,18.8081,-0.801819
8.87756,-0.0741691,-1.7123
8.84228,0.917704,-1.56439
8.78314,1.92766,-1.45234
8.65222,2.95838,-1.38792
8.63474,4.00773,-1.44827
8.70486,5.03594,-1.65247
8.68564,6.04366,-1.723
8.62031,7.11482,-1.86453
8.55494,8.18587,-1.96507
8.55535,9.23158,-2.05967
8.35082,10.2031,-2.05818
8.41727,11.2674,-1.89013
8.44075,12.2779,-1.6607
8.38297,13.2277,-1.24458
8.62356,14.1813,-1.44904
8.74956,15.2003,-1.27105
8.78034,16.2126,-1.11713
8.9165,17.2139,-1.51885
8.96156,18.0794,-0.95866
8.85148,19.0194,-0.640214
9.86038,-0.264449,-1.40167
9.91517,0.80314,-1.41105
9.81929,1.85892,-1.37925
9.69663,2.92741,-1.33675
9.64636,3.94156,-1.3292
9.75474,4.99218,-1.56059
9.72421,6.07932,-1.51199
9.67741,7.15168,-1.58901
9.60449,8.15144,-1.69331
9.58297,9.19173,-1.72564
9.36678,10.2006,-1.74676
9.47979,11.1701,-1.8129
9.45195,12.1336,-1.56026
9.44052,13.1286,-1.24013
9.70189,14.1411,-1.30778
9.76114,15.2013,-1.25472
9.80499,16.1869,-0.948155
9.91451,17.1223,-1.25193
9.9619,18.0918,-1.13541
9.8017,19.0561,-0.995108
10.8677,-0.168569,-1.24889
10.886,0.890597,-1.23475
10.8332,1.90135,-1.46224
10.6931,2.88594,-1.2663
10.6636,3.94109,-1.23759
10.7291,4.97865,-1.30856
10.7385,6.03338,-1.50501
10.7489,7.07191,-1.55608
10.634,8.09441,-1.64295
10.6513,9.11705,-1.54263
10.434,10.0723,-1.71818
10.5232,11.08,-1.734
10.5257,12.0487,-1.52647
10.4611,13.001,-1.12179
10.6869,14.0133,-1.16374
10.8094,14.9941,-1.06002
10.7867,16.009,-1.19096
10.9297,17.0283,-1.14276
10.9811,18.0803,-1.13288
10.8494,19.1432,-0.952101
11.858,0.0139592,-1.14192
11.862,1.05628,-1.14884
11.8998,1.97873,-1.52145
11.7126,2.98282,-1.47376
11.7516,3.98358,-1.26728
11.7414,5.02199,-1.29223
11.7725,5.96876,-1.56597
11.7693,6.9688,-1.44601
11.6877,7.99048,-1.46387
11.6794,9.009,-1.65059
11.5264,10.0027,-1.52794
11.5638,11.0375,-1.5276
11.5409,12.0077,-1.17513
11.5564,12.9944,-1.06936
11.7439,13.995,-1.04407
11.8184,14.9954,-0.976577
11.8048,16.0538,-1.13865
11.96,17.042,-0.954543
11.9311,18.042,-0.748527
11.8608,19.0488,-0.881265
12.8887,-0.0471175,-1.04394
12.8679,0.912558,-1.47184
12.9442,1.96757,-1.56276
12.7918,2.96998,-1.57694
12.7919,3.98454,-1.46908
12.7887,4.96681,-1.23737
12.7983,5.96681,-1.32232
12.7968,6.95354,-1.49846
12.6653,7.95645,-1.41646
12.7325,8.96612,-1.52109
12.6322,10.024,-1.43471
12.6653,11.0867,-1.45068
12.6452,12.0422,-1.17872
12.5812,13.0148,-1.03393
12.7803,14.0009,-1.02223
12.86,15.004,-0.951662
12.8412,16.0408,-1.21362
12.9458,17.0441,-1.05754
12.8968,18.085,-0.926035
12.9359,19.1398,-0.910636
13.8566,-0.214283,-1.14495
13.8695,0.793005,-1.31884
13.9374,1.76785,-1.34137
13.8267,2.82817,-1.33916
13.8126,3.829,-1.32785
13.7865,4.82962,-1.38043
13.8317,5.82836,-1.27297
13.8057,6.90813,-1.26825
13.7075,7.97883,-1.4094
13.8232,8.96302,-1.36726
13.7192,10.0233,-1.39204
13.7017,11.0237,-1.30079
13.6722,12.035,-1.07187
13.6686,13.0658,-1.07698
13.8557,14.0475,-0.781829
13.8919,15.066,-1.03611
13.8766,16.0908,-1.0068
13.9727,17.1536,-1.01672
13.9281,18.181,-0.901663
13.9372,19.2139,-0.684262
14.9586,-0.279681,-1.17333
14.8648,0.73191,-1.12197
14.9424,1.8056,-1.16363
14.8324,2.81317,-1.0924
14.8373,3.84253,-1.40522
14.7699,4.84378,-1.43238
14.8857,5.88508,-1.3903
14.8688,6.90154,-1.33061
14.7321,7.9418,-1.36607
14.8823,8.96699,-1.49218
14.7555,9.98341,-1.32477
14.7714,11.0171,-1.26795
14.7099,12.0322,-1.03765
14.7356,13.09,-1.05604
14.8659,14.0784,-0.972503
14.968,15.0962,-0.893234
14.9307,16.1168,-0.891641
14.9994,17.119,-0.921436
14.9459,18.1499,-0.668413
14.9955,19.2034,-0.577682
15.9581,-0.215104,-0.980172
15.906,0.828242,-0.996374
15.9981,1.85157,-1.05922
15.8461,2.9187,-1.11613
15.8001,3.94538,-1.09454
15.7753,4.94352,-1.24667
15.9036,5.94535,-1.17216
15.9303,6.98416,-1.37095
15.7935,8.06305,-1.31571
15.9102,9.03151,-1.32739
15.7977,10.0793,-1.37203
15.8589,11.0671,-1.15231
15.7266,12.046,-1.06149
15.7647,13.1001,-1.05043
15.8771,14.098,-0.976403
16.0211,15.1356,-0.843587
15.9652,16.1589,-0.874657
15.9984,17.1588,-0.807547
15.9566,18.154,-0.539708
16.0407,19.1968,-0.557479
17.0284,-0.225944,-0.898352
16.8803,0.808301,-0.95139
17.0377,1.86452,-1.09634
16.8648,2.90328,-1.07763
16.8521,3.93884,-1.04483
16.8058,4.94126,-1.18227
16.9529,5.97045,-1.11692
16.9433,6.99615,-1.29492
16.8151,8.00104,-1.26782
16.9333,9.01991,-1.2664
16.8017,9.98289,-1.05718
16.879,11.0431,-1.07673
16.7559,12.0327,-0.962639
16.7854,13.0551,-1.10504
16.8384,14.08,-0.727573
17.0099,15.0842,-1.03447
17.0009,16.1094,-0.983132
17.0114,17.1446,-0.96899
17.0401,18.1459,-0.658379
17.0487,19.1032,-0.315143
18.0387,-0.256783,-0.91315
17.966,0.836464,-0.799884
18.049,1.89259,-0.92779
17.9412,2.90849,-0.85985
17.8542,3.96189,-0.879565
17.851,4.96109,-1.13325
17.9908,5.96488,-1.1662
17.9416,6.96156,-0.937776
17.8213,7.98824,-1.01649
17.9841,8.95725,-1.05925
17.8654,9.99284,-0.816007
17.9241,11.0227,-1.01017
17.8387,12.037,-1.07644
17.8271,13.0542,-1.1238
17.8313,14.0705,-0.874636
18.0332,15.0516,-0.910981
18.0342,16.1008,-0.946446
17.9926,17.1177,-0.675674
18.1111,18.1304,-0.456087
18.0237,19.0314,-0.00877407
19.0741,0.0722495,-1.02753
18.9528,1.1372,-0.990616
19.0365,2.07857,-0.654921
18.9894,3.03308,-0.916208
18.8549,4.06608,-0.959899
18.8802,4.99997,-1.32014
19.0559,5.97103,-1.09115
18.9772,6.95066,-0.982516
18.8796,7.97555,-1.15264
19.0562,9.01115,-1.0925
18.8887,10.0257,-1.05441
18.9619,11.0278,-1.0974
18.8989,12.0632,-1.02278
18.8301,13.0606,-1.01416
18.9517,14.0794,-0.758147
19.0309,15.0521,-0.963076
19.0864,16.1165,-0.775765
19.0214,17.1396,-0.5138
19.1155,18.0863,-0.166018
18.9966,19.0486,0.252138
