-0.362474,1.70556,-0.806464
-0.0563707,1.76773,0.196713
-0.0670949,2.77003,0.137135
-0.0862667,3.74282,-0.0199988
-0.181048,4.74638,-0.022541
-0.163778,5.7076,-0.286621
-0.191223,6.73416,-0.281991
-0.224033,7.64053,-0.739033
-0.158516,8.65626,-0.637242
-0.300317,9.56653,-1.04003
-0.129163,10.5303,-0.942384
-0.137559,11.4845,-0.659658
-0.326316,12.4268,-0.863808
-0.263784,13.3501,-1.29873
-0.25063,14.3576,-1.41525
-0.201312,15.3087,-1.06633
-0.373083,16.2209,-0.64546
-0.383505,17.2203,-0.548628
-0.270913,18.1301,-0.094821
0.0609241,19.1041,0.0627003
0.0627094,20.071,-0.209192
-0.25544,21.0001,-0.0890896
-0.159932,22.0429,-0.111213
-0.162993,22.922,0.411255
-0.125599,23.8629,0.0624012
-0.248589,24.7755,0.383847
-0.134117,25.621,-0.0908292
-0.0303446,26.5189,-0.538936
-0.239003,27.5167,-0.704086
-0.309207,28.4334,-0.28157
0.620725,1.87583,-0.988339
0.938752,1.89515,-0.0608753
0.935511,2.87231,-0.0416791
0.956499,3.96435,0.000488296
0.836708,4.93496,-0.0793847
0.902853,5.91819,-0.253755
0.86307,6.89041,-0.480349
0.806037,7.88526,-0.718052
0.829991,8.88851,-0.693915
0.736381,9.80785,-1.15079
0.881118,10.7807,-0.849171
0.846236,11.7293,-0.488137
0.678436,12.5717,-0.959371
0.75486,13.506,-1.32188
0.800879,14.5202,-1.47893
0.813697,15.3428,-0.867714
0.581277,16.3698,-0.794455
0.599365,17.4049,-0.720829
0.718082,18.241,-0.103513
1.11989,19.2062,-0.0288553
1.01754,20.181,-0.00537431
0.711151,21.0586,-0.402939
0.849754,22.0616,-0.236064
0.828059,22.955,0.33715
0.872436,23.8902,0.0460921
0.761559,24.8307,0.318601
0.897293,25.7723,-1.22074e-05
0.957411,26.593,-0.561135
0.77539,27.5404,-0.808631
0.729182,28.3884,-0.255284
1.63294,2.03674,-0.83477
1.92873,2.20498,0.0922697
1.9266,3.18533,-0.077224
1.89392,4.21234,0.220121
1.85777,5.09697,-0.274523
1.88591,6.0692,-0.17767
1.91276,7.00536,-0.662847
1.90878,8.04037,-0.694971
1.79473,9.01441,-0.954927
1.77207,9.99872,-1.18608
1.89593,10.9164,-0.767013
1.83873,11.9053,-0.573873
1.68023,12.6496,-1.29322
1.78541,13.6267,-1.36274
1.81349,14.5682,-1.66088
1.83906,15.2616,-0.851772
1.63736,16.2371,-0.72541
1.61557,17.2702,-0.757692
1.74497,18.1464,-0.208371
2.10006,19.0799,-0.317188
2.05712,20.0686,-0.11547
1.71495,20.9883,-0.422739
1.84777,22.0412,-0.500742
1.8295,22.8811,0.0427046
1.87948,23.9053,-0.00737632
1.77651,24.8666,0.294583
1.89083,25.8492,0.22913
1.98123,26.596,-0.450111
1.76041,27.5567,-0.524564
1.72715,28.4895,-0.286245
2.61953,1.94157,-0.471819
2.86005,2.64408,0.212131
2.88019,3.58944,-0.215677
2.91507,4.44678,0.231159
2.91496,5.24848,-0.3867
2.92292,6.23877,-0.0979553
2.88188,7.2391,-0.469561
2.88568,8.20506,-0.706003
2.82964,9.25283,-0.741258
2.80306,10.1712,-1.19769
2.95956,11.0929,-0.793277
2.80342,12.0385,-0.818793
2.71164,12.8297,-1.44974
2.82985,13.8176,-1.32436
2.81557,14.6951,-1.87813
2.84529,15.1605,-0.972182
2.61452,16.097,-0.680996
2.62472,17.1136,-0.761144
2.75315,18.1131,-0.334373
3.09764,19.0337,-0.116208
3.01712,19.9638,-0.509165
2.77822,20.9299,-0.471923
2.84259,21.9618,-0.565954
2.88419,22.8773,-0.101111
2.83556,23.8574,0.205054
2.82703,24.8437,0.402402
2.84181,25.7512,-0.0505173
3.04888,26.6537,-0.501263
2.74605,27.5859,-0.259432
2.72844,28.5843,-0.32569
3.69066,1.86577,-0.279113
3.83544,2.82872,0.108579
3.85668,3.72885,-0.35436
3.92387,4.61858,0.181063
3.96377,5.35387,-0.515189
4.0084,6.30589,-0.292557
3.95359,7.31529,-0.482495
3.94909,8.30988,-0.72971
3.89819,9.2866,-0.847005
3.82242,10.2321,-1.2794
3.90261,11.2948,-1.17535
3.79296,12.2532,-0.996753
3.7238,12.9907,-1.67782
3.91869,13.8719,-1.28148
3.82034,14.6383,-1.90778
3.8728,15.1492,-1.02738
3.62742,16.0402,-0.643916
3.68324,17.0754,-0.738636
3.76334,18.0719,-0.640992
4.16833,18.9245,-0.178164
4.04968,19.9455,-0.352593
3.80917,20.95,-0.395892
3.80001,21.9614,-0.368322
3.90161,22.8838,-0.0490066
3.87472,23.8224,0.21359
3.85501,24.8525,0.471014
3.86552,25.8231,0.176727
4.03389,26.64,-0.405609
3.7848,27.5668,-0.186569
3.71388,28.6011,-0.320484
4.78599,1.99244,-0.296127
4.84631,2.93434,0.0626362
4.87087,3.72934,-0.527421
4.91822,4.70153,-0.0809168
4.92207,5.58872,-0.518998
5.02306,6.59309,-0.234996
4.92681,7.54682,-0.559233
4.92119,8.58504,-0.798416
4.89918,9.60994,-0.89552
4.8245,10.5645,-1.15091
4.912,11.5895,-1.14936
4.81067,12.5713,-0.862172
4.75484,12.9607,-1.75748
4.90052,13.9265,-1.47367
4.77513,14.8527,-1.93788
4.88571,15.2078,-0.988614
4.65306,16.1298,-0.68677
4.71574,17.1305,-0.778851
4.74512,18.0522,-0.347804
5.201,18.9669,-0.35063
5.04526,19.9344,-0.0993652
4.8238,20.9275,-0.0584704
4.81824,21.8462,-0.571276
4.93262,22.6694,0.021955
4.91384,23.6536,0.205426
4.86784,24.6412,0.438856
4.8895,25.5691,0.0592273
4.99301,26.4777,-0.331867
4.82202,27.4697,-0.23285
4.79136,28.4444,-0.290289
5.78705,2.22177,-0.394675
5.87795,3.15544,0.0577654
5.92394,4.04382,-0.398532
5.92315,4.94675,0.0725822
5.99026,5.82647,-0.342766
6.02765,6.84282,-0.285717
5.95378,7.78463,-0.568462
5.98146,8.76172,-0.829304
5.95129,9.73258,-1.09556
5.85257,10.7534,-1.04857
5.90589,11.7358,-1.3631
5.80861,12.7447,-1.19147
5.65947,13.3523,-1.95628
5.94554,14.189,-1.47672
5.78901,14.9292,-2.14717
5.90906,15.1004,-1.13861
5.65614,16.0706,-0.921079
5.73999,17.041,-0.763747
5.82405,17.9745,-0.382058
6.18469,18.9307,-0.303436
6.103,19.9066,-0.151149
5.64794,20.7001,-0.559673
5.73549,21.6579,-0.189044
5.87492,22.6559,0.224659
5.96719,23.6051,-0.055092
5.81803,24.5697,0.130421
5.9498,25.6139,0.063506
6.00445,26.5379,-0.323945
5.81635,27.4676,-0.0414838
5.8189,28.4555,-0.149648
6.76347,2.29846,-0.478961
6.86319,3.25962,-0.27503
6.99083,4.25919,-0.425239
6.94618,5.22339,-0.141395
6.94531,6.14141,-0.539979
7.0361,7.12168,-0.450655
6.95193,8.12615,-0.382134
6.94917,9.08268,-0.780227
6.95719,9.9736,-1.24601
6.89376,11.0054,-1.05411
6.87728,11.9824,-1.32348
6.86272,12.9499,-1.12559
6.65518,13.5612,-1.90157
6.91419,14.4985,-1.54969
6.74218,14.8227,-2.53986
6.84523,15.1398,-1.57036
6.61137,16.0792,-1.32267
6.76092,17.0188,-0.898614
6.80954,18.0054,-0.727577
7.18183,18.8764,-0.428516
7.0929,19.8535,-0.444496
6.69577,20.721,-0.792773
6.74594,21.5888,-0.302585
6.9041,22.4047,0.265227
6.96423,23.3975,-0.0344188
6.79206,24.38,0.17626
6.94987,25.3603,0.0441694
7.01556,26.3484,-0.161339
6.78284,27.2906,-0.312568
6.80046,28.2762,-0.106275
7.76377,2.38728,-0.622715
7.88575,3.41516,-0.380575
8.05497,4.38259,-0.397632
7.937,5.43895,-0.325321
7.95494,6.38976,-0.526652
8.0427,7.38665,-0.344053
8.0306,8.39797,-0.550914
7.94496,9.32357,-0.960286
7.96105,10.335,-1.28737
7.88229,11.3291,-1.10145
7.86559,12.2839,-1.44708
7.83091,13.285,-1.09474
7.69036,13.5623,-2.07703
7.90063,14.4666,-1.76894
7.77974,14.9107,-2.68093
7.84349,15.3098,-1.74927
7.61537,16.2688,-1.57315
7.75414,17.116,-1.04885
7.81672,17.9774,-0.448198
8.23569,18.8786,-0.4035
8.11198,19.8477,-0.216562
7.74317,20.6922,-0.667556
7.77752,21.6726,-0.247056
7.87327,22.5779,0.202762
7.99359,23.5604,0.0483444
7.76955,24.5269,-0.0380047
7.93455,25.5141,-0.0640339
8.02929,26.5159,0.0555803
7.82127,27.3014,-0.456615
7.87387,28.2762,-0.169518
8.80765,2.54523,-0.46509
8.89038,3.56328,-0.468303
8.9804,4.61238,-0.565893
8.91987,5.59553,-0.456954
8.95828,6.62581,-0.487228
9.04586,7.58424,-0.413272
9.09167,8.61795,-0.613834
8.91379,9.57541,-0.852397
8.9243,10.6279,-0.916733
8.87902,11.6091,-1.03534
8.82412,12.6107,-1.2761
8.78741,13.6648,-1.35066
8.75736,13.7161,-2.33016
8.8871,14.5559,-1.72047
8.73393,14.6608,-2.72245
8.83854,15.3152,-1.97015
8.63179,16.3133,-1.7027
8.80052,16.996,-0.958388
8.87953,17.9282,-0.478094
9.22334,18.904,-0.555519
9.1489,19.7581,-0.0639882
8.7833,20.5924,-0.523994
8.81997,21.5565,-0.350066
8.85124,22.4937,0.0122715
8.99415,23.4797,-0.0608631
8.8425,24.4947,-0.172198
8.91888,25.5115,0.0740806
9.10624,26.5253,-0.0538621
8.84658,27.4164,-0.478872
8.92744,28.3292,-0.112784
9.78683,2.76602,-0.23524
9.83317,3.81717,-0.26227
9.87909,4.84398,-0.202301
9.92517,5.75634,-0.61431
9.95104,6.79918,-0.748946
10.0391,7.782,-0.625529
10.1308,8.74045,-0.770537
10.0076,9.7075,-0.868624
9.94617,10.7062,-0.771828
9.91628,11.6953,-1.01548
9.82473,12.7314,-1.34087
9.78192,13.7671,-1.39882
9.7588,13.7372,-2.42365
9.87701,14.5607,-1.83203
9.75333,14.749,-2.83034
9.93923,15.3777,-1.99879
9.6621,16.2774,-1.66422
9.763,16.8638,-0.815226
9.85679,17.7309,-0.281799
10.1392,18.7354,-0.148805
10.1401,19.722,-0.207877
9.82088,20.6111,-0.575353
9.83659,21.6185,-0.508792
9.86921,22.5084,0.0214331
10.0215,23.4676,-0.169622
9.86898,24.4885,-0.268743
9.93717,25.4009,0.118595
10.1111,26.4333,0.0250252
9.83709,27.296,-0.393664
9.96652,28.3086,-0.320228
10.8111,2.91821,0.0136753
10.8423,3.92768,-0.0530808
10.969,4.90463,-0.270525
10.9209,5.90543,-0.522364
10.9687,6.90313,-0.734043
11.107,7.85851,-0.50126
11.1251,8.86581,-0.572118
11.0191,9.85692,-0.846574
10.9432,10.8795,-0.795761
10.9529,11.8287,-1.25478
10.862,12.8554,-1.2943
10.8331,13.8744,-1.46153
10.8012,13.9731,-2.5106
10.9233,14.6941,-1.81535
10.8334,14.7699,-2.80253
10.9502,15.4792,-2.10619
10.6882,16.3596,-1.74081
10.7806,17.0517,-0.988681
10.9128,17.8481,-0.400501
11.2166,18.8029,-0.209055
11.1411,19.7985,-0.481719
10.8122,20.7134,-0.558583
10.836,21.6842,-0.303928
10.9047,22.5265,0.195611
11.0148,23.4662,-0.191449
10.8801,24.4608,-0.266845
11.0002,25.4331,0.00671102
11.1256,26.4389,-0.0153539
10.777,27.3726,-0.0700644
11.0565,28.3121,-0.152187
11.8808,2.98029,-0.0294717
11.8515,4.01087,-0.244453
11.9813,5.03038,-0.354399
11.9482,6.01309,-0.336851
12.0726,6.97718,-0.623157
12.1117,7.99718,-0.460433
12.1153,8.99533,-0.468493
12.0389,10.0016,-0.612897
11.9444,11.0184,-0.763662
11.9308,11.9872,-1.01231
11.9383,12.9591,-1.33515
11.8548,13.9874,-1.38886
11.8393,14.0176,-2.46482
11.8659,14.9685,-1.97991
11.8369,15.0028,-2.97616
11.9915,15.7535,-2.23832
11.6741,16.5654,-1.72188
11.7577,16.9154,-0.786178
11.9344,17.8875,-0.58168
12.2418,18.7996,-0.399756
12.1983,19.8139,-0.505722
11.7881,20.6941,-0.257036
11.8956,21.6519,-0.25002
11.887,22.6046,0.109738
12.1275,23.5395,-0.195859
11.895,24.4997,-0.207782
12.0248,25.5165,-0.143556
12.1471,26.4382,-0.381262
11.7871,27.3069,-0.0901608
12.0177,28.2674,0.203677
12.8698,2.9824,-0.243623
12.8959,3.99383,-0.23401
13.0236,4.92338,-0.582678
12.9676,5.98258,-0.6004
13.1188,6.97778,-0.454143
13.1715,7.96597,-0.40354
13.1018,8.98148,-0.632185
13.0324,10.0308,-0.657613
12.9451,11.0423,-0.747191
12.991,12.0607,-0.947264
12.9447,13.0561,-1.24533
12.8471,14.1336,-1.4976
12.8473,14.2002,-2.52954
12.8388,15.0295,-1.90417
12.8603,14.9785,-2.89731
13.0182,15.7064,-2.19352
12.7091,16.4642,-1.60193
12.7528,16.8389,-0.632664
12.9104,17.849,-0.745256
13.2872,18.7042,-0.45847
13.2297,19.7445,-0.427998
12.8009,20.6367,-0.236189
12.8987,21.6141,-0.27994
12.8921,22.5292,0.108817
13.1747,23.5342,-0.176223
12.8899,24.5211,-0.226041
13.0329,25.4939,-0.0620533
13.1607,26.4149,-0.396728
12.8113,27.3308,-0.129798
13.066,28.2578,0.217277
13.8863,3.12267,0.0766442
13.9465,4.04098,-0.403235
14.0362,5.02522,-0.590027
13.9496,6.01674,-0.510941
14.106,6.98646,-0.320563
14.2088,8.00321,-0.490686
14.1335,9.05604,-0.534346
14.0869,10.0548,-0.814408
13.9743,11.0959,-0.923518
13.9933,12.1109,-0.970663
13.9805,13.0752,-1.26288
13.8548,14.0903,-1.58874
13.8925,14.2673,-2.61195
13.8397,14.9293,-1.8278
13.8657,14.9231,-2.84871
14.0759,15.681,-2.2152
13.6723,16.1542,-1.39859
13.767,16.8207,-0.660021
13.887,17.8446,-0.793017
14.2627,18.7537,-0.540043
14.2696,19.7231,-0.29899
13.8097,20.6806,-0.288891
13.9467,21.6697,-0.145485
13.8718,22.6316,0.00842311
14.1418,23.6399,-0.0461928
13.9101,24.4796,-0.531053
13.9793,25.4247,-0.201071
14.15,26.4197,-0.131901
13.849,27.333,-0.0474349
14.0705,28.3468,-0.0348491
14.9803,3.13622,0.15754
14.9966,3.96182,-0.519547
15.0309,4.96443,-0.415857
14.9954,5.97982,-0.514566
15.1683,6.96053,-0.382971
15.2255,7.97787,-0.302335
15.1084,8.97501,-0.618131
15.102,9.97112,-0.787014
15.0112,11.0308,-0.844887
15.0588,12.0606,-0.994967
15.0356,13.083,-1.2213
14.9173,13.9883,-1.66796
14.938,14.1353,-2.68205
14.8483,14.8031,-1.89821
14.9226,14.959,-2.89275
15.1357,15.6719,-2.18189
14.7441,16.0783,-1.34319
14.8853,16.7321,-0.599332
14.8797,17.7091,-0.787243
15.24,18.7642,-0.841157
15.2712,19.7964,-0.672451
14.8377,20.7166,-0.418668
14.9051,21.5388,0.130863
14.9117,22.5705,0.0451216
15.125,23.4915,-0.354769
14.9656,24.499,-0.52472
15.0179,25.506,-0.412479
15.1713,26.3586,0.0987243
14.8448,27.26,-0.305139
15.0881,28.1202,0.0634236
15.971,3.01065,-0.264086
16.0836,4.02697,-0.49364
16.0494,5.0152,-0.571303
16.0178,6.06664,-0.361864
16.2875,7.01156,-0.345375
16.2811,8.00553,-0.363042
16.1215,9.01739,-0.494247
16.131,10.054,-0.589093
16.0204,11.0358,-0.802338
16.0836,12.0106,-1.11401
16.0769,13.0129,-1.34617
15.9935,13.9503,-1.67273
15.9422,13.9404,-2.66164
15.89,14.7444,-2.0045
15.9293,14.8321,-2.97261
16.1205,15.5881,-2.29872
15.7184,16.1424,-1.53523
15.8947,16.7395,-0.769149
15.9388,17.8105,-0.75052
16.265,18.7657,-0.773397
16.3556,19.7256,-0.496081
15.8226,20.5343,-0.257225
15.8857,21.5503,-0.157146
15.9398,22.5382,0.0228217
16.1548,23.4659,-0.38623
16.0019,24.4492,-0.323588
16.0091,25.4365,-0.378948
16.2164,26.3147,0.0242866
15.8491,27.1514,-0.43357
16.159,27.9973,0.0569597
16.9928,3.07222,-0.352467
17.0698,4.10737,-0.236146
17.1015,5.10507,-0.381588
17.083,6.13574,-0.409192
17.3586,7.13627,-0.438371
17.2857,8.12942,-0.212796
17.2033,9.05376,-0.625916
17.1338,10.0644,-0.517011
17.0546,11.0462,-0.630024
17.1671,11.9293,-1.07766
17.1073,12.9109,-1.19922
17.015,13.7915,-1.65303
17.0049,14.0202,-2.65233
16.9532,14.6801,-1.86821
16.9697,14.7656,-2.85739
17.1609,15.5198,-2.23728
16.7738,16.1759,-1.52755
16.8904,16.89,-0.832725
16.9502,17.8845,-0.801837
17.3217,18.836,-0.987228
17.2869,19.8293,-0.774453
16.8035,20.6148,-0.39331
16.8967,21.5367,-0.0109775
16.8982,22.4968,-0.256813
17.1546,23.4758,-0.180242
17.0058,24.5008,-0.19566
17.0077,25.4729,-0.36718
17.2678,26.3967,-0.0201819
16.901,27.188,-0.496664
17.1864,28.0939,-0.124604
18.0328,3.04155,-0.225617
18.0091,3.97858,-0.57658
18.1881,4.96979,-0.295544
18.1048,5.9446,-0.381451
18.3393,6.93402,-0.410514
18.2562,7.96575,-0.260091
18.1947,8.93437,-0.48511
18.1067,9.9384,-0.513727
18.0738,10.9317,-0.766497
18.1988,11.9549,-0.93556
18.1639,12.9103,-1.21634
18.0508,13.9083,-1.39595
18.0506,14.001,-2.48521
17.9851,14.7767,-1.82742
17.9934,14.8287,-2.87284
18.1657,15.6248,-2.3033
17.8653,16.2045,-1.5532
17.9233,16.9934,-0.868526
18.0167,18.005,-0.72432
18.3396,18.9544,-0.978481
18.2656,19.8948,-0.699185
17.8531,20.6933,-0.212055
17.926,21.6556,-0.0487533
17.8546,22.6662,0.192328
18.1842,23.5313,-0.258071
17.992,24.4744,-0.125184
18.0402,25.4537,-0.364406
18.2683,26.3773,0.00340587
17.9278,27.253,-0.371291
18.2015,28.2217,-0.42873
19.0336,2.88638,-0.0960631
19.044,3.87934,-0.465209
19.2315,4.84459,-0.511701
19.1289,5.77938,-0.107483
19.3365,6.73825,-0.225144
19.2527,7.72658,-0.417313
19.2305,8.75044,-0.517142
19.1387,9.79434,-0.586618
19.076,10.7775,-0.800656
19.1885,11.7396,-1.0694
19.226,12.8206,-1.1196
19.1527,13.8959,-1.38061
19.1342,13.9462,-2.44467
19.0291,14.7759,-1.87957
19.0375,14.8055,-2.91434
19.2214,15.562,-2.27715
18.8953,16.0498,-1.44184
18.972,16.9297,-0.945344
19.0439,17.9386,-0.613984
19.3024,18.9677,-0.797955
19.2424,19.9447,-0.623368
18.8828,20.7749,-0.133839
18.9265,21.8232,-0.0747154
18.8538,22.7692,0.243864
19.1954,23.3979,-0.448946
19.0117,24.3813,-0.277154
19.0982,25.4118,-0.338667
19.328,26.2904,0.133067
18.9215,27.2036,-0.10712
19.2964,28.1058,-0.25168
20.0817,2.84493,-0.103528
20.1,3.87676,-0.291546
20.1821,4.69839,-0.793786
20.1142,5.50699,-0.155196
20.3587,6.50963,-0.134239
20.2401,7.54881,-0.2339
20.2511,8.56216,-0.394726
20.1872,9.50814,-0.739195
19.9887,10.4959,-0.499478
20.1491,11.4517,-0.820679
20.1924,12.4547,-0.936848
20.0392,13.3664,-1.27431
20.0967,13.5872,-2.229
19.9483,14.3751,-1.58965
19.9786,14.6943,-2.54362
20.0305,15.2541,-1.7337
19.8724,16.1175,-1.18069
19.9961,17.0989,-0.896875
20.0521,18.0246,-0.529557
20.3588,18.956,-0.729289
20.2102,19.9081,-0.296796
19.9537,20.8621,0.0487014
19.8985,21.9082,0.0826594
19.8811,22.9128,0.150896
20.2173,23.5103,-0.556316
19.9976,24.4769,-0.191711
20.0411,25.4325,0.0686514
20.2906,26.457,-0.0744438
19.9279,27.3579,0.112519
20.3258,28.2936,-0.211444
21.0968,2.88006,0.153877
21.0764,3.81486,-0.229044
21.2353,4.65599,-0.764437
21.1459,5.41099,-0.0999664
21.38,6.39188,0.126203
21.3125,7.36495,-0.239445
21.2298,8.32748,-0.52852
21.2459,9.3314,-0.706091
21.0544,10.2846,-0.566549
21.1404,11.2396,-0.869582
21.1842,12.2267,-1.21411
20.9961,13.1954,-1.43962
21.1648,13.617,-2.32469
20.986,14.1728,-1.49034
20.9976,14.6752,-2.35148
21.0741,15.4141,-1.65942
20.9121,16.1167,-0.996637
21.0275,17.0641,-0.832136
21.0154,18.0172,-0.43661
21.3758,18.9237,-0.644008
21.2455,19.9771,-0.426569
20.9652,20.8814,-0.244624
20.9782,21.8035,0.153343
20.9015,22.8155,0.211222
21.2192,23.508,-0.467766
21.0801,24.4874,-0.228455
21.0529,25.5284,-0.123704
21.2992,26.4967,-0.336158
20.9942,27.322,0.106586
21.3411,28.2498,-0.0560167
22.0936,2.78676,0.384634
22.0491,3.66194,-0.194119
22.2294,4.38386,-0.886654
22.1238,5.13237,-0.257414
22.3346,6.06136,0.175002
22.2857,7.02632,-0.170687
22.2015,7.97244,-0.580819
22.2076,9.0052,-0.509656
22.081,10.0146,-0.554115
22.1635,11.0114,-0.796875
22.1829,11.8861,-1.23999
21.9991,12.8709,-1.18256
22.1567,13.2449,-2.11596
22.0323,13.9085,-1.36749
21.9917,14.6775,-1.96396
22.0466,15.5043,-1.33843
21.9417,16.3967,-0.953099
21.9928,17.3651,-1.15012
22.0519,18.0672,-0.422944
22.265,19.0457,-0.235932
22.2517,20.0369,-0.283477
21.9777,20.9928,0.0531632
21.9327,21.9203,0.412131
21.922,22.8795,0.177978
22.2338,23.696,-0.305805
22.0829,24.5772,0.113065
22.0759,25.5486,-0.0348186
22.3069,26.5052,-0.145558
22.0064,27.3923,0.143312
22.3775,28.1923,-0.362548
23.0839,2.65358,0.363265
23.0619,3.46633,-0.214829
23.2685,4.1986,-0.850505
23.1716,5.0447,-0.234272
23.3146,5.8748,0.327656
23.2804,6.74906,-0.242671
23.2154,7.72529,-0.601376
23.2298,8.73907,-0.408087
23.0431,9.73372,-0.448601
23.2359,10.7065,-0.776812
23.0525,11.7461,-0.739857
22.9999,12.5935,-1.22057
23.1648,13.1359,-2.04545
23.029,13.8294,-1.26475
23.0257,14.6106,-1.86117
23.1015,15.5491,-1.405
22.9819,16.4442,-0.990683
23.0706,17.4141,-1.20407
23.0553,17.9998,-0.454167
23.235,18.9924,-0.200089
23.2952,20.0483,-0.208881
23.0141,21.0049,0.0921415
23.012,21.9801,0.289996
22.9922,22.915,-0.0173864
23.2294,23.9173,-0.189718
23.0554,24.7066,0.374877
23.0945,25.5833,-0.11474
23.3035,26.5526,-0.0955473
22.9992,27.4873,-0.105597
23.367,28.3116,-0.56585
24.133,2.55449,0.438014
24.139,3.28242,-0.274175
24.2834,4.08599,-0.824787
24.1132,4.67665,-0.0193152
24.3416,5.65938,0.0414777
24.2786,6.63129,-0.0933073
24.2075,7.58385,-0.477963
24.2398,8.59064,-0.402542
24.0548,9.62696,-0.258235
24.2894,10.5073,-0.714338
24.0317,11.4565,-0.590783
23.9835,12.4026,-0.918876
24.1819,12.7074,-1.84374
24.0398,13.61,-1.43901
24.0782,14.5903,-1.80055
24.1402,15.5258,-1.39167
23.9526,16.3233,-0.829978
24.1168,17.2856,-1.17647
24.0902,18.1351,-0.601236
24.2661,19.0297,-0.13621
24.2743,20.0734,-0.131739
24.039,20.9459,0.331199
23.999,21.9237,0.609583
24.0773,22.6943,-0.0172399
24.2322,23.6936,0.0538804
24.0016,24.654,-0.0227821
24.1007,25.6659,-0.0346019
24.3549,26.6,0.0467757
24.0165,27.5542,0.106998
24.3927,28.3971,-0.302243
25.2007,2.62542,0.513828
25.1377,3.07657,-0.365868
25.2251,3.80747,-1.0238
25.1504,4.35215,-0.145445
25.3826,5.39701,0.0228278
25.2699,6.37218,-0.116846
25.2202,7.34386,-0.357912
25.2382,8.33028,-0.431193
25.0487,9.35077,-0.397443
25.2713,10.2765,-0.788443
25.0126,11.2135,-0.548088
24.9741,12.2121,-0.749452
25.2119,12.6357,-1.64257
25.1094,13.5769,-1.38105
25.0797,14.5823,-1.71293
25.1718,15.4544,-1.28816
25.0324,16.3518,-0.855055
25.1579,17.295,-1.1752
25.0663,18.2168,-0.773592
25.2721,19.0308,-0.214295
25.2787,20.0142,-0.14763
25.0153,20.908,0.37145
25.0165,21.8855,0.737431
25.1256,22.6843,0.12074
25.232,23.6039,-0.307682
25.0632,24.6036,0.00442824
25.1293,25.6144,0.0145604
25.3294,26.552,-0.161562
25.0289,27.5232,0.0350749
25.4132,28.4129,-0.14586
26.1436,2.29705,0.590518
26.1289,2.82151,-0.243141
26.2173,3.48282,-1.027
26.1858,4.14441,-0.307453
26.3634,5.1367,-0.0370098
26.2774,6.12403,0.106326
26.2035,7.00534,-0.360143
26.261,8.03011,-0.422227
25.9834,8.95057,-0.647316
26.2003,9.91356,-0.627689
26.0175,10.9366,-0.62183
25.9645,11.913,-0.692166
26.2686,12.484,-1.4783
26.2134,13.4797,-1.31019
26.1773,14.4878,-1.57989
26.1755,15.2708,-0.99465
26.051,16.3017,-0.986398
26.172,17.3518,-0.95996
26.0697,18.3556,-0.902579
26.2297,19.1858,-0.373907
26.2672,20.1736,-0.202252
26.0265,20.9795,0.425025
26.0767,21.9261,0.74629
26.16,22.6868,0.0295389
26.2534,23.631,-0.368645
26.1283,24.6178,-0.12197
26.1325,25.5976,-0.0546251
26.332,26.5412,-0.385696
26.0804,27.3777,0.168645
26.4331,28.3472,0.0638661
27.1981,2.28479,0.811332
27.1135,2.55467,-0.244789
27.1983,3.11958,-1.05665
27.1662,3.85957,-0.388116
27.3019,4.85087,-0.0553636
27.2199,5.86574,-0.140934
27.2266,6.85532,-0.239027
27.2647,7.82966,-0.464327
27.0302,8.7631,-0.762987
27.223,9.71017,-0.541057
27.1013,10.707,-0.736308
27.0041,11.7589,-0.600201
27.3332,12.4074,-1.27021
27.1722,13.3295,-0.960268
27.1468,14.2661,-1.29333
27.216,15.2082,-1.0052
27.0999,16.2564,-1.00912
27.1569,17.1834,-0.584948
27.1159,18.2121,-0.765447
27.2534,19.1185,-0.293191
27.3017,20.1439,-0.225898
27.0199,20.7667,0.466079
27.0054,21.7997,0.241679
27.1444,22.6989,-0.146089
27.3103,23.6681,-0.293689
27.077,24.6034,-0.477111
27.1303,25.5822,-0.191855
27.3048,26.5814,-0.116953
27.0484,27.5832,-0.0574053
27.4386,28.5329,-0.00827967
28.2402,1.96322,0.849471
28.0911,2.30006,-0.0443709
28.1814,2.86367,-0.819486
28.1913,3.70848,-0.23636
28.3086,4.69057,-0.298526
28.2401,5.7228,-0.125858
28.2688,6.69653,-0.309009
28.1783,7.71382,-0.0991241
28.0778,8.57977,-0.595331
28.2672,9.60426,-0.516852
28.103,10.5934,-0.622605
28.0577,11.5752,-0.401532
28.3358,12.294,-1.10693
28.1235,13.2065,-0.627296
28.0764,14.1876,-0.872817
28.2293,15.1069,-1.16281
28.1376,16.1757,-0.929856
28.1638,17.1841,-0.904209
28.1037,18.0897,-0.476974
28.2064,19.1556,-0.396838
28.3261,20.1541,-0.426664
28.0598,20.7256,0.32942
28.0286,21.7449,-0.0581347
28.1917,22.7605,-0.171853
28.3179,23.7278,-0.29339
28.0855,24.6858,-0.353966
28.1085,25.6686,-0.533561
28.2986,26.6322,-0.381283
28.0665,27.5547,-0.166912
28.4851,28.4571,0.0217811
29.2387,1.73482,0.98714
29.0399,2.17181,0.0767541
29.147,2.6278,-0.830979
29.1714,3.48761,-0.327848
29.2489,4.44693,-0.0477065
29.234,5.43253,-0.201584
29.2241,6.44076,-0.0659047
29.1707,7.41385,-0.0552843
29.0928,8.40106,-0.240358
29.2303,9.33058,-0.576882
29.1434,10.346,-0.555425
29.0191,11.3203,-0.254012
29.3469,12.1254,-0.788141
29.1826,13.0755,-0.548488
29.0542,14.0895,-0.601984
29.2456,15.0395,-0.895279
29.0879,16.0234,-0.752278
29.1624,17.013,-0.817499
29.1763,17.9479,-0.478991
29.2299,18.9599,-0.317878
29.2927,19.9696,-0.405533
29.0834,20.8073,0.103385
29.0597,21.8077,-0.211502
29.2387,22.7943,-0.121747
29.2452,23.7919,0.0458357
29.1115,24.765,-0.288345
29.1296,25.7719,-0.500717
29.3124,26.7499,-0.308493
29.1029,27.6473,0.136818
29.4892,28.5933,0.158452
