0.143522,0.367028,-1.86662
0.135649,1.64245,-1.89337
0.0454268,2.93417,-1.80022
0.127625,4.22238,-1.83614
0.111075,5.47261,-1.75604
0.0965056,6.7395,-1.73859
0.0991424,7.96757,-1.62877
0.254619,9.18029,-1.67148
0.401779,10.3473,-1.70113
0.621958,11.5078,-1.82017
1.00491,12.6415,-1.78872
0.918949,13.7084,-1.78766
0.509223,14.6815,-1.5022
0.447374,15.7275,-1.18311
0.0753014,16.5063,-0.629823
0.335191,17.3792,-1.0026
-0.0807306,18.1754,-0.542109
0.0590289,17.1348,-0.670492
0.0334086,18.0224,-0.145405
-0.0273812,18.9997,0.0337962
0.818574,1.15334,-1.86295
0.87814,2.35393,-1.76272
0.913053,3.54306,-1.83892
0.969875,4.7823,-1.72644
1.0017,5.98347,-1.77791
1.01312,7.18067,-1.80306
1.03889,8.39923,-1.84422
1.16617,9.61127,-1.95581
1.34296,10.8292,-2.1297
1.54009,11.9693,-2.31758
1.82262,13.1249,-2.50253
1.76963,14.1933,-2.31535
1.45296,15.0776,-1.72785
1.35993,16.1072,-1.49126
1.03561,16.7324,-0.788992
1.33134,17.4888,-1.37194
0.949489,18.0836,-0.736164
0.999655,17.1662,-1.16085
0.895697,18.0713,-0.745265
0.965175,18.9808,-0.25313
1.80042,1.55395,-1.76612
1.86102,2.73042,-1.73005
1.84658,3.88591,-1.70819
1.91386,5.0418,-1.75039
1.95432,6.25286,-1.91252
2.02507,7.47349,-1.92903
2.07105,8.69666,-1.99568
2.19809,9.96096,-2.19915
2.3209,11.2019,-2.47301
2.41419,12.5386,-2.75721
2.56927,13.913,-3.25388
2.44696,15.1293,-2.55176
2.12595,15.7589,-1.30312
2.23061,16.7007,-1.84204
1.94615,17.3381,-0.930985
2.15551,17.2055,-1.86442
1.90674,17.9337,-1.09765
1.81851,17.2038,-1.72582
1.82903,18.1424,-1.19264
1.87453,19.0387,-0.747316
2.75617,1.20586,-1.64466
2.79292,2.36383,-1.53542
2.89099,3.54511,-1.60474
2.87375,4.70802,-1.62693
2.9385,5.84469,-1.75993
2.94083,7.00385,-1.7848
2.99255,8.17913,-1.86255
3.02123,9.37168,-1.95651
3.07063,10.5372,-2.15355
3.08178,11.7683,-2.34699
3.06636,12.9522,-2.56675
2.99583,14.087,-2.2425
2.81984,14.8673,-1.5452
2.90916,15.8585,-1.64266
2.64634,16.5124,-0.877868
3.15272,17.0921,-1.51949
2.83116,17.5407,-0.695297
2.82003,17.1132,-1.5713
2.8248,18.0151,-1.18999
2.86438,18.9812,-0.998425
3.74758,0.967916,-1.49565
3.8473,2.08471,-1.50705
3.87561,3.16764,-1.55959
3.82838,4.27359,-1.59499
3.86349,5.38714,-1.72734
3.87844,6.54701,-1.74016
3.86018,7.6364,-1.76922
3.88546,8.77023,-1.80294
3.92827,9.91586,-1.86336
3.8051,11.0191,-2.05019
3.68437,12.1379,-2.08794
3.66608,13.1893,-1.93996
3.59015,14.0746,-1.52231
3.66356,15.0632,-1.42263
3.52474,15.8689,-0.779901
4.07271,16.6456,-1.21831
3.8135,17.145,-0.434776
3.84814,17.2289,-1.41551
3.76619,18.2416,-1.36084
3.83097,19.1781,-1.02709
4.74127,0.597656,-1.29453
4.76206,1.66983,-1.30045
4.78505,2.7858,-1.28163
4.7242,3.89573,-1.42069
4.79222,4.98262,-1.52957
4.71241,6.07757,-1.47893
4.74056,7.1571,-1.50714
4.73834,8.24927,-1.57822
4.70576,9.33011,-1.5428
4.68221,10.3981,-1.73489
4.49724,11.4863,-1.62865
4.4805,12.5244,-1.77753
4.53767,13.5109,-1.53859
4.51262,14.4309,-1.13372
4.38501,15.3527,-0.73679
4.96662,16.0087,-1.22342
4.72862,16.7231,-0.546782
4.86485,17.1436,-1.43716
4.79199,18.2012,-1.30603
4.78517,18.9819,-0.650288
5.73671,0.26881,-1.22991
5.79528,1.36818,-1.32059
5.73338,2.4397,-1.3951
5.67071,3.50786,-1.36658
5.75267,4.59972,-1.34177
5.69997,5.68091,-1.27578
5.67148,6.74572,-1.45304
5.6272,7.77712,-1.34468
5.5789,8.77722,-1.42795
5.5584,9.80375,-1.69987
5.31831,10.8326,-1.38893
5.40052,11.9282,-1.52781
5.42427,12.9719,-1.40671
5.45191,14.0013,-1.16769
5.33206,14.9099,-0.675945
5.88207,15.5196,-1.19113
5.71353,16.4085,-0.681231
5.9028,17.143,-1.38832
5.78828,18.0912,-1.09064
5.81966,18.986,-0.590808
6.80294,0.14048,-1.27568
6.8312,1.20718,-1.2849
6.77269,2.28166,-1.45242
6.67723,3.32143,-1.32064
6.80588,4.36497,-1.29878
6.68809,5.41612,-1.25092
6.63716,6.41895,-1.34362
6.5996,7.47411,-1.27029
6.59129,8.54032,-1.36861
6.55371,9.56133,-1.5246
6.29108,10.5193,-1.14309
6.28809,11.5698,-1.13486
6.36096,12.5749,-1.09717
6.35432,13.5848,-1.13957
6.25534,14.534,-0.904611
6.9116,15.3189,-1.05209
6.6866,16.2624,-0.818192
6.90048,17.0728,-1.34873
6.82469,18.0374,-1.10699
6.83978,18.8859,-0.619855
7.79331,-0.0314829,-1.09333
7.86996,1.06447,-1.33619
7.73941,2.08357,-1.13075
7.71316,3.12954,-1.26453
7.83593,4.21658,-1.39061
7.70063,5.21724,-1.22534
7.6443,6.22609,-1.08456
7.6044,7.22081,-1.10872
7.56653,8.20954,-1.29359
7.59221,9.29403,-1.36063
7.38299,10.2723,-1.15352
7.32229,11.3363,-1.14216
7.37137,12.3477,-1.04505
7.37537,13.3656,-1.05981
7.29445,14.3277,-0.731248
7.86663,15.1317,-0.89144
7.68432,16.1213,-0.856395
7.88856,17.0451,-1.25945
7.82855,17.9666,-0.874676
7.84824,18.8971,-0.494003
8.79245,-0.0383374,-1.35376
8.91264,1.02195,-1.17064
8.79114,2.05821,-1.31556
8.76679,3.07509,-1.06308
8.80565,4.03049,-1.43596
8.72309,5.04965,-1.14281
8.69481,6.03803,-1.10121
8.63819,7.03455,-1.15624
8.6358,8.12071,-1.04889
8.57803,9.09402,-1.35094
8.41093,10.0872,-1.11139
8.34052,11.1263,-1.1759
8.44434,12.1422,-1.14909
8.37318,13.1503,-0.896078
8.3251,14.173,-0.782546
8.87811,15.1007,-0.751274
8.74425,16.0597,-1.05204
8.90195,17.0428,-1.1234
8.84461,18.0534,-0.932231
8.85378,19.0103,-0.516541
9.83118,-0.267055,-1.25742
9.88226,0.850285,-1.2625
9.81759,1.87947,-1.23135
9.73871,2.92949,-1.20415
9.82369,3.96958,-1.315
9.72425,4.99225,-1.32438
9.71651,6.04886,-1.14554
9.725,7.04869,-1.14894
9.67321,8.04266,-1.0448
9.57611,9.05111,-1.1143
9.46244,10.06,-1.08224
9.42218,11.0919,-1.00341
9.45263,12.1268,-0.888943
9.41638,13.1254,-0.915366
9.39913,14.1858,-0.718622
9.85125,15.0222,-1.07587
9.81618,16.0762,-0.906055
9.95365,17.0534,-0.999078
9.93195,18.0669,-0.934498
9.80064,19.0954,-0.861904
10.8827,-0.148704,-1.05546
10.8644,0.860549,-1.17147
10.7767,1.8849,-1.17175
10.7775,2.91403,-1.03047
10.7987,3.92624,-1.06408
10.6916,4.96259,-1.08828
10.7669,6.0064,-1.04562
10.7912,7.03083,-1.2283
10.6662,8.0271,-1.20322
10.6334,9.02711,-0.923984
10.5288,10.0446,-0.8596
10.5039,11.0768,-0.889019
10.4942,12.1442,-1.01938
10.4869,13.1304,-0.892807
10.404,14.16,-1.00126
10.8082,15.1101,-0.705246
10.8397,16.1423,-0.873901
10.9666,17.1397,-0.843757
10.9581,18.1448,-0.776904
10.8277,19.1274,-0.720145
11.8841,0.0365459,-0.912201
11.8888,0.997858,-1.15955
11.8317,1.99706,-1.22237
11.757,3.00959,-1.20345
11.8268,3.99253,-1.03565
11.7233,4.97679,-1.07208
11.7801,5.99655,-1.14727
11.8027,6.96179,-1.05924
11.6915,8.02319,-1.02629
11.6703,9.02879,-0.943525
11.5891,10.0174,-1.07106
11.5934,11.0667,-0.814734
11.5428,12.0624,-0.891305
11.5323,13.0628,-0.951848
11.4904,14.1132,-0.920746
11.795,15.1025,-0.924067
11.8434,16.103,-0.698859
12.0167,17.0649,-0.847969
12.0013,18.063,-0.777819
11.8323,19.0577,-0.661629
12.9254,-0.035548,-1.03309
12.8772,0.906497,-1.30686
12.8765,1.89859,-1.13229
12.7788,2.90584,-0.995196
12.8006,3.93944,-0.95963
12.7456,4.95567,-1.07655
12.8389,6.01328,-1.05441
12.7865,7.00446,-1.09992
12.7444,7.97983,-1.17949
12.7094,8.93973,-0.870122
12.6657,9.97457,-0.987844
12.6642,11.0302,-1.11492
12.601,12.0665,-0.91222
12.5358,13.0621,-0.783306
12.5622,14.0844,-0.946391
12.8436,15.0908,-0.86043
12.8875,16.0898,-0.642766
13.0135,17.1208,-0.827039
13.0046,18.1112,-0.731941
12.8814,19.1128,-0.604389
13.9176,-0.161245,-1.34984
13.9313,0.850261,-1.12017
13.9017,1.84218,-0.992932
13.8284,2.84503,-1.00857
13.8035,3.87566,-0.895343
13.7707,4.87562,-1.08053
13.8565,5.88158,-1.14739
13.8117,6.91106,-1.11781
13.7415,7.88242,-0.951341
13.7089,8.93478,-0.932447
13.6811,9.94369,-0.954497
13.756,10.9925,-1.09586
13.6349,11.9802,-0.910154
13.5654,13.0763,-0.909305
13.6287,14.1045,-0.931324
13.9091,15.1141,-0.750697
13.9355,16.1155,-0.56758
14.0184,17.1442,-0.552715
13.9984,18.1496,-0.576452
13.8748,19.162,-0.712128
14.9602,-0.341365,-1.0715
14.9627,0.749901,-1.0953
14.9254,1.78756,-0.920237
14.8907,2.83847,-1.0348
14.8133,3.8688,-0.830357
14.8084,4.89272,-0.996841
14.8675,5.92192,-1.01701
14.8447,6.92525,-1.09693
14.7655,7.93645,-0.949092
14.7886,9.00488,-0.940623
14.6996,10.0196,-0.832786
14.7747,11.0763,-0.808737
14.675,12.0843,-0.802478
14.5721,13.064,-0.673443
14.7104,14.0644,-0.855864
14.9205,15.073,-0.544786
14.964,16.119,-0.707672
15.0017,17.1349,-0.582501
15.0404,18.1325,-0.698856
14.8977,19.1784,-0.594055
16.0278,-0.190548,-1.04903
16.013,0.79505,-1.19024
15.9706,1.83366,-0.936418
15.9058,2.88005,-1.10574
15.8352,3.90549,-1.10174
15.8738,4.93033,-0.964772
15.8804,5.93605,-1.01217
15.8602,6.99138,-1.14832
15.7981,8.04345,-1.00821
15.8651,9.04304,-0.91633
15.7478,10.0762,-0.900415
15.8248,11.0926,-0.832398
15.7139,12.1386,-0.690063
15.7003,13.1708,-0.731593
15.763,14.1767,-0.915567
15.9739,15.089,-0.562526
15.9696,16.1691,-0.67503
16.0063,17.1916,-0.764583
16.0423,18.1854,-0.498978
15.9501,19.1835,-0.570583
17.0911,-0.165157,-1.02031
17.0346,0.876687,-1.24616
16.9736,1.93855,-1.20236
16.9045,2.9478,-1.13209
16.8355,3.956,-1.11637
16.9,4.98782,-0.987548
16.9444,6.03716,-1.00825
16.8863,7.02557,-0.918155
16.8134,8.07501,-0.928596
16.9154,9.05211,-0.958382
16.7797,10.0734,-0.791845
16.8501,11.1252,-0.872753
16.7867,12.1357,-0.779043
16.7435,13.1346,-0.771413
16.8203,14.1393,-0.691125
16.9857,15.1348,-0.52754
17.0496,16.1602,-0.781262
17.0322,17.1509,-0.584915
17.054,18.1377,-0.392904
16.9715,19.1475,-0.296509
18.1273,-0.239491,-0.881655
18.0571,0.825413,-1.11131
18.0401,1.85694,-0.926725
17.9387,2.91879,-0.831327
17.8314,3.91792,-0.991119
17.911,4.93009,-0.854631
17.9957,6.01919,-0.955983
17.9487,7.06184,-1.08871
17.831,8.07414,-1.02269
17.9665,9.08318,-0.846739
17.8433,10.05,-0.827671
17.8909,11.0372,-0.833442
17.8657,12.057,-0.95689
17.7721,13.0483,-0.956667
17.8727,14.0458,-0.714585
17.9725,15.0537,-0.649385
18.1035,16.0502,-0.694058
18.0304,17.0673,-0.676165
18.0946,18.0178,-0.357573
17.9504,18.9643,0.0477096
19.1334,0.0413831,-0.846919
19.0377,0.990973,-1.1391
19.0682,1.90847,-0.749019
18.9712,2.96215,-0.739979
18.8395,3.93365,-0.670904
18.8813,4.9803,-0.590228
19.0422,5.99358,-0.742924
18.97,7.0299,-0.786715
18.851,8.03316,-0.748424
19.0747,9.05214,-0.873937
18.8764,10.0094,-1.09548
18.9495,10.9992,-1.03417
18.9187,12.0541,-1.01004
18.8515,13.0685,-0.925483
18.9295,14.0713,-0.86935
19.0011,15.0917,-0.771697
19.122,16.1252,-0.785415
19.0476,17.0921,-0.555824
19.1273,18.0526,-0.135435
18.9344,18.9504,0.392303
