0.0177892,-0.0165685,-0.213608
1.00839,-0.000631733,0.0198279
2.03657,0.00833766,-0.0903958
3.06043,0.0177709,0.184414
4.05562,0.0432203,0.0553789
5.03169,-0.0355358,-0.255916
5.98349,0.00729698,-0.0800836
7.00804,0.0199683,-0.0259926
8.02933,0.0251961,-0.138597
9.03154,-0.0127934,0.148198
10.0196,-0.0423597,-0.276077
11.0199,0.0177526,-0.293133
11.9998,0.0190374,-0.0664571
12.9603,-0.0417982,-0.267397
13.9481,0.033018,0.0173254
14.9748,0.0207129,-0.164986
15.9452,0.0018128,-0.0479324
16.9311,0.0621815,0.204569
17.9255,-0.0179998,0.0733726
18.9603,0.0200537,0.0197424
0.0436476,0.939293,0.0366222
1.02929,1.03229,0.0837977
2.09093,1.01019,0.0327555
3.09948,1.03468,0.265456
4.08435,1.03923,-0.0390088
5.01164,1.00325,-0.356664
5.98095,1.01827,-0.20643
6.99799,1.00758,0.0322489
8.046,1.04414,0.158513
8.96759,0.930348,-0.181753
9.97248,0.98063,-0.273321
10.9429,0.992175,-0.455568
11.885,1.00905,-0.0686758
12.8853,0.999631,-0.167586
13.8969,1.04186,-0.18049
14.8999,1.04919,-0.305445
15.885,0.981741,0.0135228
16.8849,1.06726,0.143248
17.8935,1.03298,0.0408521
18.9551,1.08903,0.0451765
0.00422681,1.96875,-0.0445051
1.02013,2.10285,0.110181
2.06453,2.08541,-0.0913877
3.01465,2.03391,0.32241
4.03399,2.02407,0.0850124
5.03534,2.00089,-0.121674
6.03511,2.08647,-0.121885
7.08398,2.00405,-0.0784936
8.07331,1.99596,-0.225813
9.10109,1.96628,-0.201364
10.1042,1.9799,-0.230879
11.1225,2.0542,-0.442604
12.0821,2.01661,-0.123157
13.0876,1.94582,0.0689871
14.0535,2.06197,-0.144432
15.022,2.08278,-0.350502
16.0013,1.87687,-0.496472
16.9945,1.86669,-0.455635
17.9884,1.97617,-0.302985
19.0628,2.02182,-0.254561
0.0290414,2.97187,-0.10958
1.00598,3.07949,0.141295
2.05985,3.10725,0.115516
3.04204,3.04765,0.194897
4.09093,3.03273,0.243831
5.14734,2.99216,0.119724
6.09347,3.08157,-0.0952239
7.07279,2.98527,-0.423395
7.95316,2.97963,0.102759
8.98395,2.9916,-0.0583026
9.97762,2.95453,-0.166826
10.9801,3.01235,-0.194946
11.9898,3.01913,0.00498367
12.9685,2.94741,0.0706534
13.9638,3.01245,0.173571
14.9714,3.06535,-0.0467757
15.9623,2.86958,-0.338768
16.9591,2.89938,-0.498291
17.974,2.99964,-0.50257
18.98,3.00606,-0.317414
-0.00349742,3.9343,-0.0366771
1.02627,4.10355,0.146394
2.01743,4.09566,0.32747
2.91169,4.01166,-0.194357
3.88372,4.0064,-0.0440443
4.88428,3.93098,-0.182662
5.85248,4.11478,-0.168978
6.91542,4.03084,-0.302191
7.92916,3.8973,-0.226328
8.95362,3.9928,-0.226026
9.96648,3.93374,-0.341758
10.9607,4.01943,-0.261919
11.9785,4.00139,0.060152
12.9824,4.00244,0.0415601
14.0314,3.97833,-0.151479
15.0358,4.06075,-0.324851
16.009,3.88478,-0.201828
17.001,3.84549,-0.205814
17.9831,3.95198,-0.235871
19.0167,4.03197,-0.208576
0.0264687,4.91374,-0.0225562
1.05177,5.13884,0.0757103
2.03932,5.117,0.314957
2.99214,5.04556,-0.0482681
4.03531,5.0181,-0.30213
4.98181,4.91504,-0.0137638
5.92625,5.15096,-0.193063
6.91962,4.99956,-0.00246895
7.91272,4.90027,-0.333552
8.86796,4.96921,-0.14406
9.88062,4.88129,-0.0455794
10.9226,5.0697,-0.0518052
11.9835,4.99934,0.0117435
12.9836,5.02259,0.117542
14.0008,5.01123,-0.0606311
14.9249,5.06733,-0.407657
15.9593,4.94373,-0.415073
16.9535,4.8565,-0.155333
17.9545,4.99476,-0.0925748
18.99,5.06432,-0.0774987
0.000238044,5.95134,0.109256
0.994739,6.15029,0.218555
1.97431,6.15314,0.340016
2.93916,6.01375,0.0783563
3.89401,6.025,-0.210916
4.93517,5.92071,0.0641255
5.91463,6.14408,-0.0841884
6.8927,6.04028,0.00960112
7.90404,5.9709,-0.23361
8.90613,5.97775,0.0479385
9.87722,5.91607,-0.187967
10.8572,6.0578,-0.146055
11.884,5.98126,-0.258357
12.9116,6.01141,0.0419874
13.9228,6.0229,-0.135273
14.8948,6.09541,-0.431281
15.8643,5.96522,-0.291791
16.892,5.87967,-0.196847
17.886,5.98752,-0.1017
18.8737,6.07884,0.0146245
-0.0364635,6.98375,0.149858
0.997024,7.15054,0.154512
1.96614,7.1645,0.335456
2.89192,7.03837,-0.0187719
3.89632,7.07384,-0.117621
4.91145,6.94075,-0.21792
5.97117,7.14167,0.00218513
6.95582,6.9912,-0.322935
7.94386,6.95619,-0.366094
8.95105,6.87378,-0.382327
9.98841,6.92755,-0.282241
10.9874,7.06713,-0.268227
11.9529,6.97946,-0.467406
12.9826,6.98123,-0.232951
13.997,7.02878,-0.188873
14.9938,7.11482,-0.363256
16.0194,7.05482,-0.375008
17.0362,6.8971,-0.427775
17.9834,6.9512,-0.0919034
19.0297,7.03755,-0.262868
0.0289682,7.94374,-0.102567
0.980944,8.132,-0.059975
2.02185,8.12782,0.0300516
2.9363,8.00518,-0.315476
3.95161,8.07446,-0.187954
4.95556,7.99011,-0.066155
5.9252,8.17513,-0.23094
6.92417,8.08728,-0.338667
7.87242,7.92351,-0.154122
8.88009,7.90903,-0.269823
9.89934,7.93755,-0.284887
10.858,7.9944,0.0454237
11.8905,7.9384,-0.0425123
12.9279,7.99933,-0.0846278
13.9268,8.03363,-0.0370739
14.9492,8.05799,-0.000451674
15.9405,8.09179,-0.235655
16.9481,7.94336,-0.244908
17.9598,7.96792,-0.185476
19.0325,8.05774,-0.259703
-0.0029725,8.96024,0.0609149
1.01284,9.10551,0.161562
2.05211,9.13774,0.252806
2.89835,9.04835,-0.30954
3.88558,9.10481,-0.219944
4.87823,8.98904,0.091229
5.93657,9.12314,0.169344
6.90117,9.06233,-0.12487
7.92499,8.94366,-0.194855
9.01346,8.95422,-0.184674
9.98517,8.9103,-0.362334
11.0258,8.99345,-0.128541
12.0632,8.91405,-0.0951262
13.0484,8.99828,0.0512711
14.04,9.032,-0.330958
14.9857,9.0762,0.0616657
16.0334,9.04618,0.0130009
17.0255,8.91436,-0.0472396
18.0072,8.96974,0.0745384
19.0159,8.97432,0.169445
0.00971099,9.94362,-0.0825159
0.954491,10.1004,0.144627
1.96077,10.1054,0.136732
2.99268,10.0282,0.00211493
4.00694,10.1142,-0.11016
5.03205,9.97447,-0.137977
6.03842,10.1029,-0.0553331
7.01279,10.0333,-0.339473
8.02018,9.99764,-0.230494
9.05919,9.98341,-0.162252
10.1066,9.9251,-0.196188
11.0395,10.0344,0.157201
12.0382,9.94256,0.107361
13.0379,10.0043,-0.043907
14.0744,10.0368,-0.366997
14.9511,10.1141,0.0666219
15.9828,10.0138,-0.222224
17.0032,9.96413,-0.173189
18.0164,9.96541,0.157692
18.9564,9.96404,-0.0877804
-0.00599689,10.9084,0.14189
1.01802,11.1532,0.233998
2.07059,11.1507,0.263869
3.13745,11.0348,0.332765
4.08899,11.1393,0.0222785
5.06383,10.9641,-0.064388
6.03973,11.0892,0.00326243
7.02483,10.9759,0.0225654
8.01296,11.0374,-0.0590075
9.00428,10.9976,-0.121143
9.99949,10.8893,0.0783288
11.0342,11.0706,0.0607196
12.0202,10.986,0.193402
13.0106,11.0144,-0.100714
14.0211,11.0221,-0.0419019
15.0026,11.0912,-0.135884
16.0503,11.048,-0.311179
17.0171,10.9952,-0.0883633
18.0314,10.9322,-0.0360515
19.045,10.9472,-0.162581
0.0416822,11.9132,0.0894986
0.960356,11.9865,-0.326981
1.93318,12.0288,-0.176897
2.96488,11.869,-0.166546
3.98537,12.0958,-0.0900113
4.95542,11.9745,0.0402142
5.94468,12.0816,-0.0999145
6.94069,11.9902,-0.225571
7.96535,11.9644,-0.443791
8.95633,12.0337,-0.274319
9.9311,11.913,-0.0640767
10.904,12.0693,0.122452
11.8693,11.9367,-0.188443
12.8805,12.0316,-0.0834498
13.8863,12.0608,-0.225501
14.9197,12.1136,-0.397888
15.9717,12.0509,-0.295587
16.9367,11.9726,0.0310556
17.9646,11.9679,-0.0461684
18.9531,12.007,-0.0210517
0.0397168,12.9186,0.000286874
0.990179,12.9851,-0.26733
1.95992,13.0291,-0.0385846
2.96004,12.9046,-0.324903
4.03017,13.0584,-0.318232
4.98736,12.9921,-0.0430158
6.00569,13.0689,-0.282131
7.01341,12.9304,-0.376397
8.00189,12.992,-0.523569
9.00585,13.018,-0.385971
10.0309,12.9258,-0.304895
10.9987,13.0558,-0.0774682
12.0253,12.9647,-0.328486
13.0689,13.011,-0.239973
14.0762,13.0357,-0.50965
15.0543,13.0953,-0.175515
16.0656,13.0709,-0.256499
17.0722,13.0387,-0.0495193
18.0666,12.968,0.00484634
19.0439,12.9367,0.26173
-0.0051088,13.8988,-0.228602
1.04707,14.0287,-0.371014
2.10188,13.9921,-0.261312
3.05225,13.8433,0.0525224
4.06049,14.0102,0.0218299
4.9907,13.9965,-0.342302
6.02334,14.1173,-0.339531
6.97915,13.9342,-0.388058
7.97745,14.0586,-0.398309
9.02229,14.0424,-0.273913
10.0071,13.9437,-0.339378
10.9984,14.0693,-0.156233
11.9691,13.9412,-0.0162023
12.92,14.0313,-0.329261
13.8704,14.0098,-0.675692
14.8169,14.1256,-0.355696
15.8826,14.0557,-0.367876
16.9033,14.0619,-0.106116
17.9258,13.9475,-0.0663625
18.9269,13.9595,-0.0798212
0.0116337,14.9086,-0.163451
1.02017,15.0306,-0.339094
1.97566,15.0219,-0.056386
2.98489,14.8744,-0.0887722
4.00433,15.0363,-0.0174749
5.00399,14.9654,-0.099115
5.95415,15.1519,-0.399969
7.00751,14.9743,-0.491531
8.01935,15.05,-0.48461
9.03382,15.0465,-0.367617
10.039,14.9211,-0.149376
11.0324,15.0385,-0.342082
11.9828,14.981,-0.061742
12.9925,15.0328,-0.193539
13.9937,15.07,-0.51536
14.9749,15.104,-0.232722
15.9827,15.0858,-0.346754
16.9599,15.033,-0.346776
17.9661,14.9866,-0.180975
18.9624,14.9669,-0.158525
0.00538652,16.0063,-0.218326
0.990728,16.0418,-0.36278
2.0258,15.9901,-0.398318
2.98907,15.9367,-0.0942503
3.98948,16.0561,0.0560167
4.93888,16.0255,-0.374853
5.95719,16.0532,-0.0769189
6.96111,15.9514,-0.35041
7.95473,16.0595,-0.270165
8.99878,16.0397,-0.217893
10.0213,15.9065,-0.265807
11.0108,16.0724,-0.236033
11.9919,16.0784,-0.243358
13.0214,16.0269,-0.352309
14.0531,15.9939,-0.00601825
14.9985,16.0176,0.266228
16.0205,16.0588,0.0266335
17.0289,16.0841,-0.202716
18.0757,15.9653,-0.15941
19.0722,15.962,-0.414518
-0.0233375,17.0424,-0.295587
1.04351,17.0803,-0.398682
1.9495,16.9951,-0.00626545
2.9398,16.9589,-0.0681448
3.93064,16.9807,-0.280541
4.92187,17.0359,-0.123667
5.93996,17.016,0.188412
6.91433,16.9168,-0.131632
7.90575,17.052,-0.206055
8.90718,17.0086,-0.127311
9.91469,16.9744,-0.19082
10.9962,17.0538,-0.0597522
11.9654,16.9632,0.15511
12.9524,16.9322,0.0761345
13.9478,16.9746,-0.180902
14.9503,17.0142,0.0787866
15.9917,17.019,-0.120194
16.9601,17.04,0.00859706
18.0152,16.9971,-0.288534
19.0398,16.9469,-0.378848
0.040199,18.0182,0.00110477
1.02607,18.057,-0.115113
1.99017,18.0357,0.0374828
3.07309,17.9402,-0.00216987
4.07978,17.9926,-0.11214
5.0761,17.9958,0.222202
6.0522,17.9955,-0.0840297
7.05006,17.9291,-0.328697
8.04994,18.0666,-0.502069
9.07891,18.0136,-0.408905
10.0724,17.9747,-0.280505
10.9588,18.0572,0.110337
11.9433,17.943,0.136515
13.0078,17.9762,0.0134861
14.0135,17.988,-0.063094
15.0738,18.0167,-0.0219062
16.0683,18.0159,0.0379009
17.0872,18.0215,0.239064
17.9745,17.9966,-0.20521
19.0137,17.9372,-0.15045
0.00579546,19.0462,-0.154439
1.03507,19.0371,0.141514
2.02571,19.0519,0.301614
2.98442,18.9791,-0.0723441
4.00495,19.0042,0.112387
4.9872,19.0077,-0.102197
5.98306,19.0208,-0.0890378
6.98098,18.9548,-0.191122
7.94713,19.0768,-0.403018
8.9556,19.0249,-0.36386
9.94759,18.9585,-0.141408
10.9591,18.9931,-0.0893094
11.9617,18.936,0.0155217
12.9844,19.0044,0.0540361
13.966,18.9826,-0.12577
14.9891,19.0149,0.00212714
15.9829,18.9796,0.211502
17.0282,19.0204,0.356853
17.9887,19.0257,-0.0548235
19.0317,18.9505,-0.182574
