-0.157976,0.800433,-0.991241
0.0300913,1.28938,-0.14011
0.0278542,2.29281,-0.185458
0.0572832,3.32837,-0.106156
-0.0962371,4.27205,-0.391253
-0.084341,5.27859,-0.330406
-0.112992,6.25671,-0.0995941
-0.116846,7.29614,-0.259551
-0.13459,8.29475,-0.39584
-0.124458,9.33515,-0.371578
-0.109333,10.3438,-0.252721
-0.119944,11.2983,0.0858364
-0.270641,12.2449,-0.349074
-0.142122,13.1724,-0.749202
-0.0455061,14.1677,-0.910193
-0.0814325,15.1745,-0.664495
-0.122266,16.1886,-0.380526
-0.242811,17.1573,-0.0978668
-0.112885,18.1352,0.0957274
0.113779,19.111,0.157811
0.0738517,20.038,-0.282647
-0.15331,20.9884,0.0156346
-0.166298,21.9928,0.273583
-0.0907682,22.999,0.212397
-0.108386,23.9665,-0.0186621
-0.13867,24.9653,0.0500687
-0.0368603,25.946,0.261916
0.00497147,26.791,-0.260466
-0.0370434,27.7461,0.0626789
-0.151057,28.793,-0.0950865
0.855031,0.816663,-0.962822
0.936064,1.67151,-0.325431
0.889151,2.69981,-0.471432
1.0547,3.61217,0.0395245
0.897485,4.54385,-0.4095
0.944234,5.49065,-0.129377
0.893558,6.49537,-0.0236702
0.921509,7.53659,-0.201169
0.866289,8.45334,-0.647862
0.881252,9.44998,-0.54492
0.929441,10.4501,-0.438929
0.812299,11.4075,-0.272195
0.757176,12.363,-0.642573
0.893497,13.3931,-0.776849
0.970904,14.3351,-1.11435
0.937602,15.3579,-0.949461
0.901196,16.1109,-0.282995
0.801535,17.1157,-0.171871
0.898563,18.0983,0.0641499
1.01715,19.0074,-0.30112
1.06089,20.0586,-0.347975
0.882196,20.8964,0.236192
0.828559,21.9221,0.546263
0.879629,22.7928,0.00690939
0.877255,23.8009,0.185925
0.892529,24.8123,0.0828852
0.949733,25.8465,0.0326823
1.03812,26.8083,-0.231285
0.990429,27.7993,-0.177471
0.871499,28.7535,0.146684
1.82871,1.11619,-0.868429
1.97482,1.89656,-0.248808
1.9211,2.9001,-0.364205
2.04957,3.8338,-0.11363
1.95142,4.8195,-0.378491
1.95369,5.76526,-0.0293924
1.86976,6.75622,-0.0539567
1.88765,7.66212,-0.451314
1.89037,8.67934,-0.540861
1.89495,9.65052,-0.205515
1.95339,10.6284,-0.430924
1.76476,11.6121,-0.588266
1.70227,12.5702,-0.867992
1.87859,13.5567,-0.955141
1.90053,14.4667,-1.52888
1.93873,15.4095,-1.09641
1.98198,16.1003,-0.406287
1.83627,17.109,-0.38023
1.7727,18.0945,-0.424848
1.99084,19.0722,-0.572445
2.07322,20.0539,-0.337819
1.89427,20.9009,0.187661
1.80678,21.9203,0.261135
1.92741,22.9066,0.157323
1.95537,23.8591,0.285067
1.87915,24.8591,0.218702
2.01227,25.8117,-0.0113529
2.07581,26.8115,-0.42129
1.97225,27.8555,-0.468218
1.84554,28.6609,0.230833
2.87587,1.38596,-0.926612
2.95069,2.16107,-0.288208
2.93556,3.17781,-0.512391
3.02216,4.05715,-0.0399762
2.99543,4.97583,-0.400772
2.86833,5.9706,-0.380029
2.83376,6.96431,-0.439772
2.89948,7.96024,-0.622758
2.83086,8.97002,-0.742964
2.88926,9.92539,-0.42483
2.97139,10.9019,-0.29675
2.83277,11.8182,-0.715625
2.6504,12.807,-1.11028
2.80813,13.7745,-1.21235
2.91111,14.6909,-1.63039
2.94527,15.5921,-1.16702
2.98914,16.2036,-0.383187
2.84645,17.1666,-0.511237
2.74241,18.132,-0.769906
3.02571,19.0948,-0.74532
3.06469,20.039,-0.381613
2.92749,20.9542,0.0655782
2.81389,21.9425,0.337281
2.8447,22.8951,0.618827
2.97191,23.8771,0.510395
2.89661,24.9288,0.320441
3.05811,25.855,0.0846004
3.10855,26.6616,-0.49711
2.95229,27.6305,-0.434196
2.76138,28.3036,0.383435
3.94626,1.47257,-0.774963
3.94346,2.39386,-0.233988
3.92712,3.36911,-0.300827
3.97914,4.34107,-0.0408399
3.97267,5.28048,-0.446284
3.8746,6.25172,-0.288095
3.83696,7.23837,-0.453056
3.89769,8.18807,-0.761815
3.7949,9.17166,-0.935698
3.90172,10.1259,-0.689221
3.99704,11.1145,-0.512098
3.80711,12.0146,-0.908524
3.65503,12.8951,-1.37867
3.79423,13.9027,-1.23703
3.94246,14.7306,-1.78727
3.96531,15.5263,-1.1778
3.9943,16.3412,-0.605152
3.86668,17.2782,-0.799371
3.67872,18.2137,-1.14595
3.99669,19.0236,-0.658
4.12321,19.9461,-0.345979
3.96337,20.8905,0.0521256
3.88926,21.8806,0.465511
3.76304,22.8753,0.203827
3.90803,23.899,0.16386
3.91709,24.9137,0.256969
4.05733,25.8568,0.354003
4.08181,26.5937,-0.317627
3.93955,27.5963,-0.317078
3.80334,28.3758,0.293243
4.91652,1.75184,-0.629582
4.88398,2.74919,-0.252113
4.92423,3.78466,-0.144884
4.86238,4.72867,0.235572
4.94316,5.59224,-0.301395
4.81797,6.59955,-0.332636
4.79109,7.59956,-0.457646
4.84288,8.64161,-0.655919
4.72228,9.51253,-1.23612
4.89733,10.3027,-0.646055
4.95343,11.3379,-0.603525
4.84261,12.2717,-0.95418
4.69935,12.9659,-1.62243
4.81376,14.0249,-1.47077
4.98821,14.8974,-2.00156
4.97509,15.4048,-1.14975
5.04068,16.2742,-0.667714
4.84477,17.1398,-1.18943
4.68016,18.1161,-1.17215
5.04361,18.8899,-0.692608
5.13324,19.7957,-0.189007
5.00746,20.7938,-0.00859401
4.92044,21.7695,0.212937
4.80153,22.7769,0.141746
4.88883,23.7501,0.155031
4.85359,24.7272,-0.11045
5.05773,25.7084,0.251082
5.10137,26.5987,-0.245878
4.95398,27.5602,-0.400119
4.85864,28.4762,0.0744102
5.98971,2.06416,-0.49346
5.86272,3.06699,-0.276934
5.9237,4.07002,-0.308536
5.82491,5.03878,0.0867153
5.86565,5.91761,-0.391116
5.81688,6.92023,-0.488427
5.78179,7.93844,-0.484497
5.80515,8.93677,-0.765917
5.70602,9.79179,-1.24837
5.88489,10.6579,-0.681518
5.86232,11.674,-0.580282
5.82582,12.4705,-1.2002
5.68597,13.4249,-1.66128
5.79242,14.2847,-1.15525
5.95502,14.6311,-2.07385
5.97788,15.2173,-1.26224
5.99834,16.2506,-0.998605
5.81484,17.2564,-0.99208
5.66241,18.1935,-1.32062
6.0461,18.946,-0.748524
6.11375,19.9064,-0.302033
6.02862,20.8882,-0.0968139
5.9763,21.8705,0.137757
5.83301,22.9018,0.155898
5.86994,23.8999,0.306787
5.87394,24.6901,-0.308582
6.09265,25.6007,0.0534227
6.10964,26.5317,-0.217209
5.94581,27.4918,-0.585525
5.88857,28.281,0.038847
6.95221,2.31385,-0.318424
6.88531,3.30683,-0.333134
6.95327,4.31047,-0.484735
6.80209,5.24625,-0.162108
6.88088,6.23777,-0.3592
6.82897,7.21755,-0.471029
6.78279,8.23793,-0.596799
6.78963,9.23629,-0.855422
6.69628,10.0739,-1.33955
6.83926,11.0209,-1.04212
6.84025,11.945,-0.639772
6.80163,12.6515,-1.36464
6.73252,13.5034,-1.85614
6.72122,14.4725,-1.45376
6.90524,14.9344,-2.332
7.00998,15.3379,-1.39595
7.04776,16.2228,-0.908216
6.81179,17.1805,-1.33984
6.68487,18.1917,-1.25835
7.04192,18.863,-0.480435
7.12743,19.8127,-0.129859
7.03066,20.8845,-0.0753014
6.98413,21.8722,0.0175787
6.89109,22.8637,0.0575549
6.89143,23.8691,0.275396
6.86868,24.621,-0.360491
7.08313,25.5757,-0.0235542
7.16922,26.5536,-0.292087
6.98992,27.5142,-0.46028
6.87576,28.501,-0.343037
7.9584,2.57926,-0.206265
7.8919,3.51804,-0.524232
7.98149,4.55318,-0.47026
7.79852,5.45784,-0.0998535
7.91287,6.38425,-0.381976
7.86434,7.31832,-0.568099
7.83946,8.29656,-0.468584
7.8493,9.17094,-0.980593
7.73567,10.1582,-1.21437
7.87091,11.1699,-1.07247
7.85875,12.1267,-0.889038
7.81161,12.9312,-1.46082
7.67001,13.5118,-2.25116
7.71398,14.3578,-1.7245
7.95657,15.1172,-2.34885
8.08992,15.2249,-1.37659
8.03388,16.1826,-1.08807
7.78266,17.1471,-1.22742
7.72752,18.1345,-1.06927
8.04917,18.9095,-0.493588
8.19204,19.8208,-0.00154118
8.0472,20.8549,-0.00220038
8.04645,21.866,0.0948485
7.87512,22.8591,0.0962767
7.86011,23.8269,0.398764
7.85933,24.5435,-0.303604
8.10762,25.5041,-0.150984
8.12101,26.515,-0.0167302
8.00399,27.4985,-0.22382
7.9262,28.4992,-0.280136
9.00244,2.57164,-0.0519089
8.92306,3.59525,-0.284384
8.97076,4.60836,-0.185321
8.82747,5.59318,-0.11044
8.94133,6.55305,-0.405725
8.93112,7.53603,-0.509696
8.82685,8.55739,-0.467608
8.82293,9.41502,-1.01097
8.80115,10.4236,-1.28006
8.88153,11.4169,-1.10325
8.78753,12.3898,-1.3217
8.71381,13.382,-1.56169
8.7131,13.4904,-2.51237
8.71448,14.2795,-1.90999
8.89715,14.9351,-2.65
9.0657,15.0686,-1.64521
8.95206,16.0648,-1.46072
8.85437,16.9356,-0.977697
8.75875,17.935,-1.01385
8.9643,18.9388,-0.930598
9.16717,19.7868,-0.357872
9.00113,20.777,-0.323692
9.00705,21.7218,0.111097
8.88889,22.7208,-0.032194
8.81335,23.6848,0.101032
8.86394,24.6579,-0.226405
9.03708,25.5042,0.286569
9.13572,26.4162,-0.185003
8.99757,27.4443,-0.343153
8.95372,28.4424,-0.206455
10.0274,2.93624,-0.250847
9.87456,3.92972,-0.098117
9.92074,4.93278,-0.436955
9.86136,5.89139,-0.161516
9.94955,6.82272,-0.600592
9.88069,7.8118,-0.687063
9.89412,8.83117,-0.440355
9.8372,9.52286,-1.20529
9.85727,10.5368,-1.39557
9.96554,11.5253,-1.07059
9.87961,12.4919,-1.39167
9.73814,13.4589,-1.79363
9.67024,13.9109,-2.69874
9.72877,14.4026,-1.77468
9.91957,14.7288,-2.72751
10.0779,15.1845,-1.86678
9.97908,16.1152,-1.53452
9.90395,16.995,-1.06094
9.81758,17.9827,-1.10869
10.0151,18.991,-1.05441
10.1499,19.9151,-0.706125
10.0069,20.8809,-0.485086
9.96212,21.8328,-0.222993
9.88932,22.7938,0.044673
9.79046,23.7735,0.171847
9.85428,24.6489,-0.32638
10.0767,25.4862,0.273309
10.1579,26.3478,-0.2
10.0091,27.3085,-0.41861
9.99034,28.3271,-0.327165
10.9663,2.92015,0.155351
10.9233,3.88519,-0.217527
10.9562,4.99462,-0.194946
10.8743,5.97677,-0.405216
10.9925,6.96779,-0.590335
10.9072,7.94461,-0.924805
10.9491,8.84763,-0.447075
10.8603,9.67478,-1.09331
10.8783,10.6004,-1.45069
10.976,11.5839,-1.13645
10.9271,12.5055,-1.49998
10.8061,13.493,-1.70539
10.7215,13.676,-2.6882
10.8659,14.2548,-1.84952
10.9146,14.5699,-2.83381
11.0836,15.0968,-1.95322
10.9963,16.0271,-1.62116
10.9303,16.9626,-1.31204
10.8156,18.0169,-1.23299
10.9759,19.059,-1.3187
11.1387,20.05,-1.05321
11.008,20.8231,-0.448454
10.9838,21.8286,-0.134248
10.9351,22.8144,-0.0794488
10.7883,23.7896,0.0609699
10.8635,24.5749,-0.53289
11.0745,25.3548,0.10636
11.1666,26.4069,0.066805
10.9792,27.3572,-0.10206
11.0248,28.3568,-0.22837
11.9576,3.05887,0.278283
11.9706,4.00814,-0.0137822
11.9716,5.00876,0.0320566
11.9106,6.02734,-0.148811
12.0227,6.91897,-0.678988
11.9198,7.90633,-0.629798
11.9643,8.91314,-0.467571
11.8368,9.79289,-0.898816
11.8952,10.7911,-1.10405
11.9382,11.7857,-1.16434
11.9091,12.7179,-1.50883
11.8592,13.6713,-1.77662
11.7193,13.9917,-2.80184
11.9342,14.4295,-1.95185
11.9418,14.754,-2.88847
12.0639,15.1947,-2.01139
12.0456,16.0533,-1.51985
11.9685,17.0677,-1.26288
11.7732,18.0623,-1.14462
11.9892,19.021,-1.31789
12.0738,19.8663,-0.700626
12.0214,20.7475,-0.333985
12.0453,21.7842,-0.106421
11.9052,22.771,-0.170019
11.8131,23.749,0.13773
11.8812,24.6657,-0.386309
12.0718,25.5268,0.119651
12.185,26.5178,-0.00352489
11.9972,27.513,-0.16429
12.0788,28.5182,-0.150615
12.9352,3.06735,0.530195
12.8946,4.0679,0.355828
13.0165,5.04985,0.0785424
12.9734,6.08,-0.205512
13.0435,7.03553,-0.599597
12.9715,8.0114,-0.780853
12.9516,8.95191,-0.567034
12.8613,9.935,-0.800128
12.9686,10.8927,-1.13994
12.974,11.9256,-1.30499
12.9181,12.8473,-1.73153
12.8537,13.8656,-1.84909
12.7547,13.8178,-2.84146
12.9763,14.4154,-2.09198
12.9475,14.8013,-3.00317
13.0753,15.3006,-2.14463
13.0554,16.1289,-1.55004
12.9866,17.0319,-1.19023
12.7828,18.0154,-0.989798
13.0598,18.9895,-1.171
13.0968,19.8585,-0.648143
12.9914,20.8325,-0.664852
13.1114,21.7846,-0.258296
12.856,22.6654,0.196237
12.887,23.6947,0.159801
12.9005,24.6404,-0.182138
13.0939,25.6003,-0.000177007
13.2027,26.593,-0.0757256
12.9639,27.4784,-0.436827
13.058,28.333,0.069509
14.0124,3.15329,0.628486
13.8952,4.16435,0.556191
13.9498,5.15196,0.412696
14.0298,5.98825,-0.158382
14.0388,6.86333,-0.629713
13.9813,7.88898,-0.778765
13.9492,8.91569,-0.664794
13.876,9.88991,-0.846168
13.9731,10.8855,-1.05301
13.9907,11.89,-1.19568
13.9188,12.7891,-1.58016
13.8846,13.7717,-1.7751
13.7849,13.7639,-2.7945
13.9951,14.4886,-2.15671
13.9624,14.9896,-3.01596
14.1123,15.2314,-2.05125
14.0828,16.1831,-1.68842
14.0098,17.112,-1.19786
13.7547,18.1202,-1.26471
14.1083,19.0592,-1.20785
14.1305,19.9718,-0.809217
13.9533,20.8794,-0.399863
14.1429,21.8491,-0.142564
13.8725,22.7336,0.309565
13.9069,23.6758,-0.0129398
13.9283,24.6815,-0.0776818
14.1326,25.6556,0.0190863
14.1469,26.6252,0.268319
13.958,27.494,-0.207761
14.0869,28.4847,-0.1815
15.0145,3.22914,0.809458
14.9483,4.12253,0.461504
15.0033,5.13768,0.31944
15.0917,5.91022,-0.284216
15.0805,6.8969,-0.50159
14.9209,7.87763,-0.386056
14.9597,8.90392,-0.392517
14.9434,9.8325,-0.793933
14.9599,10.8671,-0.937181
15.0452,11.873,-1.08238
14.9789,12.8162,-1.38283
14.9291,13.7565,-1.68566
14.8933,13.855,-2.71332
15.0014,14.5014,-1.95349
14.94,14.6792,-2.95872
15.0995,15.3983,-2.23467
15.1187,16.1711,-1.55246
15.0452,17.1467,-1.40803
14.7905,18.1442,-1.26023
15.2181,19.0401,-1.16242
15.1213,19.9492,-0.756087
14.9966,20.9176,-0.454955
15.1377,21.8472,-0.169951
14.8976,22.7468,0.1932
14.9095,23.7217,0.0095584
14.974,24.711,0.141444
15.1573,25.6591,-0.166192
15.1471,26.5777,0.219483
14.9204,27.5966,0.250725
15.0693,28.3865,-0.33943
16.0553,3.10092,0.67539
15.9813,4.1353,0.542964
16.0525,5.01399,0.115613
16.0905,6.00087,-0.0592517
16.1182,6.89494,-0.497494
15.9295,7.87936,-0.617441
15.9861,8.87556,-0.674679
15.9496,9.89363,-0.738868
15.9552,10.95,-0.705289
16.0781,11.904,-1.02827
15.9809,12.9158,-1.33663
15.963,13.8946,-1.67388
15.9081,13.9541,-2.67896
16.0104,14.6444,-1.91447
16.0137,14.9001,-2.91223
16.1203,15.4633,-2.07854
16.1201,16.4272,-1.64979
16.0399,17.4145,-1.60451
15.801,18.2912,-1.19835
16.2301,19.1377,-0.888192
16.0986,20.1056,-0.807831
16.031,20.9056,-0.241853
16.1752,21.9284,-0.0592212
15.8979,22.9178,0.262239
15.919,23.8792,-0.0240242
15.9328,24.7781,0.470598
16.1591,25.4963,-0.308741
16.1063,26.4835,0.0014069
15.8593,27.5026,-0.118763
16.0612,28.4905,-0.113095
17.0516,3.14441,0.889181
16.9849,3.94212,0.229118
17.0821,4.87933,-0.13357
17.0826,5.90606,-0.344377
17.1664,6.92105,-0.354506
16.9845,7.83452,-0.637593
16.9773,8.83037,-0.654317
16.974,9.90454,-0.595236
16.9418,10.8727,-0.887896
17.1581,11.813,-0.96964
17.0373,12.7862,-1.36904
17.0333,13.7936,-1.54293
16.9557,13.9255,-2.58101
17.0309,14.6249,-1.88938
17.0738,14.895,-2.86953
17.185,15.4236,-2.02553
17.1226,16.4295,-1.76611
16.9888,17.3258,-1.32088
16.8718,18.3168,-1.05488
17.2498,19.1612,-0.690185
17.1297,20.1944,-0.668923
17.0795,21.127,-0.306256
17.0862,22.157,-0.316172
16.971,22.9779,0.264299
16.9283,23.9844,0.0360607
16.9524,24.8947,0.510294
17.1529,25.5811,-0.176617
17.0552,26.5945,-0.244511
16.7999,27.574,-0.527665
17.1239,28.4983,-0.256746
18.0712,3.01918,0.66679
17.9012,3.70702,-0.0831019
18.0809,4.73385,-0.268413
18.0999,5.73141,-0.147996
18.1863,6.6993,-0.57452
18.0519,7.7084,-0.590704
18.0376,8.70879,-0.630152
18.0354,9.73828,-0.514066
17.9776,10.7431,-0.776089
18.2129,11.683,-1.05313
18.1079,12.5992,-1.54832
18.061,13.6524,-1.46014
17.9979,13.9322,-2.45252
17.9985,14.5824,-1.64652
18.0082,14.5991,-2.66558
18.1769,15.4214,-2.12238
18.0882,16.2697,-1.59847
17.9903,17.2456,-1.54648
17.8411,18.1381,-1.13238
18.1888,18.9566,-0.601544
18.1622,20.0066,-0.704163
18.1002,21.0325,-0.507361
18.087,22.0245,-0.329255
17.9851,22.9695,0.113285
18.0581,23.9429,-0.0422346
17.9796,24.8539,0.437831
18.0897,25.7912,0.0980407
18.0295,26.8083,0.0094821
17.7794,27.6434,-0.576455
18.1009,28.4085,-0.0152989
19.1249,3.17279,0.695025
18.9268,3.62222,-0.192483
19.0963,4.63336,-0.278231
19.1371,5.62628,-0.0232795
19.1449,6.45139,-0.628779
19.0512,7.45269,-0.621931
19.007,8.44762,-0.459233
19.0306,9.47406,-0.530152
19.0482,10.5523,-0.679864
19.2559,11.5182,-0.933506
19.1027,12.4977,-1.30313
19.0895,13.5134,-1.37851
19.0559,13.7392,-2.35965
18.9853,14.3412,-1.53587
19.0889,14.4328,-2.51528
19.1067,15.1639,-1.80092
19.091,16.1737,-1.71433
19.01,17.1755,-1.49561
18.9176,18.1169,-1.08885
19.1862,18.8447,-0.469036
19.1754,19.8537,-0.400452
19.1156,20.8747,-0.314829
19.1193,21.8972,-0.234227
19.0417,22.8637,0.204334
19.0769,23.8226,-0.00169988
18.9933,24.7944,0.285696
19.1254,25.8293,0.211353
19.069,26.8195,0.0573656
18.802,27.6092,-0.427973
19.1547,28.439,-0.0890316
20.0589,2.91061,0.873769
19.9048,3.3977,0.0353862
20.0842,4.39027,-0.191357
20.0963,5.38961,-0.352431
20.142,6.37679,-0.562865
20.0454,7.33748,-0.397266
19.9725,8.33412,-0.253838
20.0391,9.34674,-0.395907
20.0978,10.3614,-0.380749
20.2489,11.2679,-0.882278
20.1316,12.2385,-1.14169
20.1166,13.1562,-1.43805
20.1367,13.6863,-2.32829
19.9997,14.1709,-1.48701
20.1503,14.4769,-2.44002
20.1196,15.3266,-1.81422
20.0769,16.2276,-1.37979
19.9638,17.2146,-1.27371
19.8357,18.0449,-0.653444
20.2094,18.938,-0.277346
20.1782,19.92,-0.519645
20.1072,20.9235,-0.313334
20.0765,21.8949,0.0235267
20.018,22.9255,0.0149785
20.0865,23.9101,-0.115604
19.9648,24.8784,0.134776
19.9853,25.7718,-0.323637
20.1149,26.7567,-0.0884945
19.854,27.6763,-0.372365
20.1615,28.6271,-0.30933
20.937,2.49016,0.633186
20.8964,3.2244,-0.0464461
21.1028,4.23119,-0.0725455
21.0902,5.17523,-0.399939
21.1227,6.16659,-0.406015
21.0723,7.19015,-0.532508
21.0533,8.16882,-0.391671
21.0053,9.15824,-0.33311
21.1353,10.1964,-0.229441
21.2476,11.0456,-0.782617
21.1762,12.031,-1.12354
21.0507,12.9296,-1.52548
21.1389,13.6059,-2.27842
21.0099,13.9975,-1.37848
21.083,14.6477,-2.11671
21.136,15.5527,-1.69689
21.0468,16.4733,-1.33776
20.9928,17.459,-1.20589
20.8583,18.2527,-0.557469
21.2281,19.1325,-0.174322
21.1963,20.0425,-0.503845
21.0608,20.8209,0.105774
21.1379,21.841,-0.0468245
21.0061,22.8103,0.23321
21.0585,23.7673,0.0276925
20.9811,24.7684,0.132191
21.0163,25.7795,-0.110822
21.0742,26.7256,-0.489795
20.9113,27.6658,-0.265648
21.2517,28.6072,-0.391507
22.0159,2.54314,0.671126
21.893,3.05005,-0.210495
22.07,4.04784,-0.014304
22.1372,4.97708,-0.350999
22.1505,5.98224,-0.22646
22.1421,6.97317,-0.512006
22.1166,8.00234,-0.496884
22.0565,8.95898,-0.292712
22.0754,9.87485,-0.70528
22.295,10.7966,-0.524921
22.1007,11.6958,-0.988748
22.0611,12.6792,-1.40209
22.139,13.5121,-1.98372
21.9709,13.9478,-1.12682
22.0407,14.475,-1.99435
22.1514,15.3585,-1.50125
22.0528,16.4021,-1.56888
21.9779,17.2842,-1.12271
21.8612,18.1787,-0.682934
22.2461,19.0279,-0.195325
22.2055,20.0087,-0.376745
22.0502,20.9196,0.0376934
22.1297,21.9155,0.104013
21.9965,22.9033,0.0109561
22.0573,23.8667,-0.291299
22.0596,24.7846,0.14311
22.0067,25.8132,0.185104
22.0751,26.5629,-0.528352
21.9478,27.5147,-0.236811
22.2225,28.4548,-0.15038
23.0495,2.48381,0.847203
22.9463,2.77952,-0.0971343
23.0793,3.81954,0.0959899
23.1227,4.78473,-0.171187
23.1013,5.72233,-0.481384
23.1077,6.74278,-0.35591
23.0933,7.80345,-0.415638
23.0151,8.77694,-0.652522
23.0713,9.76759,-0.57535
23.3,10.7374,-0.295184
23.1057,11.4251,-0.981997
23.0513,12.4248,-1.2816
23.0984,13.3764,-1.65496
22.9977,13.8909,-0.811103
23.0833,14.3679,-1.7763
23.1774,15.2249,-1.2847
23.0055,16.1928,-1.16573
23.0455,17.2119,-1.04398
22.8386,18.1166,-0.619987
23.2029,18.9037,-0.0946013
23.1597,19.8877,0.155214
23.0501,20.9865,0.269778
23.161,21.9537,0.0696615
22.9789,22.9268,0.137739
23.0673,23.8555,-0.321403
23.0861,24.8364,-0.0406384
23.0409,25.7797,0.213355
23.0544,26.461,-0.530494
23.0143,27.4133,-0.266594
23.2207,28.3418,-0.26747
24.0435,2.24213,1.06438
23.9624,2.65603,0.167412
24.102,3.66138,-0.0321482
24.0992,4.61938,0.245738
24.1182,5.3956,-0.374596
24.0909,6.44837,-0.275152
24.0498,7.45137,-0.246104
23.9457,8.40788,-0.439497
24.0577,9.38287,-0.336412
24.3737,10.3893,-0.157491
24.0539,11.1901,-0.702194
24.0491,12.1281,-1.06092
24.0965,13.0723,-1.49109
24.0391,13.861,-0.759926
24.0734,14.4948,-1.54225
24.1154,15.189,-0.824244
24.0136,16.1557,-1.07171
24.0159,17.1221,-0.790741
23.8286,18.0774,-0.527042
24.1819,18.9249,-0.111911
24.1821,19.9064,0.0544481
24.0766,20.9175,0.140501
24.1635,21.8946,0.0350902
23.9878,22.9024,-0.153215
24.0953,23.8891,-0.346632
24.0452,24.7624,0.188275
24.0348,25.7743,0.358513
24.0581,26.4761,-0.385931
23.987,27.4582,-0.0401532
24.1842,28.5019,-0.0942747
25.084,2.1073,1.04237
24.8636,2.31581,0.0943083
25.087,3.29007,0.105557
25.1115,4.2697,0.24597
25.1462,5.24693,-0.0186865
25.1331,6.1875,-0.382492
25.0325,7.16606,-0.286483
24.9675,8.19366,-0.336265
25.0537,9.16569,-0.124454
25.3744,10.206,-0.155647
25.094,10.9497,-0.741029
25.0714,11.9084,-1.03124
25.145,12.8785,-1.34508
25.0456,13.5324,-0.607047
25.0095,14.4442,-1.03506
25.1626,15.3317,-0.600592
25.0345,16.26,-0.94109
25.0043,17.3028,-0.768429
24.7874,18.3112,-0.661605
25.2142,18.9964,-0.0337016
25.2095,19.9711,-0.0256325
25.1239,20.9716,0.0460097
25.2034,21.9903,-0.0417859
25.0036,22.9632,-0.29183
25.0783,23.9416,-0.141569
25.0375,24.94,0.137349
25.064,25.8113,0.585949
25.0822,26.3774,-0.243272
24.9871,27.3642,0.0426191
25.2134,28.4071,0.180615
26.1314,1.79204,1.0688
25.8865,2.02634,0.162828
26.0693,3.00498,-0.112586
26.1048,3.98272,0.0659749
26.1538,4.97185,0.0254799
26.1661,5.94891,-0.314151
26.0557,6.90616,-0.11753
25.9637,7.8892,-0.307807
26.0997,8.86761,-0.0928587
26.2894,9.82516,-0.352779
26.0489,10.821,-0.423243
26.0561,11.7904,-0.772597
26.138,12.7377,-1.13375
26.0559,13.5165,-0.387628
25.9698,14.4326,-0.733
26.1706,15.3816,-0.62436
26.0789,16.3199,-0.925883
25.9633,17.2003,-0.465133
25.8375,18.1726,-0.683483
26.2335,18.8968,-0.127702
26.2235,19.928,-0.102826
26.1,20.906,-0.145454
26.1491,21.9144,-0.338878
26.0485,22.9489,-0.217331
26.0978,24.0303,-0.276678
26.0128,24.8263,0.381094
25.9854,25.8097,0.220981
26.1055,26.6306,-0.422245
26.0085,27.5387,-0.017246
26.1426,28.6256,-0.153191
27.1266,1.9733,1.14165
26.9148,1.82116,0.181051
27.1224,2.77764,-0.212464
27.0761,3.71578,0.0831294
27.105,4.69958,0.139976
27.1638,5.64563,-0.301047
27.1001,6.63279,-0.116184
26.9473,7.62632,-0.190121
27.0795,8.61589,-0.189953
27.2944,9.64138,-0.243364
27.1304,10.6904,-0.313245
27.0797,11.6791,-0.558168
27.1779,12.5906,-1.07567
27.0957,13.3821,-0.45049
27.0097,14.4152,-0.635621
27.1386,15.3814,-0.374813
26.9729,16.3449,-0.46758
27.0066,17.3264,-0.35678
26.9352,18.2254,-0.757781
27.1799,19.0855,-0.315552
27.2865,20.0278,-0.10665
27.1229,21.0087,-0.103815
27.2005,22.003,-0.353911
27.1152,23.008,-0.331983
27.0502,23.9932,-0.0436445
27.0067,24.9249,0.410013
27.0082,25.9012,0.265804
27.1127,26.8154,-0.297107
26.9913,27.7824,-0.107169
27.146,28.7645,0.00293893
28.0932,1.55965,1.11921
27.9546,1.81694,0.117399
28.1046,2.65486,-0.460112
28.1101,3.59308,-0.10116
28.1302,4.59052,0.351473
28.1003,5.37155,-0.316343
28.0988,6.33806,-0.073162
27.9469,7.35217,-0.318165
28.0814,8.38742,-0.269497
28.2484,9.38841,-0.297009
28.1365,10.4087,-0.191314
28.0973,11.3973,-0.429478
28.1017,12.3444,-0.67337
28.1617,13.3381,-0.509598
28.0028,14.3663,-0.495856
28.1586,15.3353,-0.351805
28.0029,16.3261,-0.496133
28.0445,17.3487,-0.218595
27.9575,18.264,-0.658708
28.1582,19.1214,-0.165276
28.2956,20.1303,-0.11879
28.0416,20.9932,0.279946
28.073,22.025,0.197809
28.1055,22.9736,-0.1627
28.1048,24.0215,-0.0153661
28.0141,25.0152,0.244978
27.9617,25.9333,-0.0977538
28.1556,26.9753,-0.224516
28.0609,27.9492,-0.0254402
28.203,28.9234,0.178988
29.0904,1.33644,1.19147
28.9061,1.59434,0.214103
29.1184,2.39103,-0.306992
29.1005,3.35804,0.0107089
29.1201,4.25379,0.482894
29.1181,5.19272,0.0987091
29.1212,6.17719,-0.0201025
29.0095,7.14039,-0.157939
29.0846,8.13887,-0.221113
29.2111,9.09263,-0.0668905
29.1251,10.1048,-0.0840388
29.0781,11.0925,-0.337989
29.1011,12.1214,-0.425159
29.1266,13.1447,-0.516651
29.0134,14.1548,-0.617246
29.0929,15.1443,-0.676
28.9826,16.075,-0.341627
29.0226,17.1082,-0.309809
29.0089,18.0747,-0.583395
29.1696,18.9627,-0.114798
29.2587,19.9466,-0.250066
28.9866,20.9332,-0.0335826
29.1112,21.9482,0.257372
29.1149,22.9248,-0.0884091
29.1073,23.9271,0.130836
29.0266,24.9463,0.00365917
28.9369,25.9252,-0.182891
29.1765,26.9137,-0.360317
29.0545,27.9284,-0.239128
29.1792,28.8407,0.157341
