-0.160225,1.05737,-0.967141
0.0174566,1.39606,-0.050679
-0.00288705,2.42747,-0.202509
-0.0305368,3.41348,-0.0796289
-0.214801,4.40436,-0.181481
-0.107361,5.38418,-0.242808
-0.0969512,6.41611,-0.214106
-0.152928,7.42306,-0.237751
-0.0846675,8.40719,-0.333686
-0.216114,9.3703,-0.479299
-0.136198,10.3819,-0.624256
-0.0842097,11.3509,-0.556514
-0.220112,12.3078,-0.690567
-0.1919,13.3231,-0.674526
-0.182043,14.2515,-1.06754
-0.110556,15.2399,-0.773064
-0.156835,16.1791,-0.470717
-0.262114,17.1697,-0.158913
-0.114756,18.1523,0.166741
0.0690054,19.1054,-0.14565
0.0555528,20.066,-0.309571
-0.196286,21.0154,0.0664907
-0.191241,22.0213,0.324143
-0.110511,23.0501,0.447319
-0.145784,23.8941,-0.159963
-0.184417,24.8657,0.189959
-0.0519211,25.8651,0.266698
0.0227912,26.682,-0.327476
-0.0824641,27.6334,-0.145399
-0.203146,28.6086,-0.408017
0.78229,1.33989,-0.74817
0.960756,1.84201,0.109095
1.00418,2.79084,-0.202994
0.936357,3.75329,-0.00109256
0.776708,4.71078,-0.268709
0.903604,5.63933,-0.607501
0.867342,6.61158,-0.364592
0.842232,7.59744,-0.50173
0.937196,8.54271,-0.278802
0.758647,9.55357,-0.409247
0.883728,10.5242,-0.717463
0.94922,11.5396,-0.783212
0.797009,12.4446,-1.12394
0.817661,13.3657,-0.745375
0.804944,14.2837,-1.24572
0.868322,15.2752,-0.94471
0.895135,16.0937,-0.397409
0.760817,17.0286,-0.0533433
0.854305,18.0244,-0.0663656
1.06693,19.0079,-0.0111576
1.01957,20.0084,-0.0149449
0.802081,21.0123,-0.0927885
0.889413,21.8948,0.303519
0.872149,22.9255,0.297595
0.845555,23.8299,-0.252361
0.86577,24.7507,0.231022
0.928202,25.7561,0.281918
1.02996,26.6024,-0.322398
0.959166,27.5564,-0.336436
0.802963,28.5749,-0.558858
1.74468,1.83049,-0.811429
1.97028,2.07769,0.12758
1.97432,3.07926,0.0678549
1.91524,4.04811,-0.0149174
1.76196,4.9928,-0.258019
1.89998,5.94945,-0.525166
1.9066,6.95788,-0.495538
1.79829,7.93561,-0.620701
1.90109,8.79109,-0.0910764
1.78669,9.70434,-0.376672
1.92076,10.5355,-0.885797
2.00109,11.5422,-0.855177
1.8096,12.4975,-1.02356
1.74366,13.4536,-1.21291
1.82137,14.3982,-1.57083
1.93208,15.3036,-1.13102
1.91979,16.0059,-0.343873
1.77115,16.9861,-0.440547
1.78536,18.0266,-0.407218
2.06776,18.9519,-0.102667
2.01953,19.9736,-0.0873959
1.7994,20.9431,-0.0495529
1.92834,21.9101,0.155071
1.84555,22.9197,0.147298
1.85571,23.7439,-0.488473
1.81753,24.6757,-0.0506943
1.93609,25.6276,0.210724
2.0808,26.6031,-0.227958
1.95696,27.497,-0.556444
1.85936,28.5095,-0.435621
2.8065,1.74772,-0.411771
2.88948,2.35498,0.420005
3.03911,3.21632,-0.00466323
2.92463,4.23294,-0.0385449
2.79203,5.23943,-0.246001
2.88229,6.21191,-0.596274
2.91001,7.21011,-0.450249
2.78095,8.20206,-0.799756
2.82587,9.12253,-0.393298
2.71679,10.1223,-0.508713
2.85494,10.85,-1.2409
3.03412,11.6561,-0.71529
2.82513,12.5391,-1.18325
2.79822,13.5735,-1.13926
2.78592,14.4247,-1.69958
2.98181,15.202,-1.06434
2.9229,16.121,-0.610157
2.85177,17.095,-0.41449
2.82259,18.0983,-0.425449
3.12658,18.8881,0.189111
2.99246,19.8018,-0.127378
2.80937,20.7922,0.0752678
2.94072,21.739,0.323811
2.83606,22.763,0.247301
2.79669,23.706,-0.149086
2.89661,24.7224,-0.104938
2.94149,25.6871,0.298822
3.12082,26.4287,-0.366448
2.94164,27.3949,-0.324622
2.85028,28.3643,-0.277477
3.74675,1.6535,-0.110926
3.89585,2.53733,0.354466
4.02258,3.38965,-0.174233
3.93328,4.41577,-0.0831996
3.78666,5.34934,-0.448772
3.91033,6.31502,-0.601099
3.90111,7.34767,-0.622852
3.88964,8.34003,-0.747584
3.8788,9.29583,-0.335844
3.77524,10.2897,-0.56783
3.83608,11.1417,-1.06177
3.94136,12.1535,-0.815253
3.75728,12.7779,-1.54327
3.79769,13.7742,-1.24485
3.82535,14.6898,-1.74842
3.97313,15.2784,-0.907358
3.90105,16.1601,-0.381555
3.8706,17.1602,-0.628712
3.83183,18.1336,-0.296997
4.1208,18.9718,0.15728
4.01645,19.928,-0.0943022
3.77961,20.8291,-0.432304
3.95452,21.5968,0.155733
3.88133,22.6175,0.269561
3.85771,23.5811,-0.0260475
3.93286,24.613,0.0365886
3.92375,25.5971,0.289798
4.11658,26.4065,-0.273159
4.00622,27.4111,-0.419999
3.9062,28.383,-0.122782
4.7061,1.88881,-0.113898
4.8472,2.83242,0.224091
5.03094,3.61155,-0.392282
4.91775,4.57348,-0.0308512
4.79645,5.44566,-0.485153
4.91857,6.47513,-0.51084
4.92978,7.47126,-0.766921
4.86171,8.50681,-0.774523
4.81028,9.52977,-0.758702
4.78312,10.5082,-0.979388
4.85384,11.4888,-1.20249
4.90193,12.4672,-1.04704
4.73642,13.0052,-1.84483
4.8075,13.9473,-1.39289
4.81263,14.8486,-1.85458
4.96771,15.1365,-0.916382
4.88941,16.1112,-0.626197
4.83923,17.1259,-0.719263
4.80202,17.9618,-0.180123
5.12982,18.9021,-0.154811
5.0441,19.8982,-0.162963
4.81352,20.8617,-0.432942
4.9637,21.6599,0.13806
4.90665,22.6398,0.291485
4.98803,23.6302,0.224964
4.89113,24.5268,-0.257451
5.02578,25.5189,0.103046
5.13699,26.4529,-0.233885
5.04079,27.4965,-0.415949
4.90326,28.4986,-0.202255
5.7455,2.18331,0.0819269
5.85041,3.16533,0.292621
5.99546,3.89722,-0.325553
5.93667,4.82286,0.0836116
5.85651,5.7063,-0.448424
5.88196,6.7385,-0.782775
5.97527,7.78948,-0.790899
5.84173,8.82991,-0.667736
5.82338,9.84485,-0.704984
5.76139,10.8449,-1.02356
5.82964,11.809,-1.42221
5.92706,12.6536,-0.892248
5.78805,13.0132,-1.78585
5.83908,13.9775,-1.54355
5.79554,14.7845,-2.18751
5.94801,15.0771,-1.21558
5.89251,15.9395,-0.746446
5.81954,16.9066,-0.495987
5.85589,17.9234,-0.30083
6.03999,18.8644,-0.681829
6.04816,19.7528,-0.243242
5.82882,20.7048,-0.32212
5.9766,21.6635,-0.00999176
5.90985,22.6667,0.144777
6.00124,23.6279,0.148048
5.93159,24.5827,-0.230183
6.05717,25.5892,-0.152705
6.10476,26.5647,0.0100253
6.08517,27.4478,-0.443513
5.95013,28.412,-0.187738
6.74338,2.32906,0.21225
6.82311,3.34043,0.287478
6.92815,4.22048,-0.201947
6.89445,5.19255,-0.0765648
6.82825,6.08238,-0.555171
6.85238,7.04971,-0.860738
6.98185,8.07435,-0.691263
6.81691,9.07513,-0.76324
6.79234,10.0437,-0.97506
6.80648,11.0078,-1.10898
6.90052,11.9652,-1.49771
6.8946,12.9015,-1.14547
6.79518,13.2068,-2.09028
6.88149,14.0155,-1.46674
6.77154,14.8162,-2.11956
7.01014,14.9641,-1.13785
6.93039,15.9659,-0.77611
6.83413,16.8608,-0.351158
6.894,17.8388,-0.0301157
7.06403,18.6641,-0.634602
7.05919,19.6695,-0.463576
6.87672,20.6545,-0.247307
6.96921,21.6238,-0.0531663
7.02741,22.6087,0.170537
7.06965,23.6247,0.148314
6.89963,24.4425,-0.480725
7.05459,25.3945,-0.124622
7.04418,26.4032,-0.327445
7.11135,27.3822,-0.531687
6.97302,28.3004,-0.154683
7.72949,2.58361,0.427555
7.81668,3.55502,0.160076
7.93801,4.47404,-0.254567
7.87912,5.41193,-0.03802
7.86638,6.3244,-0.403494
7.87033,7.26126,-0.782397
8.00604,8.22221,-0.590893
7.90516,9.25404,-0.633601
7.77672,10.2856,-0.710578
7.85227,11.2399,-1.01988
7.94428,12.1794,-1.42885
7.88946,13.1796,-1.24746
7.81712,13.4048,-2.25744
7.95268,14.1043,-1.56584
7.81213,14.6293,-2.37672
7.90332,15.292,-1.59292
7.98555,16.0439,-0.847896
7.83659,16.9101,-0.310065
7.88054,17.8995,0.0102908
8.10059,18.6786,-0.5764
8.06761,19.6001,-0.18312
7.88944,20.5614,-0.123972
8.00354,21.5522,-0.199155
8.04226,22.508,0.132157
8.07625,23.4428,-0.0896023
7.90683,24.397,-0.491992
8.12679,25.3557,-0.25132
8.11641,26.3642,-0.276843
8.15416,27.3558,-0.369634
7.95811,28.2744,-0.00952788
8.74135,2.77377,0.522129
8.86877,3.69383,0.0969665
8.95931,4.51861,-0.443388
8.88089,5.51482,-0.244316
8.86119,6.52909,-0.367235
8.86753,7.57654,-0.607334
8.92015,8.5365,-0.895425
8.87183,9.5539,-0.736747
8.72168,10.5501,-0.859316
8.8537,11.5584,-1.08542
8.93578,12.5245,-1.40992
8.88484,13.5262,-1.38959
8.7723,13.631,-2.39011
8.93471,14.4318,-1.60663
8.81321,14.6521,-2.64921
8.90532,15.3498,-1.9461
8.93937,15.9479,-1.10963
8.8235,16.9167,-0.683242
8.84695,17.6548,0.0601611
9.05007,18.5695,-0.206882
9.0873,19.5379,0.0372112
8.95948,20.5413,0.125242
8.96656,21.5482,0.0751915
9.061,22.57,0.291498
9.1127,23.5086,-0.0526017
8.94406,24.4477,-0.398886
9.22337,25.3918,-0.164312
9.12365,26.3375,0.0632527
9.131,27.2366,-0.420542
8.99187,28.2028,-0.0940519
9.72433,2.87125,0.706473
9.91277,3.66474,0.158977
9.8982,4.65299,-0.00451369
9.922,5.59565,-0.300903
9.93231,6.58463,-0.376116
9.92262,7.58439,-0.579205
9.96364,8.57611,-0.831578
9.85006,9.59189,-0.583685
9.78582,10.6325,-0.720808
9.9133,11.6154,-1.02564
9.94592,12.6441,-1.32364
9.86802,13.6831,-1.49566
9.76808,13.8014,-2.50894
9.92628,14.5208,-1.8034
9.90536,14.6651,-2.80537
9.90143,15.3936,-2.10917
9.91543,16.1395,-1.41398
9.87646,16.8025,-0.678323
9.81222,17.7236,-0.278088
9.9794,18.7,-0.464245
10.1127,19.5567,0.0543687
9.96072,20.5307,0.0410535
9.97153,21.5611,0.00341502
10.0526,22.5805,0.0857692
10.0933,23.5629,-0.219459
9.92185,24.6199,-0.234477
10.1333,25.3868,0.355632
10.1196,26.2636,-0.115668
10.0668,27.2528,-0.0584399
10.0166,28.2529,-0.147188
10.7503,2.86467,0.568783
10.9447,3.75635,0.178555
10.9216,4.79298,0.101636
10.8995,5.66623,-0.512635
10.9696,6.65696,-0.312165
10.9043,7.69142,-0.45667
10.9696,8.68517,-0.718574
10.8995,9.68409,-0.642668
10.8384,10.7123,-0.713083
10.9521,11.5967,-1.14657
10.9878,12.5837,-1.19965
10.879,13.499,-1.75094
10.7961,13.8676,-2.67902
10.9438,14.4123,-1.81368
10.9883,14.4193,-2.83455
10.924,15.2424,-2.23491
10.9115,15.9465,-1.52787
10.9157,16.6758,-0.827265
10.7733,17.694,-0.639702
11.0134,18.603,-0.326612
11.0892,19.5995,-0.169189
10.9631,20.5575,0.0668172
10.9364,21.5843,0.280902
11.0886,22.5481,0.203394
11.053,23.6007,0.09888
10.9376,24.6261,-0.0336406
11.093,25.4464,0.610312
11.1088,26.2039,-0.0313303
11.0507,27.2198,-0.0242347
11.0279,28.2946,-0.156081
11.7995,3.0137,0.459645
11.8902,4.02452,0.505487
11.9643,4.9185,0.128422
11.8899,5.83289,-0.234413
11.9634,6.79335,-0.568487
11.8778,7.79279,-0.783084
11.9607,8.81265,-0.824195
11.951,9.83355,-0.655202
11.8896,10.8121,-0.628574
11.9744,11.6342,-1.25902
12.0385,12.6389,-1.18039
11.8856,13.3498,-1.83902
11.9219,13.9055,-2.65625
11.9625,14.3132,-1.7438
12.0317,14.5623,-2.71747
11.9158,15.1721,-1.89283
11.9031,16.154,-1.73473
11.9825,16.8936,-0.982324
11.8297,17.8189,-0.656236
11.969,18.7894,-0.522248
12.1014,19.8039,-0.392883
11.901,20.7688,-0.213193
11.9345,21.7328,0.101642
12.0425,22.6477,0.508234
12.1036,23.4915,-0.067217
11.8484,24.4205,0.296353
12.1035,25.4089,0.326164
12.0304,26.4086,0.339998
12.0964,27.2677,-0.153233
12.0605,28.2832,-0.44088
12.8502,2.90492,0.40553
12.9941,3.9502,0.519129
13.0114,4.87903,0.129969
12.9322,5.85778,-0.178799
12.995,6.78972,-0.561776
12.9689,7.79815,-0.598001
12.9539,8.8274,-0.729865
12.9014,9.77098,-0.352077
12.9587,10.7581,-0.632585
13.0078,11.632,-1.16587
13.0654,12.6817,-1.21528
12.9103,13.4995,-1.77002
12.9815,13.8676,-2.66842
13.026,14.3405,-1.79004
13.0763,14.6938,-2.70478
12.9577,15.1388,-1.78791
12.8757,16.0636,-1.37469
12.9029,17.0885,-1.31333
12.883,17.8855,-0.707892
13.0235,18.8667,-0.630415
13.1141,19.8684,-0.339198
12.8868,20.829,-0.268615
12.9174,21.7981,-0.0718223
13.0935,22.5495,0.572085
13.1138,23.4679,0.0642079
12.8395,24.3773,0.377639
13.1445,25.358,0.55313
13.0114,26.3264,0.304096
13.0595,27.4029,0.12291
13.1106,28.3375,-0.306964
13.8606,3.13145,0.683819
13.9783,3.95716,0.130512
14.0231,4.95024,0.360839
14.0055,5.78564,-0.208414
14.0209,6.84776,-0.347566
13.9766,7.78838,-0.629392
13.9111,8.75816,-0.405576
13.9587,9.74033,-0.552293
13.9684,10.7482,-0.727885
13.9931,11.7838,-1.02335
14.0888,12.8165,-1.26557
13.9029,13.6143,-1.84698
14.0314,14.1103,-2.70925
14.0767,14.4637,-1.7322
14.1014,14.9183,-2.62257
13.9653,15.276,-1.67764
13.848,16.3274,-1.60941
13.9223,17.2913,-1.34279
13.9356,17.9657,-0.616407
13.9647,18.9006,-0.265535
14.1408,19.8372,-0.551009
13.9055,20.7523,-0.215427
13.9625,21.7856,-0.230061
14.1319,22.572,0.430464
14.1764,23.5279,0.137068
13.835,24.5185,0.373205
14.1531,25.4572,0.61504
13.9995,26.3079,0.158986
13.9749,27.2367,-0.183425
14.0541,28.1458,-0.65175
14.7991,3.38781,0.996503
15.0344,3.95631,0.215973
15.0635,4.97963,0.294449
14.9881,5.91314,-0.130213
15.0478,6.92472,-0.257515
14.9978,7.86916,-0.618058
14.9475,8.86755,-0.475164
14.9926,9.84699,-0.768563
14.9686,10.8462,-0.860271
15.0312,11.8115,-1.24835
15.0754,12.7735,-1.38167
14.972,13.7009,-1.7539
15.0591,14.1643,-2.67101
15.1329,14.6917,-1.79399
15.139,15.094,-2.68069
15.0387,15.5554,-1.77551
14.8442,16.5265,-1.87039
14.9775,17.2717,-1.23615
14.8852,18.183,-0.851106
15.0213,18.9638,-0.27029
15.1279,19.9704,-0.434764
14.9387,20.8814,-0.0747124
14.9485,21.9142,-0.00826746
15.1291,22.7791,0.407584
15.1954,23.7243,0.076162
14.8478,24.5788,0.437355
15.1884,25.529,0.549837
15.0206,26.4448,0.135676
14.9355,27.4858,0.0612629
15.1317,28.2089,-0.633439
15.7629,3.14407,0.815296
16.0857,3.95515,0.309244
16.0807,5.01001,0.302658
16.0185,5.87553,-0.197626
16.1316,6.8792,-0.0671865
16.0114,7.90012,-0.282311
16.0615,8.90343,-0.621766
15.9671,9.89295,-0.728892
16.0152,10.8544,-0.886404
16.0769,11.8253,-1.2066
16.0915,12.7795,-1.54232
16.0564,13.7931,-1.67202
16.0697,13.9757,-2.69005
16.1078,14.663,-1.98015
16.1928,15.4097,-2.69323
16.0754,15.4458,-1.68948
15.8792,16.3869,-1.87966
15.9826,17.1593,-1.28932
15.8439,17.8866,-0.63552
15.9882,18.9052,-0.50492
16.1792,19.9081,-0.295578
15.9584,20.78,0.138969
15.9511,21.8655,-0.0775018
16.2009,22.6699,0.424723
16.2155,23.6935,0.348506
15.8214,24.5752,0.17008
16.1872,25.4797,0.404532
16.0727,26.4209,0.178774
15.974,27.3964,-0.00144963
16.1357,28.1574,-0.622285
16.7942,3.11437,0.573742
17.0907,4.10272,0.507306
17.1241,5.01496,-0.00265206
17.0603,6.01115,-0.113285
17.1405,6.97797,0.104712
17.0549,7.87068,-0.379681
17.0751,8.83011,-0.328584
17.0032,9.81805,-0.523368
17.033,10.7603,-0.949727
17.12,11.7741,-1.02628
17.134,12.6823,-1.46038
17.0511,13.6888,-1.61357
17.0705,13.8195,-2.5639
17.1724,14.5887,-1.92801
17.1588,15.2706,-2.65507
17.0908,15.3802,-1.66712
16.9202,16.3782,-1.7428
16.9896,17.2395,-1.18109
16.8259,18.1135,-0.745891
17.0444,18.9872,-0.280398
17.2046,20.0158,-0.441234
16.8627,20.9695,-0.233699
16.9281,21.8554,0.225477
17.1854,22.7669,0.664537
17.2493,23.7451,0.326313
16.8606,24.6392,0.097644
17.1748,25.5177,0.476058
17.1439,26.5351,0.224253
16.9782,27.3947,-0.229386
17.1367,28.3871,-0.455205
17.8142,3.03154,0.698672
18.0729,3.9803,0.431153
18.1276,4.88489,-0.0694021
18.1117,5.90186,-0.159169
18.1887,6.88826,-0.0117313
18.052,7.91796,-0.167562
18.1386,8.9493,-0.299542
17.9912,9.91858,-0.668081
18.0699,10.914,-0.911505
18.124,11.8251,-1.344
18.1321,12.8308,-1.24147
18.0801,13.7594,-1.66176
18.1115,13.8046,-2.71576
18.2004,14.6029,-2.07436
18.1314,15.2922,-2.82462
18.1509,15.4427,-1.80449
17.8978,16.4627,-1.60715
17.9275,17.4475,-1.50914
17.8479,18.1469,-0.79678
18.0246,18.9456,-0.207178
18.1874,19.954,-0.282684
17.8839,20.9689,-0.299167
17.9877,21.8753,0.16823
18.2234,22.8128,0.455333
18.2566,23.6861,-0.039613
17.8861,24.6284,0.0463118
18.1444,25.6031,0.24507
18.1432,26.6289,0.229652
17.9495,27.5684,0.0946837
18.1511,28.4967,-0.205368
18.8563,3.08924,0.605805
19.1032,4.04019,0.53274
19.129,4.83996,-0.0762749
19.1255,5.84649,-0.260787
19.1611,6.87372,-0.311731
19.0519,7.79169,0.091052
19.1398,8.7708,-0.188211
19.0421,9.69458,-0.586953
19.0819,10.6775,-0.845274
19.1137,11.6543,-1.1888
19.155,12.7046,-1.31838
19.1057,13.7993,-1.56927
19.1025,13.8009,-2.59937
19.2023,14.6392,-2.05565
19.118,15.2436,-2.86347
19.1994,15.4462,-1.84371
18.8203,16.2187,-1.28498
18.9487,17.222,-1.3016
18.8748,18.2343,-1.03156
19.0041,19.0006,-0.434147
19.231,19.9854,-0.34781
18.8921,20.9041,-0.110392
19.0387,21.7515,0.399606
19.2285,22.7844,0.440513
19.2898,23.6628,-0.0292978
18.907,24.5734,0.067272
19.0914,25.594,-0.160112
19.1287,26.5723,0.105768
18.9424,27.5024,0.414686
19.1424,28.3468,-0.0530045
19.8925,2.95203,0.729835
20.1319,3.92368,0.401437
20.105,4.59557,-0.396493
20.1552,5.56969,-0.062389
20.1825,6.5708,-0.131101
20.084,7.5717,0.0895657
20.1175,8.52051,-0.26487
20.037,9.5187,-0.394681
20.0602,10.4223,-0.803845
20.0844,11.4088,-0.964367
20.1301,12.3979,-1.01462
20.0532,13.3529,-1.40726
20.0415,13.4586,-2.41747
20.1944,14.3007,-1.84301
20.0363,14.8822,-2.62259
20.2507,15.4182,-1.80683
19.8144,16.2459,-1.33067
19.8989,17.1663,-1.00655
19.921,18.2146,-1.07043
19.9429,19.1579,-0.755373
20.2312,20.0909,-0.4798
19.9142,21.0306,-0.239363
20.0523,21.8019,0.444581
20.253,22.7398,0.22515
20.269,23.7479,0.17246
19.9174,24.6746,0.0927824
20.1022,25.6662,-0.0386029
20.1338,26.7027,0.137275
19.9534,27.6608,0.489029
20.1784,28.4799,-0.0892026
20.8987,2.83957,0.322477
21.1552,3.81154,0.360009
21.1139,4.46535,-0.411615
21.1641,5.33877,0.0780572
21.1498,6.34685,0.00690634
21.0705,7.36742,0.0938902
21.1513,8.29479,-0.28829
21.0657,9.25412,-0.441212
21.0454,10.2373,-0.438237
21.0853,11.1137,-0.948698
21.0343,12.0346,-1.28266
21.0143,13.0729,-1.42669
21.0646,13.3581,-2.37421
21.171,14.1379,-1.7817
21.0778,14.8296,-2.5217
21.2709,15.5895,-1.86004
20.8942,16.4183,-1.4609
20.9363,17.314,-1.0302
20.9139,18.3345,-1.10233
20.9696,19.2424,-0.733085
21.2227,20.1371,-0.422147
20.9573,20.9915,0.0744102
21.0853,21.9757,0.305921
21.1686,22.8334,-0.195083
21.2848,23.6768,0.281903
20.8797,24.6249,0.300543
21.047,25.5948,0.416016
21.158,26.5966,0.121207
20.9814,27.5713,0.410022
21.2278,28.469,-0.0194891
21.9358,2.7376,0.351845
22.1437,3.70705,0.386764
22.1339,4.37725,-0.363009
22.2239,5.21964,0.229893
22.1606,6.21501,0.170437
22.0487,7.19796,0.186785
22.1638,8.20181,0.050795
22.0666,8.97405,-0.562206
22.0087,9.95767,-0.439204
22.1166,10.8699,-0.848592
22.0611,11.8319,-1.04867
22.0025,12.6767,-1.55966
22.0743,13.2212,-2.39568
22.1329,13.9615,-1.73912
22.1524,14.82,-2.30011
22.1759,15.3133,-1.45954
21.9167,16.2697,-1.42556
21.9755,17.252,-1.18925
21.9195,18.2717,-0.95642
21.9959,19.305,-0.77297
22.2357,20.1554,-0.259395
21.9517,20.8708,0.41045
22.0274,21.8325,0.30249
22.1948,22.77,0.0846461
22.2403,23.6097,0.667968
21.8554,24.55,0.609513
22.0835,25.5098,0.24803
22.1978,26.4862,0.188919
22.0376,27.4695,0.0851619
22.2605,28.4703,0.0485549
22.9026,2.45311,0.631764
23.1135,3.38272,0.216416
23.1395,4.1565,-0.404691
23.2241,4.96533,0.185638
23.1847,5.97202,0.144444
23.0324,6.97414,0.212748
23.2254,7.99874,-0.000766015
23.0328,8.6939,-0.694848
23.008,9.63601,-0.286111
23.1369,10.617,-0.589215
22.9981,11.4674,-1.09087
22.9498,12.3393,-1.57712
23.0428,13.1517,-2.11967
23.1095,13.8584,-1.38127
23.1056,14.5864,-2.08312
23.1909,15.3335,-1.42778
22.9303,16.2508,-1.16297
22.978,17.2371,-0.974975
22.9653,18.2491,-1.03692
23.0036,19.2596,-1.17536
23.2388,19.958,-0.427723
22.9559,20.765,0.117704
22.9874,21.7754,0.196191
23.2242,22.7513,0.0361736
23.1753,23.7507,0.211893
22.861,24.6441,0.45201
23.0679,25.5411,-0.0473037
23.1635,26.5519,-0.00224616
23.0515,27.5429,0.115165
23.2679,28.5235,0.0658712
23.9109,2.24018,0.899298
24.0927,3.1315,0.487527
24.062,3.67329,-0.334922
24.1708,4.58372,0.0687094
24.1608,5.57553,0.155977
24.0512,6.61759,0.346663
24.1467,7.56408,-0.103217
23.9972,8.45917,-0.601776
24.0055,9.36308,-0.209314
24.1014,10.3503,-0.411103
24.0533,11.2302,-0.977117
23.938,12.1902,-1.35591
24.0859,12.976,-1.9793
24.1081,13.7057,-1.30553
24.1309,14.4825,-1.92738
24.1889,15.4411,-1.48146
23.9337,16.3988,-1.3145
23.9882,17.3607,-1.00739
23.9768,18.4226,-0.884637
24.0151,19.4085,-1.00059
24.2356,20.0445,-0.291082
23.9524,20.9564,0.101862
24.027,21.9239,0.412543
24.2166,22.8539,0.081698
24.1304,23.8622,-0.106461
23.8467,24.7482,0.307062
24.1031,25.6088,-0.094998
24.0957,26.5993,-0.335832
24.0453,27.608,-0.146059
24.2516,28.4779,0.29693
24.9552,2.0423,1.12672
25.0452,2.74141,0.397165
25.1176,3.40795,-0.359352
25.1961,4.32978,0.0805597
25.1945,5.32245,0.179632
25.092,6.35034,0.314338
25.1751,7.26478,-0.0629231
24.9669,8.2275,-0.285885
25.0322,9.26955,-0.298645
25.1237,10.2394,-0.425535
25.1707,11.1239,-0.895715
24.9467,12.0657,-1.21176
25.1279,12.8646,-1.86498
25.1257,13.6103,-1.13325
25.0668,14.5987,-1.51504
25.1823,15.5831,-1.41
24.9755,16.4833,-1.04055
24.9623,17.4158,-0.630091
25.025,18.4181,-0.78529
25.0372,19.4458,-0.755986
25.2768,20.3332,-0.291266
24.9649,20.9308,0.406214
25.0596,21.9073,0.173037
25.2339,22.8887,0.232319
25.0922,23.8784,0.260497
24.8831,24.884,0.281307
25.032,25.884,0.180316
25.0806,26.7525,-0.346028
25.0292,27.7455,-0.18522
25.1752,28.6921,-0.113144
26.0244,1.99911,1.10798
25.9531,2.29571,0.0945433
26.1124,3.15808,-0.378939
26.1667,4.17781,-0.293582
26.1799,5.06917,0.192938
26.1067,6.02743,0.184945
26.1602,6.94096,-0.163738
25.9481,7.91749,-0.0257668
26.0202,8.90133,-0.300247
26.1593,9.92499,-0.406415
26.1273,10.9305,-0.623475
26.0146,11.8762,-1.07352
26.1219,12.7324,-1.56908
26.0878,13.5468,-0.941685
25.9946,14.5764,-1.0649
26.0319,15.5788,-0.879025
26.0141,16.5345,-1.2074
25.9636,17.3795,-0.586789
26.0342,18.3398,-0.839467
26.1645,19.3428,-0.80332
26.2856,20.0668,-0.0895413
25.9826,20.8195,0.481552
26.0812,21.8337,0.255296
26.2307,22.8458,0.142775
26.1127,23.8574,-0.0744957
25.8919,24.8548,0.112574
26.0473,25.8549,0.30903
26.0676,26.6072,-0.406906
26.0194,27.5287,0.029487
26.1756,28.4834,-0.133757
27.0735,2.09883,1.02992
26.9616,2.1241,0.0467391
27.1229,2.9329,-0.516196
27.1367,3.89308,-0.222797
27.1284,4.73005,0.367525
27.1353,5.73698,0.181722
27.127,6.75674,0.166683
27.031,7.71098,-0.196808
27.0624,8.72452,-0.315162
27.1718,9.75283,-0.441304
27.1406,10.7674,-0.454814
26.9706,11.6878,-0.8494
27.1217,12.6202,-1.17561
27.2252,13.5821,-0.906671
26.9702,14.5173,-1.21909
27.0687,15.3688,-0.719993
26.9315,16.3784,-0.820548
26.9619,17.2488,-0.278384
27.1063,18.0985,-0.892566
27.1141,19.0604,-0.721198
27.2862,20.0549,-0.326936
26.9926,20.8601,0.179098
27.0481,21.8504,-0.0429823
27.1777,22.8706,-0.219492
27.0766,23.8518,-0.200345
26.9037,24.7994,0.0503861
27.0314,25.7873,0.047203
27.1277,26.7057,-0.405707
27.047,27.6808,-0.19378
27.1955,28.6086,0.10427
27.9968,1.65549,1.10718
27.9256,1.81938,0.0956236
28.1552,2.76153,-0.239277
28.1508,3.8004,-0.307743
28.1053,4.51161,0.410056
28.1441,5.5066,0.32252
28.1146,6.48378,0.0190619
28.0469,7.47509,-0.188116
28.07,8.4776,-0.340486
28.1433,9.45742,-0.42136
28.082,10.5095,-0.282012
28.0098,11.3916,-0.762917
28.1411,12.3867,-0.95042
28.1435,13.3271,-0.628452
28.0174,14.2967,-1.0007
28.0788,15.2874,-0.67604
27.9907,16.2827,-0.906381
28.0341,17.1356,-0.272756
28.0875,18.0441,-0.750893
28.1522,19.0784,-0.616733
28.3261,20.0532,-0.402231
28.0376,20.8631,0.130525
28.0955,21.8673,0.0590106
28.1695,22.8589,-0.121223
28.0747,23.8891,-0.25024
27.9957,24.8272,0.147893
28.0339,25.8102,0.0486984
28.1606,26.785,-0.111142
28.0971,27.7672,0.0945982
28.2093,28.7247,0.243779
29.0432,1.63972,1.25453
28.9199,1.72018,0.255712
29.1279,2.46579,-0.377712
29.1251,3.4789,-0.230842
29.1432,4.25843,0.441368
29.1514,5.2387,0.22537
29.1505,6.28267,0.184027
29.0397,7.2594,-0.207843
29.0927,8.21729,-0.392108
29.1799,9.22442,-0.392038
29.1169,10.2297,-0.129719
28.9558,11.1451,-0.477047
29.1514,12.144,-0.737779
29.1415,13.1545,-0.620798
29.0248,14.1254,-0.71894
29.1217,15.1606,-0.757173
29.0169,16.2036,-0.646342
29.0777,17.1002,-0.250533
29.116,18.0576,-0.525007
29.1629,19.0928,-0.385415
29.3844,20.0462,-0.326307
29.0256,20.8118,0.142738
29.0775,21.8349,0.0182989
29.1522,22.8535,-0.0888272
29.1382,23.8459,-0.227781
29.0544,24.8157,0.00929594
29.0369,25.8407,0.142964
29.2125,26.793,-0.140983
29.1111,27.7918,-0.0804498
29.2478,28.6584,0.433824
