2.17252,1.76897,-0.256063
1.39051,2.34053,-0.0262246
0.742347,3.13229,-0.0915281
0.98204,4.17075,-0.044908
0.421894,4.98091,-0.0288705
0.763152,5.93908,-0.0555071
0.407962,6.58344,0.59451
0.621158,6.91237,-0.316919
0.548756,7.96156,-0.361019
1.10435,7.97277,0.476684
2.17584,0.742549,-0.391049
1.52923,1.47595,-0.602194
1.24084,2.27095,-0.0939817
1.09963,3.24017,-0.422703
1.09972,4.18934,-0.0614948
1.08176,5.07361,0.362038
1.22829,5.98891,0.775192
1.34618,6.95243,0.416657
1.31361,7.97599,0.340434
1.69237,8.78743,0.762767
2.59118,0.513086,0.489758
2.23635,1.43507,0.0912809
2.14283,2.39075,0.323713
2.09722,3.29337,-0.222214
1.96291,4.13604,0.442906
1.87296,4.90684,-0.230717
1.78438,5.88791,-0.0123417
2.30757,6.68162,0.386511
2.34592,7.68798,0.404755
2.3894,8.67916,0.0774987
3.55957,0.210105,0.57701
3.1587,1.0046,0.139595
3.11704,2.01704,0.18977
3.00508,3.04048,0.0924924
2.88259,4.04706,0.0616016
2.91636,5.06257,-0.154366
2.82805,6.04981,-0.175219
3.29088,6.91552,0.221128
3.2629,7.74329,0.777429
3.36269,8.7302,0.438899
3.92575,0.465819,-0.328578
4.12154,1.34516,0.0243263
3.97732,2.30376,-0.285983
3.95332,3.29373,-0.0775903
3.84633,4.2382,-0.0579852
3.80316,5.15411,0.319233
3.80991,6.12514,0.109149
4.10103,6.95845,-0.406464
3.97795,7.83727,0.0900571
4.21058,8.78074,-0.1846
4.27937,1.25676,0.189898
5.01318,1.16673,-0.416419
5.00934,2.14169,-0.3035
4.8061,3.11091,-0.510172
4.75174,4.10273,-0.488491
4.72599,5.02159,-0.000433363
4.85546,6.0506,-0.0412152
5.10415,6.89246,-0.575332
4.86324,7.87352,-0.358357
5.20414,8.74765,-0.0450606
5.22405,0.973223,0.392499
5.88931,1.58645,-0.0527879
5.7962,2.11441,-0.889068
5.80251,3.05218,-0.565276
5.77356,3.98453,-0.164718
5.71924,4.9748,-0.238319
5.75404,5.94475,-0.43679
6.10381,6.89474,-0.273272
5.75354,7.80345,0.0533097
5.81181,8.51241,0.76321
6.07559,0.724992,-0.0046144
6.87375,1.31426,0.113202
6.41214,2.22554,-0.100735
6.64617,3.22156,-0.0933531
6.72214,4.19123,0.181915
6.71552,4.99171,-0.399808
6.77766,5.99189,-0.422605
6.9706,6.87331,-0.793817
6.64814,7.34048,0.0684439
6.24453,7.6443,0.942943
6.80442,0.938774,0.583819
7.60121,1.53141,0.731364
7.45656,2.19981,-0.0894772
7.64105,3.20015,-0.0694784
7.63998,3.99606,0.532386
7.70633,4.83528,0.0139683
7.72221,5.84199,-0.11164
7.87667,6.78641,-0.356475
7.4974,7.70931,-0.378481
6.66654,7.25653,0.0372997
7.53854,1.64121,0.477615
8.35795,2.09964,1.01848
8.35746,2.54383,0.131605
8.58592,3.38126,-0.354805
8.5641,4.2715,0.222834
8.47965,4.87781,-0.608457
8.58743,5.83892,-0.585302
8.87541,6.82843,-0.400461
8.35036,7.55013,-0.863933
7.40052,7.30659,-0.622672
