0.00976592,0.0137883,-0.14467
0.00293588,1.28954,-0.224445
-0.0433699,2.57601,-0.247209
-0.00337535,3.87108,-0.264736
-0.00711997,5.17054,-0.350899
0.0191656,6.45188,-0.28262
0.0216376,7.73682,-0.296927
0.0591662,8.98849,-0.361782
0.0636586,10.2603,-0.30014
0.136399,11.4856,-0.448402
0.179461,12.7028,-0.508432
0.197259,13.8342,-0.847829
0.266018,14.7937,-1.31758
0.207715,15.8281,-1.47093
0.0663961,16.7806,-1.07297
0.177178,17.7985,-0.888632
-0.0586718,18.4148,-0.0827021
-0.0219092,17.4628,-0.520771
0.0993988,17.9932,0.342772
-0.0121921,19.0043,0.24962
0.886493,0.508496,-0.275823
0.888827,1.77317,-0.351921
0.92132,2.98137,-0.344465
0.953197,4.26339,-0.354814
0.95436,5.54078,-0.337367
0.984552,6.80961,-0.265169
1.00368,8.08772,-0.282366
1.00772,9.34137,-0.280642
0.997424,10.6712,-0.304776
1.14126,11.9546,-0.360125
1.1781,13.2639,-0.463066
1.17391,14.3361,-1.03443
1.21285,15.1868,-1.76945
1.20616,16.2093,-1.76546
1.14147,16.9235,-1.03974
1.09565,17.762,-1.42298
0.950807,18.204,-0.537031
0.985784,17.2534,-0.715555
1.01533,18.0254,-0.13242
0.963225,19.0282,-0.0915738
1.87833,0.733992,-0.174545
1.89498,2.02758,-0.210092
1.92046,3.33206,-0.17495
1.93106,4.66757,-0.168578
1.90844,5.88414,-0.217307
1.9579,7.17708,-0.236042
1.96057,8.55141,-0.224174
1.92219,9.89746,-0.186114
1.85426,11.2484,-0.239949
1.94502,12.6602,-0.170916
2.01398,14.1874,-0.147087
1.97995,15.2913,-1.12564
1.79945,15.9391,-2.54875
2.0098,16.9956,-2.05663
2.16031,17.49,-0.941374
1.63172,16.8762,-1.29247
1.89168,17.8952,-0.897943
1.99003,16.9442,-0.762407
1.90317,17.9797,-0.669845
1.9811,18.913,-0.270794
2.86468,0.526112,-0.235936
2.89392,1.77909,-0.284155
2.87212,3.02075,-0.248939
2.88045,4.29226,-0.198059
2.86825,5.52271,-0.385757
2.84315,6.75082,-0.352892
2.82852,8.02604,-0.335282
2.76809,9.29025,-0.33451
2.6839,10.5694,-0.392584
2.66612,11.8146,-0.45385
2.52033,13.097,-0.530424
2.44718,14.155,-1.13497
2.32253,15.0967,-1.76384
2.66501,16.0868,-1.65581
2.73649,16.5929,-0.734043
2.7988,17.2792,-1.41451
2.873,17.7119,-0.435157
2.82401,17.2444,-1.29744
2.91491,18.1367,-0.693329
3.03134,18.9961,-0.210535
3.87154,0.369805,-0.268331
3.89468,1.55603,-0.296985
3.89977,2.7878,-0.348027
3.83979,4.00205,-0.302768
3.83553,5.17763,-0.320084
3.79339,6.33529,-0.253539
3.73072,7.53417,-0.275442
3.66659,8.72969,-0.399179
3.46517,9.84703,-0.472308
3.38691,11.0191,-0.586853
3.23872,12.2076,-0.679543
3.17317,13.31,-1.04778
3.14268,14.3088,-1.38091
3.42489,15.3051,-1.51285
3.61371,16.0151,-0.840959
3.82664,16.9564,-1.13854
3.86809,17.4474,-0.20329
3.77227,17.5974,-1.18907
3.86395,18.111,-0.335188
4.0579,19.1034,-0.323341
4.89203,0.245875,-0.243739
4.90097,1.3801,-0.212793
4.88628,2.51525,-0.245354
4.75596,3.59922,-0.251772
4.75194,4.70983,-0.190652
4.66669,5.89873,-0.146501
4.62548,7.04581,-0.293649
4.55848,8.20401,-0.23762
4.4235,9.30572,-0.332991
4.25859,10.3525,-0.496332
4.14295,11.4576,-0.632871
4.02846,12.5329,-0.842598
4.02767,13.598,-1.04485
4.25324,14.6053,-1.15751
4.55685,15.559,-0.811777
4.82398,16.5435,-1.01506
4.82517,16.9739,-0.146815
4.79018,17.5058,-1.01072
4.97399,18.0543,-0.220042
5.0089,19.0225,-0.0064272
5.87433,0.0647023,-0.111176
5.89267,1.13678,-0.181341
5.8648,2.27721,-0.15815
5.78812,3.34139,0.00701926
5.71001,4.4122,-0.116489
5.69978,5.53705,-0.108872
5.55904,6.65893,-0.159456
5.45453,7.75037,-0.275423
5.40619,8.83277,-0.272338
5.22168,9.91958,-0.377123
5.196,10.9294,-0.523258
4.98827,11.9727,-0.670244
4.95229,12.9742,-0.92833
5.14917,14.0164,-1.03754
5.42505,14.9814,-0.844835
5.65958,15.9977,-0.986062
5.82785,16.646,-0.239396
5.77453,17.3873,-0.922782
5.9742,18.0614,-0.189615
6.06582,19.0516,0.0687613
6.8981,0.162261,-0.139537
6.90398,1.1805,-0.00557573
6.83077,2.2227,-0.0267373
6.81174,3.3205,-0.0971465
6.73983,4.3664,-0.209607
6.65667,5.40676,-0.376073
6.59185,6.49768,-0.27467
6.45821,7.51791,-0.28641
6.41175,8.55501,-0.147102
6.3034,9.53272,-0.336958
6.20263,10.5935,-0.514206
5.99315,11.6019,-0.625922
6.08578,12.6354,-0.807254
6.1407,13.6061,-0.988211
6.38043,14.5699,-0.797302
6.57721,15.556,-0.949788
6.80961,16.2764,-0.334291
6.75161,17.2372,-0.53343
7.00907,18.0283,0.0260079
7.03695,19.0018,0.133232
7.88694,0.0086642,0.0373394
7.90612,1.06381,-0.00295724
7.82346,2.11581,-0.160857
7.83815,3.2086,-0.0113376
7.69491,4.2762,0.0518509
7.58658,5.31567,0.060802
7.5951,6.3452,-0.100122
7.4921,7.34547,-0.0755272
7.43072,8.38255,-0.148363
7.31386,9.37419,-0.368133
7.28231,10.3789,-0.4198
7.05455,11.4248,-0.419449
7.11747,12.3655,-0.651497
7.18384,13.3883,-0.816614
7.39226,14.3427,-0.770608
7.61396,15.3374,-0.750273
7.79672,16.1589,-0.278228
7.77917,17.2126,-0.294537
8.0273,18.129,-0.000134281
7.99326,19.0319,0.379308
8.90148,-0.0707511,-0.26032
8.88517,1.01248,-0.288406
8.80758,2.08128,-0.295129
8.88232,3.10284,-0.247758
8.71021,4.10762,-0.144899
8.61187,5.1142,-0.0306864
8.57043,6.10114,0.0409009
8.54596,7.10892,-0.152779
8.42066,8.17678,-0.117023
8.33378,9.17706,-0.336421
8.36005,10.1373,-0.300595
8.15881,11.1376,-0.434486
8.17863,12.1748,-0.587661
8.25894,13.1922,-0.659612
8.40985,14.1707,-0.488366
8.64856,15.1383,-0.594705
8.80003,16.1648,-0.441899
8.78944,17.1689,-0.241197
9.02887,18.1785,-0.215671
9.01442,19.0064,0.410208
9.94733,-0.131321,-0.220734
9.9195,0.869741,-0.339872
9.81082,1.82355,-0.225654
9.88567,2.94768,-0.179778
9.74342,4.02144,-0.208655
9.7374,5.01985,-0.095233
9.6028,6.03253,0.066982
9.53464,7.01746,-0.147575
9.48007,8.06377,-0.110541
9.32456,9.08455,-0.243468
9.39346,10.0835,-0.27853
9.14593,11.0975,-0.479745
9.24578,12.0916,-0.527311
9.29975,13.0977,-0.520078
9.4734,14.078,-0.457363
9.64355,15.078,-0.406998
9.85535,16.1336,-0.395865
9.86159,17.1227,-0.169127
10.0185,18.0795,-0.131745
10.0337,19.0608,0.229731
10.9697,0.000372326,-0.00982086
10.9441,0.967107,-0.211817
10.8627,1.98398,-0.269881
10.9301,3.00594,-0.21735
10.7334,3.98461,-0.290484
10.7996,4.98436,-0.0855251
10.6716,5.99525,-0.0414747
10.5901,6.95822,-0.179012
10.5365,8.00906,-0.22262
10.4084,9.03006,-0.163186
10.3929,10.0537,-0.302338
10.2385,11.0212,-0.511917
10.3368,12.0111,-0.558605
10.3622,13.0401,-0.436201
10.51,14.0555,-0.306012
10.6409,15.0609,-0.262328
10.8502,16.0607,-0.379699
10.907,17.0891,-0.118509
11.0492,18.0953,-0.118696
11.0694,19.0373,0.263201
11.9967,-0.0280404,-0.0804407
11.9483,1.01351,0.0476028
11.8697,2.01867,-0.123835
11.9283,3.00532,-0.117695
11.7623,3.9864,-0.196918
11.8645,4.94728,-0.0356029
11.7237,5.95513,-0.0500076
11.6496,6.97392,-0.0467605
11.5584,7.99432,-0.0638081
11.4751,9.0006,-0.224351
11.4428,10.0721,-0.278188
11.2977,11.0379,-0.354784
11.4357,12.0516,-0.61576
11.4351,13.0407,-0.56014
11.5444,14.0244,-0.29274
11.7145,15.0109,-0.254616
11.8911,15.9893,-0.274935
11.9276,17.0045,0.0589343
12.0405,18.0119,0.210135
12.0391,19.0517,0.0696921
12.9567,0.0448134,0.229395
12.9818,0.98731,-0.0660176
12.9089,1.97927,-0.111219
12.9179,3.04504,-0.218839
12.7791,4.10022,-0.193963
12.8581,5.04325,0.093704
12.6911,6.05097,0.147337
12.7067,7.04255,0.211072
12.6066,8.04548,0.00987274
12.5504,9.06832,-0.170949
12.5354,10.0325,-0.246617
12.3774,11.0331,-0.342521
12.5372,12.055,-0.530988
12.5353,13.0277,-0.408075
12.6108,14.0178,-0.381976
12.7519,15.0158,-0.345463
12.9228,16.0093,-0.250517
12.9367,17.0181,-0.0744591
13.0205,18.024,0.0209967
13.0544,19.0532,0.0426862
14.0195,-0.0255226,0.156673
13.9663,1.02528,0.133412
13.963,2.04323,-0.0905606
13.8517,3.00681,0.188336
13.7684,4.02514,0.0487442
13.9071,5.0439,0.211054
13.7916,6.0423,0.0200629
13.7488,7.05291,-0.0352519
13.7143,8.05534,-0.00535295
13.5787,9.00524,-0.230058
13.5906,10.0519,-0.21171
13.4727,11.0994,-0.284298
13.5873,12.1281,-0.335878
13.6249,13.1372,-0.374682
13.6768,14.1775,-0.291791
13.75,15.1034,-0.634639
13.9268,16.0044,-0.133418
13.9588,16.9461,0.217206
14.0019,17.9725,0.341374
14.0319,18.9419,0.176461
15.0074,-0.0105808,0.076751
14.9768,1.01042,-0.014658
14.8984,1.9971,0.248024
14.8306,2.97949,-0.0503922
14.8214,3.96734,0.0457564
14.9344,5.00262,-0.0631092
14.8326,6.01557,0.0506302
14.7898,7.04678,-0.109354
14.8088,8.07246,-0.039845
14.6493,9.0173,-0.329319
14.7088,10.0901,-0.343541
14.5423,11.1277,-0.282028
14.6539,12.1117,-0.382397
14.6559,13.1093,-0.255037
14.7733,14.1513,-0.322486
14.7415,15.1315,-0.390863
14.8974,16.0915,-0.173699
14.938,17.0703,0.117273
15.0106,18.0321,0.307639
14.9938,19.1258,0.321604
16.0079,-0.141563,-0.0878018
15.9922,0.936235,0.0357494
15.9167,1.99892,0.0834407
15.8904,2.99427,-0.0166204
15.8669,3.97049,-0.183966
15.9105,4.98182,-0.238182
15.8783,6.00049,0.0755638
15.8189,6.98098,-0.121018
15.8827,7.98966,-0.0730155
15.7356,8.96407,-0.318369
15.7762,10.0371,-0.231346
15.6508,11.0625,-0.149248
15.71,12.0602,-0.345518
15.7146,13.0703,-0.354631
15.8145,14.0766,-0.369265
15.7432,15.1106,-0.228333
15.9492,16.0986,-0.155315
15.9582,17.0249,0.215793
16.0247,18.04,0.276037
15.9987,19.0272,0.311115
17.0097,0.0681417,-0.0881069
16.9726,1.05064,0.114002
16.9365,2.08146,0.0481033
16.9478,3.10024,0.0371899
16.8618,4.0613,0.0268593
16.9152,5.06256,-0.20961
16.9434,6.10858,-0.0485549
16.8611,7.09511,-0.253743
16.9398,8.08914,0.0717307
16.809,9.03467,-0.236631
16.8614,10.033,-0.248567
16.7126,11.0225,-0.170559
16.8252,12.0373,-0.292441
16.8043,13.063,-0.166753
16.8684,14.0472,-0.277252
16.8032,15.0044,-0.0359264
16.978,16.0344,0.00349742
16.9587,17.0499,0.0790521
17.036,18.0441,0.230668
17.0006,19.0744,0.206131
18.0352,-0.0486679,-0.0285195
17.9398,0.9592,0.215043
17.9372,1.91391,-0.0603168
17.9186,2.93451,0.0594287
17.885,3.9669,-0.039613
17.9573,4.98664,-0.0403424
17.9455,6.00348,-0.0808313
17.8927,7.05171,-0.20065
17.9825,8.02651,-0.059328
17.9059,9.02136,-0.316459
17.9547,10.0315,-0.331132
17.7905,11.016,-0.062035
17.8924,12.0156,-0.135853
17.8563,13.0236,-0.135075
17.9082,14.0663,-0.285302
17.8678,15.0017,0.0592517
18.0134,16.0066,-0.0381451
17.9641,17.0135,0.19328
18.0772,17.9652,0.410413
17.9543,18.9612,0.415409
19.0389,0.0123692,-0.127729
18.9547,0.983755,0.0357097
18.9806,1.97626,0.0389569
18.9517,2.97927,0.0225715
18.9024,3.96971,0.134175
19.001,4.97053,-0.153761
19.0105,5.97473,-0.233943
18.9588,7.00038,-0.214844
19.0023,7.99447,-0.226624
18.9871,9.01378,-0.40022
19.0269,10.013,-0.300772
18.9094,10.9978,-0.124677
18.9883,11.9944,0.132057
18.9155,13.0041,-0.0361919
18.9642,14.037,-0.129838
18.9422,15.0274,0.0621235
19.0289,16.0344,0.131141
18.9818,16.9554,0.445802
19.1316,17.9636,0.314026
18.9992,18.9845,0.272161
