16.8601,16.2457,-6.52265
-0.227216,28.6334,-2.29659
-2.94917,5.89166,-10.3951
-0.467971,-21.3619,1.23402
-8.77949,7.37096,-16.6195
-0.694925,-28.0436,-12.2499
16.1223,-4.31916,14.8047
-3.62109,0.195352,6.51806
-9.7091,20.7042,7.56924
5.07984,19.2457,0.542106
8.78673,13.6434,-8.52109
1.68792,15.6478,-5.23859
0.218851,3.72987,-5.16013
-0.451784,-8.48124,-3.47329
-3.34421,-3.23947,-10.0778
1.3044,-13.527,-5.7613
6.93586,-5.25979,4.15419
3.40423,4.97945,3.70608
4.83211,16.3161,1.44759
19.5127,17.7355,-6.90022
6.44386,8.36548,-14.0285
3.05364,9.05058,-9.98393
1.63994,3.39917,-8.1245
0.64825,-2.463,-5.98246
-0.941804,-2.99002,-5.7596
0.99382,-5.32312,-2.10282
2.26988,0.439909,2.75045
1.07739,7.78597,5.22951
1.05149,15.0235,6.63478
5.78112,19.5338,4.89165
5.61165,3.22826,-20.6546
3.81834,4.58959,-15.4884
2.42318,2.80753,-11.396
1.19724,0.85996,-7.69006
0.105243,0.564321,-3.96204
0.0166784,1.02391,0.309589
-0.626649,5.70324,4.44447
-2.31875,11.3321,8.13327
-4.63262,16.9907,11.9454
-7.79408,21.7705,16.6784
5.41604,-1.89995,-28.0662
4.14018,0.813556,-20.483
2.86192,1.8282,-14.0689
1.64587,2.92087,-8.39966
0.422175,4.01705,-3.21558
-0.756514,5.85643,1.76175
-2.36694,9.79672,6.35346
-5.04077,14.6454,10.9151
-10.2516,19.3522,16.5009
-21.3638,25.0571,28.3359
5.95206,-7.08826,-37.6523
2.7981,-0.503708,-17.5988
1.98418,1.57164,-9.87025
1.2506,4.05393,-5.04176
0.83542,6.27931,-1.32292
0.64376,8.25989,1.88998
0.488891,10.4091,4.90051
0.0677572,12.9012,7.32156
-0.352037,15.0245,4.81425
6.17862,13.3526,-7.8738
-11.2604,27.4038,8.98219
-0.442817,5.86781,2.12729
1.07697,2.28848,-2.34094
0.397913,5.74977,-0.399402
0.770855,8.66833,1.69743
2.08158,10.174,3.07395
3.6033,10.942,4.25211
5.43725,11.1432,4.83222
8.82347,9.14392,2.10416
16.4976,2.73535,-1.9482
12.8771,-38.7338,22.7919
9.37132,-13.6564,10.4914
1.35749,-0.719187,3.59156
-0.815427,7.88013,4.14566
0.51178,11.8103,4.75719
3.52725,12.2963,4.4525
6.73468,11.5011,4.11007
10.4563,10.2733,3.64427
15.7574,8.25122,3.06203
23.3294,5.18134,4.43167
-9.11574,4.62073,-10.0702
21.3409,0.42797,2.16681
-7.05683,10.5267,-3.45961
-3.67141,16.1708,6.05217
0.103565,16.2768,7.32257
3.82983,15.1412,5.90373
7.77245,13.9001,4.25647
11.8485,12.7998,2.44467
16.2987,12.1737,0.365621
20.4914,13.5821,-2.99574
25.5289,-0.316764,1.25337
60.5726,-4.43417,11.2918
-35.6133,21.7693,-11.5126
-2.6421,25.0676,14.8937
-0.245033,20.5452,10.8568
3.10941,17.9276,7.86581
6.82286,16.1452,5.40031
10.5166,14.8252,3.25604
14.0018,13.9267,1.09955
17.1298,13.9509,-1.18956
