0.151106,0.502301,-2.25658
0.118189,1.79899,-2.29278
0.152519,3.07582,-2.30866
0.211585,4.37316,-2.34349
0.219379,5.63028,-2.42985
0.200604,6.88547,-2.33673
0.19491,8.13606,-2.29073
0.320249,9.37623,-2.24322
0.494601,10.5743,-2.25966
0.822419,11.7138,-2.1119
1.26703,12.7714,-1.93576
1.15986,13.8797,-2.13766
0.597232,14.7327,-2.09604
0.582983,15.7573,-1.99401
0.053444,16.5845,-2.03758
0.45891,17.4234,-1.64008
-0.194208,18.1666,-1.78054
0.119633,17.3631,-1.25171
-0.0224158,18.3407,-0.959218
-0.0252419,18.9434,-0.15251
0.721009,1.42767,-2.38314
0.794394,2.57537,-2.36259
0.865239,3.75338,-2.50524
0.95956,4.98184,-2.49759
1.08965,6.15552,-2.43366
1.15139,7.38074,-2.29714
1.16901,8.59009,-2.28642
1.35184,9.72977,-2.19908
1.55995,10.9243,-2.23801
1.8935,12.1335,-2.12035
2.38478,13.2331,-2.14509
2.30938,14.3371,-2.10538
1.53109,15.0585,-1.86266
1.62735,16.1331,-1.91923
1.01527,16.9217,-2.0062
1.50273,17.4491,-1.25829
0.957485,18.2164,-1.72712
1.07561,17.2186,-1.50946
0.986416,18.2297,-1.22723
0.817325,19.0456,-0.671331
1.75437,1.75025,-2.41913
1.78568,2.91791,-2.40432
1.83261,4.07806,-2.44439
1.92014,5.23553,-2.43985
2.0622,6.41205,-2.33409
2.14669,7.62885,-2.28853
2.18315,8.88233,-2.2058
2.3546,10.1352,-2.14286
2.54134,11.392,-2.2272
2.9346,12.6484,-2.27666
3.59141,13.9586,-2.19506
3.15269,15.2177,-1.98111
1.99599,15.8897,-2.10803
2.51772,16.7912,-1.63091
1.8357,17.6247,-1.82719
2.45243,17.0341,-1.34434
1.98691,17.9922,-1.48587
2.12379,17.0535,-1.6194
2.01868,18.1752,-1.44355
1.7747,19.0687,-0.992196
2.70952,1.38754,-2.40455
2.74518,2.51556,-2.36674
2.7599,3.6618,-2.39639
2.83456,4.80269,-2.39309
2.91938,5.95328,-2.31874
2.98268,7.07526,-2.09735
3.0138,8.25338,-2.04397
3.1336,9.43027,-2.02836
3.1491,10.616,-1.98414
3.26953,11.7346,-1.92775
3.34816,12.9125,-1.96654
3.22353,14.1162,-2.00537
2.79927,15.0949,-1.89253
3.19996,16.0472,-1.66612
2.60229,16.8534,-1.83576
3.50068,17.0977,-1.39448
2.94368,17.8819,-1.13408
3.11747,17.2855,-1.89206
3.03375,18.2297,-1.6109
2.80329,19.0736,-1.01327
3.7976,1.16516,-2.34525
3.75535,2.25396,-2.17888
3.76384,3.35724,-2.33264
3.78776,4.49276,-2.32316
3.83278,5.52589,-2.20186
3.8926,6.65093,-2.13447
3.88668,7.78706,-2.22872
4.03618,8.89142,-2.23014
3.94062,9.99973,-2.12889
4.05246,11.0793,-1.85214
4.04882,12.183,-1.8581
3.96814,13.2761,-1.81069
3.52746,14.2316,-1.70463
3.69901,15.2079,-1.88342
3.4702,16.228,-1.78106
4.18907,16.844,-2.08697
3.81543,17.4206,-1.37586
4.02581,17.5635,-2.3101
4.08636,18.3228,-1.58055
3.85997,19.1106,-0.989215
4.69423,0.817954,-2.13504
4.70189,1.88006,-2.07546
4.67122,2.89547,-2.0921
4.67325,4.00563,-2.11317
4.75961,5.1011,-2.07161
4.78265,6.15161,-1.94211
4.82376,7.28498,-1.9983
4.84391,8.35773,-1.96819
4.84269,9.41597,-2.06776
4.82993,10.4838,-1.96418
4.87541,11.5663,-1.87329
4.79392,12.5869,-1.61335
4.47338,13.6082,-1.61549
4.48589,14.5868,-1.84472
4.35789,15.6115,-1.72527
4.99821,16.299,-2.0554
4.78401,17.0481,-1.3488
5.05329,17.4234,-2.2274
5.06009,18.1966,-1.57298
4.90182,18.97,-0.903897
5.64812,0.374789,-1.94906
5.64786,1.47636,-1.99961
5.63143,2.52947,-2.07213
5.61805,3.59802,-2.1165
5.67307,4.68004,-2.06308
5.69841,5.76054,-2.02128
5.77971,6.82624,-2.09387
5.74236,7.87395,-2.05311
5.77908,8.92269,-1.96885
5.79142,10.0184,-1.98443
5.73223,11.0223,-1.94252
5.65544,12.0108,-1.79112
5.36252,13.03,-1.64747
5.41087,14.0198,-1.72341
5.18984,15.035,-1.74226
5.73875,15.8474,-1.59934
5.79951,16.7876,-1.31282
6.11406,17.4165,-2.08328
6.06744,18.2591,-1.51962
5.90038,19.0663,-0.967986
6.66268,0.146016,-1.99658
6.65504,1.16228,-2.02241
6.67621,2.21734,-1.99683
6.61718,3.27096,-1.9925
6.60641,4.34134,-1.95509
6.68189,5.41881,-1.95498
6.74298,6.49105,-2.0766
6.72618,7.53029,-1.9871
6.7525,8.56185,-1.79059
6.74664,9.63063,-1.90009
6.72266,10.7279,-1.97744
6.65601,11.803,-1.92507
6.37527,12.7402,-1.75903
6.39819,13.7524,-1.65833
6.19044,14.7384,-1.80402
6.65567,15.5518,-1.48294
6.80566,16.5272,-1.33838
7.10621,17.3345,-1.87372
7.07291,18.3101,-1.53321
6.90832,18.9944,-0.78442
7.67125,-0.0113285,-1.79239
7.65111,1.0179,-1.88843
7.636,2.06495,-1.76652
7.62176,3.11356,-1.92426
7.6766,4.16588,-1.94608
7.71956,5.16783,-1.78483
7.67123,6.22456,-1.78246
7.67511,7.32027,-1.67729
7.75811,8.34485,-1.87653
7.72105,9.42242,-1.93764
7.66528,10.4386,-1.81961
7.65716,11.4651,-1.80085
7.39683,12.4253,-1.63967
7.39298,13.4373,-1.64497
7.23896,14.4552,-1.72512
7.69346,15.3256,-1.54968
7.81274,16.2859,-1.19666
8.0762,17.0431,-1.74368
7.9946,17.8894,-1.25144
7.94546,18.8329,-0.986438
8.70625,-0.0758477,-1.61939
8.69229,0.964962,-1.60872
8.64193,2.00394,-1.74947
8.69828,3.01013,-1.97337
8.66807,4.04787,-1.83547
8.72335,5.1343,-1.70931
8.68255,6.1399,-1.68033
8.67612,7.14153,-1.52923
8.71714,8.12814,-1.77293
8.69295,9.19599,-1.75104
8.62611,10.2424,-1.64799
8.62506,11.2753,-1.80519
8.41317,12.2404,-1.77033
8.40846,13.2417,-1.68111
8.35877,14.2817,-1.65373
8.7188,15.2272,-1.53628
8.82297,16.2346,-1.45344
9.04632,17.2537,-1.58798
8.91389,18.0777,-0.942912
8.92156,19.0968,-0.880715
9.70831,-0.269951,-1.66964
9.72852,0.804288,-1.70943
9.66444,1.87119,-1.62674
9.66146,2.89491,-1.7545
9.68095,3.90035,-1.7294
9.69826,4.93911,-1.57853
9.66019,5.92676,-1.45672
9.69039,6.95336,-1.59769
9.67797,8.038,-1.5384
9.65555,9.12076,-1.54574
9.65443,10.125,-1.41722
9.65019,11.1196,-1.61393
9.42254,12.1354,-1.57429
9.47841,13.1981,-1.6184
9.45811,14.1835,-1.71872
9.69405,15.1546,-1.3959
9.78618,16.065,-0.996524
9.94497,17.1584,-1.10244
9.99984,18.2182,-1.02918
9.96608,19.2338,-0.777978
10.7288,-0.176629,-1.48353
10.6945,0.891235,-1.48129
10.7317,1.91601,-1.66597
10.6922,2.93612,-1.50185
10.6433,3.98984,-1.37914
10.699,4.92889,-1.74862
10.6553,5.94563,-1.5312
10.6983,6.96583,-1.46013
10.6491,8.01874,-1.36103
10.6741,9.05012,-1.36856
10.6492,10.0684,-1.37957
10.6396,11.1031,-1.28183
10.5332,12.164,-1.35708
10.4867,13.1402,-1.57549
10.5043,14.1468,-1.46568
10.7185,15.0863,-1.28008
10.8248,16.0531,-1.03617
10.964,17.0715,-1.01533
11.0593,18.0921,-0.843583
10.9858,19.1531,-0.707279
11.8154,-0.0833735,-1.37073
11.7134,0.914096,-1.51722
11.7838,1.90542,-1.76498
11.6901,2.89969,-1.57972
11.6599,3.93525,-1.48356
11.6984,4.93097,-1.57191
11.6961,5.93718,-1.29512
11.7378,6.9363,-1.30155
11.7184,8.0145,-1.37749
11.6825,9.04076,-1.40649
11.6456,10.0978,-1.5505
11.6265,11.122,-1.49555
11.5736,12.0577,-1.1184
11.5118,13.049,-1.30848
11.5823,14.0451,-1.34471
11.6692,14.993,-0.999066
11.8189,16.0443,-1.0916
12.0096,17.0261,-0.863366
12.0788,18.0379,-0.88836
12.0035,19.0645,-0.70123
12.8389,-0.131001,-1.63118
12.7731,0.85266,-1.54374
12.8331,1.85634,-1.68938
12.7311,2.85379,-1.51451
12.7143,3.87668,-1.46533
12.7199,4.92591,-1.36485
12.7257,5.94335,-1.37027
12.7625,6.94798,-1.24946
12.6988,7.99344,-1.21996
12.7259,8.93779,-1.46202
12.6366,9.9821,-1.50544
12.6371,11.0149,-1.35246
12.6115,12.0626,-1.27559
12.6236,13.1077,-1.30907
12.6578,14.1102,-1.3952
12.7147,15.1394,-1.1408
12.8757,16.1813,-0.952715
12.9986,17.1645,-0.803751
13.0627,18.1484,-0.928513
12.9503,19.1624,-1.07265
13.8929,-0.165899,-1.54361
13.748,0.811676,-1.33969
13.8974,1.8375,-1.6141
13.7419,2.82818,-1.37286
13.7789,3.86189,-1.49736
13.7228,4.84912,-1.36818
13.753,5.88266,-1.30511
13.8032,6.97,-1.31503
13.7484,7.97757,-1.17765
13.8089,8.98896,-1.41439
13.6365,9.99019,-1.36525
13.6778,10.9844,-1.429
13.636,12.0365,-1.33353
13.6222,13.0978,-1.24399
13.7064,14.1284,-1.29997
13.8145,15.1063,-1.14591
13.8706,16.1651,-1.02409
14.047,17.1927,-1.02774
14.1078,18.2226,-0.991025
13.9987,19.2411,-0.872152
14.8791,-0.251067,-1.25715
14.7752,0.763475,-1.37497
14.8607,1.83297,-1.51409
14.8505,2.88049,-1.41067
14.8022,3.92715,-1.37155
14.765,4.92877,-1.36884
14.7765,5.89142,-1.46055
14.8686,6.94144,-1.32626
14.8097,7.95221,-1.28856
14.86,8.97542,-1.29151
14.6817,10.0182,-1.20906
14.7447,11.0693,-1.21596
14.6662,12.0612,-1.25738
14.6881,13.1119,-1.14232
14.7745,14.123,-1.25004
14.8463,15.1473,-1.03333
14.9119,16.1474,-1.13256
15.0643,17.137,-0.90983
15.0991,18.1594,-0.823777
15.042,19.1981,-0.788656
15.9266,-0.244273,-1.24789
15.8429,0.795996,-1.28909
15.8659,1.77585,-1.41096
15.8835,2.80108,-1.30736
15.8482,3.79124,-1.3078
15.8113,4.83541,-1.34679
15.8545,5.83723,-1.44309
15.8698,6.83252,-1.29448
15.8507,7.80757,-1.08033
15.8553,8.86852,-1.18386
15.7363,9.84712,-1.11086
15.7905,10.9175,-1.16925
15.7425,11.9259,-1.32627
15.7501,12.9674,-1.20048
15.7853,14.0622,-1.16694
15.9322,15.0916,-0.993133
15.965,16.1262,-0.873461
16.0608,17.1383,-1.00763
16.1294,18.1518,-0.901205
16.0443,19.1653,-0.724986
16.9643,-0.2494,-1.16159
16.8851,0.772826,-1.31324
16.9076,1.79125,-1.40994
16.9292,2.79777,-1.29226
16.8998,3.85986,-1.26942
16.8695,4.89575,-1.41113
16.8766,5.92695,-1.31157
16.8115,6.89992,-0.96325
16.8781,7.88943,-1.05828
16.884,8.93176,-1.20974
16.783,9.99783,-1.25016
16.8149,11.035,-1.08547
16.7625,12.0822,-1.11807
16.785,13.0596,-1.1552
16.7976,14.0858,-1.09922
16.9762,15.1107,-1.00571
16.9485,16.153,-1.06208
17.054,17.2036,-1.15795
17.1956,18.2444,-0.908194
17.0676,19.2479,-0.559276
18.0327,-0.253575,-1.2637
17.9167,0.824674,-1.33718
17.9382,1.87422,-1.34129
17.9253,2.92793,-1.19164
17.9435,3.99791,-1.3677
17.8925,4.97441,-1.54072
17.9734,5.97913,-1.387
17.8277,6.97783,-1.00923
17.8884,8.0128,-1.04935
17.9098,9.01936,-1.08051
17.7579,10.0692,-0.936918
17.8639,11.1014,-0.976809
17.8451,12.1412,-1.16175
17.8288,13.1707,-1.01499
17.8569,14.19,-0.993484
18.0373,15.1956,-1.15855
17.9869,16.1575,-0.96718
18.078,17.1351,-0.924915
18.2468,18.1766,-0.835957
18.0437,19.0829,-0.413831
19.0617,0.0574633,-1.12502
18.9085,1.06306,-1.30978
18.9629,2.09201,-1.17469
18.9751,3.08591,-1.2964
18.939,4.0747,-1.21975
18.9023,5.05361,-1.23576
18.991,6.03389,-1.2695
18.9079,7.0333,-1.0706
18.9439,8.0619,-1.04022
18.9887,9.11467,-0.985672
18.7431,10.1007,-1.12853
18.8693,11.1269,-0.991375
18.8884,12.1455,-1.21256
18.8487,13.2003,-1.06055
18.9406,14.1895,-0.953563
19.013,15.2161,-1.06033
18.9825,16.2163,-1.06068
19.0841,17.1886,-0.807035
19.2404,18.184,-0.618635
19.0228,19.0698,-0.144642
