3.11407,4.79695,0.0174139
3.32125,4.76418,0.978692
2.38828,4.82199,0.599301
1.98392,5.71815,0.215827
2.25555,6.24012,-0.590799
2.81053,5.99399,0.236927
3.37186,6.22395,-0.562352
2.96856,6.15391,0.335295
3.00406,5.11975,0.345039
2.96628,5.34781,1.31489
3.30143,4.79333,0.978137
3.7823,4.74848,0.0858455
3.08477,4.1303,0.460125
2.68249,5.01493,0.700443
2.70278,5.94187,0.198978
2.47724,5.32218,0.934025
2.73195,6.01357,0.20875
2.31749,6.77872,0.739094
2.62711,5.84714,0.903256
3.59088,6.04324,0.958034
3.79304,4.04898,0.539503
4.05364,3.9159,-0.392318
4.07728,4.39096,0.525471
3.39884,4.67078,1.30331
3.46796,5.39438,0.608011
3.14093,4.5478,0.988708
3.4223,5.34963,0.464101
2.60156,5.81518,0.895029
3.08868,6.44072,0.252736
4.05928,6.69816,0.309992
4.63926,3.53062,0.679382
4.49251,3.03876,-0.203626
4.03628,3.97649,-0.397287
3.96986,4.5249,0.468639
3.04411,4.68455,0.079693
3.71316,5.28174,0.503275
3.70386,5.28843,-0.488971
3.41436,5.87618,0.29787
4.12105,6.54944,0.381115
3.88589,6.9333,1.33436
4.37305,3.47612,-0.325687
3.56625,2.9811,-0.634437
4.54653,3.21931,-0.825025
4.2498,3.63802,0.0518174
3.94877,4.5524,-0.301288
4.65498,5.25045,0.180364
4.63999,5.36692,-0.804486
3.71565,5.28306,-0.411475
4.43345,5.61855,0.170812
3.91474,6.43541,0.451238
4.77397,2.63991,0.0315073
4.58011,3.22047,-0.789679
5.29914,2.87983,-0.213614
5.22235,3.89836,0.0218696
4.92224,4.83796,-0.174056
5.5809,5.60506,0.0754753
5.67005,5.55245,-0.952599
4.73495,5.26847,-0.665523
4.91045,6.21364,-0.443666
4.88313,6.72953,0.442976
4.49998,3.53588,-0.372848
5.30991,2.89333,-0.161708
6.25435,2.87313,-0.455898
5.63466,3.55801,-0.845369
5.79256,4.40866,-0.313343
6.26254,5.27471,-0.553191
6.15309,6.3493,-0.563042
5.38827,5.84448,-0.106757
4.9781,6.58216,0.452727
5.64521,7.07151,-0.116846
5.28905,3.48545,0.347194
5.90473,2.76371,0.667302
6.17852,3.61123,0.220978
5.86467,4.3683,-0.292322
5.14024,5.122,-0.448308
5.58433,6.00731,-0.761495
5.31584,6.88109,-0.23126
5.60175,6.47479,0.681188
5.67866,7.0001,-0.170089
6.56539,6.66371,0.270977
5.939,2.80377,0.81648
6.23262,3.60426,0.265093
6.17144,4.54288,-0.241307
5.68878,4.94435,0.538212
5.47179,5.8232,0.153359
5.38671,6.78985,-0.12967
5.79251,7.65283,-0.598807
5.53471,6.72594,-0.293609
6.5495,6.53816,-0.299948
6.16429,7.44127,-0.270443
6.48428,3.59898,1.10241
7.27334,3.6218,0.388507
7.20103,4.49817,-0.0694052
6.46325,4.29518,0.581042
6.23347,5.26958,0.547548
6.02058,6.02749,-0.0901059
5.67011,6.96273,0.0948149
5.88181,7.60865,-0.643178
6.42388,6.90894,-1.20939
5.54534,6.80063,-0.779031
