-0.117847,0.546236,-0.726551
0.0330699,1.24788,-0.0305246
0.0463332,2.21744,-0.139097
0.00283822,3.18973,-0.45154
-0.0538499,4.1714,-0.262987
-0.053206,5.18899,-0.208582
-0.0983123,6.2057,-0.133348
-0.0974487,7.19413,-0.0521165
-0.121732,8.2169,-0.257198
-0.0897549,9.24689,-0.322257
-0.0916623,10.2683,-0.249571
-0.0849422,11.2224,0.104474
-0.0825068,12.1583,-0.20206
-0.112177,13.1508,-0.454186
-0.0330912,14.1432,-0.664135
-0.0710318,15.1278,-0.532289
-0.10903,16.1415,-0.391888
-0.201175,17.163,-0.356722
-0.15497,17.993,0.209861
0.0966124,18.9836,0.133869
-0.0363384,19.9913,-0.323353
-0.13932,21.003,-0.0142308
-0.150633,21.9916,0.112687
-0.0704886,23.0167,0.0767327
-0.0905332,24.0438,0.131458
-0.125645,25.0386,0.00636616
-0.0271981,25.9695,0.351085
0.0144902,26.8724,-0.0515763
-0.0639363,27.9634,0.0693808
-0.105817,28.8565,0.313495
0.893228,0.793445,-0.837904
1.03855,1.52965,-0.182803
1.01342,2.47879,0.144942
1.00327,3.46446,-0.330018
0.888595,4.47433,-0.22519
0.905844,5.43416,0.0581988
0.904236,6.43518,-0.168795
0.940843,7.43405,-0.0782128
0.927931,8.40304,-0.24387
0.888064,9.3383,-0.559337
0.975344,10.31,-0.19808
0.901328,11.377,-0.100662
0.883871,12.2915,-0.615595
0.930064,13.2942,-0.495157
0.984069,14.2356,-0.90405
0.918976,15.2885,-0.787472
0.887112,16.2511,-0.508475
0.777721,17.1958,-0.201453
0.848521,18.0632,0.205582
1.10792,18.9918,0.0672658
1.05986,19.9694,-0.244072
0.865175,20.9638,-0.130161
0.890948,21.9546,0.0178137
0.949651,22.9587,0.213788
0.944856,23.9579,0.0888546
0.883663,24.9592,0.216071
1.00215,25.9623,0.27141
0.996277,26.8554,-0.0976714
0.955831,27.8449,0.164736
0.895703,28.8288,0.309467
1.90264,0.926801,-0.571883
1.99052,1.91067,-0.198206
1.94817,2.86482,0.0166997
1.98613,3.81206,-0.323286
1.85431,4.78797,-0.493457
1.87127,5.7032,-0.0788354
1.86084,6.69154,-0.32067
1.94359,7.73168,-0.267183
1.90074,8.62275,-0.675335
1.92845,9.6159,-0.536048
1.96081,10.6155,-0.482754
1.82624,11.5944,-0.296881
1.85971,12.3691,-0.96592
1.96735,13.3261,-0.747963
2.01749,14.3053,-0.954469
1.92585,15.3208,-0.866991
1.90766,16.279,-0.493133
1.81682,17.2782,-0.206674
1.89414,18.2474,-0.00731223
2.07779,19.233,-0.0102206
2.01628,20.1558,-0.507022
1.86625,21.0443,-0.107746
1.91949,22.057,-0.158605
1.97953,22.9506,0.213587
1.86897,23.7919,-0.27224
1.84684,24.8117,-0.039256
1.80327,25.8059,-0.305448
1.95905,26.8678,-0.441374
1.91837,27.813,-0.134284
1.90916,28.7902,0.140822
2.88875,1.17468,-0.898682
3.01064,2.10776,-0.469933
2.93477,3.09853,-0.251588
2.91863,4.09234,0.0144505
2.85113,5.00698,-0.461516
2.85033,6.00725,-0.260005
2.90374,6.96095,-0.519153
2.86909,7.95089,-0.626417
2.95419,8.92221,-0.797662
2.85339,9.89739,-0.841588
2.94671,10.866,-0.58233
2.8278,11.8579,-0.491159
2.80087,12.5922,-1.16225
3.00233,13.4737,-0.722251
3.0016,14.3375,-1.22653
2.97246,15.3186,-0.913422
2.89888,16.356,-0.757228
2.80009,17.3582,-0.523811
2.86222,18.3169,-0.221723
3.06861,19.1426,0.339128
2.98242,19.9534,-0.239488
2.87595,20.9435,-0.0938047
2.95137,21.9904,0.0174871
2.97172,22.9773,0.0594348
2.86382,23.9541,-0.122202
2.83415,24.9473,-0.279229
2.81381,25.919,-0.305472
3.03094,26.8681,-0.577291
2.94914,27.7127,-0.0798456
2.91573,28.6697,0.118052
3.88483,1.47086,-0.990023
3.96753,2.40857,-0.615513
3.94483,3.35115,-0.286947
3.88138,4.35817,0.0754906
3.8405,5.3553,-0.240449
3.80152,6.2946,-0.496524
3.89764,7.27153,-0.680725
3.88514,8.26656,-0.719074
3.91414,9.26257,-0.740547
3.84571,10.263,-0.818839
3.92679,11.254,-0.574899
3.71069,12.2503,-0.696558
3.74804,12.8756,-1.46934
4.00877,13.6194,-0.834407
3.98688,14.3633,-1.5226
3.98323,15.1395,-0.907074
3.9509,16.1185,-0.698535
3.80619,17.1378,-0.536451
3.86977,18.1554,-0.372365
4.06621,19.077,0.102905
3.97159,20.0573,-0.0378674
3.90665,21.0664,-0.0211707
3.85369,22.0101,-0.359548
3.97344,22.9584,-0.136613
3.87237,23.9279,0.111109
3.82472,24.8302,-0.376031
3.90055,25.8433,-0.460961
4.03563,26.8378,-0.614093
3.91661,27.8212,-0.291742
3.93153,28.7976,-0.0305612
4.81583,1.90184,-1.11556
4.90257,2.70327,-0.504868
4.93869,3.64382,-0.187243
4.87771,4.63672,0.0644581
4.90396,5.53384,-0.335887
4.81965,6.50656,-0.64261
4.9117,7.48462,-0.84174
4.89768,8.47998,-0.774554
4.90723,9.48552,-0.921418
4.85335,10.4594,-0.890579
4.91964,11.4442,-0.866106
4.77437,12.4228,-0.764962
4.76408,12.9125,-1.68986
4.94022,13.717,-1.2093
4.93941,14.5107,-1.87001
4.94968,15.2203,-1.11896
4.98495,16.136,-0.7146
4.83796,17.1347,-0.609122
4.93592,17.9941,-0.131077
5.06637,19.0029,-0.0991455
4.98277,19.9633,0.118796
4.91227,21.0091,-0.100214
4.86297,21.961,-0.363576
4.99486,22.903,0.0114231
4.91381,23.9019,0.0598285
4.83493,24.8686,-0.230604
4.89033,25.8704,-0.185571
5.05994,26.8575,-0.466112
4.9253,27.8384,-0.16556
5.0144,28.8881,-0.272936
5.85072,2.0665,-1.07096
5.88712,2.92524,-0.555159
5.90725,3.93746,-0.370705
5.92613,4.85445,0.068865
5.90045,5.79523,-0.277084
5.81505,6.71209,-0.678607
5.9604,7.74534,-0.790304
5.89446,8.73068,-0.99302
5.85362,9.76191,-1.15216
5.92808,10.7446,-0.823612
5.89722,11.7573,-1.017
5.75136,12.7806,-0.964223
5.79057,13.0958,-1.89594
5.98101,13.9129,-1.33858
5.91115,14.5911,-2.08218
5.95427,15.3306,-1.39207
5.88679,16.2956,-1.04339
5.89651,17.1767,-0.494238
5.97195,18.0749,-0.0770898
6.04457,19.0069,-0.450707
5.99116,19.9031,-0.0741417
5.91463,20.9294,-0.288888
5.90613,21.9674,-0.386819
6.00712,22.8121,0.119535
5.95558,23.8818,0.0513443
5.85115,24.8415,-0.185162
5.88753,25.8878,-0.0726646
6.10888,26.8456,-0.310425
5.86908,27.85,-0.441237
6.04876,28.8019,-0.156987
6.86214,2.24944,-0.789325
6.92115,3.21534,-0.376318
6.90036,4.21604,-0.424351
6.86762,5.15868,-0.018836
6.8899,6.08141,-0.430116
6.79279,7.11499,-0.682891
6.94144,8.08193,-0.892212
6.84805,9.05689,-0.881426
6.88869,10.0174,-1.2109
6.89709,10.9768,-0.90264
6.88046,11.9671,-1.10001
6.78947,12.9884,-1.0266
6.84329,13.3043,-1.99739
6.9586,14.1914,-1.51908
6.89177,14.5675,-2.46766
6.92281,15.3724,-1.79599
6.90184,16.2296,-1.2073
6.83558,17.2208,-0.920737
6.94349,17.9739,-0.309687
7.03569,19.0036,-0.42591
7.01424,19.9585,0.0433393
6.97419,20.9502,-0.170623
6.89704,21.9382,-0.141221
6.93898,22.9249,-0.373162
7.02039,23.9084,0.0870479
6.83139,24.8275,-0.251915
6.95236,25.8088,-0.0718467
7.11057,26.8453,-0.0610981
6.87652,27.7955,-0.395569
7.0745,28.7256,-0.149931
7.83102,2.48245,-0.74297
7.90633,3.42844,-0.472414
7.84107,4.53579,-0.420887
7.85636,5.46336,-0.0203467
7.8893,6.33707,-0.505155
7.80172,7.29093,-0.782986
8.01043,8.26078,-0.897189
7.83681,9.28831,-0.941655
7.89008,10.3108,-1.00899
7.82497,11.3217,-1.09861
7.80762,12.3209,-1.20472
7.75552,13.3431,-1.15148
7.80866,13.5657,-2.14193
7.97603,14.3592,-1.54877
7.91202,14.5817,-2.57132
7.96437,15.2384,-1.80391
7.91347,16.1627,-1.32412
7.83288,17.0112,-0.71099
7.92829,17.9663,-0.500745
8.05356,18.9911,-0.668801
8.10064,19.8055,-0.0909513
7.99067,20.8545,-0.212629
7.93208,21.8589,-0.186645
7.96118,22.9045,-0.327503
8.00447,23.9092,-0.182763
7.8472,24.8764,0.00407422
8.02504,25.8802,-0.0800745
8.16978,26.8867,-0.0189795
7.87622,27.7966,-0.484976
8.09568,28.6516,0.0335917
8.84195,2.82063,-0.69964
8.88525,3.62119,-0.0829524
8.90649,4.59713,-0.377325
8.81044,5.56093,-0.312259
8.84992,6.52732,-0.730711
8.81136,7.55692,-0.941557
8.98768,8.52972,-0.936012
8.85406,9.57326,-1.0663
8.87054,10.643,-0.983389
8.78472,11.6761,-1.3681
8.81435,12.6781,-1.24057
8.72498,13.6871,-1.40217
8.78738,13.9031,-2.42142
8.91837,14.5837,-1.7356
8.89626,14.6933,-2.71014
8.9517,15.3622,-1.93947
8.94953,16.1328,-1.34237
8.82945,16.9395,-0.716498
8.92993,17.9483,-0.666897
9.06554,18.9209,-0.686917
9.09316,19.821,-0.25912
8.99471,20.8163,-0.5318
8.97226,21.7642,-0.0828211
8.92914,22.8106,-0.0938597
9.02974,23.7805,-0.0555498
8.89502,24.7916,-0.26075
9.02004,25.7644,-0.276428
9.13785,26.7573,-0.251772
8.84658,27.7144,-0.225251
9.11383,28.6063,0.0529923
9.85806,2.93464,-0.410508
9.92183,3.87267,-0.0383953
9.8827,4.76349,-0.536036
9.83904,5.77326,-0.405081
9.85202,6.76815,-0.587912
9.81573,7.72678,-0.887017
9.96679,8.78191,-0.863802
9.87307,9.7855,-1.00008
9.93475,10.7726,-1.102
9.85001,11.7076,-1.43596
9.8606,12.7683,-1.33914
9.79175,13.834,-1.39758
9.81317,14.0117,-2.45605
9.95088,14.7601,-1.78291
9.88443,14.5847,-2.78009
10.0058,15.2381,-1.96284
9.91954,16.155,-1.63793
9.81431,16.9421,-1.04112
9.81052,17.92,-1.13647
10.058,18.9119,-0.986013
10.0967,19.7625,-0.442644
10.0419,20.7607,-0.334434
10.0142,21.7035,-0.0485763
9.99984,22.7013,-0.185171
10.024,23.7184,-0.090173
9.91882,24.6731,-0.478173
10.0137,25.6382,-0.329667
10.1384,26.7149,-0.303644
9.92516,27.6376,-0.0442274
10.1328,28.5372,0.355086
10.8677,3.01523,-0.0531266
10.9332,4.01874,-0.22316
10.9037,4.96784,-0.425669
10.9135,5.97843,-0.372781
10.9063,6.9239,-0.608051
10.8186,7.8186,-1.05856
10.9958,8.82665,-1.0613
10.8795,9.85715,-0.941856
10.9848,10.8236,-1.10612
10.9021,11.8191,-1.18751
10.9222,12.8184,-1.39216
10.7645,13.7787,-1.7462
10.7951,14.0775,-2.6951
10.9558,14.6347,-1.83455
10.9002,14.4562,-2.85381
11.0085,15.045,-2.07241
10.9386,15.9375,-1.6066
10.8615,16.8802,-1.31979
10.8605,17.9007,-1.11423
11.038,18.8688,-0.833778
11.1905,19.7514,-0.429945
11.0351,20.6876,-0.368889
10.9766,21.7118,-0.509616
10.9873,22.6417,-0.0799982
11.0344,23.646,0.0792077
10.9213,24.5736,-0.370763
11.0276,25.5288,-0.578256
11.1682,26.5158,-0.652394
10.9303,27.5359,-0.364968
11.1082,28.4309,0.0664266
11.8293,3.14122,0.215589
11.913,4.10428,-0.0680502
11.9824,4.93649,-0.625278
11.9352,5.909,-0.428095
11.9452,6.91373,-0.554683
11.8401,7.87233,-0.889975
12.0576,8.80388,-1.17963
11.9527,9.83875,-1.01934
12.0282,10.9108,-0.9395
11.979,11.8335,-1.33036
11.941,12.8173,-1.49161
11.7494,13.702,-1.96544
11.8158,14.2864,-2.76631
11.9954,14.4677,-1.85708
11.9579,14.3974,-2.84737
11.9826,15.2369,-2.23321
12.0073,16.0828,-1.6334
11.9002,16.9972,-1.26002
11.8661,17.9697,-1.08869
12.0779,18.9031,-0.759938
12.1505,19.9155,-0.727931
11.9562,20.6917,-0.121104
11.8742,21.7752,-0.132975
11.9803,22.7754,-0.0893796
11.9909,23.7639,-0.147472
11.9379,24.6823,-0.521885
12.0264,25.6649,-0.699661
12.0214,26.4977,-0.0620777
11.905,27.533,-0.107855
12.1412,28.519,0.110404
12.8908,3.35382,0.381664
12.9284,4.18016,-0.198138
13.0381,5.09494,-0.60741
12.9198,6.06065,-0.436134
12.9978,6.96409,-0.822907
12.8429,7.97929,-0.805643
13.0985,8.8779,-1.10031
12.9443,9.93525,-1.15475
13.0522,10.892,-0.819208
13.0698,11.78,-1.34534
13.0162,12.8124,-1.56153
12.8708,13.7242,-1.85116
12.8576,14.1341,-2.80686
13.0025,14.6262,-1.92569
12.9588,14.5332,-2.96994
13.0447,15.226,-2.28625
13.0123,16.2061,-1.97872
12.8106,17.1684,-1.61177
12.8058,18.1311,-1.40073
13.0861,19.0447,-1.03446
13.1424,19.9972,-0.677493
13.009,20.7808,-0.0134587
12.9558,21.7632,-0.228263
12.993,22.7355,0.0286019
13.0133,23.7541,-0.0615955
12.9557,24.6911,-0.445448
13.0645,25.6978,-0.544411
13.0055,26.6062,-0.0692953
12.9924,27.5911,-0.329505
13.1565,28.3896,0.224403
13.8723,3.33662,0.202002
14.0079,4.2691,-0.204968
14.1206,5.0545,-0.785485
13.9181,5.9638,-0.443117
14.0251,6.90513,-0.635685
13.8769,7.91465,-0.786013
14.1635,8.80441,-1.15328
13.9892,9.7753,-0.918552
14.0776,10.7583,-0.921216
14.0895,11.77,-1.27356
14.0564,12.7079,-1.73587
13.9162,13.6859,-1.72679
13.916,14.0351,-2.6808
13.9999,14.5196,-1.84496
13.9888,14.5194,-2.83891
14.0343,15.376,-2.30261
14.0082,16.244,-1.82272
13.7959,17.194,-1.57258
13.9062,18.1427,-1.3942
14.0666,19.1136,-1.16282
14.1116,19.8835,-0.502185
14.0106,20.8846,-0.293469
13.9547,21.9133,-0.287759
13.9818,22.8625,0.212476
14.0264,23.8078,-0.130619
13.9682,24.8115,-0.110862
14.0573,25.7252,-0.589547
14.032,26.5409,-0.0202887
13.9654,27.4693,-0.472634
14.1475,28.3469,0.0859127
14.906,3.40855,0.328614
14.9959,4.16409,-0.375985
15.1444,5.07284,-0.780844
14.9311,6.00371,-0.394919
15.004,6.88347,-0.909784
14.9753,7.91802,-0.64861
15.2232,8.78515,-1.14613
15.0397,9.7766,-0.882672
15.11,10.7784,-0.814417
15.1609,11.7527,-1.21891
15.0857,12.7172,-1.62862
14.9342,13.6921,-1.83892
14.9176,14.092,-2.76017
14.9746,14.5334,-1.81388
15.0358,14.6357,-2.81793
15.0257,15.407,-2.04101
15.0049,16.3747,-1.76303
14.7806,17.266,-1.32441
14.929,18.3081,-1.25303
15.0728,19.2815,-1.0757
15.1549,20.0021,-0.405411
14.9716,20.8662,0.0439283
14.9619,21.8735,-0.143782
15.0179,22.8761,0.00341807
15.0121,23.8686,0.0918424
14.9852,24.8545,-0.0461501
15.0898,25.6927,-0.5726
15.0396,26.6037,-0.11919
14.9501,27.6245,-0.2674
15.1563,28.4229,0.295361
15.9833,3.25059,0.356188
15.9754,4.03389,-0.308841
16.1313,4.98695,-0.478228
15.9804,5.94429,-0.277136
15.9877,6.89044,-0.598044
16.0425,7.89286,-0.668462
16.2537,8.8,-1.00898
16.0103,9.82645,-1.11086
16.0999,10.7911,-0.888736
16.1533,11.793,-1.29418
16.0949,12.7627,-1.55818
16.0257,13.7485,-1.80301
15.9598,14.261,-2.65745
16.043,14.5795,-1.70639
16.0922,14.8002,-2.73655
16.1064,15.4001,-1.97311
16.0213,16.3324,-1.6356
15.7415,17.3706,-1.61363
15.9386,18.279,-1.3218
16.0311,19.1955,-0.854067
16.189,20.0978,-0.50155
15.9172,21.0355,-0.216715
15.9512,22.0003,0.00839564
15.9728,22.9637,-0.253163
16.0851,23.9375,0.0158422
16.0157,24.9699,-0.0159062
16.07,25.7449,-0.625388
16.0277,26.6348,-0.147118
15.9983,27.6206,-0.24861
16.1405,28.3447,0.418372
16.9706,3.25748,0.335591
17.0273,4.00029,-0.383953
17.1612,4.98492,-0.370537
16.9704,5.9906,-0.245427
17.0324,6.89348,-0.662694
17.0946,7.92308,-0.672045
17.2615,8.90895,-0.821061
17.0312,9.82425,-1.13687
17.0893,10.8307,-1.0286
17.2559,11.7948,-1.16248
17.1159,12.6656,-1.63443
17.0324,13.6241,-1.65178
16.9951,14.0941,-2.51556
17.0626,14.4399,-1.53608
17.0794,14.7651,-2.5705
17.1183,15.2727,-1.72377
17.0117,16.1925,-1.48087
16.784,17.1809,-1.50638
16.9516,18.1297,-1.19207
17.0604,19.0039,-0.677496
17.1925,19.9907,-0.67488
16.9436,20.8954,-0.190609
16.9615,21.8089,0.174545
16.9481,22.8199,-0.117252
17.0645,23.8139,-0.130503
17.0416,24.8243,-0.104263
17.0544,25.6624,-0.717966
17.0077,26.6257,-0.303659
16.9489,27.5175,0.108924
17.1482,28.4756,0.072692
18.0718,3.09424,0.330262
18.0521,3.9447,-0.190634
18.1434,4.93491,-0.0607654
17.9543,5.92475,-0.0295297
18.0971,6.82345,-0.536512
18.1168,7.78542,-0.776955
18.2664,8.81669,-0.677029
18.0455,9.74362,-0.964223
18.1003,10.7272,-1.11469
18.2175,11.6995,-1.15381
18.1188,12.6568,-1.45643
18.0317,13.628,-1.32193
17.9645,13.7252,-2.34106
18.0723,14.48,-1.58825
18.0781,14.8484,-2.56541
18.1419,15.3633,-1.71141
18.0688,16.3297,-1.3569
17.8098,17.3092,-1.34728
17.9352,18.2978,-1.50276
18.0693,18.9894,-0.780111
18.1735,20.0598,-0.822636
17.9392,21.005,-0.429823
17.9593,21.9046,0.0427961
17.9529,22.8645,-0.0568773
18.1049,23.8958,-0.21117
18.0791,24.8668,-0.341032
18.061,25.6951,-0.913236
18.0238,26.6228,-0.569723
18.0085,27.3786,0.176043
18.1567,28.333,-0.121342
19.0773,2.95419,0.600732
19.0557,3.85029,0.0249855
19.1743,4.86334,-0.101245
19.019,5.81414,0.0110233
19.091,6.80362,-0.214164
19.1401,7.65337,-0.716099
19.2504,8.64229,-0.945305
19.0465,9.63999,-0.931004
19.1043,10.6322,-0.979409
19.2368,11.5873,-1.23991
19.1547,12.603,-1.43967
19.0953,13.5546,-1.10969
19.004,13.7799,-2.08168
19.0367,14.3847,-1.27096
19.0236,14.6271,-2.23552
19.1686,15.2089,-1.47621
18.9183,16.1676,-1.86826
18.8485,17.0705,-1.41225
18.8975,18.1232,-1.28115
19.1084,18.9477,-0.790387
19.1297,19.9083,-0.549171
18.9668,20.8571,-0.139174
18.9603,21.8496,-0.207779
18.9619,22.863,-0.252693
19.1323,23.834,-0.158202
19.1044,24.8596,-0.190207
19.0714,25.5889,-0.96733
19.1263,26.6047,-0.667855
18.9746,27.4542,-0.125007
19.1442,28.431,0.034904
20.0853,2.77268,0.275463
20.0254,3.75716,0.353819
20.1711,4.70274,0.0517747
20.0739,5.69025,0.131605
20.1045,6.68399,-0.0580401
20.1824,7.50064,-0.648143
20.2315,8.48452,-0.538707
20.0952,9.46026,-0.934431
20.1396,10.4436,-0.90889
20.2635,11.423,-1.05536
20.2135,12.4159,-1.07173
20.116,13.4136,-1.0338
20.0478,13.6103,-2.05293
20.095,14.2903,-1.28568
20.1055,14.5819,-2.26326
20.1843,15.1214,-1.4001
19.8481,16.0727,-1.51951
19.8845,17.0254,-1.23397
19.9023,18.0597,-1.20317
20.1074,18.973,-0.680752
20.1092,19.9878,-0.65735
19.9483,20.9087,-0.311472
19.9505,21.9382,-0.2026
19.9916,22.9348,-0.0801996
20.1613,23.9599,-0.175039
20.0459,24.8837,-0.475994
20.016,25.9031,-0.599136
20.0658,26.9354,-0.756352
19.9171,27.823,-0.316355
20.1347,28.6003,0.276562
20.9585,2.34207,0.309107
21.0289,3.4049,0.394311
21.0963,4.4022,0.225303
21.0385,5.37061,-0.0586871
21.0892,6.35598,-0.049855
21.1534,7.21647,-0.577429
21.2031,8.17298,-0.69555
21.0128,9.13301,-0.602847
21.0747,10.1414,-0.704254
21.2069,11.0301,-1.07888
21.1806,12.0083,-0.953426
21.1307,12.9943,-0.909409
21.0632,13.3996,-1.80418
21.1339,14.2851,-1.37165
21.06,14.982,-2.11765
21.1648,15.3593,-1.18047
20.8283,16.3009,-1.47595
20.8028,17.1137,-0.889105
20.9081,18.1389,-1.14648
21.1281,19.1299,-0.823353
21.0868,20.0443,-0.465612
20.9531,21.0329,-0.568731
20.9598,21.9277,-0.0113773
21.0408,22.9393,-0.0115421
21.1312,23.8403,-0.380425
21.0469,24.8354,-0.260817
21.0094,25.7332,-0.64095
21.059,26.7239,-0.462136
20.9082,27.6779,-0.200674
21.131,28.6269,0.0847865
22.0052,2.21484,0.442256
22.0783,3.25094,0.388571
22.0913,4.15061,-0.0245491
22.0272,5.19915,-0.0278603
22.0991,6.17126,0.248308
22.1321,7.08099,-0.161342
22.194,7.96713,-0.698938
21.9827,8.9714,-0.417164
22.0842,9.9551,-0.597287
22.2087,10.8624,-0.985635
22.198,11.8865,-0.876376
22.1368,12.8673,-0.644914
22.0727,13.2088,-1.59066
22.0832,14.0735,-1.08743
21.998,14.8473,-1.75198
22.1903,15.424,-0.974075
21.8941,16.2965,-1.36316
21.8598,17.1911,-0.897617
21.9145,18.175,-1.12182
22.0963,19.1485,-1.06452
22.1535,19.9188,-0.421473
21.8811,20.8341,-0.20145
21.9827,21.7745,0.159255
22.0513,22.7675,-0.156963
22.0934,23.8058,-0.169253
22.0767,24.7579,-0.380435
22.0298,25.755,-0.485632
22.0434,26.7829,-0.357692
21.9549,27.7791,-0.114039
22.0851,28.7853,-0.109561
23.0311,2.03909,0.450334
23.0834,3.06016,0.376315
23.1134,3.93388,-0.0504196
23.096,4.92532,0.0947417
23.127,5.93141,0.089053
23.1724,6.88979,-0.273898
23.2367,7.82013,-0.646666
22.9741,8.74214,-0.273006
23.0635,9.69941,-0.533207
23.2438,10.6865,-0.844725
23.1557,11.6526,-0.522016
23.1026,12.6437,-0.45175
23.0339,12.9748,-1.38352
23.0715,13.9426,-1.26798
23.0238,14.7898,-1.82039
23.1489,15.5352,-1.18563
22.9235,16.4917,-1.423
22.8793,17.1188,-0.629188
22.9341,18.0356,-1.12673
23.0739,19.0141,-0.937736
23.0833,19.6712,-0.188498
22.9006,20.6885,-0.304932
22.9482,21.682,-0.0809839
23.0247,22.6688,-0.303693
23.0808,23.6317,0.0274606
23.1158,24.61,-0.193414
23.0352,25.6274,-0.177676
23.064,26.5785,-0.573879
22.9913,27.5793,-0.344023
23.1049,28.6414,-0.145415
24.043,1.86701,0.501871
24.098,2.82016,0.215217
24.1899,3.77578,-0.117762
24.1671,4.77082,0.0560411
24.1781,5.75331,0.128599
24.1682,6.77315,-0.115781
24.2371,7.66886,-0.465615
23.9516,8.52672,-0.0522446
24.0308,9.35328,-0.597333
24.1193,10.3485,-0.455663
24.1162,11.3385,-0.392364
24.0698,12.3326,-0.287695
24.0854,12.7402,-1.26076
24.0779,13.7979,-1.14559
24.0768,14.6466,-1.66098
24.1687,15.4505,-1.03384
23.9138,16.3804,-1.26866
23.955,17.1044,-0.609043
23.986,17.9833,-1.04653
24.0767,18.9182,-0.739814
24.1369,19.6874,-0.129212
23.9654,20.6097,-0.312113
23.9499,21.5883,-0.52747
24.0255,22.5974,-0.105905
24.089,23.6252,0.105231
24.0782,24.6285,0.160118
24.0318,25.5624,-0.291974
24.0517,26.5511,-0.274279
24.1055,27.5745,-0.310694
24.1084,28.6405,-0.214234
25.0324,1.85503,0.768068
25.0033,2.40752,-0.0364544
25.1076,3.4305,0.0737846
25.1571,4.43631,0.0992004
25.1752,5.43182,0.215082
25.0509,6.4902,0.324928
25.1756,7.37285,-0.113068
24.9274,8.3521,0.116477
25.0129,9.17945,-0.443345
25.1347,10.1547,-0.298386
25.1625,11.2337,-0.283038
25.0657,12.2086,-0.317368
25.1211,12.7822,-1.18897
25.0872,13.7828,-1.1911
25.139,14.7155,-1.52337
25.2651,15.5225,-0.982162
24.9022,16.4311,-1.17494
25.0114,17.0523,-0.3356
24.9319,17.9789,-0.777145
25.1007,18.9527,-0.512278
25.1459,19.8345,0.011417
24.9754,20.7455,-0.403879
24.9917,21.743,-0.445448
25.0333,22.6847,-0.00200507
25.0668,23.7121,0.0321696
25.101,24.6914,0.140165
25.071,25.5027,-0.482894
25.1694,26.5015,-0.212339
25.1491,27.566,-0.366649
25.1742,28.5522,-0.233576
26.0749,1.7963,0.847893
25.9814,2.07306,-0.111261
26.0988,3.09133,0.0544145
26.1486,4.09491,0.257564
26.1394,5.09816,0.154909
26.0151,6.08917,0.268798
26.1325,6.99063,-0.161168
25.862,7.92302,0.0175207
25.9888,8.90105,-0.181475
26.1286,9.8979,-0.190701
26.1519,10.8844,-0.357912
26.0831,11.9376,-0.194156
26.0609,12.4915,-1.04134
26.0653,13.5324,-0.935496
26.0907,14.4861,-1.20195
26.2973,15.4137,-0.845857
25.9942,16.3857,-1.15946
26.0439,17.0175,-0.393118
25.9695,17.9926,-0.572301
26.0718,18.9457,-0.352208
26.1405,19.8759,0.118552
25.9507,20.7134,-0.337471
25.9925,21.6908,-0.56556
26.0495,22.5926,-0.0757958
26.1049,23.6171,0.200479
26.0855,24.5917,0.0879238
26.0375,25.5563,-0.278683
26.1744,26.5527,-0.150365
26.1119,27.5415,-0.119538
26.217,28.5411,-0.200104
27.0687,1.51238,0.98063
26.9886,1.91129,0.0571764
27.0653,2.8532,-0.271712
27.1121,3.83272,0.0718833
27.0788,4.81967,0.405426
27.0893,5.82723,0.395291
27.0979,6.69979,-0.109705
26.9203,7.70719,0.110758
27.0072,8.64989,-0.260338
27.109,9.60213,-0.0191748
27.1207,10.4857,-0.552361
27.0395,11.4825,-0.275808
27.1025,12.311,-0.838084
27.0883,13.3523,-0.651057
27.0419,14.3444,-0.790146
27.3428,15.3278,-0.856017
27.027,16.2815,-0.920527
27.0734,16.9993,-0.260637
26.9664,17.9707,-0.598752
27.0901,18.9709,-0.371816
27.1811,19.9464,-0.128504
26.961,20.8559,-0.108698
26.9845,21.8896,-0.38594
27.0252,22.7997,0.0597461
27.1751,23.762,0.2832
27.1263,24.7231,0.171938
26.9874,25.7037,0.160836
27.1756,26.5756,-0.35428
27.1215,27.582,-0.166887
27.1777,28.5106,0.159157
28.0586,1.57794,1.00197
27.9529,1.65954,0.0382916
28.1052,2.66123,-0.168084
28.0742,3.59326,0.295959
28.1186,4.5694,0.562053
28.1194,5.57917,0.367077
28.0909,6.48954,0.0413892
27.9797,7.51433,0.0539384
28.0387,8.3742,-0.423099
28.1408,9.42234,-0.154494
28.1057,10.2854,-0.744459
28.0641,11.244,-0.268569
28.0949,12.2362,-0.52776
28.1006,13.2475,-0.521622
28.0482,14.2343,-0.611917
28.3175,15.1738,-0.912449
28.0013,16.089,-0.715452
28.0702,16.9984,-0.266851
27.9721,17.9861,-0.468654
28.1422,18.9849,-0.373394
28.2632,19.9149,-0.0531999
27.9583,20.8994,0.0318827
28.0194,21.879,-0.288757
28.0517,22.852,-0.0754326
28.1315,23.8475,0.0255715
28.1336,24.8591,0.261458
27.9879,25.7513,-0.154671
28.1341,26.7301,-0.158126
28.1213,27.7318,-0.349474
28.2137,28.6412,0.0537706
29.0592,1.24684,1.23761
28.9322,1.5078,0.265239
29.1154,2.39632,-0.213804
29.0779,3.31011,0.216672
29.1036,4.2672,0.456468
29.09,5.18378,0.0866359
29.1065,6.20065,0.0743797
29.0019,7.19121,0.0535325
29.0698,8.16038,-0.14431
29.184,9.13539,-0.136811
29.0666,10.0735,-0.533564
29.0493,11.0061,-0.153914
29.0871,12.0331,-0.22747
29.0724,13.0027,-0.546666
28.9797,14.0062,-0.306958
29.055,15.0272,-0.233082
28.9691,16.0325,-0.412189
29.0744,17.0691,-0.251033
29.0049,18.0204,-0.48544
29.1528,18.9507,-0.19002
29.239,19.9754,-0.174596
28.9563,20.9783,-0.0792352
29.0867,22.0087,-0.0733543
29.0821,23.007,0.0392438
29.1004,24.0093,0.0798914
29.0906,25.0602,0.0373455
28.919,26.0137,-0.158306
29.1662,26.9959,-0.1347
29.055,27.9549,0.0917875
29.1441,28.9324,0.21037
