3.08975,2.96457,0.852467
2.42517,3.68729,0.610129
2.07445,4.59387,0.243233
1.41223,4.86682,-0.503919
1.49443,5.86919,-0.397736
1.91989,6.05946,0.507135
1.41242,6.80467,1.07353
1.98634,6.00275,1.0039
1.46359,6.10986,0.180923
2.28459,5.96988,0.880068
3.68737,2.6541,1.64871
3.23123,3.18273,0.970147
2.61448,3.84263,0.577349
2.08719,4.12141,-0.294073
2.16114,5.11153,-0.195508
1.24491,5.4199,0.107492
1.63997,5.79628,0.98504
1.91556,5.84814,0.0232765
1.93014,6.69652,-0.504276
2.25288,6.8914,0.488516
3.79962,3.3286,0.889865
3.41684,3.24787,-0.0256935
2.64656,3.6912,-0.415442
2.77491,4.56786,-0.89877
3.11045,5.39012,-0.364357
2.23121,5.14653,0.0527329
2.62922,5.46278,0.949211
2.89719,5.83066,0.0232856
2.64215,6.826,0.21616
2.92003,6.80341,1.21504
2.98506,2.83915,0.551329
3.59511,2.26915,-0.0352214
3.50755,3.2259,-0.264437
3.56342,3.96701,-0.909516
3.79176,4.90819,-0.935951
2.99171,5.40047,-0.526939
3.44044,5.55266,0.308109
3.47316,6.58809,0.382632
2.86443,6.31023,1.14556
3.51891,6.55162,0.430213
3.81123,2.50244,0.0951231
4.34993,1.68288,0.22591
4.19219,2.70404,0.243028
3.42538,3.42179,-0.0734977
4.02974,3.95208,-0.775457
3.48349,4.57695,-0.238224
3.56715,5.46695,-0.674572
4.16416,5.91375,0.00663167
3.50828,6.65001,0.39349
4.47566,6.76927,0.192016
4.48635,1.94884,0.536488
5.06767,2.41058,-0.171502
4.9678,3.36478,0.015302
4.16605,3.83385,0.49411
4.8886,3.80475,-0.210474
4.49627,4.68702,-0.416828
4.49573,5.66479,-0.190158
4.31544,6.54602,-0.74915
4.52209,6.59162,0.220191
4.26155,6.80387,1.15644
5.29856,2.53706,0.769088
6.06352,2.57182,0.0773247
5.05972,2.37037,0.0471694
4.9764,3.28451,0.43506
5.67071,4.01584,0.354494
5.41906,4.97056,-0.0909726
5.43099,5.96351,-0.09241
5.28233,6.29629,-1.0513
4.451,6.73703,-0.776067
4.63727,6.82088,0.243428
5.77748,2.25436,-0.0723045
6.50524,1.83619,0.550099
6.04919,2.38102,-0.204505
5.92814,3.327,0.0740287
6.56523,4.17251,-0.121506
6.25795,4.96421,-0.611805
6.31319,5.98533,-0.538066
5.82362,5.47506,-1.25965
5.36759,6.36313,-1.12052
4.91431,7.13591,-0.690844
6.65727,2.32561,-0.587054
6.45255,2.79492,0.236024
6.39,3.28192,-0.60842
6.58411,4.09227,-0.0427625
7.00287,4.99448,0.178472
6.5331,5.84337,-0.184399
6.64122,6.85652,-0.188314
6.39452,6.23151,-0.972976
5.99061,7.15682,-1.01914
5.68781,7.13795,-0.0549852
7.28741,2.34616,0.178695
6.63328,2.06951,0.899313
6.36881,2.49226,-7.62963e-05
7.01014,3.23166,0.227506
7.31491,4.0866,-0.224042
6.86869,4.94835,0.140782
7.09623,5.99056,0.0964293
7.31823,5.9234,-0.867922
6.69817,6.67014,-0.538093
6.27662,7.57178,-0.715549
