0.0235633,-0.00409253,-0.156923
0.991046,0.000866726,0.0973785
2.01889,0.0301096,0.0102725
3.05599,-0.013065,0.0322062
4.05083,0.0664876,-0.00308237
5.02909,-0.01536,-0.243754
6.05906,0.0454421,0.0403943
7.05327,0.043083,0.0794427
8.02453,-0.0512253,-0.272808
8.9977,0.00306711,-0.0501938
9.97336,0.0263009,-0.35277
11.029,0.0107761,-0.309943
11.9629,-0.0116398,-0.00349132
12.9542,0.0441023,0.188388
13.9419,-0.0156774,0.179543
14.9381,-0.00578936,0.0744255
15.926,0.0134159,0.0405469
16.9841,-0.0020661,-0.072747
17.9706,-0.00732444,-0.14984
18.9836,0.043852,-0.0126743
0.0207373,1.01021,-0.125623
0.969576,1.02698,0.200272
1.93059,1.08269,-0.0609943
2.95242,0.995401,0.00431227
3.93493,1.02361,-0.161504
4.93619,0.98699,-0.352785
5.96559,0.97792,-0.349745
6.98511,1.01038,-0.269308
7.95881,0.953063,-0.0863491
9.00841,0.990435,-0.00413831
9.95816,1.03884,-0.304346
10.9569,1.00846,-0.367525
11.9163,0.993219,-0.0248054
12.967,1.01782,-0.035435
13.882,0.999426,0.321561
14.8827,1.02372,0.0529283
15.9072,1.05017,0.0823176
16.9462,0.983514,0.0430555
17.9661,1.01068,0.0689169
18.9904,1.02804,-0.132887
0.0329478,2.04446,-0.0473342
1.01741,2.01871,0.0505905
2.01597,2.05929,-0.0525681
3.04341,2.01752,-0.0852931
4.02594,2.04012,0.110807
5.06538,1.93602,0.00416883
6.01368,2.00278,-0.278253
7.06233,2.01491,-0.328184
7.9843,1.95831,0.00704978
8.96972,2.00741,-0.0418409
9.98903,2.04247,-0.154558
10.9735,1.97836,-0.18193
11.9755,2.02083,-0.124989
12.9599,2.03006,0.103607
13.9764,1.96904,-0.0496323
14.9612,2.04891,0.0239051
16,2.03709,-0.0269723
17.0117,1.95803,0.137013
18.0098,2.03593,-0.0164861
18.9745,1.97828,0.295523
0.0211219,3.00833,0.257714
1.00832,2.99956,-0.0646352
2.05305,3.0291,-0.264608
3.0601,3.02966,-0.0628193
4.00659,3.05711,0.16502
4.95784,2.94843,-0.118125
5.89215,3.06704,-0.497427
6.90715,3.06491,-0.288482
7.93152,2.94734,-0.260964
8.95891,2.98048,-0.143806
9.95649,3.03151,-0.179766
10.9547,2.9857,0.0558672
11.9705,3.00427,0.0902554
12.9309,3.04758,0.318149
13.9607,3.04942,0.057506
14.9671,3.03996,0.284136
16.0006,3.00562,0.18218
17.0348,2.97691,0.363976
18.0243,3.06946,0.103925
18.9721,2.88857,-0.0936399
-0.0248695,3.94431,-0.0858699
0.963985,4.04557,-0.110639
1.96316,3.9936,-0.0369915
3.02131,4.07117,-0.0725608
4.03918,3.98276,-0.20633
5.04416,3.93452,-0.104431
6.02634,4.05992,-0.239332
6.98984,4.00735,0.0669362
7.96932,3.92127,-0.080813
9.02579,4.00384,-0.182733
10.0188,4.03212,-0.180944
11.0131,3.98125,0.187426
12.0075,3.9758,0.295697
13.063,4.03064,0.264864
14.0635,4.07786,0.0222816
15.0553,4.03554,0.232759
16.0716,4.04101,0.264147
17.1201,3.98194,0.138643
18.1155,4.04489,0.341884
19.0166,3.94251,-0.153139
0.039903,4.93009,0.0665944
1.04462,5.10732,0.00887173
2.00993,4.97559,-0.0946593
2.99019,5.07441,-0.20781
3.97843,5.03287,-0.0170415
4.96292,4.94788,0.0877743
5.9421,5.07043,-0.16755
6.97202,5.00432,-0.00883206
7.99147,4.92428,-0.119645
8.9825,5.01373,-0.29176
10.0022,5.11674,-0.288641
11.0287,5.00209,0.0907987
12.0387,4.97037,-0.0440687
13.0252,5.06393,0.184725
14.0103,5.05788,-0.00559709
14.9811,5.0127,0.314655
15.9653,5.04247,0.235948
16.9808,4.96887,0.0669607
18.0002,4.95837,-0.000103763
18.9851,4.90427,0.244142
-0.00202338,5.94229,0.0532945
0.990689,6.08905,0.14698
2.01195,5.99345,-0.214798
3.00733,6.09467,-0.0528184
4.03882,6.0393,-0.171859
5.03765,5.93817,-0.0263588
6.04152,6.0828,0.0303598
7.06814,5.99196,0.0352641
8.07359,5.91374,-0.0582842
9.08882,6.06642,-0.21923
10.105,6.10565,-0.430607
10.9402,6.0199,0.141667
11.9763,5.94819,0.0456496
13.0099,6.08766,0.171639
14.0284,6.04549,0.161431
15.0295,6.08064,0.327198
16.0266,6.01617,0.13654
17.0171,5.95831,0.246446
18.0174,5.96093,-0.106708
19.0111,5.89172,-0.0413343
-0.0250618,6.94341,-0.156658
0.945946,6.91668,-0.376794
1.93981,7.01647,-0.110794
2.95615,7.10884,0.00637532
3.95449,7.05195,-0.134654
5.00063,6.92985,0.159746
5.98769,7.08766,0.10296
7.04221,7.0347,0.197699
8.02232,6.96128,-0.061269
8.98025,7.05778,-0.0872646
10.0381,7.0905,-0.138948
11.0612,7.0515,-0.0393445
12.0662,6.93526,-0.137388
13.0816,7.08653,-2.60209e-16
14.0901,7.06391,-0.0333354
15.1364,7.0966,0.186926
16.1016,7.03641,0.153713
16.9984,6.87959,-0.231098
17.9789,6.95589,-0.061214
18.9875,6.92008,-0.343788
-0.0211982,7.97306,-0.324223
0.950572,7.93871,-0.341179
1.96417,8.0104,-0.103259
3.01693,8.17423,-0.0334666
4.08267,8.01635,-0.0367077
5.09342,7.97365,0.163842
6.0976,8.1098,0.108576
7.16998,8.07817,0.0759514
8.13219,7.9107,0.168419
9.1093,8.06048,0.00938139
10.068,8.10025,-0.0790613
11.0589,8.07633,-0.0387585
12.048,7.96615,-0.150551
13.0532,8.0534,-0.258788
14.085,8.03247,-0.247102
15.0467,8.11092,-0.00208136
16.064,8.07555,0.0306284
17.036,7.90874,0.0310251
18.0705,7.94293,-0.286212
19.0174,7.86586,0.0635853
-0.0492508,8.99245,-0.458431
0.905017,8.91809,-0.154903
1.91424,9.02486,0.0387463
2.8899,9.14238,-0.205094
3.89537,8.99386,-0.0557848
4.9313,9.02893,0.0154454
5.9808,9.10483,0.0603961
6.96905,9.07274,-0.0238289
7.99324,8.9227,0.060445
8.99913,9.00154,0.429731
9.94024,9.11676,0.119742
10.9878,9.05928,0.0993957
12.0344,8.94484,0.0207068
13.0453,9.02654,0.00800501
14.1064,9.03591,0.0461348
15.0736,9.09,0.282946
16.0082,9.11695,0.00854823
17.0007,8.98757,0.0217017
17.9835,8.91415,-0.109
18.9938,8.85833,0.096054
-0.0419294,10.0409,-0.340089
0.831794,9.94717,0.132652
1.90004,10.0722,0.0326151
2.91548,10.1274,-0.232392
3.88232,10.0213,-0.024073
4.89169,10.0409,-0.0223365
5.85882,10.0998,0.412268
6.87569,10.0358,0.340358
7.85031,9.86507,0.361946
8.86391,9.99991,0.445805
9.77665,10.1335,0.0520157
10.8305,10.0422,0.226945
11.8691,10.0008,0.0973479
12.8781,9.98783,0.246867
13.9019,10.045,0.0316507
14.9035,10.0623,0.137996
15.9065,10.1196,-0.00748619
16.8806,9.97736,-0.230641
17.8765,9.95781,-0.0221259
18.9445,9.90252,0.0666219
0.0427686,10.9126,0.119572
1.0417,10.9568,0.20802
1.9834,11.0838,-0.122153
2.96604,11.1359,-0.00559709
3.96178,11.0607,-0.171065
5.00301,11.0107,-0.272738
6.01158,11.0256,0.0120823
7.06351,10.9991,0.0171484
8.06526,10.8505,0.185397
9.00839,11.0396,0.372506
10.0322,11.0789,0.414451
11.0509,11.0553,0.207306
12.0565,11.0011,0.156096
13.0498,10.9746,0.327552
14.0005,11.1072,0.0481796
15.0396,11.0251,-0.0655446
16.0273,11.1308,0.117948
17.0058,10.9146,0.0899045
18.0463,11.027,-0.075399
19.0325,10.885,-0.19367
0.0659719,11.9392,0.0403363
1.07657,11.9617,-0.00450453
2.01622,12.1109,-0.230271
3.04989,12.1323,-0.00269478
4.02629,12.0217,-0.422163
5.05227,11.9369,-0.668303
6.04452,11.9494,-0.365001
7.02783,11.9907,-0.0917753
8.01945,11.8894,0.142784
9.02457,11.9762,0.0818445
10.0753,12.0501,0.143614
11.0664,12.1202,-0.0658956
12.0182,12.0259,0.272509
12.9927,12.0061,0.433729
13.966,12.0323,0.210584
14.978,12.0533,0.0837916
16.0065,12.1355,-0.11084
16.9655,11.9477,-0.13328
17.9585,12.0157,-0.0534837
18.9611,11.9088,-0.209238
0.0314066,12.981,-0.085107
1.04315,12.9379,-0.213877
1.97311,13.069,-0.571538
2.9394,13.1027,-0.285678
3.95391,13.062,-0.249004
4.92404,12.8683,-0.444676
5.91099,12.9569,-0.217417
6.91612,12.9814,-0.12598
7.96437,12.9022,-0.125336
9.0435,13.0212,0.029545
10.0085,13.0395,0.271218
11.024,13.0551,0.268667
12.0406,13.0266,0.177163
13.0742,12.9622,0.0834101
14.0277,13.0462,0.252797
15.0785,13.0058,0.32179
16.0802,13.0664,0.288907
17.0405,12.9307,0.0278726
18.0327,13.0031,0.0917539
19.0151,12.9374,-0.134001
-0.0578265,13.9418,-0.337211
0.946141,14.0335,-0.28262
1.97477,14.063,-0.405676
2.96648,14.1316,-0.166713
3.96972,14.0713,-0.250649
4.9684,13.8845,-0.0717277
5.95549,13.9862,-0.135527
7.02065,14.0387,-0.226746
8.03483,13.9474,-0.0927824
9.07338,13.9759,-0.30145
10.059,13.9917,-0.0047792
11.0259,14.0687,0.256233
12.0029,14.0606,0.000509659
13.0175,14.0002,0.290768
14.0317,14.0508,0.163768
14.9728,14.0056,0.513282
15.8966,14.008,0.0842219
16.9259,13.97,0.0119053
17.9467,13.9532,-0.172283
18.9918,13.9624,-0.244032
-0.0614368,14.9561,-0.209635
0.926893,15.014,-0.0295572
1.89586,15.0371,-0.229258
2.93529,15.1207,-0.0538072
3.97144,15.0919,-0.0637745
4.96498,14.9358,0.0470168
5.98942,14.9672,0.0263863
6.98265,15.0616,-0.316837
8.00378,14.9631,-0.101743
8.98372,15.0013,-0.253105
9.9613,15.0467,0.00225837
10.977,15.0236,0.135875
11.9668,15.0297,-0.0345653
12.9812,14.9873,-0.109723
13.9805,14.9989,-0.212326
14.991,15.0018,0.204675
16.0099,15.0005,-0.0747948
17.0117,14.9956,-0.0767907
17.9713,14.9172,0.244127
18.9211,14.9882,-0.15862
0.036845,15.9253,0.0172155
1.02687,15.9813,0.225056
2.02517,15.9421,0.191479
3.01554,16.0525,0.279241
4.01258,16.0017,0.464367
4.96926,15.9343,0.206482
5.91208,15.9299,-0.0333872
6.91216,15.9983,0.143873
7.87862,15.9583,-0.166744
8.9054,15.9827,-0.0985534
9.89675,16.0416,-0.197031
10.9276,15.9836,-0.21207
11.9969,16.0145,-0.0687521
13.0325,15.9889,0.126984
14.0271,16.0083,-0.0273873
15.0584,15.9832,0.00903958
16.0247,15.9941,-0.398825
16.9482,15.977,-0.0207801
17.9555,15.9161,-0.116526
18.9835,15.992,0.0782067
0.0374798,16.9356,-0.0521409
0.959917,17.0256,0.360454
1.93841,16.9624,0.132331
2.93719,17.0308,0.118885
3.8674,16.9922,0.39942
4.88869,16.9455,0.190936
5.88706,16.9496,-0.114222
6.92792,16.9994,-0.0618732
7.93555,16.972,-0.298218
8.95105,16.9541,-0.421799
9.9554,16.9954,-0.495752
10.9365,16.9789,-0.300482
11.9234,17.0217,-0.189099
12.9206,16.9272,-0.178014
13.9467,17.0302,-0.20213
14.9392,16.9732,0.0562548
15.9548,16.9996,-0.0727073
16.97,17.0483,-0.0669179
17.9876,16.9306,0.198431
18.9845,16.959,0.184597
-0.0184698,17.9793,0.0941252
0.954802,17.9805,0.169774
1.94957,17.9892,-0.0300638
2.95253,18.0058,-0.0332713
3.96151,17.9511,-0.0483688
4.95247,17.9446,0.167284
5.9913,17.9111,0.100137
6.96708,18.0663,-0.159508
7.97504,17.9802,-0.273351
9.00764,17.9896,-0.235783
10.0034,17.9323,-0.0506119
11.0519,17.9535,-0.203424
12.0672,18.0216,-0.024662
13.0694,17.9424,0.054152
14.0859,17.9974,0.000524918
15.0781,18.0012,0.114966
16.0243,18.009,-0.173074
17.013,18.0237,0.125962
18.0507,17.967,0.191128
19.061,18.0269,0.405774
-0.0282601,18.969,-0.379174
0.990551,18.964,-0.145598
1.93836,18.9677,0.11323
2.96063,19.0247,0.0704062
4.00582,19.0016,-0.134745
4.98038,18.9289,0.0262703
6.05402,18.9433,-0.0239296
7.00332,19.0642,-0.394522
8.00602,19.0218,-0.156978
8.99828,18.9785,-0.208396
10.0389,18.9916,-0.157036
11.1367,19.0068,-0.164959
12.1624,19.0237,0.0271249
13.1117,18.9586,-0.274606
14.12,19.0165,0.020661
15.1434,18.9895,0.0160863
16.1144,19.0256,-0.207749
17.0828,18.9965,-0.0760063
18.0232,19.0328,0.204556
19.0639,19.0491,0.284445
