23.8364,15.0141,-5.26305
-3.74576,5.28217,7.4218
-9.83877,16.1903,-14.1157
7.88038,-16.5979,24.5272
8.66864,1.54367,-17.2644
-10.4993,-22.6731,-10.8829
21.0755,-14.2428,8.53894
-3.33322,-0.617362,7.42455
3.41252,12.7611,10.641
11.6179,16.0729,6.03113
12.8893,11.0142,-3.64306
3.47413,7.6247,0.392929
-2.61008,5.37603,-2.62295
3.55048,-6.07513,8.5776
4.67219,-4.19911,-4.81415
-0.560158,-13.2651,-4.20453
9.06819,-8.82887,3.38636
5.82188,1.60294,5.27515
10.1126,12.1445,5.28835
19.812,19.3976,1.39366
7.02342,8.78567,-7.49754
3.39039,6.34148,-4.39438
1.20428,2.87551,-1.34276
2.17055,-1.51763,2.82004
2.5656,-2.85733,-0.783609
1.17514,-6.14396,0.0935026
4.02315,-1.68196,4.2176
2.72078,5.71035,6.65038
2.68987,13.0804,8.26446
4.56183,19.5678,8.23149
3.01074,7.77172,-13.3201
1.61578,6.20645,-9.00178
0.927989,4.113,-4.87439
1.08928,1.71279,-0.978259
1.18923,0.531162,0.575555
0.697842,-0.250417,3.11253
0.767699,4.00284,6.28071
-1.37382,9.66578,9.1823
-4.76885,15.4839,11.9893
-10.5845,20.7486,14.9296
-0.0257881,7.21163,-20.1132
-0.639286,6.36276,-13.4279
-0.950417,5.42203,-7.64311
-0.510974,4.50814,-2.82789
-0.0809442,4.1901,1.25407
-0.125318,4.70507,4.99823
-1.33585,8.5213,8.44836
-4.21812,13.2691,11.9687
-10.5674,17.5946,16.1149
-26.2976,23.1456,22.0437
-1.54792,7.02369,-28.7791
-4.89234,6.37421,-12.1081
-3.58884,5.51067,-4.73324
-2.14409,6.18221,-0.278488
-0.662444,7.10034,3.16416
0.676937,8.1307,5.95724
1.66956,10.4296,8.2121
2.09762,12.9813,10.1215
4.32331,12.9797,11.3116
17.6733,7.49063,8.23194
-22.0478,21.2218,5.38606
-8.86793,5.3041,4.11465
-3.66998,4.20724,2.20716
-2.42449,7.25713,4.11161
-0.712244,9.66534,6.14026
1.99937,10.8931,7.42467
5.01536,12.1626,8.27501
8.35554,13.3985,8.55607
13.8101,13.2762,6.50048
22.3487,12.5432,0.252861
7.26858,-29.5342,24.9388
0.79541,-10.8169,13.3945
-0.513929,1.14296,7.66222
-2.82169,8.85882,8.36045
-1.15747,12.6742,9.13625
3.06538,13.5832,9.13716
7.8279,14.0843,8.8419
13.2421,14.6598,8.50986
20.0011,15.5487,8.29524
28.6618,16.9853,9.37509
-12.9872,2.83628,-1.56454
6.68818,-6.75917,3.38756
0.117957,11.4877,1.65921
-5.58415,16.1999,9.98589
-3.00502,16.6932,11.701
1.41141,16.4209,10.8867
6.08816,16.2635,9.9178
10.8797,16.3485,8.79165
15.6797,16.7448,7.60732
19.0578,18.3852,5.24966
6.71208,-10.142,2.31221
26.6091,-23.1189,5.74619
-3.83855,30.282,-4.94674
-11.6997,23.4766,17.4921
-6.28999,20.1881,14.4604
-1.20939,18.5409,12.5366
3.61369,17.7599,10.9513
8.173,17.2787,9.5419
12.3683,17.2856,8.18309
15.7076,17.7441,6.70788
