0.101553,0.230873,-1.84894
0.00984527,1.49675,-1.92698
-0.0129063,2.77671,-2.00666
0.0735618,4.02249,-2.0984
0.0943999,5.26602,-2.2144
0.110056,6.54393,-2.31885
0.157558,7.7757,-2.41939
0.213617,8.99508,-2.5569
0.219886,10.2366,-2.53976
0.440898,11.4574,-2.48029
0.706052,12.6282,-2.59122
0.758477,13.7602,-2.43425
0.413382,14.6042,-2.08038
0.340785,15.5564,-1.85043
0.112604,16.3632,-1.26657
0.189016,17.386,-1.09628
-0.114594,18.2945,-0.869396
0.0627186,17.2985,-0.769967
0.0868038,18.2418,-0.437846
-0.0318491,19.001,0.234925
0.820151,0.983578,-2.16353
0.815226,2.15413,-2.09148
0.870382,3.36065,-2.04801
0.933283,4.53772,-2.19802
1.03661,5.72463,-2.29501
1.05109,6.92539,-2.32297
1.1064,8.14697,-2.42051
1.1668,9.3711,-2.54906
1.27598,10.5801,-2.7264
1.46654,11.8092,-2.85297
1.74303,13.0482,-2.96339
1.72418,14.1249,-2.64616
1.43327,14.9575,-2.03105
1.35643,15.9776,-1.8077
1.07262,16.5725,-1.02615
1.18942,17.4754,-1.40544
0.910334,18.2545,-0.868682
1.1498,17.287,-0.886227
0.972478,18.3071,-0.999866
0.922898,19.0113,-0.270858
1.79064,1.27868,-2.24166
1.79904,2.41502,-2.08032
1.87368,3.65882,-2.12199
1.8862,4.85942,-2.16419
1.96592,6.07315,-2.17954
2.06212,7.30637,-2.2181
2.064,8.57463,-2.26762
2.09781,9.84934,-2.42376
2.20013,11.0895,-2.78703
2.37171,12.4044,-3.1052
2.63846,13.7745,-3.54315
2.55357,15.0155,-2.82556
2.08467,15.5832,-1.55892
2.20454,16.7111,-1.90333
1.81017,17.323,-0.988586
2.19073,17.3968,-1.82727
1.89437,18.1335,-1.09219
2.13248,17.1866,-1.20606
2.00687,18.2103,-1.02425
1.93536,19.0426,-0.485913
2.79543,0.977566,-2.03974
2.79745,2.19494,-2.12444
2.84009,3.39079,-2.13767
2.87994,4.57309,-2.01302
2.91971,5.72347,-2.11832
3.00338,6.94151,-2.10342
3.04073,8.10296,-2.19405
2.95229,9.30572,-2.33033
2.94137,10.4401,-2.53261
2.98637,11.6324,-2.66595
3.0014,12.839,-2.8862
2.87177,13.9007,-2.51112
2.79862,14.8076,-1.89566
2.8615,15.8027,-1.67041
2.61434,16.6434,-1.14377
3.17231,17.3709,-1.56907
2.86359,17.9229,-0.761989
3.16531,17.1063,-1.30652
3.00086,18.0034,-0.894888
2.92677,19.0255,-0.651741
3.86344,0.770043,-2.01029
3.75973,1.8985,-1.92282
3.81922,3.03124,-2.0453
3.8232,4.18773,-2.08979
3.81302,5.26877,-2.22671
3.84467,6.37633,-2.22354
3.88308,7.48746,-2.27324
3.74602,8.5938,-2.24106
3.70785,9.73884,-2.3496
3.64103,10.8702,-2.30684
3.57753,12.0007,-2.39019
3.6239,13.1028,-2.24405
3.59441,14.0133,-1.75947
3.6316,15.0375,-1.59035
3.48895,16.0422,-1.31268
4.04701,16.8828,-1.49955
3.71724,17.3776,-0.645579
4.08656,17.393,-1.65848
3.98894,18.2319,-1.18966
3.88212,19.2045,-0.866839
4.84734,0.477606,-1.81017
4.73213,1.54082,-1.8299
4.77527,2.68791,-1.81198
4.69943,3.78689,-1.77854
4.76709,4.85433,-1.89581
4.74096,5.95034,-1.95628
4.76549,7.06286,-1.98143
4.70887,8.12284,-2.09349
4.59278,9.16018,-2.15074
4.57002,10.2737,-2.15818
4.42912,11.3327,-2.10198
4.38006,12.3633,-1.97686
4.54771,13.4159,-1.80768
4.55698,14.4744,-1.62494
4.44204,15.4025,-1.34094
4.95036,16.3415,-1.53189
4.64427,17.0208,-0.824802
5.15719,17.3464,-1.64958
4.97502,18.056,-0.923328
4.85905,18.9704,-0.593713
5.87447,0.247447,-1.6674
5.74989,1.2351,-1.76005
5.71769,2.34635,-1.73115
5.68888,3.44145,-1.67598
5.70237,4.5061,-1.76394
5.72454,5.56883,-1.77002
5.63541,6.5794,-1.72773
5.59419,7.64967,-1.97106
5.60547,8.7818,-1.95008
5.50482,9.79657,-1.97468
5.43659,10.8947,-1.96049
5.35204,11.9014,-1.90207
5.41502,12.8846,-1.73618
5.42379,13.8634,-1.51814
5.35906,14.8744,-1.50862
5.78685,15.7615,-1.55291
5.62396,16.6832,-1.13772
6.16226,17.4334,-1.56419
5.95574,18.309,-1.08854
5.88626,19.0164,-0.431932
6.84317,0.0749443,-1.51918
6.73666,1.176,-1.48781
6.69003,2.24609,-1.39962
6.74047,3.29218,-1.52897
6.70437,4.37719,-1.55784
6.69467,5.45368,-1.56485
6.67828,6.47421,-1.6041
6.61469,7.52722,-1.67082
6.65155,8.52799,-1.73884
6.53945,9.59192,-1.76577
6.53753,10.6186,-1.82097
6.32699,11.5916,-1.68784
6.37953,12.5685,-1.58342
6.42332,13.6131,-1.42008
6.34681,14.6198,-1.5783
6.75581,15.5348,-1.48011
6.68692,16.4713,-1.10589
7.16134,17.3132,-1.48984
6.94853,18.2414,-1.23083
6.93324,18.8716,-0.411695
7.87671,0.0246803,-1.35628
7.76792,1.05584,-1.23623
7.72193,2.04127,-1.34811
7.7127,3.09954,-1.40845
7.74789,4.14976,-1.4438
7.69993,5.19445,-1.40596
7.71306,6.24623,-1.47262
7.62481,7.2266,-1.64111
7.66116,8.20926,-1.58575
7.53336,9.25107,-1.65159
7.48897,10.3317,-1.60834
7.36086,11.3387,-1.5229
7.3903,12.4063,-1.34698
7.46084,13.4488,-1.46279
7.42546,14.4551,-1.46948
7.79774,15.3889,-1.52279
7.69543,16.3693,-1.33085
8.06806,17.2719,-1.04093
7.98453,18.2986,-1.02248
7.98926,18.9328,-0.178118
8.94475,-0.0779382,-1.24515
8.78392,0.905902,-1.10536
8.75358,1.95058,-1.18296
8.72379,2.97967,-1.22069
8.79381,4.06228,-1.34859
8.73845,5.05736,-1.43666
8.70897,6.09915,-1.59797
8.63312,7.16216,-1.43546
8.72151,8.22391,-1.49889
8.54664,9.26846,-1.4222
8.53584,10.2769,-1.45296
8.42871,11.3421,-1.50189
8.49464,12.3214,-1.25462
8.52112,13.3529,-1.41977
8.44071,14.3635,-1.24079
8.68334,15.2979,-0.986337
8.74398,16.3151,-1.20685
9.05712,17.2808,-1.07164
8.99849,18.34,-0.990844
8.95973,19.093,-0.33791
9.95456,-0.169823,-0.962627
9.78995,0.948039,-0.939305
9.78705,1.92261,-1.08607
9.75037,2.93118,-1.22518
9.82625,3.99887,-1.2968
9.78863,5.0329,-1.22317
9.7666,6.10552,-1.35247
9.65028,7.11506,-1.47784
9.72358,8.11465,-1.54993
9.60151,9.12629,-1.32584
9.64639,10.1823,-1.48647
9.44789,11.2182,-1.38204
9.50585,12.2818,-1.37863
9.51489,13.2977,-1.46546
9.49022,14.2696,-1.19942
9.73653,15.192,-0.880203
9.75394,16.1957,-1.13067
10.0637,17.1636,-1.02117
10.015,18.1254,-0.851875
9.96877,19.0645,-0.587005
10.9611,-0.0898373,-0.854845
10.8443,0.962893,-0.942311
10.8064,1.97007,-1.04602
10.7982,3.01172,-1.26516
10.8278,4.05138,-1.20831
10.7886,5.07482,-1.11914
10.8782,6.06516,-1.37043
10.7198,7.05618,-1.37297
10.7546,8.06403,-1.44205
10.6334,9.04303,-1.29556
10.6252,10.0394,-1.39119
10.5535,11.0844,-1.36618
10.5375,12.1539,-1.3926
10.5052,13.1834,-1.08395
10.5327,14.2032,-1.21939
10.8206,15.1115,-0.85522
10.7922,16.1291,-0.878271
10.9502,17.0775,-0.554967
10.9654,18.1011,-0.43816
10.9989,19.1067,-0.483822
11.9759,0.0839625,-0.904386
11.8694,1.08236,-0.773919
11.8669,2.08378,-0.866384
11.8104,3.11319,-0.983212
11.8009,4.09893,-0.936509
11.7816,5.06898,-1.16928
11.896,6.06553,-1.28586
11.7326,7.04532,-1.37556
11.7759,8.09649,-1.31802
11.6415,9.06507,-1.04547
11.6794,10.0865,-1.17623
11.5645,11.0512,-1.23754
11.6001,12.0554,-1.24743
11.5966,13.0523,-0.98132
11.568,14.0957,-0.948637
11.8108,15.074,-0.776034
11.7718,16.0925,-0.567568
11.9652,17.102,-0.603858
11.9633,18.1145,-0.407273
12.0342,19.1014,-0.230738
12.9616,0.0401502,-0.619141
12.894,1.05981,-0.678494
12.9366,2.09353,-0.659627
12.8339,3.06019,-0.936937
12.8192,4.03428,-1.1378
12.8023,5.0654,-1.0685
12.9179,6.08372,-1.34306
12.801,7.08975,-1.3829
12.835,8.10724,-1.21811
12.6491,9.089,-1.30819
12.7472,10.0911,-1.05106
12.5934,11.1287,-1.02567
12.6092,12.1299,-1.06326
12.6324,13.077,-0.733845
12.6593,14.085,-0.721311
12.7896,15.0345,-0.559975
12.8006,16.0813,-0.416501
12.9874,17.1009,-0.574456
12.907,18.0753,-0.1532
13.0282,19.0602,-0.13122
13.9287,-0.118558,-0.380596
13.8871,0.902506,-0.594592
13.9291,1.92972,-0.52942
13.8176,2.95707,-0.723783
13.8085,3.93247,-0.996823
13.7942,4.93557,-1.00446
13.8943,6.00753,-1.11066
13.8207,7.0656,-1.24121
13.867,8.04233,-1.07461
13.6868,9.04087,-1.13523
13.7553,10.0737,-1.01438
13.6627,11.074,-0.912363
13.6175,12.0942,-0.823722
13.727,13.0845,-0.595758
13.7292,14.0693,-0.619672
13.7446,15.0618,-0.203873
13.8573,16.0794,-0.455455
13.9615,17.1533,-0.356227
13.9883,18.046,0.100226
13.9937,19.1054,0.102203
14.9564,-0.213605,-0.469961
14.9297,0.804865,-0.62295
14.8851,1.83394,-0.782418
14.8068,2.90876,-0.87232
14.7966,3.93375,-0.989328
14.8323,4.89306,-0.837153
14.9437,5.91707,-1.09201
14.8464,6.91498,-1.00799
14.8575,7.92573,-1.02809
14.7649,9.00488,-1.10858
14.8,10.0127,-0.969967
14.7097,10.9991,-0.926875
14.718,12.0794,-0.837968
14.7324,13.1098,-0.630427
14.7469,14.1482,-0.513889
14.8218,15.1744,-0.292148
14.9331,16.1887,-0.285586
14.9254,17.1742,-0.0492447
14.9992,18.1849,0.183685
15.0307,19.1758,0.0363811
15.9958,-0.226112,-0.614954
15.9742,0.842946,-0.743138
15.921,1.84765,-0.921531
15.8711,2.8658,-0.78768
15.8165,3.8956,-0.865847
15.8602,4.89166,-0.731098
15.9244,5.92148,-0.92327
15.8619,6.89564,-0.910981
15.8759,7.92448,-1.06797
15.8008,8.94428,-1.02522
15.8023,9.97195,-0.915937
15.7644,11.0148,-0.817463
15.7291,12.0906,-0.664888
15.7835,13.1247,-0.725382
15.759,14.1501,-0.581164
15.8947,15.1086,-0.351119
15.974,16.1395,-0.235899
15.9364,17.1535,-0.0865322
16.0007,18.1717,0.114701
15.99,19.1844,0.337275
17.0526,-0.139186,-0.484527
17.0032,0.90871,-0.554805
16.9451,1.87921,-0.770959
16.8836,2.93579,-0.717396
16.8305,3.90543,-0.495221
16.9135,4.94168,-0.661126
16.9283,5.9554,-0.912397
16.8952,6.94987,-0.970788
16.8114,7.93452,-0.738643
16.8271,8.93775,-0.932267
16.7988,10.0062,-0.858159
16.8064,11.0095,-0.631086
16.8113,12.0208,-0.59646
16.8169,13.0701,-0.733
16.8608,14.0258,-0.481796
16.9065,15.0119,-0.577013
17.0478,16.0407,-0.285687
16.976,17.066,-0.380276
17.066,18.0831,-0.0011475
16.9915,19.0277,0.464333
18.0947,-0.154152,-0.500482
18.0676,0.907971,-0.431553
17.9811,1.93485,-0.622367
17.946,2.92367,-0.725623
17.8786,3.93481,-0.449532
17.9223,4.93619,-0.57286
17.9422,5.93054,-0.789471
17.9001,6.94108,-0.66447
17.8599,7.91291,-0.822071
17.8897,8.9547,-0.864354
17.8081,9.95123,-0.64951
17.8638,10.9568,-0.474874
17.8606,12.0287,-0.677847
17.8449,13.0025,-0.542491
17.9055,14.0291,-0.480203
17.9105,15.0548,-0.330869
18.0986,16.0239,-0.474184
18.0118,17.0102,-0.360347
18.0649,18.0092,-0.180157
17.9695,18.9345,0.133488
19.135,0.0246193,-0.598685
19.1218,1.00574,-0.53881
19.0256,2.00977,-0.728724
18.9579,3.00788,-0.50097
18.8776,3.94141,-0.181579
18.9708,4.89105,-0.496405
18.9732,5.87854,-0.718763
18.9295,6.89979,-0.562694
18.9337,7.95136,-0.808835
18.9433,8.97512,-0.856175
18.8814,9.97742,-0.730445
18.948,11.0002,-0.586001
18.9371,12.0527,-0.547414
18.8794,13.0547,-0.690243
18.966,14.0222,-0.51106
18.9697,15.0431,-0.332725
19.0936,16.0447,-0.327259
19.0028,17.0583,-0.189767
19.1048,18.0606,-0.20509
18.9303,18.9614,0.276428
