13.4867,-3.20271,-3.38023
0.922452,-7.53443,-0.0699728
-4.30125,-6.32926,-9.12861
14.5043,-4.50023,-1.3736
9.58167,-9.99027,-18.1935
-0.421168,-6.09588,-7.98748
6.37366,-8.82359,7.63634
12.9426,7.71213,-5.38823
2.97324,10.7423,4.81086
-3.12546,9.41107,0.547746
8.45792,-2.43942,-4.55445
3.97544,-4.41863,-3.60683
1.98979,-5.17607,-6.79091
8.23774,-4.91818,-5.38922
7.20042,-6.67687,-10.5073
4.4177,-4.62568,-4.85863
5.40092,-2.85463,1.76068
5.7068,4.64538,-0.779238
-1.31383,7.74309,0.0734855
-8.75097,7.70625,-3.96555
6.12411,0.155135,-7.37162
4.23713,-1.16743,-5.94275
3.36503,-2.15969,-6.04327
5.63647,-2.38408,-4.96133
5.34636,-3.2243,-5.90934
3.87535,-1.13743,-2.12343
3.18438,1.53167,1.58864
1.58892,5.92321,3.01305
-2.37965,9.1088,4.96105
-7.18902,10.9857,4.93334
4.35722,2.92746,-10.4034
3.63664,1.9456,-7.9572
3.27721,1.10553,-5.85898
4.01451,0.474847,-3.90253
3.74844,-0.0424421,-2.39538
2.64702,2.01854,0.699741
1.40088,4.77244,3.95134
-0.395871,8.14452,6.97105
-3.23049,11.4201,10.3189
-6.79504,14.5666,13.7474
2.62156,5.66288,-13.9004
2.7414,5.11562,-9.22104
2.6572,4.14392,-5.4054
2.60327,3.08111,-2.30125
2.38717,2.72278,0.38113
1.57303,4.56226,3.27498
0.385238,7.22278,6.67751
-1.04917,10.4346,10.56
-3.1041,13.8353,15.3014
-7.72421,18.711,22.9377
1.51834,8.09041,-19.3162
1.98211,8.33649,-7.7196
2.01833,6.04736,-2.64592
1.30056,4.78513,0.471868
1.02441,4.70411,2.94501
1.21461,6.10365,4.83294
1.30063,7.77116,6.62872
1.2384,9.50522,8.40052
2.22914,9.8536,9.48406
6.62266,5.44721,4.06323
-2.9185,26.9001,-0.331367
2.56833,9.60511,3.32458
2.14967,4.8497,2.53068
0.0167058,4.92925,4.1416
-0.388885,6.1137,5.87423
0.818979,7.29694,6.4855
2.26604,8.33039,6.54917
3.75006,9.43039,6.66515
6.21783,10.0501,6.16865
10.5212,10.4617,6.63504
14.8195,-23.1829,18.7182
8.06571,-6.61799,10.621
2.28831,0.285742,6.07452
-1.74007,4.82327,7.71383
-2.04841,7.4472,8.89476
0.230158,8.46253,8.20873
2.80742,9.05329,6.70109
5.45214,9.39279,4.60997
8.25965,9.7179,1.67648
11.1037,10.2242,-3.79096
-0.452681,-9.63682,-4.19451
6.36999,-7.24337,5.13298
-3.21929,5.23331,0.844923
-6.14391,8.53782,10.163
-4.31256,9.33509,11.8393
-1.50024,9.34175,10.2908
1.36823,9.17262,8.57941
4.29281,8.91229,6.79379
7.27202,8.47649,5.28804
9.77782,6.88282,7.02481
8.77239,-13.5875,4.26879
18.007,-17.5143,12.4662
-12.1499,16.8082,-7.79875
-10.2081,12.7089,19.4119
-6.66905,11.1052,15.31
-3.38604,10.2107,12.5885
-0.271023,9.50781,10.4379
2.63699,8.84357,8.59499
5.35497,8.38033,7.15978
7.53455,7.48311,7.23732
