-0.0026307,-0.0157231,0.082815
0,1,0
-0.00474868,2.01018,-0.136503
0,3,0
-0.000399792,3.99114,-0.0482284
0,5,0
0,6,0
0,7,0
-0.00150151,7.96457,0.0547014
-0.00085757,8.96193,-0.00774865
-0.00127567,9.94856,0.0531449
0,11,0
0,12,0
0,13,0
0.00104678,14.0197,0.00430006
-0.0038789,15.009,-0.0883602
-0.00105289,15.9778,-0.0423444
-0.00686972,17.0104,0.173544
-0.00350963,18.012,0.0857448
-0.000711081,19.0052,-0.034727
0,20,0
-0.000747703,20.9963,0.0424055
0,22,0
0,23,0
-0.00929289,24.0064,0.0549181
0,25,0
0,26,0
0,27,0
0,28,0
-0.000491348,29.036,-0.0375652
0.994375,0.103882,0.250755
1.09401,1.08157,0.151537
0.980609,2.08579,0.0976531
0.973434,3.00705,-0.276788
0.993008,4.02889,-0.125446
1.03147,5.05455,-0.0144932
1.06823,6.0443,-0.039436
1.03822,7.07578,0.0840083
1.02668,8.04089,-0.031782
0.985177,9.00614,0.107263
1.02833,9.99065,0.023545
1.04632,11.0443,0.111277
1.07162,12.0007,-0.131886
1.07031,12.9988,-0.11561
1.00489,13.9815,-0.257265
1.00735,14.96,0.0415143
0.997595,15.9867,-0.00244148
0.996799,17.0136,0.145869
0.972961,17.9883,0.349449
1.00615,18.9564,0.186001
1.07737,19.9688,0.172268
0.984503,21.0314,0.319944
0.943001,21.9031,-0.215793
1.02753,22.8531,0.0899686
0.958574,23.852,-0.0810755
1.00944,24.8559,0.111213
1.02595,25.8743,-0.14626
1.05838,26.8969,-0.0735069
0.986389,27.9655,-0.206519
1.05115,29.0128,-0.195044
2.01243,0.280718,0.300537
2.03638,1.19069,-0.22562
2.01216,2.10043,0.21409
1.95731,3.08482,-0.0891354
1.99572,4.07815,0.0491623
2.05284,5.08533,-0.169491
2.10545,6.0224,0.224989
2.01954,7.01819,0.281838
2.04866,7.96757,-0.0492752
2.05519,9.03022,0.0490951
2.07795,10.0362,0.232228
2.11912,11.0265,0.16299
2.1058,12.0522,0.0289529
2.08202,13.0436,0.173898
2.03012,13.9662,-0.320243
2.00109,14.9635,-0.13068
2.04772,15.9748,0.0754601
1.9746,17.0087,-0.0274728
1.99651,17.9481,0.413245
1.91855,18.9254,0.667132
2.04593,19.7897,0.154006
1.95433,20.8243,0.0851802
1.9681,21.8234,0.016422
2.0408,22.8076,0.202634
1.96361,23.7999,0.0551744
1.99996,24.7974,-0.137144
1.9962,25.7606,0.14622
2.095,26.7878,0.116483
1.93725,27.7834,0.112314
2.03442,28.7557,0.0917936
2.98524,0.244508,0.593164
3.02751,1.04549,-0.0750572
2.97835,2.0139,-0.148231
3.00945,3.01823,-0.101352
3.06034,4.00241,-0.00482192
3.0004,4.9943,0.218744
3.05616,5.94565,0.498746
3.01648,6.91016,0.355358
3.05529,7.92721,0.216776
3.08395,8.95374,0.160305
3.15009,10.003,0.229066
3.15822,11.0137,0.0249794
3.17704,12.0252,-0.0189123
3.13129,13.0478,0.175509
3.11472,13.9279,-0.243181
3.02322,14.9339,-0.0688131
3.09591,15.9405,0.0177252
3.07931,16.9262,-0.195221
2.98113,17.8956,0.197635
2.96992,18.8627,0.531062
3.0801,19.8738,0.142805
2.96276,20.8145,-0.108643
2.97844,21.8473,-0.0152501
3.05124,22.8621,0.0923948
3.03946,23.8449,0.0518784
3.00976,24.8555,0.0764885
3.01589,25.8956,0.038554
3.06684,26.8908,0.343342
2.93569,27.7277,-0.183425
3.06397,28.6844,0.0948332
4.03622,0.210382,0.479037
4.0804,1.09245,0.0110843
3.97633,2.07052,0.0118839
4.00965,3.09765,-0.065862
4.05707,4.10289,0.211011
4.0385,5.07329,0.444145
4.11046,6.08742,0.482723
4.02473,7.08314,0.345805
4.04603,8.07281,0.106149
4.12584,9.09331,-0.137785
4.16153,10.0522,0.105814
4.24781,11.0605,-0.0479598
4.20226,12.0579,-0.115687
4.12487,13.0731,-0.117627
4.18722,14.0559,-0.269478
4.01223,15.0328,-0.078692
4.05701,15.9666,0.442723
4.06456,16.8544,-0.044084
3.94872,17.8358,-0.156829
3.85835,18.8515,0.110172
4.08881,19.8259,0.0606616
4.02237,20.8443,-0.0408856
4.04595,21.8278,0.0879269
4.08243,22.8746,-0.00452589
4.0445,23.8738,-0.230219
4.05849,24.8636,-0.036845
4.01733,25.8431,-0.130827
3.96518,26.8436,-0.203366
3.93433,27.8261,-0.140196
4.10518,28.8002,0.195624
5.03793,0.190954,0.0537858
5.09313,1.21277,0.0963866
4.93224,2.0871,-0.319642
4.97138,3.06317,-0.102573
5.08082,4.03511,0.201334
5.04366,5.04965,0.31388
5.06661,6.04731,0.244374
5.01631,7.07988,0.176467
5.07734,8.09848,0.0256508
5.1697,9.08448,-0.131434
5.19218,10.1327,-0.0826655
5.32069,11.1137,-0.144978
5.26767,12.0913,-0.215668
5.10646,13.1028,-0.358339
5.21615,14.0507,-0.59255
5.00302,15.0432,-0.395718
5.04483,15.8848,0.126215
5.08566,16.9121,-0.0254433
4.98885,17.8729,0.195776
4.85439,18.8745,0.034489
5.07015,19.9148,0.206943
5.00563,20.8971,-0.0874844
5.01086,21.9091,-0.212555
5.07393,22.9243,-0.21818
5.06097,23.9087,-0.391794
5.03824,24.8384,-0.0169561
5.04819,25.8828,-0.0940794
4.98322,26.8725,-0.0925657
5.01179,27.887,-0.0951201
5.09573,28.9337,-0.0704276
6.01314,0.305496,0.22768
6.09191,1.32491,0.106223
5.89423,2.26007,-0.247914
5.98074,3.27536,-0.150633
6.11153,4.22029,0.0458815
6.02603,5.24887,0.21612
6.0477,6.25417,0.322932
6.05127,7.22912,0.130125
6.02192,8.30177,0.067391
6.20929,9.27393,-0.191403
6.24122,10.2619,-0.149135
6.3548,11.2549,-0.0806238
6.29698,12.2618,-0.20434
6.10778,13.1915,-0.52179
6.16894,14.1465,-0.777282
5.99966,15.1411,-0.615973
5.96607,16.1475,-0.316855
6.10826,17.0899,0.0221625
5.95128,18.0912,0.301807
5.8221,19.0499,-0.0353618
5.9532,20.0483,-0.250368
6.02993,21.0599,0.00602435
5.99578,22.0767,-0.103156
6.12821,23.0487,-0.317713
6.08374,24.0649,-0.267797
5.99254,25.0898,-0.1159
6.04406,26.0269,-0.343544
5.97729,26.9508,-0.0387646
6.05093,27.9496,-0.286642
6.1258,28.9888,-0.226286
6.98904,0.640129,0.303613
7.0435,1.59211,0.0350902
6.90257,2.57538,-0.132658
6.92765,3.60484,-0.116276
7.01853,4.59791,-0.0395367
7.03001,5.60814,0.109537
7.0146,6.64542,0.0685934
7.04685,7.66186,0.174352
6.99508,8.61076,-0.0461409
7.15056,9.6728,-0.122715
7.25112,10.6392,0.00469985
7.3487,11.6769,-0.213297
7.23278,12.5822,-0.653383
7.10795,13.5612,-0.788839
7.04271,14.451,-1.31448
6.98354,15.3061,-0.776141
7.0235,16.1038,-0.168163
7.07916,17.1044,-0.110028
6.95413,18.046,0.21066
6.85534,19.0005,0.0258858
6.97052,20.0166,-0.102478
7.07347,21.0156,0.130958
6.9885,21.9865,-0.0897092
7.13954,23.0293,-0.134834
7.06473,24.0331,-0.206928
7.01194,25.0222,0.0694662
6.9453,26.022,0.112281
6.97275,27.0057,-0.195502
7.08453,28.0172,-0.30054
7.12248,29.0318,-0.23187
8.01556,0.971395,0.216654
7.96853,1.95173,-0.0973571
7.87288,2.97113,-0.172509
7.90229,3.9826,-0.208792
7.90076,5.09515,-0.136344
7.88635,6.13377,-0.16671
7.92512,7.15349,0.0161687
7.95676,8.19161,0.0446669
7.88482,9.2036,-0.067159
8.05996,10.2124,-0.159676
8.14474,11.2289,-0.294882
8.2421,12.3076,-0.34901
8.11605,13.0343,-1.03728
7.95975,14.0068,-0.910697
7.93529,14.5055,-1.77478
7.86189,15.3696,-1.28316
7.92674,16.1349,-0.629093
8.07534,17.0576,-0.152226
7.933,18.029,0.0105014
7.90668,19.0371,0.167299
8.01368,20.0117,-0.203677
8.09843,21.0111,0.054738
8.05627,21.9523,-0.278402
8.16044,22.9317,-0.0217627
8.03228,23.9446,0.00302133
8.01162,24.9684,-0.0748619
7.89261,25.9766,-0.258721
7.97655,26.9605,-0.273095
8.11912,28.0007,-0.370876
8.07757,28.9903,-0.607364
8.96062,1.33912,0.20242
8.91685,2.32498,0.107581
8.75976,3.42344,0.0237312
8.73077,4.45789,0.0113895
8.77988,5.52675,0.0248909
8.78289,6.58423,-0.000994903
8.87501,7.65536,-0.0810602
8.84976,8.71707,-0.224201
8.73868,9.80322,-0.29715
8.80321,10.8898,-0.325028
8.84419,12.0213,-0.408621
8.8652,13.1812,-0.613938
8.90842,13.3351,-1.64761
8.90186,14.3829,-1.171
8.83273,14.758,-2.13326
8.90678,15.3976,-1.39947
8.98601,16.1739,-0.755318
9.10517,17.0408,-0.276708
8.89819,18.039,-0.0800836
8.91964,19.0301,-0.0843013
9.04043,20.0478,-0.0228828
9.14404,21.0515,-0.0109043
9.01865,22.0346,-0.0694937
9.16192,23.0823,-0.293429
9.01992,24.0799,-0.180062
8.99281,25.0607,-0.236949
8.9058,26.0634,-0.263604
8.96782,27.0757,-0.195761
9.07537,28.0602,-0.088873
9.0688,28.9795,-0.48117
9.95367,1.61983,0.364129
9.89371,2.55799,0.0278726
9.80329,3.61743,0.0613056
9.77021,4.6729,-0.0393231
9.72648,5.74164,0.056975
9.80985,6.76815,-0.115427
9.81258,7.90431,-0.204001
9.81492,9.07293,-0.211658
9.73923,10.1334,-0.411948
9.70243,11.2596,-0.605322
9.78461,12.3875,-0.696811
9.86317,13.5021,-0.912574
9.85916,13.5084,-1.94606
9.8869,14.3902,-1.49855
9.89729,14.9201,-2.32413
9.92956,15.1972,-1.37461
10.0271,16.0586,-0.794089
10.0908,17.0537,-0.537562
9.8845,18.0201,-0.248866
9.94324,19.0055,-0.24116
10.0445,19.992,0.00644246
10.1132,21.0083,-0.255245
10.0889,22.0418,-0.211484
10.13,23.0775,-0.188925
9.99562,24.0524,-0.0659078
9.99463,25.0628,-0.170739
9.94338,26.0461,-0.288919
10.0238,27.0177,-0.176812
10.0611,28.0437,-0.357283
10.0104,29.0542,-0.194903
10.9453,1.68954,0.255931
10.925,2.7062,0.126609
10.8431,3.71641,-0.0507279
10.8203,4.75934,-0.128831
10.7959,5.83387,-0.039024
10.8566,6.89823,-0.200449
10.845,7.95466,-0.19248
10.9016,9.07689,-0.293426
10.8271,10.1593,-0.38858
10.7977,11.2564,-0.580853
10.8306,12.3928,-0.728837
10.9363,13.5342,-0.931605
10.9188,13.7235,-1.97881
10.92,14.5164,-1.41808
10.9257,14.8269,-2.32794
10.9138,15.3081,-1.42387
11.064,16.1409,-0.860375
11.125,17.1327,-0.550603
10.9303,18.0204,-0.104163
10.9535,19.0726,-0.215464
11.0298,20.084,-0.260244
11.0778,21.0966,-0.352849
11.1345,22.1098,-0.308582
11.137,23.0775,-0.0248024
10.9933,24.0651,0.154942
11.0243,24.9836,-0.275149
10.9425,26.0123,0.00772729
11.0349,27.0472,-0.00640584
11.0338,28.0601,-0.109415
11.0029,29.0508,-0.237669
11.9732,1.76089,0.407172
11.9417,2.75709,0.14182
11.9116,3.80349,0.142586
11.8903,4.865,0.0116703
11.8982,5.90403,-0.104181
11.9056,6.97695,-0.241069
11.8949,8.03814,-0.287942
11.9283,9.1168,-0.360393
11.8544,10.2409,-0.525214
11.8469,11.3335,-0.642201
11.889,12.4416,-0.786889
12.0014,13.5369,-0.958061
11.9859,13.5694,-2.01745
11.9486,14.5191,-1.50213
11.8925,14.719,-2.43289
11.9116,15.4274,-1.69813
12.0729,16.2893,-1.1208
12.1265,17.094,-0.548469
11.8292,18.0367,-0.504456
11.9299,19.0133,-0.238942
12.1181,20.0109,-0.36194
12.0576,21.0512,-0.309769
12.0658,22.0187,0.00150151
12.1122,23.0242,0.0446699
12.0168,24.0123,0.148824
11.9973,25.0412,0.114502
11.9192,26.0754,0.190838
11.9865,26.8774,-0.418024
11.9788,27.9081,-0.476144
12.0415,28.8645,-0.262008
12.9835,1.9393,0.251347
12.8731,2.90737,-0.127772
12.891,3.94092,-0.0541093
12.8921,4.92374,0.0804865
12.8878,5.94515,-0.02566
12.9552,7.03294,-0.0502152
12.9087,8.08115,-0.266512
12.9728,9.15046,-0.365319
12.9059,10.2606,-0.527628
12.9178,11.4045,-0.644246
12.9854,12.4916,-0.947331
12.9972,13.6278,-1.12877
12.9966,13.7963,-2.13811
12.9583,14.6221,-1.53149
12.9438,14.8107,-2.52922
12.9727,15.5015,-1.83393
13.1173,16.4077,-1.33555
13.1199,17.1679,-0.575338
12.8061,18.1024,-0.341646
12.9641,19.0594,-0.133067
13.0603,20.0603,-0.0880276
12.9456,21.008,0.227885
13.0424,22.0407,0.246544
13.0633,22.9949,0.546367
13.0559,23.9289,0.216245
12.9828,24.8998,-0.198968
12.908,25.9131,-0.152431
13.0193,26.8672,-0.268294
12.9196,27.8429,-0.161614
12.9879,28.7591,-0.55612
14.032,1.93394,0.330973
13.9353,2.94425,0.0898984
13.9375,3.94465,-0.099414
13.9864,4.99266,-0.118485
13.9575,6.01914,-0.030311
13.9937,7.13682,-0.0671072
13.9504,8.15989,-0.26165
14.0104,9.23092,-0.313623
14.0158,10.3051,-0.635698
13.9683,11.3241,-0.825498
14.0357,12.467,-0.955348
14.0187,13.5859,-1.14805
14.0348,13.6212,-2.17853
14.008,14.6241,-1.75402
13.9882,14.8741,-2.71039
14.0266,15.4931,-1.94776
14.0979,16.4376,-1.52173
14.0601,17.2055,-0.919822
13.8086,18.0495,-0.365206
13.9335,18.8986,0.156032
14.0591,19.9135,-0.00922575
14.0017,20.9179,-0.0201483
14.0303,21.9305,-0.0308512
14.0365,22.9764,0.209687
13.9637,23.8983,-0.156682
13.9343,24.8826,0.121812
13.8913,25.962,0.0731468
13.9916,26.9651,-0.0812494
13.9062,27.9215,-0.561586
13.9292,28.8511,-0.17246
15.055,1.93875,0.132841
14.9335,2.91547,0.30213
14.9946,3.86995,0.0257363
14.9797,4.91834,0.00621357
14.9638,5.9082,-0.0952849
14.9864,6.98898,-0.0537492
15.0005,8.12003,-0.0409925
15.057,9.24289,-0.164028
15.0554,10.297,-0.456874
15.0285,11.3916,-0.605963
15.0867,12.497,-0.830955
15.0671,13.5929,-1.10743
15.0482,13.6287,-2.14895
15.0461,14.6263,-1.71584
15.0274,14.7425,-2.70659
15.0958,15.4692,-1.95061
15.1098,16.361,-1.47621
15.0184,17.3225,-1.05527
14.8498,18.0878,-0.433338
14.924,18.9932,0.0972808
15.0076,19.9603,0.398047
15.0347,20.887,-0.0365856
15.1074,21.8956,-0.0424726
15.0245,22.9126,0.0188238
14.9613,23.9002,-0.257515
14.9202,24.8777,-0.198029
14.8265,25.907,-0.306662
15.0049,26.8958,-0.429804
14.8873,27.872,-0.714524
14.94,28.7769,-0.325596
16.0703,1.82036,0.259172
15.9425,2.80344,0.0790551
15.9918,3.8057,-0.182659
16.0329,4.85252,-0.0733055
16.0399,5.927,-0.224085
15.9954,6.98145,-0.258498
16.0479,8.10977,-0.249446
16.0843,9.22151,-0.346373
16.1163,10.3316,-0.467354
16.1328,11.4507,-0.502252
16.1389,12.5477,-0.693518
16.0901,13.6185,-1.13388
16.1523,13.7295,-2.2123
16.075,14.6381,-1.71238
16.0863,14.839,-2.70967
16.1589,15.581,-2.0113
16.0972,16.2792,-1.26531
15.9999,17.2137,-0.926096
15.8554,18.1201,-0.552385
15.9295,19.1352,-0.159679
16.0375,20.0169,0.324262
16.0475,20.9883,-0.0661184
16.1745,21.9915,-0.0148625
16.0044,22.9863,0.170794
15.9795,23.889,-0.281252
15.8937,24.8803,-0.143712
15.7965,25.8627,-0.00285348
15.9575,26.9055,-0.0341563
15.8736,27.7561,-0.554286
15.9846,28.7729,-0.347771
17.0472,1.70742,0.176888
17.0378,2.70584,-0.0360851
17.0622,3.7207,-0.224021
17.0691,4.80367,-0.0410016
17.0634,5.90663,-0.0758324
17.0591,6.9481,-0.131541
17.0266,8.0305,-0.113062
17.0891,9.08208,-0.137907
17.1228,10.1898,-0.255382
17.1491,11.2949,-0.571795
17.1945,12.4151,-0.787094
17.1509,13.5429,-1.09348
17.1746,13.5954,-2.13602
17.1679,14.4945,-1.63858
17.1205,14.8058,-2.58415
17.1494,15.4997,-1.79576
17.1212,16.1754,-1.02914
16.977,17.1399,-0.723438
16.9286,18.1406,-0.720917
17.0086,19.0346,-0.177462
17.0558,20.0297,-0.00869778
17.0709,21.0738,-0.200952
17.167,22.064,-0.228129
16.9723,23.0603,-0.187545
17.0314,24.0381,-0.247291
16.9407,24.9201,0.151933
16.8445,25.9097,0.00686972
16.9674,26.9126,0.181439
16.8882,27.7797,-0.32635
17.0018,28.7722,-0.300656
18.038,1.53401,0.168746
18.0322,2.60047,-0.0623218
18.0519,3.60909,-0.151183
18.125,4.5851,-0.021427
18.1223,5.63755,-0.0166295
18.0151,6.6926,-0.0304514
18.1018,7.77926,-0.0764397
18.0874,8.85993,-0.0651357
18.1731,9.95272,-0.268285
18.2065,11.0737,-0.379275
18.1913,12.2096,-0.54413
18.2235,13.339,-0.857845
18.2063,13.3624,-1.86999
18.1275,14.3561,-1.43899
18.1047,14.5604,-2.44359
18.1297,15.3736,-1.71198
18.1522,16.147,-1.03111
17.9989,17.0617,-0.713108
17.9328,18.0713,-0.629899
18.0482,18.9579,-0.145558
18.0558,19.9741,-0.0645924
18.0575,20.9609,0.125767
18.1081,22.0099,0.165361
17.9594,22.9728,-0.0874477
18.0616,24.0149,-0.142814
17.9497,25.0065,0.0613178
17.8504,26.0056,-0.159999
17.9965,26.9512,0.0596698
17.8393,27.9347,0.111109
17.9874,28.7524,-0.45457
19.0605,1.45318,0.465984
19.0323,2.28147,-0.120832
19.0181,3.29943,-0.326106
19.0367,4.31198,-0.2051
19.1407,5.37334,-0.255748
19.0736,6.41956,-0.0376659
19.0553,7.45164,-0.017066
19.094,8.51006,0.076516
19.0925,9.61711,-0.0840236
19.1847,10.7177,-0.201959
19.1693,11.8738,-0.337452
19.1955,13.0346,-0.516108
19.1851,13.1118,-1.61112
19.1326,14.2343,-1.23962
19.1083,14.5333,-2.22773
19.1142,15.2946,-1.50724
19.147,16.0854,-0.888369
18.9507,16.905,-0.298981
18.8958,17.8883,-0.378335
18.9966,18.9382,-0.473635
19.0445,19.9149,-0.162014
19.0754,20.9138,-0.0243049
19.1518,21.9121,0.358092
18.974,22.9164,0.0840571
19.1044,23.8809,-0.132661
18.8732,24.8435,-0.348692
18.8361,25.8389,-0.16975
18.9784,26.8473,-0.28124
18.8856,27.8302,0.106461
18.9966,28.7347,-0.254033
20.0274,1.19082,0.657439
19.9633,1.96442,-0.0259194
19.9984,2.97512,-0.311127
19.9617,3.95724,-0.0585223
20.0796,4.97752,-0.0963225
20.0478,6.04955,-0.0959136
20.0221,7.08314,-0.222294
20.0763,8.08061,-0.0195318
19.9846,9.13733,-0.21323
20.0201,10.1453,-0.274624
19.8994,11.1432,-0.297092
19.7941,12.1746,-0.285092
19.9791,12.6588,-1.16492
20.0245,13.691,-1.16478
19.9786,14.5635,-1.60251
19.9791,15.3134,-0.899524
19.9905,16.0681,-0.272222
19.9833,17.0661,-0.0816919
19.9107,18.0386,-0.325779
20.0445,19.0629,-0.325092
20.0679,20.034,0.0191046
20.0824,21.0144,0.0335154
20.1141,22.0185,0.212027
20.0151,23.0538,0.0142491
20.0463,24.0031,-0.420887
19.8601,24.9934,-0.509159
19.8664,25.9729,-0.116486
19.9563,26.9935,-0.238386
19.8827,27.9279,0.0745476
19.9822,28.8924,-0.260436
20.982,0.857515,0.589434
20.9606,1.63787,-0.00163579
20.9211,2.55055,-0.392444
20.9585,3.55941,-0.192221
21.0512,4.56846,-0.200482
20.9275,5.59718,-0.226975
20.9228,6.5976,-0.235365
20.9559,7.61659,-0.28319
20.9218,8.63636,-0.222443
20.9741,9.61025,-0.184143
20.7153,10.5647,-0.0729972
20.6994,11.5464,-0.0531724
20.8256,12.2717,-0.772597
20.9045,13.3005,-0.828684
20.8675,14.2912,-1.03002
20.9876,15.266,-0.74012
21.0307,16.1056,-0.180224
20.9499,17.0069,0.230015
20.9083,17.9522,-0.104486
20.9783,18.9924,0.128651
21.0401,19.9613,0.182409
21.0693,20.9844,0.200366
21.1004,21.9959,0.166466
21.029,22.9903,0.121451
21.0446,23.954,-0.159883
20.7955,24.9587,-0.161089
20.8653,25.9294,-0.00125736
20.951,26.8956,-0.173559
20.9153,27.9196,0.112302
20.98,28.9233,-0.0115146
22.0025,0.624406,0.766433
21.9093,1.30388,0.0137547
21.9297,2.2107,-0.399542
21.9155,3.20769,-0.178249
21.9833,4.18988,-0.18179
21.9284,5.22311,-0.0146336
21.9165,6.25549,-0.168758
21.9541,7.26173,-0.202179
21.864,8.29088,0.0679006
21.9206,9.29049,-0.2653
21.7022,10.2387,-0.135255
21.6445,11.2162,0.0568438
21.8014,11.9955,-0.535902
21.8881,13.0681,-0.533744
21.8734,13.9875,-0.849147
21.9406,15.0103,-0.494827
21.9972,15.9698,-0.167479
21.9618,17.0079,-0.111768
21.9554,18.0395,-0.103034
21.9431,19.0248,0.227555
21.9918,19.9625,-0.109421
22.0266,20.958,-0.0648701
22.0279,21.9357,-0.218909
22.0134,22.945,-0.118479
22.0407,23.9328,-0.151588
21.8342,24.9038,0.0831843
21.9073,25.8889,0.196173
21.9699,26.9286,-0.0553972
21.99,27.8427,0.267168
21.9931,28.8007,0.0449538
22.9094,0.313584,0.48431
22.9548,1.26864,0.104459
22.9642,2.13372,-0.433274
22.9038,3.13278,-0.303797
22.975,4.19039,-0.283187
22.902,5.1447,0.0426008
22.9132,6.14193,-0.24919
22.9611,7.13735,-0.162322
22.8605,8.11545,0.0850612
22.9264,9.16268,0.0200018
22.7591,10.1844,-0.130113
22.6894,11.1332,0.215845
22.7346,12.1126,-0.095584
22.8068,13.1839,-0.277548
22.8034,14.1886,-0.514014
22.9344,15.1085,-0.232652
22.9556,16.0786,-0.00315256
22.9056,17.1092,0.229081
22.9752,18.0993,0.0157659
22.9241,19.119,0.0979522
22.9692,20.1249,0.0812677
23.0045,21.1158,0.0538408
22.9877,22.1693,0.0500046
22.954,22.9929,-0.502216
23.0456,23.9812,-0.327317
22.8369,24.9771,-0.14124
22.9412,25.9774,0.0320444
22.9506,26.9042,-0.283523
23.0156,27.7859,0.142851
22.9842,28.7973,0.102246
23.9372,0.380828,0.272921
24.0157,1.34892,0.158452
23.9805,2.18319,-0.416831
23.9115,3.16633,-0.0961272
23.984,4.14648,-0.159911
23.8947,5.06435,0.373559
23.9001,6.06041,-0.0236702
24.0027,7.06435,-0.000546281
23.8615,8.04262,0.232325
23.8691,9.0643,0.334107
23.8435,10.0101,-0.0954527
23.7541,11.0327,0.12486
23.7698,12.0089,-0.139055
23.8909,13.0997,-0.154485
23.8604,14.0609,-0.47141
23.9106,15.076,-0.244676
24.0255,16.0811,0.001236
23.9238,17.0816,0.273727
23.9631,18.086,0.179623
23.9915,19.0669,-0.0140934
23.9701,20.1036,0.134159
24.0033,21.0955,0.0625996
23.9537,22.0444,-0.235911
23.9881,23.0446,-0.372976
24.0181,24.0519,-0.488821
23.9042,25.0226,-0.122629
23.9806,25.9576,0.086401
24.019,26.8734,-0.375784
23.947,27.872,-0.260668
24.0108,28.7731,0.184292
24.9695,0.457363,0.0604205
25.0513,1.41754,0.311136
25.0006,2.2212,-0.382043
24.9111,3.22829,-0.492688
24.9957,4.19867,-0.242946
24.9954,5.06488,0.291534
24.898,6.04702,0.0780084
24.9952,7.03776,0.103677
24.8854,8.00914,0.263601
24.9456,9.00567,0.33531
24.8842,9.99186,0.0644642
24.7915,10.9905,0.0700552
24.8067,12.015,-0.0215094
24.9839,13.018,-0.0215064
24.8941,13.9754,-0.247362
24.9326,14.9991,-0.0836787
25.0511,15.9921,-0.155403
24.9146,16.9481,0.0848201
24.9011,18.0027,-0.15876
25.0027,19.029,0.0368877
24.9771,20.0018,-0.0648152
25.008,21.0234,-0.0710013
24.996,22.0051,-0.108991
24.9122,22.9907,-0.00914945
25.0124,23.9806,-0.223246
24.8555,24.9754,0.133128
25.0051,25.9502,0.257598
25.0148,26.7658,-0.330799
24.9429,27.7331,-0.174532
25.0218,28.7326,0.130961
25.9565,0.264373,0.130744
26.0193,1.25885,0.0900632
26.0244,2.19803,-0.287661
25.94,3.22045,-0.518744
25.9748,4.16337,-0.253591
26.0496,5.03991,0.219239
25.936,6.06772,0.103467
25.9941,7.07873,0.231355
25.8703,8.03806,0.39541
25.9432,9.02811,0.560747
25.9133,10.0074,0.353511
25.8562,10.9717,-0.0241218
25.8582,11.9659,-0.142506
26.0132,12.9799,-0.109665
25.9304,13.9888,-0.0236946
25.9722,15.0174,-0.123551
26.0645,16.039,0.0125736
25.9005,17.0185,-0.082049
25.9051,17.9899,-0.257665
25.9982,18.9747,-0.114957
25.959,19.9313,0.182934
26.0071,20.9388,0.222135
25.9965,21.9841,0.107678
25.9661,22.9674,0.081164
25.9784,23.9786,0.190713
25.8832,24.9473,0.00673544
25.9863,25.9234,0.261611
26.0191,26.8345,-0.156249
25.9621,27.8583,-0.122114
26.0452,28.8404,0.259114
26.9806,0.199478,-0.0810724
27.0311,1.22842,-0.235124
26.9956,2.22895,-0.000540178
27.029,3.1315,-0.574111
26.9824,4.05332,-0.128956
27.0086,5.07478,-0.0189947
26.9858,6.12167,0.15107
27.0186,7.11593,0.22186
26.9553,8.12242,0.293826
26.9386,9.09372,0.530607
26.9879,10.1106,0.359963
26.8828,11.0352,0.0261757
26.9139,12.0114,-0.104642
27.0099,12.9753,0.0638874
26.9658,13.9689,-0.1476
26.9806,15.015,-0.149007
27.0384,16.0141,0.180016
26.9453,17.0062,0.141115
26.9046,17.9832,-0.102533
27.0024,18.9724,-0.128263
26.9842,19.9964,0.0876675
27.0502,21.0093,0.224421
27.0089,22.0116,0.263857
27.0071,22.9984,-0.0153478
27.0222,24,0.148622
26.8931,25.0395,-0.0337962
27.0065,26.001,0.308927
27.0033,26.9696,0.0275613
26.98,27.979,-0.0223273
27.0666,28.8569,0.465773
27.9434,0.0718284,0.168865
27.9905,1.08021,-0.0146916
28.0049,2.10169,0.0659413
28.0599,3.01614,-0.313492
27.9712,3.98457,-0.125398
27.9869,4.98446,0.143397
27.9962,5.97634,0.142866
28.0081,6.96839,0.067864
27.9692,7.96825,0.185818
27.9704,8.9871,0.357363
27.9912,10.0523,0.287255
27.9318,11.0652,0.108744
27.9396,12.0215,-0.194247
28.0018,13.0311,-0.0210883
28.0308,14.0575,-0.0419813
27.9722,15.0831,0.0473525
28.0623,16.0725,0.315091
27.9635,17.0431,0.104086
27.9327,18.0362,-0.110269
28.0048,19.0793,-0.187176
28.0002,20.0643,0.145369
28.009,21.0567,0.0454878
28.0197,22.0357,0.234043
28.0029,22.9337,-0.22486
27.9413,23.9607,-0.169234
27.8978,24.9465,-0.15768
28.0221,25.8975,0.237178
28.0033,26.8043,-0.188562
27.9804,27.787,-0.00887173
28.0952,28.7261,0.318085
28.9576,-0.0121067,0.00241401
29,1,0
29.0017,1.98502,0.0714103
29.0067,2.98646,0.127033
29.0007,3.95717,0.0262856
29,5,0
29,6,0
29,7,0
29.0028,8.00461,0.0733757
28.9999,9.00045,0.0247536
29.0051,9.99932,0.140056
29.003,10.9967,0.0113468
29,12,0
29,13,0
29.0022,13.9893,-0.0695669
29,15,0
29.0008,15.9915,-0.0353984
29,17,0
29,18,0
29,19,0
29.0036,20.0074,0.0912412
29,21,0
29.0035,21.9602,0.027955
29.005,22.9744,-0.0862423
29,24.0234,0.0267434
29,25,0
29.001,25.9896,-0.0510422
29.0059,27.0416,-0.104666
29.0035,28.0319,-0.0516434
29.0049,29.0515,-0.0901028
