0.16216,0.628239,-2.55523
0.185156,1.95104,-2.52414
0.201276,3.26443,-2.55765
0.270403,4.55204,-2.54893
0.235133,5.82391,-2.51225
0.290594,7.02511,-2.55108
0.298621,8.28187,-2.47604
0.396738,9.55482,-2.37897
0.643181,10.7674,-2.39199
0.991842,11.9866,-2.27679
1.43795,13.0716,-2.22405
1.18737,14.1431,-1.99318
0.514154,14.8944,-2.08618
0.598636,15.9038,-1.81025
0.0596179,16.5757,-1.26164
0.317893,17.4112,-1.76099
-0.20448,17.9727,-1.06512
0.180596,17.0617,-1.04948
-0.107712,18.0119,-0.793237
-0.0133488,18.9407,-0.363652
0.879223,1.51462,-2.54215
0.943965,2.70193,-2.46891
0.993335,3.90333,-2.45407
1.07993,5.13492,-2.44088
1.13072,6.35939,-2.46977
1.16449,7.55665,-2.38177
1.25683,8.76861,-2.35066
1.41406,9.98524,-2.35438
1.66768,11.2023,-2.27647
2.01658,12.3234,-1.99866
2.53399,13.4415,-1.75383
2.26187,14.5815,-1.69
1.50605,15.2556,-1.90326
1.6284,16.2485,-1.56777
1.02621,16.738,-0.957735
1.43948,17.3131,-1.62025
0.87431,18.03,-1.12172
1.16916,17.0928,-0.921021
0.982678,18.0791,-0.833174
0.927744,19.0668,-0.779858
1.82806,1.88258,-2.54101
1.87421,3.10005,-2.47908
1.97715,4.26408,-2.47416
2.038,5.48974,-2.46663
2.1134,6.72595,-2.34685
2.18194,7.9018,-2.3432
2.23458,9.15568,-2.22082
2.34624,10.4438,-2.2024
2.60009,11.73,-2.02225
2.99237,12.9562,-1.58599
3.55279,14.0741,-0.999115
2.96543,15.3439,-1.11068
2.01346,16.1046,-1.70541
2.51057,16.7588,-1.01722
1.7259,17.5863,-1.01707
2.43446,17.0387,-1.3459
1.97297,17.9896,-1.25707
2.23091,17.0414,-1.0991
1.97125,18.0692,-1.10284
1.95264,19.0801,-0.893014
2.82788,1.60392,-2.47022
2.84339,2.77685,-2.49626
2.96238,3.92997,-2.40063
2.96775,5.06266,-2.35457
3.01696,6.25969,-2.36228
3.0542,7.383,-2.35583
3.10206,8.52038,-2.30402
3.13155,9.6926,-2.23077
3.1581,10.8288,-2.03445
3.31674,11.9979,-1.90542
3.39857,13.1879,-1.66976
3.17479,14.2748,-1.63199
2.82694,15.2536,-1.84234
3.18632,16.052,-1.31093
2.56392,16.8844,-1.26786
3.36133,17.3016,-1.66257
2.86189,17.707,-0.887518
2.95641,17.156,-1.72521
2.98892,18.1317,-1.28962
2.93132,19.1569,-1.11941
3.81428,1.23304,-2.36922
3.77323,2.30712,-2.30426
3.86629,3.41334,-2.22888
3.85929,4.53508,-2.33339
3.90656,5.69284,-2.32813
3.92468,6.87008,-2.39508
3.99525,7.94507,-2.17905
3.99951,9.05897,-2.16226
3.94144,10.1652,-2.05107
3.96223,11.2562,-2.02781
3.94497,12.3585,-1.98941
3.7971,13.4467,-1.86656
3.66903,14.494,-1.86552
3.96625,15.4173,-1.60065
3.5014,16.2905,-1.50455
4.27102,16.8741,-1.72151
3.77484,17.1849,-0.931245
3.95209,17.2071,-1.92019
3.98312,18.1917,-1.60064
3.94331,19.1577,-1.30918
4.77126,0.85674,-2.11006
4.74013,1.99269,-2.11575
4.85207,3.08175,-2.15835
4.84109,4.16898,-2.18521
4.86004,5.25339,-2.2949
4.82855,6.27281,-2.31152
4.87527,7.39505,-2.2341
4.87606,8.48852,-2.20434
4.73225,9.54736,-2.0024
4.78229,10.5954,-2.05569
4.73006,11.7111,-1.87655
4.58376,12.746,-1.77049
4.47367,13.7976,-1.93135
4.79597,14.7543,-1.76002
4.31441,15.6051,-1.58289
4.97706,16.1652,-1.97786
4.77593,16.8512,-1.20737
4.98112,17.2321,-2.1189
5.01615,18.0875,-1.64382
4.95753,18.9568,-1.15672
5.74136,0.534507,-2.20165
5.74267,1.57742,-2.21698
5.78887,2.58574,-2.20998
5.75802,3.68141,-2.0856
5.78389,4.77672,-2.18303
5.71864,5.85042,-2.0565
5.79025,6.92181,-2.12832
5.72674,7.98193,-2.07975
5.66971,9.05919,-2.02551
5.67002,10.1349,-2.13472
5.57494,11.131,-2.05266
5.38879,12.1742,-1.99965
5.39604,13.255,-1.81286
5.67204,14.2349,-1.6468
5.28835,15.1514,-1.48054
5.91138,15.8533,-1.86075
5.79108,16.6776,-1.32027
5.99769,17.3882,-2.05611
6.06895,18.276,-1.48823
5.9603,19.0741,-0.871319
6.69982,0.155119,-2.12871
6.68522,1.17089,-2.14888
6.7218,2.23568,-2.08139
6.71662,3.31299,-2.08969
6.7457,4.43506,-2.20423
6.71811,5.44631,-2.19195
6.7659,6.56327,-2.22634
6.70355,7.65661,-2.18521
6.65981,8.69231,-2.17317
6.6507,9.73179,-2.20808
6.58609,10.7863,-2.09338
6.40066,11.8305,-1.97116
6.3809,12.8583,-1.81354
6.63445,13.8539,-1.72033
6.31946,14.813,-1.46461
6.91801,15.6637,-1.76784
6.81152,16.588,-1.22388
7.065,17.2525,-1.97158
7.07997,18.0745,-1.35742
6.97581,19.0137,-1.04886
7.69259,-0.0186102,-1.95962
7.72314,1.07255,-2.02188
7.79313,2.13215,-2.08216
7.71276,3.20761,-2.07387
7.72404,4.21949,-2.2525
7.76234,5.23951,-2.36283
7.77121,6.30644,-2.10338
7.68241,7.32491,-1.98961
7.65184,8.41542,-2.21837
7.67952,9.4667,-2.13703
7.5895,10.5163,-2.00463
7.44609,11.5377,-1.97363
7.39366,12.515,-1.7337
7.60727,13.5351,-1.71002
7.39904,14.4883,-1.50672
7.9189,15.3316,-1.92464
7.8163,16.2944,-1.51671
8.07961,17.1787,-1.94953
8.10877,18.164,-1.68943
7.98344,18.8685,-1.01317
8.69688,-0.0559709,-1.86741
8.68292,0.966704,-1.78056
8.7959,2.02279,-1.88535
8.76538,3.0269,-2.04131
8.71806,4.0693,-1.96222
8.76785,5.1005,-2.08916
8.77167,6.16557,-2.13732
8.71116,7.23148,-2.21155
8.66128,8.25757,-2.0127
8.64696,9.27052,-2.06571
8.55902,10.2722,-2.01891
8.48196,11.3161,-1.99501
8.4522,12.2959,-1.75672
8.62824,13.3045,-1.69314
8.47217,14.2598,-1.53578
8.83186,15.209,-1.57261
8.83931,16.2396,-1.79464
9.10381,17.2463,-1.78611
9.09124,18.1437,-1.3723
8.97953,19.1535,-1.16422
9.71512,-0.271187,-1.64938
9.70588,0.836619,-1.75672
9.76579,1.854,-1.72931
9.82143,2.91124,-1.84559
9.78506,3.93592,-1.9904
9.81872,4.98073,-1.99771
9.75169,5.98115,-1.97387
9.67114,6.99956,-1.94686
9.67353,8.05799,-2.03269
9.61095,9.11458,-2.08346
9.55015,10.1543,-2.01194
9.48259,11.165,-1.96169
9.44693,12.182,-1.80243
9.65616,13.1151,-1.76053
9.57284,14.1554,-1.56384
9.85556,15.1874,-1.49357
9.8742,16.2118,-1.62162
10.0705,17.2471,-1.60399
10.101,18.2678,-1.48246
9.99577,19.2409,-1.37332
10.7532,-0.188382,-1.77638
10.7483,0.84228,-1.69823
10.8511,1.89604,-1.67729
10.8297,2.90668,-1.80468
10.8399,3.92097,-1.96514
10.8156,4.9536,-1.91042
10.8042,5.9881,-1.876
10.727,6.97691,-1.91166
10.7219,7.99124,-1.85001
10.6322,9.01039,-1.97265
10.5874,10.0876,-1.92797
10.5045,11.1155,-1.81416
10.4825,12.1005,-1.71499
10.7026,13.0575,-1.78114
10.6599,14.0924,-1.57096
10.8647,15.0747,-1.59798
10.9548,16.152,-1.61896
11.0688,17.1762,-1.4785
11.1077,18.1516,-1.2818
11.0398,19.2011,-1.32153
11.8134,-0.134223,-1.73254
11.7656,0.859075,-1.6728
11.8642,1.84437,-1.64974
11.8655,2.8731,-1.74542
11.7706,3.91622,-1.66861
11.8435,4.95858,-1.85497
11.8382,5.97794,-1.85987
11.7221,6.98488,-1.66577
11.735,7.98444,-1.7838
11.7179,9.05579,-1.89272
11.6257,10.0627,-1.92909
11.5413,11.0848,-1.85351
11.576,12.0597,-1.75912
11.6426,13.0165,-1.50218
11.7405,14.0632,-1.482
11.8844,15.0479,-1.536
11.944,16.03,-1.37934
12.0414,17.0941,-1.29598
12.1129,18.1279,-1.23746
12.0478,19.1331,-1.3357
12.8548,-0.150688,-1.62275
12.8091,0.902527,-1.74579
12.9635,1.92533,-1.69929
12.9178,2.9855,-1.90706
12.7716,3.953,-1.62985
12.8725,4.96034,-1.68514
12.8323,5.99654,-1.68309
12.7626,6.99546,-1.66468
12.727,8.03887,-1.48852
12.6989,9.02153,-1.47226
12.5814,10.0504,-1.63251
12.5947,11.0745,-1.7799
12.6689,12.1114,-1.76182
12.6782,13.1323,-1.54521
12.7412,14.1346,-1.53974
12.836,15.1769,-1.34729
12.943,16.1832,-1.2771
13.022,17.1975,-1.27016
13.0901,18.1985,-1.0217
13.0569,19.2124,-1.10963
13.9101,-0.163344,-1.54495
13.8804,0.852507,-1.7194
13.9785,1.88287,-1.75151
13.9183,2.91889,-1.66102
13.8392,3.96026,-1.56628
13.8564,4.95748,-1.63591
13.879,5.99154,-1.72183
13.8339,7.02402,-1.67671
13.7605,8.00175,-1.52153
13.7058,8.99556,-1.30409
13.5813,10.0158,-1.47289
13.6457,11.0938,-1.64493
13.6879,12.1342,-1.50269
13.6862,13.1303,-1.45666
13.7569,14.1322,-1.37622
13.8106,15.1262,-1.49429
13.9441,16.1365,-1.29652
14.0406,17.1413,-1.01924
14.1256,18.1358,-1.06219
14.0784,19.2033,-0.960744
14.9541,-0.254006,-1.61185
14.9195,0.750481,-1.62046
14.9903,1.81364,-1.55653
14.9004,2.88438,-1.64578
14.8431,3.89321,-1.60099
14.8424,4.9408,-1.55667
14.8981,5.95005,-1.70883
14.8514,6.99426,-1.65483
14.8297,8.00953,-1.63154
14.7896,9.01754,-1.45672
14.66,10.0297,-1.42311
14.7492,11.0537,-1.4354
14.671,12.0972,-1.36474
14.7037,13.0671,-1.53174
14.7863,14.1275,-1.46919
14.8476,15.1608,-1.43603
14.9567,16.1462,-1.20055
15.0636,17.128,-1.09911
15.1214,18.1803,-0.924775
15.0869,19.2044,-1.05565
15.9818,-0.212037,-1.50205
15.9272,0.810184,-1.64163
16.0364,1.80355,-1.66833
15.9667,2.83404,-1.44545
15.862,3.92776,-1.46182
15.8232,4.96099,-1.44827
15.9007,6.00167,-1.49462
15.8997,6.98485,-1.77247
15.8633,8.00797,-1.60981
15.8237,9.00337,-1.52011
15.6889,10.077,-1.49781
15.8091,11.0953,-1.56706
15.7151,12.1253,-1.17452
15.7043,13.1516,-1.33232
15.8292,14.1742,-1.31868
15.8632,15.1711,-1.19531
15.9839,16.2009,-1.23251
16.0869,17.1734,-1.15541
16.1514,18.1622,-0.844627
16.0816,19.1707,-0.969222
17.006,-0.283706,-1.38675
16.9765,0.772588,-1.60501
17.0327,1.76312,-1.50276
16.9725,2.77558,-1.54981
16.8676,3.79972,-1.56591
16.8268,4.90892,-1.51107
16.8683,5.91261,-1.5577
16.9423,6.96849,-1.71869
16.9392,7.98716,-1.6105
16.9242,8.97502,-1.36195
16.7527,10.0177,-1.35271
16.8597,11.0189,-1.42502
16.7688,12.0355,-1.3648
16.7644,13.0917,-1.28475
16.8509,14.1324,-1.22932
16.862,15.1494,-1.35131
16.9888,16.1014,-1.0204
17.0752,17.1999,-0.96408
17.2091,18.2035,-0.721625
17.0876,19.2676,-0.88497
17.9972,-0.232014,-1.11059
17.8902,0.751753,-1.21848
18.0121,1.8238,-1.32658
18.0344,2.86596,-1.38395
17.9219,3.86499,-1.50746
17.8733,4.91212,-1.61492
17.903,5.92925,-1.47598
17.9057,6.97983,-1.36683
17.9198,8.00569,-1.3829
18.0007,9.00114,-1.41643
17.8155,9.99962,-1.21482
17.9136,11.0367,-1.24692
17.8165,12.0634,-1.29852
17.7965,13.0714,-1.19481
17.8616,14.1051,-1.20914
17.9696,15.1212,-1.25791
18.024,16.1849,-1.16923
18.1217,17.1806,-0.889419
18.2903,18.1929,-0.798178
18.069,19.1796,-0.607987
19.0589,0.0566851,-1.24039
18.8795,0.990136,-0.986486
18.9918,2.00092,-1.15996
19.0763,2.97476,-1.30978
18.9431,3.9316,-1.53183
18.8783,4.93541,-1.27859
18.9506,5.93743,-1.54409
18.9105,6.9497,-1.43395
18.9321,7.96472,-1.35656
19.0094,9.0106,-1.31053
18.808,10.0178,-1.17798
18.9831,11.0328,-1.23939
18.8439,12.0393,-1.16441
18.8727,13.0304,-1.33788
18.9319,14.0304,-1.219
19.0457,15.0661,-1.20858
19.0307,16.0731,-1.13398
19.1133,17.0249,-0.775472
19.2726,18.062,-0.634858
19.0274,19.0632,-0.279824
