-0.0573321,0.329765,-0.560436
-0.0102634,1.14282,-0.0145482
-0.0261971,2.05477,-0.393536
-0.0263802,2.97798,-0.0312754
-0.0095645,3.98688,-0.15609
-0.0127537,5.04018,-0.0783746
-0.019071,6.0633,0.100299
0.00401318,7.0947,0.0560289
-0.0449477,8.10211,-0.110746
-0.0286233,9.07523,-0.486724
-0.0179693,10.0208,-0.121421
-0.0199988,11.0514,-0.237748
-0.0199927,12.009,0.0254494
-0.00855129,13.0137,-0.109238
-0.0197607,13.9929,-0.435209
-0.0474502,15.0243,-0.308994
-0.024781,16.0345,-0.132456
-0.0305918,17.0552,-0.140501
-0.00575884,18.0225,0.20427
0.070806,19.0524,0.0981017
-0.0119907,19.9918,-0.196023
-0.052208,21.0163,-0.125391
-0.00829798,21.9694,0.0957335
-0.0235694,22.9952,-0.071868
-0.0538194,24.0374,0.0509262
-0.00878018,25.0553,-0.205521
-0.0238044,25.9726,0.265737
0.052617,26.9315,-0.0111545
-0.0327311,27.9094,0.185647
-0.0536424,28.9436,0.214975
0.948619,0.396454,-0.310135
0.951708,1.3921,0.0467238
0.917215,2.37109,-0.110471
0.939323,3.3467,-0.0211005
0.952171,4.32233,-0.312253
0.95334,5.28102,0.107691
0.981326,6.27136,-0.100946
0.965725,7.34778,-0.111994
0.996664,8.33074,-0.177725
0.954833,9.37043,-0.323875
0.986654,10.3605,-0.139497
1.03112,11.3401,-0.138395
0.968624,12.3009,0.0845454
0.992331,13.2206,-0.30647
0.986184,14.2194,-0.414219
0.929347,15.1873,-0.510633
0.95746,16.1759,-0.475866
0.998086,17.132,-0.18688
1.04434,18.1131,0.144359
1.1033,19.0582,-0.141462
1.04858,20.0365,-0.279412
0.969115,21.0785,-0.390124
1.00405,22.0059,0.0180059
0.997159,22.986,0.196158
1.00704,23.9636,0.00718711
1.01086,24.9822,-0.19866
0.975332,25.9103,0.162178
1.01908,26.8617,-0.209207
0.99809,27.8237,0.0652913
0.990173,28.8368,0.336357
1.96609,0.593353,-0.296115
1.92135,1.62423,-0.00587176
1.89297,2.67999,0.013126
1.92062,3.67111,-0.105594
1.88314,4.68565,-0.321479
1.89981,5.62744,0.0191382
2.02744,6.60446,0.0673879
1.98464,7.583,-0.125816
1.9927,8.56046,-0.137355
1.98007,9.55615,-0.418146
2.01003,10.5485,-0.202347
1.96899,11.5362,-0.426057
1.98661,12.416,0.0317179
1.99191,13.3853,-0.312616
1.9311,14.2629,-0.748787
1.84887,15.2128,-0.949992
1.88037,16.2388,-0.819037
2.11697,17.0725,-0.215143
2.03212,18.1042,0.11605
2.09982,19.1311,0.073693
2.04642,19.9904,-0.401935
2.01258,21.0184,-0.449086
2.05325,21.9377,-0.0909787
2.02918,22.8742,0.317231
1.98068,23.8822,0.28685
1.9987,24.8953,0.148866
1.9644,25.9135,0.318567
2.03059,26.858,0.041081
1.9555,27.8425,-0.222428
1.98202,28.593,0.425538
2.93653,0.942247,-0.215455
2.88323,1.94424,-0.0617756
2.85317,2.95468,-0.266543
2.95269,3.91238,0.131925
2.89784,4.89972,-0.138804
2.89851,5.91002,0.0106937
2.98827,6.93013,0.0611774
3.01139,7.86204,-0.293402
2.93602,8.88863,-0.231205
2.96437,9.88853,-0.313175
2.98776,10.9018,-0.145994
2.99572,11.6727,-0.811383
2.9469,12.5481,-0.329112
3.00637,13.5368,-0.285818
2.94911,14.2838,-1.0065
2.83635,15.315,-1.0915
2.90625,16.2172,-0.649586
3.0245,17.1893,-0.548378
3.04951,18.1096,-0.159539
3.04322,19.116,-0.250212
3.03071,20.1273,-0.118503
3.02906,21.1076,-0.406186
3.07668,22.0686,-0.221244
2.94649,23.0487,0.0862239
3.02511,23.9906,0.360573
2.96928,25.0058,0.323014
2.96119,26.0027,0.347288
2.99333,26.9874,0.318967
2.92331,27.7199,-0.36306
2.86205,28.6808,-0.0191321
3.91416,1.22196,-0.308908
3.86425,2.25356,-0.111606
3.83489,3.21601,-0.401987
3.96781,4.10923,0.0800867
3.85662,5.03753,-0.40831
3.92415,6.0655,-0.151442
4.04192,7.08447,-0.0180639
4.01189,8.05439,-0.388186
3.94353,9.05923,-0.411667
3.99712,10.0605,-0.352535
4.00722,11.0437,-0.333146
3.99479,11.8549,-0.920051
3.92,12.8284,-0.804187
3.98366,13.8058,-0.507685
3.98094,14.5106,-1.24692
3.83226,15.4879,-1.10258
3.86915,16.4056,-0.743406
3.95015,17.4238,-0.882501
4.06156,18.131,-0.191729
4.03075,19.051,-0.542994
4.0448,20.0817,-0.490985
4.04335,21.0836,-0.56035
4.04205,22.105,-0.430384
3.95208,22.9713,0.0945006
4.04225,23.9747,-0.0190863
4.01044,24.9258,0.188675
3.99963,25.9393,0.323032
3.93071,26.8663,-0.0574389
3.98819,27.7716,-0.47561
3.8363,28.7696,-0.186203
4.96395,1.52624,-0.370528
4.80981,2.37333,0.104273
4.78212,3.35384,-0.13632
4.96622,4.37023,-0.0189825
4.80654,5.34834,-0.219202
4.93552,6.32571,-0.399295
5.0008,7.29368,-0.16213
5.03237,8.24118,-0.442714
5.00819,9.2203,-0.488672
5.00598,10.2083,-0.534501
5.04715,11.1819,-0.310965
5.03805,11.9966,-0.911237
4.90916,13.0078,-1.10677
4.94145,13.9312,-0.734608
4.92469,14.6211,-1.44475
4.89323,15.5297,-1.07668
4.85722,16.342,-0.4583
4.89965,17.3361,-0.508472
5.06949,18.2469,-0.127354
5.13035,19.1972,-0.412873
5.00613,20.2052,-0.198291
4.97781,21.224,-0.229289
5.03714,22.0796,-0.780654
4.97789,22.7457,-0.0220283
5.09484,23.7847,-0.0704184
5.04711,24.8124,0.136268
5.00792,25.8101,0.0354808
4.91369,26.8306,0.205713
4.99312,27.5774,-0.453215
4.93388,28.5505,-0.259108
6.00122,1.71255,-0.296588
5.7479,2.64654,-0.156511
5.83732,3.67459,-0.149187
5.98022,4.65063,-0.034666
5.74026,5.60745,-0.409992
5.93598,6.65,-0.351741
5.98224,7.57968,-0.0137364
6.07455,8.52125,-0.459966
5.96942,9.51794,-0.371911
6.00488,10.5213,-0.509214
6.04019,11.5264,-0.329588
6.03933,12.2376,-0.979592
5.98323,13.195,-1.41919
5.99288,14.057,-0.825471
5.90697,14.6313,-1.70166
5.89755,15.4207,-1.00763
5.89509,16.3549,-0.615537
5.90033,17.3849,-0.726612
6.06779,18.0814,-0.0623096
6.05338,19.1138,0.0521622
6.02893,20.1574,-0.17987
6.01049,21.1973,-0.310837
6.03005,22.0589,-0.822367
5.96493,22.8325,-0.177975
6.10905,23.7447,0.232463
6.04447,24.7285,0.00332347
5.97504,25.7555,0.0237251
5.92623,26.7201,0.143043
5.94308,27.6795,-0.140513
5.92806,28.7315,-0.404242
7.01932,2.00002,-0.158663
6.74302,2.9348,-0.344423
6.8238,3.96008,-0.226481
6.9205,5.00787,-0.201163
6.76681,5.96323,-0.523606
6.88357,6.93565,-0.223881
6.9605,7.93232,-0.0516923
7.02731,8.7875,-0.538572
6.98961,9.86109,-0.485562
7.00124,10.8383,-0.712455
7.03742,11.8812,-0.587271
7.03255,12.5654,-1.24628
6.95989,13.5474,-1.58095
7.01226,14.2731,-0.852104
6.94099,14.7316,-1.7658
6.87753,15.3261,-0.936558
6.90838,16.269,-0.572893
6.88694,17.2875,-0.652672
7.0766,18.1373,-0.0349315
7.06303,19.1064,-0.20896
6.96353,20.0433,-0.642347
6.99183,21.0066,-0.502454
6.95846,22.0462,-0.362654
6.99045,23.0073,-0.025779
6.99068,24.0425,-0.213977
6.99098,24.9912,0.15793
7.0164,25.9574,-0.08352
6.85989,26.9595,-0.0100558
6.91313,27.8251,-0.506076
6.95305,28.9306,-0.385131
8.03664,2.33621,-0.145595
7.6859,3.26981,-0.259536
7.9164,4.28141,-0.209662
7.91484,5.25528,-0.165438
7.78629,6.21074,-0.358721
7.85915,7.21512,-0.443745
7.92091,8.20292,-0.369524
7.94331,9.19461,-0.585916
7.91553,10.1713,-0.760253
7.98982,11.1366,-0.557414
8.03743,12.1172,-0.732426
7.99863,13.0575,-1.16016
7.90885,13.4956,-2.06328
7.93539,14.1772,-1.29618
7.95585,14.8832,-2.09381
7.88002,15.2619,-1.19001
7.78264,16.2229,-1.07541
7.83739,17.2057,-1.01635
8.02996,18.0566,-0.466701
8.0316,19.0506,-0.422459
8.01027,20.0609,-0.441029
7.95377,21.0573,-0.690075
8.03582,22.0388,-0.414829
8.00427,23.0554,-0.461705
7.94138,23.8706,0.142933
8.01943,24.8853,0.23964
8.02604,25.9171,0.13336
7.84111,26.8727,-0.102533
7.7984,27.8724,-0.033076
7.8791,28.5917,-0.695322
8.99963,2.61069,-0.11633
8.71381,3.56547,-0.267333
8.86789,4.55228,-0.430277
8.94737,5.51567,-0.138704
8.79195,6.42125,-0.482644
8.85223,7.48116,-0.328376
8.94171,8.49255,-0.466405
8.93323,9.50508,-0.473681
8.87486,10.5325,-0.365291
8.9675,11.4719,-0.69805
9.00009,12.4208,-1.10712
8.95173,13.4951,-1.17985
8.95511,13.6397,-2.18278
8.92904,14.3866,-1.42208
8.95022,14.8964,-2.27709
8.93855,15.2496,-1.33743
8.72845,16.2339,-1.53057
8.89268,17.0526,-0.934953
8.98909,18.0294,-0.806064
9.01714,18.9719,-0.493463
8.95478,19.9709,-0.692288
8.92952,20.9722,-0.388067
9.05556,22.0567,-0.333488
9.00338,22.9987,-0.0778771
8.89039,23.8719,0.436662
9.04646,24.8518,0.185073
9.01211,25.8277,0.0981506
8.87,26.7857,-0.156328
8.85533,27.7918,0.0374676
8.92811,28.6706,-0.510187
10.0128,2.72916,-0.137965
9.80371,3.67543,-0.327805
9.89225,4.6796,-0.526084
9.91285,5.70261,-0.378695
9.73741,6.72194,-0.375896
9.83224,7.75716,-0.451372
9.91456,8.73697,-0.53972
9.89648,9.72554,-0.520383
9.88282,10.7335,-0.452925
9.93658,11.7155,-0.779904
10.0259,12.6521,-1.12299
9.97711,13.6599,-1.32546
9.9989,13.7202,-2.33002
9.93867,14.5209,-1.65277
9.92735,15.2189,-2.39143
9.98058,15.2049,-1.36771
9.77933,16.164,-1.55364
9.92702,17.0177,-1.04386
9.99939,17.9703,-0.821488
10.0315,18.9236,-0.498459
9.97632,19.9218,-0.621061
9.94939,20.923,-0.399246
10.0476,21.9235,-0.552535
10.0556,22.8754,-0.150459
9.93683,23.7693,0.410526
10.0642,24.6838,0.0214148
10.018,25.6871,0.104276
9.92173,26.6625,-0.189642
9.87085,27.6369,-0.078576
9.95264,28.5931,-0.323646
11.0497,2.86569,-0.0549883
10.8261,3.87752,-0.289608
10.9083,4.87661,-0.46371
10.9121,5.94629,-0.333604
10.7526,6.93622,-0.357454
10.881,7.93321,-0.378253
10.9026,8.88584,-0.641307
10.8739,9.90703,-0.547114
10.884,10.9106,-0.41724
10.9233,11.9032,-0.769457
11.0245,12.8902,-0.957356
10.9961,13.7198,-1.49704
11.0025,13.7289,-2.53521
10.9762,14.5457,-1.91438
10.9095,15.2456,-2.61504
10.9318,15.1322,-1.64715
10.8525,16.1509,-1.53154
10.9152,16.9884,-0.972329
11.0355,17.9943,-0.852971
11.0556,18.9772,-0.554454
10.9869,19.9416,-0.756902
11.0194,20.9249,-0.402817
11.0399,21.9476,-0.246336
11.089,22.9192,-0.0324503
11.0071,23.8334,0.386425
11.0159,24.8452,0.211704
10.9669,25.7549,-0.210825
10.918,26.7273,-0.00863674
10.9006,27.725,0.0921445
11.0228,28.688,-0.184783
12.0842,3.03832,0.109632
11.8296,3.97839,-0.0544115
11.9234,4.96286,-0.403925
11.926,5.94391,-0.481075
11.8284,6.94927,-0.453041
11.9464,7.93621,-0.346242
11.944,8.96264,-0.540397
11.911,9.99253,-0.449165
11.9498,10.9787,-0.577841
11.9952,11.9794,-0.795514
12.042,12.9156,-1.08877
12.0575,13.7835,-1.55312
12.0375,13.8122,-2.58765
12.0407,14.6003,-1.96273
11.9367,15.2312,-2.6954
11.9749,15.0724,-1.65794
11.8739,16.0675,-1.51962
11.842,17.066,-1.33324
11.9907,18.0502,-1.12795
12.0589,18.9212,-0.614408
11.9644,19.9575,-0.471044
12.0014,20.9155,-0.159703
12.0305,21.9118,-0.170855
12.0858,22.7936,0.253426
12.003,23.7789,0.0566851
12.0319,24.7454,0.307929
11.9222,25.7007,0.0319193
11.8233,26.6393,0.419321
11.9279,27.5926,0.0851436
12.0062,28.626,-0.0224677
13.0665,3.05791,-0.108234
12.8889,4.02411,-0.179495
12.9402,5.02326,-0.288925
12.937,6.01306,-0.497147
12.86,7.00143,-0.212006
12.953,8.00133,-0.390188
13.0161,9.031,-0.41865
12.9854,9.98781,-0.440538
13.0137,10.9642,-0.604688
13.0456,11.9549,-0.802637
13.0295,12.9867,-1.08704
13.1022,13.8686,-1.631
13.1038,13.8767,-2.68106
13.1144,14.7125,-2.08245
12.9557,15.3568,-2.84088
13.032,15.1657,-1.87617
12.8532,16.0782,-1.39824
12.8546,17.0244,-1.21413
13.0163,17.9437,-0.91608
13.0043,18.9311,-0.959035
12.9727,19.8756,-0.60932
13.0655,20.7561,-0.159429
13.041,21.8128,-0.197943
13.0683,22.8754,-0.0770775
13.0271,23.8896,0.123908
12.9746,24.8815,-0.0817316
12.8305,25.8779,-0.344392
12.8206,26.6746,0.280508
12.9365,27.6249,-0.213138
13.0549,28.6014,0.0874752
14.0529,3.14184,-0.13292
13.9176,4.11754,0.0772729
14.012,5.05429,-0.215174
13.9723,6.04537,-0.568239
13.9574,7.00367,-0.199301
13.9756,8.02743,-0.292557
14.026,9.02145,-0.485809
14.0084,10.0271,-0.587512
14.0592,11.0487,-0.745585
14.0358,11.9948,-1.01739
13.9987,12.9281,-1.29335
14.1384,13.8599,-1.64871
14.143,13.7865,-2.71678
14.1128,14.5858,-2.05468
13.9449,15.2411,-2.83908
14.0945,15.1522,-1.79919
13.8874,16.0094,-1.31385
13.8495,17.0526,-1.38469
14.0335,17.9878,-0.919962
14.065,18.9674,-1.09935
14.0439,19.8898,-0.696896
14.0611,20.8158,-0.375723
14.0921,21.8418,-0.265697
14.0329,22.796,0.233522
14.0223,23.7793,0.354649
13.9774,24.7497,0.123911
13.7789,25.707,-0.152165
13.8774,26.6397,0.145747
13.9583,27.5665,-0.224516
14.0622,28.5275,0.0472427
15.123,3.09247,-0.125752
14.9731,4.08755,0.0803522
15.0249,5.08389,-0.0790765
15.0555,6.0301,-0.379971
14.9669,7.01799,-0.222669
14.9873,8.06002,-0.41886
15.0847,9.07566,-0.433476
15.0371,10.0732,-0.557195
15.0943,10.9961,-0.918647
15.0276,12.0064,-1.06855
14.9884,12.9322,-1.50576
15.1326,13.9343,-1.67059
15.1259,13.8843,-2.66398
15.1646,14.615,-2.00276
14.9568,15.1971,-2.8678
15.0459,15.4457,-1.88503
14.8764,16.2719,-1.30124
14.773,17.2218,-0.953133
15.0241,18.18,-0.979495
15.015,19.1954,-0.914069
14.8995,19.8696,-0.1815
14.9981,20.8763,-0.0706565
15.1272,21.8715,-0.249162
15.1026,22.8372,0.176489
15.0193,23.8677,0.362346
14.9449,24.9166,0.311725
14.8003,25.8015,-0.227812
14.8421,26.7814,0.000665304
14.9801,27.7166,-0.17054
15.0451,28.6797,0.154936
16.125,3.07251,-0.134333
16.0004,4.05535,0.128257
16.1098,5.00625,-0.29205
16.0754,6.07299,-0.413044
16.0225,7.07934,-0.201984
16.015,8.08402,-0.378991
16.1033,9.09006,-0.396667
16.0905,10.1464,-0.473867
16.1601,11.1266,-0.780645
16.0681,12.0541,-1.08008
16.0616,13.073,-1.36234
16.1402,14.0298,-1.59989
16.1149,14.156,-2.5865
16.1514,14.9043,-1.90309
15.9353,15.2052,-2.80745
16.1409,15.57,-1.90828
15.872,16.3113,-1.24101
15.8425,17.2411,-0.908588
16.0734,18.2644,-1.00454
16.0627,19.1641,-0.592788
15.8742,20.0306,-0.0561327
16.0228,21.0555,0.0671957
16.1782,22.037,-0.140684
16.1322,23.0185,0.180224
15.9562,24.0291,0.0928465
15.994,24.9668,0.354424
15.8018,25.7934,-0.190274
15.8619,26.8123,-0.168938
15.999,27.8254,-0.143986
16.0393,28.6971,0.352846
17.157,2.97448,-0.112375
17.0009,4.02853,0.0993896
17.1393,4.95342,-0.205441
17.0978,5.98048,-0.238868
17.0746,7.02271,-0.184277
17.07,7.97131,-0.499939
17.1016,8.96091,-0.439903
17.1133,10.036,-0.561373
17.2211,11.0448,-0.815976
17.1144,12.114,-1.01462
17.0335,13.1212,-1.18574
17.184,14.0196,-1.55686
17.1363,14.3116,-2.54076
17.1284,14.9493,-1.75575
17.0161,15.0054,-2.74276
17.2072,15.6676,-1.97458
16.9102,16.3818,-1.26692
16.8284,17.3652,-0.814264
17.0159,18.354,-0.735707
17.0098,19.3885,-0.507013
16.7608,20.3518,-0.437346
17.0355,21.1738,0.0193518
17.1531,22.1731,0.103207
17.164,23.1448,-0.065096
17.0399,24.1771,0.140913
16.9647,25.1533,0.585302
16.8098,25.8852,-0.0245125
16.863,26.8893,-0.00549333
16.9825,27.8828,-0.320136
17.0304,28.4751,0.486709
18.1529,2.97271,-0.596689
18.0191,3.87846,-0.0962065
18.1838,4.85395,-0.0852718
18.1551,5.86809,-0.143529
18.0736,6.90876,-0.0710227
18.0606,7.92071,-0.153462
18.0892,8.794,-0.622669
18.2084,9.85951,-0.527165
18.1919,10.9222,-0.679998
18.1542,11.9162,-0.896466
18.0873,12.9152,-1.19792
18.1443,14.0043,-1.27758
18.1733,14.1876,-2.34355
18.1218,14.908,-1.67764
18.0818,15.0678,-2.65929
18.2206,15.7894,-1.88126
17.8784,16.4383,-1.11428
17.8788,17.3794,-0.76053
18.0534,18.3817,-0.834367
18.0095,19.3049,-0.508512
17.7202,20.2307,-0.340144
17.9574,21.2776,-0.500296
18.0967,22.2654,-0.390777
18.1747,23.2611,-0.295874
18.0889,24.2317,-0.00829493
17.9749,24.9856,0.637892
17.8252,25.8322,0.167797
17.8986,26.8056,0.0548357
17.9845,27.7343,-0.338447
18.124,28.5221,0.334974
19.1337,2.81394,-0.23451
19.0387,3.80548,0.114972
19.2203,4.70316,-0.287487
19.1968,5.70987,-0.312113
19.0736,6.6836,-0.0064333
19.0447,7.72928,-0.0796472
19.1625,8.71111,-0.491772
19.2214,9.6844,-0.661675
19.2294,10.7773,-0.613465
19.2448,11.7566,-0.922501
19.0896,12.7611,-1.02716
19.1422,13.7541,-1.21074
19.1062,13.8106,-2.2607
19.1716,14.6245,-1.61063
19.1189,15.0871,-2.47419
19.1091,15.4456,-1.55461
18.8645,16.3462,-1.15393
18.9235,17.257,-0.771932
19.0733,18.2624,-0.658504
19.0858,19.2203,-0.211856
18.7236,20.1695,-0.246391
19.0274,21.1455,-0.574926
19.1662,22.075,-0.262255
19.2256,23.1161,-0.0630177
19.0109,24.011,0.35396
19,24.9995,0.549293
18.8703,25.7804,-0.0444716
18.9317,26.7826,-0.0880612
18.9777,27.7381,-0.267296
19.126,28.563,0.324357
20.0807,2.46532,-0.497247
20.0135,3.34709,-0.038551
20.2215,4.37454,-0.097232
20.1685,5.37877,-0.366167
20.0562,6.3822,-0.158489
20.0284,7.40446,-0.190594
20.1252,8.33314,-0.631877
20.1874,9.34609,-0.803546
20.0898,10.3531,-0.992682
20.1386,11.371,-1.16675
20.0595,12.407,-1.11849
20.1737,13.4095,-1.1847
20.1202,13.6723,-2.15717
20.1354,14.3836,-1.46494
20.1435,14.9661,-2.26092
20.0652,15.3471,-1.30878
19.9112,16.3181,-1.05509
19.9709,17.2094,-0.596857
20.0768,18.2397,-0.670586
20.0393,19.2543,-0.570196
19.7265,20.2335,-0.500333
19.9938,21.2556,-0.707288
20.1521,22.2024,-0.314457
20.2095,23.0646,0.0806146
20.0331,24.0218,0.151885
20.013,24.9598,0.633009
19.9516,25.7347,0.000817896
19.9496,26.6792,-0.33152
19.9752,27.6529,-0.262545
20.1226,28.4707,0.342994
21.111,2.31426,-0.458409
21.1235,3.23505,-0.129728
21.2033,4.24691,-0.328684
21.2905,5.28422,-0.282968
21.0572,6.21371,-0.0630543
21.0572,7.22452,-0.237495
21.1106,8.08824,-0.774715
21.17,9.10264,-0.775832
21.0765,10.1291,-0.651857
21.0868,11.1034,-0.842701
20.8713,12.0443,-0.622828
21.0715,12.9439,-0.92736
21.021,13.1812,-1.89428
21.0839,14.0192,-1.26826
21.1498,14.7888,-1.9659
21.0665,15.3451,-1.12199
20.9526,16.3209,-1.05898
21.0261,17.279,-0.645308
21.0715,18.2957,-0.746782
21.0788,19.2189,-0.469622
20.7472,20.1847,-0.573687
21.0127,21.125,-0.684912
21.1706,22.1322,-0.534465
21.0983,23.0909,-0.379342
21.0604,23.8104,0.346718
20.9973,24.7992,0.640608
21.0637,25.6332,0.11218
20.9496,26.6102,-0.134336
20.9683,27.5475,-0.324006
21.114,28.291,0.343559
22.1231,1.99317,-0.454088
22.0864,2.91779,-0.109735
22.2126,3.88403,-0.387582
22.186,4.90524,-0.619031
22.0335,5.87516,-0.264815
22.1115,6.87876,-0.248421
22.1135,7.74385,-0.765221
22.1689,8.76218,-0.710657
22.0105,9.74853,-0.405194
22.0169,10.699,-0.662578
21.9088,11.7231,-0.566552
22.0921,12.6851,-0.879543
22.0087,13.0736,-1.76298
22.0931,13.7803,-1.10822
22.1151,14.6489,-1.65487
22.1642,15.414,-1.01632
22.0387,16.4275,-1.05037
22.0428,17.2854,-0.576379
22.0502,18.2593,-0.439189
22.0892,19.209,-0.657131
21.7438,20.1386,-0.424436
22.0261,21.0895,-0.568664
22.2102,22.0922,-0.491244
22.0263,22.9594,0.00322886
22.0825,23.7804,0.513141
21.9673,24.769,0.276113
22.0612,25.7435,0.0571306
21.9363,26.6067,-0.410236
21.9649,27.5203,0.0403607
22.0882,28.4157,0.463652
23.1559,1.75599,-0.439058
23.1376,2.72304,-0.162987
23.2534,3.61665,-0.608664
23.1167,4.55822,-0.37673
22.9938,5.51666,-0.241127
23.0543,6.55654,-0.223823
23.126,7.46354,-0.631462
23.1521,8.48421,-0.478933
22.9514,9.4682,-0.212986
22.9471,10.4269,-0.570525
22.8603,11.4098,-0.481146
23.061,12.3793,-0.70604
23.0164,12.9174,-1.53691
23.1485,13.7121,-0.874725
23.2067,14.5427,-1.4773
23.1303,15.2099,-0.718128
22.9946,16.1572,-1.12553
23.0278,17.2091,-0.956001
23.0943,18.1098,-0.538414
23.0266,19.0478,-0.400031
22.7491,20.0495,-0.408808
23.0497,21.008,-0.584017
23.116,21.8676,0.0186224
23.0818,22.8513,0.12179
23.0803,23.8277,0.169604
22.9664,24.8463,0.0619953
23.0578,25.7668,-0.294021
22.9858,26.7514,-0.387902
22.9209,27.746,-0.176235
23.1209,28.5706,0.366155
24.1126,1.58642,-0.22794
24.2284,2.58614,-0.224906
24.2891,3.46392,-0.682299
24.1431,4.39947,-0.246504
23.9393,5.29387,-0.472109
24.0759,6.25086,-0.329646
24.1629,7.2332,-0.563451
24.121,8.22444,-0.443022
23.9475,9.21281,-0.160924
24.0049,10.1971,-0.458705
23.9281,11.1951,-0.515363
23.9615,12.1809,-0.348195
24.0266,12.744,-1.24416
24.1489,13.6657,-0.851393
24.2214,14.4982,-1.3981
24.1299,15.2215,-0.706241
23.9694,16.2087,-0.799823
24.0245,17.1921,-0.642546
24.068,18.1053,-0.246886
24.0347,19.1231,-0.185971
23.7835,20.1635,-0.295315
24.0682,21.0181,-0.789554
24.1028,21.9174,-0.354415
24.1016,22.8369,0.0940428
24.1085,23.8254,0.246474
24.0084,24.7641,-0.0405713
24.0411,25.7301,-0.234379
24.0241,26.7402,-0.0937986
23.9857,27.7861,0.0108646
24.1513,28.6617,0.471148
25.0388,1.31484,0.0380566
25.1832,2.23076,-0.313602
25.2756,3.18657,-0.700488
25.0412,3.95505,-0.0827143
24.9027,4.909,-0.401752
25.0865,5.87797,-0.266167
25.1702,6.87727,-0.52783
25.0621,7.85603,-0.677938
24.9117,8.84075,-0.397543
24.9978,9.87469,-0.32472
24.958,10.8737,-0.264678
24.9489,11.8588,-0.183584
25.0023,12.4465,-1.01675
25.1408,13.4472,-1.03517
25.1657,14.4373,-0.968264
25.0987,15.2907,-0.425047
24.9389,16.2603,-0.64485
25.0335,17.2663,-0.45912
25.0723,18.1642,-0.0753105
25.0703,19.1995,-0.13639
24.7879,20.1679,-0.141459
25.0713,21.081,-0.455058
24.9794,21.8954,0.222761
25.0536,22.8677,0.293689
25.14,23.9266,0.401941
25.0062,24.7316,-0.248671
25.0591,25.7149,-0.363134
24.9941,26.6949,-0.192224
25.0034,27.7359,-0.143626
25.1147,28.678,0.119764
26.0172,1.1405,-0.0907163
26.1657,2.12135,-0.132209
26.2721,2.963,-0.675231
26.0749,3.69922,-0.0495071
25.927,4.62512,-0.382937
26.0652,5.65331,-0.285052
26.1622,6.66567,-0.318497
26.0729,7.69302,-0.532356
25.9032,8.67013,-0.210511
26.0672,9.62837,-0.267217
25.9034,10.5937,-0.0774102
25.97,11.6213,-0.0553697
25.9824,12.2241,-0.892892
26.049,13.1864,-0.643883
26.0956,14.1859,-0.742354
26.1499,15.228,-0.63253
25.9263,16.1318,-0.209299
26.0109,17.0722,-0.526386
26.1074,17.9928,-0.19548
26.0528,19.0086,-0.152962
25.8707,20.0257,-0.0808649
26.0645,20.9631,-0.336457
25.975,21.9089,-0.125779
26.0409,22.8704,0.119089
26.1299,23.8661,0.217542
25.9838,24.864,0.0899014
26.0101,25.9355,0.0950652
26.0844,26.8921,-0.162905
25.9985,27.9439,-0.131281
26.1084,28.9409,-0.021308
27.0356,0.832441,-0.00777001
27.1248,1.81333,-0.245222
27.3014,2.74138,-0.594229
27.0153,3.4286,0.0966765
26.994,4.37977,-0.23144
27.0079,5.36691,-0.143416
27.1688,6.37501,-0.199786
27.074,7.38765,-0.330772
26.9044,8.4089,-0.21666
27.0283,9.39309,-0.105844
26.9188,10.3893,-0.0327799
26.9436,11.3914,-0.0328715
26.9986,12.1926,-0.627833
27.0089,13.1229,-0.151875
27.1145,14.1394,-0.418638
27.1304,15.1299,-0.281924
26.8991,16.0763,-0.0281777
27.0141,17.0176,-0.42981
27.1006,18.0706,-0.41178
27.0392,19.047,-0.334071
26.9376,20.0328,-0.174807
27.047,21.029,-0.306012
26.9848,21.9313,0.20499
27.0001,22.9146,-0.116355
27.0876,23.9546,-0.0405866
27.0221,24.9412,-0.0229255
26.9816,25.941,0.0696677
27.147,26.9215,-0.0808557
27.0331,27.9008,-0.259471
27.1409,28.869,-0.17969
28.0245,0.464095,0.0447645
28.0528,1.45453,-0.118616
28.2215,2.36309,-0.493121
28.0393,3.2134,0.0469314
28.0123,4.22253,-0.00505081
28.0452,5.23929,-0.000979644
28.1625,6.25315,-0.172713
28.0468,7.24971,-0.197455
28.0101,8.25264,-0.0739738
28.0912,9.28983,-0.148183
28.0267,10.2924,-0.153407
27.9928,11.2437,0.0430616
28.0349,12.1498,-0.371917
28.0801,13.1711,-0.202106
28.0978,14.1489,-0.0414411
28.0196,15.1154,0.315757
27.9607,15.9864,-0.245509
28.0252,17.0393,-0.347298
27.9456,17.9723,0.104282
28.0263,18.9584,-0.0978881
27.9476,19.9864,0.0633168
28.084,20.9573,-0.19776
28.0397,21.9607,0.118458
27.9774,22.9465,0.166683
28.1165,23.8601,-0.330406
28.0364,24.8696,-0.222065
28.0018,25.8477,-0.0200659
28.1388,26.8426,0.163445
28.0339,27.8626,0.0747337
28.0992,28.7918,-0.423948
28.9741,0.179134,0.102557
29.027,1.09469,-0.263723
29.0781,2.0593,-0.0742698
29.0311,3.05589,0.0885769
29.0392,4.06246,0.104523
28.9918,5.04395,0.304584
29.0952,6.06801,0.124906
29.0108,7.06062,0.0850795
29.0224,8.05303,0.154723
29.0851,9.05255,-0.104602
29.0284,10.0895,-0.050322
29.0171,11.1091,0.215455
29.0138,12.0364,-0.262993
29.0215,13.0135,0.161034
29.0967,14.0116,0.14904
29.0061,15.0104,0.0230628
28.9176,16.0111,0.109732
29.0256,16.9306,-0.144606
29.0233,17.93,0.073281
29.0243,18.9203,0.0597858
29.0203,19.93,0.143532
29.0289,20.9439,-0.0303995
29.0315,21.9689,0.0596728
29.0192,23.02,0.0921812
29.0243,23.9941,0.182342
29.0343,24.9616,-0.0797082
29.0081,26.0047,-0.0996612
29.1077,27.011,-0.121961
29.0122,28.0029,0.0810266
29.0523,28.9781,-0.0634632
