3.53521,3.92519,0.360704
2.49265,3.9062,0.263747
3.11118,4.75063,0.530595
3.32779,5.67995,0.894455
2.74874,6.38874,0.448766
2.58536,7.02259,-0.289419
1.84446,6.40414,0.0826502
1.93367,6.71893,1.08166
1.18532,7.40706,1.18875
1.91715,6.98948,1.75662
3.66937,3.20101,-0.339384
2.77537,3.52412,-0.625071
2.67674,3.85339,0.319263
2.91747,4.81045,0.59335
3.3758,5.62579,0.171545
2.4603,6.03644,-0.0556597
2.58821,6.8801,0.582733
2.8198,6.19575,1.24006
2.06518,6.8285,0.981091
2.79245,6.46222,1.61813
2.77958,3.46618,-0.73657
3.23612,2.79942,-0.0684561
3.56584,3.72795,-0.210224
3.65833,4.72602,-0.118235
3.19625,4.78157,0.728416
2.3447,5.128,0.441618
2.93074,5.93916,0.40228
3.72149,6.43628,0.833403
3.00318,7.08969,0.532838
3.43303,6.22947,0.872024
3.58783,3.28947,-0.0629658
4.18758,2.45705,-0.239531
4.43618,3.36957,0.090878
4.35936,4.26919,0.471859
3.69099,4.7479,-0.137678
3.24544,5.54751,0.355843
2.80833,5.53803,-0.54644
3.59076,5.87747,0.00704367
3.69798,6.40855,0.86841
3.34663,6.6515,1.78224
4.09182,2.45506,0.0222114
4.92529,1.89847,0.187661
5.34927,2.85648,0.0403211
4.61958,3.51168,-0.182968
3.81379,3.89415,-0.632621
3.52048,4.71345,-0.0850337
3.80238,5.61807,-0.457207
4.55932,6.11549,0.0434431
4.66121,6.56209,0.949345
3.75421,7.04623,0.960872
4.46772,2.742,-0.90015
5.32074,2.67002,-0.386789
5.37839,3.69418,-0.561116
5.21641,4.14471,0.369012
4.63526,4.44466,-0.377529
4.33936,5.25088,0.129255
4.60648,6.17434,-0.120078
5.41678,6.23884,0.488568
5.16621,7.23718,0.438798
4.22953,7.62034,0.304047
5.00007,1.93942,-0.658275
5.75872,1.85634,-0.0153813
5.43119,2.68112,-0.506299
5.11871,3.64706,-0.493896
5.30482,4.23941,0.328031
5.32398,5.13266,-0.0863063
5.63318,6.06251,-0.234419
5.47515,7.06469,-0.0877651
4.57695,6.52539,0.0513627
4.86405,7.07102,0.858705
5.49028,2.12587,0.250969
6.33379,2.67674,0.170617
5.5027,3.22043,0.299384
5.91929,4.0894,-0.00204169
5.85499,5.07994,0.173354
5.94464,5.91547,-0.361107
6.36475,6.77092,-0.0190069
5.77659,6.32846,-0.761669
5.21543,7.10332,-0.519883
5.51408,7.61427,0.309265
5.90176,2.50855,-0.52588
6.13215,3.4985,-0.381954
5.3485,4.1428,-0.0962371
5.72981,5.05219,0.163414
5.53433,5.8534,-0.380477
5.82937,6.40343,0.508948
5.53506,7.30063,0.19715
6.30426,6.71447,-0.0133854
6.18694,7.21524,-0.932185
6.16057,8.02062,-0.369036
6.65585,2.28114,0.0780267
6.28722,2.58995,-0.819559
5.58293,3.14964,-0.268325
5.5234,4.11884,-0.0835017
5.04506,4.90739,-0.38815
5.53291,5.39501,0.375192
5.24761,6.34074,0.20007
5.47031,7.12481,-0.44662
5.90506,6.24888,-0.743663
5.61835,7.19084,-0.522398
