-0.00368664,0.0054384,0.00897855
0.999762,0.0244148,0.0471938
2.05721,0.0231788,0.031547
3.05096,-0.0121525,0.227918
4.04104,0.0399701,-0.0430952
5.0822,-0.00810877,0.0966308
6.06182,-0.00394299,-0.144401
7.05446,-0.0030427,-0.277429
7.97638,0.0146458,0.080755
8.9294,-0.0051912,0.36888
9.96491,0.0226814,0.187432
11.0122,0.00833766,-0.000128178
12.0157,0.0251015,0.056859
13.0762,0.0141514,0.149684
14.1444,-0.0330241,0.233573
15.1137,0.0584368,-0.0960784
15.9879,-0.0514725,0.379229
16.9905,-0.0766564,0.439381
17.996,-0.0071688,0.249651
19.0306,0.039021,0.205951
-0.0271065,0.977953,-0.151665
0.939686,1.05326,0.0698965
1.93084,1.04704,0.337941
2.96832,1.02579,0.205017
4.03974,0.998981,0.144646
5.03511,1.04,0.206793
5.99572,0.96285,0.0674429
6.96535,1.0399,-0.244523
7.98471,1.02919,-0.0927702
9.02641,0.922388,-0.0970946
9.9963,1.05777,0.165502
11.086,0.988165,0.142143
12.044,1.02797,0.396912
13.0287,0.998221,0.353395
13.9981,0.926664,0.496304
14.9049,1.00345,0.129713
15.9854,0.954122,0.201566
17.0477,0.933927,0.26346
18.0528,0.984008,0.377197
18.9425,1.01989,-0.0748589
0.00990631,1.99457,-0.210321
1.02475,2.06845,-0.00772729
2.04357,1.9849,0.0266945
2.97577,2.0214,0.416431
3.97892,1.95577,0.441014
5.02384,2.04645,0.260265
5.97552,1.98299,-0.0620441
6.99939,2.02791,-0.157698
8.00125,2.11571,-0.0426099
8.9946,1.98406,-0.227845
9.99254,2.05286,-0.0617908
10.9799,1.95711,-0.173992
11.9303,1.96316,0.135658
12.99,1.97837,0.363878
13.9809,1.92416,0.384433
14.9449,1.9975,0.144581
15.9078,1.9531,0.41746
16.9754,1.94796,0.403378
17.9265,1.92518,0.0835261
18.9619,2.03027,-0.0126225
-0.0313639,2.96519,-0.332582
0.983801,3.11617,-0.0927702
1.98915,2.97446,-0.119181
2.99715,2.9905,0.1094
4.03085,2.95214,0.19039
5.01609,3.02925,0.229908
5.9798,3.01049,-0.000335704
6.9884,3.01696,-0.0533891
8.03106,3.13502,-0.154845
9.02133,2.99643,-0.0538163
10.0122,3.09378,-0.00300302
11.0175,2.95973,-0.165828
12.0363,3.01869,0.0505875
12.9958,2.99783,0.297992
13.9847,2.96168,0.362065
14.9681,2.98232,0.113269
15.9807,2.88324,0.0304636
16.979,2.8747,0.0439711
17.9894,3.00681,0.156044
18.9927,3.06112,-0.00425123
-0.0282601,3.96601,-0.307138
0.969323,4.15234,-0.215754
1.95698,3.95737,-0.250404
2.9293,3.98058,0.0282723
3.9531,3.95679,0.269948
4.963,4.00478,0.311921
5.91691,4.02177,-0.111371
6.90174,4.04805,-0.255144
7.88624,4.1241,-0.220542
8.89062,4.00967,-0.362264
9.88892,4.09761,0.00396435
10.8717,3.92563,-0.0076693
11.8664,4.03361,-0.123103
12.9172,3.91301,-0.173751
13.924,3.94261,0.0569506
14.9673,3.99094,0.119639
15.9577,3.91046,-0.0451796
16.9906,3.9317,0.0160497
17.9621,3.89557,-0.28157
19.0013,4.08607,-0.0475173
-0.0221778,5.00816,-0.0193945
1.02807,5.14086,-0.116593
2.0242,4.97703,-0.229762
3.00189,5.01864,-0.0909055
4.01326,4.99821,0.13589
5.06499,4.93486,-0.0189337
6.08822,5.00716,0.171371
7.08712,5.0598,-0.0386395
8.06826,5.16341,-0.268593
9.06227,5.0345,-0.440715
10.068,5.05758,-0.318442
11.0729,4.87435,-0.26389
11.9813,4.94322,0.181332
13.0305,4.9322,0.114859
14.0803,4.93342,0.15699
15.1117,4.98113,0.0513993
16.0562,4.82286,0.39646
16.993,4.92998,-0.0537034
18.0304,4.92351,-0.163906
19.0094,5.06439,-0.251176
0.0334635,6.02467,-0.08211
1.06398,6.10538,-0.421097
2.0381,6.01231,-0.0640187
3.06122,6.01201,-0.045497
4.04051,5.98662,-0.217423
5.06794,5.94908,-0.283572
5.99305,6.01835,0.158895
7.03161,6.07772,0.0256813
8.05584,6.07108,0.144646
9.04743,5.97219,-0.020246
10.1338,6.08272,-0.248848
11.1263,5.85843,-0.451341
12.138,5.95773,-0.178344
13.1105,5.94147,-0.083816
14.1104,5.95625,-0.0445845
15.102,5.99271,0.105097
16.0018,5.81494,0.504212
17.0082,5.90951,0.332487
18.0516,5.88274,0.162294
19.0219,6.06114,-0.190017
-0.00395215,7.01631,0.019248
1.04191,7.05527,-0.0118931
2.05781,7.03162,-0.122266
3.03789,7.04791,-0.0198004
3.97786,7.00709,-0.309372
5.02221,6.97774,-0.240281
6.03207,7.03566,-0.0543626
7.00793,7.11288,0.0895291
7.9865,7.0822,0.094937
8.99725,7.00772,0.0765465
10.0221,7.04436,-0.144319
11.0149,6.8928,-0.242045
12.0712,7.0041,-0.216703
13.0973,6.97424,-0.0554765
14.0879,6.95261,0.1695
15.0867,6.99355,0.143617
16.0802,6.7869,0.124473
17.0596,6.88143,0.0748527
18.0683,6.86604,0.262889
19.0013,7.0543,0.0382977
0.0430677,7.99191,-0.256288
1.00851,8.05881,-0.0854793
1.95578,8.03857,0.0926572
2.93706,8.03884,-0.126072
3.96258,8.05163,-0.340333
4.95672,7.97014,-0.170568
5.94445,8.05184,0.119007
7.00665,8.13847,0.0424787
7.99897,8.08844,0.203772
8.96054,8.00014,-0.0185339
9.97284,8.09614,-0.0737846
10.9719,7.93779,-0.12017
11.9751,7.96702,0.0599292
13.0422,7.96481,-0.151292
14.0323,7.99637,0.182458
15.0584,7.96686,0.056917
16.0589,7.82811,-0.046205
17.0377,7.92272,0.0947539
18.0585,7.80321,-0.0829524
18.9959,8.02738,-0.316102
-0.0245277,9.05779,-0.272875
0.974535,9.01325,-0.377685
1.98599,9.01137,-0.163582
2.96623,9.02205,-0.397613
4.01411,9.03424,-0.378805
5.06245,8.9857,-0.10315
6.03904,9.00152,-0.169424
7.05316,9.11654,-0.350566
8.00506,9.11041,0.0403272
9.01369,8.99167,0.0323984
10.0154,9.09125,-0.0818049
10.9765,8.96923,0.0983612
11.9611,9.01416,0.0919462
12.9916,9.03988,-0.169649
13.9185,9.02522,0.17535
15.0097,8.98085,0.167467
16.0407,8.86233,0.0381817
17.0469,8.93892,0.0843074
18.0594,8.79723,-0.11568
19.0176,9.02109,-0.285406
0.0433302,10.0757,-0.11171
1.01081,10.0375,-0.424714
1.9787,10.0154,-0.0671926
3.00017,9.90188,0.0569628
3.97281,9.96632,-0.114908
4.99003,9.98587,-0.289676
6.02152,10.0126,-0.318592
6.9836,10.12,-0.383551
7.9088,10.1116,0.00553606
8.92324,10.0323,0.0905301
9.91536,10.0756,0.0738365
10.9261,9.99098,0.0523087
11.9055,10.0106,-0.044322
12.9182,10.047,0.0626331
13.961,10.0417,0.192267
15.0103,9.95098,0.227692
16.0116,9.91399,0.00444044
16.9955,9.96406,0.128999
18.0005,9.8187,-0.0413343
18.9834,9.97693,0.103989
-0.0116855,11.0914,-0.0800592
0.968239,10.9149,0.0513474
2.03578,11.0447,-0.0280923
2.98625,10.9166,0.263515
3.98802,11.0008,-0.0401959
4.9757,10.896,0.143855
6.02065,10.8498,0.224891
7.03345,11.0245,0.0423383
8.01794,11.0999,0.172439
8.99181,11.0288,0.0577258
9.96955,11.0887,0.208057
10.9732,10.992,0.0736229
11.9532,11.0204,0.0408032
12.892,11.0163,-0.180264
13.8973,11.1296,-0.0103854
14.8917,10.9477,0.117829
15.9429,10.9336,0.118238
16.9996,10.9443,0.225742
18.0161,10.8902,0.15045
19.0234,11.0097,-0.0399487
-0.0342936,12.0903,-0.245189
0.983663,11.9341,0.0043611
1.96984,11.9966,0.321696
2.95385,11.9024,-0.0901425
3.96302,12.0496,-0.172848
4.91699,11.9024,0.0714072
5.98223,11.8783,0.113874
6.9733,12.0335,-0.123014
8.03223,12.1204,-0.00621967
9.06496,12.0159,-0.0567522
9.98838,12.0712,0.360381
10.9565,12.0573,0.156609
11.9693,11.9885,0.134217
13.001,11.9788,0.276028
14.0399,12.1087,0.228089
15.0088,11.8815,0.431394
16.0028,11.9536,0.39397
16.9532,11.9315,0.0673574
17.9516,11.906,0.013007
18.9719,12.0318,-0.0517472
0.0185949,13.0945,-0.3537
1.0589,12.9613,-0.0970763
1.99764,13.0512,0.312781
2.90581,12.9015,-0.135533
3.87912,13.0735,-0.0874172
4.87577,12.9057,-0.109052
5.8865,12.8436,-0.106375
6.86767,13.044,0.00146489
7.87019,13.1532,0.141359
8.91119,13.029,0.0998291
9.97761,13.0453,0.0468398
10.9081,13.0258,0.345613
11.8737,13.0261,0.0970641
12.8782,12.9574,0.338847
13.908,13.1166,0.474731
14.8798,12.9162,0.321476
15.9551,12.9821,0.164513
16.954,12.9295,0.180065
17.9495,12.9019,0.228657
18.969,12.9891,0.181359
-0.0556505,14.08,-0.261608
0.942048,13.9422,-0.227335
1.96611,13.9403,-0.0475387
2.92473,13.87,-0.404392
3.90201,14.0376,-0.328111
4.88903,13.9197,-0.364373
5.88963,13.8709,-0.197742
6.88727,14.0503,-0.201254
7.87196,14.146,-0.0387036
8.88732,14.0567,0.083874
9.91911,14.0387,-0.0428022
10.9353,13.9686,-0.0307566
11.9733,14.0817,-0.0415143
12.9373,13.9575,0.16957
13.9363,14.0789,0.159447
15.0142,13.8965,0.0947722
16.0225,13.937,-0.146117
16.9968,13.903,-0.0642872
17.968,13.901,-0.0300058
18.9927,13.9535,-0.0697165
-0.00352489,14.9443,0.192196
1.03499,14.9027,0.0730522
2.04005,14.9722,-0.106046
3.03458,14.9587,-0.387439
4.01823,15.0082,-0.0879513
5.01707,14.8416,-0.0481399
6.04496,14.8774,-0.183023
7.05758,15.0584,-0.242039
8.06037,15.1481,-0.0465072
9.06268,15.0889,0.140092
10.0561,15.0291,0.201556
11.0106,14.9833,-0.0391614
12.0069,15.0309,0.29306
13.0117,14.9479,0.0830287
13.9945,15.0839,0.0456038
15.0113,14.9608,0.244597
15.894,14.9386,-0.168911
16.9238,14.9062,-0.0617237
17.9528,14.9636,-0.29584
19.0084,14.9337,-0.129279
0.0264077,15.995,0.161721
1.03191,15.9114,0.258867
1.96311,15.9514,-0.196945
2.95402,15.9875,-0.282214
3.93611,16.0097,-0.156261
4.91176,15.8653,0.00937529
5.94905,15.9228,-0.0331156
6.94993,15.9887,0.214875
7.92233,16.0153,0.444932
8.98313,16.0919,0.330079
9.95793,16.0283,0.118336
10.972,16.0091,0.283181
11.9897,16.1018,0.216385
12.9903,15.9646,0.0434675
13.9605,16.0717,0.0287973
14.9353,15.9365,-0.0312998
15.9258,15.9574,-0.205286
16.9354,15.9133,-0.147118
17.9585,15.9383,-0.228758
18.9826,15.9241,-0.0254921
-0.00208136,17.0289,0.169372
1.00672,16.9455,0.0864681
1.98378,16.9525,-0.157955
2.95401,16.966,-0.371929
3.94736,17.0122,-0.329701
4.93883,16.8937,-0.115656
5.96684,16.9212,0.0801691
7.01924,16.9836,0.195853
8.02512,17.0296,0.419562
8.98625,17.1006,0.0800989
10.0129,17.0445,0.0724937
11.011,17.0271,0.0146855
11.9771,17.0951,0.285458
12.9645,16.958,0.177789
13.9743,17.0716,0.279733
14.884,16.9857,-0.0900082
15.9087,16.9529,-0.0270669
16.9276,16.9239,-0.0591357
17.9709,17.0129,-0.165413
19.0244,16.9266,-0.144124
0.0170019,18.0475,0.19913
1.02738,17.9447,0.334898
1.97562,17.9819,-0.148833
2.9873,18.0163,-0.134349
4.00107,18.0107,-0.327662
5.01738,17.9631,-0.0738029
6.01483,17.9225,0.186077
7.04537,17.9848,-0.0233833
7.98654,18.0241,0.335179
8.97238,18.0592,0.349721
9.98031,18.028,0.310978
10.9666,18.0052,-0.0669973
11.9506,18.0404,0.0419996
12.9664,17.993,0.107627
13.9359,18.0781,0.310419
14.9392,17.9606,0.154839
15.97,17.9771,0.0510727
16.9998,17.9414,-0.0262429
18.0303,18.0205,-0.250444
18.9917,17.9728,-0.138386
0.0160833,19.0139,-0.0367443
1.06547,18.9935,0.0878994
1.99128,19.0047,-0.311155
2.99776,19.0102,-0.185443
3.98714,18.9723,-0.0295877
4.95977,18.9978,-0.197382
5.96919,18.9341,0.0214759
6.98485,19.0092,0.276699
8.03186,19.0356,0.116758
9.08913,19.0084,-0.0268136
10.0978,18.9944,-0.0706717
11.0749,19.0007,0.120917
12.083,19.0258,0.253331
13.0891,19.02,0.0621143
14.1026,18.9878,-0.124342
15.0902,18.9469,0.033491
16.1117,18.996,-0.000326548
17.1065,18.9957,0.194501
18.0191,19.0217,-0.221549
19.013,18.9395,0.103595
