3.62245,4.77902,-0.160799
3.06427,4.08272,0.379797
3.14164,5.07136,0.724198
2.49514,5.75651,0.314133
2.84437,6.69742,0.342039
2.00595,6.80042,-0.191034
1.98209,6.11515,0.503928
2.05537,7.07147,0.751964
1.24343,7.20083,1.33785
2.14522,6.94955,1.83768
3.57494,4.18534,-0.968789
2.74318,3.78126,-0.58652
3.07383,4.64651,-0.191858
3.14767,5.10493,0.726847
3.36548,5.88438,0.118845
2.34583,5.88476,0.0594073
2.73556,6.77616,0.178576
2.68245,6.33919,1.17794
2.27129,7.20727,1.50548
3.04707,6.56843,1.59094
2.82755,3.54565,-0.923838
3.46865,3.11077,-0.33379
3.65202,3.92664,0.216581
3.53877,4.91058,-0.206934
3.66541,5.21888,0.75327
2.74271,5.03591,0.495807
3.1669,5.92569,0.294522
3.66898,6.37544,1.11639
3.07024,7.12315,0.8768
3.64448,6.31325,0.795663
3.5951,3.01086,-0.542409
4.05638,2.58761,0.284692
4.52175,3.42645,0.125745
4.1496,4.35246,0.302454
3.49503,4.92395,-0.168014
3.36767,5.77903,0.359734
3.11226,5.6623,-0.647056
3.37412,5.84115,0.293973
3.88772,6.55613,0.767528
3.50815,6.77419,1.66178
4.24377,2.80144,0.201761
4.9002,2.15306,0.625117
5.17483,2.68843,-0.23311
4.6198,3.55526,-0.0692373
3.77448,3.99454,-0.438813
3.54218,4.98067,-0.307831
4.09935,5.72355,-0.664037
4.36612,6.14309,0.241978
4.85191,6.69887,1.03056
3.98987,7.12954,0.841212
4.01739,3.15479,-0.685574
4.85292,2.69103,-0.264339
5.14326,3.55423,-0.688943
5.3826,4.30286,0.0181768
4.63857,4.54059,-0.631953
4.31729,5.5077,-0.58677
4.86387,6.34388,-0.513529
5.32491,6.1497,0.358312
5.19314,7.16836,0.182888
4.2654,7.22009,-0.115891
4.7988,2.59305,-0.354009
5.58645,2.04622,-0.597955
5.96476,2.95448,-0.700644
5.24037,3.66841,-0.752083
5.23882,4.24209,0.0892392
5.19907,5.19671,-0.159832
5.67635,6.07427,0.0784478
5.29907,7.02443,-0.167467
4.35767,7.25123,-0.394967
5.20337,7.67949,0.0598621
5.59198,2.53042,0.378802
6.14978,2.87152,-0.386465
5.23319,3.24114,-0.113956
5.82714,4.03137,-0.00897244
5.70951,4.99749,-0.3713
5.86759,5.94158,-0.0493301
5.97965,6.87288,-0.463936
5.21621,6.29572,-0.853914
5.36246,7.20851,-0.363152
6.17166,7.3849,0.217811
5.83628,2.83855,-0.546956
6.26818,3.72619,-0.881497
5.92068,3.99362,0.0561785
5.94004,5.03128,0.0541276
5.2382,5.75983,0.0698141
5.49131,6.46755,0.720698
5.09392,6.97664,-0.0405622
5.88355,6.35255,-0.0999878
6.29146,6.99847,-0.736839
6.45379,7.9995,-0.580477
6.63905,2.32035,-0.276308
6.44946,2.78744,-1.14879
5.73493,3.20266,-0.582488
5.99316,4.16175,-0.422779
5.21194,4.76552,-0.234587
5.64931,5.65838,0.0786187
5.28174,6.24116,-0.691189
5.80791,7.06271,-0.826658
5.96287,6.10476,-1.05089
6.23394,7.02581,-0.69241
