-0.00158086,0.0208991,0.0189825
1.01041,0.032136,0.222694
1.95213,-0.0121586,0.0350597
2.93066,0.0184118,0.10105
3.89448,-0.022071,0.349705
4.88893,-0.0298441,0.217704
5.92129,-0.0206641,0.148018
6.97387,0.000799585,0.233406
7.83794,-0.0428999,-0.259459
8.87583,-0.021128,-0.267077
9.82287,-0.00890835,0.16003
10.8684,-0.0211554,0.0569475
11.8884,0.0187078,0.104727
12.9369,0.00368969,0.0828974
13.9514,0.00371105,0.153453
14.9301,-0.032548,0.239476
15.8641,0.00376598,-0.135331
16.907,0.0171056,-0.220646
17.9363,0.0664083,-0.239058
19.0011,-0.0145604,-0.137947
-0.00271615,1.03349,0.148357
1.01206,1.01582,-0.0944456
2.01299,1.03841,0.107785
3.00214,1.01799,-0.127137
4.07052,0.942784,0.119736
5.01583,0.995746,0.541758
5.9931,1.00341,0.339302
6.99898,1.02192,0.240535
7.97711,0.818107,0.178744
8.99927,0.886962,0.10105
10.0169,0.970473,0.12035
11.0113,0.977108,0.0980041
11.9749,1.01435,0.335658
13.025,0.998224,0.207581
13.9792,1.00518,0.498001
14.952,0.950606,0.146522
15.974,1.01096,0.0117557
16.9998,0.974245,0.0169469
18.0028,0.985958,0.203482
18.9505,1.00084,-0.197217
-0.00533769,2.01278,-0.118897
0.943345,1.99324,0.159185
1.96154,2.01913,0.199457
2.91326,2.02308,-0.101004
3.91485,1.92685,0.0260933
4.87167,1.9512,0.230192
5.88413,2.03093,0.356236
6.86366,2.01554,0.0904935
7.86319,1.89978,0.189404
8.8452,1.88145,0.215455
9.89574,1.98345,0.327134
10.9074,1.94143,0.294723
11.8505,1.96936,-0.0835871
12.8209,1.98733,0.0977905
13.8793,2.02553,0.41569
14.9288,2.03182,0.311496
15.9329,1.88728,0.519654
16.9639,1.93,0.418879
18.0047,1.96596,0.215738
18.9921,2.02867,-0.0209204
0.0102176,3.03988,-0.219379
0.984219,3.0156,0.133607
1.99935,2.97492,-0.188217
2.98737,3.03348,0.075988
4.05241,2.96024,-0.00463576
4.96613,2.99514,0.386831
5.90116,3.02028,0.0468825
6.94558,3.04193,0.205029
7.95239,2.91115,0.109577
8.94212,2.84998,-0.0598376
9.95153,2.88867,-0.0373638
10.9728,2.90598,-0.0590075
12.0077,2.96686,-0.255547
12.9963,3.01118,-0.142784
14.0237,2.92976,-0.0260231
15.0113,3.01726,0.201862
15.9576,2.92747,0.425956
16.9507,2.92054,0.188821
17.9443,2.95846,0.300137
18.9372,3.07378,0.043199
0.0156621,4.03438,-0.153404
0.940733,4.04569,0.217676
1.96596,3.95282,0.125898
2.98783,4.05607,0.068804
3.96877,3.92906,0.202911
4.928,4.04848,0.415201
5.96279,3.99311,0.240458
6.98798,4.04978,0.0994263
8.01816,3.92816,0.00903653
9.00768,3.83247,0.180651
9.89504,3.91548,-0.262859
10.8959,3.90511,-0.0430616
11.9279,3.98411,-0.0855586
12.9866,4.06028,-0.166124
13.9727,3.95286,-0.169689
14.9906,4.02196,0.0313425
15.9823,3.94782,0.23314
16.9847,3.95627,0.27575
17.9999,3.92729,0.171218
19.0169,4.062,0.033195
-0.0105869,5.05706,-0.145625
1.02371,5.03584,0.0308939
2.05299,4.93122,-0.204089
3.01449,5.05769,0.187255
3.9978,4.96298,0.215284
4.96498,5.0744,0.32584
5.96129,4.98426,0.113355
6.96574,5.04597,0.105097
8.01511,4.97186,0.130198
9.04832,4.82393,0.0288034
10.0163,4.88874,-0.227003
11.0339,4.9093,-0.0585559
12.0298,4.97807,-0.202048
12.984,5.05351,-0.380395
13.9566,4.95788,-0.153166
14.9867,4.98967,-0.136207
16.0299,4.91776,-0.0928495
16.9665,4.99295,0.230424
17.9999,4.93154,0.117856
18.9691,5.08167,-0.0557451
0.026719,6.06361,-0.199277
1.01389,6.04865,0.118784
1.98941,5.92053,0.034611
2.9938,6.05897,0.0354167
4.04271,5.9753,0.0430952
5.03212,6.12884,0.224354
5.91814,5.98295,-0.1983
6.94724,6.07447,-0.224366
7.99331,5.97808,-0.286749
8.99123,5.84024,-0.169457
10.0346,5.86209,-0.105026
11.0733,5.97555,0.0398938
12.058,5.8994,0.222242
13.0251,6.02052,-0.032374
14.0253,5.98635,-0.179791
15.0963,5.98342,-0.0285501
16.074,5.90902,0.295672
17.0955,5.95104,0.457222
18.044,5.9782,0.0347697
19.0289,6.04446,0.264434
0.0548814,7.02143,0.0169408
1.02584,6.99,-0.200812
2.04005,6.94162,0.0152409
3.05762,7.05351,-0.0836695
4.03499,6.98887,0.0279611
5.05908,7.15847,-0.0134098
6.05065,6.94268,0.151588
7.10392,6.99677,0.166314
8.08118,6.96726,-0.0363048
9.08946,6.85359,-0.0597583
10.0524,6.9047,0.0536576
11.0342,6.99903,0.198196
12.0051,6.90642,0.129225
13.0187,7.01546,0.0835139
14.0343,6.99564,0.000589007
15.0139,6.99789,0.139409
16.068,6.90078,0.123292
17.0519,6.95184,0.401975
18.0253,6.9885,0.231065
18.9294,6.98424,-0.0968993
0.0737815,8.01055,-0.062508
1.08899,7.97578,-0.211341
2.08571,7.90509,-0.201663
3.07048,8.03331,-0.0783624
4.05471,8.01143,0.154045
4.96802,8.0021,0.580566
5.83311,7.96159,0.0564257
6.90753,8.02097,0.122291
7.90863,7.98959,0.0863796
8.95662,7.89333,0.026899
9.96186,7.95444,-0.209961
10.9733,7.99705,0.0823908
11.9967,7.95869,-0.0700827
13.011,7.99331,-0.161049
14.017,8.01486,-0.0999695
15.02,7.97578,0.0486068
16.0018,7.90314,0.188745
17.0464,7.93952,0.246928
18.0826,7.97967,0.396207
19.0139,7.9648,0.0183447
0.0366802,8.9995,-0.0494064
1.05494,8.92551,0.0667653
2.02965,8.89858,-0.12624
3.01013,9.0392,-0.00875271
3.99,8.99593,0.363024
5.01363,9.05201,0.377398
6.0612,8.95816,0.113852
7.05847,9.0068,0.144865
8.05985,8.95107,0.0655721
9.07492,8.87633,0.130073
10.0288,8.95173,-0.221592
10.9808,9.02287,0.168181
11.9637,9.0073,-0.0864254
12.933,9.08043,-0.11279
13.9434,9.01788,0.0330088
14.974,8.98957,0.0386761
15.9281,8.9487,0.22942
16.9096,9.00241,0.0966002
17.9582,8.95587,0.0477218
18.9708,8.97537,0.25468
0.0390667,9.97833,-0.151076
1.05914,9.97925,0.0018067
2.06824,9.92909,-0.0995453
3.06319,10.044,-0.0807398
4.0103,9.98235,0.264443
4.9401,9.9572,-0.0371136
5.9242,10.0435,0.0372845
6.90728,10.0013,0.051735
7.93051,9.9088,0.189807
8.95816,9.85149,-0.0537034
10.006,9.95923,-0.194726
10.9996,9.9597,-0.147105
12.0268,9.99682,-0.216129
13.0103,10.0183,-0.500793
13.967,10.0061,-0.163405
15.0101,9.95615,-0.22732
16.0209,9.92061,-0.0585162
17.0203,9.99481,-0.117728
18.0153,9.99669,0.0804804
18.9795,9.96206,0.23896
0.00844142,10.9478,0.0880886
1.05271,10.9872,-0.0456069
2.05032,10.9194,-0.145521
2.94513,10.9982,0.320447
3.93291,11.0044,0.35526
4.92501,11.0098,0.1374
5.9427,11.0685,-0.131407
6.98407,11.0108,-0.119028
7.96969,10.897,-0.0295633
8.95259,10.8835,0.0323313
9.9587,10.9542,-0.130009
10.9684,10.9744,-0.274746
11.9747,11.0345,-0.233235
13.0116,11.0101,-0.249007
14.0367,11.0521,-0.11879
15.0515,10.9977,-0.187603
16.0965,10.959,-0.0289987
17.1133,10.9707,0.0229255
18.0479,10.9275,-0.287103
19.0358,10.85,-0.292355
0.00278634,11.9504,0.0281045
1.01621,12.0733,-0.0399854
1.97523,11.9544,-0.096527
2.96087,11.9406,-0.00944853
3.97411,11.9915,0.0316904
4.98791,11.9637,-0.173263
5.93475,12.0077,-0.51178
6.93392,12.0041,-0.323933
7.95428,11.8892,-0.261019
8.96151,11.9093,-0.113718
9.95363,12.0092,-0.0365581
10.9736,11.9936,-0.148576
11.9604,12.0578,-0.0584613
12.9716,12.0437,-0.190381
13.8881,12.0494,0.123856
14.9292,11.9886,0.0198004
15.9389,11.9461,0.0257424
16.9528,11.9833,-0.0131779
17.9586,11.9778,-0.049913
18.9486,11.8408,-0.040376
0.00644551,12.9362,0.0864895
0.981094,13.0537,-0.147963
1.93243,12.9493,0.143648
2.93781,12.977,0.0557543
3.94691,13.0358,-0.149416
4.90741,12.9471,-0.253829
5.92394,12.9948,-0.350526
6.94306,13.0362,-0.373391
7.92032,12.9445,-0.285977
8.89074,12.9451,0.0140996
9.886,13.0374,-0.158406
10.9068,13.0133,-0.242857
11.9537,13.0569,-0.0112766
12.9882,13.0124,-0.20249
14.0024,13.0579,-0.0962615
14.9543,13.0356,0.173046
15.9382,12.9456,-0.0392682
16.9808,12.9903,-0.00156865
17.9671,12.9806,0.000485244
18.9743,12.8729,0.0591418
0.00658589,13.9563,-0.0474013
1.00996,14.0426,-0.0607562
2.04521,13.9366,-0.100613
3.01901,13.9632,-0.231794
3.96,13.9875,-0.442506
4.96249,13.9602,-0.142186
5.98155,14.0081,-0.291128
6.96142,14.0595,-0.365029
7.95703,13.9681,-0.203345
8.94631,13.9075,-0.266579
9.98723,14.0117,-0.250243
11.0157,14.0093,-0.160683
12.0392,14.0168,-0.320109
12.9545,13.9767,0.0459761
13.9959,14.0548,0.182714
15.0499,14.0378,0.107807
16.0313,13.9817,0.253386
17.051,13.984,0.0605884
18.0116,14.0334,-0.137584
18.997,13.8794,0.0118503
0.0223548,14.9851,0.0363384
0.986834,15.0778,-0.241591
1.95659,14.9643,0.0420392
2.96132,14.9206,-0.0633381
3.98002,14.8861,-0.0744774
4.9406,14.9396,0.163646
5.84564,15.0209,-0.186633
6.78183,14.9326,0.189337
7.77592,14.9291,-0.161336
8.76791,14.9394,-0.316953
9.83952,15.0336,-0.198672
10.8349,15.0069,-0.328602
11.8555,14.9985,-0.203162
12.8588,14.9606,-0.117252
13.9139,15.0312,-0.0731376
14.8939,15.084,0.0097293
15.8808,14.9583,0.11474
16.9292,14.9798,0.151289
17.9553,15.0404,0.087933
18.9803,14.8953,-0.0510331
0.0163366,15.9873,-0.259832
1.0386,16.0808,-0.0726463
2.05194,15.9313,0.114762
3.03994,15.9025,-0.0611042
4.03361,15.8679,-0.00174871
4.98903,15.9837,0.211301
5.89429,16.0265,-0.258034
6.85082,15.9387,0.0736503
7.77974,15.9253,-0.288583
8.8618,15.98,-0.424476
9.90197,15.9961,-0.372063
10.9276,15.9837,-0.408628
11.9569,16.0154,-0.177096
12.9643,15.9496,-0.183685
13.9725,16.0394,-0.149324
14.9776,16.0915,-0.178426
15.8768,15.9678,0.229243
16.9223,16.0147,0.223029
17.9034,16.0408,0.174371
18.9558,15.9576,0.118421
-0.00103458,17.0023,-0.0810541
0.929661,17.0698,0.330613
1.86474,16.8923,-0.0782678
2.90099,16.9461,-0.103265
3.96869,16.9432,0.0322001
4.98495,17.0169,0.210727
5.959,16.9921,-0.100595
6.92095,16.9708,0.0458602
7.90822,16.971,-0.161422
8.85849,16.9944,-0.508795
9.88515,16.9971,-0.456337
10.867,16.9872,-0.229145
11.9439,17.029,-0.128855
12.9315,16.9667,-0.192434
13.9052,17.0104,0.0199622
14.9323,17.0663,0.238398
15.9347,16.9833,0.167782
16.9249,16.9792,0.253749
17.9258,17.0067,0.413443
18.9583,16.9765,0.128483
-0.0557939,17.9459,0.25978
0.973095,18.094,0.23954
1.87837,17.9412,-0.200095
2.89149,18.0015,-0.328468
3.84346,17.9615,0.0965331
4.80171,17.9467,-0.0542833
5.80714,17.9969,-0.139525
6.82418,17.9849,-0.0958037
7.85369,17.9575,-0.00549638
8.87875,17.9779,-0.251225
9.86589,17.992,-0.305216
10.9275,18.0158,-0.393377
11.8028,17.9999,0.0646931
12.8347,17.9893,0.0882107
13.825,18.0096,0.127808
14.8631,18.0645,0.260622
15.9087,18.0248,0.337223
16.895,17.9769,0.285571
17.9578,18.0113,0.181411
18.9734,18.0055,0.217539
-0.00410779,18.9733,0.189868
0.972744,19.0261,-0.132923
1.97095,18.9764,-0.105896
2.97228,18.9823,-0.0793603
3.9669,18.9745,0.000146489
4.9515,18.9928,0.0192389
5.92887,18.9926,0.122129
6.99866,18.9748,0.118271
8.00108,18.9548,-0.189999
8.99003,19.0121,-0.228797
10.0139,18.9892,-0.107947
11.0536,19.0087,-0.152538
12.0205,18.9933,-0.0534654
12.9795,18.9874,0.0776086
13.9776,19.0472,0.199069
14.9902,19.0684,0.386258
15.8505,18.9653,-0.161641
16.8599,18.9976,0.0726127
17.9056,18.9948,0.0930906
18.9844,18.9689,0.265514
