1.1531,1.49267,0.169253
0.270504,2.00511,-0.0834193
0.0200018,2.955,0.0951018
0.429267,3.6294,-0.553929
0.475713,4.6272,-0.153029
0.210504,5.25935,0.547966
0.0495834,6.24814,0.190774
0.216773,7.21747,-0.0318979
0.127873,8.13756,0.330241
0.891037,8.25278,-0.383154
2.02517,1.23215,-0.234242
1.11889,1.63572,-0.429032
0.968828,2.61137,0.00209967
1.38702,3.42299,-0.433442
1.43289,4.42651,-0.225211
1.19117,5.24691,0.294766
1.09853,6.22928,0.334385
1.2239,7.14288,-0.123518
1.0736,7.86229,0.611985
1.7999,7.99916,-0.0635456
2.38182,0.435746,0.233201
2.04639,1.28203,-0.193365
1.96236,2.26202,-0.0559557
2.04426,3.23427,0.294955
1.83203,4.12112,0.686447
2.15587,5.03528,0.535578
2.07991,6.02666,0.299756
2.21058,6.89396,-0.22808
2.05491,7.51805,0.572481
2.38762,8.47259,0.599857
3.38384,0.581359,0.295035
3.0139,1.22805,-0.390094
2.97199,2.13022,0.0374859
2.99321,3.16078,-0.028486
2.73786,4.10663,0.262212
3.07508,5.0894,0.104678
3.07535,6.10393,0.190539
3.25797,6.93111,-0.361153
3.03644,7.59717,0.388366
3.11442,8.48461,-0.0616169
3.84938,0.794229,-0.596872
3.78705,1.47897,0.185571
3.9278,2.35085,-0.287539
3.9258,2.98602,0.438343
3.70552,3.92201,0.035612
4.00644,4.91887,-0.162392
3.9928,5.936,-0.197095
4.27541,6.90687,-0.325336
4.01752,7.75617,0.161986
3.77351,8.62925,0.657988
4.4554,0.0184637,-0.506314
4.62795,0.962365,-0.112986
4.83453,1.97636,-0.0421247
4.77676,2.99966,-0.0506455
4.7167,3.98181,0.0801263
5.01502,4.98555,-0.0886624
4.97847,6.02603,-0.142131
5.24571,6.91514,-0.549022
5.01775,7.6937,0.039198
4.80952,8.41949,0.714774
5.46443,-0.0394391,-0.503449
5.61994,0.948354,-0.405411
5.86588,1.79929,0.0734611
5.828,2.83814,0.131578
5.79663,3.90978,0.0566027
5.96479,4.78563,-0.421683
5.93395,5.75256,-0.0197027
6.00578,6.76138,0.100937
5.97425,7.77094,0.343953
5.13598,8.03057,-0.239448
6.22037,0.605689,-0.675588
6.45949,1.32148,0.0448134
6.75866,2.20569,0.359798
6.74255,3.22983,0.253218
6.66881,4.19506,0.392224
6.93812,5.0021,-0.184085
6.85424,6.0028,-0.356142
6.95993,7.01046,-0.0943815
6.966,7.97566,0.308774
6.10183,7.85469,-0.123927
6.5775,1.39164,-0.141566
7.32449,1.61355,0.468712
7.74786,2.48786,0.273489
7.61349,3.33433,-0.274511
7.55781,4.27859,-0.0327921
7.81174,5.18202,0.30278
7.84931,5.94495,-0.36205
8.07356,6.95969,-0.270553
7.56312,7.8054,-0.483798
7.01853,8.2514,0.217618
7.28049,1.648,0.584304
8.30161,1.64831,0.755037
8.79966,2.37189,0.206037
8.54855,3.31111,0.0481124
8.53127,4.33794,-0.155577
8.56172,5.32736,-0.327653
8.75578,6.24023,-0.765197
7.9895,6.70678,-1.29955
7.68954,6.79236,-0.307511
7.70971,7.52718,0.3773
