3.19898,5.09723,0.872677
2.81573,4.75941,-0.0182714
1.93127,4.62095,0.397797
2.33716,5.32595,-0.112363
2.5279,5.78882,0.751048
1.81251,5.09705,0.670656
1.57859,6.05322,0.87456
2.20716,6.5988,0.21489
2.64323,6.61904,-0.682412
3.63783,6.59204,-0.434642
3.73914,4.29157,0.672872
3.50882,4.03324,-0.266012
2.93347,4.66688,0.208945
2.69438,5.41568,0.843892
3.24749,5.82676,0.0829859
2.49412,5.17113,-0.0686666
2.49992,6.09071,0.409842
2.15514,6.56872,1.21813
2.18657,6.54299,0.188931
3.07636,6.89041,0.307144
4.10915,3.37171,0.416224
3.43957,3.01896,-0.216538
3.56744,3.89984,0.38591
2.86704,4.61538,0.326469
3.63522,5.11903,0.715592
2.66486,5.33582,0.943785
3.47772,5.66382,0.468419
2.49557,5.75803,0.684805
2.99629,6.6136,0.830387
2.69053,6.02446,0.0367992
3.20952,2.97737,0.603705
4.18562,2.99088,0.503534
4.00852,3.47684,-0.380386
3.6799,4.4548,-0.202518
2.85537,4.88692,0.137901
3.40149,5.71169,0.323405
3.35809,4.98293,-0.284066
3.47234,5.66641,0.504932
3.97408,6.54357,0.692962
3.04874,6.32355,0.950676
4.06653,2.84986,1.07458
4.78003,2.13822,0.784899
4.58047,2.72967,-0.00877102
4.01593,3.52074,-0.239628
3.53066,4.16436,0.394632
4.07186,4.97842,0.341737
4.33317,5.04203,-0.682525
4.43744,5.43844,0.275738
4.89994,6.22037,0.789175
3.98844,6.64413,0.710883
4.16625,2.66713,0.0397443
5.11723,2.97623,0.339729
5.44648,2.56176,-0.511274
4.94438,3.25874,0.119846
4.42312,4.07772,-0.11782
4.75153,5.02784,-0.376272
4.36605,6.00733,-0.258989
5.31472,5.64202,-0.199582
5.58202,6.59749,0.140468
4.93968,6.9334,0.831129
5.11533,2.97461,-0.0141118
5.93872,2.42974,0.139619
5.89533,3.40129,-0.151323
5.16699,3.69584,-0.748878
5.31831,4.52824,-0.0663167
5.25432,5.43245,0.384954
5.16382,5.54554,-0.636415
4.92758,6.51223,-0.515281
5.12856,7.46688,-0.318284
4.9442,7.91473,0.58525
5.24885,3.66785,0.710474
6.17448,3.37236,0.478451
5.84217,4.32186,0.199677
6.03255,4.27233,-0.768456
5.56753,5.18575,-0.770199
6.11507,5.68215,-0.0847316
5.45026,6.43544,-0.24319
4.71086,6.00362,0.322578
5.13073,6.9506,0.534751
5.69839,7.5611,0.00448622
5.65242,4.09656,-0.155229
6.29285,3.43188,-0.502805
5.97982,4.33103,-0.784375
6.46765,4.94781,-0.177795
6.14516,5.86952,-0.349571
5.65723,6.44957,0.35356
5.7789,7.41953,-0.0371105
5.49753,6.55853,0.365786
5.67622,7.408,-0.225105
6.68619,7.62467,-0.0997406
6.4449,3.63222,-0.52964
7.16007,2.98027,-0.258422
6.32889,3.48643,-0.454363
5.86927,4.34473,-0.716596
6.15817,4.96975,0.0394391
6.50284,5.83044,0.512854
5.69524,6.46832,0.365905
5.56996,7.07169,-0.512723
6.5248,6.9039,-0.42522
7.52206,7.26785,-0.495431
