-0.358437,1.61017,-0.795682
-0.0548662,1.79666,0.155162
-0.0635151,2.79662,0.220112
-0.0862667,3.74282,-0.0199988
-0.175713,4.72008,0.00198981
-0.163778,5.7076,-0.286621
-0.186746,6.69726,-0.374166
-0.224207,7.65907,-0.710678
-0.158516,8.65626,-0.637242
-0.300317,9.56653,-1.04003
-0.129163,10.5303,-0.942384
-0.135856,11.4746,-0.542363
-0.326228,12.4319,-0.874505
-0.261553,13.299,-1.35811
-0.25063,14.3576,-1.41525
-0.201312,15.3087,-1.06633
-0.367022,16.1752,-0.622364
-0.378375,17.1666,-0.545335
-0.197247,18.1081,-0.171935
0.0609241,19.1041,0.0627003
0.0623951,20.0695,-0.212143
-0.25544,21.0001,-0.0890896
-0.151878,21.9825,-0.070101
-0.162993,22.922,0.411255
-0.125599,23.8629,0.0624012
-0.248589,24.7755,0.383847
-0.133314,25.643,-0.13177
-0.0303446,26.5189,-0.538936
-0.237651,27.5041,-0.644688
-0.296319,28.4603,-0.335438
0.63534,1.76061,-0.954448
0.923511,1.95103,-0.0280801
0.907764,2.98184,-0.141585
0.906449,3.9787,0.0515946
0.824049,4.95212,-0.22107
0.775222,5.97874,-0.183474
0.829954,6.90613,-0.535878
0.838334,7.92781,-0.655864
0.887591,8.9116,-0.603995
0.764049,9.79795,-1.10554
0.806824,10.8205,-1.26565
0.915546,11.5283,-0.555959
0.760002,12.4333,-0.940757
0.827989,13.4019,-1.33228
0.777349,14.4277,-1.49125
0.861339,15.2617,-0.812705
0.680136,16.2223,-0.550096
0.595923,17.238,-0.429774
0.825855,18.2197,-0.0320627
1.08209,19.2146,0.181603
1.10157,20.0732,-0.368328
0.723093,21.0511,-0.234437
0.895743,22.0056,-0.0317942
0.866717,22.9801,0.132441
0.877883,24.0428,0.0737632
0.759044,24.9882,0.513004
0.937077,25.6401,-0.281893
1.00597,26.6378,-0.449303
0.779348,27.6085,-0.460491
0.71149,28.6021,-0.213086
1.66437,2.03267,-0.783728
1.89694,2.11692,0.193497
1.95029,3.08935,-0.123246
1.90874,4.06353,-0.0113346
1.83533,5.12434,-0.106079
1.83236,6.14218,-0.178262
1.83094,7.12054,-0.393292
1.85972,8.13991,-0.495306
1.87896,9.06447,-0.926627
1.82707,10.0256,-1.19168
1.8033,11.0245,-1.20983
1.96598,11.775,-0.552312
1.79281,12.5887,-1.12925
1.7985,13.5245,-1.47114
1.78213,14.5087,-1.5534
1.86974,15.3148,-0.916691
1.7064,16.3046,-0.680828
1.64949,17.3118,-0.619855
1.84476,18.175,-0.144511
2.0506,19.1806,-0.109314
2.12802,20.0941,-0.521668
1.76188,21.02,-0.38641
1.89187,22.0187,-0.302496
1.93723,22.9105,0.237028
1.86403,23.9599,0.233018
1.7823,24.9276,0.509528
1.94119,25.6115,-0.219367
2.04631,26.5608,-0.593704
1.76393,27.5414,-0.347664
1.79282,28.4985,-0.0891202
2.7224,2.06861,-0.73943
2.891,2.35641,0.213279
2.91387,3.34456,0.119166
2.94283,4.32055,0.0429792
2.8266,5.30723,-0.251555
2.84141,6.3021,-0.186901
2.86513,7.22383,-0.562395
2.85726,8.23239,-0.436134
2.88835,9.18062,-0.894873
2.83279,10.1177,-1.29049
2.79265,11.1064,-1.09495
2.99972,12.0559,-0.72183
2.76176,12.6076,-1.57281
2.81376,13.5551,-1.29273
2.83767,14.5503,-1.59382
2.89021,15.3167,-0.940114
2.74577,16.2925,-0.773836
2.70258,17.265,-0.64344
2.88744,18.1872,-0.259456
3.05384,19.1471,-0.306464
3.1372,20.1354,-0.440654
2.77863,21.0641,-0.268908
2.92368,22.0141,0.0284524
3.00577,22.8905,0.427903
2.89634,23.8564,0.382321
2.81098,24.8615,0.537886
2.97842,25.5814,-0.196979
3.05646,26.6002,-0.483758
2.82697,27.5389,-0.157384
2.78964,28.5552,-0.291964
3.78337,2.09268,-0.641371
3.87183,2.66829,0.166936
3.94067,3.63545,-0.158696
3.89597,4.60544,-0.212464
3.87148,5.63366,-0.272515
3.84897,6.6135,-0.371932
3.75091,7.59288,-0.166771
3.80278,8.59007,-0.302606
3.8664,9.31086,-1.01664
3.82699,10.2811,-1.1707
3.831,11.2723,-0.959999
3.97757,12.291,-0.884851
3.8167,12.6906,-1.7942
3.83817,13.6675,-1.41565
3.81101,14.5399,-1.95053
3.89141,15.3205,-1.32832
3.77836,16.2386,-0.782385
3.71384,17.1915,-0.547798
3.8729,18.1807,-0.350249
4.11751,19.1386,-0.200449
4.17623,20.0854,-0.423804
3.80218,21.0129,-0.144328
3.92665,21.9718,0.153108
3.96543,22.9748,0.131721
3.89842,23.8855,0.513923
3.81174,24.8879,0.606333
3.98357,25.6218,-0.0758568
4.06013,26.5624,-0.4017
3.83171,27.5209,-0.234761
3.81385,28.5442,-0.0624928
4.77004,2.1291,-0.390149
4.81858,3.07049,-0.0916837
4.83442,4.00307,-0.367302
4.7826,4.99318,-0.424268
4.80163,5.8791,0.125187
4.89909,6.80394,-0.282656
4.7271,7.8221,-0.343382
4.84345,8.76834,-0.400125
4.90642,9.53083,-1.05468
4.83861,10.5569,-1.08224
4.8246,11.5439,-0.954698
4.96752,12.549,-0.846556
4.8304,13.0419,-1.74649
4.82782,13.8177,-1.11626
4.82877,14.4851,-1.88614
4.88813,15.258,-1.23106
4.7376,16.2558,-1.08178
4.74633,17.185,-0.680007
4.88043,18.0967,-0.277245
5.17534,19.0967,-0.132456
5.16942,20.0713,-0.343229
4.69066,20.9107,-0.593454
4.8699,21.753,-0.0445235
4.97691,22.7427,0.24857
4.9228,23.7329,0.460375
4.8206,24.7602,0.554839
5.00058,25.5848,0.00540178
5.07576,26.4676,-0.455806
4.83851,27.3844,-0.0444319
4.82344,28.3601,-0.229936
5.81154,2.12104,-0.292715
5.80725,3.0812,0.19574
5.88563,3.95843,-0.438044
5.78058,5.0073,-0.37329
5.80125,6.00552,-0.0479537
5.89966,6.99051,-0.112803
5.75649,7.9855,-0.32443
5.86332,8.90199,-0.692404
5.85202,9.8037,-1.15178
5.85594,10.8291,-1.17208
5.77333,11.8284,-1.23759
5.95766,12.805,-1.05027
5.83466,13.1184,-1.98456
5.84972,13.954,-1.35462
5.80618,14.5709,-2.10823
5.84476,15.2799,-1.40003
5.77937,16.256,-1.21471
5.82646,17.1605,-0.773397
5.92173,18.0513,-0.397134
6.19648,19.0325,-0.241951
6.12239,19.983,-0.611161
5.68599,20.8919,-0.426655
5.86029,21.8596,-0.291174
5.93778,22.6953,0.320801
5.93193,23.6969,0.32295
5.69886,24.6483,0.0290872
5.9882,25.5719,0.228196
6.07936,26.4606,-0.223075
5.82854,27.4404,-0.212101
5.8895,28.4161,-0.255242
6.74754,2.39291,-0.237812
6.85163,3.33765,0.060036
6.83822,4.25105,-0.300415
6.79597,5.27786,-0.29299
6.82609,6.23894,-0.221851
6.93145,7.20181,-0.309143
6.76753,8.22729,-0.355339
6.84657,9.19179,-0.695264
6.8278,10.0884,-1.15084
6.8602,11.0676,-1.11425
6.82724,12.0565,-1.29583
6.91895,13.028,-1.13358
6.86375,13.3652,-2.05536
6.79964,14.2867,-1.55398
6.77709,14.8178,-2.38836
6.8542,15.2117,-1.42312
6.78944,16.1942,-1.41982
6.8089,17.1462,-1.09677
6.92623,18.0543,-0.594259
7.1992,19.0069,-0.151009
7.09293,19.8348,-0.698358
6.752,20.7805,-0.379876
6.88758,21.7496,-0.304621
6.96722,22.5622,0.290814
6.94109,23.5879,0.204956
6.6878,24.444,-0.126572
6.89571,25.3852,-0.10061
7.06912,26.3771,-0.330912
6.80334,27.3616,-0.276449
6.88201,28.329,-0.037257
7.82644,2.42335,-0.122303
7.83872,3.43178,-0.255913
7.87135,4.44128,-0.352596
7.82463,5.47509,-0.295471
7.86784,6.47873,-0.319926
7.93029,7.43361,-0.648039
7.8059,8.39251,-0.400293
7.84469,9.32935,-0.763311
7.89203,10.2526,-1.16764
7.87435,11.2962,-1.01163
7.82339,12.296,-1.39654
7.89337,13.3028,-1.26453
7.8746,13.5073,-2.25791
7.78745,14.3575,-1.68199
7.81026,15.0215,-2.39837
7.88386,15.3765,-1.47623
7.77224,16.3918,-1.4794
7.79388,17.3314,-1.04998
7.99552,18.248,-0.740129
8.20636,18.9561,-0.0654225
8.12025,19.8533,-0.500244
7.81251,20.7752,-0.486639
7.90834,21.8046,-0.506684
7.9836,22.5414,0.190332
7.93308,23.5303,0.0600818
7.66663,24.4999,0.0870815
7.90566,25.4454,-0.0549181
8.04699,26.332,-0.530717
7.81499,27.292,-0.315833
7.93173,28.1876,0.0750816
8.82062,2.55416,-0.103766
8.84725,3.59043,-0.0918271
8.91836,4.59983,-0.31312
8.82822,5.60295,-0.49483
8.89784,6.59706,-0.38095
8.97045,7.56714,-0.665905
8.86055,8.52056,-0.426926
8.83068,9.52505,-0.658565
8.90313,10.4782,-1.03547
8.86856,11.5265,-1.08672
8.85766,12.5057,-1.42192
8.8991,13.5354,-1.38409
8.91009,13.7003,-2.38231
8.81082,14.4299,-1.68262
8.84216,15.0831,-2.42511
8.94101,15.2868,-1.45064
8.84632,16.281,-1.34772
8.6483,16.9768,-0.662441
8.94612,17.9073,-0.538853
9.20743,18.8296,-0.15844
9.18997,19.8078,-0.282635
8.80789,20.6788,-0.691665
8.93276,21.6469,-0.360195
8.96838,22.5936,0.0459029
8.94628,23.5494,-0.0579608
8.69377,24.5362,0.142387
8.92252,25.4809,-0.080517
9.02466,26.3962,-0.470617
8.78155,27.2413,0.0375652
8.92868,28.2222,-0.056386
9.85726,2.75486,-0.216065
9.88335,3.75885,-0.162017
9.94124,4.75606,-0.201755
9.91712,5.74469,-0.382443
9.93187,6.77069,-0.538945
10.0311,7.7178,-0.755669
9.87715,8.70537,-0.632707
9.89359,9.68748,-0.606043
9.95303,10.5739,-1.036
9.90741,11.6044,-1.23175
9.86654,12.6753,-1.36151
10.0263,13.6733,-1.4036
9.97124,13.6747,-2.4168
9.87963,14.3741,-1.73429
9.85617,15.0407,-2.5301
9.92891,15.1459,-1.54128
9.89696,16.1842,-1.50417
9.63493,17.0658,-0.981719
9.94812,17.8812,-0.469604
10.2466,18.8513,-0.120866
10.1787,19.8449,-0.247502
9.8215,20.7949,-0.512638
9.98175,21.7392,-0.306592
9.99467,22.6159,0.161025
9.95585,23.6017,0.284555
9.73583,24.547,-0.0143193
9.89654,25.5229,0.184838
10.0832,26.4154,-0.354595
9.78762,27.1002,0.265902
9.88654,28.0571,0.126173
10.9732,2.95705,-0.111054
10.853,3.9196,-0.0471786
10.9784,4.85265,-0.348082
10.9663,5.8453,-0.480215
10.9524,6.84275,-0.28114
10.9824,7.8539,-0.494021
10.8513,8.84878,-0.275063
10.8664,9.87124,-0.509592
10.981,10.6704,-1.17021
10.9631,11.6506,-1.12919
10.8803,12.6906,-1.22326
11.0122,13.603,-1.62212
10.9907,13.7336,-2.60571
10.9265,14.4016,-1.82199
10.8094,14.8105,-2.73578
10.9224,15.2199,-1.82033
10.9093,16.1273,-1.43091
10.6959,16.9416,-0.908933
10.9791,17.9457,-0.624775
11.3066,18.8073,-0.207987
11.1704,19.7347,-0.587509
10.8917,20.6837,-0.552684
10.9885,21.7307,-0.572372
10.957,22.6426,-0.113669
10.9871,23.6657,0.0363964
10.741,24.633,-0.0861141
10.9049,25.5928,0.0426862
11.1469,26.5179,-0.428059
10.8759,27.0699,0.357216
10.8396,28.0659,0.554952
11.994,3.15145,-0.206366
11.8569,4.10311,-0.0713157
11.9409,5.08417,-0.190121
12.0199,5.99146,-0.632688
11.9602,7.02272,-0.506153
11.9693,7.97412,-0.376052
11.8679,8.9494,-0.315674
11.8869,9.93139,-0.410721
12.0224,10.7457,-1.03351
12.0097,11.785,-1.1244
11.8754,12.8019,-0.945857
11.9999,13.6974,-1.35009
11.9748,13.7772,-2.36654
11.9565,14.5477,-1.74279
11.8104,14.8121,-2.75413
11.949,15.4326,-1.93877
11.8818,16.3118,-1.43893
11.6797,16.8562,-0.618503
12.0032,17.8243,-0.503461
12.3224,18.7848,-0.484262
12.1866,19.7532,-0.71594
11.9472,20.7332,-0.778198
12.001,21.6872,-0.533729
11.9172,22.7045,-0.467327
12.0336,23.6237,-0.0714988
11.7509,24.6243,-0.280255
11.9157,25.5489,0.105438
12.1967,26.4144,-0.397534
11.8777,27.1863,0.180505
11.8449,28.1263,0.580917
13.0568,3.15719,-0.302585
12.8357,4.14405,-0.25493
12.9371,5.12906,-0.441258
13.0591,6.04426,-0.760829
12.9782,7.05122,-0.647084
12.9887,7.99981,-0.258782
12.8984,8.94788,-0.251833
12.9445,9.963,-0.596469
13.0142,10.8866,-1.12168
13.0901,11.883,-1.10302
12.9686,12.922,-0.874557
13.0514,13.725,-1.50556
12.9858,13.893,-2.50759
13.1008,14.5757,-1.78043
12.7792,14.7021,-2.67976
12.9021,15.1213,-1.7424
12.8292,16.0204,-1.32402
12.7559,16.9074,-0.761373
13.0255,17.9025,-0.631205
13.3267,18.8562,-0.616623
13.1737,19.8157,-0.734617
12.9181,20.7299,-0.380172
12.9968,21.7196,-0.315226
12.9282,22.7125,-0.246959
13.0727,23.6585,0.0411725
12.8083,24.5734,-0.327845
12.8956,25.4857,0.216511
13.1827,26.2587,-0.415439
12.8566,27.1937,-0.156697
12.8806,28.0754,0.309485
14.0292,3.04111,-0.144569
13.9119,4.06809,-0.222932
14.0236,5.06738,-0.362343
14.0574,6.03324,-0.662987
14.0458,7.09721,-0.582064
14.0468,8.09993,-0.398599
13.8812,9.09342,-0.374044
13.974,10.0275,-0.667568
14.0071,10.8799,-1.20733
14.0771,11.9559,-1.11269
13.9777,13.0223,-1.05104
14.0148,13.9386,-1.48454
14.0181,13.9549,-2.50386
14.1494,14.687,-1.84105
13.8265,14.7695,-2.76719
13.9912,15.2273,-1.863
13.7753,16.1888,-1.61089
13.7744,16.8864,-0.873724
14.0486,17.8047,-0.610932
14.2975,18.7471,-0.799564
14.1929,19.6988,-0.460854
13.9392,20.6461,-0.271938
14.0245,21.6534,-0.206543
13.9763,22.7004,-0.0873745
14.1249,23.6906,-0.0480514
13.8386,24.4466,-0.601437
13.8334,25.3674,-0.125251
14.2466,26.2739,-0.248674
13.8664,27.1955,-0.118149
13.9326,28.1496,0.278423
15.0122,3.18659,-0.419224
14.8912,4.1712,-0.128043
14.9855,5.18568,-0.288589
15.0665,6.15062,-0.641612
15.0387,7.10962,-0.315088
15.0761,8.16496,-0.305603
14.9693,9.15464,-0.216715
15.0101,10.1091,-0.714914
15.0182,10.955,-1.24233
15.1255,12.0037,-1.18141
15.0187,13.0476,-1.28086
15.0145,14.0528,-1.52525
15.0249,14.0084,-2.54771
15.1182,14.8298,-2.01047
14.7679,15.0902,-2.92439
15.0133,15.3866,-2.01049
14.7828,16.1924,-1.37414
14.773,16.9724,-0.718143
15.0892,17.9162,-0.505918
15.2263,18.928,-0.450792
15.123,19.911,-0.716327
14.9222,20.7984,-0.317798
15.0379,21.7563,-0.140394
14.9648,22.7699,-0.0548906
15.1544,23.7221,-0.00231635
14.8277,24.6048,-0.284692
14.8418,25.6033,-0.468664
15.264,26.4585,-0.103858
14.8493,27.3514,-0.328068
14.9287,28.1196,0.29823
15.99,3.04893,-0.153819
15.8806,4.02178,-0.26451
16.0158,4.97031,-0.538264
16.0761,5.99064,-0.396411
16.085,7.01733,-0.423441
16.15,8.05025,-0.224616
16.0486,9.04351,-0.394263
16.0341,10.0221,-0.711145
16.1179,10.9556,-1.07614
16.1614,11.9556,-1.15876
16.08,12.9429,-1.37348
16.0226,13.9008,-1.5409
16.0108,13.8577,-2.5601
16.0539,14.6094,-1.8772
15.7724,14.8761,-2.79475
16.0191,15.3664,-1.97847
15.8511,16.1887,-1.4588
15.8104,17.0006,-0.803558
16.0739,17.9225,-0.497052
16.2675,18.8912,-0.623185
16.1661,19.8777,-0.765105
16.0171,20.7127,-0.197479
16.0896,21.7392,0.0395795
15.9462,22.7534,0.243034
16.0189,23.4434,-0.472399
15.855,24.4279,-0.531834
15.8746,25.3829,-0.298474
16.2611,26.2866,0.0162755
15.8215,27.1179,-0.392752
15.9628,27.9601,0.2043
17.007,3.06552,-0.00630207
16.9269,4.09469,-0.25988
17.062,5.0732,-0.511518
17.1044,6.05183,-0.231986
17.1584,6.96932,-0.461214
17.1615,8.00938,-0.324912
17.0842,9.01577,-0.45638
17.0419,9.88776,-1.02733
17.1625,10.9194,-1.09399
17.2154,11.9558,-1.19372
17.0995,12.9418,-1.31094
17.0396,13.878,-1.67567
17.0718,14.0056,-2.67655
17.0616,14.7079,-1.89613
16.8004,14.9,-2.85759
17.0846,15.4487,-2.06702
16.8289,16.2621,-1.54794
16.8259,17.0414,-0.892611
17.0708,17.8906,-0.393637
17.2495,18.8941,-0.609931
17.2198,19.8902,-0.735502
16.9613,20.8743,-0.571688
17.054,21.8612,-0.273434
17.0017,22.7502,0.168752
17.0417,23.4001,-0.592047
16.8662,24.3856,-0.582516
16.9613,25.3324,-0.361687
17.2541,26.1738,0.121885
16.8061,27.0026,-0.253575
17.0205,27.9557,0.0566271
18.0943,2.99846,-0.0385815
17.9993,3.97573,-0.306076
18.1358,4.95822,-0.339506
18.1042,5.96603,-0.222849
18.1889,6.93211,-0.4627
18.2167,7.92551,-0.388119
18.1309,8.90241,-0.541643
18.0576,9.85086,-0.838377
18.2089,10.849,-0.948717
18.2403,11.9123,-0.969161
18.0883,12.819,-1.37378
18.0565,13.7659,-1.58333
18.1386,13.7206,-2.56841
18.0697,14.5688,-1.92404
17.9068,14.8824,-2.84665
18.0818,15.5024,-2.03724
17.8299,16.079,-1.30027
17.837,16.9527,-0.781024
18.0563,17.9034,-0.547005
18.2402,18.8836,-0.55612
18.2309,19.9036,-0.616721
17.9999,20.9341,-0.714173
18.0348,21.6915,-0.0053621
18.0142,22.7586,0.0402417
18.0795,23.3963,-0.695157
17.8956,24.3591,-0.499417
17.9583,25.3638,-0.44022
18.2517,26.2436,-0.0987091
17.7914,27.1571,-0.0852626
18.0604,28.1058,0.092526
19.1143,3.00537,-0.00638447
19.015,3.94944,-0.533195
19.1197,4.90673,-0.76086
19.1135,5.8238,-0.406476
19.2161,6.84314,-0.270348
19.2524,7.85634,-0.321512
19.1314,8.86409,-0.294568
19.1015,9.83612,-0.670736
19.2129,10.8385,-0.771795
19.2413,11.8356,-0.827934
19.131,12.7082,-1.35963
19.09,13.7081,-1.56324
19.158,13.7338,-2.58338
19.0639,14.4715,-1.88657
18.9534,15.1129,-2.67396
18.9794,15.2967,-1.69976
18.8703,16.2413,-1.27264
18.8427,17.1365,-0.878924
19.0545,18.0175,-0.433589
19.2365,19.0017,-0.614292
19.2807,19.9475,-0.884585
18.9787,20.7865,-0.407581
19.0678,21.6711,0.077282
19.0503,22.6888,0.146654
19.1043,23.2633,-0.706699
18.903,24.2512,-0.501239
18.9599,25.2535,-0.525806
19.2499,26.2411,-0.374706
18.8675,27.0781,-0.0531358
19.1131,28.0703,0.0370525
20.1523,3.08714,0.262291
20.059,3.90992,-0.271087
20.1296,4.66497,-0.931852
20.0628,5.45185,-0.204605
20.1969,6.43638,-0.409967
20.2362,7.50587,-0.174795
20.1108,8.505,-0.365438
20.1296,9.45705,-0.621604
20.1421,10.4315,-0.469164
20.1442,11.47,-0.664333
19.9903,12.4347,-0.874673
20.052,13.2419,-1.47655
20.1882,13.7245,-2.38351
20.108,14.4911,-1.68582
19.9538,14.8952,-2.59923
20.0287,15.3021,-1.67196
19.8933,16.162,-1.17942
19.8808,17.0483,-0.755623
20.0655,17.9556,-0.37543
20.2492,18.9553,-0.468706
20.1947,19.9845,-0.427729
19.8604,20.85,-0.017832
20.0935,21.8153,0.185434
20.0356,22.8063,0.347356
20.0912,23.4542,-0.437361
19.8944,24.4495,-0.362947
19.9769,25.4493,-0.37459
20.2132,26.4205,-0.660466
19.9088,26.9963,0.0754234
20.1539,28.0045,0.0538072
21.231,3.10984,0.407044
21.0652,3.76362,-0.328123
21.172,4.61817,-0.828694
21.1497,5.34082,-0.109876
21.2834,6.28519,-0.43462
21.2234,7.26364,-0.17145
21.1559,8.27858,-0.233457
21.1449,9.19738,-0.679351
21.1218,10.2344,-0.510712
21.2004,11.2498,-0.678814
20.9817,12.2369,-0.713691
21.057,13.1481,-1.17692
21.1868,13.4935,-2.11439
21.0937,14.2692,-1.40076
20.8488,14.8754,-2.19361
21.0804,15.4332,-1.40561
20.8755,16.2542,-0.845964
20.9096,17.2731,-0.580782
21.0593,18.238,-0.227314
21.3006,19.0977,-0.640611
21.2211,20.0293,-0.275777
20.8217,20.9711,-0.296045
21.116,21.7998,0.217356
21.046,22.7721,0.302149
21.1311,23.6173,-0.230006
20.8817,24.6598,-0.270125
20.9474,25.6492,-0.387533
21.2378,26.595,-0.49129
20.901,27.2383,0.211289
21.2117,28.195,0.0680471
22.1608,2.84484,0.0821039
22.1418,3.88116,-0.100647
22.1888,4.54145,-0.881619
22.2055,5.19255,-0.072512
22.3009,6.00954,-0.685745
22.145,6.94117,-0.385449
22.1088,7.92352,-0.553825
22.0985,8.92993,-0.591415
22.1216,9.92786,-0.495221
22.1712,11.0237,-0.5438
22.0417,11.9896,-0.716037
22.1011,12.9378,-1.09491
22.2322,13.3585,-2.04082
22.0666,14.0267,-1.32503
21.9313,14.7681,-2.03737
22.1391,15.4604,-1.34786
21.8991,16.2124,-0.748469
21.9268,17.1946,-0.468932
22.0674,18.1595,-0.0406049
22.2822,19.064,-0.339024
22.2278,20.0285,-0.138075
21.8412,20.9619,-0.255004
22.1947,21.819,0.207938
22.035,22.7932,0.105029
22.2005,23.7051,-0.303848
21.8561,24.6883,-0.26343
22.0018,25.6587,-0.481442
22.2472,26.6474,-0.460121
21.8933,27.4457,0.0567278
22.2694,28.3535,0.129752
23.2083,2.81265,0.351357
23.1814,3.76769,0.0534959
23.195,4.37498,-0.815256
23.1592,4.87146,0.0327616
23.269,5.77087,-0.412626
23.2197,6.77599,-0.322501
23.1721,7.75832,-0.520261
23.1542,8.75307,-0.724238
23.1588,9.77725,-0.599127
23.1886,10.7902,-0.577175
23.0546,11.8112,-0.711127
23.1462,12.8234,-0.957506
23.2711,13.1205,-1.97309
23.0643,13.7868,-1.24405
22.9594,14.5921,-1.89441
23.1183,15.3009,-1.13366
22.9495,16.2859,-0.923173
22.9706,17.2678,-0.553496
23.1377,18.1338,-0.0411481
23.286,19.1069,-0.377215
23.2439,20.0488,-0.0666097
22.8809,20.9434,-0.0322184
23.1378,21.8111,0.464861
23.0715,22.7496,0.103946
23.2055,23.6855,-0.240403
22.9134,24.6829,-0.163543
22.8964,25.6828,-0.0135594
23.1798,26.6625,-0.121961
22.8729,27.6125,0.0116916
23.3302,28.4961,0.0037141
24.2595,2.71264,0.473171
24.1734,3.61114,0.0555681
24.1948,4.10439,-0.881164
24.1142,4.5071,0.0138249
24.2519,5.43394,-0.397461
24.1482,6.45077,-0.450224
24.1392,7.45758,-0.520109
24.1341,8.48865,-0.519929
24.1409,9.50878,-0.34792
24.2581,10.4677,-0.596411
24.0826,11.4971,-0.510968
24.1067,12.5037,-0.845067
24.2738,12.9891,-1.76761
24.068,13.6695,-1.00701
23.9316,14.4246,-1.62321
24.1201,15.3439,-1.23642
23.9745,16.3107,-0.948265
24.0334,17.2423,-0.617487
24.1325,18.1147,-0.0967223
24.2789,19.023,-0.471364
24.2542,19.9962,-0.253499
23.9473,20.97,-0.0301981
24.1149,21.7628,0.516651
24.1252,22.6784,0.136665
24.2719,23.6069,-0.239427
23.9748,24.5574,-0.134584
23.9894,25.5705,-0.0621387
24.1879,26.518,-0.00119938
23.9558,27.492,0.113828
24.3364,28.3959,-0.0360973
25.291,2.47522,0.766451
25.154,3.14603,0.0568346
25.0927,3.58004,-0.840031
25.1617,4.33034,-0.176412
25.2739,5.30826,-0.294723
25.1697,6.30599,-0.331376
25.262,7.2601,-0.591705
25.2013,8.27274,-0.373574
25.1484,9.27481,-0.549916
25.2674,10.2829,-0.455638
25.1122,11.2643,-0.379763
25.031,12.2168,-0.658589
25.2289,12.8076,-1.42928
25.1198,13.5598,-0.81514
24.9636,14.3177,-1.46889
25.1322,15.2399,-1.0339
25.0106,16.3089,-0.845241
25.0109,17.3074,-0.861754
25.1006,18.2176,-0.509644
25.2414,19.2098,-0.219868
25.2741,20.2453,-0.339418
24.9292,20.9574,0.277514
25.1741,21.8759,0.592816
25.1865,22.7559,0.0912412
25.3116,23.7026,-0.283117
24.9781,24.6388,-0.216117
24.9937,25.6249,-0.0620533
25.2515,26.5783,-0.0187445
24.9712,27.5118,0.149428
25.3164,28.3558,-0.216459
26.2919,2.16258,0.738377
26.1255,2.91312,0.114508
26.1193,3.33214,-0.819117
26.1605,4.1443,-0.183358
26.307,5.14044,-0.252141
26.1981,6.12981,-0.274831
26.2612,7.03719,-0.71395
26.1756,7.96739,-0.351381
26.1633,8.97873,-0.448476
26.2258,9.93929,-0.648445
26.1046,10.9664,-0.349501
25.9779,11.9108,-0.727372
26.2808,12.7016,-1.20075
26.1584,13.5828,-0.675689
26.0116,14.3345,-1.36386
26.1455,15.2723,-1.05515
26.0597,16.3024,-0.849043
26.0705,17.2997,-0.976092
26.1307,18.1656,-0.437861
26.2749,19.1392,-0.149821
26.2681,20.1239,-0.0564776
25.9428,21.0072,0.251103
26.144,21.9631,0.513416
26.2341,22.82,0.0502457
26.305,23.6173,-0.509671
26.0045,24.5085,-0.243797
26.0128,25.5198,-0.153398
26.296,26.492,0.0364055
26.0588,27.5425,0.0462447
26.3106,28.5638,-0.00123905
27.2776,2.24469,0.866353
27.0743,2.51219,-0.0654195
27.0997,3.18644,-0.856554
27.1281,3.97308,-0.236995
27.3082,4.97602,-0.276901
27.2695,5.97954,-0.214914
27.2418,6.9074,-0.569454
27.1838,7.81606,-0.166436
27.1739,8.75917,-0.493918
27.2324,9.75289,-0.355754
27.1173,10.7302,-0.243989
26.9446,11.644,-0.623383
27.2882,12.4384,-1.04923
27.1677,13.3589,-0.656417
27.043,14.3098,-1.0571
27.1728,15.2856,-0.983526
27.0892,16.2994,-0.913773
27.0691,17.2924,-1.0829
27.1616,18.1323,-0.481271
27.239,18.9987,0.0554857
27.3239,20.0024,-0.161876
27.0116,20.8726,0.235984
27.1265,21.903,0.314624
27.2383,22.8341,-0.161699
27.319,23.7099,-0.612281
27.0149,24.609,-0.197623
27.0509,25.6058,-0.0747185
27.283,26.6042,-0.17506
27.1177,27.5915,0.0306589
27.3306,28.5634,0.0837214
28.2791,2.24753,0.785366
28.0532,2.18877,-0.190207
28.147,2.98166,-0.793655
28.1929,3.8309,-0.298141
28.2608,4.75082,0.0516282
28.2597,5.72915,-0.20184
28.3156,6.70146,-0.465697
28.2035,7.65361,-0.193179
28.1938,8.58985,-0.549895
28.2332,9.54413,-0.215833
28.1233,10.5083,-0.548314
27.9709,11.4533,-0.346223
28.3071,12.2206,-0.977517
28.183,13.1685,-0.676586
27.997,14.1764,-0.631629
28.2101,15.0656,-0.960271
28.0779,16.0838,-0.898001
28.0907,17.0578,-0.876189
28.1771,17.9732,-0.485055
28.2415,19.0019,-0.202167
28.3048,19.998,-0.370611
28.0304,20.8028,0.18312
28.0628,21.7457,-0.109043
28.2592,22.7075,-0.211664
28.2776,23.7611,-0.32169
28.0679,24.7389,-0.203357
28.0781,25.7265,-0.30933
28.2736,26.7428,-0.200385
28.0928,27.6787,-0.0170141
28.4044,28.6393,0.196051
29.2346,1.81072,0.981216
29.0389,2.2158,0.0846553
29.147,2.6278,-0.830979
29.1694,3.52606,-0.378561
29.2489,4.44693,-0.0477065
29.234,5.43253,-0.201584
29.2244,6.42526,-0.0726463
29.1673,7.42013,-0.0070925
29.0916,8.40266,-0.179196
29.2266,9.36178,-0.470861
29.1392,10.3549,-0.564245
29.0189,11.3307,-0.204865
29.3469,12.1254,-0.788141
29.1812,13.0717,-0.562636
29.0542,14.0895,-0.601984
29.2439,15.0074,-0.958974
29.0865,16.0141,-0.811335
29.1595,17.0299,-0.715177
29.1693,17.9585,-0.334309
29.2275,18.9885,-0.250166
29.2927,19.9696,-0.405533
29.0815,20.8436,0.056972
29.0595,21.7994,-0.170379
29.2387,22.7943,-0.121747
29.2437,23.7681,0.113663
29.1101,24.7365,-0.205121
29.1296,25.7719,-0.500717
29.3124,26.7499,-0.308493
29.0988,27.6663,-0.0246651
29.4892,28.5933,0.158452
