-0.256435,1.14189,-0.826893
-0.00282907,1.64906,-0.00428175
-0.0383007,2.63587,0.296554
-0.0516861,3.59411,0.0343577
-0.24796,4.59049,-0.0335917
-0.106369,5.61139,-0.120042
-0.164711,6.61943,-0.322791
-0.180764,7.60343,-0.0925474
-0.104791,8.56789,-0.390194
-0.253261,9.55307,-0.628578
-0.173986,10.4905,-1.03569
-0.173385,11.3845,-0.587661
-0.273077,12.3836,-0.816617
-0.226344,13.3755,-0.944737
-0.192434,14.3591,-1.18336
-0.150401,15.2915,-0.855776
-0.211063,16.1802,-0.420096
-0.295236,17.1466,-0.126334
-0.169182,18.1691,-0.117716
0.104544,19.1577,-0.26567
0.0295969,20.1305,-0.324705
-0.231892,21.0336,0.0447157
-0.175878,22.0231,-0.0667196
-0.126069,22.9523,0.35013
-0.109601,23.817,-0.219431
-0.217789,24.6966,0.255956
-0.0889035,25.6787,-9.46074e-05
-0.0093936,26.6708,-0.28746
-0.190832,27.6385,-0.46321
-0.175066,28.6562,-0.483413
0.774801,1.32757,-0.984866
0.968117,1.96431,-0.222239
0.9562,2.93725,0.12703
0.950105,3.88733,-0.159731
0.746162,4.88927,-0.132991
0.88099,5.83335,-0.381762
0.860341,6.82884,-0.180224
0.857299,7.80457,-0.04373
0.88861,8.73401,-0.397269
0.788855,9.71234,-0.625037
0.86296,10.658,-0.855379
0.836485,11.6281,-0.577737
0.704117,12.632,-0.687326
0.769558,13.5923,-0.935505
0.801611,14.5284,-1.30864
0.901596,15.4156,-0.881899
0.847398,16.324,-0.489532
0.677261,17.0282,0.176019
0.827396,17.9907,-0.108911
1.16782,18.9618,-0.324879
1.00923,19.9622,-0.360961
0.831654,20.9058,0.0588519
0.801459,21.869,-0.22934
0.939534,22.7927,0.20159
0.922617,23.6709,-0.244649
0.858443,24.6463,0.0967681
0.921827,25.614,-0.140382
0.987658,26.6622,-0.258791
0.845375,27.6844,-0.352971
0.793521,28.7231,-0.611228
1.72676,1.62002,-1.01264
1.99752,2.08578,-0.118876
1.94797,3.10899,-0.142955
1.9517,4.10346,-0.492895
1.72167,5.05173,-0.358266
1.85878,6.07701,-0.351112
1.81566,7.08194,-0.114606
1.86561,8.10231,-0.0943907
1.84369,8.99416,-0.537971
1.7853,9.97215,-0.730711
1.80755,10.9448,-1.13385
1.90236,11.7838,-0.507596
1.66588,12.599,-1.06436
1.85597,13.5866,-1.15112
1.77393,14.4958,-1.51425
1.92992,15.301,-0.89819
1.9226,16.2717,-0.636171
1.69594,16.9147,0.09588
1.81706,17.8451,-0.195672
2.15765,18.766,-0.164818
2.00884,19.7564,-0.238646
1.82042,20.7233,-0.232759
1.80399,21.7555,-0.178738
1.97693,22.6961,0.0886074
1.89262,23.7106,0.0815516
1.91657,24.689,0.15229
1.93769,25.6466,-0.251637
2.02225,26.6567,-0.461409
1.89577,27.7223,-0.434123
1.85135,28.7226,-0.547581
2.6924,1.40379,-0.750563
2.94937,2.33932,-0.468148
2.9735,3.37125,-0.294812
2.97584,4.33139,-0.682089
2.73707,5.23595,-0.215415
2.84366,6.27761,-0.39667
2.8487,7.27965,-0.224256
2.92424,8.2756,-0.0486007
2.89051,9.16154,-0.510813
2.79282,10.1141,-0.95088
2.82661,11.072,-1.27662
2.9157,11.8719,-0.663475
2.70955,12.6817,-1.18948
2.88424,13.6724,-1.35148
2.73908,14.5803,-1.82904
2.86912,15.3674,-1.16568
2.91652,15.9581,-0.382089
2.73316,16.8883,0.00528581
2.83898,17.8186,-0.356371
3.19577,18.8027,-0.171276
3.00951,19.8462,-0.321067
2.87711,20.8173,-0.192749
2.78609,21.8303,-0.113083
2.90462,22.857,-0.262853
2.94785,23.7674,0.153371
2.94569,24.8385,0.00178228
2.97891,25.7893,-0.367821
3.07503,26.8156,-0.400708
2.83211,27.8174,-0.0740715
2.91369,28.753,-0.317734
3.68304,1.61165,-0.624366
3.9796,2.51878,-0.323136
3.9853,3.54528,-0.406095
3.91802,4.60363,-0.316391
3.75265,5.57934,-0.270956
3.82875,6.54423,-0.400516
3.8283,7.53149,-0.277712
3.89612,8.53005,-0.147789
3.90189,9.26939,-0.840934
3.87228,10.2804,-0.926801
3.85855,11.2461,-1.20307
3.97421,12.0347,-0.621863
3.74383,12.742,-1.32602
3.9345,13.7216,-1.18892
3.74902,14.4447,-1.85867
3.90139,15.3393,-1.3637
3.95734,15.9255,-0.524406
3.74991,16.8544,-0.102826
3.84942,17.8803,-0.186114
4.1836,18.8145,0.00835902
4.03498,19.8077,-0.117447
3.94392,20.7707,-0.149678
3.8022,21.7862,-0.180987
3.95128,22.7946,-0.11933
3.95101,23.8049,0.00527055
3.94933,24.77,-0.176891
3.99164,25.7818,-0.405731
4.12673,26.8218,-0.347865
3.88634,27.7532,-0.0715476
3.91721,28.7195,-0.385653
4.65691,1.89559,-0.481274
4.95074,2.81927,-0.100311
4.92982,3.78799,-0.123859
4.92967,4.79841,-0.258208
4.74523,5.76165,-0.36845
4.85862,6.73949,-0.526615
4.85497,7.62557,-0.0819147
4.91198,8.63447,-0.24839
4.91126,9.47531,-0.795102
4.92804,10.4544,-0.939961
4.87304,11.4297,-1.08305
4.95603,12.3281,-0.667791
4.80657,12.8908,-1.45498
4.9968,13.8248,-1.05398
4.73524,14.5079,-1.79434
4.80904,15.1568,-1.02771
4.87177,16.1444,-0.825626
4.74042,16.9383,-0.257179
4.91509,17.9144,-0.239259
5.23788,18.7968,0.100397
4.98413,19.7631,0.0316477
4.9024,20.7698,0.0667928
4.82523,21.7809,-0.0299509
5.04731,22.7714,-0.064452
4.97801,23.77,0.131578
4.96483,24.7417,-0.125843
4.98492,25.7421,-0.467525
5.12444,26.7222,-0.288235
4.91583,27.6788,0.010596
4.95815,28.5757,-0.444465
5.65371,1.92463,-0.386682
5.94521,2.84173,0.0537675
5.99227,3.86846,-0.0606922
5.95563,4.84696,-0.325193
5.76647,5.85183,-0.222657
5.89764,6.81338,-0.487848
5.87327,7.82891,-0.155431
5.93475,8.84876,-0.252068
5.9347,9.75332,-0.710022
5.92678,10.712,-0.901202
5.91696,11.7483,-1.03287
5.89056,12.7171,-0.751814
5.80905,13.0826,-1.68563
6.01188,13.9417,-1.20928
5.77323,14.5601,-1.95461
5.86377,15.2027,-1.19109
5.85819,16.0263,-0.481164
5.74724,17.0214,-0.317844
5.91586,17.9875,-0.0763207
6.27214,18.9441,-0.0417035
6.01792,19.9052,-0.157726
5.92858,20.8609,-0.0649434
5.79533,21.8197,-0.335609
6.03211,22.7495,-0.0876888
5.95099,23.7421,-0.0423048
5.91632,24.6346,-0.456395
5.95484,25.6119,-0.175805
6.06097,26.5468,0.0833064
5.95979,27.5588,0.0634388
5.98049,28.5025,-0.191482
6.62376,2.22429,-0.0741569
6.90455,3.18594,-0.117002
6.93872,4.12605,0.165517
6.9157,5.07048,-0.206827
6.82331,6.06516,-0.0947264
6.92012,7.06073,-0.422629
6.89611,8.0227,-0.228306
6.95629,9.04698,-0.33564
6.96603,10.0005,-0.715348
6.92013,11.0196,-1.01032
6.9838,12.0044,-1.07557
6.88784,12.9945,-0.828333
6.85639,13.2309,-1.79598
7.06753,14.0812,-1.30067
6.76484,14.7126,-2.01808
6.84902,15.2704,-1.19299
6.69181,16.2109,-0.971743
6.72999,16.8653,-0.236235
6.92858,17.8384,-0.184072
7.28148,18.8097,-0.270934
7.01302,19.7334,0.000592059
6.90111,20.6968,-0.242836
6.81427,21.7353,-0.154149
7.05812,22.7707,-0.187661
6.97178,23.7699,0.130638
6.90625,24.6301,-0.386334
6.85109,25.6433,-0.576263
7.01264,26.3737,0.128407
6.92237,27.3913,0.29122
6.93169,28.2334,-0.176156
7.65736,2.37737,-0.236744
7.88115,3.27245,0.146297
7.95522,4.28078,-0.0130375
7.95954,5.28999,-0.300348
7.86338,6.30139,-0.162987
7.93807,7.32251,-0.371969
7.87,8.33743,-0.457091
7.96174,9.38385,-0.396194
7.94044,10.33,-0.669671
7.85632,11.348,-0.89209
7.98924,12.2781,-1.21361
7.96194,13.2328,-0.948021
7.90989,13.5123,-1.91514
8.00836,14.3519,-1.35842
7.75907,14.7851,-2.23192
7.87815,15.2392,-1.31345
7.7315,16.17,-1.01205
7.80249,16.9535,-0.416184
7.94964,17.9278,-0.211673
8.24056,18.8601,-0.310663
8.07892,19.8043,-0.131269
7.92309,20.7756,-0.265532
7.78253,21.7706,-0.440355
8.04524,22.7645,-0.195969
7.97834,23.7217,0.147374
7.92614,24.5478,-0.383197
7.85689,25.5555,-0.654616
8.0658,26.3657,-0.0907651
7.93911,27.3781,0.155562
7.95466,28.328,-0.214991
8.65311,2.67617,-0.24774
8.83562,3.6079,0.194058
8.88529,4.56307,-0.11511
8.99437,5.55602,-0.388958
8.93995,6.57134,-0.166207
8.91215,7.57693,-0.35168
8.89124,8.58389,-0.492236
8.96723,9.58617,-0.436998
8.9278,10.5453,-0.701166
8.87421,11.5132,-1.0032
8.95061,12.5994,-1.0201
8.91578,13.5749,-1.09868
8.92627,13.6703,-2.06007
9.01598,14.4535,-1.43952
8.75233,14.8777,-2.30594
8.90575,15.1804,-1.32626
8.729,16.155,-1.03535
8.82944,16.9925,-0.536271
8.97919,17.9418,-0.253468
9.21563,18.9095,-0.0427046
9.0816,19.8654,0.15313
8.91834,20.7247,-0.422495
8.77867,21.7325,-0.299524
9.08542,22.6472,-0.065453
9.02141,23.633,0.189746
8.93865,24.4316,-0.409397
8.84645,25.4123,-0.760259
9.02858,26.3622,-0.378304
8.93743,27.1966,0.160143
8.9699,28.1415,-0.190625
9.62018,2.77335,0.0611835
9.86465,3.69701,-0.0953124
9.91921,4.69996,-0.253639
9.99572,5.69266,-0.189245
9.96736,6.68015,-0.211695
9.99356,7.7333,-0.240208
9.95199,8.68395,-0.618052
9.98107,9.72338,-0.526728
9.96751,10.7354,-0.782754
9.92553,11.7247,-1.08901
9.95906,12.7005,-1.0226
9.87116,13.6486,-1.39235
9.93582,13.6199,-2.38584
10.0191,14.3892,-1.7358
9.74348,14.9287,-2.58723
9.96101,15.1548,-1.63797
9.71722,16.0242,-1.11891
9.82426,16.8967,-0.651109
9.9667,17.8634,-0.287225
10.1506,18.7165,0.223179
10.102,19.7052,0.0733085
9.90573,20.6709,-0.10282
9.83409,21.6113,-0.415311
10.152,22.5788,-0.284405
10.0437,23.612,-0.0514328
9.92687,24.4391,-0.567852
9.8825,25.4156,-0.835334
10.0431,26.2935,-0.349852
9.99768,27.2539,-0.0635853
9.95886,28.2415,0.0817408
10.6774,2.91715,0.203647
10.8629,3.81256,-0.231385
10.8821,4.75732,-0.529856
10.9945,5.74587,-0.290115
10.9869,6.74431,-0.404251
11.015,7.75114,-0.513776
10.9649,8.76586,-0.623948
11.024,9.77918,-0.563488
10.9883,10.7911,-0.791317
10.9818,11.7712,-1.06349
10.9699,12.7598,-1.13274
10.9108,13.6987,-1.52505
10.8963,13.9564,-2.48802
11.0408,14.492,-1.63939
10.7547,14.8729,-2.60034
10.9615,15.2947,-1.66057
10.7802,16.0212,-1.01455
10.8426,17.0643,-0.882492
10.9915,17.9477,-0.487548
11.1721,18.726,0.105698
11.1767,19.7221,-0.0719779
10.9207,20.6878,0.0609821
10.8249,21.6495,-0.312738
11.1553,22.5443,-0.0337931
11.0726,23.4744,-0.284048
10.9313,24.456,-0.442232
10.8158,25.4411,-0.435881
11.0191,26.4296,-0.31294
10.9681,27.3177,0.166845
10.9759,28.3323,-0.000753807
11.6949,3.25184,0.358617
11.8332,3.84046,-0.478329
11.9267,4.82722,-0.571685
12.0155,5.77056,-0.208167
12.0314,6.82994,-0.230818
12.0831,7.85249,-0.498608
11.9788,8.83416,-0.767476
12.0218,9.85243,-0.794092
11.9641,10.8497,-1.03746
11.9907,11.8717,-1.22446
12.0316,12.8838,-1.06811
11.9117,13.7429,-1.59875
11.9019,13.9918,-2.61832
12.0554,14.6299,-1.84949
11.7846,14.9458,-2.74537
11.9623,15.3523,-1.87661
11.824,15.9988,-1.09784
11.844,16.9878,-0.861251
11.9571,17.9151,-0.516803
12.2025,18.7279,0.0437727
12.1907,19.7616,0.0300027
11.9284,20.8092,0.137022
11.8758,21.7706,-0.159618
12.106,22.635,0.224967
12.0128,23.5812,0.0595813
11.7705,24.5441,0.0658284
11.8612,25.4478,-0.321418
12.0141,26.4384,-0.268029
12.0148,27.4056,0.127064
11.9727,28.4165,-0.0269021
12.7359,3.26699,0.376992
12.8577,3.84986,-0.465746
12.9469,4.84468,-0.478283
13.0268,5.85442,-0.300189
13.0473,6.89124,-0.325022
13.1214,7.91762,-0.336793
12.9681,8.96868,-0.443254
13.0551,9.93204,-0.765056
13.0106,10.9422,-1.00176
13.0397,11.9399,-1.06952
12.9778,12.887,-1.38048
12.883,13.9313,-1.49219
12.8915,14.0239,-2.48924
12.9855,14.8905,-1.91123
12.8406,14.9863,-2.88971
12.8914,15.7632,-2.17521
12.8274,15.9473,-1.18371
12.8807,16.901,-0.788943
12.9926,17.7988,-0.373025
13.2052,18.7468,-0.095352
13.2367,19.7609,-0.193805
12.9633,20.6659,0.131233
12.9146,21.6284,-0.168068
13.1526,22.5027,0.206778
13.0064,23.5191,0.153478
12.7457,24.4854,0.07481
12.8249,25.3031,-0.492431
12.9777,26.2368,-0.0969024
12.9923,27.2448,0.0820215
13.0347,28.2399,0.152055
13.747,3.19051,0.49339
13.8942,3.84078,-0.32548
13.9413,4.84374,-0.565987
14.0874,5.84044,-0.402451
14.1159,6.83448,-0.255425
14.1268,7.85469,-0.389303
13.9582,8.8513,-0.525068
14.0811,9.88174,-0.597867
13.9865,10.8787,-0.772658
14.039,11.7836,-1.15669
14.0463,12.7842,-1.31427
13.9671,13.8215,-1.44009
13.8882,13.8708,-2.44199
13.9125,14.56,-1.71565
13.7973,14.7099,-2.75205
13.8631,15.436,-2.02555
13.8772,15.9748,-1.15376
13.9161,16.9167,-0.79194
14.033,17.8245,-0.434739
14.2196,18.8127,-0.34698
14.2949,19.8002,-0.0552934
14.0146,20.7152,0.217289
13.9386,21.6429,-0.176205
14.129,22.4931,0.411185
14.0509,23.4131,0.0836055
13.7657,24.3538,-0.0886685
13.8573,25.3667,-0.318043
14.0086,26.3336,0.0361003
13.9953,27.2942,0.33394
14.0546,28.3539,0.412305
14.77,3.33468,0.714548
14.8825,3.81466,-0.160051
14.9693,4.83686,-0.345009
15.1628,5.82025,-0.348143
15.1498,6.84734,-0.399487
15.1646,7.84518,-0.397302
14.9843,8.79194,-0.692843
15.0913,9.80875,-0.599939
15.0011,10.7377,-0.966015
15.0232,11.6807,-1.23566
15.0727,12.6756,-1.15836
14.8747,13.4079,-1.8338
14.9356,13.9793,-2.67738
14.9759,14.287,-1.70199
14.8392,14.5238,-2.70973
14.8508,15.1636,-1.88608
14.9206,15.8462,-1.1645
14.9641,16.8436,-0.863933
15.0581,17.7065,-0.388333
15.2578,18.7107,-0.299826
15.2648,19.6941,-0.185238
14.9334,20.622,-0.145491
14.9805,21.6075,-0.137144
15.1566,22.5758,0.202173
15.0809,23.5813,-0.00101627
14.8038,24.5089,-0.342573
14.8416,25.4967,-0.467953
15.1049,26.301,0.0234962
15.0023,27.2459,0.366454
15.0596,28.2482,0.191702
15.8141,3.34588,0.748109
15.934,3.85351,-0.100766
16.056,4.81716,-0.230644
16.209,5.79025,-0.447615
16.1528,6.74843,-0.144447
16.1665,7.7062,-0.576214
16.0842,8.69819,-0.777932
16.0927,9.68754,-0.649638
16.0516,10.6035,-0.968447
15.9939,11.5817,-1.16114
16.1401,12.5726,-1.27395
15.9267,13.4199,-1.8398
15.9656,14.0738,-2.6062
15.9999,14.272,-1.62157
15.9098,14.5439,-2.59992
15.8654,15.1743,-1.78147
15.915,15.9869,-1.2047
15.8962,17.001,-1.23003
16.0269,17.8452,-0.678237
16.2824,18.7227,-0.275594
16.2722,19.7134,-0.1275
15.9484,20.5798,0.218027
15.9863,21.5663,-0.0343547
16.1468,22.5357,0.289386
16.091,23.4767,0.072692
15.8201,24.3884,-0.328108
15.804,25.3834,-0.325306
16.1162,26.3046,-0.176128
15.947,27.3237,-0.0233558
16.0819,28.2574,0.290561
16.8366,3.09672,0.788998
16.9211,3.88846,0.195456
17.1241,4.79801,-0.34633
17.1923,5.775,-0.201028
17.1861,6.80111,-0.0641346
17.1846,7.69727,-0.54604
17.128,8.75726,-0.675188
17.1003,9.74689,-0.622776
17.0537,10.6236,-1.16172
17.0181,11.5881,-1.36763
17.1717,12.5834,-1.27647
16.9346,13.4539,-1.78052
17.006,13.9814,-2.63902
17.0064,14.2652,-1.68636
16.8968,14.5443,-2.66982
16.8641,15.1055,-1.82707
16.9239,15.9261,-1.22943
16.902,16.9523,-1.21644
17.0792,17.8175,-0.626038
17.3098,18.7773,-0.33564
17.2499,19.7315,0.091345
16.9845,20.6894,0.265545
16.9283,21.7039,0.27322
17.159,22.6649,0.293701
17.0257,23.6764,0.379702
16.8544,24.3401,-0.394214
16.8517,25.3658,-0.234025
17.1365,26.3149,-0.144896
16.9908,27.3158,-0.054561
17.1811,28.2828,0.311078
17.8749,3.09849,0.719337
17.9607,4.01191,0.302933
18.17,4.80672,-0.246458
18.1798,5.81049,-0.490329
18.2672,6.79235,-0.16115
18.2372,7.61136,-0.698743
18.1121,8.63113,-0.737168
18.0782,9.63914,-0.639698
18.0742,10.5299,-1.10616
18.0846,11.5355,-1.31184
18.1756,12.5358,-1.38162
18.0183,13.4524,-1.76904
18.0475,14.0138,-2.59434
18.0121,14.3476,-1.60064
17.9116,14.6486,-2.56528
17.9249,15.2002,-1.7514
17.9265,16.1114,-1.33113
17.9637,17.1,-1.18904
18.1002,17.997,-0.705594
18.3457,18.8881,-0.345759
18.3156,19.6565,0.290594
18.0062,20.6112,0.334642
17.9483,21.6268,0.36975
18.0839,22.6233,0.601764
18.0751,23.6276,0.340779
17.8673,24.3586,-0.286941
17.9105,25.3564,-0.133699
18.1477,26.3143,-0.125001
18.0388,27.3814,-0.13018
18.1902,28.2981,0.204044
18.9069,2.9899,0.715021
18.9768,4.01187,0.435499
19.1641,4.86107,-0.0959044
19.2578,5.7431,-0.556017
19.2869,6.61325,-0.0494339
19.2521,7.53458,-0.515485
19.1996,8.56383,-0.789734
19.1535,9.55063,-0.777288
19.1291,10.4715,-1.09443
19.1132,11.4667,-1.26761
19.1749,12.4335,-1.42915
19.059,13.4447,-1.69331
19.0963,14.0707,-2.51559
19.0264,14.3055,-1.53727
18.9534,14.5567,-2.53895
18.958,15.161,-1.7699
18.9481,15.9909,-1.18863
18.9875,16.9475,-0.949684
19.1183,17.8513,-0.558885
19.2873,18.8429,-0.661476
19.2773,19.7232,-0.0136357
19.0771,20.6468,0.336351
18.9809,21.6695,0.29125
19.0938,22.6795,0.338487
19.116,23.7068,0.156783
18.8574,24.4097,-0.576571
18.9536,25.3546,-0.238285
19.1665,26.3316,-0.0416791
19.0421,27.343,-0.323087
19.2514,28.2293,0.12363
19.9268,2.74435,0.874032
19.9614,3.66997,0.512217
20.1875,4.60016,0.236644
20.1823,5.56103,-0.136399
20.2854,6.52436,0.0422437
20.282,7.44707,-0.276992
20.1566,8.37924,-0.59938
20.1643,9.38008,-0.597421
20.1353,10.178,-1.21453
20.0802,11.1451,-1.07047
20.1958,12.1244,-1.38939
20.1578,13.1379,-1.62333
20.0896,13.861,-2.3357
20.1343,14.5157,-1.56349
19.9499,14.6957,-2.49691
19.9348,15.2872,-1.69857
19.9174,15.951,-0.895322
20.0377,16.9439,-1.10867
20.1277,17.8132,-0.574532
20.2613,18.7888,-0.316312
20.2776,19.6303,0.263259
20.0399,20.628,0.133799
19.9702,21.5642,0.479824
20.1167,22.5988,0.498257
20.0918,23.4984,0.140846
19.869,24.4076,-0.275863
19.9271,25.3966,-0.00570086
20.2212,26.3685,0.0508621
19.9977,27.3484,0.0705557
20.2692,28.3365,0.236091
20.9099,2.44234,0.789706
20.951,3.39815,0.436277
21.0869,4.28436,-0.0432081
21.2193,5.33659,-0.226011
21.2135,6.25484,0.220759
21.3147,7.21778,-0.0254738
21.1892,8.06569,-0.561412
21.1412,9.09189,-0.645341
21.132,9.98251,-1.11915
21.1652,10.9799,-1.03732
21.1696,11.9075,-1.38998
21.1428,12.8771,-1.59184
21.1197,13.8101,-2.07248
21.1876,14.668,-1.51584
20.9554,14.7239,-2.48731
20.9715,15.1775,-1.56554
20.913,15.9628,-0.942369
21.0471,17.0158,-0.854808
21.1698,17.9145,-0.391537
21.2767,18.8829,-0.185168
21.2429,19.8118,0.108203
21.0646,20.7737,0.102286
20.9906,21.6553,0.55894
21.1273,22.6765,0.481509
21.1169,23.5974,0.108515
20.9134,24.4389,-0.416932
20.9714,25.3809,-0.0749901
21.3125,26.3313,0.0471755
20.9954,27.2837,-0.0718009
21.2351,28.0203,0.590408
21.9792,2.40513,0.856194
21.9836,3.30853,0.387686
22.0844,4.14981,-0.125916
22.2061,5.14526,-0.0256081
22.2783,6.11309,0.165755
22.3036,7.11862,0.120142
22.1561,8.00674,-0.348412
22.1689,8.9616,-0.699365
22.1782,9.87509,-1.09041
22.1489,10.8776,-1.18106
22.1005,11.8513,-0.888675
22.1191,12.6482,-1.49926
22.1506,13.5602,-1.95063
22.1349,14.463,-1.46686
21.9971,14.6961,-2.43433
22.0381,15.1754,-1.58274
22.0033,16.0121,-0.911005
22.0439,17.0473,-0.997436
22.172,17.9953,-0.666039
22.3019,18.7908,-0.0337779
22.2944,19.8034,0.0782922
22.0793,20.7343,-0.111463
21.9684,21.6561,0.289636
22.0941,22.6336,-0.0157231
22.1151,23.6115,-0.0229163
21.9245,24.5875,-0.208731
21.9967,25.584,0.0120884
22.3507,26.534,-0.151488
21.9968,27.4458,-0.265145
22.27,28.1469,0.406116
23.0122,2.49565,0.981194
22.8869,3.04206,0.137242
23.0701,3.92933,-0.284118
23.1993,4.9557,-0.233729
23.2849,5.87333,0.178448
23.2472,6.88644,0.409644
23.1709,7.66094,-0.268706
23.1705,8.6685,-0.517777
23.173,9.51257,-1.04551
23.164,10.5152,-0.976748
23.0994,11.4961,-0.903867
23.0505,12.4434,-1.06534
23.0919,13.203,-1.6942
23.144,14.126,-1.24503
22.977,14.559,-2.14874
23.0563,15.1065,-1.30464
23.0822,16.0964,-1.09857
23.085,17.0675,-0.852562
23.1351,17.9685,-0.376135
23.2775,18.768,0.205948
23.3455,19.7722,0.215897
23.0521,20.7358,0.148677
22.9718,21.7653,0.302374
23.076,22.6335,-0.272182
23.0938,23.6337,-0.0383953
22.9812,24.6227,-0.173388
22.9949,25.6026,0.0432752
23.3409,26.5251,-0.259255
23.018,27.4921,-0.273739
23.2929,28.2789,0.357741
24.0128,2.36222,1.18654
23.8415,2.85036,0.244093
24.0597,3.63453,-0.404855
24.1841,4.64437,-0.359539
24.1884,5.49735,0.199268
24.2341,6.52193,0.294876
24.1868,7.48028,-0.11182
24.1803,8.43681,-0.450972
24.176,9.35544,-0.844707
24.1447,10.3213,-1.1019
24.1263,11.3153,-0.920078
24.0607,12.3639,-0.822727
24.0848,12.9472,-1.61226
24.1903,13.8267,-1.1418
23.9821,14.5652,-1.83504
24.0156,15.275,-1.10833
24.0294,16.2265,-0.847829
24.1245,17.2277,-0.918336
24.1449,17.8946,-0.167934
24.2748,18.8461,-0.0362346
24.3447,19.7813,0.400827
24.0722,20.7125,0.229713
24.0077,21.7269,0.193591
24.1124,22.5794,-0.320084
24.0983,23.6361,-0.135011
23.9595,24.6577,-0.388217
23.9449,25.6443,-0.337196
24.412,26.543,-0.164934
24.0729,27.5341,-0.271615
24.3182,28.2146,0.404022
24.9994,2.09442,1.14405
24.8437,2.65509,0.317243
25.044,3.32282,-0.444761
25.1896,4.37035,-0.288455
25.148,5.2375,0.235755
25.2331,6.24241,0.17495
25.205,7.10405,-0.342198
25.137,8.12226,-0.356914
25.1262,9.09811,-0.582614
25.0958,10.072,-0.902017
25.1172,11.0563,-0.721241
25.0768,12.0311,-0.85247
25.1192,12.8473,-1.4954
25.0987,13.5979,-0.830589
24.9338,14.3189,-1.48142
25.0458,15.2639,-0.966585
25.0633,16.1911,-0.611905
24.9772,17.1701,-0.398413
25.1291,18.1177,-0.00433668
25.1757,18.986,0.52595
25.389,19.8919,0.152397
25.0785,20.8369,0.185739
25.0075,21.8342,0.299814
25.1589,22.6968,-0.162819
25.1376,23.743,0.0380352
24.9688,24.6347,-0.417374
24.9992,25.6603,-0.435859
25.4391,26.5713,-0.274169
25.0902,27.4751,-0.141606
25.3498,28.2238,0.52223
26.0133,1.73374,0.961419
25.8869,2.56452,0.327433
26.1279,3.1758,-0.478195
26.2382,4.14442,-0.312055
26.1951,4.96415,0.277416
26.1635,5.95064,-0.00993072
26.2691,6.91791,-0.245973
26.1612,7.90426,-0.396295
26.1588,8.86882,-0.62551
26.1108,9.85147,-0.713419
26.1548,10.8675,-0.649373
26.0529,11.836,-0.870098
26.1313,12.6932,-1.38492
26.1615,13.4675,-0.769161
25.957,14.2879,-1.26973
26.1008,15.1806,-0.803641
26.048,16.1845,-0.597476
25.9677,17.1531,-0.456258
26.1249,18.1046,0.0180456
26.2249,19.0505,0.499036
26.3807,19.9547,0.0641682
26.0544,20.8425,0.358876
26.0004,21.7866,0.00649434
26.2239,22.7907,-0.0463118
26.1223,23.8323,-0.106101
25.9898,24.8171,-0.3562
25.9685,25.7962,-0.58609
26.4002,26.6616,-0.527674
26.1098,27.6344,-0.347526
26.3625,28.043,0.537794
27.0917,1.64604,0.833207
26.9257,2.44159,0.198111
27.1171,3.01028,-0.653185
27.1992,4.0307,-0.475652
27.2211,4.76756,0.21139
27.1813,5.78742,-0.0146947
27.2286,6.79039,-0.0150945
27.2249,7.70068,-0.335994
27.1485,8.6646,-0.594235
27.1889,9.71794,-0.679925
27.142,10.7116,-0.516541
26.9627,11.7026,-0.52877
27.1355,12.3666,-1.28623
27.2181,13.3639,-0.997061
26.96,14.3094,-0.961156
27.1172,15.2079,-0.61146
27.038,16.2553,-0.791351
27.0442,17.2379,-0.419977
27.1461,18.2455,-0.26491
27.2966,18.9663,0.429371
27.4184,19.8988,0.124912
27.0609,20.8357,0.422214
27.0239,21.7352,-0.0557512
27.2268,22.7391,-0.00342112
27.1062,23.7926,0.0159856
27.0381,24.6996,-0.361379
26.9688,25.715,-0.383648
27.4005,26.6895,-0.470837
27.1298,27.5771,-0.115693
27.3417,28.3731,0.522477
28.1031,1.46164,0.851207
27.9157,2.22461,0.216358
28.0669,2.61445,-0.679617
28.1224,3.60939,-0.307547
28.2325,4.47714,0.170888
28.172,5.50745,0.117591
28.1873,6.48863,0.0948057
28.1349,7.40775,-0.19881
28.113,8.42208,-0.464162
28.1992,9.40084,-0.601581
28.0598,10.3818,-0.390997
27.9207,11.4003,-0.517148
28.1828,12.284,-0.934281
28.1815,13.2706,-0.736024
28.0135,14.2146,-0.917866
28.1336,15.0699,-0.394211
28.0219,16.0378,-0.788473
28.0661,17.0383,-0.534846
28.0972,18.0806,-0.486981
28.3184,18.8952,0.181179
28.4394,19.8801,0.0630604
28.0437,20.8007,0.296042
28.0199,21.7694,0.00838343
28.2482,22.7654,0.170318
28.1121,23.7463,-0.0196112
28.0515,24.627,-0.476467
28.0198,25.7231,-0.294269
28.3975,26.6997,-0.486337
28.1156,27.6531,-0.318278
28.3743,28.3622,0.378774
29.1145,1.49464,1.04912
28.9636,2.02937,0.170916
29.127,2.61815,-0.630891
29.1328,3.59785,-0.404807
29.2185,4.36887,0.20007
29.1858,5.36869,0.226765
29.1876,6.33255,-0.0166753
29.1245,7.32957,0.0292337
29.0952,8.26901,-0.328349
29.1993,9.21856,-0.595965
29.0887,10.14,-0.237458
28.9983,11.2329,-0.388586
29.1808,12.0213,-0.990768
29.1874,13.0732,-0.861419
29.0132,14.0502,-0.729298
29.1605,15.0335,-0.617164
29.062,16.0568,-0.582754
29.1222,17.068,-0.528956
29.1482,18.0804,-0.519181
29.1955,19.052,-0.257311
29.2702,20.0367,-0.500433
29.0513,20.8301,0.08923
29.0251,21.8564,0.0502823
29.2565,22.8436,0.0208991
29.159,23.8192,0.0597858
29.0745,24.7468,-0.269076
29.0839,25.7481,-0.24124
29.301,26.7385,-0.0556597
29.1295,27.7298,-0.20586
29.3938,28.5243,0.368587
