0.00357372,0.0455306,-0.284661
-0.000970489,1.34635,-0.160509
-0.0404736,2.6273,-0.237617
0.0127018,3.8718,-0.211872
-0.015479,5.15309,-0.166198
0.0209326,6.44071,-0.210117
0.0244606,7.67415,-0.219852
0.0698111,8.92817,-0.286718
0.0448744,10.1569,-0.328172
0.163253,11.4043,-0.368197
0.192459,12.5955,-0.45396
0.215766,13.7219,-0.591198
0.307697,14.7657,-0.829673
0.231358,15.7257,-1.06088
0.065096,16.7038,-0.897464
0.187503,17.6643,-0.996438
-0.02266,18.2172,-0.166475
-0.024134,17.2785,-0.522721
0.122422,18.0389,0.146538
-0.0178991,19.0061,0.175613
0.820475,0.67528,-0.329536
0.81204,1.94796,-0.385867
0.814774,3.17288,-0.357906
0.883352,4.37617,-0.30231
0.912741,5.61374,-0.40235
0.958269,6.85106,-0.452235
0.99498,8.08792,-0.395462
0.991122,9.34628,-0.531269
1.09225,10.5442,-0.400275
1.1902,11.8102,-0.325416
1.23234,13.0508,-0.135905
1.29536,14.196,-0.496286
1.34567,15.1467,-1.13593
1.28973,16.2261,-0.940736
0.862224,16.7685,-0.201181
1.17873,17.5125,-0.796707
0.94427,18.0821,0.0098178
0.926139,17.1156,-0.26437
1.1405,18.0566,-0.0601856
0.995236,19.0575,0.133393
1.82798,0.883065,-0.429804
1.78989,2.13457,-0.325449
1.84513,3.41661,-0.351466
1.87359,4.67804,-0.413242
1.89539,5.92578,-0.466942
1.94461,7.20345,-0.376629
1.94769,8.4783,-0.429762
1.93847,9.80103,-0.362752
1.99709,11.1423,-0.276888
1.96585,12.479,-0.0255715
2.01327,13.8376,0.389645
2.12058,15.0778,-0.503162
2.35325,15.6863,-1.86436
2.21778,16.6886,-1.29943
1.81411,17.0357,-0.214487
2.10178,17.1971,-1.12618
1.92119,17.9247,-0.337214
1.77947,17.0581,-0.759304
2.12224,17.8895,-0.30556
1.9599,18.9197,-0.146068
2.79756,0.618625,-0.286279
2.737,1.82142,-0.219892
2.72982,2.99251,-0.123377
2.76704,4.24122,-0.0728324
2.84136,5.48518,-0.26487
2.80079,6.71298,-0.264528
2.77685,7.9508,-0.316495
2.7562,9.19455,-0.464666
2.64161,10.3767,-0.386261
2.61541,11.6292,-0.175222
2.52042,12.8343,-0.159459
2.43011,13.8955,-0.552586
2.11843,14.674,-1.15383
2.3934,15.6016,-0.893878
2.58292,16.632,-0.877255
2.3575,17.0957,-0.0459334
2.90418,17.986,-0.110581
2.79298,17.067,-0.67416
3.13901,17.9498,-0.170205
3.02737,19.0166,-0.0382427
3.82415,0.435578,-0.148997
3.72948,1.62265,-0.143864
3.71951,2.78114,-0.229643
3.78468,3.93516,-0.211325
3.75471,5.09016,-0.286898
3.72212,6.23095,-0.201267
3.64101,7.39709,-0.297772
3.57103,8.55903,-0.352562
3.42013,9.66803,-0.378713
3.31339,10.8568,-0.412992
3.17788,11.9798,-0.26975
3.11941,13.0638,-0.485287
2.85784,14.0442,-0.700366
3.14088,15.0469,-0.494876
3.38315,15.9353,-0.938011
3.26952,16.5987,-0.222102
3.70696,17.4386,0.152351
3.8488,17.1369,-0.777837
4.08643,18.0531,-0.508954
3.99728,19.1067,-0.268465
4.82139,0.288205,-0.348466
4.75432,1.39134,-0.178378
4.8037,2.55276,-0.253676
4.72093,3.6293,-0.231068
4.6687,4.77936,-0.145408
4.65998,5.94752,-0.196493
4.62787,7.05406,-0.292035
4.50983,8.09343,-0.436387
4.37021,9.23039,-0.402405
4.23134,10.3521,-0.387555
4.14394,11.4242,-0.312055
4.00737,12.514,-0.417853
3.79592,13.5406,-0.490774
4.02841,14.518,-0.533848
4.3009,15.3782,-0.970098
4.15758,16.1305,-0.313318
4.63518,16.9908,-0.0297922
4.88985,17.3056,-0.925968
5.05948,18.2181,-0.514808
4.98973,19.0402,0.0245277
5.80259,0.135966,-0.360204
5.73933,1.31238,-0.346364
5.84268,2.4241,-0.429371
5.75558,3.52348,-0.277871
5.68197,4.57917,-0.153652
5.64688,5.69329,-0.220634
5.65072,6.77564,-0.329112
5.5472,7.86484,-0.326032
5.37268,8.95459,-0.440678
5.2232,10.0044,-0.459828
5.20631,11.0594,-0.388791
4.98104,12.1012,-0.525306
4.83399,13.0732,-0.465871
5.02298,14.0503,-0.526234
5.24959,14.92,-0.995398
5.17756,15.7826,-0.450493
5.60288,16.6662,-0.195676
5.89239,17.3859,-0.888076
6.05912,18.3224,-0.61424
5.9932,19.0309,0.124464
6.8029,0.177804,-0.345784
6.77576,1.20972,-0.428596
6.82433,2.26354,-0.53824
6.74654,3.24814,-0.279315
6.6692,4.32362,-0.215131
6.64232,5.4167,-0.393768
6.6181,6.54025,-0.26372
6.58384,7.63116,-0.407398
6.39132,8.66192,-0.461684
6.25365,9.69826,-0.433445
6.18803,10.7041,-0.361034
5.98665,11.7181,-0.393033
5.90431,12.7881,-0.44687
6.0341,13.7678,-0.48244
6.29144,14.6274,-0.90727
6.24808,15.6092,-0.547386
6.69414,16.4794,-0.260842
6.90722,17.3516,-0.7163
7.09472,18.3166,-0.387786
6.95973,18.971,0.330998
7.8062,0.0233192,-0.402042
7.7904,1.08657,-0.294827
7.78168,2.16018,-0.308661
7.74622,3.17239,-0.140803
7.71529,4.24812,-0.306601
7.62351,5.26498,-0.392697
7.57849,6.31375,-0.362548
7.58659,7.39148,-0.466057
7.45332,8.408,-0.491549
7.31344,9.46672,-0.383151
7.22842,10.4848,-0.458461
7.05773,11.5439,-0.43625
6.96102,12.5434,-0.60777
7.0689,13.5829,-0.613962
7.41066,14.5035,-0.819501
7.30332,15.5585,-0.67589
7.74292,16.2467,-0.147255
7.90217,17.1725,-0.580581
8.12312,18.107,-0.283432
7.92203,19.0305,0.0883328
8.87286,-0.0961913,-0.334901
8.85467,0.986715,-0.192404
8.80155,1.99868,-0.230296
8.75541,3.05052,-0.187661
8.71008,4.13801,-0.188986
8.60397,5.19174,-0.171242
8.60529,6.21859,-0.288476
8.576,7.22904,-0.405008
8.50086,8.31403,-0.374847
8.38915,9.30523,-0.496628
8.25088,10.3625,-0.476754
8.1449,11.3854,-0.40184
8.07286,12.4021,-0.578289
8.15886,13.4493,-0.565609
8.40283,14.4626,-0.684994
8.38585,15.4727,-0.617078
8.77211,16.1762,-0.0324229
8.81469,17.1889,-0.0984588
9.09868,18.1582,-0.358016
8.998,19.0153,0.228336
9.86135,-0.127702,-0.082345
9.83499,0.894287,-0.223386
9.80358,1.95921,-0.338356
9.7549,3.02276,-0.284188
9.69972,4.01051,-0.361489
9.59228,5.01971,-0.20315
9.60605,6.03432,-0.287091
9.6226,7.10853,-0.322608
9.60997,8.18291,-0.386444
9.41736,9.1677,-0.476366
9.31279,10.197,-0.586435
9.18151,11.2434,-0.460265
9.18591,12.3124,-0.657332
9.28527,13.2799,-0.533018
9.44887,14.304,-0.555498
9.46138,15.3015,-0.504535
9.79429,16.1069,0.0554552
9.83556,17.1206,-0.0338389
10.1108,18.0869,-0.227689
10.011,19.0519,0.11605
10.8885,-0.0364544,-0.0195532
10.8288,0.986016,-0.218793
10.8453,2.00086,-0.258428
10.7923,3.06242,-0.414432
10.7542,4.08566,-0.510013
10.6645,5.04217,-0.207028
10.6801,6.05367,-0.222904
10.6012,7.03864,-0.092114
10.6672,8.03341,-0.429994
10.4428,9.0608,-0.441011
10.3875,10.0627,-0.548357
10.2392,11.0735,-0.393765
10.2503,12.0803,-0.599872
10.3846,13.0977,-0.49516
10.469,14.1179,-0.531449
10.4992,15.1592,-0.550264
10.829,16.0792,-0.113141
10.8546,17.131,-0.107801
11.0955,18.0793,-0.149571
11.0115,19.0868,-0.1434
11.8619,-0.0280892,0.17655
11.9379,0.998679,-0.000601215
11.8279,2.04526,-0.0270852
11.8527,3.07078,-0.275426
11.7153,4.05142,-0.171728
11.7006,5.05988,-0.252223
11.7488,6.0926,-0.114826
11.6051,7.0809,-0.395892
11.7385,8.11286,-0.477718
11.4901,9.09052,-0.420951
11.3951,10.124,-0.356883
11.3239,11.1741,-0.39064
11.349,12.1565,-0.472927
11.4825,13.1495,-0.466356
11.5135,14.1644,-0.701447
11.5635,15.1456,-0.425394
11.8498,16.1113,-0.181381
11.8988,17.1364,-0.0327372
12.0892,18.0705,-0.272622
12.0639,19.0546,-0.0941252
12.8455,0.00722983,0.0550279
13.0159,0.97925,-0.168355
12.8498,2.01805,-0.187277
12.8615,3.02382,-0.156523
12.7181,4.02936,-0.212195
12.6935,4.98765,0.062743
12.7558,6.01888,-0.0686605
12.7116,6.97941,-0.342778
12.7654,8.02161,-0.236149
12.5427,8.99746,-0.277642
12.4219,10.0471,-0.268682
12.4332,11.0717,-0.424982
12.4407,12.0637,-0.448994
12.5454,13.1161,-0.555367
12.6458,14.133,-0.646345
12.653,15.0645,-0.357006
12.8565,16.0085,-0.0281716
12.9017,17.025,-0.187442
13.1057,18.0523,-0.0978637
13.058,19.067,-0.175771
13.8559,-0.0701407,-0.0960631
14.0124,0.956618,-0.339021
13.9267,1.93705,-0.265349
13.8998,2.98435,-0.298999
13.7214,3.98362,-0.199582
13.7686,4.96094,-0.137077
13.7594,5.96911,-0.0786431
13.7544,6.96674,-0.229048
13.7891,7.95401,-0.242268
13.6295,8.99735,-0.218744
13.4367,10.0149,-0.305841
13.4583,11.0614,-0.264892
13.4947,12.0816,-0.465755
13.5824,13.0763,-0.432636
13.6481,14.1215,-0.589529
13.7461,15.1393,-0.451466
13.8659,16.0872,-0.0230873
13.896,17.0775,0.0124607
14.0805,18.0101,-0.450148
14.0537,18.9332,-0.0361064
14.8884,-0.012888,-0.386386
15.0093,0.906165,-0.0710807
14.9357,1.92867,-0.215268
14.9365,3.02258,-0.294238
14.7431,4.00456,-0.210205
14.8201,5.01918,-0.256545
14.842,6.01719,-0.19527
14.7906,7.00774,-0.166085
14.8663,7.97819,-0.259966
14.6763,9.00707,-0.22429
14.488,10.042,-0.219007
14.561,11.0275,-0.284191
14.6203,12.0312,-0.33657
14.6307,13.0265,-0.425373
14.6419,14.0524,-0.360848
14.7653,15.0094,-0.163582
14.9167,16.0451,-0.26903
14.9388,17.0727,-0.207382
15.0837,18.0944,-0.0735954
15.0397,19.1306,0.16801
15.9236,-0.168767,-0.34246
15.9947,0.891754,-0.342116
15.9808,1.90045,0.00710166
15.9109,2.90553,0.0986053
15.8175,3.89106,-0.212143
15.8348,4.8963,-0.142149
15.9317,5.87201,-0.334825
15.8676,6.92609,-0.286831
15.8705,7.93948,-0.232838
15.7693,8.90966,-0.259462
15.5479,9.9364,-0.312116
15.6599,10.9418,-0.254738
15.6849,11.9503,-0.274108
15.707,12.9401,-0.27246
15.7326,13.9962,-0.376067
15.8145,15.0074,-0.197443
15.9516,16.0088,-0.123127
15.9241,17.0108,0.0360118
16.034,17.9984,0.227891
16.0007,19.0073,-0.0725913
16.9449,0.0269784,-0.159429
16.9819,1.01112,-0.394638
16.9729,2.05093,-0.229746
16.9126,2.92946,0.21569
16.8682,3.84781,-0.209021
16.8954,4.8423,-0.217038
16.9323,5.86153,-0.227622
16.9075,6.88647,-0.328455
16.9255,7.89685,-0.311567
16.8388,8.92291,-0.278527
16.6519,9.93026,-0.343358
16.7715,10.945,-0.281112
16.8016,11.9321,-0.355065
16.7514,12.9378,-0.302423
16.7841,13.9947,-0.32696
16.8912,14.9779,-0.267553
16.9879,15.95,-0.0313028
16.9185,17.0169,-0.0780816
17.013,18.0601,0.0493484
16.9911,19.0547,0.189669
17.9822,-0.126167,-0.154921
17.9855,0.901706,-0.0799707
17.9315,1.88504,0.132035
17.9216,2.90659,0.0408216
17.8718,3.93493,-0.195642
17.938,4.98431,-0.49877
17.9888,5.99465,-0.243092
17.8904,6.89535,-0.635084
18.0148,7.88052,-0.466762
17.9379,8.92695,-0.316855
17.7762,9.93477,-0.365236
17.8352,10.9175,-0.267339
17.8984,11.9598,-0.332987
17.8452,13.0201,-0.256774
17.8576,14.0503,-0.248827
17.9351,15.0387,-0.125947
18.0701,15.9955,0.105853
17.9074,16.9699,0.115693
18.0679,17.9534,0.0372417
17.9888,18.9794,0.102097
19.0367,0.0108585,-0.203345
18.9797,0.929731,0.24113
18.9335,1.92802,0.151503
18.9545,2.90298,0.0406781
18.9483,3.87098,-0.231297
18.9718,4.86313,-0.323829
19.0178,5.93167,-0.288498
18.8757,6.94192,-0.507416
19.0353,7.98909,-0.552507
18.9627,8.96337,-0.289633
18.9648,9.99197,-0.291427
18.8751,11.0242,-0.216715
18.9904,12.0353,-0.290143
18.9255,13.0309,-0.224253
18.9356,14.0218,-0.273199
18.9455,15.0894,-0.312735
19.055,16.067,-0.245091
18.9738,17.0002,0.176418
19.1162,17.9857,0.0703604
19.0026,18.989,0.0887356
