-0.0375103,0.126582,-0.292376
-0.00954619,1.11133,0.00968657
-0.0261971,2.05477,-0.393536
-0.0263802,2.97798,-0.0312754
-0.00546281,4.00038,-0.0523209
-0.00407727,5.03204,-0.0524613
-0.0155004,6.05558,0.102539
-0.0195013,7.06466,0.210224
-0.0349742,8.03796,-0.145689
-0.02172,9.06312,-0.403128
-0.0179693,10.0208,-0.121421
-0.0145909,11.0192,-0.220157
-0.0144078,12.0123,-0.123267
-0.00883206,13.0148,-0.0238899
-0.0192694,13.9726,-0.421509
-0.044908,15.0063,-0.241337
-0.0138279,15.9889,0.0410627
-0.0263955,17.0531,-0.0113376
-0.00575884,18.0225,0.20427
0.0757408,19.0108,0.00343638
-0.0119907,19.9918,-0.196023
-0.0463729,21.0418,-0.089227
-0.00624409,22.0428,0.0433119
-0.021955,23.0481,-0.0188604
-0.0470595,24.0452,0.0818934
-0.0073336,25.021,-0.160842
-0.0200903,25.9874,0.17828
-0.0126926,26.9403,0.0127293
-0.0241096,27.9346,0.0219001
-0.0358043,28.9303,0.214331
1.00243,0.445067,-0.433879
0.995495,1.45823,-0.149406
0.921683,2.45531,-0.316861
0.883575,3.36956,0.0366131
0.993033,4.33898,0.0328288
1.0205,5.34338,-0.155443
0.994458,6.34681,-0.0921232
0.952394,7.25765,0.229655
0.978915,8.12704,-0.364895
1.00651,9.19261,-0.376681
0.988379,10.1839,-0.236085
0.978933,11.2231,-0.250053
1.01176,12.2319,-0.356743
1.00427,13.2113,-0.28359
0.961837,14.1287,-0.653227
0.980413,15.1435,-0.558495
1.04211,16.039,-0.0639393
1.01888,17.061,-0.113633
1.0218,18.1321,-0.0617267
1.059,19.0855,-0.244407
0.966372,20.0635,-0.394876
0.98208,20.9996,0.0444288
0.943361,21.9283,-0.379769
1.01791,22.925,-0.151866
1.00531,23.9015,0.227335
0.997259,24.9247,0.193072
0.988537,25.9292,0.201044
0.973022,26.8922,-0.100101
1.01378,27.917,-0.00795312
0.9816,28.849,0.316498
1.97764,0.796219,-0.380947
1.98218,1.76577,-0.0975311
1.87029,2.76292,-0.391513
1.84878,3.63883,0.0763268
2.02393,4.61562,0.185418
2.05314,5.52844,-0.247047
2.04728,6.50659,-0.279162
1.97799,7.43893,0.0729514
2.00757,8.37246,-0.317374
2.02064,9.44487,-0.173074
2.00987,10.4405,-0.141231
2.04297,11.4016,-0.397134
2.02695,12.3964,-0.286749
2.03363,13.4348,-0.349675
1.95238,14.2251,-0.9704
2.05727,15.197,-0.767324
2.01114,16.0749,-0.258712
2.00768,17.067,-0.0328684
2.03185,18.0376,-0.225513
2.05968,19.0302,-0.241194
1.97922,20.0065,-0.519523
1.86868,21.0225,-0.408905
1.98222,22.0116,-0.339314
2.01332,22.9875,-0.11504
1.98753,23.9672,0.0997986
1.95853,24.995,-0.0995727
2.02296,25.8358,0.454854
1.85136,26.8499,0.396527
1.97645,27.8356,0.246999
1.9242,28.8068,-0.0866543
3.01013,0.853453,-0.512519
3.03475,1.80751,-0.165069
2.8684,2.81383,-0.158669
2.90858,3.80292,-0.222822
3.03421,4.77598,-0.255144
3.02524,5.76661,-0.398267
3.1048,6.75694,-0.339259
2.92582,7.75807,0.047383
2.9792,8.67299,-0.466955
3.05585,9.67829,-0.285104
3.03614,10.6889,-0.301691
3.053,11.6948,-0.447932
3.04292,12.7035,-0.475515
3.03215,13.7232,-0.308814
2.98905,14.3929,-1.03849
3.12508,15.3759,-0.790237
3.04055,16.2404,-0.256923
2.9358,17.2104,-0.464168
3.03832,18.1296,-0.0579699
3.03866,19.1505,-0.0894772
2.98752,19.9807,-0.673601
2.94101,20.9869,-0.337834
2.94323,21.9305,-0.683697
3.02468,22.9179,-0.243303
3.02684,23.9375,-0.0649556
2.90181,24.8722,0.41348
3.04371,25.857,0.409958
2.84077,26.8464,0.498773
2.9563,27.7159,0.0561266
2.94495,28.6856,-0.325559
4.01462,1.00044,-0.490014
4.0163,2.02236,-0.369591
3.86406,3.02083,-0.347673
4.00381,4.00539,-0.236448
4.07708,4.99536,-0.23408
4.03974,5.98096,-0.473836
4.09102,6.97751,-0.342195
3.97228,7.99904,-0.161092
3.96794,8.96814,-0.456795
4.08781,9.94251,-0.490716
3.95895,10.9484,-0.631782
4.11994,11.9266,-0.547523
3.90449,12.796,-0.96025
4.04321,13.7237,-0.612424
4.0162,14.5152,-1.32809
4.13769,15.3855,-0.895508
3.96964,16.3014,-0.671328
3.94462,17.2785,-0.579434
4.11938,18.0959,-0.0238655
4.05518,19.0943,-0.228407
3.88797,20.0922,-0.182836
3.926,21.0822,-0.304761
3.9671,22.0438,-0.767434
4.04225,22.8996,-0.239048
4.02969,23.9584,-0.155058
3.86971,24.9945,0.074868
4.06736,25.9094,0.428736
3.82135,26.8999,0.445561
3.99064,27.8256,0.0690146
3.92529,28.8389,-0.0681784
5.02868,1.28382,-0.526621
5.05142,2.3165,-0.586767
4.84939,3.26372,-0.337385
5.05104,4.2376,-0.271715
5.02433,5.27762,-0.187857
4.9866,6.23107,-0.563445
5.05358,7.18392,-0.359691
5.04015,8.20161,-0.316456
4.95942,9.23431,-0.283959
5.13489,10.2048,-0.609375
5.00205,11.1886,-0.738017
5.12817,12.199,-0.637056
4.92506,13.1086,-1.03986
4.98331,14.0963,-0.74756
4.99082,14.6863,-1.59657
5.17263,15.3948,-0.886276
4.97173,16.3363,-0.580657
4.95894,17.3224,-0.761217
5.14858,18.0363,-0.0444533
5.09854,19.1071,-0.317505
4.86235,20.0812,-0.528156
4.94179,21.0925,-0.42642
4.96814,22.1085,-0.503528
4.96084,22.9342,0.148222
5.00845,23.9285,0.129139
4.87398,24.9213,0.104453
5.11732,25.8994,0.234751
4.7829,26.8367,0.0444044
4.96621,27.8809,0.175997
4.96988,28.8649,0.122892
5.98396,1.61257,-0.618686
6.04065,2.59876,-0.310855
5.85017,3.56897,-0.202185
6.07769,4.53839,-0.278451
6.03035,5.53324,-0.296429
5.94133,6.53117,-0.361861
6.05388,7.52227,-0.275063
6.06008,8.54876,-0.306116
5.95901,9.58027,-0.24619
6.1269,10.3972,-0.731944
6.03555,11.3882,-0.661769
6.0826,12.3661,-0.807874
5.91281,13.1822,-1.34686
5.95097,14.0722,-0.965535
6.0141,14.7027,-1.78856
6.17667,15.3723,-1.03263
6.02351,16.3444,-0.689398
5.99132,17.3153,-0.69787
6.05066,18.332,-0.410343
6.05392,19.3322,-0.169674
5.88397,20.1871,-0.629545
5.92459,21.1743,-0.729826
5.83477,21.9093,-0.0646199
5.98401,22.9234,0.143077
6.01637,23.9064,0.26187
5.88151,24.8986,0.131504
6.09365,25.8786,-0.072805
5.77283,26.7899,0.180023
5.99534,27.7759,-0.0390667
5.85196,28.806,-0.339399
6.87963,2.03764,-0.396762
6.93529,3.02732,-0.610453
6.85018,3.93315,-0.269836
7.07102,4.96788,-0.399728
7.01703,5.93227,-0.166225
6.90392,6.92553,-0.285076
6.9948,7.93847,-0.31272
7.03631,8.92254,-0.345695
6.88666,9.91688,-0.558541
7.06529,10.8092,-0.876504
7.00168,11.8017,-0.672643
7.06295,12.7853,-0.870434
6.9008,13.3801,-1.63862
7.00418,14.1678,-0.98121
7.0441,14.8813,-1.68369
7.26042,15.4591,-0.914777
7.01827,16.4168,-0.879794
6.99763,17.4366,-0.641258
7.0768,18.3726,-0.226493
7.02962,19.3264,-0.506455
6.85566,20.2887,-0.340486
6.93247,21.2039,-0.745766
6.82911,22.1258,-0.301138
6.9543,23.0187,0.164925
7.0698,23.9798,0.394626
6.84366,24.9663,0.313849
7.08681,25.8396,-0.184796
6.74594,26.7596,-0.251939
7.00159,27.7402,-0.113059
6.91051,28.7084,-0.35136
7.80366,2.29408,-0.0585528
7.93778,3.22969,-0.413318
7.92474,4.2132,-0.33115
8.01216,5.21337,-0.209339
7.97688,6.26032,-0.372753
7.91438,7.26707,-0.403211
8.02757,8.23818,-0.0852657
8.04122,9.20792,-0.356816
7.93078,10.177,-0.643068
8.06586,11.1247,-0.942238
7.95861,12.1371,-0.977703
8.03977,13.1733,-0.97897
7.87348,13.5208,-1.90228
8.0414,14.2491,-1.2489
8.01209,14.9518,-1.95349
8.21965,15.6139,-1.22326
8.0545,16.427,-0.69378
8.01201,17.3534,-1.03947
7.99438,18.239,-0.545427
8.09762,19.2422,-0.450508
7.87799,20.2172,-0.278176
7.91587,21.1655,-0.613843
7.89542,22.1065,-0.228806
7.93478,23.0666,0.079342
8.05008,24.001,-0.0890133
7.82348,25.0378,-0.0373058
8.01035,25.9671,0.17293
7.76846,26.8541,-0.276315
7.98918,27.8627,-0.198886
7.88999,28.8445,-0.436915
8.7891,2.51665,-0.0868068
8.93259,3.53799,-0.385534
8.90853,4.58724,-0.498795
8.97415,5.60288,-0.547243
8.96939,6.59477,-0.351296
8.84542,7.59436,-0.333631
8.96686,8.61501,-0.344258
8.95568,9.64984,-0.506394
8.86392,10.5995,-0.84875
8.98246,11.5739,-1.05802
8.90516,12.5601,-1.18117
8.9949,13.5791,-1.15524
8.85481,13.7538,-2.15392
8.99642,14.4196,-1.41461
9.00908,15.0426,-2.25269
9.20891,15.2253,-1.3108
8.96399,16.1769,-1.02245
9.02964,17.1831,-1.14065
8.9853,18.0592,-0.672109
9.05531,19.0355,-0.633317
8.85493,20.0709,-0.533439
8.95571,21.0967,-0.657942
8.88249,21.9452,-0.110446
8.9407,22.9588,-0.0565691
9.06749,23.951,-0.02472
8.89478,24.9196,0.0438307
9.0644,25.9419,0.111524
8.74575,26.7623,-0.451296
8.96258,27.6927,-0.136076
8.85635,28.6755,-0.343193
9.7648,2.80315,-0.228724
10.0087,3.714,-0.57011
9.94387,4.7523,-0.431877
10.0005,5.81283,-0.403922
9.93299,6.79441,-0.55313
9.84962,7.79198,-0.380068
9.94651,8.79882,-0.467898
9.93887,9.75646,-0.846132
9.88131,10.7982,-0.937352
9.94999,11.8085,-0.982989
9.94228,12.7834,-1.21039
10.0094,13.8065,-1.33987
9.85005,13.8984,-2.35984
9.95244,14.5867,-1.60963
10.0474,15.2241,-2.39991
10.2879,15.1799,-1.42161
9.99799,16.1115,-1.132
9.96734,17.046,-0.810279
9.99764,18.0987,-0.839863
10.058,19.0799,-0.643593
9.88427,20.1208,-0.587255
9.99991,21.1324,-0.478253
9.92581,22.0414,-0.101294
9.96164,22.9955,0.127851
10.0647,23.9375,-0.106009
9.95044,24.9026,-0.0398389
10.107,25.8772,0.151793
9.78699,26.6956,-0.393777
9.97826,27.6848,-0.250169
9.91732,28.7116,-0.400031
10.7864,3.00208,-0.163897
11.0332,3.88192,-0.57026
10.9349,4.88781,-0.450053
11.0675,5.88512,-0.528642
10.9356,6.92379,-0.639549
10.8291,7.97014,-0.477935
10.9723,8.96744,-0.541789
10.9355,9.94309,-0.708548
10.9245,10.9255,-0.865975
10.9711,11.9316,-0.926041
10.9685,12.903,-1.27037
11.0076,13.8598,-1.5151
10.9421,14.0245,-2.52028
10.983,14.6328,-1.73109
11.1251,15.2417,-2.48916
11.3357,15.2185,-1.51679
11.0081,16.1121,-1.29437
10.8155,17.0442,-1.33403
11.0197,18.0158,-1.09237
11.0862,19.0702,-0.919852
10.9585,19.9645,-0.441273
10.9868,20.9258,-0.135783
10.9466,21.9446,0.0296793
10.947,22.9564,0.00232856
11.0109,23.9074,0.393652
10.945,24.7862,-0.0278176
11.1171,25.7708,-0.0788476
10.8247,26.6812,-0.39921
10.9802,27.6901,-0.371865
10.8907,28.7034,-0.172088
11.7988,3.06144,-0.239854
12.0257,4.01798,-0.398355
11.9943,4.97681,-0.184179
12.0899,5.9573,-0.572774
11.9695,6.94452,-0.766955
11.8874,7.86204,-0.354546
12.0028,8.91463,-0.372713
11.9189,9.89302,-0.482275
11.9507,10.8721,-0.755882
11.9911,11.8871,-0.993802
11.9806,12.8966,-1.2195
11.9614,13.728,-1.75254
11.92,14.0196,-2.71209
12.0322,14.5652,-1.89815
12.1232,15.2622,-2.65246
12.3199,15.3362,-1.64777
11.9973,16.3001,-1.58821
11.8281,17.2076,-1.10129
11.9905,18.1372,-1.42845
12.1359,19.0619,-0.982324
11.921,19.9692,-0.690866
12.0184,20.8988,-0.309662
11.9396,21.8704,-0.130372
11.9329,22.855,-0.230473
12.045,23.8255,0.13393
12.0225,24.8227,0.122446
12.0759,25.7229,-0.402112
11.8578,26.6762,-0.257317
12.0037,27.6413,-0.491525
11.8658,28.6356,-0.368444
12.8384,3.09334,-0.245805
13.0171,4.09318,-0.225483
12.9841,5.09649,-0.283114
13.1538,6.09872,-0.521183
12.9912,7.07711,-0.657564
12.9662,8.05561,-0.273418
13.0433,9.01437,-0.513175
12.9581,10.0724,-0.474508
12.957,10.9952,-0.942921
13.0654,11.9793,-1.02252
12.9865,12.985,-1.06133
12.9727,13.8312,-1.61829
12.9847,13.9742,-2.67037
13.0611,14.677,-1.9466
13.1178,15.2692,-2.80849
13.3328,15.3553,-1.83387
13.0065,16.2391,-1.47685
12.8303,17.1408,-1.08874
12.9702,18.1387,-1.17989
13.126,19.1834,-1.09734
12.9764,20.0652,-0.683926
13.0474,20.7702,0.0135929
12.9449,21.7781,0.00171514
12.9199,22.7649,-0.211731
13.0559,23.7606,-0.0950133
13.0332,24.7412,0.122129
13.0161,25.7369,-0.0118107
12.8548,26.7123,-0.125932
12.9431,27.6999,-0.248579
12.8928,28.7474,-0.505893
13.8925,3.13692,-0.298874
13.9912,4.15944,0.0139622
14.0304,5.15084,-0.219211
14.065,6.17096,-0.177813
13.974,7.09673,-0.418509
13.9954,8.08218,-0.280364
14.0498,9.0575,-0.54695
13.9964,10.0711,-0.654634
13.9652,11.1008,-0.791681
14.098,12.0198,-1.14975
14.0444,13.0772,-1.1544
13.9871,14.0446,-1.41778
13.9988,14.0173,-2.41487
14.1002,14.7677,-1.76097
14.1326,15.0641,-2.76337
14.283,15.6692,-1.98471
13.9989,16.2753,-1.2218
13.819,17.2314,-1.04863
14.0412,18.2592,-1.25902
14.1098,19.1871,-0.87922
13.9723,20.0506,-0.44944
14.0541,20.9092,0.110175
13.9341,21.8785,-0.0870327
13.9328,22.8772,-0.0689535
14.061,23.8779,0.0973022
14.0661,24.9198,-0.13831
13.9056,25.8693,-0.416523
13.8104,26.8835,-0.530049
13.9639,27.7021,-0.0311197
13.8906,28.6875,-0.258843
14.9473,3.06648,-0.2141
15.0007,4.09882,-0.000332652
15.1488,5.07871,-0.158318
15.0736,6.11086,-0.306577
14.9551,7.05533,-0.748418
14.9807,8.04915,-0.432328
15.0663,9.05173,-0.20285
15.059,10.031,-0.595624
15.0866,11.0278,-0.881628
15.1762,12.0204,-1.06653
15.1503,13.0332,-1.15701
15.0302,14.0171,-1.46296
15.0209,14.0518,-2.47691
15.0992,14.9065,-1.89775
15.1014,14.9765,-2.95156
15.2443,15.7459,-2.26775
14.9944,16.3036,-1.43575
14.814,17.0962,-0.835893
14.9845,18.1058,-0.976464
15.0938,19.0033,-0.542454
14.9951,20.0205,-0.326524
15.0258,20.9916,-0.141188
14.9122,21.9853,-0.21579
14.9679,22.9942,-0.0350444
15.0361,24.0145,0.0794763
15.106,25.0519,0.129225
14.9476,25.87,-0.454997
14.7746,26.8588,-0.187323
14.9743,27.817,0.100989
14.947,28.7696,-0.180627
15.9803,3.16928,-0.0636647
15.9818,4.14341,0.191198
16.1489,5.04459,-0.195715
16.13,6.04562,-0.151347
15.9455,6.99405,-0.652507
16.0389,8.02404,-0.576049
16.0684,9.04932,-0.319514
16.0721,10.0635,-0.488687
16.0936,11.038,-0.64293
16.1953,11.9964,-1.03035
16.1504,12.9753,-1.29804
16.0682,13.9987,-1.48126
16.0096,13.9799,-2.51934
16.1576,14.6452,-1.8246
16.0846,14.9739,-2.81552
16.156,15.5623,-1.91035
15.995,16.4326,-1.47633
15.8229,17.1574,-0.775655
15.9573,18.1481,-0.622031
16.0867,19.1318,-0.332661
15.9943,20.0967,-0.568377
16.0215,20.9992,-0.20188
15.9195,21.9914,-0.0726463
15.9986,22.9962,-0.0359905
15.9968,23.9843,-0.194415
16.1047,24.9194,0.159203
15.9696,25.8587,-0.255885
15.8149,26.8412,-0.00807825
16.0178,27.8374,0.0763329
15.9473,28.8669,-0.0582537
17.0138,3.11727,-0.099411
17.0722,4.09875,0.0694266
17.1935,5.0774,-0.0587939
17.0814,5.97666,-0.458913
17.0258,6.94925,-0.636052
17.0458,7.96304,-0.640745
17.0887,9.04031,-0.539396
17.0788,10.0143,-0.675234
17.1882,11.0171,-0.82609
17.2772,11.9747,-0.972622
17.2116,13.014,-1.09332
17.1174,13.9528,-1.47678
17.0658,13.9288,-2.51537
17.1668,14.7202,-1.838
17.1114,14.9385,-2.77926
17.1727,15.5737,-1.95859
16.9698,16.2609,-1.24848
16.8723,17.0837,-0.691055
16.9522,18.0159,-0.333973
17.0322,18.9873,-0.089227
16.9433,19.9811,-0.222465
17.0263,20.9475,-0.282757
16.9617,21.9556,-0.0919431
17.0465,22.9976,-0.243632
16.9375,23.9409,0.103137
17.1941,24.8577,0.296979
17.0359,25.7991,-0.102051
16.8476,26.7853,0.013245
17.0065,27.7709,-0.0589129
16.9555,28.7667,-0.201321
18.0657,2.96254,0.0781396
18.0643,3.94027,-0.125278
18.189,4.96176,-0.014594
18.0624,5.93319,-0.331391
18.0259,6.93493,-0.477291
18.1026,7.90156,-0.744447
18.1677,8.92971,-0.574731
18.0881,9.89376,-0.750764
18.1681,10.9044,-0.828651
18.3039,11.9324,-0.932307
18.2998,12.993,-1.0401
18.1429,13.9146,-1.39598
18.0969,14.1898,-2.3557
18.1986,14.755,-1.54592
18.0415,14.9261,-2.53432
18.121,15.4495,-1.66449
17.9176,16.1183,-0.937587
17.8781,17.1215,-1.00906
17.9831,17.9923,-0.504215
18.0407,19.0096,-0.385028
18.0018,20.0206,-0.306528
18.0124,21.0245,-0.123704
18.0117,22.048,-0.237077
18.116,23.061,-0.0733238
17.9764,24.0131,0.119291
18.2392,25.0201,0.137025
18.0158,25.8519,-0.385107
17.8941,26.8914,-0.121003
18.0666,27.8922,-0.000555437
18.0332,28.9192,-0.177615
19.0756,2.63149,0.0732719
19.0144,3.6714,-0.0195471
19.1522,4.63169,-0.181417
18.9887,5.57232,-0.589416
18.997,6.59143,-0.399814
19.1111,7.6605,-0.536894
19.1134,8.65702,-0.654534
19.1058,9.67691,-0.866405
19.2091,10.7066,-0.883612
19.3499,11.8059,-1.06216
19.327,12.8411,-1.10814
19.2045,13.9275,-1.31239
19.1758,14.1913,-2.32209
19.1785,15.037,-1.61426
19.1016,15.0408,-2.61652
19.1076,15.7646,-1.9427
18.9038,16.2514,-1.12543
18.9183,17.2166,-0.847826
18.9987,18.1677,-0.540757
19.0157,19.0541,-0.14525
19.0627,20.0368,-0.363207
19.0406,21.0469,-0.180554
19.0523,22.0342,-0.339625
19.109,23.0015,0.0620533
18.9634,23.9773,0.114212
19.2344,24.9241,0.384884
18.9574,25.8506,-0.0694479
18.9285,26.854,-0.0304483
19.0699,27.8685,0.118073
19.1004,28.8195,-0.280486
20.0469,2.28265,0.0473861
20.007,3.28769,-0.141795
20.1559,4.26436,-0.211805
19.9661,5.29905,-0.448689
20.0353,6.35478,-0.459859
20.1078,7.34149,-0.287405
20.1028,8.32073,-0.411161
20.1094,9.32496,-0.667196
20.1953,10.3039,-0.849547
20.2434,11.3532,-0.809977
20.211,12.3411,-0.878903
20.0843,13.316,-1.27041
20.1341,13.8032,-2.16955
19.9783,14.4718,-1.41342
20.1376,14.9207,-2.28904
20.1342,15.884,-2.00578
19.9173,16.2868,-1.09579
19.9344,17.2932,-0.949351
19.9809,18.1354,-0.354228
19.9666,19.186,-0.394253
20.0419,20.1278,-0.163738
20.1636,21.126,-0.152907
20.0772,22.1115,-0.328742
20.1645,23.0515,0.113526
19.9329,24.023,0.295621
20.2173,24.9665,0.065453
20.0076,25.9207,0.0350688
19.9377,26.957,0.0748009
20.1382,27.9596,0.0296854
20.1541,28.9577,-0.296381
21.048,2.09665,0.328837
20.9701,3.00175,-0.177966
21.1109,4.00917,-0.392569
21.0017,5.00255,-0.337297
20.9976,5.98391,-0.22613
21.1071,6.9978,-0.255434
21.0635,8.01858,-0.280425
21.0755,8.93868,-0.728257
21.1941,9.92232,-0.749873
21.1743,10.9053,-0.814118
21.2039,11.9059,-0.92111
21.0345,12.8919,-1.04879
21.0944,13.4126,-1.90316
20.8568,14.0086,-1.17038
21.047,14.7507,-1.84968
21.1275,15.7387,-1.67661
20.9842,16.3501,-0.940593
20.9378,17.2963,-0.69256
20.9336,18.1725,-0.12385
20.9453,19.167,-0.0208197
21.0422,20.1403,0.105579
21.1426,21.1095,0.0570635
21.1369,22.0819,-0.370785
21.1476,22.9665,0.116214
20.9533,23.9353,0.182461
21.1342,24.8073,-0.263463
21.0119,25.7739,-0.0283883
21.0042,26.7993,-0.0182226
20.9935,27.6817,-0.540449
21.1253,28.6428,-0.189474
22.0682,1.82164,0.102896
21.9327,2.73345,-0.358913
22.0969,3.74871,-0.461272
21.9973,4.67034,-0.0966643
21.9605,5.67365,-0.188513
22.0669,6.68257,-0.371731
21.984,7.66209,-0.149254
21.994,8.68,-0.256374
22.1728,9.61347,-0.530671
22.0924,10.5887,-0.434159
22.167,11.6021,-0.705997
22.0507,12.5531,-1.01369
22.1374,13.401,-1.62264
21.8842,14.053,-0.945439
22.132,14.6907,-1.66711
22.0706,15.5762,-1.25141
21.8778,16.2635,-0.567977
21.932,17.248,-0.530546
21.9432,18.1461,-0.191388
21.9299,19.1359,0.0134526
22.0836,20.1563,-0.0683828
22.1614,21.1543,-0.00351268
22.1686,22.0843,-0.345619
22.1156,23.0077,0.074163
21.9798,23.9926,0.153658
22.1718,24.8589,-0.31388
21.9734,25.6931,0.228867
21.9654,26.5937,-0.198675
21.9805,27.5468,-0.455617
22.0355,28.2903,0.202762
23.0388,1.66586,-0.169369
22.9386,2.56749,-0.470003
23.063,3.60498,-0.386447
23.0381,4.53012,-0.0655538
22.9465,5.4918,-0.296387
23.0676,6.45168,-0.468416
23.0286,7.48757,-0.236299
22.9853,8.40876,-0.626481
23.1126,9.3556,-0.304477
23.0825,10.321,-0.599731
23.0717,11.3157,-0.427238
23.0265,12.3248,-0.68305
23.1186,13.043,-1.39163
22.8663,13.815,-0.832759
23.1648,14.4801,-1.5579
22.9992,15.2429,-0.908441
22.9229,16.2453,-0.849797
22.9342,17.0521,-0.30903
22.9445,17.9986,-0.103235
22.9202,18.9993,0.247569
22.9556,19.7266,-0.412186
23.0427,20.7736,-0.398804
23.1079,21.7153,-0.168777
23.1074,22.7283,0.19819
22.9513,23.7281,0.0422254
23.1344,24.7198,0.127406
23.009,25.7267,0.244807
22.9425,26.624,-0.151845
23.014,27.6069,-0.381881
23.1326,28.2037,0.395798
23.9942,1.36701,-0.281893
24.0131,2.35433,-0.28367
24.0759,3.36266,-0.395367
23.9552,4.20389,0.129847
23.975,5.20363,-0.159828
24.1163,6.17761,-0.329228
23.9756,7.15314,-0.470885
23.9563,8.16964,-0.234336
24.0623,9.132,-0.482983
24.1249,10.1397,-0.454341
24.0687,11.1087,-0.348329
23.98,12.1024,-0.352849
24.1198,12.8263,-1.09435
23.9024,13.6428,-0.635749
24.1976,14.3378,-1.33242
24.0027,15.1461,-0.815253
23.9476,16.1574,-0.592117
23.9561,17.0482,-0.0748619
23.9219,18.0881,0.0599506
23.9886,19.0928,0.261953
23.9645,19.8429,-0.420722
24.0432,20.9155,-0.374322
24.0215,21.9613,-0.474941
24.1064,22.7915,0.119193
24.0051,23.7931,0.0489547
24.1369,24.7903,0.133601
23.9992,25.8307,0.0181707
23.938,26.8041,-0.249278
24.0102,27.8341,-0.277252
24.1346,28.4751,0.491577
25.0174,1.24565,-0.0750847
25.0446,2.21377,-0.217768
25.0629,3.23872,-0.370022
25.0203,4.01257,0.325269
24.9661,4.98237,-0.00740074
25.1163,5.90175,-0.307584
24.9928,6.85932,-0.278442
24.8887,7.83274,-0.162081
25.0713,8.79366,-0.341319
25.077,9.81162,-0.308164
25.0083,10.8103,-0.189468
24.9796,11.8088,-0.237516
25.0862,12.4442,-1.00287
24.9121,13.391,-0.731462
25.2234,14.2595,-1.08012
25.0108,15.1162,-0.619437
24.995,16.0917,-0.421168
24.9564,16.9726,0.00514542
24.9581,17.9992,0.244438
25.0298,18.9638,0.0487075
25.0236,19.8972,-0.293493
25.0238,20.9191,-0.189273
24.9956,21.9237,-0.181124
25.0639,22.9295,-0.0482955
25.012,23.8873,0.181524
25.1622,24.8792,0.00797754
25.0022,25.9009,0.183676
24.9867,26.7957,-0.282733
24.9493,27.7134,0.0723777
25.1421,28.6319,0.356389
25.9741,0.875683,-0.106091
26.0509,1.87371,-0.222248
26.0014,2.87368,-0.0185766
26.0586,3.75931,0.444075
25.9703,4.69575,0.13835
26.1494,5.68759,-0.199734
26.0022,6.67301,-0.382461
25.9551,7.66925,-0.292441
26.0467,8.67602,-0.223722
26.0213,9.62715,-0.688815
26.0205,10.4896,-0.110172
25.9701,11.5024,-0.182519
25.9594,12.4823,-0.445878
25.9598,13.4358,-0.416837
26.2394,14.2208,-0.991195
26.0032,15.015,-0.474276
25.9536,15.991,-0.285598
25.9371,17.0585,-0.17033
25.9529,18.0675,0.0841975
26.0188,19.0742,-0.0459639
26.093,20.0117,-0.361046
26.0592,21.0101,-0.401843
25.9932,22.0082,-0.307614
26.0107,22.9917,-0.4249
25.987,23.978,-0.154469
26.1065,24.9172,0.298077
25.9368,25.7492,-0.220182
26.011,26.7454,-0.297662
25.9953,27.775,0.0953978
26.1914,28.6489,0.512656
26.9501,0.592947,-0.116065
27.0552,1.60385,-0.354738
26.9894,2.48155,0.0670766
26.9434,3.48957,-0.00662862
26.9908,4.46171,0.170681
27.0934,5.4815,-0.103702
27.0229,6.4856,-0.203058
26.9404,7.47214,-0.000674459
27.0354,8.43533,-0.246232
27.0609,9.37819,-0.634413
27.0045,10.248,-0.114237
26.9958,11.2655,-0.107871
26.9562,12.1993,-0.426746
27.0122,13.2265,-0.292563
27.1615,14.174,-0.611277
26.9331,14.9748,-0.0502823
26.9629,15.9623,-0.17976
26.9925,17.0189,-0.0678152
27.0163,18.0607,0.00324717
27.0014,19.0491,-0.260283
27.114,20.0126,-0.464547
27.0475,21.0063,-0.279342
26.9776,22.0058,-0.107822
27.0315,22.9644,-0.486438
26.9816,23.9102,-0.0757775
27.0674,24.9054,0.0534471
26.9368,25.9093,0.0894589
27.0122,26.8658,-0.172771
26.9778,27.838,-0.249062
27.0916,28.7716,0.0587634
27.9652,0.32823,0.132313
28.0331,1.29748,-0.146471
27.9645,2.30478,-0.191534
27.9451,3.29442,0.0439405
28.0259,4.27588,-0.115317
28.0184,5.214,0.237626
28.0297,6.20989,-0.0638752
27.994,7.20059,0.137297
27.9878,8.15382,-0.113742
28.0428,9.16554,-0.305799
28.0163,10.1116,0.0721976
28.0007,11.1105,0.0268471
27.946,12.0575,-0.259749
28.0235,13.0268,-0.114866
28.1017,14.0102,-0.286959
27.9806,15.0339,-0.0731498
27.9673,16.0345,-0.194488
28.0373,17.0127,-0.147517
28.0418,17.9924,0.0278115
28.0011,18.9933,-0.198694
28.0111,19.9621,0.0279153
28.026,20.9393,0.0684988
28.0018,21.9718,0.0562731
27.988,22.9682,-0.0123051
28.0141,23.9636,-0.137764
28.0852,24.9127,0.247063
27.9814,25.9367,0.190301
28.0712,26.8585,-0.248738
28.0114,27.864,-0.0841945
28.0667,28.8624,-0.243855
28.9682,0.0520493,0.0933409
29.0247,1.01909,-0.254012
29.0094,2.05797,-0.0581317
29.0245,3.0857,0.0378552
29.0327,4.08243,0.0621204
29.0247,5.06529,0.374819
29.087,6.07594,0.162371
29.0108,7.06062,0.0850795
29.0171,8.04701,0.181054
29.0813,9.04108,0.0172124
29.0257,10.0535,-0.0611011
29.0145,11.0577,0.158843
29.0096,12.0085,-0.141307
29.0127,12.9764,0.00102847
29.0926,14.0057,0.118845
29.0024,14.9868,0.0681722
28.916,15.9812,0.167708
29.0205,16.9569,0.00539872
29.0163,17.9079,0.0898801
29.0233,18.9174,-0.0268349
29.0153,19.9334,-0.0336039
29.021,20.9245,0.0223853
29.0189,21.9691,0.240526
29.0172,22.9552,0.0810663
29.0235,23.975,0.147526
29.0343,24.9616,-0.0797082
29.0033,25.9968,0.0105716
29.1052,26.9632,-0.103519
29.0121,28.0032,0.0815241
29.0515,28.9662,-0.108914
