-0.230836,1.19241,-0.761516
0.00339061,1.53784,0.124232
-0.0316111,2.55562,0.186377
-0.0504135,3.55023,0.0389569
-0.237333,4.56061,-0.17488
-0.101364,5.57224,-0.32794
-0.160402,6.58031,-0.222098
-0.180764,7.60343,-0.0925474
-0.0970458,8.60464,-0.212601
-0.248833,9.44293,-0.723792
-0.165554,10.4425,-0.89895
-0.169613,11.3568,-0.532026
-0.260805,12.3372,-0.760601
-0.21944,13.3494,-0.810895
-0.189642,14.3511,-1.11008
-0.142357,15.3016,-0.838099
-0.201743,16.2244,-0.483477
-0.293271,17.1694,-0.155174
-0.153966,18.1772,0.150926
0.0506455,19.1579,-0.0746757
0.0318827,20.121,-0.36534
-0.223011,21.0277,0.0713157
-0.187002,22.0002,-0.115827
-0.125431,22.9794,0.309531
-0.102414,23.8046,-0.239552
-0.202298,24.694,0.183932
-0.0809961,25.7268,0.0435377
-0.00893887,26.6857,-0.22692
-0.186447,27.6668,-0.415409
-0.158562,28.6466,-0.26783
0.803452,1.37361,-0.752486
0.973379,1.81833,0.1305
0.921152,2.77748,0.363683
0.916294,3.74762,0.111808
0.83596,4.77816,-0.0652211
0.940782,5.7633,-0.402973
0.866057,6.84936,-0.384426
0.787506,7.7545,0.0416334
0.928709,8.71744,-0.268221
0.838462,9.55765,-0.83397
0.837825,10.5455,-0.867885
0.877578,11.5361,-0.56281
0.785165,12.44,-0.951845
0.775887,13.4785,-0.887207
0.790143,14.3833,-1.41823
0.903217,15.3005,-1.03382
0.830268,16.2291,-0.740764
0.725245,17.0805,-0.228739
0.845866,18.0313,0.0533433
1.01273,18.992,0.126933
1.04944,19.8738,-0.313892
0.730476,20.7723,-0.0165441
0.732197,21.7236,-0.392099
0.788568,22.7436,-0.102609
0.874682,23.776,-0.0505966
0.854222,24.8187,0.0199988
0.943849,25.835,-0.00413526
0.993661,26.8139,-0.131782
0.806647,27.8208,-0.222254
0.900333,28.7952,-0.481729
1.85695,1.39114,-0.798941
1.92822,2.04844,-0.0369732
1.85578,3.0466,-0.0039491
1.88246,4.04412,0.146587
1.86984,5.02978,-0.0573168
1.89256,6.03338,-0.249095
1.85021,7.03583,-0.223225
1.74787,8.02378,-0.0905118
1.90705,8.92739,-0.542381
1.8281,9.84852,-0.964
1.79361,10.8749,-1.05432
1.88456,11.7864,-0.555501
1.7497,12.7437,-0.864629
1.74943,13.726,-1.02173
1.78839,14.4771,-1.6944
1.90002,15.3205,-1.10841
1.81332,16.1621,-0.503613
1.79497,17.0403,0.0322123
1.80933,18.0322,0.137098
2.03021,18.896,-0.23737
2.10882,19.9399,-0.307639
1.72182,20.7757,0.0376904
1.76167,21.64,-0.492679
1.78593,22.5973,-0.192215
1.84372,23.6114,-0.0860591
1.82701,24.6149,0.0586932
1.97105,25.6199,-0.237602
1.96196,26.6062,-0.377734
1.79218,27.6078,-0.444481
1.95517,28.6037,-0.332087
2.95355,1.49109,-0.580453
2.9304,2.2582,0.231346
2.81879,3.31793,0.241438
2.90039,4.29115,0.0214545
2.91129,5.29401,-0.135224
2.86895,6.2851,-0.137474
2.84929,7.29622,-0.328114
2.72225,8.25919,-0.438896
2.93009,9.22412,-0.494812
2.8378,10.072,-1.08726
2.79539,11.0685,-1.09409
2.9068,12.0228,-0.64232
2.69166,12.8055,-1.26596
2.74008,13.8317,-1.1491
2.82853,14.6556,-1.75054
2.95089,15.3844,-1.06608
2.8195,16.2078,-0.443324
2.86121,17.0246,0.09635
2.85102,18.0293,0.0688833
3.09996,18.9762,-0.155336
3.13981,19.9566,-0.41724
2.70576,20.7435,0.107474
2.82288,21.6329,-0.355583
2.77889,22.5635,0.0297433
2.87546,23.5953,0.0259804
2.83879,24.6233,-0.212122
3.00188,25.6261,-0.143834
2.97112,26.5239,-0.620417
2.85724,27.5327,-0.525242
2.91856,28.5342,-0.628062
3.88145,1.94058,-0.535005
3.97316,2.52964,0.270003
3.83276,3.50522,0.261345
3.95515,4.4975,-0.051738
3.95841,5.5424,-0.129579
3.8606,6.57006,-0.0256905
3.84369,7.42213,-0.500397
3.76991,8.434,-0.459191
3.86466,9.49251,-0.494211
3.85712,10.2353,-1.19803
3.79803,11.2572,-1.11953
3.98692,12.1356,-0.717881
3.72025,12.7591,-1.4508
3.76915,13.724,-1.23588
3.8526,14.6372,-1.5567
3.96834,15.4708,-1.01692
3.87493,16.2408,-0.427479
3.87509,17.1481,-0.0173376
3.84569,18.1506,-0.152187
4.11144,19.102,-0.242042
4.18202,20.101,-0.265203
3.7547,20.8722,0.247548
3.8376,21.7078,-0.227229
3.78558,22.6218,0.125129
3.88389,23.5904,-0.171139
3.84454,24.6025,-0.366866
4.01897,25.6239,-0.49414
3.97572,26.6371,-0.509992
3.78742,27.5347,-0.950432
3.9897,28.4486,-0.448369
4.87534,1.90121,-0.301431
5.01436,2.71209,0.259352
4.89446,3.67526,0.377966
4.90887,4.69281,0.298315
5.00008,5.62383,-0.034431
4.89619,6.59487,-0.185022
4.87842,7.67136,-0.362597
4.76634,8.6739,-0.430097
4.81491,9.65932,-0.711908
4.81384,10.5648,-1.07693
4.75052,11.5893,-0.922816
4.95408,12.4654,-0.513642
4.79677,12.7976,-1.47825
4.7967,13.7619,-1.23992
4.82163,14.6539,-1.79536
5.02237,15.3555,-1.14134
4.92257,15.935,-0.27156
4.77142,17.0293,-0.428089
4.84718,17.9521,-0.0857051
5.17521,18.9061,-0.24098
5.1833,19.884,0.031135
4.71835,20.7662,0.0552782
4.81523,21.7234,-0.179763
4.78895,22.6839,0.0744957
4.94199,23.6399,-0.165795
4.84973,24.646,-0.0735527
5.02776,25.5969,-0.297293
5.01542,26.6157,-0.415409
4.81062,27.5581,-0.840919
5.05412,28.4783,-0.57477
5.83456,2.01622,-0.00919828
6.03238,2.90221,0.394769
5.8778,3.92341,0.269478
5.85115,4.86245,-0.00721458
6.07267,5.82795,-0.22291
5.86892,6.81038,-0.137153
5.91912,7.83215,-0.351631
5.75812,8.87884,-0.413416
5.79977,9.7427,-0.913544
5.79593,10.7492,-0.919822
5.7988,11.7801,-0.928004
5.92047,12.7385,-0.677013
5.79999,12.8402,-1.65957
5.84098,13.8307,-1.38295
5.88569,14.6678,-1.92779
6.05835,15.245,-1.1193
5.96417,15.9965,-0.371355
5.81371,16.9796,-0.37756
5.8432,18.0088,-0.157823
6.15425,18.9562,-0.483145
6.17598,19.9568,-0.369839
5.68149,20.8028,-0.186953
5.82187,21.8396,-0.316614
5.83035,22.7393,0.171468
5.99637,23.6921,-0.245125
5.87952,24.6765,-0.0599902
6.00423,25.5363,-0.519214
6.00817,26.5199,-0.446602
5.78704,27.5104,-0.639863
6.10017,28.4946,-0.674148
6.87286,2.16574,-0.0184576
7.05472,3.16498,0.347594
6.90609,4.16699,0.211673
6.83972,5.11104,-0.191882
7.08526,6.06154,-0.277041
6.87298,7.0955,-0.351762
6.9101,8.1026,-0.359514
6.76323,9.11451,-0.345073
6.81526,9.98573,-0.769851
6.82033,10.9769,-1.00215
6.77422,11.9993,-0.893988
6.95716,12.9759,-0.71265
6.81016,13.3005,-1.65496
6.80365,14.2077,-1.27491
6.91573,14.8979,-2.02601
7.09624,15.348,-1.15743
6.96779,16.0204,-0.343532
6.82439,16.9982,-0.582836
6.82792,18.008,-0.298035
7.15596,18.8585,-0.713038
7.17124,19.8096,-0.33104
6.71017,20.7199,-0.132475
6.82767,21.7088,0.089349
6.82294,22.7128,-0.0106876
6.9792,23.6933,-0.0223975
6.86762,24.7053,-0.0779138
6.97591,25.5313,-0.686431
7.04499,26.5023,-0.432817
6.80687,27.4207,-0.709387
7.1096,28.4131,-0.610862
7.73976,2.6506,-0.305414
8.01881,3.452,0.197961
7.93585,4.46399,0.227311
7.82312,5.38881,-0.20748
8.03349,6.2656,-0.626371
7.83582,7.26416,-0.467202
7.88202,8.27582,-0.512848
7.71568,9.26048,-0.664083
7.87817,10.228,-0.829145
7.80966,11.2435,-0.806336
7.78519,12.1854,-1.06062
7.84419,13.1471,-1.11364
7.78785,13.4402,-2.06966
7.78853,14.1686,-1.37193
7.91786,14.7624,-2.15352
8.14773,15.2381,-1.26101
7.95848,16.0131,-0.687304
7.87425,17.0384,-0.574978
7.84306,18.0219,-0.320292
8.18043,18.994,-0.499747
8.19782,19.9705,-0.262804
7.7613,20.8014,0.127799
7.83524,21.7473,0.356417
7.86112,22.7122,0.0731132
8.01067,23.6675,-0.120893
7.8649,24.68,-0.113892
7.96838,25.5694,-0.66144
8.08297,26.443,-0.167144
7.82774,27.3483,-0.608515
8.22253,28.2495,-0.448015
8.73462,2.83239,-0.387799
9.00049,3.61824,0.258882
8.89602,4.59468,-0.0986419
8.85122,5.56837,-0.291342
9.02026,6.48623,-0.770782
8.85067,7.42411,-0.556447
8.89851,8.44389,-0.740275
8.80081,9.47806,-0.745006
8.88576,10.4842,-0.868358
8.80882,11.4805,-0.998062
8.72894,12.4978,-1.2413
8.78198,13.5067,-1.24899
8.80271,13.6766,-2.28574
8.84781,14.4245,-1.5358
8.91174,14.9454,-2.42427
9.13972,15.2999,-1.46139
8.93839,16.1585,-0.964629
8.91104,17.0153,-0.476135
8.85893,17.9974,-0.131101
9.16463,18.9482,-0.350325
9.11706,19.8012,0.194143
8.79983,20.7633,0.371551
8.81105,21.7236,0.0749565
8.877,22.6916,0.257726
9.04462,23.6664,0.101267
8.88007,24.6556,0.177026
8.88242,25.5066,-0.342958
9.02726,26.4288,-0.663277
8.84264,27.4131,-0.562203
9.2383,28.2484,-0.150233
9.79871,2.81506,-0.227534
9.97015,3.84697,-0.0181372
9.89456,4.85546,-0.218708
9.81256,5.85968,-0.154448
10.0668,6.58184,-0.827451
9.85436,7.54319,-0.632032
9.90305,8.55288,-0.777389
9.80698,9.58492,-0.773229
9.92241,10.5663,-0.733656
9.87714,11.5161,-1.09665
9.72845,12.4628,-1.36854
9.87392,13.4581,-1.26797
9.8168,13.665,-2.34466
9.90375,14.3751,-1.57336
10.0039,14.9028,-2.41941
10.1684,15.2096,-1.47432
9.93804,16.1257,-1.18931
9.83003,17.1056,-0.951122
9.86735,17.8146,-0.181692
10.1817,18.7607,-0.26119
10.117,19.7266,0.0691336
9.73418,20.7044,0.00470595
9.85482,21.6622,0.26299
9.83062,22.6564,0.0487869
10.0118,23.5997,-0.221674
9.81595,24.5066,0.0764855
9.89717,25.4965,-0.14969
10.0574,26.3009,-0.719501
9.79084,27.1677,-0.323383
10.2704,28.0416,-0.180831
10.8179,2.79302,-0.132838
10.9481,3.75668,-0.301267
10.9064,4.73204,-0.154399
10.8441,5.78776,-0.119193
11.0879,6.63729,-0.638646
10.8664,7.60957,-0.376974
10.98,8.60278,-0.700485
10.869,9.58771,-0.829597
10.8726,10.5647,-1.16399
10.9244,11.5634,-1.05519
10.7654,12.5396,-1.31658
10.9107,13.5868,-1.49254
10.8351,13.8795,-2.43445
10.9866,14.3459,-1.58521
10.9967,14.8873,-2.46525
11.2093,15.1943,-1.52316
10.8983,16.1689,-1.55738
10.8392,17.0122,-1.10629
10.8615,17.7802,-0.417045
11.1636,18.7366,-0.423643
11.1156,19.7267,-0.243342
10.7915,20.6321,0.0539933
10.8637,21.6255,0.0182409
10.8364,22.6731,0.195083
11.1016,23.5724,-0.198151
10.8446,24.547,-0.0934874
10.8948,25.572,-0.0883053
11.1317,26.4384,-0.552715
10.8328,27.3421,-0.285623
11.2694,28.2232,-0.167586
11.8655,2.77132,-0.0595569
11.8969,3.79846,0.0231178
11.968,4.82208,-0.0510544
11.8759,5.81041,-0.206775
12.1162,6.71803,-0.535832
11.9013,7.73833,-0.528611
12.006,8.66283,-0.948054
11.8621,9.64465,-1.04507
11.8952,10.6648,-1.01921
11.9657,11.675,-1.38879
11.8512,12.674,-1.51422
11.8643,13.6537,-1.16846
11.8318,13.9185,-2.14726
12.0427,14.4331,-1.32391
12.0103,14.6171,-2.40999
12.2429,15.2264,-1.68027
11.9268,16.1594,-1.47015
11.8517,16.923,-0.851543
11.8409,17.7647,-0.268636
12.1882,18.6734,-0.422855
12.1441,19.6751,-0.193283
11.8052,20.6224,0.0134709
11.8601,21.6558,0.210547
11.8995,22.675,0.251738
12.1119,23.5985,-0.203207
11.894,24.572,-0.106833
11.866,25.5648,-0.235481
12.1614,26.4021,-0.662731
11.8657,27.2987,-0.368261
12.3132,28.1762,-0.153304
12.8726,2.85197,-0.132487
12.9066,3.84397,0.124516
12.9805,4.85603,0.0418195
12.9541,5.8972,-0.0153203
13.1641,6.8533,-0.351378
13.0005,7.81179,-0.588897
13.0286,8.75965,-0.942097
12.8836,9.762,-0.913828
12.976,10.7463,-0.850255
13.0065,11.6886,-1.25499
12.902,12.7069,-1.41838
12.8604,13.7601,-1.25775
12.8662,13.9103,-2.28188
13.0599,14.5959,-1.52486
13.024,14.5536,-2.47057
13.3055,15.2288,-1.764
12.9215,16.1631,-1.49673
12.8295,17.1615,-1.29261
12.8376,17.8046,-0.495752
13.1793,18.7275,-0.408826
13.158,19.6368,-0.0112918
12.8708,20.5884,-0.00694296
12.8932,21.5989,0.141221
12.9455,22.5892,0.496707
13.1249,23.4879,-0.0114566
12.9121,24.5137,-0.181271
12.8277,25.4311,-0.563387
13.1596,26.3946,-0.515024
12.9617,27.4066,-0.424967
13.2841,28.2786,0.0676321
13.8746,2.79138,0.0545885
13.9237,3.84246,0.040846
14.0432,4.82781,0.0512436
13.978,5.85096,0.062157
14.1932,6.80198,-0.224073
14.0129,7.79062,-0.458956
14.0402,8.75108,-0.734977
13.9516,9.75448,-0.84413
14.0284,10.7275,-0.780926
14.0594,11.7457,-0.992828
13.9445,12.7088,-1.24356
13.8714,13.7306,-1.40603
13.9217,13.9107,-2.40669
14.0558,14.6563,-1.69418
14.0609,14.6323,-2.71287
14.167,15.4491,-2.15306
13.9211,16.1368,-1.42457
13.8627,17.127,-1.14294
13.8497,17.8974,-0.476943
14.1703,18.847,-0.446928
14.1502,19.7627,-0.0528153
13.8373,20.7237,0.281393
13.8994,21.707,0.161187
13.9909,22.6759,0.463289
14.0688,23.6883,0.420255
13.9027,24.4738,-0.169405
13.8753,25.3446,-0.714844
14.1637,26.3322,-0.590014
14.0475,27.3434,-0.417512
14.2724,28.0927,0.207773
14.8713,2.8576,0.0541337
14.9214,3.88147,0.301285
15.0263,4.89293,-0.000836207
15.0278,5.89901,-0.0912198
15.1746,6.88004,-0.20173
15.0829,7.80201,-0.520304
15.0709,8.8052,-0.454302
14.9713,9.74959,-0.731819
15.0684,10.7598,-0.964049
15.0731,11.7907,-1.18351
15.0065,12.7797,-1.23363
14.9397,13.7699,-1.30779
14.9547,13.8744,-2.35371
15.1057,14.6697,-1.6547
15.0919,14.74,-2.61265
15.1309,15.4986,-1.95394
14.9032,16.3221,-1.42139
14.8695,17.2351,-1.02162
14.8838,17.9176,-0.270989
15.2032,18.8591,-0.167321
15.1585,19.9206,-0.122791
14.9141,20.7619,0.335905
14.9041,21.7287,0.0315378
15.04,22.6148,0.514936
15.0619,23.6011,0.489096
14.8208,24.5463,0.204126
14.826,25.3825,-0.390805
15.2066,26.3555,-0.458168
15.0315,27.338,-0.205118
15.3061,28.221,0.280093
15.9434,2.9479,0.209198
15.9624,3.92352,0.544838
16.0388,4.77777,0.0657704
16.052,5.74877,-0.144288
16.1746,6.75643,-0.148289
16.1061,7.74172,-0.253533
16.1305,8.77999,-0.430964
16.0509,9.75959,-0.728422
16.1161,10.7972,-0.927302
16.0803,11.7891,-1.2064
16.0569,12.7833,-1.40726
15.9749,13.8312,-1.46686
15.975,13.827,-2.49606
16.0765,14.5537,-1.84137
16.1024,14.6507,-2.82961
16.088,15.4822,-2.2036
15.9472,16.2159,-1.43381
15.8274,17.073,-0.915369
15.8709,17.8268,-0.253941
16.2017,18.8073,-0.0165716
16.1996,19.8282,-0.00629597
15.9207,20.734,0.201791
15.9226,21.7523,0.340104
16.0696,22.7243,0.66006
16.0076,23.5659,0.117069
15.8548,24.5567,0.150655
15.8502,25.4156,-0.442625
16.2755,26.3277,-0.374761
16.0081,27.2439,0.0790277
16.2252,28.0789,0.602152
16.9353,3.15798,0.0991119
17.0102,3.96595,0.686135
17.1081,4.8326,0.106507
17.0363,5.84325,0.195108
17.1848,6.77335,-0.111017
17.1468,7.76764,-0.329508
17.1724,8.76251,-0.380813
17.0633,9.76457,-0.690716
17.1115,10.7872,-0.849367
17.1098,11.803,-1.1156
17.118,12.7903,-1.36052
17.0626,13.8092,-1.481
17.025,13.9541,-2.51644
17.1295,14.7013,-1.84009
17.1069,14.7078,-2.80959
17.117,15.5551,-2.28364
16.9329,15.9998,-1.41244
16.8271,16.9246,-0.921982
16.876,17.784,-0.330992
17.2612,18.7223,-0.141743
17.1629,19.6327,0.195303
16.9344,20.6219,-0.0338969
16.9096,21.6133,0.111237
17.0661,22.4206,0.637358
16.9435,23.4117,0.491693
16.8507,24.3821,0.293271
16.8915,25.3402,-0.151176
17.2992,26.2559,-0.298215
17.0293,27.0979,0.225925
17.2391,27.9922,0.598917
17.9363,2.7502,-0.0373028
17.8887,3.7349,0.249574
18.1381,4.68437,0.129139
18.0361,5.71196,0.0541734
18.1898,6.73745,0.0920896
18.1694,7.66879,-0.330009
18.2042,8.69216,-0.314667
18.1267,9.71345,-0.645607
18.1801,10.6889,-0.969845
18.1709,11.6748,-1.0646
18.153,12.6942,-1.21615
18.0842,13.7078,-1.49755
18.1076,13.8123,-2.52098
18.193,14.5495,-1.84287
18.0915,14.7259,-2.82293
18.1051,15.4084,-2.01478
17.8544,16.3322,-1.6212
17.8082,17.016,-0.850108
17.8764,17.7519,-0.134519
18.2828,18.7112,-0.0372845
18.1232,19.6323,0.440413
17.9364,20.5486,0.117707
17.9064,21.5409,0.26559
18.0158,22.5356,0.323057
18.0329,23.5194,0.349394
17.874,24.5395,0.254109
17.8857,25.4727,-0.11362
18.3536,26.2927,-0.565304
18.0533,27.0861,0.0598376
18.2343,28.004,0.542488
18.9983,2.83264,-0.218894
18.9019,3.69079,0.351573
19.1605,4.61655,0.0845363
19.1047,5.61149,0.0797449
19.1494,6.57484,-0.202438
19.1882,7.57867,-0.370763
19.2299,8.60391,-0.484445
19.1503,9.59883,-0.550835
19.2346,10.5975,-0.927277
19.1604,11.6149,-1.08123
19.1092,12.556,-1.54041
19.1092,13.5759,-1.57689
19.1343,13.7662,-2.58961
19.1974,14.3901,-1.84594
19.0943,14.8499,-2.73633
19.0996,15.2642,-1.8418
18.8715,16.1554,-1.48715
18.871,16.9894,-0.905591
18.9436,17.7578,-0.30813
19.341,18.67,0.0729637
19.1568,19.6145,0.47228
18.9382,20.4699,-0.0128849
18.9084,21.4619,0.253249
19.0133,22.4165,0.464068
19.0023,23.4417,0.165523
18.9053,24.4097,0.367711
18.9057,25.3922,0.00265511
19.3403,26.2175,-0.397864
19.1184,27.1531,-0.00119022
19.2351,28.0006,0.468096
19.973,2.55648,-0.00571001
19.858,3.50513,0.399905
20.1824,4.4055,0.0369854
20.064,5.36082,0.206839
20.1326,6.30438,-0.0273843
20.1981,7.30897,-0.20632
20.2382,8.34106,-0.36487
20.1701,9.34241,-0.456584
20.2283,10.3201,-0.623847
20.1854,11.3261,-0.929649
20.0752,12.2236,-1.47065
20.0736,13.2239,-1.29204
20.1427,13.5251,-2.27369
20.1594,14.3036,-1.66136
20.0554,14.786,-2.58634
20.0838,15.3139,-1.69495
19.9196,16.2782,-1.48912
19.863,17.0634,-0.850346
20.0077,17.714,-0.102762
20.3135,18.5898,0.427113
20.1887,19.5952,0.372253
19.8938,20.552,0.260512
19.8881,21.5797,0.38475
20.0228,22.5763,0.47955
20.0621,23.5217,0.225697
19.8875,24.5056,0.290689
19.9008,25.4468,0.00485244
20.3057,26.3612,-0.143406
20.1687,27.3054,0.122675
20.2504,28.2879,0.34358
20.9859,2.50123,0.147325
20.8651,3.44051,0.470455
21.1813,4.23144,-0.140345
21.0312,5.19843,-0.236027
21.191,6.20425,-0.115751
21.1992,7.19036,-0.270675
21.2303,8.13763,-0.548268
21.1404,9.17665,-0.59931
21.2418,10.1541,-0.521317
21.1813,11.077,-0.944368
21.1018,11.9688,-1.253
21.0513,13.0391,-1.2212
21.119,13.2906,-2.20794
21.1335,13.9727,-1.46811
21.008,14.3888,-2.36953
21.0796,15.2128,-1.73563
20.9503,16.2012,-1.35999
20.869,17.0965,-0.887518
20.9834,18.0103,-0.334947
21.3278,18.7103,0.316715
21.2128,19.6718,0.502231
20.9258,20.6083,0.212983
20.91,21.6107,0.282559
21.0541,22.6475,0.343281
21.0444,23.6642,0.204706
20.8953,24.691,0.250368
20.8913,25.6971,0.0328623
21.3131,26.5449,-0.442891
21.2083,27.2512,0.243577
21.2651,28.2581,0.451067
22.0055,2.22336,0.164739
21.8574,3.22884,0.456636
22.1873,4.01731,-0.0594775
22.0987,4.99424,-0.217237
22.2308,6.00179,-0.0711936
22.215,7.01358,-0.0969756
22.2163,7.90132,-0.542555
22.1248,8.90683,-0.398825
22.2155,9.86934,-0.591394
22.2166,10.8247,-0.856328
22.1006,11.7494,-1.17353
22.0499,12.7649,-1.14598
22.1255,13.1583,-2.07106
22.1489,13.9605,-1.50689
22.0257,14.516,-2.40148
22.1563,15.3042,-1.77833
21.9967,16.2221,-1.2391
21.9118,17.1515,-0.833476
21.9925,17.9764,-0.326994
22.2992,18.8464,0.0298837
22.2976,19.8244,0.402414
21.9523,20.7077,0.162578
21.9384,21.6658,0.473336
22.0192,22.6829,0.199838
22.0786,23.7122,0.345528
21.903,24.7445,0.152638
21.8718,25.6447,-0.26646
22.3469,26.4914,-0.551964
22.1745,27.3014,-0.0110721
22.2943,28.2287,0.423203
23.0448,1.95158,0.367644
22.8575,2.94771,0.195706
23.0785,3.69393,-0.426206
23.0861,4.62972,-0.162908
23.1988,5.69187,-0.198639
23.1911,6.71163,-0.274523
23.2545,7.65721,-0.584881
23.0663,8.63728,-0.782031
23.2204,9.58548,-0.564797
23.2325,10.6066,-0.874172
23.0793,11.5688,-1.11355
23.1452,12.5959,-1.14422
23.1938,13.0621,-1.99726
23.1429,13.94,-1.44669
23.0533,14.4662,-2.245
23.1923,15.1807,-1.54348
23.0256,16.1442,-1.3761
22.9296,16.9967,-0.815531
23.0361,17.9435,-0.437751
23.2926,18.8788,-0.0845729
23.2927,19.8147,0.261443
22.9851,20.7367,0.228632
22.9923,21.7272,0.480581
23.0831,22.7083,0.291961
23.0889,23.7352,0.333561
22.9347,24.7772,0.222187
22.8928,25.7056,-0.140364
23.3699,26.5599,-0.448082
23.2119,27.4728,-0.0523423
23.3461,28.2694,0.532325
24.0934,1.9605,0.528697
23.9024,2.87657,0.275707
24.1014,3.63104,-0.416733
24.1056,4.54587,-0.0581317
24.2349,5.49148,-0.339412
24.201,6.52336,-0.292972
24.2084,7.54988,-0.367574
24.1296,8.52913,-0.538905
24.1831,9.52039,-0.290149
24.2326,10.3533,-0.885049
24.0474,11.3339,-0.916294
24.0867,12.3155,-0.79111
24.158,12.7439,-1.68031
24.1823,13.6909,-1.22002
24.0301,14.3936,-1.90626
24.2296,15.2778,-1.382
24.0514,16.2495,-1.10621
23.9093,17.1784,-0.719379
24.0138,18.1472,-0.594507
24.3095,18.9153,-0.0675619
24.325,19.801,0.468722
24.0064,20.7803,0.209958
23.9997,21.7835,0.322364
24.135,22.7967,0.2369
24.0736,23.802,0.468938
23.9571,24.7956,0.281759
23.9799,25.6516,-0.302277
24.4268,26.5803,-0.571981
24.2037,27.3044,0.133067
24.3247,28.2517,0.607309
25.0756,1.61682,0.544328
24.833,2.48581,0.0616016
25.1293,3.34352,-0.475918
25.0641,4.34781,-0.306192
25.154,5.24736,0.0149998
25.188,6.26921,-0.0206885
25.1488,7.15294,-0.498325
25.065,8.13275,-0.302408
25.1995,9.14643,-0.395349
25.234,10.0953,-0.676547
25.0531,11.083,-0.853734
25.1117,12.0555,-0.639183
25.1491,12.6561,-1.50027
25.188,13.5705,-1.06316
25.1096,14.3743,-1.64884
25.124,15.1017,-0.945878
25.0238,16.0898,-0.998135
24.9375,17.0583,-0.693432
25.0502,18.0408,-0.548827
25.2034,19.0553,-0.436439
25.3642,19.8263,0.230952
25.0553,20.815,0.180306
24.958,21.8289,0.0199805
25.1713,22.8092,0.177017
25.0644,23.8506,0.330119
24.9395,24.8072,0.0442366
25.054,25.7996,-0.213999
25.3893,26.7664,-0.370882
25.2206,27.3117,0.445772
25.402,28.296,0.685348
26.119,1.69908,0.846068
25.8849,2.4604,0.253008
26.0948,3.02152,-0.556294
26.0939,3.96885,-0.229481
26.1292,4.98733,-0.141261
26.1763,6.02805,-0.0572954
26.2027,6.95058,-0.388437
26.0703,7.97043,-0.428593
26.1906,8.95542,-0.106348
26.2334,9.81594,-0.609461
26.0894,10.8978,-0.722114
26.0788,11.884,-0.585833
26.1384,12.3037,-1.48584
26.1687,13.2432,-1.07547
26.0602,14.2013,-1.36137
26.0984,15.0159,-0.7227
26.0292,16.0258,-0.828263
26.022,17.0031,-0.642161
26.0617,18.0472,-0.53759
26.2218,19.0456,-0.681149
26.2135,20.0348,-0.346718
26.07,20.8726,0.250352
25.9437,21.8976,0.0882382
26.2121,22.7985,0.30455
26.1364,23.7683,0.319514
26.004,24.7088,0.00184637
26.1132,25.7075,-0.124973
26.3181,26.6638,0.105982
26.1989,27.5584,0.543083
26.4431,28.4592,0.891733
27.043,1.89289,1.12593
26.8894,2.34237,0.233259
27.1308,2.83084,-0.611103
27.0904,3.80066,-0.307514
27.1544,4.83594,-0.157711
27.1962,5.86651,0.121216
27.1817,6.74088,-0.392981
27.0402,7.72541,-0.325019
27.0236,8.69531,-0.633512
27.2181,9.70965,-0.445247
27.0776,10.745,-0.388385
27.1063,11.7511,-0.497339
27.1584,12.3028,-1.3145
27.1546,13.3062,-0.949486
27.0758,14.2984,-1.11877
27.1321,15.1649,-0.645097
27.0056,16.2178,-0.654396
26.9956,17.2096,-0.405664
27.0779,18.1822,-0.518647
27.251,19.1967,-0.524598
27.2566,20.1276,-0.260662
27.0614,20.9663,0.273019
26.987,21.9823,0.310199
27.2049,22.9342,0.119092
27.076,23.882,-0.114649
27.0765,24.8871,0.00740074
27.1424,25.8832,-0.180786
27.3838,26.8379,0.045732
27.1072,27.7824,0.234806
27.4162,28.604,0.706262
28.0055,1.64104,1.06632
27.9083,2.14628,0.266567
28.1553,2.71234,-0.510001
28.0882,3.70923,-0.331101
28.1138,4.57955,0.142039
28.1938,5.57556,0.195584
28.1889,6.51665,-0.242982
28.0526,7.48213,-0.193863
28.0478,8.48577,-0.462523
28.2103,9.44354,-0.542924
28.0964,10.383,-0.232176
28.0262,11.378,-0.654558
28.2122,12.2464,-1.22014
28.1396,13.1938,-0.81587
28.0448,14.1838,-0.853478
28.1592,15.1525,-0.505698
28.0194,16.1515,-0.375536
28.0072,17.1756,-0.329423
28.1452,18.1178,-0.682687
28.1851,19.0108,-0.217374
28.2964,19.9942,-0.187374
28.0523,20.9394,0.00881375
27.9548,21.9219,0.196838
28.1918,22.9115,0.293289
28.1513,23.8305,-0.131526
28.0651,24.8541,0.0643117
28.1335,25.9042,0.0281075
28.3044,26.8289,-0.34182
28.1029,27.7171,0.107685
28.386,28.6936,0.446776
29.0754,1.52535,1.0901
28.9565,1.96396,0.157186
29.1764,2.59312,-0.609751
29.1259,3.54811,-0.353319
29.1546,4.3573,0.216388
29.1858,5.36869,0.226765
29.1826,6.32886,-0.0771722
29.1215,7.31917,-0.0744133
29.0796,8.25358,-0.453606
29.1913,9.24469,-0.464476
29.0843,10.2007,-0.200073
28.9842,11.203,-0.376797
29.1747,12.0824,-0.854485
29.1743,13.1347,-0.867998
29.0016,14.0904,-0.583251
29.1565,15.0892,-0.678301
29.0304,16.0586,-0.432157
29.1052,17.121,-0.442341
29.1459,18.079,-0.595328
29.1802,19.0423,-0.452904
29.2698,20.0189,-0.467046
29.0516,20.8245,0.106561
29.0172,21.8607,0.18645
29.247,22.8221,0.240291
29.1577,23.7893,-0.00862453
29.0892,24.7931,-0.114731
29.0769,25.7876,-0.324595
29.2917,26.7422,-0.109925
29.1214,27.7327,0.0243751
29.3837,28.5859,0.496606
