0.00547807,0.00245674,-0.163875
0.00351268,1.23359,-0.260643
-0.0396161,2.5327,-0.247819
0.000689718,3.86249,-0.236628
-0.0112217,5.17885,-0.245793
0.0188177,6.41792,-0.22931
0.00636921,7.7024,-0.193643
0.0577685,8.95599,-0.180538
0.0418348,10.2171,-0.206171
0.17036,11.458,-0.271194
0.158635,12.6739,-0.377374
0.177502,13.824,-0.701144
0.194409,14.8671,-1.20648
0.182922,15.8706,-1.34549
0.0683798,16.7463,-0.853084
0.156526,17.7078,-0.803952
-0.0177435,17.7061,0.243617
0.00162969,17.5838,-0.735685
0.0100772,17.9922,0.251387
-0.0131443,18.9993,0.300452
0.886822,0.406681,-0.432145
0.877258,1.70653,-0.473418
0.886422,3.00472,-0.38609
0.957024,4.28188,-0.364281
0.910566,5.55603,-0.290667
0.918519,6.82398,-0.2116
0.924335,8.08619,-0.146455
0.995331,9.3888,-0.206049
0.956044,10.7226,-0.202322
1.05784,12.0009,-0.211921
1.17869,13.2812,-0.324274
1.16377,14.392,-0.844343
1.1553,15.342,-1.62686
1.20309,16.3862,-1.62741
1.07002,16.9945,-0.820386
1.20219,17.9335,-0.972243
0.945576,18.0438,0.0656911
1.03231,17.6402,-0.831162
1.07627,18.0272,0.141404
1.01996,19.0136,0.387667
1.85734,0.635051,-0.261962
1.8502,1.93713,-0.240016
1.8478,3.22486,-0.215836
1.9028,4.55358,-0.287213
1.85312,5.88533,-0.202719
1.87457,7.22715,-0.171184
1.87058,8.55842,-0.125736
1.88674,9.92042,-0.109107
1.86374,11.2855,-0.024369
1.86975,12.7196,-0.0631153
1.86594,14.1901,0.0132328
1.86375,15.4127,-0.863656
1.84411,16.0603,-2.33735
1.93857,17.1964,-1.78972
1.96511,17.4185,-0.567757
2.19377,17.9419,-1.3525
1.98701,18.183,-0.29808
2.04863,17.5801,-1.08419
2.06716,18.1484,-0.272451
2.0469,18.929,0.352263
2.8754,0.392151,-0.203815
2.83088,1.65858,-0.276363
2.87862,2.94597,-0.319593
2.89374,4.21545,-0.333265
2.79917,5.49538,-0.262331
2.78485,6.74555,-0.219712
2.78656,8.02812,-0.198996
2.72055,9.29948,-0.190985
2.61724,10.5855,-0.276968
2.55977,11.8879,-0.273132
2.43128,13.1461,-0.381976
2.40227,14.2904,-0.838682
2.46899,15.2114,-1.64618
2.503,16.2669,-1.55388
2.73618,16.6958,-0.663713
3.07486,17.512,-1.19727
3.00574,17.7967,-0.1935
3.05512,17.7735,-1.17573
3.1602,18.086,-0.222269
2.97859,19.0395,-0.0323008
3.89029,0.314023,-0.295083
3.86604,1.53276,-0.275851
3.84419,2.72247,-0.2167
3.83427,3.91881,-0.233857
3.76105,5.12019,-0.186608
3.78421,6.3098,-0.275585
3.67917,7.49822,-0.19906
3.56433,8.69629,-0.218262
3.48327,9.8943,-0.255599
3.34624,11.118,-0.35642
3.22869,12.2697,-0.486242
3.16457,13.3984,-0.800241
3.13323,14.3717,-1.18744
3.22857,15.4414,-1.35138
3.60064,16.0519,-0.643113
3.82175,17.0248,-0.768462
3.97632,17.7335,-0.0590106
4.04124,17.5543,-1.06663
4.21357,18.0449,-0.179662
4.01514,19.0662,-0.0669332
4.90163,0.181167,-0.131141
4.85512,1.29067,-0.120716
4.8081,2.39348,-0.0457076
4.80689,3.55681,-0.191104
4.69341,4.72546,-0.160808
4.71387,5.82495,-0.264385
4.57056,6.96018,-0.351961
4.47525,8.11211,-0.295248
4.38869,9.25777,-0.471569
4.15784,10.3792,-0.514978
4.00702,11.5023,-0.599377
3.95549,12.5796,-0.80011
4.00819,13.6313,-1.04093
4.01327,14.6672,-1.05371
4.44515,15.5106,-0.733357
4.70505,16.5401,-0.707663
4.92589,17.274,-0.050032
5.04021,17.7907,-0.976998
5.28321,18.0897,-0.0562273
5.00371,19.0336,-0.151357
5.88543,0.0616504,-0.104529
5.85694,1.20386,-0.169988
5.85271,2.34711,-0.181033
5.80809,3.39507,-0.188714
5.72427,4.47587,-0.256258
5.72381,5.57885,-0.312046
5.55573,6.71281,-0.273138
5.46308,7.77165,-0.263854
5.35433,8.82721,-0.414264
5.15175,9.92807,-0.470141
4.99562,11.0189,-0.520866
4.91366,12.0723,-0.781152
4.98353,13.1065,-1.00014
5.02488,14.1696,-0.957271
5.43535,15.0579,-0.672671
5.61611,16.0485,-0.76534
5.83098,16.7757,-0.091757
5.9908,17.3707,-0.872842
6.27405,18.0898,-0.218085
6.02771,19.0395,-0.159847
6.91153,0.136888,-0.0564226
6.9062,1.17287,-0.0789544
6.86662,2.19757,-0.213486
6.83579,3.27793,-0.387936
6.7381,4.31832,-0.298224
6.76628,5.41591,-0.240968
6.58202,6.45287,-0.311475
6.49599,7.55587,-0.36288
6.37047,8.62894,-0.446385
6.21243,9.63516,-0.535423
6.05249,10.6935,-0.515558
5.94618,11.7817,-0.603757
6.04704,12.7433,-0.931867
6.01375,13.7581,-1.09127
6.34197,14.5723,-0.641343
6.55086,15.6105,-0.652074
6.8407,16.5027,-0.223838
7.00532,17.364,-0.698813
7.17866,18.3521,-0.517679
6.96853,18.9982,0.212467
7.90602,0.0124454,-0.180242
7.90508,1.04984,-0.090231
7.86588,2.10763,-0.162682
7.84106,3.15219,-0.209513
7.74241,4.1972,-0.207682
7.8211,5.24227,-0.218378
7.61113,6.22944,-0.291266
7.47114,7.28036,-0.113233
7.42716,8.39007,-0.295264
7.23457,9.3427,-0.556407
7.11309,10.4427,-0.447099
7.0367,11.5182,-0.60651
7.09201,12.4994,-0.803644
7.09989,13.5068,-0.860942
7.43389,14.4633,-0.813025
7.5172,15.4004,-0.482168
7.86064,16.3143,-0.146535
7.99922,17.169,-0.658312
8.1082,18.0877,-0.252898
8.01618,19.035,0.185412
8.96179,-0.0523423,-0.0527573
8.92049,1.0037,-0.0856105
8.85838,2.04164,-0.063274
8.85004,3.07563,0.0692984
8.81487,4.05466,-0.175906
8.80559,5.07658,-0.148756
8.63601,6.11641,-0.366042
8.52307,7.2104,-0.214164
8.41266,8.25166,-0.389145
8.29496,9.32422,-0.373446
8.16831,10.3376,-0.540901
8.11647,11.3617,-0.535197
8.13941,12.3664,-0.769591
8.18459,13.3968,-0.773104
8.51924,14.3598,-0.702506
8.56971,15.3548,-0.569799
8.84614,16.1949,0.00817286
8.9336,17.1506,-0.3386
9.1225,18.1461,-0.284652
9.05633,19.0084,0.242772
10.0231,-0.133366,0.0225166
9.91042,0.872063,-0.0890622
9.87013,1.94647,-0.137822
9.84844,2.98741,-0.19219
9.80034,4.02663,-0.220276
9.85526,5.04474,-0.192419
9.67753,6.02099,-0.307459
9.61727,7.07233,-0.315714
9.4906,8.10564,-0.398334
9.33416,9.09353,-0.412201
9.24812,10.1079,-0.648286
9.16529,11.2172,-0.54973
9.22026,12.1955,-0.818833
9.2968,13.2048,-0.653185
9.59457,14.2046,-0.730573
9.58309,15.1803,-0.411701
9.83821,16.0464,0.0248482
9.89102,17.0416,-0.0294229
10.0551,18.0604,0.0615223
10.0773,19.0382,0.250868
11.0301,0.00446181,-0.0977996
10.9011,1.00486,0.138398
10.895,2.07419,-0.027485
10.8392,3.06517,-0.00262154
10.8083,4.05319,0.0337718
10.8685,5.01622,-0.121485
10.713,6.02951,-0.259938
10.6556,7.12322,-0.215381
10.5596,8.11387,-0.22707
10.3986,9.10561,-0.324125
10.3687,10.0727,-0.583129
10.2349,11.0908,-0.586502
10.2895,12.0844,-0.551805
10.3502,13.1211,-0.443132
10.5703,14.0617,-0.481707
10.6254,15.0933,-0.434043
10.9627,16.0074,-0.0586932
10.8915,17.0185,-0.0758354
11.1041,18.0112,0.00355235
11.0526,19.0343,-0.0551988
12.0606,-0.0142979,0.118189
11.9112,1.00497,0.239662
11.8719,2.0422,0.17307
11.9087,3.02922,0.0637013
11.8388,4.04457,-0.0216834
11.8739,5.08007,-0.0591144
11.8178,6.096,-0.228181
11.6686,7.057,-0.0822626
11.6426,8.06531,-0.199701
11.4657,9.06906,-0.377902
11.4909,10.014,-0.462804
11.2888,10.9829,-0.651186
11.3857,11.9773,-0.585009
11.3965,13.0438,-0.539711
11.632,14.1081,-0.518955
11.7077,15.1554,-0.499567
11.9785,16.0799,-0.233421
11.9114,17.0729,-0.199512
12.0206,18.0994,-0.307935
12.0545,19.0452,-0.0475295
13.0212,0.00906095,0.410929
12.9141,1.02174,0.280935
12.8705,1.99377,0.109571
12.9156,3.01243,0.226533
12.8443,3.98269,-0.00392773
12.8625,5.05833,-0.032136
12.8331,6.09323,0.0143315
12.7053,7.08083,0.0518876
12.7475,8.06637,-0.189206
12.5285,8.99643,-0.551933
12.6216,9.99097,-0.356307
12.442,10.9941,-0.507263
12.4386,12.0161,-0.400293
12.4636,13.0161,-0.475198
12.6803,14.0143,-0.589511
12.7561,15.0549,-0.458602
13.0318,16.0399,-0.522895
12.9212,17.0363,-0.296597
13.0591,18.041,-0.402792
13.0286,19.0428,-0.327046
14.03,-0.021485,0.275362
13.9078,0.990106,0.25143
13.9351,1.99407,0.23058
13.8973,2.94754,-0.0388958
13.8925,3.96962,-0.0389904
13.9096,5.03565,-0.223368
13.8642,5.98728,0.118876
13.761,6.98451,-0.0442183
13.7657,8.00809,-0.273974
13.6683,8.97618,-0.647295
13.686,9.93662,-0.425938
13.5785,10.9688,-0.398871
13.5139,11.9951,-0.54026
13.5476,13.0389,-0.461513
13.7053,14.0189,-0.457982
13.7541,15.024,-0.239225
14.0041,15.9902,-0.316456
13.9234,16.9988,-0.324409
13.9553,17.9216,0.0865627
14.0313,18.919,-0.0803613
15.0693,0.0017243,0.275256
14.9105,0.987457,0.206464
14.9324,1.97464,-0.0437757
14.8645,3.00473,0.0450667
14.9968,4.05542,-0.146043
14.9295,5.07259,-0.0571703
14.8888,6.03882,-0.00393384
14.8262,7.02458,-0.261827
14.8142,8.03287,-0.254021
14.6952,9.05344,-0.33603
14.747,10.0711,-0.474612
14.6415,11.0994,-0.454134
14.6087,12.1056,-0.386279
14.656,13.0569,-0.553655
14.7703,14.0717,-0.250111
14.8102,15.1439,-0.297101
15.0127,16.1134,-0.183953
14.9026,17.1018,-0.0235572
14.9757,18.1304,0.0212653
14.9807,19.1486,0.157643
16.0331,-0.0986084,-0.0174535
15.9343,0.879617,0.140294
15.9795,1.94053,0.153627
15.9113,2.93189,0.0876492
15.9752,3.95529,0.0957701
15.9716,5.01174,0.0574908
15.9032,6.03006,-0.0756676
15.8645,7.04145,-0.177563
15.8346,8.07049,-0.177377
15.7596,9.02385,-0.474404
15.8111,10.0311,-0.289962
15.6798,11.0204,-0.355889
15.7316,12.0504,-0.313407
15.7069,13.055,-0.338646
15.7712,14.0689,-0.395889
15.8481,15.0862,-0.248506
16.0713,16.0877,-0.288327
15.9121,16.9739,0.104596
16.0226,17.9786,0.121204
15.9813,19.017,0.0795831
17.0076,0.0605792,0.172619
16.9222,1.11032,0.254256
16.9322,2.18058,0.337544
16.9186,3.15585,0.0683584
16.9373,4.18693,0.364202
16.9911,5.05152,-0.120234
16.9252,6.01116,0.010419
16.9309,7.02436,-0.0704337
16.8976,8.05571,-0.166854
16.826,9.0413,-0.459828
16.9292,10.0573,-0.346593
16.8008,11.0584,-0.447285
16.8028,12.0495,-0.278573
16.7574,13.0183,-0.291443
16.8154,14.0938,-0.244078
16.8926,15.1143,-0.157042
16.9617,16.0249,0.164797
16.9283,17.0178,0.139946
17.0863,18.0219,-0.0193121
17.009,19.0549,0.043086
17.9948,-0.0378338,0.143312
17.9902,1.02261,0.102548
17.9393,2.05405,0.162294
17.9455,3.0656,0.174416
17.9922,4.06635,0.407807
18.0188,5.04418,-0.0268441
17.9609,6.04871,0.155098
18.0148,7.02026,-0.251976
17.9461,8.02113,-0.196838
17.8721,9.00134,-0.398199
18.0154,10.0287,-0.306891
17.8453,11.056,-0.274575
17.9164,12.0874,-0.173705
17.8094,13.0533,0.0019715
17.8681,14.0702,-0.0317515
17.9051,15.0874,0.00471511
17.9815,16.0128,0.332914
17.9963,17.0086,0.118616
18.1042,18.0063,0.0414014
17.9296,18.9731,0.390707
19.0456,0.0121342,0.114115
18.9738,1.03568,0.358412
18.9684,1.99502,0.03408
18.9564,2.94649,0.408283
18.9892,3.95842,0.355577
19.0019,4.97827,0.0909177
18.9988,6.01039,0.0230354
19.0266,7.03689,-0.106763
19.0231,8.05674,-0.211264
18.9084,9.04584,-0.50224
19.0635,9.93475,-0.0616993
18.8984,10.9171,-0.25472
18.9858,11.9374,-0.136601
18.937,12.985,-0.0145512
18.9531,13.9753,-0.0283761
18.947,14.9784,-0.00102237
19.0395,16.0003,0.244026
18.9916,16.994,0.374541
19.0561,18.006,0.434965
18.9932,18.9783,0.327824
