16.0588,8.30533,-0.0677816
-5.18408,24.5597,-0.227052
-5.73384,14.2419,-15.7931
6.92196,-23.0373,8.39519
-2.56019,7.04471,-17.2224
-0.798273,-28.1736,-10.0915
20.2612,-8.07429,14.3168
3.35484,-4.21451,6.4777
-9.62364,16.0667,1.04828
6.5915,20.0142,-2.87786
7.68128,10.004,-4.42452
-0.482296,13.7552,-4.02221
-0.904401,3.96821,-7.0539
3.06351,-9.28852,-0.626069
0.694702,-3.53337,-9.14143
3.3574,-14.0084,-4.77945
10.4643,-6.35306,4.14256
7.21087,4.31496,2.28734
7.2733,16.8184,-1.66299
22.7052,24.2253,-6.82255
5.31145,7.874,-11.7257
1.72396,8.1854,-8.68934
1.96355,2.48601,-7.07043
2.56138,-3.16479,-4.1786
2.51722,-3.0572,-5.08393
4.12674,-5.4852,-1.82408
6.36746,0.459795,2.21865
5.82485,8.7158,3.1196
6.0582,16.9759,3.3746
10.224,23.686,1.89677
4.29038,6.21434,-19.3684
2.84937,6.02044,-14.4955
2.48558,3.31185,-10.7226
2.484,0.795929,-7.05427
2.72496,0.726325,-3.88696
3.52056,1.11639,-0.132145
3.73352,6.22998,2.91776
2.50914,12.6524,5.25589
0.665615,19.0924,7.57095
-1.78666,24.97,10.6619
4.01325,4.65314,-27.7664
3.27445,4.87209,-20.2774
2.59557,4.25232,-14.1553
2.21393,3.9758,-8.65288
2.38405,4.46335,-3.81692
2.61436,6.13987,0.562352
1.80373,10.7769,3.90678
-0.079754,16.4586,7.11325
-4.31332,22.255,11.1274
-13.5245,27.5606,19.62
3.84136,3.28863,-37.8243
1.56506,4.67825,-19.1116
1.13169,4.42889,-10.9726
1.01711,5.63559,-5.70639
1.71902,7.19227,-1.96411
2.94574,9.0598,0.695859
3.92366,11.8422,2.65664
4.5482,15.1258,4.07142
3.93359,18.9929,2.87728
1.976,21.2629,-6.25985
-8.87642,25.2565,4.07732
-0.857463,6.12014,-0.797842
0.330689,3.66112,-3.53533
-0.203174,6.9711,-0.80163
1.16229,9.5349,1.29325
3.8261,10.8302,2.19892
6.5871,12.017,2.48538
9.68483,13.2342,2.33544
14.33,14.3455,0.270501
24.7711,14.1106,-2.9045
5.57889,-35.4906,19.6343
5.37401,-11.9908,8.30963
0.103012,0.760662,2.95755
-2.01555,9.0067,4.18784
0.324247,12.3225,4.80948
4.31908,12.3841,4.42778
8.50548,11.4638,3.34257
12.9365,9.95373,1.89701
17.8384,6.66431,0.2464
23.0847,-1.18333,-0.64709
-12.7839,8.80614,-10.1691
16.1985,2.15137,1.5342
-5.35088,12.1069,-2.37541
-5.28715,16.7468,7.30607
-1.37909,16.3008,8.01587
2.81681,14.9517,6.60562
7.01991,13.2973,5.14224
11.2805,11.8973,3.71859
15.6209,10.5154,2.39258
19.5696,13.3714,2.27671
19.0033,3.09475,0.28779
50.8339,-3.76135,10.4014
-26.8034,23.5979,-9.22956
-7.79393,24.6502,16.3409
-3.45802,20.2487,11.8502
0.905972,17.4147,9.17131
5.13222,15.2159,6.97272
9.13106,13.5049,5.20313
13.0053,12.3258,3.80945
16.2925,12.6677,2.98403
