21.3429,14.0342,-12.0857
-5.29245,-1.94017,1.74628
-12.02,6.33365,-13.9057
12.969,-13.448,16.7256
4.45511,-5.6104,-24.8701
-7.94654,-19.6882,-6.98157
28.9154,-7.45947,12.1018
-1.37662,-1.08162,6.36767
0.658586,11.1133,10.6762
1.47998,13.805,5.33436
11.5503,8.3302,-8.48211
2.6529,2.94144,-4.04505
-2.52473,-0.0983001,-5.57333
5.95773,-7.51533,2.68671
4.57477,-7.21992,-10.2071
2.9981,-11.5487,-2.0929
13.8732,-6.43037,5.63593
5.93156,0.861742,5.8106
2.46438,9.33484,5.10215
2.39133,16.2198,0.142329
6.93144,5.67259,-10.5937
3.90975,3.00793,-7.76244
2.0042,-0.203873,-4.90362
3.88123,-3.50998,-1.47238
3.73614,-4.40735,-4.32184
3.66694,-4.56002,0.801914
6.21469,-0.52042,5.38921
1.5355,5.76383,7.25851
-2.89611,12.2694,8.48246
-6.45368,18.3106,8.03863
4.03391,4.73119,-15.0709
2.86302,3.39074,-11.1529
2.25233,1.75633,-7.26329
2.47268,0.0365673,-3.6108
2.36063,-0.503662,-0.976473
1.86337,0.968661,3.06797
1.01976,4.92238,6.86956
-3.06735,10.419,9.66636
-8.50874,16.048,12.6329
-15.6388,21.813,15.7616
2.19452,4.64299,-20.7303
1.1649,4.16016,-14.2416
0.64344,3.64576,-8.3568
0.815699,3.24726,-3.36583
0.944124,3.43742,0.911921
0.217667,5.52617,4.99449
-1.70225,9.48147,8.81496
-4.93501,14.4458,12.7121
-10.6885,19.3804,17.4058
-26.1878,27.3454,23.3369
1.97586,4.86888,-28.5794
-1.74828,4.24383,-11.4059
-1.00232,3.68513,-4.25142
-0.42656,4.89518,-0.0537767
0.182849,6.45842,3.1036
0.673272,8.62646,5.81498
0.878301,11.3778,8.23298
0.974642,13.9763,10.8802
4.85012,12.5758,12.9642
19.8453,4.57971,9.94825
-19.8676,20.6916,5.3297
-5.99575,3.64672,5.17602
-1.16654,2.65799,2.81534
-0.83744,6.07281,4.32475
-0.117365,8.96652,5.85629
1.62659,11.127,6.84979
3.48708,13.367,7.65256
5.90501,15.3954,8.3696
10.298,16.018,7.65444
15.5297,15.7237,3.53936
15.1806,-32.2909,27.0347
5.32348,-12.8559,14.9857
1.63681,-0.117838,8.49403
-1.25813,7.50342,8.83604
-0.64398,11.6788,8.75164
2.38424,13.6973,8.00664
5.83402,15.4818,7.12224
9.70719,17.749,6.10917
14.5592,20.7224,4.14263
20.0163,26.4033,0.452345
-9.69565,2.85244,2.40448
6.80968,-6.29752,4.79186
-0.701675,11.6305,2.09977
-4.5272,14.6672,10.55
-2.2078,15.4861,11.1187
1.43669,15.9274,9.77308
5.36178,16.1611,8.24735
9.4458,16.3543,6.6101
13.5902,16.5519,5.00107
17.1356,13.4591,3.61257
6.85908,-10.0009,3.95246
23.3588,-22.9564,4.79662
-7.25227,30.852,-4.38939
-9.76564,20.7138,18.0331
-4.89363,18.4721,14.2126
-0.674447,17.4326,11.8063
3.3834,16.8166,9.70247
7.25461,16.3414,7.83592
11.025,15.8316,6.24342
14.1155,14.6123,5.02983
