-0.0871059,0.847951,-0.991266
-0.00115665,1.14287,-0.0235389
-0.0413892,2.1454,-0.228004
0.00967437,3.11541,-0.414386
-0.0501968,4.10244,-0.118778
-0.0412732,5.12697,-0.240028
-0.126478,6.16826,-0.101154
-0.0888089,7.18428,-0.274355
-0.113602,8.17349,-0.153417
-0.0806452,9.14661,-0.478655
-0.129609,10.1652,-0.207523
-0.0686972,11.1706,0.039198
-0.0692557,12.1575,-0.219852
-0.0935606,13.1716,-0.216013
-0.0264016,14.099,-0.519758
-0.0720115,15.1459,-0.432252
-0.0971587,16.1231,-0.152947
-0.188098,17.1108,-0.254469
-0.0545244,18.1181,-0.00946684
0.122202,19.0951,-0.0188116
-0.0268319,20.0092,-0.335337
-0.101199,20.9945,-0.205695
-0.142836,21.9994,0.00165716
-0.0683187,22.9942,-0.0395154
-0.0783349,23.993,0.130229
-0.114792,25.0051,-0.00656758
-0.0175481,25.8906,0.431709
0.0225349,26.8592,0.0798486
-0.0679373,27.8458,0.16194
-0.0819544,28.8323,0.320048
0.964064,0.891266,-1.03281
1.00726,1.48028,-0.198889
0.944868,2.47048,-0.223374
0.954744,3.49479,-0.473577
0.934159,4.4549,-0.217988
0.944642,5.46791,-0.296435
0.856059,6.43743,-0.16628
0.932212,7.45313,-0.310349
0.904968,8.43605,-0.340022
0.884878,9.48659,-0.477627
0.907135,10.456,-0.235746
0.900284,11.4223,-0.044911
1.02853,12.302,-0.442067
0.944295,13.2695,-0.275329
0.95699,14.1908,-0.767373
0.912464,15.2185,-0.787735
0.957677,16.1462,-0.381549
0.791488,17.17,-0.430161
0.913266,18.1651,-0.286001
1.19245,19.1686,-0.0538255
0.963619,20.0811,-0.501959
0.887069,21.0737,-0.268831
0.871099,22.0694,0.0189978
0.927943,23.0662,0.225547
0.96071,24.077,0.319224
0.874941,24.865,-0.260775
0.83838,25.9249,-0.154106
1.02326,26.8155,0.329844
0.920484,27.7794,0.042375
0.925779,28.7274,0.420966
2.00964,1.21023,-0.963112
1.97255,1.70195,-0.0475204
1.99953,2.69956,-0.0494552
1.95003,3.72299,-0.315748
1.96256,4.77118,-0.440513
1.89667,5.7504,-0.482116
1.91905,6.68328,-0.19418
1.96153,7.6638,-0.482009
1.89676,8.63896,-0.312592
1.94997,9.59685,-0.577184
1.89953,10.5318,-0.190204
1.87103,11.5089,-0.338115
2.00102,12.4059,-0.748109
1.91888,13.427,-0.595535
1.93653,14.2413,-1.15089
1.97895,15.1385,-0.779101
1.97783,16.1609,-0.499942
1.79611,17.131,-0.40267
1.96851,18.1457,-0.282199
2.1838,19.0812,-0.142909
1.97826,20.0135,-0.290069
1.88594,21.0049,-0.193612
1.9343,21.996,-0.105731
1.97979,22.955,0.411972
2.01052,23.9585,0.201346
1.90816,24.8155,-0.330027
1.85525,25.7908,-0.133912
2.0007,26.7587,0.159093
1.95775,27.7415,0.0104343
2.01045,28.694,0.192114
3.0191,1.48376,-0.98439
2.96116,2.0203,-0.105994
3.0025,3.04495,-0.334788
2.91991,4.05135,-0.456584
2.91384,5.02767,-0.487011
2.87316,6.00361,-0.43918
2.93138,6.99886,-0.186303
2.94237,7.97691,-0.307111
2.85532,8.92751,-0.613111
2.90162,9.89191,-0.281262
2.86608,10.9004,-0.0873318
2.82219,11.7937,-0.555705
2.85112,12.5054,-1.28467
2.89089,13.4939,-0.876012
2.93987,14.3799,-1.33481
2.99745,15.2263,-0.809803
2.98752,16.1149,-0.442628
2.78925,17.1103,-0.550352
2.97027,17.9787,-0.145766
3.10468,18.9352,-0.46382
3.04492,19.9547,-0.456856
2.89602,20.9727,-0.175387
2.95879,21.985,-0.153514
3.01508,22.9021,0.193323
2.99906,23.8967,0.181957
3.00558,24.8241,-0.225346
2.95249,25.8497,-0.191501
3.05322,26.8066,0.129206
2.87932,27.68,-0.359691
3.03457,28.5246,0.213343
4.04353,1.54637,-0.704392
3.91585,2.36727,-0.162081
3.97154,3.29127,-0.550047
4.00123,4.26808,-0.320029
3.85568,5.29458,-0.467251
3.92814,6.28244,-0.403888
3.90794,7.33543,-0.271422
3.96191,8.32207,-0.169195
3.8402,9.23287,-0.512842
3.89035,10.2458,-0.333503
3.73765,11.2832,-0.393802
3.76566,12.2373,-0.637519
3.77855,12.7901,-1.52814
3.87735,13.6672,-0.99118
3.90339,14.5982,-1.39753
3.96845,15.3643,-0.738704
4.02353,16.3022,-0.427653
3.79819,17.2674,-0.530045
4.01563,18.0778,-0.000976592
4.12524,19.0502,-0.312168
3.98571,19.9991,-0.0356334
3.87563,20.9785,0.129731
4.00735,21.9923,-0.0385479
4.02634,22.9225,0.373467
3.99663,23.9247,0.23018
4.03008,24.8855,-0.056328
3.9386,25.8326,-0.377645
4.05683,26.7857,-0.117917
3.91303,27.768,-0.390179
4.102,28.4778,0.341533
4.98767,1.9193,-0.593396
4.89834,2.72514,-0.063567
4.96485,3.56717,-0.583743
5.01809,4.62661,-0.524961
4.83204,5.58501,-0.566894
4.89733,6.61031,-0.488421
4.90892,7.67382,-0.284185
4.85592,8.62394,-0.587515
4.76539,9.60088,-0.700287
4.76526,10.6216,-0.68016
4.72258,11.6671,-0.532914
4.70585,12.6173,-0.891388
4.78315,13.1529,-1.75247
4.88459,13.8261,-1.01296
4.85546,14.5268,-1.73335
4.9727,15.1719,-1.0044
4.99544,16.1323,-0.649699
4.8972,17.1214,-0.522117
5.0921,18.0895,-0.278649
5.13955,19.0921,-0.13845
5.06584,20.0756,-0.026075
4.90461,21.0497,0.196857
4.98469,22.0515,0.216318
5.00643,22.9724,0.612842
5.02867,23.9572,0.310273
5.07584,24.7455,-0.374331
4.94998,25.7502,-0.314679
5.11775,26.7382,-0.276205
4.91256,27.6668,-0.0513504
5.11774,28.6122,0.157064
5.92893,2.30487,-0.51066
5.82027,3.19149,-0.031962
5.93835,3.89074,-0.754558
5.9819,4.85075,-0.485299
5.86293,5.86834,-0.528892
5.84032,6.82239,-0.772781
5.94555,7.80537,-0.511585
5.89917,8.79469,-0.547542
5.77922,9.78333,-0.795486
5.79517,10.7891,-0.581463
5.72619,11.748,-0.85699
5.73768,12.6957,-1.20815
5.75639,13.439,-1.86935
5.90105,14,-1.00248
5.90085,14.4264,-1.96218
5.97736,15.2268,-1.33821
5.90027,16.2576,-1.05266
5.95253,17.1817,-0.710321
6.07132,18.0419,-0.0984741
6.11251,19.1183,-0.252788
6.08816,20.1201,-0.0970885
5.9634,21.0578,0.234016
6.01064,22.0006,0.587136
5.99281,22.9812,0.434397
6.00527,23.906,0.00980255
6.09853,24.7516,-0.451793
5.97227,25.7833,-0.58251
6.12344,26.7425,-0.217527
5.93725,27.7002,-0.131126
6.10975,28.4836,0.452177
6.91871,2.60986,-0.518757
6.80052,3.43179,0.0583056
6.93947,4.09697,-0.680993
6.94331,5.07283,-0.603809
6.84243,6.07338,-0.756023
6.8404,7.05283,-0.92775
6.93277,8.09453,-0.716211
6.88203,9.09251,-0.545671
6.75531,10.0988,-0.699213
6.72422,11.0852,-0.867696
6.73222,12.109,-0.966185
6.73035,13.0867,-1.17553
6.76657,13.6755,-1.98911
6.81879,14.3961,-1.19494
6.8639,14.6087,-2.17591
6.96833,15.4357,-1.60749
6.95211,16.0727,-0.829804
6.93297,17.0779,-0.749904
7.01299,18.0472,-0.30976
7.09985,19.0302,-0.184402
7.07752,20.0597,-0.144227
6.96394,21.1204,-0.0628346
7.01817,21.9706,0.496896
6.99091,22.9429,0.170263
6.98092,23.9843,0.0126835
7.09761,24.8437,-0.482049
6.87966,25.7659,-0.0267678
7.14526,26.7369,-0.069039
6.94895,27.7239,-0.0869869
7.12235,28.6702,0.226798
7.97016,2.83214,-0.445869
7.80269,3.74408,0.0667714
7.91436,4.49685,-0.533198
7.86015,5.49169,-0.65833
7.79879,6.52282,-0.669344
7.76823,7.46644,-1.07121
7.91382,8.44754,-0.864302
7.85215,9.43516,-0.578756
7.74935,10.3932,-0.889505
7.69939,11.4275,-0.875323
7.72766,12.4091,-1.18156
7.7508,13.4241,-1.18806
7.83552,13.8123,-2.14967
7.86211,14.528,-1.4607
7.83172,14.7458,-2.42846
7.95465,15.4748,-1.73904
7.94731,15.9616,-0.875875
7.91919,16.9592,-0.75125
8.0177,17.9627,-0.585031
8.09722,18.9278,-0.451985
8.07577,19.9383,-0.175426
8.03378,20.9481,-0.0879086
7.98622,21.8721,0.282595
8.02218,22.9062,0.304859
8.04174,23.856,0.0268349
8.1356,24.7599,-0.477361
7.87671,25.6473,-0.142982
8.13694,26.7173,0.0491562
7.90971,27.6848,0.116761
8.11177,28.6957,0.143092
8.96659,2.965,-0.611194
8.82411,3.78358,-0.0893918
8.90544,4.66185,-0.549031
8.86745,5.70769,-0.602771
8.81762,6.7616,-0.569292
8.77893,7.68596,-0.919761
8.875,8.67699,-0.944218
8.86549,9.66294,-0.731755
8.73982,10.6494,-0.87781
8.68196,11.7265,-0.802008
8.74823,12.6382,-1.27452
8.76398,13.6598,-1.47484
8.8325,14.0438,-2.38967
8.91664,14.5427,-1.53124
8.82601,14.7537,-2.501
8.93996,15.3754,-1.73766
9.02562,16.0056,-0.960225
9.00147,16.9905,-0.71652
8.97992,17.98,-0.946458
9.08741,18.8348,-0.450191
9.06831,19.8322,-0.198062
9.0545,20.8432,-0.289111
8.94642,21.7768,0.0194708
9.06344,22.7872,0.0597919
9.02783,23.7877,0.228071
9.16238,24.5703,-0.397943
8.92919,25.532,-0.346123
9.10253,26.5325,-0.233644
8.88413,27.4689,0.124287
9.07445,28.448,-0.152657
10.0043,3.01025,-0.527317
9.79455,4.00174,-0.533103
9.91012,4.9853,-0.36429
9.80266,5.95562,-0.266137
9.83327,6.83215,-0.85005
9.81314,7.88545,-0.980847
9.92117,8.87936,-0.834132
9.87564,9.88777,-0.839659
9.75622,10.8933,-0.833042
9.65958,11.9223,-0.770952
9.76591,12.711,-1.36111
9.81361,13.6713,-1.61632
9.87247,14.2171,-2.47662
9.96438,14.6847,-1.51493
9.84917,14.6536,-2.51671
9.94394,15.3279,-1.79109
9.99695,16.1247,-1.19844
10.0331,17.0328,-0.793011
9.99687,18.0307,-1.05631
10.0549,18.9527,-0.610514
10.104,19.8639,-0.248686
10.0716,20.8702,-0.312378
9.93943,21.8356,-0.175356
10.1097,22.8489,-0.0648122
10.0303,23.8516,0.0538957
10.1547,24.798,-0.354613
9.84534,25.7267,-0.66165
10.1278,26.613,-0.204392
9.86753,27.5755,-0.0975951
10.115,28.5353,-0.0921293
11.0076,3.05338,-0.280108
10.8021,4.07868,-0.218714
10.9641,5.05164,-0.356047
10.8257,6.07846,-0.435823
10.8236,7.00502,-0.744304
10.8062,7.96792,-0.982409
10.9025,8.96905,-1.07691
10.8938,9.91722,-0.883981
10.8343,10.9116,-0.886288
10.7418,11.9107,-0.993683
10.779,12.854,-1.29034
10.8222,13.7632,-1.79377
10.8762,14.392,-2.63064
11.024,14.5194,-1.66292
10.8811,14.5692,-2.61787
11.0154,15.2961,-1.89008
11.0631,16.054,-1.19694
10.9736,17.057,-1.25911
10.9875,18.0342,-0.966796
11.0931,18.9439,-0.593377
11.1184,19.8613,-0.216825
11.1108,20.8593,-0.334892
10.9395,21.7722,0.072573
11.143,22.7996,-0.0616565
11.0504,23.8189,-0.117734
11.164,24.8092,-0.162163
10.8467,25.6742,-0.572378
11.1165,26.6284,-0.383544
10.8406,27.5314,-0.0490371
11.1616,28.4424,-0.275158
12.0361,3.2869,-0.350389
11.8086,4.21367,-0.111371
11.9681,5.27593,-0.0892483
11.7757,6.03731,-0.728608
11.8426,7.05143,-0.557027
11.8361,7.99133,-0.91525
11.9851,8.96527,-0.905103
11.9389,9.94917,-0.663524
11.8522,10.9708,-0.981167
11.7555,11.9619,-1.13244
11.7963,12.9828,-1.42747
11.829,13.8308,-2.00529
11.8725,14.4516,-2.80036
12.0565,14.5146,-1.7787
11.8509,14.8723,-2.745
12.0589,15.3743,-1.93992
12.0192,16.1943,-1.36074
11.9602,17.1392,-1.05308
11.9738,18.1258,-1.067
12.1089,19.0331,-0.72942
12.0661,20.03,-0.436384
12.1075,21.0173,-0.20972
11.9115,21.8927,0.210193
12.148,22.7518,-0.282769
12.0276,23.7482,-0.269457
12.1584,24.7688,-0.456099
11.9305,25.7084,-0.660973
12.1327,26.6,-0.270937
11.867,27.5423,-0.0805841
12.2405,28.4507,-0.468255
13.0763,3.1789,-0.320856
12.7782,4.15361,-0.167342
12.9826,5.18156,-0.080282
12.7385,6.06578,-0.482904
12.849,7.08692,-0.687783
12.8972,8.0312,-0.878921
13.006,9.03984,-0.919263
12.9466,10.0335,-0.98435
12.8497,11.0212,-1.11146
12.8202,12.0578,-1.12609
12.8141,13.0322,-1.34755
12.9243,13.7743,-2.03488
12.9154,14.2955,-2.88183
13.1356,14.5502,-1.9298
12.8372,14.7329,-2.88634
13.0638,15.2499,-2.01148
13.0853,16.0579,-1.4646
12.9955,17.0611,-1.27289
13.0229,18.0634,-1.16207
13.0917,19.0291,-0.928828
13.08,19.9698,-0.490387
13.125,20.8864,-0.16729
12.9291,21.8254,0.0777551
13.0697,22.836,0.0980499
13.034,23.8628,0.0528062
13.1562,24.7893,-0.395862
12.8954,25.7424,-0.519398
13.1617,26.6329,-0.122123
12.8289,27.5256,-0.378957
13.147,28.321,-0.85482
14.0518,3.41028,-0.401297
13.8209,4.24433,0.0448958
14.008,5.21451,-0.10715
13.8091,6.09456,-0.476229
13.8818,7.1185,-0.572039
13.9648,7.97354,-1.0603
14.0112,8.91704,-0.682281
13.9639,9.92502,-0.902487
13.9247,10.9774,-1.00602
13.875,12.0022,-1.10919
13.8251,12.9881,-1.39057
13.9278,13.9448,-1.8253
13.9967,14.2352,-2.76471
14.1002,14.8811,-1.99905
13.8604,14.8787,-2.96475
14.0459,15.4863,-2.1912
14.1016,16.2083,-1.46222
13.994,17.1615,-1.26695
14.0366,18.0949,-0.869701
14.1479,19.116,-1.02618
14.0517,19.8543,-0.421223
14.0982,20.8276,-0.330711
14.0315,21.7882,0.0137333
14.081,22.8067,0.138844
14.0984,23.8758,0.0176977
14.1549,24.7755,-0.388351
13.96,25.7283,-0.364257
14.1951,26.6812,-0.121253
13.9276,27.657,-0.33076
14.1233,28.3757,-0.99303
14.9625,3.17564,-0.00225532
14.8362,4.15165,0.0591693
15.0277,5.12998,-0.125251
14.8947,6.09286,-0.291836
14.9231,7.00382,-0.681249
14.9994,8.03197,-0.874831
15.0266,9.05624,-0.772811
15.009,10.0447,-0.961071
14.9667,11.1079,-1.05314
14.9106,12.1268,-1.21154
14.8324,13.0979,-1.34825
15.0055,14.0248,-1.76908
15.0574,14.3112,-2.79697
15.1371,14.8697,-1.94327
14.9643,14.9425,-2.96152
15.1239,15.5984,-2.214
15.0828,16.4728,-1.66935
14.9903,17.3178,-1.16181
15.013,18.1241,-0.57785
15.1335,19.1067,-0.736766
15.0666,19.9906,-0.254808
15.0534,20.9688,-0.0110324
14.9974,21.9007,0.332682
15.1039,22.8646,0.0506577
15.1568,23.8664,0.0477981
15.0049,24.8923,0.084579
14.9608,25.7516,-0.450258
15.1963,26.6966,-0.358141
14.9515,27.6475,-0.161596
15.19,28.3389,-0.841154
15.964,3.15826,-0.236836
15.8594,4.16401,-0.0268136
16.0514,5.18336,0.0649861
15.9218,6.08217,-0.366967
15.9248,7.10452,-0.438188
16.0415,8.04263,-0.768993
16.0445,9.08642,-0.783264
16.0633,10.0676,-0.714686
16,11.041,-1.14196
15.9454,12.0577,-1.16706
15.8868,13.0787,-1.32711
16.0224,14.0595,-1.63591
16.0661,14.3137,-2.62188
16.1805,15.0459,-1.90155
15.9878,15.0034,-2.88185
16.1004,15.5658,-2.06883
16.0697,16.3789,-1.47272
16.0757,17.3524,-1.30396
16.0682,18.0591,-0.584579
16.1112,19.0518,-0.524574
16.0959,20.069,-0.336082
16.0357,21.0831,-0.145979
15.9926,22.041,0.302762
16.0863,23.0128,0.303909
16.0899,24.0262,0.279449
15.9436,25.0205,0.521305
15.987,25.7264,-0.225379
16.1592,26.6251,-0.677544
16.0074,27.4437,-0.102435
16.1533,28.3977,-0.49317
17.0187,3.22095,-0.134843
16.8955,4.12065,0.248332
17.0296,5.07746,-0.0594012
16.953,6.07933,-0.221
16.9598,7.07164,-0.448628
17.0479,8.00057,-0.694717
17.0801,9.04053,-0.848039
17.0906,10.0508,-0.812409
17.0314,11.0836,-0.909873
16.9564,12.015,-1.34946
16.9014,13.0256,-1.4153
17.0811,14.0028,-1.71267
17.1187,14.1676,-2.70844
17.2121,14.8148,-1.95713
17.0314,15.1905,-2.87109
17.1351,15.5807,-1.91714
17.0554,16.554,-1.85106
17.0932,17.4178,-1.20808
17.0709,18.2355,-0.636851
17.0864,19.2297,-0.659514
17.0457,20.01,0.00902432
17.0652,21.0185,-0.206784
16.9661,22.0264,0.0151219
17.1096,22.9677,0.271401
17.1653,23.9763,0.272182
16.9886,24.9762,0.430619
16.9773,25.5979,-0.356325
17.1489,26.5366,-0.661965
16.9978,27.4171,-0.232969
17.1975,28.3008,-0.63047
18.0627,3.33174,-0.201102
17.9519,4.14855,0.379327
18.0543,4.94388,-0.171044
18.0425,5.94077,-0.175948
17.9822,6.84556,-0.461721
18.0516,7.80905,-0.72599
18.1338,8.86518,-0.821656
18.0642,9.8878,-0.669298
18.0164,10.903,-0.929167
18.027,11.9268,-1.30103
17.9625,12.9881,-1.34319
18.1263,14.0002,-1.53597
18.1622,14.0164,-2.57278
18.2699,14.8574,-2.06034
18.1014,15.1007,-2.96415
18.1256,15.7128,-2.18046
18.0806,16.6799,-1.91971
18.0954,17.5379,-1.41321
18.0486,18.4955,-0.931901
18.0651,19.3863,-0.450127
17.9896,20.0681,0.311847
18.0251,20.9713,-0.114902
18.0103,21.9717,0.027195
18.1029,22.9503,-0.0711478
18.1746,23.9522,0.16798
17.9866,24.8886,0.469622
17.9968,25.6189,-0.250774
18.098,26.6166,-0.331349
18.0343,27.6151,-0.386615
18.1735,28.6101,-0.659917
19.0743,3.39621,-0.116443
18.9844,4.16229,0.567983
19.1266,4.86782,-0.108588
19.0621,5.89255,-0.102969
19.0322,6.86642,-0.4189
19.1545,7.84578,-0.684686
19.156,8.81912,-0.881845
19.1251,9.89488,-0.853618
19.0328,10.9089,-0.89317
19.0583,11.9049,-1.11151
19.0013,12.9245,-1.359
19.1615,13.9865,-1.35844
19.1874,14.007,-2.42398
19.2966,14.816,-1.82098
19.084,15.2112,-2.72387
19.0819,15.6763,-1.85166
19.0656,16.6716,-1.64878
19.1334,17.5742,-1.2456
19.058,18.5126,-0.90629
19.1072,19.3914,-0.409354
19.0409,20.0689,0.403131
19.0747,21.0139,0.000234993
18.9877,21.9948,0.255678
19.0569,23.0023,0.29122
19.2053,23.9775,-0.046379
18.9974,24.889,0.311597
18.9045,25.9007,0.130754
19.1127,26.8653,0.00489822
19.0265,27.8344,-0.194983
19.1211,28.8369,-0.3257
20.0579,3.04298,0.0237403
19.9446,3.84977,0.590872
20.1046,4.67721,0.0644581
20.1202,5.66243,-0.223609
20.0509,6.62773,-0.483703
20.1797,7.61602,-0.57149
20.1524,8.60752,-0.730082
20.1181,9.6392,-0.678393
20.0713,10.626,-0.907849
20.0718,11.6396,-1.20668
20.0044,12.649,-1.17601
20.1447,13.6329,-1.17055
20.154,13.8684,-2.13837
20.2977,14.7246,-1.52745
20.0837,15.0739,-2.48266
20.0463,15.6593,-1.63412
20.0618,16.6345,-1.85813
20.0669,17.2815,-1.05859
20.0347,18.2191,-0.581274
20.1123,19.2319,-0.346391
20.0932,19.9848,0.394372
20.1196,20.9014,0.0196722
20.0025,21.851,0.286239
20.0728,22.847,0.355828
20.21,23.7289,-0.105292
19.9606,24.7367,-0.0457656
19.9373,25.7806,0.11803
20.1684,26.7028,-0.167632
20.0205,27.7066,-0.184558
19.9917,28.682,0.130958
20.9989,2.59177,-0.00334178
20.9543,3.51209,0.507398
21.05,4.42929,0.134123
21.1631,5.40405,-0.180578
21.0353,6.40341,-0.461809
21.1577,7.37088,-0.320652
21.1401,8.36819,-0.6657
21.1519,9.3572,-0.730976
21.0511,10.3445,-0.974969
21.0523,11.391,-0.914466
21.0426,12.4094,-1.04494
21.1965,13.4037,-1.01144
21.1136,13.4723,-2.00113
21.2041,14.2597,-1.38309
21.0722,14.8589,-2.19678
21.0471,15.7065,-1.56748
21.0414,16.691,-1.73689
21.1075,17.1021,-0.798129
21.0345,18.0878,-0.515979
21.0815,19.1621,-0.58207
21.0221,19.9583,0.0221747
21.1946,20.9802,-0.0790338
21.0029,21.9243,0.140443
21.1025,22.9468,0.226261
21.1699,23.9246,0.0398236
20.9702,24.8306,-0.297894
20.9303,25.7822,0.122224
21.2136,26.6987,-0.205441
20.9936,27.6038,0.113654
20.9653,28.5918,-0.105136
22.0339,2.40326,-0.0351146
22.0157,3.32715,0.354234
22.0243,4.23212,-0.138502
22.1698,5.22719,-0.201975
22.0685,6.20986,-0.208838
22.192,7.17491,-0.39704
22.1591,8.17236,-0.739317
22.2001,9.18202,-0.546287
22.0244,10.0966,-0.931147
22.0447,11.0782,-0.738829
22.0224,12.0336,-1.01981
22.086,12.9871,-0.72403
22.096,13.3116,-1.70699
22.0005,13.8406,-0.881259
21.8505,14.6661,-1.57066
22.1406,15.6306,-1.5984
22.0535,16.6284,-1.72022
22.1624,17.2532,-0.91988
22.084,18.1938,-0.561159
22.1147,19.1826,-0.724961
22.0418,20.0554,-0.182376
22.15,21.0747,-0.514341
21.9939,21.8567,0.101743
22.0977,22.8462,0.033549
22.1507,23.8296,-0.000921659
21.9194,24.825,0.0194128
21.948,25.8439,0.0938475
22.2036,26.7427,-0.237919
21.9825,27.5926,0.298602
21.9543,28.5445,-0.0612598
22.965,2.20077,0.426188
23.0264,3.16797,0.0988433
23.0326,4.1517,0.0221992
23.2056,5.10874,-0.0450911
23.0791,6.06464,-0.155818
23.1949,7.07839,-0.280566
23.2168,8.02807,-0.630723
23.2012,8.95989,-0.282882
23.0828,9.73,-0.896933
23.0856,10.7822,-0.735911
23.0239,11.748,-1.04834
23.0734,12.7336,-0.653099
23.0709,13.1754,-1.55412
23.0116,13.7135,-0.688617
22.9155,14.597,-1.27853
23.1811,15.5821,-1.34864
23.0845,16.5484,-1.71545
23.1418,17.09,-0.79967
23.064,18.0582,-0.613416
23.0421,19.0367,-0.414426
23.0222,19.9948,-0.123579
23.0828,21.0047,-0.243077
22.907,21.9972,-0.310614
23.0397,23.008,-0.144224
23.1084,23.8581,0.375799
22.9646,24.8402,0.119385
22.9583,25.8045,-0.180752
23.1926,26.7237,-0.491116
22.9866,27.5359,0.0360546
22.991,28.5374,0.120652
23.955,1.83586,0.664083
23.936,2.76788,0.323353
24.0395,3.75398,0.036137
24.1424,4.72261,-0.0611286
24.0469,5.69953,0.0637715
24.1356,6.59492,-0.385476
24.1523,7.57527,-0.568749
24.1425,8.50547,-0.17427
24.0906,9.44353,-0.690808
24.1018,10.4727,-0.726173
24.0672,11.4322,-1.01681
24.0151,12.2965,-0.499448
24.0522,12.8831,-1.3252
24.0554,13.5953,-0.61547
24.0127,14.4204,-1.17091
24.1252,15.4151,-1.03068
24.0519,16.3444,-1.34456
24.1273,17.0584,-0.572094
24.038,18.0597,-0.477438
24.0814,19.1051,-0.375915
24.0463,20.1154,-0.245421
24.0549,21.0668,-0.594302
23.9325,21.9655,-0.114212
24.0904,22.9446,-0.159981
24.1188,23.8763,0.0750481
23.9946,24.8892,-0.10177
24.0325,25.8851,-0.144981
24.2317,26.848,-0.441392
24.0236,27.5124,0.246007
24.0515,28.5017,0.0990356
24.9375,1.71625,0.876247
24.9136,2.43066,0.128062
25.0105,3.4264,0.00790429
25.1189,4.43482,-0.0681021
25.0736,5.446,-0.0245247
25.1257,6.41728,-0.319666
25.224,7.43412,-0.344429
25.1173,8.3612,-0.0240822
25.0582,9.31693,-0.307898
25.1277,10.2577,-0.734483
25.1168,11.2516,-0.867925
24.9768,12.082,-0.269408
25.0898,12.6926,-1.06935
25.0568,13.5907,-0.473568
24.9471,14.4951,-0.879217
25.151,15.5194,-1.14248
25.0571,16.5007,-1.12634
25.1193,17.1627,-0.352278
25.0368,18.0694,-0.826276
25.0728,19.058,-0.56841
25.0559,19.9871,-0.204373
25.0841,20.9764,-0.495935
24.9577,21.8871,-0.10538
25.1127,22.8831,0.0719993
25.0196,23.7581,-0.373424
25.0729,24.7502,-0.106232
25.0597,25.7945,-0.149678
25.226,26.707,-0.591302
25.004,27.4148,0.0686056
25.0546,28.4241,-0.169637
25.9231,1.71156,1.15022
25.9425,2.2205,0.271541
26.0982,3.17603,0.0334452
26.117,4.14939,-0.0340739
26.0525,5.09385,0.202814
26.024,6.08076,-0.0663289
26.1457,7.07422,-0.132133
26.0761,8.04566,0.0833094
25.9646,9.05837,-0.00589923
26.0897,9.98156,-0.298285
26.0895,10.8863,-0.709305
25.9757,11.7271,-0.156517
26.093,12.6457,-0.713517
26.0918,13.5866,-0.453737
25.9843,14.522,-0.822214
26.1347,15.4932,-0.969515
26.0183,16.4536,-0.657674
26.0511,17.1783,0.0239021
25.9437,18.1273,-0.393789
26.1021,19.142,-0.227506
26.0907,20.1715,-0.0209876
26.0259,21.1554,-0.231025
25.9424,22.1742,-0.362175
26.0685,22.8588,0.372381
26.027,23.7707,-0.231828
26.0644,24.787,-0.189261
26.027,25.7832,-0.0228492
26.2115,26.7305,-0.281353
26.0185,27.5141,0.310968
26.0989,28.5115,-0.0018952
26.9561,1.42017,1.08249
26.9566,1.95047,0.221018
27.1123,2.96584,0.104752
27.1353,3.94533,-0.0147557
27.1203,4.94552,0.218506
27.0731,5.84274,-0.180474
27.1633,6.84357,-0.0513627
27.0702,7.87311,0.0851405
26.9852,8.83314,-0.25436
27.1126,9.78614,-0.0272744
27.0871,10.6462,-0.570837
27.0227,11.5714,-0.0820643
27.127,12.4045,-0.703665
27.1272,13.4202,-0.62934
27.0652,14.3465,-0.923386
27.1589,15.3448,-0.862789
27.0314,16.3452,-0.649684
27.0581,17.2904,-0.235572
26.9066,18.2938,-0.386847
27.1009,19.2244,-0.153816
27.1028,20.2249,-0.170901
26.9792,21.1732,0.0751793
26.9772,22.1593,-0.169884
27.0226,23.0664,0.23824
26.9717,24.0844,0.121287
26.9924,25.0675,-0.120554
27.0133,26.0478,0.000717185
27.1609,26.8825,-0.499319
26.9794,27.6806,0.0730461
27.116,28.6472,-0.0815149
28.0211,1.20616,1.19124
28.0011,1.71444,0.320655
28.1297,2.67182,0.0541337
28.1089,3.61884,0.320066
28.1497,4.65321,0.393002
28.0397,5.53134,-0.080163
28.1395,6.51506,0.0414533
28.0692,7.54316,0.115332
28.045,8.47392,-0.196274
28.1444,9.47029,-0.120249
28.1098,10.4382,-0.485162
28.0989,11.2974,0.0215644
28.1052,12.2174,-0.383944
28.095,13.2307,-0.454237
27.9855,14.2881,-0.496744
28.1281,15.2657,-0.606204
27.9925,16.2455,-0.475256
28.0601,17.2464,-0.270595
27.9757,18.264,-0.33278
28.1121,19.2382,-0.214112
28.1105,20.1855,-0.468047
27.9499,20.9999,0.0305124
28.0487,22.022,-0.128092
28.0463,23.0245,0.107422
28.0604,24.0412,0.242625
28.0487,25.0269,-0.110053
27.9837,26.0302,-0.240977
28.0805,27.02,-0.161092
27.9649,27.9967,0.0297098
28.1176,28.9469,-0.0852626
29.047,1.05107,1.263
29.0008,1.60276,0.422703
29.1069,2.36073,-0.219495
29.0757,3.22801,0.401721
29.1031,4.24387,0.409192
29.0866,5.21858,0.0836848
29.0981,6.19497,0.0601672
29.001,7.18345,0.0115543
29.0578,8.19269,-0.0889798
29.1744,9.18484,-0.063564
29.0561,10.0792,-0.451274
29.0479,10.9939,-0.0491348
29.0837,11.9803,-0.153096
29.0569,12.978,-0.342155
28.9727,13.9678,-0.300748
29.0542,14.9969,-0.210587
28.9691,16.0325,-0.412189
29.0357,17.0037,-0.155626
28.9999,17.9848,-0.412027
29.0932,19.0111,-0.224387
29.2254,20.0134,-0.250844
28.9445,20.9643,-0.0687002
29.069,21.9604,-0.0220405
29.073,22.9468,0.0147221
29.0917,23.9493,0.0732933
29.0821,24.971,-0.0851192
28.9849,25.9774,0.0276894
29.153,26.9911,-0.118888
29.0487,27.97,0.0352245
29.1352,28.9444,0.122471
