0.00165716,-0.00301218,-0.108551
0.00917692,1.2738,-0.129127
-0.0111454,2.49911,-0.0919462
-0.00564287,3.75994,-0.0530198
0.0037141,5.04229,-0.0427168
0.000711081,6.29045,-0.071807
-0.00954009,7.58353,-0.152672
0.0415326,8.82745,-0.291015
0.0318796,10.0817,-0.345738
0.138826,11.3247,-0.383077
0.132121,12.5443,-0.552464
0.128651,13.6984,-0.869512
0.147096,14.7498,-1.30856
0.130772,15.8015,-1.52714
0.0589618,16.4847,-0.759502
0.146748,17.5188,-0.764998
-0.0104068,17.9309,0.146147
0.0081576,17.991,-0.855461
-0.00218513,17.9904,0.19049
-0.0131443,18.9993,0.300452
1.00131,0.233027,-0.0823084
0.972109,1.55239,-0.0645985
0.95624,2.82818,-0.149416
0.955821,4.07951,-0.172613
0.98048,5.34856,-0.194354
0.951811,6.6978,-0.220435
0.999332,8.01976,-0.309113
0.992386,9.27927,-0.32187
0.992407,10.5613,-0.362938
1.04522,11.8892,-0.432383
1.09055,13.1735,-0.444911
1.09997,14.3188,-0.933103
1.16591,15.2778,-1.59236
1.19011,16.3007,-1.6879
1.06694,16.8698,-0.776278
1.14841,17.8606,-0.905744
0.984915,17.8296,0.136616
1.04448,17.9205,-0.891299
0.996146,18.0434,0.0993774
0.933589,19.0344,0.40809
1.94471,0.483303,-0.176379
1.97065,1.83233,-0.134309
1.95558,3.12298,-0.0873165
1.90295,4.45422,-0.171969
1.89651,5.80029,-0.162709
1.90698,7.14572,-0.290368
1.87086,8.48196,-0.261052
1.85318,9.85801,-0.267989
1.83986,11.2232,-0.250197
1.80876,12.6526,-0.18674
1.75215,14.114,0.0349498
1.82109,15.2967,-0.886523
2.00657,15.9576,-2.30275
2.04696,17.1344,-1.8194
2.03106,17.3368,-0.591757
2.09035,18.1783,-1.08317
2.04162,17.8812,-0.115308
2.08173,17.9436,-1.10231
2.03298,18.0898,-0.0954253
1.95654,18.9377,0.378573
2.94661,0.277682,-0.219611
2.95701,1.5882,-0.227613
2.95892,2.8335,-0.201111
2.87704,4.11726,-0.191412
2.86587,5.39309,-0.178274
2.79376,6.65132,-0.265633
2.75873,7.92143,-0.32233
2.70539,9.2386,-0.303308
2.6399,10.5089,-0.389319
2.54682,11.8067,-0.321091
2.40733,13.0971,-0.423606
2.40945,14.2346,-0.843211
2.42644,15.0611,-1.63153
2.58692,16.1226,-1.53023
2.78587,16.5774,-0.588824
2.93831,17.4941,-0.954985
3.06612,17.7242,0.0253212
3.01775,17.6328,-0.996387
3.10209,18.0961,-0.127705
2.94974,19.0571,0.13737
3.93692,0.25016,-0.346879
3.95563,1.45063,-0.282302
3.92628,2.6233,-0.296948
3.83803,3.79894,-0.33198
3.76972,4.99012,-0.343684
3.75886,6.20078,-0.292999
3.69202,7.42136,-0.342991
3.55671,8.60853,-0.27148
3.47324,9.81447,-0.272246
3.35347,11.0063,-0.35696
3.20558,12.1616,-0.557772
3.10192,13.2978,-0.762178
3.13566,14.2628,-1.24985
3.36665,15.2904,-1.40749
3.67232,15.9557,-0.712174
3.80902,16.9367,-0.998248
3.96029,17.2116,-0.0560869
4.07326,17.6486,-0.963451
4.14331,18.0836,-0.0264412
3.98288,19.0588,0.0945311
4.95318,0.151473,-0.346156
4.96047,1.3242,-0.330271
4.88719,2.48808,-0.456767
4.80922,3.61739,-0.334074
4.75873,4.74637,-0.328516
4.74913,5.89836,-0.3039
4.61932,7.01884,-0.295962
4.52424,8.15465,-0.299512
4.41432,9.28788,-0.31247
4.24441,10.3648,-0.341633
4.12004,11.475,-0.514194
3.96261,12.5075,-0.759215
3.98114,13.506,-1.0862
4.18022,14.5504,-1.24859
4.5596,15.4133,-0.843947
4.64967,16.4008,-0.795257
4.90768,16.7315,0.0899686
5.03218,17.322,-0.705853
5.17918,18.0346,-0.0248878
4.98719,19.03,0.0150639
6.01259,0.0736381,-0.362984
5.96715,1.17094,-0.210947
5.88005,2.25025,-0.37672
5.77456,3.37994,-0.427799
5.74777,4.55484,-0.295386
5.71324,5.66452,-0.189569
5.57186,6.76527,-0.155528
5.56674,7.79104,-0.166341
5.32966,8.82181,-0.137178
5.25675,9.92413,-0.305731
5.10985,10.9679,-0.391443
4.95729,12.009,-0.674233
4.9405,13.0343,-0.744575
5.13351,14.0328,-1.00869
5.45582,14.9093,-0.626008
5.58804,15.9139,-0.562459
5.83659,16.3742,0.290851
5.99069,17.0477,-0.471648
6.11383,18.0326,-0.3816
5.97428,19.033,-0.112281
7.0455,0.070571,-0.275314
6.96595,1.10958,-0.289334
6.8889,2.18304,-0.255419
6.76868,3.21917,-0.245228
6.69304,4.29456,-0.229106
6.66954,5.33399,-0.297354
6.60313,6.4078,-0.14951
6.58462,7.49479,-0.257988
6.38506,8.53566,-0.151695
6.28739,9.5866,-0.204587
6.17998,10.6514,-0.405911
5.93128,11.629,-0.579519
6.01836,12.6574,-0.61399
6.16537,13.6548,-0.781881
6.51097,14.5769,-0.663646
6.61747,15.5673,-0.626231
6.84892,16.1476,0.153011
6.98766,17.0436,-0.275668
7.1004,18.0649,-0.419083
6.96961,18.9887,0.00438551
8.02899,0.010828,-0.220099
7.97933,1.03278,-0.122495
7.9427,2.03881,-0.223395
7.82026,3.09805,-0.290603
7.74904,4.15862,-0.346693
7.68918,5.26134,-0.235569
7.61651,6.30107,-0.329484
7.54899,7.34033,-0.35049
7.42849,8.41271,-0.321027
7.3856,9.43833,-0.258202
7.21782,10.417,-0.304215
6.99472,11.4208,-0.46841
7.04536,12.4868,-0.624393
7.22804,13.4593,-0.637584
7.50418,14.4631,-0.488369
7.66761,15.4872,-0.504279
7.86111,16.0551,0.310111
7.96506,16.9658,-0.0480697
8.00484,18.0116,0.116144
7.96875,19.0156,0.187167
9.05045,-0.0418195,-0.0996399
8.97934,1.03572,-0.0292032
8.84116,2.07864,0.176794
8.78098,3.12109,-0.0797174
8.74392,4.18036,-0.19631
8.72062,5.21651,-0.29953
8.62256,6.25547,-0.281271
8.60392,7.29269,-0.34358
8.4059,8.28995,-0.259218
8.39408,9.37129,-0.239085
8.31062,10.3364,-0.397125
8.13578,11.3118,-0.310334
8.15442,12.2696,-0.609925
8.26486,13.2586,-0.478338
8.50641,14.2892,-0.424604
8.66267,15.2521,-0.369079
8.88981,15.9993,0.32786
8.97477,17.0004,0.0311106
9.01149,18.0164,0.0765038
8.98146,18.9748,0.163607
10.0599,-0.131852,0.125236
9.94406,0.873638,0.221763
9.84742,1.88823,0.159355
9.78548,2.92432,0.0924558
9.78735,4.00255,-0.0320109
9.71147,5.0668,-0.179778
9.66337,6.11388,-0.150856
9.63626,7.18065,-0.215479
9.49346,8.17045,-0.0857448
9.4337,9.26382,-0.189386
9.39393,10.2528,-0.210352
9.26856,11.2534,-0.320664
9.21903,12.222,-0.456114
9.29594,13.223,-0.245796
9.48257,14.2005,-0.575484
9.66468,15.0514,-0.016245
9.93676,16.0432,0.144627
9.98813,17.0545,0.261538
10.0492,18.1036,0.317212
9.97838,19.1113,0.363027
11.0723,0.0212561,0.25056
10.9517,1.01764,0.360506
10.872,2.04201,0.213797
10.7853,3.07271,0.121171
10.8447,4.05792,-0.144084
10.7363,5.06244,-0.263799
10.7068,6.08265,-0.220701
10.6921,7.10083,-0.266793
10.5152,8.11379,-0.216944
10.5079,9.09818,-0.159166
10.4312,10.1001,-0.396466
10.3551,11.1422,-0.362883
10.2992,12.1359,-0.384448
10.3834,13.1163,-0.25974
10.4644,14.155,-0.173537
10.7197,15.0937,0.14366
10.9064,16.0495,-0.00724204
11.0372,17.0028,0.303238
11.0427,17.9826,0.0650075
11.0052,19.0009,0.160674
12.0362,-0.00455336,0.415394
12.0192,1.00825,0.554692
11.9236,2.05312,0.352452
11.8236,3.05389,0.103577
11.8627,4.05342,-0.189615
11.6917,4.98999,0.137953
11.6921,5.99536,0.0295267
11.6948,6.99673,0.021424
11.557,8.01373,-0.197253
11.5954,9.01898,-0.214368
11.4777,9.98981,-0.291458
11.4648,11.0419,-0.373861
11.3516,12.059,-0.276965
11.5257,13.0637,-0.244499
11.5501,14.0921,-0.216874
11.744,15.0964,-0.0796289
11.9399,16.0288,0.269411
12.0164,16.9621,-0.0285714
12.0347,17.9928,-0.0150121
12.0474,19.0293,0.132514
13.0715,0.0215613,0.49444
12.9456,1.07271,0.194653
12.9759,2.08207,0.350761
12.8296,3.00602,0.0346965
12.9136,3.99124,0.016483
12.7631,5.01044,0.096823
12.6814,5.99946,-0.0745415
12.7519,7.00045,-0.101392
12.6009,8.01574,-0.00343333
12.6727,9.01005,-0.223817
12.4926,10.0232,-0.207782
12.5047,11.0074,-0.335179
12.4659,12.0095,-0.299658
12.6402,13.0153,-0.271807
12.5617,13.9726,-0.0795801
12.7375,15.0166,0.0568865
13.0552,15.9767,0.341124
12.979,17.0202,0.334382
13.0993,17.9893,0.00719932
13.0281,19.0253,-0.0546037
14.0145,-0.0464827,0.288464
13.9502,0.973193,0.287533
14.0242,1.97824,0.136378
13.8831,2.96822,-0.0288339
13.9267,3.9881,0.0147038
13.8201,4.98361,0.073278
13.7667,5.96379,-0.194177
13.7727,6.95968,0.00162053
13.6886,7.96951,-0.0938383
13.7625,9.00862,-0.240928
13.5611,10.0391,-0.129975
13.5654,11.05,-0.282626
13.5304,12.0566,-0.398279
13.7495,13.0358,-0.204511
13.6273,14.01,0.0599719
13.7241,14.9829,0.290399
14.1074,15.8911,0.380435
14.0601,16.9377,0.456459
14.0863,17.9412,0.128452
14.0685,18.9088,-0.0779351
15.0027,-0.00105899,0.248112
14.9666,0.982949,0.226548
15.0337,1.96527,-0.0608966
14.9438,2.98444,0.0894162
14.9828,3.95834,-0.213556
14.8293,4.93463,-0.0945067
14.8231,5.93461,-0.249846
14.8014,6.95737,-0.0487655
14.8381,7.97631,-0.11088
14.8102,9.01857,-0.279553
14.7044,10.0291,-0.18457
14.6998,11.0467,-0.26451
14.5979,12.0608,-0.416318
14.7998,13.1167,-0.387588
14.6925,14.0577,0.064037
14.8158,15.0886,0.169274
15.0842,16.0779,0.35858
15.0646,17.1153,0.350578
15.1141,18.092,0.119477
15.0631,19.1506,0.103671
15.9734,-0.0768578,0.0261666
15.9746,0.949867,-0.0382794
16.0061,1.96733,-0.313746
15.9341,2.95068,-0.15623
15.9602,3.95783,-0.0771447
15.8725,4.9391,-0.0541337
15.8656,5.92819,-0.14532
15.8338,6.94754,-0.026664
15.8802,7.98419,0.00962554
15.8773,8.9687,-0.210636
15.7787,10.0354,-0.306226
15.7716,11.0836,-0.347459
15.7143,12.0813,-0.349089
15.7673,13.101,-0.206775
15.7796,14.1179,0.024958
15.8394,15.1185,0.277685
16.0734,16.081,0.379162
16.0312,17.0434,0.102618
16.0771,17.9795,0.431376
16.0269,19.0025,0.261693
16.9888,-0.0481521,-0.0847621
16.995,1.00868,-0.238878
16.9931,1.94547,0.0631031
16.9656,2.95646,-0.0552019
16.9487,3.9594,0.0570452
16.9116,4.94708,-0.141246
16.9348,5.95091,-0.161855
16.9102,7.01313,-0.0649525
16.927,7.99508,0.0796686
16.9219,9.00898,-0.059331
16.9115,10.0213,-0.247166
16.8712,11.0421,-0.417658
16.7785,12.0337,-0.169222
16.8502,13.0322,-0.256105
16.8093,14.0615,-0.262719
16.8579,15.046,-0.0451949
17.0939,15.9961,0.234989
17.0522,17.0143,-0.0422224
17.0588,18.0005,0.286358
17.0268,19.0168,0.406326
17.957,-0.0220069,0.241331
17.9955,0.935218,-0.164309
17.9928,1.89476,0.0720817
17.9507,2.98777,0.0514664
17.9721,3.9848,0.0759728
17.9689,5.00229,-0.0840388
17.9601,6.01284,-0.0709586
17.9398,7.02156,-0.204743
17.9727,8.01735,-0.048323
17.9419,9.00492,0.0549974
17.9642,9.97916,-0.163988
17.8946,11.006,-0.269817
17.8905,12.0254,-0.36737
17.9308,13.0494,-0.362572
17.8512,14.0941,-0.258962
17.8646,15.0893,-0.195718
18.0862,15.8883,0.409314
17.9943,16.8862,0.328217
18.0703,17.9274,0.174126
17.9999,18.9357,0.128959
19.0389,0.00559099,0.0420179
18.9638,1.05243,0.22606
18.9578,1.96712,-0.254991
18.9742,2.91725,0.0900388
18.9706,3.92915,0.145222
19.0255,4.94094,0.0984283
18.987,5.92987,-0.0636433
19.035,6.94936,0.0293435
19.02,7.99684,0.00363475
18.9837,9.01041,-0.0764245
19.0659,10.0005,-0.0938261
18.937,11.0151,-0.00942106
18.9816,11.9884,-0.362697
18.9271,13.0104,-0.247688
18.9218,14.0387,-0.222944
18.9637,15.0543,-0.218604
19.0519,15.9733,0.130973
18.9902,16.9609,0.122385
19.0487,17.9715,0.236015
18.9945,18.9848,0.350688
