0.0281838,0.0282998,0.0658681
1.01943,0.0276711,-0.0982238
2.05912,-0.00678121,-0.115665
3.05097,0.0585528,-0.0252144
4.03429,-0.0126957,-0.234126
5.05451,0.00698263,-0.256276
6.00108,0.00105899,0.0643056
6.99633,0.0114536,-0.0402081
8.01003,0.0409253,-0.062154
8.98658,0.049556,-0.14926
9.94348,-0.00220344,0.0732994
10.8959,-0.0207709,-0.231526
11.9383,-0.00319529,-0.205454
12.8946,0.0421308,0.0312601
13.9335,-0.00662557,0.0152135
14.9974,0.0133457,0.118732
16.0363,0.00769677,0.12349
16.9976,-0.0402448,-0.13133
17.9782,0.0241462,0.117222
19.0136,0.00101016,-0.0132603
-0.0299814,1.00653,0.343229
1.01661,1.00889,0.128236
1.97703,1.07383,-0.184536
2.97818,1.0621,0.0921995
4.01487,1.0314,-0.108444
5.00266,1.00783,0.0354747
5.98854,0.972622,-0.081872
6.99105,1.00614,0.0489944
7.91417,0.999957,-0.29523
8.94011,1.0458,-0.280941
9.98638,1.03916,-0.0652577
10.9856,0.982635,-0.322385
11.9399,1.031,0.0270486
12.9496,0.989343,-0.214808
13.8896,1.00959,0.0806207
14.8635,1.0479,-0.0177068
15.894,0.959389,-0.0538194
16.9181,0.957411,0.103589
17.9333,1.00642,-0.110129
18.965,1.00935,0.0544908
0.0214057,1.95935,-0.098941
1.03992,2.03768,0.0463301
2.04284,2.05502,-0.0346171
3.03998,2.033,0.181463
3.98932,2.07888,-0.228297
4.98133,2.01551,-0.034196
5.96868,1.95691,0.18869
6.96466,2.0419,0.0861232
7.98945,1.97974,-0.0284677
8.97606,2.01427,0.0334056
9.9786,2.0073,0.160695
10.9736,1.93862,0.0963561
11.9748,2.08984,0.0252327
12.9519,1.97895,-0.119272
13.9485,2.0283,0.032902
14.9359,2.08663,0.121122
15.9496,1.95009,0.0550371
16.9531,1.9724,0.247673
17.9838,2.0462,0.149214
19.0051,2.00179,-0.0649892
0.0490219,2.95783,-0.2309
1.08627,3.00143,-0.188607
2.07327,3.05037,0.0191595
3.08561,3.03123,0.0568194
4.09898,3.03774,-0.0383251
5.08918,2.99908,0.147829
6.09886,2.95784,-0.097055
7.08307,3.02982,0.0359386
8.03622,2.94212,0.329109
9.0326,3.0408,0.187231
10.0455,3.02674,0.153444
10.9887,2.94826,-0.214008
11.992,3.08268,-0.0507553
12.997,3.03099,-0.243977
13.9915,3.04387,-0.129411
14.882,3.05908,0.345293
15.9258,2.92849,0.149074
16.9672,2.97924,-0.0390881
17.9584,3.01673,-0.0734428
19.0003,3.08981,-0.0469832
0.0265267,3.94095,-0.131742
1.07877,3.98102,-0.0749229
2.10978,4.05104,-0.0592517
3.04251,3.98919,0.327561
4.00954,4.03538,-0.0277474
4.99184,4.03147,0.0111362
5.96659,3.97262,0.173434
6.94697,4.00687,0.20058
8.01415,3.93518,0.213633
8.99385,4.06958,0.260945
9.94244,4.02344,-0.0515183
10.9572,3.94818,-0.0184179
11.956,4.11222,-0.0607593
12.9663,3.98548,-0.0344829
14.012,4.03116,-0.0251076
15.0262,3.98727,-0.0266762
16.0623,3.91891,0.0723411
17.0624,3.99564,0.0730888
18.024,4.03334,-0.263372
19.0309,4.07178,-0.191366
0.0215522,4.96929,-0.0103885
0.999344,4.99942,-0.160482
2.00168,5.09231,0.0550371
3.01133,5.00859,0.0800653
4.02623,5.08769,0.0915128
5.08312,5.03173,0.0853206
6.07837,5.01064,-0.0146641
7.08969,5.02964,0.170028
8.06395,4.9602,0.325398
9.08025,5.03352,0.206189
10.0915,5.0788,0.183575
11.0845,4.97731,0.0402966
12.069,5.15526,-0.163948
13.0593,4.99602,0.0938169
13.996,5.04605,-0.284317
15.0326,4.96872,-0.175262
16.0429,4.91755,-0.0480453
17.0692,4.99687,0.0325419
18.0502,5.07224,-0.265108
19.0548,5.07917,-0.341093
0.0131687,5.98581,0.113031
1.01177,6.01885,-0.151732
2.03634,6.11622,0.0722037
3.06019,6.02149,0.0494644
4.09441,6.09007,-0.100137
5.14843,6.0595,-0.0472854
6.17758,6.01629,0.121229
7.15795,6.02345,-0.0145787
8.14179,5.98421,0.0817072
9.13273,6.05569,0.0508896
10.1762,6.07494,0.0223853
11.1912,5.98467,-0.0789697
12.1986,6.14381,-0.352528
13.1329,5.99956,0.0504593
14.1154,6.01948,-0.177294
15.0387,5.93381,0.130354
16.081,5.94044,0.0281228
17.0541,5.99891,0.0916684
17.9917,6.1006,-0.170293
18.9621,6.02217,-0.0212592
-0.0151402,6.99505,0.149245
1.02904,7.04875,0.107434
2.02195,7.13505,0.0558824
3.05883,7.02874,0.109549
4.0598,7.09577,0.109067
5.07552,7.02237,0.267168
6.07552,7.00876,0.141676
7.07648,7.05482,0.270507
7.96447,7.00519,-0.125141
8.98197,7.04041,-0.230851
9.97818,7.10992,-0.0445051
11.0296,6.96275,-0.0522996
12.0128,7.13151,-0.272423
13.0009,6.88856,-0.365661
14.0666,6.99216,-0.381262
14.9694,6.971,0.150816
15.9723,6.98595,-0.045613
16.9723,6.99972,0.244588
17.9627,7.10506,0.0475539
18.9546,7.00881,0.0462661
-0.00111698,8.03083,0.241639
1.02747,8.06526,0.341017
2.01157,8.16479,0.161638
3.01364,8.06966,0.141914
4.03418,8.09747,0.083282
5.07857,8.01388,-0.0409284
6.09719,8.02337,0.0842586
7.10187,8.08842,0.13567
8.11521,7.96702,0.162059
9.10232,8.02196,-0.228843
10.0246,8.1205,0.0865383
10.9843,7.96026,-0.138566
11.998,8.06076,0.0357463
12.961,7.93495,-0.302518
13.9397,7.99015,-0.378784
14.9923,7.93233,-0.157518
16.0025,7.99353,-0.27434
16.9503,7.98785,0.0769555
17.9528,8.09168,0.209909
19.009,8.01166,0.106513
0.00624714,9.03817,0.221891
0.992209,8.99567,-0.139381
2.00403,9.13923,0.0469222
3.06624,9.04064,-0.0372875
4.08094,9.12736,-0.182617
5.09077,9.02148,-0.19104
6.06732,9.03038,-0.165474
7.06195,9.14888,0.0282052
8.0843,9.04399,0.202197
9.06359,9.01883,-0.0967589
10.0624,9.14654,-0.164626
11.0844,8.99968,-0.25989
12.0736,8.98492,-0.404608
13.0747,8.93115,-0.472005
14.0591,9.00569,-0.334382
15.0116,8.92533,-0.137107
16.0351,8.98574,-0.238966
16.9904,9.01272,0.0444014
17.9867,9.0939,0.0971435
18.9946,9.06689,0.175756
0.0238899,10.0465,0.0889126
1.0651,9.98755,0.0498337
2.04825,10.1117,0.141453
3.07992,10.0455,0.0453047
4.12875,10.1121,0.071456
5.1341,10.0179,0.0573717
6.16802,10.0285,-0.14004
7.13376,10.1192,0.245503
8.13858,10.082,0.245799
9.14152,10.0315,0.172219
10.1353,10.1485,0.0815668
10.9865,9.97286,-0.362712
11.9751,9.98617,-0.431608
12.9594,9.94087,-0.311313
14.0005,10.0016,-0.148228
15.0285,9.93511,0.0296579
16.0117,9.95763,0.102164
17.0069,10.0219,0.288623
17.9149,10.0754,-0.0852412
18.9761,10.0386,-0.0588031
-0.00828578,11.0599,0.0260903
1.03112,10.9686,0.109445
2.07948,11.1166,0.169634
3.10701,11.0713,0.00587481
4.15754,11.1342,-0.0493271
5.13174,11.0229,0.253188
6.17711,11.0864,0.0973632
7.14021,11.0027,-0.205582
8.15853,11.0973,0.00612506
9.1537,10.9567,-0.266457
10.1353,10.9968,-0.49255
11.1482,10.9795,-0.530622
12.1291,11.0395,-0.49928
13.1892,10.9207,-0.584796
14.1522,11.0166,-0.218387
15.1244,10.9259,-0.263936
16.0896,11.0083,-0.095352
17.0165,11.0214,0.199875
17.9723,11.0934,-0.0304575
19.0214,11.0819,-0.105109
-0.00119022,12.0483,-0.119541
1.01895,11.9935,0.00563372
2.04305,12.1539,0.145094
3.03591,12.0599,0.221815
4.05646,12.1071,0.225663
5.10228,12.056,0.0672353
6.08607,12.0851,-0.000585955
7.08483,12.0054,-0.0647145
8.06622,12.0305,-0.328043
9.08855,11.9577,-0.317667
10.0724,12.0514,-0.538307
11.0608,11.9551,-0.388672
12.081,12.0707,-0.541798
13.0579,11.9096,-0.471621
14.0829,12.0547,-0.373226
15.0357,11.9589,0.0748314
16.0412,11.9413,0.252599
17.0464,12.0339,0.232621
17.9809,12.1466,-0.15569
19.0048,12.1012,-0.359392
-0.00992157,13.0121,0.0486129
1.03436,12.9811,-0.16071
2.05551,13.1398,-0.0889767
3.05943,13.0175,-0.0237007
4.05045,13.1144,0.018067
5.01293,12.9961,-0.327638
6.01585,13.0714,-0.231141
7.09576,13.0371,-0.0202216
7.98693,13.0089,-0.426402
9.0196,12.9766,-0.43509
10.0544,13.0439,-0.420408
11.0474,12.9619,-0.384912
12.0958,13.0625,-0.346474
13.0865,12.9253,-0.281445
14.0897,13.004,-0.140571
15.0283,12.963,0.060921
15.9748,12.9493,0.455739
16.923,13.0428,0.159783
17.9794,13.0773,0.219593
18.9997,13.0055,0.00674764
0.0118961,14.0118,-0.133818
1.03343,13.9388,-0.34163
2.08553,14.1048,-0.260482
3.09498,14.0306,-0.0701285
4.09504,14.139,-0.191287
5.05503,13.9199,0.0440809
6.09134,13.989,0.164757
7.08601,14.0875,-0.09953
8.04592,13.9964,-0.390637
9.02777,13.9049,-0.0617084
10.0642,13.9681,0.0494552
11.0404,13.9736,-0.228397
12.0139,14.0756,-0.367544
13.0585,13.9874,-0.293594
14.0172,14.0334,0.100885
15,13.9257,0.15728
16.021,13.9652,0.266744
16.9535,14.0025,-0.0221595
17.965,14.0324,-0.045851
18.9937,14.0592,0.00553606
-0.00316172,15.0168,0.0284799
1.01406,14.8887,-0.0876797
1.97585,15.0869,0.0913633
2.9328,15.0622,0.246199
3.90432,15.0942,-0.0268105
4.92458,14.9184,0.00826746
5.9305,14.9995,0.292349
6.92458,15.0457,0.0398816
7.92178,14.9222,0.0365154
9.00621,14.9333,0.0959838
10.0028,14.9601,-0.0357067
10.9965,15.0032,-0.257366
12.0096,15.0294,-0.0411695
12.9961,15.0653,-0.359505
13.9961,15.036,-0.174361
14.9778,14.9355,-0.11879
15.9467,15.0183,0.136573
16.9679,14.977,0.201547
17.9757,15.0184,0.106119
19.0546,15.0364,0.262798
-0.0418928,15.9961,0.327515
1.00411,15.8744,0.124522
2.00107,16.0982,0.217295
2.98351,16.0351,-0.0685873
4.00178,16.1013,0.148802
4.92663,15.9396,-0.135902
5.93748,16.0057,0.00852992
6.96808,16.0354,-0.0209693
7.92416,15.9474,-0.175735
8.94969,15.9675,-0.116138
9.93919,15.9548,-0.136351
10.9515,15.9501,0.138923
11.9421,16.0124,-0.229826
12.9624,16.021,-0.129908
13.9665,16.0628,0.0344035
15.0054,15.9819,-0.0720328
16.0139,16.0448,-0.0158605
17.002,16.0058,0.278204
18.012,16.0535,0.0148808
19.0111,16.02,0.0943541
-0.0571886,17.0063,0.326881
0.931181,16.9342,0.146733
1.92037,17.1014,0.12974
2.91561,16.9904,0.0120029
3.90524,17.0448,-0.155184
4.8908,16.9329,-0.116016
5.89115,16.99,-0.340989
6.92512,17.006,-0.286792
7.91315,16.9665,0.0952727
8.94578,16.9551,-0.109241
9.98524,16.9973,-0.152397
11.0226,16.967,-0.121488
11.985,16.9983,-0.315711
13.0103,17.0517,-0.296042
14.0329,17.0144,-0.229234
14.9629,16.9219,0.338804
15.9309,17.0219,0.157781
16.9678,17.0019,0.0172491
17.9916,17.0377,-0.0695151
19.0358,16.9791,-0.202582
0.00795007,18.0309,0.24594
1.04321,17.9653,0.286157
2.04424,18.1092,0.328251
3.01678,17.9987,0.00872524
4.08614,18.0146,-0.0638691
5.07683,17.9492,-0.100253
6.08153,18.0004,-0.20466
7.10513,18.0152,-0.441926
8.07303,17.9412,-0.175896
9.07427,17.9578,-0.0972991
10.0487,17.9927,0.0177496
11.0487,17.9798,-0.0796167
12.051,17.9949,-0.165444
13.0164,17.996,0.138902
13.9982,17.9879,-0.0787042
14.9645,17.9759,0.245701
15.9962,18.0076,0.16603
16.9995,17.9873,-0.238859
17.9757,17.9876,0.0574114
19.0133,17.9985,0.0530778
0.0174108,19.0014,-0.0276528
1.03751,18.9649,0.139134
2.01148,18.9604,-0.187643
2.91661,18.978,0.287722
3.93916,19.0091,0.143733
4.94398,18.9679,-0.241057
5.95969,19.0195,-0.174004
6.94606,18.9867,-0.00977813
7.92345,18.9393,-0.197827
8.89565,18.9643,0.0610736
9.87057,18.9922,0.0365581
10.8891,18.9465,-0.0320383
11.9093,18.9452,0.106058
12.9528,18.9799,0.0286264
13.9668,19.0278,-0.291223
14.9644,19.0118,0.0887234
15.9713,19.0298,0.335261
16.9878,19.0088,-0.000250252
17.9713,18.9876,0.20535
18.9995,19.0189,0.0527299
