0.0101169,-0.0135777,0.124451
1.01738,-0.0446364,0.248274
2.01724,0.0808435,0.158922
3.01098,-0.0118198,0.147237
4.00908,-0.0126469,-0.16176
5.00505,0.0242439,-0.177502
6.0105,-0.04644,-0.344063
7.00554,0.07228,-0.183013
7.86612,-0.0262154,0.318583
8.87103,-0.0669424,0.228178
9.82167,0.00714438,-0.0935545
10.8547,0.0188208,-0.0796319
11.8823,-0.015006,-0.150319
12.9439,0.0418104,-0.040083
13.9835,-0.036964,-0.10911
14.89,-0.0760277,0.449776
15.8976,-0.0548936,0.314191
16.9132,0.0167821,0.0951353
17.9534,0.0310282,-0.101093
18.9421,0.027485,0.136039
0.0275399,0.982836,0.137095
1.02511,0.963482,0.195001
2.01794,1.10445,0.276534
2.94946,0.985391,-0.0710196
3.99587,0.998679,-0.222044
5.00099,0.992441,-0.301947
5.97909,0.957518,-0.432337
6.98274,1.12732,-0.338585
7.91834,0.938749,0.0751915
8.90474,0.91077,-0.0326182
9.89501,1.03157,0.0350078
10.9231,1.01558,-0.144179
11.9691,0.969356,-0.00834071
12.9784,1.03051,0.234828
13.9234,0.994653,-0.0519608
14.904,0.900903,0.235679
15.9815,0.96411,0.220533
16.9851,1.02839,0.19324
18.0243,1.0527,0.140672
19.0048,1.07621,0.207123
-0.00113224,1.92445,-0.156233
0.999921,1.89956,-0.13881
1.96454,2.08701,0.13643
3.01349,2.01808,-0.149745
4.0416,2.00996,-0.289077
5.10468,2.02435,-0.292499
6.09283,1.93471,-0.0891903
7.05794,2.10707,-0.430696
7.99439,1.9164,-0.136592
8.98423,1.91819,0.0173589
9.99858,2.02677,0.0172948
10.985,2.04505,0.0309702
11.999,1.98852,0.0312662
12.9952,1.97678,-0.183233
14.01,2.00344,-0.141365
15.0149,1.92911,0.104291
16.0395,1.94791,-0.0632862
16.9687,2.10629,0.208475
17.9975,2.03865,0.180636
18.992,2.05889,0.00628681
-0.00901822,2.9602,-0.0113926
1.00478,2.88824,0.0131199
2.0097,3.05294,-0.185748
3.02591,3.07739,0.106012
3.97606,3.00158,-0.20224
5.00419,3.09217,-0.162926
6.00107,2.97785,-0.240471
7.02798,3.08944,-0.239842
8.03497,2.97289,-0.0649342
9.04827,2.93652,-0.26234
9.9917,3.04884,0.0895749
11.0226,3.05072,0.166555
12.0935,2.93693,0.172744
13.1207,2.96665,0.145091
14.0679,3.00172,-0.156285
15.054,2.90547,-0.0693075
16.0386,2.93185,0.24554
17.0062,3.09771,0.138649
17.9768,3.03186,0.00708029
18.9824,3.02371,0.255812
0.0524308,4.00847,-0.105588
1.0678,3.88306,-0.0978942
2.05556,4.05469,-0.166475
3.01166,4.12372,0.0578631
4.00767,4.04094,-0.148863
5.00574,4.07512,-0.203717
5.99892,3.95034,-0.0075045
6.98032,4.08219,-0.154949
7.95994,3.94773,-0.301819
8.9669,3.97622,-0.314875
9.92172,4.03446,0.0557878
10.9892,4.06501,0.0588244
11.9928,3.92669,0.115735
12.9869,3.9952,0.162731
13.9933,4.02954,-0.0633961
14.9858,3.88957,0.0270333
16.0287,3.96905,0.139909
17.0042,4.15645,0.213569
18.0125,4.05483,0.154677
19.0214,4.02536,0.22595
-0.0286142,4.99338,-0.168639
0.947374,4.97312,-0.113907
2.00095,5.09073,-0.11312
2.93598,5.13451,0.27083
3.85793,5.04173,-0.0431166
4.93077,5.08918,-0.0960173
5.9585,4.93371,-0.11117
6.9943,5.08158,-0.108316
7.98695,4.98589,-0.261223
9.006,4.96266,-0.103174
10.0298,5.0198,-0.0455031
11.0398,5.0517,-0.106275
12.0256,5.03106,0.153139
13.0441,5.00176,0.118357
14.0369,5.00603,0.252596
15.0548,4.91225,0.064568
16.0467,5.0259,0.249617
17.0396,5.11526,-0.028193
18.0152,5.08398,0.17922
19.015,5.03964,0.200192
0.0321574,5.99022,-0.161361
0.985098,5.98029,0.0908078
1.98333,6.0058,0.22205
2.96516,6.06365,-0.0652699
3.95082,6.01146,0.159734
5.02179,6.05231,0.137736
5.98914,5.93517,-0.163656
7.03686,6.10302,-0.110837
8.02293,5.99629,-0.100079
9.05226,5.91241,-0.397665
10.0993,5.95558,-0.38464
11.0179,6.04584,-0.00202643
12.0273,6.06173,0.193487
12.9731,5.94169,0.513941
13.8889,5.98142,0.029725
14.9211,5.9173,0.134916
15.8738,5.98444,-0.125614
16.8988,6.10142,-0.141264
17.9229,6.06005,-0.174401
18.9786,6.00604,-0.0467116
-0.00599689,7.01457,-0.159401
1.06825,6.99274,0.0968474
2.06666,7.01228,-0.0143651
3.04462,7.12636,-0.213257
4.02703,7.01825,0.05468
5.00609,7.09109,0.287661
6.0154,6.92009,0.133894
7.0456,7.03243,0.221003
8.11672,6.94946,0.23029
9.06119,6.90922,-0.114197
10.0535,6.90923,0.0242378
11.0548,7.05348,0.0410169
11.9333,7.00084,0.48132
12.903,6.93605,0.321274
13.8743,7.04513,0.0909024
14.8859,6.91194,0.0384228
15.9378,6.97421,0.124131
17.0186,7.07841,0.032194
18.0347,7.06402,0.101114
19.0153,7.00314,-0.132441
-0.034431,8.02135,-0.157164
0.981753,8.00761,-0.0468368
1.97261,8.03605,-0.0888638
2.96175,8.1891,-0.202362
3.97836,7.99795,-0.165007
5.03115,8.02292,-0.180242
6.0508,7.9684,-0.0349803
7.07544,8.02318,-0.00850551
8.09701,7.94848,0.0471053
9.06238,7.93293,0.176067
10.0405,7.95945,0.0660237
11.0452,8.03766,-0.170327
12.0123,7.89996,-0.0851436
12.9818,7.96319,0.274648
13.9872,8.0747,0.0618366
15.0004,7.92246,0.24518
15.9746,7.96462,0.189377
16.9575,8.07754,-0.131626
17.9362,8.09647,0.0535386
19.0131,8.11353,-0.162297
-0.00257271,9.07767,-0.0885922
1.00959,8.99611,-0.174914
2.03288,9.02627,-0.255745
3.04577,9.20785,-0.131309
3.99734,9.01332,-0.322712
4.96435,9.06239,-0.0442
5.97615,8.99996,-0.0335765
6.95363,9.00373,0.183279
7.99092,8.93568,0.184445
8.99492,8.96565,0.0579058
9.95703,8.96654,-0.115931
10.9566,9.0326,0.0391827
11.956,8.90828,0.101215
12.9801,8.97741,0.204636
14.0038,9.07408,0.37557
15.0444,8.94127,0.373684
16.0003,8.94979,0.139906
16.9891,9.08937,0.0877438
18.0295,9.10339,-0.032075
19.0121,9.08771,0.0897183
-0.0758385,10.0492,-0.310831
0.924882,9.98265,-0.441572
1.91871,10.0738,-0.246577
2.87358,10.1819,0.00748009
3.86607,10.0298,-0.176775
4.83192,10.0436,0.0499649
5.85701,9.9648,0.315815
6.88384,10.0207,0.162685
7.92458,9.90699,-0.00724815
8.91497,9.9762,-0.042552
9.9439,9.92271,0.223447
10.9652,9.96346,0.325324
12.0611,9.92125,0.207022
13.0956,9.9944,0.358504
14.0715,10.1174,0.488092
15.0204,9.98164,0.251524
16.0221,10.0076,0.164556
17.0192,10.0943,0.141133
17.99,10.0634,-0.263369
18.9738,10.0455,0.0445936
0.0167394,11.0404,-0.139668
1.03432,10.9905,-0.374267
2.04553,11.0973,-0.372924
3.03007,11.1427,-0.318522
4.10858,11.0167,-0.275665
5.08875,10.9562,-0.177178
6.08398,10.9014,-0.0663961
6.98361,11.0579,0.310559
7.96714,10.8678,0.203464
8.9518,10.9752,0.143489
9.93742,10.9353,0.148943
11.0056,11.0063,0.281426
12.0247,10.9173,0.11543
13.0568,11.0037,0.138185
14.0047,11.1372,0.360552
15.0331,11.0225,0.222111
15.9888,11.0517,0.263408
16.9064,11.0027,-0.169277
17.9493,11.0432,-0.0995117
18.958,11.0794,-0.0756401
0.0325419,12.0613,-0.0420148
1.01874,12.0339,-0.405747
2.01236,12.1607,-0.172372
2.93966,12.0846,0.102683
3.95955,12.0382,-0.147682
4.94105,11.9069,0.143181
5.95828,11.8795,0.028074
6.95633,11.9633,-0.114197
7.99671,11.872,-0.0505631
8.96501,12.0151,0.0291818
9.95986,11.9537,-0.0215094
10.9296,12.0071,0.0704306
11.9648,11.9646,0.204538
13.0318,12.0137,0.286596
14.0126,12.1513,0.398416
14.9694,12.0287,0.11594
15.9801,12.0306,-0.0715537
16.9714,12.0298,0.0510453
17.9453,11.914,0.344761
19.0005,12.0084,0.329975
0.00159307,13.0583,-0.0655782
1.01709,12.9983,-0.0730308
1.92632,13.043,-0.593255
2.96281,12.9779,-0.363228
3.92797,13.0718,-0.121708
4.91726,12.8933,-0.106775
5.92697,12.9136,-0.176009
6.92814,12.962,-0.171877
8.00191,12.8979,-0.14095
8.99289,12.9468,-0.32176
9.97671,12.8732,-0.484298
10.948,13.03,-0.0728751
11.8988,12.9611,0.081521
12.9257,12.98,0.115479
13.9409,13.0581,0.0652058
14.9498,13.0517,0.297095
15.9485,13.0336,0.106937
16.9781,13.0939,0.230754
17.9354,12.8471,-0.0141209
18.9853,12.9918,0.175716
0.0455855,14.0917,-0.00852992
1.04625,14.0171,-0.136476
2.05624,14.042,-0.32588
3.02022,13.9827,-0.145222
3.99544,14.0871,-0.113038
4.97307,13.9022,-0.126429
5.99863,13.93,-0.0116398
6.98049,13.9515,-0.124174
7.99809,13.8817,-0.246641
9.03059,13.9597,-0.363967
10.0043,13.8513,-0.146181
10.9166,14.0435,0.185229
11.9083,13.9576,0.0279763
12.9983,14.0105,0.0049501
14.0076,14.0319,-0.122031
15.0551,13.9496,-0.148134
16.0463,14.0656,0.0417005
17.0314,14.0925,0.30799
17.9634,13.8407,0.0270608
19.0017,13.9769,0.152895
-0.023954,15.065,-0.225193
0.994937,15.0287,-0.14272
2.01642,15.0592,-0.0125889
3.03676,14.9011,0.245839
4.08098,14.9898,0.251442
4.95676,14.9449,-0.235508
5.96645,14.915,-0.353014
6.95736,14.9962,-0.171377
7.95778,14.9098,-0.169222
8.93095,14.9393,-0.300104
9.94135,14.8624,-0.0778008
10.9553,14.9725,-0.180609
11.9906,14.963,-0.0688925
13.0462,15.0122,0.0242744
14.0582,15.014,0.12775
15.0551,14.9492,0.155434
16.0805,15.0491,0.300562
17.0089,15.0508,0.0209723
17.977,14.897,-0.153734
18.9713,14.9519,-0.018659
-0.0362438,16.0461,0.0150334
0.982809,15.9695,0.0796258
2.03958,16.0743,0.0416272
3.04803,15.933,0.141389
4.04949,15.9859,0.183697
5.01683,15.9708,-0.0477493
6.0363,15.8675,0.0525956
6.97532,16.0619,-0.264541
7.98269,15.9711,-0.154915
9.02867,15.9497,-0.220334
10.0508,15.843,-0.233067
11.0672,15.995,-0.308359
12.0862,15.9876,-0.019071
13.1017,16.009,0.0647267
14.1188,16.0563,-0.0151585
15.1209,15.9653,0.00228889
16.0883,16.0919,0.276351
17.0953,16.024,0.298389
18.0361,15.9335,-0.154842
18.9632,15.9228,0.190295
-0.0307688,17.0149,0.225501
1.05444,17.001,0.23054
2.05566,17.0613,0.276568
3.03564,16.9608,0.394232
4.01644,17.0065,0.189743
5.00573,17.0099,0.0553545
6.03706,16.9466,-0.122822
7.04865,17.0203,0.0802942
8.00547,16.9755,-0.10398
9.03421,16.962,-0.32396
9.96324,16.9255,-0.457094
10.9391,17.0527,-0.299338
11.8418,16.9786,0.126157
12.8529,16.9467,0.262902
13.8746,17.0463,0.122221
14.9003,16.9513,-0.022837
15.9132,17.068,0.0790368
16.9316,16.9483,-0.17644
18.0023,16.9901,-0.00482192
19.0079,16.948,-0.111579
-0.0156896,18.0211,0.288134
0.968059,18.011,0.473812
1.95229,18.0759,0.378564
2.97946,17.9954,0.316791
4.00663,18.0184,0.338932
4.9344,18.0088,-0.0186621
5.9647,17.9861,0.0507218
6.94397,18.0028,-0.0726432
7.91957,17.9331,0.138151
8.88455,17.9292,-0.000265511
9.90402,17.9481,-0.142659
10.9297,18.0196,-0.114585
11.9397,18.0258,-0.0042787
12.9736,17.9854,0.210703
13.9895,18.0797,0.150453
14.9913,17.9454,0.106067
15.9419,18.0242,-0.22089
16.9817,17.972,-0.334913
17.9543,18.0058,-0.136882
18.9924,17.9657,-0.0745079
0.0133671,19.0292,0.175835
1.02115,19.0549,0.379546
2.01686,19.0748,0.398428
3.0685,18.9856,0.178152
4.06216,19.0158,0.222507
4.99756,18.9736,-0.1275
5.98852,19.0087,0.0630604
6.97513,18.9724,-0.23484
7.97619,18.9599,-0.0579089
9.04841,18.9996,0.0889218
10.034,18.9837,-0.11655
11.0282,19.005,0.0432508
12.0104,19.0033,0.0649983
13.0406,18.9839,0.0916227
14.001,19.0154,-0.283764
14.9766,18.9878,0.063039
15.9373,19.0173,-0.246883
16.9244,19.0067,-0.198138
17.9588,19.0035,-0.168334
19.0238,18.9996,-0.12443
