-0.079339,0.670556,-0.949928
0.00318918,1.11955,-0.0680471
-0.0349101,2.1066,-0.339552
-0.0609394,3.1096,-0.244429
-0.0452254,4.13961,-0.147823
-0.0380902,5.13831,0.0579821
-0.107321,6.09095,-0.21731
-0.0836848,7.16345,-0.16935
-0.11348,8.17553,-0.116251
-0.0704764,9.1721,-0.366634
-0.05197,10.0882,-0.00993377
-0.0551531,11.1227,0.0197272
-0.0640461,12.1258,-0.126585
-0.0434614,13.1521,-0.196921
-0.00829493,14.106,-0.514609
-0.0639729,15.1398,-0.432667
-0.0869686,16.1467,-0.329719
-0.177874,17.1566,-0.224158
-0.0431837,18.1451,0.120048
0.1287,19.1493,0.190951
-0.0173772,19.9962,-0.324094
-0.0924314,21.0011,-0.246043
-0.133372,21.9756,-0.0178228
-0.0618061,22.9931,-0.0177984
-0.0564104,24.0079,0.0311228
-0.0408704,25.0086,-0.0847438
-0.0449263,25.9061,0.402219
0.0240486,26.8525,0.0935698
-0.0645558,27.8403,0.261956
-0.0727012,28.8392,0.384729
0.915644,0.844835,-1.01001
0.933515,1.57863,-0.261235
0.894201,2.55891,-0.375845
0.874493,3.48352,-0.0785333
0.920661,4.46475,-0.0228309
0.964034,5.45911,0.113904
0.861773,6.42522,-0.0360271
0.899344,7.45375,-0.151604
0.838368,8.43707,-0.262764
0.882376,9.30956,-0.713761
0.954329,10.1661,-0.231291
0.937092,11.2407,-0.110285
0.960509,12.1953,-0.320469
0.9275,13.1871,-0.608527
0.993805,14.2525,-0.474545
1.00964,15.2376,-0.718909
0.921116,16.1765,-0.400073
0.872683,17.2409,-0.267367
0.883981,18.253,-0.14998
1.08778,19.2216,-0.0637074
0.910007,20.2181,-0.000415052
0.918445,21.1631,-0.379904
0.826789,22.1317,-0.388501
0.966506,23.027,0.179489
0.962847,24.0127,0.0590289
0.954732,25,0.120301
0.775045,25.9381,-0.17344
0.977609,26.7712,0.392093
0.9331,27.7825,0.299329
0.930622,28.7683,0.154982
1.90317,1.04277,-0.925193
1.9736,1.67959,-0.181957
1.85014,2.64818,0.0301737
1.92353,3.66136,0.0120121
1.94255,4.63448,-0.19711
1.96541,5.61458,-0.112055
1.91021,6.68686,-0.00782495
1.94654,7.62965,-0.278317
1.86028,8.64382,-0.399728
1.88096,9.57382,-0.723823
1.94754,10.4919,-0.241871
1.91073,11.5239,-0.192279
1.87786,12.3591,-0.728394
1.93265,13.3523,-0.505576
2.00691,14.3431,-0.83896
2.03356,15.3345,-0.949843
1.94974,16.1473,-0.362102
1.92054,17.1337,-0.140233
1.96258,18.1511,0.0164953
2.03729,19.1122,-0.296722
1.90778,20.0851,0.0863216
1.91841,21.0267,-0.246812
1.88129,22.0293,-0.353154
1.93479,23.0172,-0.142289
1.99549,24.0113,-0.039671
1.92582,25.0148,-0.0988067
1.8459,26.006,-0.226334
1.90244,27.018,0.00620746
1.78639,27.9824,-0.217658
1.88972,28.9926,-0.064803
2.83043,1.22665,-0.641643
2.99224,1.92445,0.0613819
2.88383,2.91722,-0.0386059
2.9453,3.93253,-0.0707236
2.91077,4.96013,-0.218537
3.01868,5.9564,-0.257646
2.8689,6.9596,-0.0925352
2.89709,7.94889,-0.380523
2.84787,8.96426,-0.344746
2.87061,9.88659,-0.717447
2.92926,10.829,-0.403388
2.92413,11.8274,-0.28309
2.89864,12.7192,-0.81395
2.92521,13.6786,-0.588491
2.92065,14.3562,-1.30506
3.00205,15.1906,-0.763649
2.94695,16.1377,-0.438234
2.85765,17.1314,-0.595788
2.95024,18.1112,-0.366518
3.10878,19.078,-0.309046
2.91633,20.0498,-0.169036
2.94813,21.0808,-0.254369
2.87463,22.0727,-0.199649
2.93808,23.0875,-0.119178
3.02398,24.0576,0.1206
2.91837,25.0185,-0.237266
2.92011,26.0412,-0.279583
2.96986,26.9879,0.0225593
2.82005,27.9772,-0.306
2.93225,28.9823,-0.266045
3.82824,1.45298,-0.636369
3.94563,2.28315,-0.0553148
3.9058,3.25961,-0.237855
3.90243,4.30656,-0.224769
3.87507,5.3302,-0.0620106
3.97652,6.25025,-0.425431
3.84029,7.24714,-0.393451
3.9204,8.22567,-0.580023
3.83834,9.18966,-0.379897
3.87374,10.1653,-0.566182
3.97104,11.1952,-0.483352
3.91645,12.2118,-0.394729
3.86983,12.9529,-1.09446
3.94355,13.9194,-0.818043
3.87307,14.5554,-1.59225
4.03777,15.3218,-0.942698
3.9843,16.2411,-0.593197
3.89009,17.2246,-0.632176
3.97652,18.1711,-0.313086
4.07627,19.1488,-0.0984924
3.92751,20.1381,-0.0447035
4.01355,21.0446,-0.386666
3.85239,22.1084,-0.490069
4.00959,23.02,-0.0789727
4.06543,23.9809,0.274624
4.0044,24.9488,-0.106058
3.94711,25.9484,-0.313257
3.98787,26.7784,0.26632
3.83415,27.6476,-0.255846
3.9258,28.6196,-0.274471
4.89759,1.67873,-0.484426
5.00146,2.52117,0.0181982
4.9051,3.46216,-0.227775
4.90927,4.4829,-0.211075
4.90563,5.49991,-0.262133
4.98798,6.48068,-0.301477
4.8787,7.46315,-0.542567
4.9611,8.42128,-0.670589
4.82086,9.40392,-0.684298
4.8973,10.4438,-0.708856
4.92001,11.4125,-0.909668
4.95251,12.4136,-0.585943
4.84104,13.1884,-1.27917
4.91008,14.1116,-0.936146
4.8565,14.5129,-1.90027
5.01631,15.2044,-1.20409
4.93383,16.1723,-0.982937
4.92132,17.1237,-0.624512
5.01707,18.1346,-0.498099
5.10799,19.1003,-0.131776
4.91791,20.0926,-0.222861
4.99115,21.0743,-0.195071
4.84886,22.1201,-0.352208
4.9851,22.8714,0.297205
5.08247,23.8548,0.205335
5.01301,24.8119,-0.0082522
4.93345,25.7967,0.00177007
5.00095,26.8278,0.0430403
4.87734,27.8178,-0.292932
4.88421,28.7429,-0.629316
5.89196,1.87423,-0.253304
5.94273,2.86957,-0.129688
5.9094,3.87848,-0.24594
5.93057,4.84865,-0.0388836
5.87571,5.86454,-0.335414
5.93172,6.85226,-0.11297
5.88587,7.77063,-0.54294
5.8964,8.75176,-0.474001
5.77475,9.65123,-0.916239
5.95867,10.641,-0.753349
6.02279,11.6085,-0.874795
5.93464,12.5784,-0.656267
5.89572,13.249,-1.403
5.93519,14.2293,-1.1813
5.84711,14.5962,-2.15498
6.04571,15.2942,-1.43514
5.90806,16.2855,-1.26594
5.94935,17.1635,-0.736146
6.04151,18.1719,-0.616413
6.02925,19.187,-0.604263
5.91973,20.0689,-0.127708
5.92178,20.9806,-0.57452
5.75535,21.7864,-0.0168279
6.01768,22.7095,0.351701
6.06808,23.7041,0.505637
5.95943,24.5344,-0.0179693
5.9116,25.5772,0.0334239
5.99727,26.5183,-0.211347
5.87006,27.5385,-0.189984
5.78683,28.5421,-0.108866
6.87512,2.25378,-0.202823
6.89343,3.25817,-0.235865
6.86352,4.2627,-0.0814692
6.9239,5.25588,0.0912503
6.92552,6.11872,-0.413623
6.92758,7.11361,-0.106351
6.92376,8.02377,-0.641566
6.87961,9.04958,-0.555824
6.75306,10.0199,-0.833
6.92113,11.0018,-0.986938
6.92593,12.0699,-1.03289
6.84744,13.0386,-0.838759
6.81278,13.4428,-1.79985
6.94836,14.2725,-1.30778
6.86982,14.6415,-2.22857
7.01926,15.5434,-1.82244
6.88074,16.4866,-1.43154
6.94414,17.2663,-0.798184
7.04347,18.2007,-0.457237
7.039,19.2135,-0.235029
6.99512,20.1814,-0.0628071
6.92818,21.1277,-0.387182
6.72512,21.8408,0.345637
6.98435,22.808,0.499194
7.09878,23.7682,0.730702
7.00708,24.5017,0.0345042
6.91386,25.5482,-0.0595721
7.00385,26.599,-0.0529984
6.91194,27.5143,-0.42837
6.77441,28.4558,-0.165331
7.87965,2.51774,-0.170138
7.91558,3.52771,-0.184143
7.85394,4.5639,-0.0247047
7.92478,5.52248,-0.246251
7.94335,6.51477,-0.463912
7.93907,7.45875,-0.0904782
7.89224,8.36112,-0.489419
7.8884,9.37545,-0.679019
7.8008,10.3647,-0.84019
7.88558,11.3504,-0.937471
7.91844,12.3472,-0.898611
7.88144,13.3153,-0.990817
7.85455,13.4963,-1.97696
8.02654,14.3472,-1.40962
7.87083,14.561,-2.38398
8.02479,15.5383,-2.09187
7.88204,16.2287,-1.38439
7.90959,17.0349,-0.817847
8.01012,17.9891,-0.476669
8.03223,19.0433,-0.394421
7.98198,19.9271,0.0306009
7.86571,20.9004,-0.217682
7.78141,21.8015,0.343019
7.96319,22.7517,0.155074
8.05848,23.7483,0.427378
8.01077,24.5929,-0.0964019
7.93338,25.5951,-0.0417982
8.00846,26.5878,-0.257115
7.98141,27.5864,-0.270837
7.74964,28.5676,-0.535603
8.82849,2.70642,0.139415
8.93891,3.65683,-0.105466
8.83342,4.64339,-0.119376
8.94649,5.63558,-0.218238
8.96199,6.72741,-0.339598
8.87049,7.74653,-0.307093
8.83221,8.61466,-0.863576
8.93784,9.63699,-0.680242
8.78346,10.6965,-0.895703
8.85059,11.738,-0.967632
8.81698,12.7833,-1.03393
8.77786,13.8191,-1.31291
8.80897,13.8299,-2.32718
8.97043,14.6735,-1.76337
8.83882,14.6964,-2.76478
9.06777,15.4237,-2.03741
8.90126,16.1874,-1.4103
8.93067,17.132,-0.935838
8.8456,18.1479,-1.00729
9.10861,19.0296,-0.526377
8.94367,20.0037,-0.455031
8.89071,20.9568,-0.240403
8.79323,21.8439,0.370559
8.9721,22.8186,0.123255
9.02857,23.8252,0.143165
9.04516,24.7883,-0.112882
8.92902,25.762,-0.277407
8.98278,26.7089,0.0270211
8.93589,27.7242,-0.189984
8.75372,28.6271,-0.561666
9.84614,3.02864,0.161135
9.89289,3.9837,-0.166485
9.84349,4.97786,0.0569994
9.93886,5.90719,-0.341896
9.95826,6.86315,-0.554341
9.85042,7.88631,-0.651833
9.83272,8.92197,-0.613422
9.93744,9.93155,-0.920872
9.75184,10.973,-0.821757
9.82485,12.0193,-1.0646
9.82755,13.0428,-1.29383
9.75772,14.0895,-1.49772
9.78023,14.1865,-2.50462
9.89127,15.0133,-1.954
9.82944,14.8543,-2.95423
10.0563,15.507,-2.15743
9.86368,16.3394,-1.62231
9.90043,17.2559,-1.15405
9.86578,18.2635,-1.0381
10.1204,19.0027,-0.332606
9.95505,20.0192,-0.435252
9.90092,20.9937,-0.207917
9.77977,21.885,0.184341
10.013,22.9054,0.0661519
10.0119,23.8781,-0.124848
10.0409,24.9115,-0.346211
9.96938,25.9249,-0.154125
9.93091,26.8666,-0.385549
9.93348,27.8635,-0.306867
9.7218,28.7696,-0.697937
10.8769,3.09756,0.131007
10.9273,4.04976,-0.0690512
10.8419,5.0993,0.0318949
10.9583,5.97546,-0.422462
11.005,6.98326,-0.648717
10.9446,7.97422,-0.621601
10.8485,9.01424,-0.570739
10.9486,10.0484,-0.743678
10.7998,11.0267,-1.0317
10.8539,12.0862,-1.22657
10.8256,13.1147,-1.37537
10.7455,14.0321,-1.69262
10.8429,14.1485,-2.6749
10.9214,14.8519,-1.91784
10.8514,14.8459,-2.97055
11.1375,15.531,-2.23289
10.927,16.4423,-1.84978
10.9954,17.2693,-1.34241
10.9235,18.2584,-1.1176
11.0956,19.1057,-0.610599
10.8973,19.9693,-0.0686087
10.9132,20.9864,-0.0536241
10.7812,21.9539,0.213236
10.9718,22.9796,0.33278
10.9871,23.9888,0.145442
11.0917,24.8492,-0.437031
11.0087,25.8493,-0.308658
10.9037,26.8338,-0.0169408
10.9611,27.817,-0.391797
10.7265,28.7471,-0.67297
11.8955,3.32081,0.0723899
11.9178,4.24262,-0.325871
11.9062,5.21051,-0.010004
11.9606,6.03426,-0.656719
11.9998,7.03001,-0.428047
11.9503,8.07524,-0.376846
11.8353,9.08827,-0.628596
12.0073,10.0905,-0.92631
11.7876,11.1185,-0.81984
11.9419,12.0578,-1.1353
11.8832,13.0051,-1.41284
11.8542,13.9933,-1.65043
11.9223,14.1601,-2.70113
11.9263,14.8396,-1.96543
11.9318,14.8295,-2.98699
12.1177,15.7129,-2.49779
12.0153,16.4631,-1.89615
12.0113,17.1827,-1.17093
11.9373,18.2067,-1.22486
12.1191,19.1233,-0.877093
11.9419,19.9039,-0.296741
11.8751,20.8861,-0.167193
11.863,21.8504,0.127122
11.9385,22.8386,0.520664
11.9874,23.7659,0.218714
12.0117,24.7487,0.0427381
11.9903,25.7467,-0.231892
11.9616,26.7438,-0.0535508
11.945,27.6501,-0.594629
11.7583,28.6791,-0.776446
13.0357,3.28473,-0.0436293
12.9614,4.26605,-0.392923
13.0124,5.20441,-0.0884732
12.9966,6.15473,-0.443657
12.9957,7.15557,-0.327421
12.9392,8.21121,-0.258126
12.864,9.19494,-0.395047
13.0483,10.0725,-0.848009
12.8528,11.1336,-0.878466
13.0138,12.081,-1.2318
12.9431,13.202,-1.24548
12.8865,14.1307,-1.74333
12.9788,14.2205,-2.75351
12.8988,15.0155,-2.08476
12.9148,14.9489,-3.08206
13.1341,15.6069,-2.38267
13.0116,16.3325,-1.72688
13.0047,17.1611,-1.07488
12.9121,18.1372,-0.975677
13.0929,19.1003,-0.887521
12.9363,20.0415,-0.388012
12.8523,21.0759,-0.290374
12.902,21.8789,0.302814
12.9585,22.8741,0.338246
13.0493,23.7984,0.0743187
13.0506,24.7823,-0.0871364
13.0073,25.7677,-0.163015
12.9461,26.781,0.150987
12.9566,27.4664,-0.640721
12.6965,28.412,-0.963066
14.0727,3.36404,-0.110978
13.96,4.33087,-0.468908
14.0301,5.26882,-0.0895993
14.0335,6.24462,-0.384628
14.075,7.24292,-0.363579
13.9994,8.28718,-0.364962
13.9363,9.29933,-0.370251
14.0399,10.1546,-0.830378
13.9086,11.1793,-0.934001
14.0705,12.1652,-1.18372
13.9738,13.1457,-1.47934
13.8697,14.1874,-1.55019
13.9985,14.2164,-2.58939
13.9097,14.9534,-1.90038
13.9891,14.8313,-2.89929
14.1347,15.6295,-2.30153
14.0033,16.3142,-1.62622
13.9924,17.2653,-1.18629
13.9134,18.2483,-1.23833
14.0808,19.0967,-0.63177
13.9566,20.0144,-0.283132
13.805,20.9446,-0.584603
13.8458,21.767,-0.0456587
13.9806,22.7389,0.226316
14.0301,23.6928,-0.133448
14.0402,24.7025,-0.118235
14.0712,25.7101,0.0411023
13.9721,26.6854,-0.00893887
13.9601,27.5152,-0.609293
13.7844,28.454,-0.974099
15.047,3.35775,-0.0110202
14.9849,4.31549,-0.412299
15.0346,5.31004,-0.365227
15.0881,6.31638,-0.41724
15.084,7.28739,-0.118796
15.0005,8.25953,-0.276653
15.0123,9.26246,-0.384121
15.0854,10.1802,-0.7863
14.8989,11.1728,-0.70726
15.1356,12.0614,-1.18288
14.9814,13.0504,-1.37547
14.7741,13.9412,-1.79379
15.0646,14.1665,-2.70407
14.8719,14.657,-1.80219
15.074,14.9568,-2.76535
15.1181,15.5612,-1.98394
15.0099,16.3696,-1.45909
14.9904,17.3474,-1.21814
14.9841,18.3519,-1.20449
15.0766,18.9844,-0.315561
14.9952,19.9999,-0.332334
14.8172,21.0258,-0.370415
14.8343,21.9767,-0.0627583
14.9421,22.8111,0.472076
15.0805,23.6241,-0.0980987
15.1067,24.6566,0.0115024
15.0257,25.6774,-0.281109
14.9701,26.658,-0.0405835
15.0204,27.5535,-0.558565
14.809,28.5469,-0.809824
16.1112,3.21247,0.102118
15.9782,4.22603,-0.150038
16.0791,5.21648,-0.372256
16.1229,6.25637,-0.233323
16.0907,7.24978,-0.219211
15.9958,8.17983,-0.544993
16.0525,9.18845,-0.626658
16.1123,10.1923,-0.63137
15.9219,11.205,-0.550969
16.115,12.0279,-1.08021
16.0291,12.96,-1.38796
15.8008,13.914,-1.55341
16.0464,14.2154,-2.50885
15.9008,14.6354,-1.62924
16.0426,14.8985,-2.62336
16.1268,15.4342,-1.81295
16.0103,16.4322,-1.6031
16.0132,17.3068,-1.09408
16.0238,18.3105,-1.0865
16.1269,19.0137,-0.386795
16.0389,19.9486,-0.116102
15.8358,20.8578,-0.45848
15.8022,21.7471,0.0376324
15.9409,22.7664,0.188742
16.0527,23.7904,0.145604
16.1224,24.7214,-0.150526
16.0387,25.678,-0.420008
16.0478,26.565,0.0522233
16.0265,27.4873,-0.380197
15.8145,28.366,-0.828101
17.1014,3.25684,0.237568
17.0669,4.18319,-0.125019
17.0983,5.09916,-0.564592
17.1706,6.0534,-0.354955
17.1181,7.06027,-0.350743
17.0131,8.07136,-0.566057
17.0854,9.04755,-0.725178
17.1491,10.0503,-0.427952
16.9379,10.9947,-0.621598
17.1332,11.9679,-0.894174
17.0192,12.7593,-1.48144
16.8793,13.7832,-1.51814
17.1167,14.0569,-2.44704
16.9435,14.477,-1.56651
17.0033,14.6928,-2.54072
17.1497,15.2993,-1.73977
17.0786,16.2908,-1.52051
17.0166,17.0709,-0.93339
16.9658,18.0709,-0.766787
17.1062,18.8949,-0.145289
17.0223,19.8938,-0.354967
16.8849,20.8814,-0.172588
16.8662,21.8913,-0.017954
16.9455,22.879,0.324439
17.1099,23.7715,-0.0627461
17.1123,24.7728,0.0742271
17.02,25.7201,-0.281829
17.1177,26.6751,0.0950011
17.0276,27.514,-0.487487
16.8251,28.4455,-0.759267
18.1015,3.00758,0.310498
18.1002,3.96938,0.0296884
18.0874,4.90611,-0.342985
18.1468,5.92586,-0.155986
18.1633,6.93527,-0.308881
18.0533,7.90978,-0.464608
18.1589,8.89115,-0.640522
18.1906,9.93433,-0.619446
17.9756,10.9661,-0.824876
18.1861,11.9245,-0.742528
18.0132,12.8669,-1.12577
17.9711,13.8523,-1.38644
18.0611,13.7131,-2.34877
17.9543,14.4276,-1.63105
17.9667,14.8978,-2.51198
18.1312,15.3159,-1.56166
18.0775,16.3609,-1.49938
18.0444,17.0944,-0.788049
17.9766,18.1032,-0.883419
18.1142,18.8916,-0.247786
18.027,19.9076,-0.0922819
17.831,20.8669,0.129176
17.8874,21.9074,-0.0891537
17.9603,22.7932,0.345064
18.0951,23.6399,-0.184399
18.1294,24.6435,0.0381634
18.0505,25.6108,-0.363762
18.1673,26.6046,-0.139299
18.044,27.6011,-0.354631
17.8838,28.5679,-0.719449
19.1563,2.99044,0.333485
19.1174,3.97574,0.179186
19.1159,4.89562,-0.346474
19.1338,5.86112,-0.231233
19.1578,6.85257,-0.203644
19.0438,7.8158,-0.42927
19.2079,8.80246,-0.684674
19.2112,9.77994,-0.700266
19.0514,10.8389,-0.751207
19.2234,11.8203,-0.740324
19.0399,12.7306,-1.17421
19.0326,13.8325,-1.25518
19.0804,13.7995,-2.2766
18.9516,14.6248,-1.56883
19.012,14.968,-2.51434
19.1086,15.5406,-1.60478
19.0002,16.5341,-1.76248
19.0061,17.2618,-1.0779
18.9751,18.1877,-0.717014
19.1462,18.8431,0.0250435
19.0573,19.845,-0.11503
18.8541,20.8454,-0.0651143
18.8907,21.8353,-0.317478
18.9833,22.6391,0.346379
19.0796,23.6464,0.106696
19.1536,24.6311,0.00355541
19.083,25.5595,-0.287844
19.1513,26.5297,-0.0211432
19.0224,27.5913,-0.112824
18.873,28.4134,-0.698993
20.1618,2.98758,0.260909
20.1146,3.98265,0.499741
20.1305,4.60151,-0.286648
20.0931,5.61267,-0.121201
20.1619,6.6633,-0.0829371
20.126,7.62149,-0.418412
20.2311,8.53941,-0.827744
20.2175,9.53356,-0.684518
19.9801,10.5007,-0.661605
20.2284,11.4593,-0.468773
19.9989,12.4119,-0.925413
20.003,13.404,-1.13942
20.0977,13.8579,-2.10608
19.9677,14.4641,-1.35762
20.0361,14.8986,-2.26176
20.1702,15.6316,-1.57926
19.9615,16.5916,-1.47751
19.9779,17.3832,-0.795083
19.9987,18.3853,-0.56017
20.1428,19.0763,0.149095
20.0719,19.9705,-0.218097
19.851,20.9567,-0.239293
19.9445,21.9839,-0.293481
19.9658,22.7583,0.347191
20.0459,23.7252,0.507065
20.1947,24.6765,0.250993
20.0531,25.5713,-0.195349
20.1432,26.567,-0.10828
20.055,27.5871,-0.167519
19.9012,28.5666,-0.488275
21.161,2.7018,0.343602
21.0615,3.70235,0.471389
21.1323,4.37295,-0.350426
21.112,5.37852,-0.0286019
21.1713,6.36948,-0.190725
21.1454,7.37433,-0.294882
21.2167,8.31083,-0.749239
21.2184,9.33076,-0.741731
21.0773,10.3291,-0.542711
21.2349,11.3337,-0.525083
21.0584,12.2511,-0.911246
21.0528,13.2728,-1.03306
21.0623,13.5813,-1.95278
20.9596,14.2473,-1.18172
21.0249,14.7786,-2.05257
21.1644,15.6349,-1.45917
20.9428,16.5889,-1.22492
20.9779,17.2987,-0.493155
20.9925,18.2872,-0.645683
21.1566,19.0311,-0.0204596
21.0876,20.0549,-0.00590533
20.8313,21.0319,0.100671
20.9565,21.9774,-0.216837
21.0474,22.912,0.230967
21.0807,23.8244,0.683212
21.2059,24.5847,0.00142827
21.0518,25.5243,-0.291943
21.1108,26.5287,-0.0440809
21.1081,27.5488,-0.0622242
20.926,28.4855,-0.528947
22.0291,2.51471,0.845668
22.0648,3.42407,0.418137
22.1647,4.16464,-0.309455
22.1622,5.1898,-0.127091
22.2206,6.23028,-0.18298
22.1407,7.19159,-0.22393
22.252,8.06511,-0.774657
22.2447,9.06214,-0.767299
22.0872,10.0943,-0.45023
22.2187,11.0673,-0.639055
22.1555,12.0246,-0.905799
22.1135,13.0059,-0.85125
22.0737,13.3146,-1.83069
21.8372,13.756,-0.971209
21.8874,14.5787,-1.57336
22.2301,15.5417,-1.41486
21.9359,16.4312,-1.03735
22.0159,17.2007,-0.348015
21.9951,18.1757,-0.593347
22.1454,18.9061,0.0406842
22.1501,19.9734,-0.0160039
21.8678,20.9387,-0.0425855
21.9008,21.9256,0.110715
22.0501,22.9359,0.304907
22.1208,23.8097,0.753139
22.111,24.7956,0.479134
22.0426,25.6271,-0.106967
22.0854,26.6521,-0.114277
22.0741,27.7218,-0.254476
21.8937,28.6905,-0.261507
22.9916,2.22349,0.889132
23.0808,3.14227,0.402185
23.1647,3.98499,-0.130186
23.1596,5.01879,-0.164708
23.206,6.01096,-0.0847316
23.0624,6.98978,0.0881405
23.1929,7.88193,-0.484722
23.2194,8.82711,-0.67803
23.1157,9.84226,-0.187689
23.199,10.8575,-0.337129
23.1451,11.7603,-0.720579
23.0679,12.7591,-0.649364
23.0533,13.1573,-1.59209
22.8762,13.7164,-0.80195
22.8752,14.6011,-1.35916
23.1596,15.5671,-1.70714
22.9349,16.2773,-1.05826
23.0279,17.1565,-0.567846
23.0354,18.1299,-0.834571
23.0988,18.965,-0.275661
23.1401,20.0205,-0.384097
22.8556,20.9423,-0.188394
22.9116,21.8177,0.255257
23.0528,22.8111,0.369796
23.1099,23.8562,0.6211
23.088,24.7385,0.127903
23.0427,25.6512,-0.31062
22.9758,26.6674,-0.447426
23.0951,27.5572,0.0972076
22.8536,28.58,-0.0572527
23.9537,1.85678,0.694308
24.0466,2.78585,0.268331
24.164,3.64819,-0.306
24.1439,4.63286,-0.303778
24.1906,5.66366,-0.283474
24.0093,6.60928,0.0574786
24.1256,7.58836,-0.320933
24.1506,8.56686,-0.481567
24.0949,9.6009,-0.150771
24.1411,10.5746,-0.21362
24.1047,11.3764,-0.794217
24.0003,12.3221,-0.362456
23.9808,12.7809,-1.26608
23.9207,13.5937,-0.599191
23.8312,14.4097,-1.13888
24.1444,15.3349,-1.46796
23.9274,16.2489,-1.08787
24.0239,17.0822,-0.465023
24.0074,18.0746,-0.567916
24.0516,19.1079,-0.551881
24.1583,20.0516,-0.243117
23.8869,20.9731,-0.0340983
23.9438,21.9827,0.0822901
23.9384,23.0344,-0.013419
24.1027,23.8426,0.523591
24.1284,24.6973,-0.0345866
24.0351,25.642,-0.268673
24.0342,26.6437,-0.413874
24.042,27.6952,-0.16487
23.8681,28.6783,-0.199408
24.9459,1.59796,0.726289
25.0444,2.42919,0.164064
25.1728,3.3855,-0.215668
25.1269,4.39441,-0.242436
25.1444,5.35161,-0.0549669
25.0265,6.3456,0.0219214
25.1829,7.30998,-0.202951
25.1591,8.35683,-0.369857
25.0254,9.31594,0.0490158
25.0897,10.2357,-0.323707
25.1179,11.1485,-0.702625
24.9873,12.0876,-0.230583
25.048,12.6066,-1.04291
24.9319,13.4542,-0.492593
24.858,14.3491,-0.945341
25.0957,15.3083,-0.93881
24.9366,16.2969,-1.08896
25.0902,17.0372,-0.364248
25.0199,18.0541,-0.329969
25.0281,19.0527,-0.262905
25.1406,20.0325,-0.053502
24.9029,21.0256,0.0792657
24.9431,22.0205,0.11106
24.8891,23.0066,0.262346
25.0816,23.9996,0.304236
25.0766,24.9896,0.140593
25.052,25.7384,-0.539647
25.0013,26.7349,-0.454054
25.0533,27.693,-0.138105
24.9446,28.6782,-0.313654
26.0021,1.48712,0.88955
26.0158,2.06083,-0.010947
26.1058,3.02324,-0.0683065
26.0449,4.01726,-0.183352
26.1,5.01175,0.0320353
26.0399,6.05638,0.123029
26.1246,7.00052,-0.25952
26.1121,7.97815,-0.181381
26.0138,8.9326,0.0928343
26.0567,9.85777,-0.26599
26.1109,10.7892,-0.600189
25.9902,11.7654,-0.251982
26.0896,12.5137,-0.882559
25.9643,13.47,-0.589889
25.9304,14.3997,-0.913105
26.036,15.3738,-0.592633
25.9305,16.3509,-0.847874
26.0937,17.2443,-0.400848
26.0451,18.2148,-0.202506
26.0125,19.2139,-0.196326
26.1379,20.1564,0.123157
25.9408,21.1795,0.113041
25.9445,22.1609,0.155269
25.9564,23.176,0.0404889
26.0618,23.9801,0.651878
26.1409,24.9891,0.419617
25.8647,25.9048,0.00790124
26.0393,26.7419,-0.570403
26.0549,27.7562,-0.435801
26.0132,28.7809,-0.267852
27.0159,1.25073,0.902173
26.9997,1.88969,0.1485
27.0157,2.77606,-0.347932
27.0412,3.67757,0.0931028
27.0712,4.71658,0.177352
27.0263,5.75779,0.223145
27.1257,6.69976,0.0128544
27.1016,7.73884,-0.0533982
27.0237,8.69917,0.131352
27.1089,9.65166,-0.212104
27.0786,10.604,-0.539164
27.0313,11.5522,-0.0819697
27.1122,12.3637,-0.665035
26.9583,13.3137,-0.287603
26.9037,14.3328,-0.487814
27.0697,15.3042,-0.37788
26.928,16.265,-0.592868
27.0706,17.1808,-0.250768
27.0409,18.1875,-0.23766
27.0648,19.2182,-0.199261
27.1479,20.1877,-0.0836055
26.9147,21.1662,-0.155757
27.0326,22.1112,0.103211
26.9885,23.1115,0.0287942
27.0618,24.099,0.33676
27.1841,25.1031,0.432459
26.9214,25.993,0.0607898
27.1197,26.7972,-0.50488
27.0589,27.8018,-0.354228
27.0829,28.7807,-0.154393
27.9942,0.901843,0.750545
27.9728,1.74689,0.207212
28.0635,2.59207,-0.376086
28.0585,3.44366,0.168551
28.1066,4.46266,0.27058
28.0738,5.49156,0.392804
28.0896,6.44859,0.0917051
28.0393,7.47027,0.0525803
28.0425,8.45008,0.136787
28.123,9.35508,-0.243703
28.0868,10.3429,-0.540052
28.0868,11.243,-0.135627
28.051,12.1951,-0.271722
28.0042,13.1946,-0.344487
27.9084,14.1673,-0.272024
28.106,15.1773,-0.31952
27.9576,16.1635,-0.520771
28.0491,17.0468,-0.0622791
27.9997,18.008,-0.376183
28.0793,19.0183,-0.156343
28.1491,20.0248,-0.156505
27.9204,20.991,-0.173705
28.0571,22.0263,-0.103595
28.046,23.0326,-0.0608234
28.0809,23.9908,0.301205
28.1006,24.9493,0.0279336
27.9555,25.9917,-0.0585894
28.1454,26.835,-0.475112
28.0383,27.8208,-0.186999
28.1414,28.7799,-0.00771203
29.0217,0.818757,1.02763
28.9847,1.55825,0.387918
29.1018,2.35673,-0.241102
29.0638,3.24814,0.206125
29.0954,4.22062,0.267641
29.0237,5.21991,0.12645
29.0903,6.20443,-0.156938
28.9967,7.17015,0.0123783
29.0383,8.18446,0.235875
29.1056,9.12272,-0.220502
29.0439,10.1333,-0.417298
29.0359,10.9957,0.0928678
29.0374,12.0011,-0.031428
29.0507,12.9687,-0.218662
28.9466,13.964,-0.098587
29.0464,14.9486,-0.0402356
28.9639,15.9396,-0.41333
29.0347,16.9309,-0.185815
28.9872,18.0218,-0.131675
29.0837,19.0176,-0.152156
29.2119,20.0531,-0.0917966
28.933,21.0218,-0.0633808
29.0688,22.0027,-0.0833247
29.0568,22.997,0.100851
29.0779,23.9792,0.0853084
29.0798,25.0117,-0.136839
28.9814,25.9826,0.0665487
29.1448,27.0029,-0.128025
29.0397,27.9682,-0.143959
29.1297,28.9739,0.151833
