-0.0246132,0.0187902,0.193405
0.949944,0.00354625,-0.00625629
1.98071,0.0152989,-0.0980895
3.0093,-0.0154759,-0.10896
3.99747,0.0360179,0.0887295
4.98144,-0.0213111,0.23892
5.94777,0.0111942,0.21941
6.92386,0.0199316,0.0313028
7.92937,0.0455214,0.0194098
8.93428,0.0451491,-0.111002
9.93519,0.0902158,0.117408
10.9727,0.0175878,0.154848
11.9643,-0.0221198,0.0448622
12.9583,0.0157659,0.114823
13.9771,-0.00514847,0.140474
14.9668,-0.0242683,0.125004
15.9644,0.00110172,-0.0374554
16.9877,0.0109836,-0.00356151
17.9885,0.00260323,0.037376
19.0148,0.0215644,-0.00502335
0.0212287,0.988311,-0.248708
1.04795,0.999466,-0.165658
2.05262,1.01416,-0.17853
3.04964,0.9944,-0.0622791
4.02821,1.02421,-0.182818
4.9985,0.97289,0.212619
6.02336,0.953853,-0.0799982
7.04637,0.998856,-0.0157201
8.05889,1.04838,-0.241426
8.97991,1.03624,0.137449
10.0081,1.06703,0.277245
10.9909,1.05324,0.0132084
12.044,1.02362,0.0709128
13.0749,1.04354,0.141881
14.0787,1.01417,0.412235
15.0295,1.01882,-0.00498062
16.0098,0.974697,0.155599
16.9886,1.01938,0.070217
17.9944,0.991574,0.102704
18.9773,1.05048,-0.0720969
0.00381481,1.9563,0.052266
0.995727,2.04198,-0.204285
1.98879,2.02484,-0.0376904
3.03192,1.98064,0.263741
4.01068,2.11759,-0.0271371
4.98075,1.92824,-0.00765099
6.00905,1.95616,-0.110685
6.99924,2.02491,0.0626972
7.96846,2.04156,0.00350352
8.91152,2.04288,0.41395
9.92687,2.07646,0.328657
10.986,2.01362,0.165331
11.9992,2.00335,0.100061
13.0389,2.04379,0.169189
14.0623,2.00988,0.200021
14.9778,1.99962,-0.220881
16.0193,2.05394,0.056563
17.0305,2.05432,0.0255593
18.0506,1.99336,-0.0275155
19.0282,2.09338,-0.27622
0.00451064,2.95329,-0.0869655
1.0212,3.09647,-0.267269
1.99694,3.0102,-0.0666707
2.98019,2.97452,0.155425
4.00152,3.1391,-0.0733848
4.98565,2.90853,0.0565661
6.03986,3.00381,0.000424207
6.99307,2.97741,-0.229057
7.96333,3.07133,0.0508072
8.8786,3.04225,0.472692
9.8795,3.06029,0.419962
10.8793,3.01452,0.311112
11.8802,3.0403,0.152055
12.918,3.06015,0.202594
13.9676,3.04585,0.174932
14.9843,3.03783,0.0136998
16.0118,3.06679,0.14691
17.0157,3.04787,0.212705
18.0417,2.97874,0.0543077
19.0376,2.95329,0.194104
0.0188635,3.97531,-0.0866634
1.05973,4.14453,-0.209525
2.02188,4.02224,0.00636006
3.04445,3.98133,0.0111698
3.99992,4.17231,-0.0476882
4.97957,3.92016,0.0822718
6.02564,3.99308,-0.107053
7.00069,3.98329,-0.264885
7.98883,4.1043,0.0728202
8.94974,4.05816,0.266579
9.98459,4.08422,0.257601
11.0402,3.98038,0.2889
12.0697,3.99175,0.455757
13.0817,4.04499,0.255242
14.1145,4.0461,0.0913541
15.1296,4.05326,0.0464064
16.118,4.06346,0.184463
17.0851,4.05358,0.426353
18.0447,4.00352,0.0421491
19.0223,3.946,0.172546
-0.0230537,4.97115,0.065566
0.959429,5.08722,0.106632
1.94729,4.99265,-0.00944853
2.96881,4.98637,0.344771
3.99012,5.16381,0.162154
4.96211,4.96249,0.162297
5.98253,4.99662,0.192416
6.96272,4.97586,-0.0018189
7.96518,5.11773,0.302881
8.95772,5.02852,-0.0669515
9.97322,5.0245,-0.000238044
11.0205,4.95095,-0.0147069
12.0108,4.9047,0.0735008
12.9736,5.04827,0.099234
13.9663,5.06304,-0.133882
14.925,5.06238,0.0900327
15.931,5.07151,0.247649
16.9202,5.09158,0.190667
17.9808,5.01639,0.272756
19.0099,4.98612,0.119782
0.0194983,6.01197,0.142372
0.992212,6.08728,0.109049
1.97886,5.9898,0.0397137
2.94598,6.01723,0.250685
3.98456,6.16174,0.443635
4.94014,6.01655,0.0901395
5.96648,5.98205,0.373763
6.91508,6.02798,0.238273
7.88449,6.07768,-0.0017243
8.88965,6.00952,-0.134495
9.88294,6.07019,0.174987
10.8755,5.94313,0.00167852
11.8623,5.87833,0.201056
12.8718,6.06672,0.0879513
13.907,6.07076,0.0969298
14.9781,6.07893,0.141685
15.9761,6.13885,0.262233
16.9477,6.10822,0.331916
17.9728,6.00434,0.381387
18.9946,5.9962,0.224909
-0.0652547,6.96203,0.507456
0.984109,7.07096,0.407602
2.03744,6.99038,0.151698
3.04217,6.97955,0.468352
4.0425,7.15841,0.321393
4.99409,7.03515,0.0820978
6.04206,6.96182,0.425742
6.99907,7.02821,0.0573473
8.00493,7.05952,-0.248442
8.97055,6.98558,0.0713981
9.9813,7.05576,0.102844
10.9691,6.92296,0.119062
11.9821,6.89661,0.10715
12.9651,7.11716,0.149995
13.9508,7.08068,-0.0772576
14.8676,7.1078,0.228999
15.8653,7.1092,0.084695
16.9497,7.12264,0.168441
17.9684,7.01722,0.235951
18.9993,6.99102,0.204251
0.000708029,7.91593,0.165496
1.00313,7.97441,-0.0873348
2.03064,7.97184,0.166915
3.05597,7.96456,0.121268
4.02951,8.15577,0.0703391
5.02116,8.00487,-0.187826
6.01457,7.97053,0.0245155
7.05447,8.06893,0.0420728
8.12553,8.04886,-0.164711
9.06563,7.95993,0.228318
10.01,8.02489,-0.133778
10.9643,7.94015,0.117179
12.0356,7.88887,-0.0438581
13.0033,8.05037,-0.318485
13.9332,8.08665,-0.00602435
14.9739,8.07304,-0.0717246
15.9825,8.13356,0.0312357
17.0565,8.10051,0.00496536
17.9804,8.00992,0.32949
19.0352,8.05289,0.255773
-0.0243904,8.9613,0.159813
0.983297,8.98865,-0.106397
2.01672,8.91882,-0.220255
3.00334,8.9566,-0.123652
3.95408,9.15709,0.165658
5.00249,8.99774,0.0198401
6.02082,9.01343,0.1566
7.04194,9.04524,-0.134172
8.01798,9.06906,0.042671
8.98666,8.92294,-0.0918699
9.97541,8.92905,0.307282
10.9696,8.93588,0.0513474
11.9594,8.89682,-0.101917
12.9838,9.07407,-0.109919
13.9505,9.07729,0.22971
14.9644,8.99334,0.258568
15.9438,9.16169,0.18038
16.9353,9.12906,0.10477
17.9676,9.01873,0.190484
18.9721,9.0861,0.15508
6.40889e-05,9.96212,0.197671
1.06981,9.99629,0.0524125
2.02994,9.91252,-0.273864
3.09198,10.0494,-0.248445
4.08851,10.1087,-0.182107
5.02186,9.95045,0.259181
5.98054,10.0529,0.0574694
6.96048,10.0633,-0.225343
7.89778,10.063,0.0694235
8.81475,9.89857,-0.290027
9.84634,9.8105,-0.111866
10.8926,9.93725,0.0172124
11.9631,9.90689,0.0979644
12.9671,9.96463,0.390127
13.9816,10.0641,0.042259
14.9618,9.98982,-0.0392468
15.9611,10.1481,0.0180853
16.9536,10.113,0.249483
17.9366,10.052,-0.00347301
19.0026,10.0486,-0.0400159
0.0377117,10.9767,0.00548418
1.08684,11.0125,0.155855
2.14548,10.9324,-0.070336
3.16988,11.0619,-0.0882321
4.12925,11.0647,0.121705
5.16564,11.0085,0.234416
6.1879,11.0183,0.373373
7.04433,11.0809,-0.165114
8.03388,10.9712,-0.312967
9.02197,10.8686,-0.0443434
10.0523,10.7567,0.126978
11.0285,10.9457,-0.038786
11.9979,10.8863,0.313752
12.9478,10.9195,-0.0525529
13.924,11.0681,-0.0397809
14.9008,10.9669,-0.243428
15.8819,11.1609,0.0124363
16.8937,11.1216,-0.0485549
17.9032,11.0348,-0.158632
18.9236,11.0797,-0.00515763
0.0220862,11.9665,0.0755425
1.05618,11.9717,0.00117801
2.06183,11.9403,-0.0912809
3.08197,12.0562,-0.0133976
4.09486,12.0484,-0.152516
5.07348,11.9921,0.00842616
6.09534,11.9879,0.184805
7.01227,12.0857,-0.122443
8.01694,11.9865,-0.123551
9.03453,11.8606,0.0655873
10.037,11.8359,0.11211
11.0307,11.9416,0.167833
11.9685,11.9053,-0.107215
12.9837,11.9241,-0.1553
13.9919,12.0469,-0.147468
14.8841,11.9908,-0.581646
15.8986,12.1267,-0.332868
16.96,12.077,-0.27756
17.9907,12.0509,0.0860622
18.9789,12.0572,-0.101956
-0.0317972,12.9376,-0.168038
1.06472,12.9721,-0.0188299
2.08115,12.9518,-0.0321451
3.04806,13.0705,0.214219
3.98495,13.0312,-0.293423
4.94909,12.9818,-0.0274545
5.94237,13.0099,0.222742
6.98426,13.0127,0.299097
7.92239,13.0034,-0.071334
8.90964,12.8439,0.0277383
9.96334,12.7944,-0.164168
10.9745,12.9322,-0.0740349
11.9855,12.9158,-0.0295938
12.9685,12.9135,0.0926206
13.928,13.0415,-0.13997
14.9719,12.9765,-0.364956
15.9442,13.0215,0.056505
16.9382,13.0322,-0.0588977
17.9689,13.0756,-0.0141301
19.0046,13.1075,-0.102237
-0.00876797,13.9004,-0.078576
1.00378,13.9664,-0.198859
1.94282,13.984,0.0659536
2.94679,14.0522,0.159301
4.03146,14.0323,-0.00304575
5.02965,13.9773,0.187005
6.0665,13.9983,0.0284616
7.03716,13.9928,0.146278
8.01776,13.9459,0.258815
9.00132,13.9018,0.00355235
10.0174,13.8195,-0.0792993
11.0149,13.9535,-0.0159154
12.0127,13.8824,0.120197
13.0202,13.955,-0.0484024
14.0238,14.1094,0.0077517
15.0057,14.0479,-0.322715
15.9947,13.9851,-0.189807
16.9851,14.0739,-0.0316507
18.0216,14.091,-0.000289926
18.9817,14.0882,-0.313977
0.0296396,14.9431,0.0348216
1.04135,14.9384,0.00869167
2.06373,14.982,-0.021482
3.0042,15.0657,0.257897
3.94133,15.0667,-0.0861141
4.9642,14.9541,-0.114603
5.98148,15.0449,-0.176998
6.93722,15.0153,-0.0232734
7.96899,14.9736,0.0827418
9.00663,14.9183,-0.0899442
9.99693,14.8462,0.174944
10.8829,14.9505,-0.230103
11.9265,14.8873,-0.128251
12.9378,14.9192,-0.269008
13.8962,15.0657,-0.121479
14.9231,15.0465,-0.0138737
15.9464,14.9792,-0.160659
16.9253,15.0709,-0.365773
17.9702,15.0789,-0.26249
18.9684,15.0554,-0.00751976
0.00790429,15.9405,-0.0769738
1.06623,15.9433,-0.23448
2.0669,15.9937,-0.0119266
3.08986,16.0208,-0.150929
4.11424,16.0533,0.0405957
5.06605,16.016,-0.196472
6.09844,16.0599,-0.268471
7.0363,16.0189,0.0463881
8.04929,16.01,-0.0733879
9.06647,15.9327,-0.180865
9.95975,15.9031,0.215326
10.9503,15.9165,0.099237
11.9607,15.9303,-0.0195044
12.9456,15.9361,-0.242286
13.9561,16.1018,-0.504038
14.9615,16.0184,-0.202722
15.9695,15.9928,-0.32508
17.0101,16.1444,-0.42924
18.0012,16.053,-0.27799
18.9855,16.0524,-0.0868923
0.0704093,16.932,-0.042674
1.08144,16.9673,0.142747
2.11125,17.0051,0.0952269
3.13775,16.9931,0.0761864
4.12038,17.0558,-0.0703757
5.10847,17.0403,-0.00109561
6.07332,17.0807,-0.341124
7.08635,16.9917,-0.279699
7.99828,17.0025,0.0860347
9.01618,16.9241,0.0846187
10.0089,16.9816,0.221558
10.9819,16.8998,-0.0345683
11.9765,16.9651,-0.0627979
13.0098,16.9221,0.046205
13.9857,17.065,-0.121686
15.0201,17.0915,-0.288849
15.9318,16.94,0.0181616
16.9257,17.0419,-0.0180639
17.9591,17.0301,-0.073983
18.96,17.0511,-0.0302408
-0.0304636,17.9687,-0.101242
1.00154,17.9647,-0.179336
1.95144,17.984,0.13003
3.00585,17.9999,0.121763
4.01169,18.0219,-0.280505
5.01583,18.0424,-0.261928
6.06696,18.0729,-0.349199
7.06727,18.0487,-0.290649
8.04887,17.9594,-0.187161
9.04648,17.9285,0.0759941
10.026,17.9595,-0.0785913
11.0177,17.9535,0.0267312
12.066,17.9386,0.0956938
13.0467,17.944,0.151466
14.0269,18.014,0.112082
15.0592,17.9649,0.179992
16.0462,17.9684,0.00227973
17.0341,17.9999,-0.288723
17.9353,17.9894,0.212668
18.9684,18.0337,0.0662923
0.0195044,18.9746,-0.159078
1.08102,18.9615,0.0396374
2.05749,18.9874,0.108899
3.12144,18.9807,0.142885
4.14398,19.0016,0.00019837
5.13972,19.0019,-0.073632
6.09134,19.0485,-0.386685
7.02909,19.0239,0.0906156
8.04519,18.9985,-0.127534
9.06738,18.9783,-0.00268563
10.0649,18.9672,0.0288156
11.0204,18.9471,-0.14264
12.0069,19.0256,0.0791894
13.0203,18.9798,0.102994
14.0134,18.9602,-0.213746
15.0387,18.9773,-0.066039
16.011,18.9718,0.163952
17.0157,18.9473,-0.0399701
17.9921,18.9874,-0.104718
18.9997,19.0424,-0.199271
