-0.145164,1.1273,-1.06859
0.0181372,1.39633,-0.0981994
0.011127,2.39907,-0.0487808
-0.0152135,3.42452,-0.0921995
-0.203931,4.38226,-0.25483
-0.0983367,5.35559,-0.507785
-0.124378,6.37194,-0.299957
-0.138475,7.37452,-0.383325
-0.159545,8.39255,-0.461843
-0.211161,9.29761,-0.395785
-0.121555,10.3984,-0.527219
-0.130351,11.3315,-0.136119
-0.29697,12.3093,-0.327628
-0.159539,13.2475,-0.695657
-0.0884426,14.2258,-1.03719
-0.0952849,15.2207,-0.829817
-0.140477,16.1712,-0.343071
-0.25551,17.1244,0.0352702
-0.114283,18.0921,0.156697
0.0977081,19.1187,-0.0561541
0.0648183,20.1035,-0.302747
-0.190249,21.0211,-0.0114353
-0.191183,22.0091,0.324091
-0.10249,23.0435,0.292401
-0.131648,23.9648,-0.136915
-0.161873,24.9864,-0.116511
-0.0440504,25.9485,0.17384
-0.00934172,26.812,-0.362801
-0.0707633,27.7673,-0.185434
-0.179141,28.7583,-0.271282
0.895871,1.32196,-0.985076
1.02557,1.74579,-0.0916013
0.96277,2.72656,0.228599
1.0079,3.61541,-0.283715
0.818253,4.62483,-0.37496
0.919611,5.61981,-0.390585
0.858007,6.60996,-0.106311
0.875353,7.53331,-0.526527
0.903201,8.52875,-0.363201
0.830714,9.5057,-0.491488
0.939399,10.5581,-0.495294
0.945927,11.5275,-0.267922
0.725013,12.4207,-0.644578
0.863347,13.4076,-0.868145
0.886184,14.3225,-1.31576
0.944948,15.3036,-0.910016
0.889358,16.194,-0.36444
0.633598,17.1472,-0.466887
0.81081,18.0954,-0.246724
1.11415,19.0419,-0.147017
1.13593,20.0321,-0.389022
0.825925,20.9234,-0.148976
0.749605,21.9285,0.0272134
0.927155,22.8379,0.326606
0.88037,23.794,0.0850032
0.781899,24.7277,-0.27879
0.944124,25.7031,-0.163979
1.04017,26.7201,-0.418937
0.907273,27.6909,-0.1082
0.845433,28.663,-0.288617
1.8953,1.57392,-0.714206
2.00668,2.05664,0.171804
1.97722,3.03372,-0.0118442
1.95435,3.93338,-0.433839
1.8358,4.92364,-0.501108
1.91759,5.91494,-0.44286
1.85692,6.86363,0.00454421
1.85321,7.74267,-0.505344
1.87742,8.77191,-0.305127
1.86688,9.74641,-0.462334
1.96154,10.7075,-0.468032
1.94476,11.713,-0.391937
1.74353,12.5132,-0.999509
1.756,13.4884,-1.37156
1.8624,14.4862,-1.48542
1.95677,15.394,-0.953325
1.90842,16.1309,-0.236396
1.65475,17.1329,-0.400275
1.88103,18.0908,-0.284265
2.17762,18.9852,-0.0143651
2.19237,19.9413,-0.419523
1.79723,20.8698,-0.388031
1.72988,21.8322,-0.144728
1.92113,22.8051,0.11662
1.91316,23.8076,0.00281381
1.77824,24.7827,-0.15002
1.94653,25.7605,-0.367882
2.13442,26.7758,-0.409003
1.96204,27.796,-0.237059
1.86046,28.8275,-0.123624
2.92428,1.90769,-0.528318
2.94204,2.35375,0.393844
3.01413,3.34895,0.115067
2.93316,4.1736,-0.450011
2.83892,5.16011,-0.342198
2.93971,6.16235,-0.304013
2.7908,7.15338,-0.34153
2.8309,8.06006,-0.760717
2.86246,9.01791,-0.520136
2.89845,10.0197,-0.587268
2.931,11.026,-0.61554
2.9437,12.031,-0.429398
2.72846,12.6225,-1.23522
2.81071,13.6109,-1.4215
2.85351,14.5542,-1.78643
2.9545,15.3355,-1.10646
2.85398,16.1319,-0.514255
2.71647,17.0965,-0.567037
2.88212,18.0859,-0.398447
3.18245,19.0055,-0.134843
3.24908,19.9752,-0.322358
2.83205,20.8681,-0.522507
2.80412,21.8195,-0.212
2.99172,22.7723,0.0834315
2.95724,23.7542,-0.0457625
2.83222,24.7854,-0.142479
2.95425,25.8125,-0.160466
3.11987,26.7195,-0.465749
3.03681,27.7517,-0.33787
2.90457,28.593,0.14745
3.93278,2.0625,-0.426811
3.93405,2.57095,0.508081
4.08781,3.54629,0.2047
3.92302,4.33382,-0.427046
3.87976,5.34105,-0.281384
3.98629,6.32296,-0.147505
3.81472,7.35074,-0.373562
3.81831,8.34311,-0.624775
3.91817,9.26653,-0.354625
3.91161,10.2435,-0.629969
3.91868,11.2282,-0.722248
3.9478,12.2227,-0.720252
3.79189,12.723,-1.55057
3.81548,13.6999,-1.40025
3.88787,14.6004,-1.87871
3.91954,15.4724,-1.31878
3.89031,16.1897,-0.647807
3.72788,17.1872,-0.642753
3.87533,18.1255,-0.357347
4.2388,18.9794,-0.0305857
4.29522,19.9486,-0.166771
3.83803,20.8624,-0.350261
3.76623,21.7885,0.0608783
4.02067,22.7349,0.0935972
3.97725,23.7178,0.151152
3.82905,24.7372,0.0701407
3.99321,25.6984,-0.209015
4.1117,26.655,-0.461876
4.04958,27.6844,-0.150575
3.88849,28.5755,0.31066
4.95505,2.20346,-0.436802
4.93525,2.81484,0.32851
5.07754,3.78881,0.106699
4.90701,4.58693,-0.498544
4.92449,5.56779,-0.323511
5.00819,6.5668,-0.217078
4.84213,7.52605,-0.489929
4.78359,8.54314,-0.499927
4.89253,9.52554,-0.599637
4.90869,10.4712,-0.314704
4.92713,11.4119,-0.592413
4.89986,12.3621,-0.995996
4.82477,12.9887,-1.76281
4.78723,13.9244,-1.32426
4.9522,14.6264,-2.06966
4.92931,15.4704,-1.51083
4.91424,16.0271,-0.704486
4.69468,17.0122,-0.559902
4.88971,18.012,-0.384283
5.30311,18.8455,0.0602222
5.27953,19.7699,-0.341792
4.80596,20.717,-0.439848
4.85775,21.6841,0.0623066
5.00992,22.6491,0.299551
4.99291,23.6479,0.18034
4.8623,24.6545,0.0797052
4.92039,25.6613,0.323899
5.0701,26.4573,-0.29404
4.98958,27.4504,-0.101663
4.88933,28.449,0.0477065
5.96482,2.19618,-0.327909
5.94183,2.91821,0.425968
6.09732,3.88626,0.0717795
5.9755,4.74088,-0.411802
5.92612,5.75556,-0.519196
6.00215,6.6856,-0.167666
5.84593,7.63615,-0.537269
5.82565,8.6653,-0.619233
5.93439,9.67854,-0.588357
5.88591,10.698,-0.721757
5.84551,11.7064,-0.793728
5.84594,12.6734,-1.10685
5.84102,13.1637,-1.96939
5.80621,14.0529,-1.47542
5.9155,14.7078,-2.28559
5.90953,15.6023,-1.84087
5.9068,16.0352,-0.910508
5.70754,16.9484,-0.606012
5.92195,17.9546,-0.384158
6.32562,18.8594,-0.198593
6.29405,19.7984,-0.518442
5.8311,20.7133,-0.507324
5.87027,21.5678,0.0553148
5.90959,22.5238,-0.290814
5.97386,23.5158,-0.0305094
5.8382,24.4583,0.194757
5.95233,25.4689,0.265758
6.0115,26.4338,0.0666372
6.02443,27.4596,-0.0809656
5.88574,28.4503,-0.17264
7.02057,2.45527,-0.333015
6.94962,3.20078,0.384152
7.0667,4.09394,-0.053148
6.97909,4.98029,-0.474483
6.8849,5.9456,-0.328562
6.9922,6.94665,-0.303012
6.85756,7.94325,-0.377178
6.84139,8.88996,-0.696777
6.91803,9.89272,-0.854579
6.88097,10.89,-0.874911
6.90357,11.8993,-0.883786
6.87914,12.875,-1.15058
6.89046,13.1083,-2.09956
6.88612,14.087,-1.72814
6.88711,14.6994,-2.57363
6.88263,15.2173,-1.70115
6.88893,15.9776,-1.06242
6.7277,16.9202,-0.846019
6.92256,17.9158,-0.715735
7.25736,18.8763,-0.627345
7.31345,19.8588,-0.697803
6.81131,20.6231,-0.250224
6.9213,21.5899,0.104184
6.94008,22.5276,-0.235203
6.98731,23.4721,0.278365
6.85911,24.4255,-0.0564653
6.99142,25.4176,0.257765
7.04927,26.4546,0.211319
6.99041,27.4482,0.279769
6.9457,28.3343,-0.210703
8.0089,2.60117,-0.188443
7.97742,3.46498,0.374465
8.02119,4.29844,-0.181692
7.95379,5.31027,-0.30459
7.84406,6.28498,-0.532188
7.9471,7.30336,-0.346583
7.90368,8.30052,-0.279525
7.81161,9.25082,-0.711374
7.94021,10.1886,-0.997409
7.94301,11.219,-0.860768
7.87726,12.1875,-1.19695
7.91833,13.2225,-1.32476
7.87468,13.3584,-2.29684
7.83551,14.3302,-2.01186
7.89366,14.7211,-2.93119
7.87074,15.3041,-2.11128
7.84564,16.0844,-1.43229
7.8167,17.0072,-0.984591
7.88943,17.8619,-0.477096
8.18026,18.7786,-0.988073
8.34051,19.7712,-0.788589
7.79235,20.5843,-0.640776
7.90797,21.5322,-0.133921
7.98295,22.5556,-0.369637
8.02104,23.3162,0.303974
7.86586,24.2839,0.130213
7.91634,25.2918,-0.11326
8.0787,26.2699,0.00150761
8.01852,27.2311,0.35186
7.95804,28.0725,-0.294659
9.03029,2.60946,-0.0531968
8.96879,3.54981,0.269127
9.03547,4.5097,-0.023957
8.96356,5.47323,-0.375643
8.87537,6.51259,-0.320771
8.94577,7.50864,-0.238353
8.86743,8.51909,-0.578265
8.88689,9.53372,-0.788153
8.90881,10.5104,-1.06034
8.91084,11.5486,-1.10457
8.80328,12.5902,-1.24641
8.81697,13.5753,-1.60926
8.83648,13.5769,-2.59239
8.84239,14.4019,-2.04475
8.94825,14.7538,-2.94085
8.83994,15.2805,-2.08888
8.80882,16.2555,-1.79541
8.85721,16.9255,-0.986911
8.86858,17.9149,-0.733656
9.15393,18.8041,-1.11814
9.31705,19.6734,-0.46129
8.75416,20.5813,-0.428556
8.9405,21.5414,-0.179388
8.99483,22.5112,-0.35923
9.0578,23.3758,0.146275
8.86457,24.381,0.0682638
8.9062,25.3885,0.178573
9.08241,26.3514,-0.207721
9.06523,27.2046,0.328736
8.94379,28.0963,-0.1099
10.059,2.88735,-0.0647755
10.0011,3.82461,0.323518
10.0321,4.66414,-0.18309
9.98351,5.66918,-0.363778
9.96039,6.68192,-0.354979
9.92494,7.68673,-0.417023
9.83721,8.70102,-0.506775
9.94993,9.70531,-0.673122
9.94127,10.6319,-1.05525
9.92712,11.6366,-0.950835
9.83535,12.5671,-1.42883
9.92608,13.5655,-1.59399
9.9209,13.5735,-2.60139
9.85599,14.3922,-1.93154
10.0155,14.6992,-2.85898
9.8615,15.2247,-2.00514
9.75279,16.04,-1.37342
9.87479,16.9647,-0.976461
9.87741,17.9881,-0.855657
10.0373,19.0143,-0.85334
10.3601,19.7917,-0.29031
9.79744,20.6145,-0.261379
9.96621,21.5978,-0.315702
9.94874,22.5573,-0.0126164
10.0151,23.5453,0.301233
9.84546,24.3833,-0.257524
9.92064,25.3421,0.0650105
10.1118,26.3477,-0.101257
9.97179,27.3193,-0.139357
9.90965,28.2105,-0.419425
11.028,2.76936,0.277569
10.9734,3.72645,0.18208
11.073,4.75597,-0.0925169
10.9852,5.76766,-0.330006
10.9399,6.79768,-0.32663
10.9261,7.71267,-0.696771
10.8587,8.7877,-0.731385
11.0036,9.77163,-0.796518
11.0201,10.784,-0.920975
10.9455,11.7727,-1.04653
10.8653,12.6452,-1.56781
10.921,13.6152,-1.73441
10.9083,13.8828,-2.70297
10.9288,14.4514,-1.87142
11.0092,14.4203,-2.8587
10.9324,15.0772,-2.10092
10.7613,15.9403,-1.58571
10.8485,16.8719,-1.25143
10.8741,17.8826,-1.03701
11.1217,18.807,-0.719047
11.3575,19.7584,-0.458553
10.8472,20.5922,-0.249196
10.9699,21.5656,-0.0712821
10.9941,22.5089,0.177218
11.0633,23.472,0.152547
10.9262,24.255,-0.40763
10.8911,25.2372,-0.281802
11.1195,26.1393,0.0219855
10.9558,27.1303,-0.117396
10.898,28.1447,-0.282531
12.0249,2.86334,0.379275
11.9724,3.8231,0.161296
12.0809,4.81525,-0.183795
12.0556,5.81491,-0.488128
11.9368,6.81317,-0.397214
11.9075,7.80544,-0.408994
11.9559,8.75382,-0.640931
12.0253,9.80313,-0.741939
12.1368,10.8359,-0.774801
11.9575,11.7735,-1.14824
11.9054,12.7399,-1.43392
11.8989,13.5899,-2.04421
11.8482,14.2168,-2.83238
11.9795,14.3097,-1.82611
12.0188,14.6487,-2.75825
11.8895,15.237,-1.90165
11.7266,16.1964,-1.76045
11.8734,17.0544,-1.28162
11.8958,17.9871,-0.8794
12.1173,18.8697,-0.476959
12.4068,19.8406,-0.402637
11.8277,20.6141,-0.43282
11.9745,21.6358,-0.260451
11.9846,22.5481,0.21008
12.0605,23.5316,0.0369091
11.9249,24.3698,-0.534574
11.9018,25.2708,-0.114414
12.0956,26.2623,-0.264068
11.9294,27.2312,-0.0724479
11.9666,28.142,-0.448082
13.0728,3.0134,0.155797
13.0103,4.01984,0.127744
13.0981,4.88479,-0.293573
13.0943,5.83593,-0.596069
13.0406,6.80237,-0.468172
12.9326,7.81802,-0.46823
13.0007,8.84284,-0.616572
13.0406,9.82534,-0.882473
13.0438,10.8287,-1.1211
13.0122,11.8413,-1.22566
12.9862,12.7743,-1.49439
12.9774,13.7404,-1.92857
12.8978,14.3265,-2.69039
13.0197,14.5203,-1.71386
13.0263,14.7014,-2.7157
12.9365,15.3897,-1.97337
12.7776,16.351,-1.86689
12.8748,17.0401,-1.1571
12.9401,18.0644,-0.985846
13.1207,18.9324,-0.453661
13.3516,19.8768,-0.723304
12.8181,20.6999,-0.452574
12.9581,21.7669,-0.363494
13.0568,22.6623,0.108802
13.0532,23.678,0.13787
12.9407,24.4579,-0.486233
12.9218,25.3895,-0.181738
13.0714,26.3029,0.197653
12.9111,27.1108,-0.401489
12.9789,28.1071,-0.473632
14.0967,3.12083,0.198984
14.0274,4.09747,0.150496
14.1064,5.07319,-0.122868
14.141,5.91876,-0.679394
14.0744,6.9334,-0.659978
14.0074,7.87708,-0.486483
14.028,8.96801,-0.611109
14.0822,9.96785,-0.662093
14.0969,10.8987,-0.999539
14.1153,11.898,-1.11059
14.0264,12.8747,-1.36906
13.9704,13.7982,-1.82514
13.979,14.247,-2.77654
13.9865,14.7179,-1.85831
13.9808,14.8287,-2.8892
13.9814,15.5099,-2.18331
13.8107,16.4038,-1.80674
13.8486,17.3052,-1.29943
13.9659,18.1272,-0.700946
14.0654,19.1025,-0.863796
14.2246,19.8614,-0.204321
13.8255,20.7626,-0.389486
13.9813,21.7243,-0.240931
14.0447,22.6357,0.284204
14.0753,23.53,-0.116471
13.9881,24.5046,-0.314582
13.8803,25.3287,0.171151
14.1107,26.2808,0.194153
13.9063,27.2089,-0.164925
14.0115,28.1412,-0.547404
15.1354,3.26087,0.304688
15.0039,4.26472,0.158614
15.114,5.21776,-0.0850917
15.1389,6.0557,-0.65472
15.1156,7.05908,-0.596387
15.0348,8.05176,-0.748808
15.0929,9.03674,-0.741224
15.0551,10.0361,-0.868426
15.1198,11.0295,-1.03052
15.1897,12.0366,-1.07636
15.0654,12.9806,-1.48213
15.0511,13.8633,-1.90281
15.0127,14.3201,-2.78963
15.0612,14.7586,-1.85754
15.0364,14.7615,-2.856
15.0004,15.6825,-2.35072
14.7844,16.3614,-1.64512
14.8762,17.2631,-1.24201
14.9399,17.9863,-0.542946
15.1314,18.9607,-0.884954
15.2222,19.8745,-0.354613
14.8311,20.8255,-0.441414
14.9786,21.7214,-0.0269173
15.0749,22.6932,0.262798
15.0646,23.5009,-0.316938
15.0171,24.5194,-0.322675
14.9151,25.4413,0.0894711
15.1546,26.3961,0.112067
14.854,27.1332,-0.472857
15.102,28.1566,-0.458834
16.2087,3.23436,0.200723
16.0431,4.23163,0.228303
16.1438,5.14229,-0.241295
16.1262,6.18982,-0.277187
16.1355,7.08437,-0.749269
16.1092,8.04997,-0.621958
16.1647,9.06409,-0.749611
16.0978,10.0368,-1.03916
16.1768,11.0094,-1.06356
16.2029,11.9979,-1.24403
16.1216,12.931,-1.6691
16.1355,13.8982,-1.88527
16.1297,14.2463,-2.82503
16.1148,14.7517,-1.93889
16.0264,14.9862,-2.93684
16.0123,15.5623,-2.09078
15.8198,16.481,-1.58522
15.9447,17.4303,-1.36448
16.0076,18.0527,-0.55334
16.174,19.0235,-0.755419
16.2061,20.0201,-0.597201
15.8371,20.9555,-0.369707
16.0267,21.7663,0.230589
16.0708,22.7752,0.277664
16.0574,23.4419,-0.470763
16.0254,24.4739,-0.456127
15.9718,25.4729,-0.144615
16.1769,26.4633,0.0273904
15.8452,27.2555,-0.486688
16.1173,28.2328,-0.336894
17.2287,3.27074,0.273214
17.0992,4.26496,0.383813
17.1747,5.08115,-0.261995
17.1169,6.09236,-0.0792413
17.1485,7.07318,-0.442415
17.1009,8.01494,-0.725181
17.1983,9.00031,-0.880068
17.083,9.9406,-1.17084
17.2306,10.9374,-1.1989
17.1962,11.9773,-1.15621
17.1536,13.007,-1.55061
17.1875,13.9118,-1.92146
17.1796,14.1961,-2.86579
17.1339,14.8772,-2.13425
17.0145,15.0203,-3.15961
17.0323,15.7313,-2.40223
16.8075,16.5463,-1.86935
16.9635,17.4528,-1.34057
16.9507,18.2244,-0.713559
17.1334,19.1627,-0.339369
17.1905,20.1433,-0.442744
16.8023,21.0169,-0.0578112
16.9966,21.8024,0.556667
17.0901,22.7622,0.246492
17.09,23.5205,-0.445839
17.0808,24.575,-0.427894
16.9835,25.5414,-0.126063
17.1578,26.4325,0.259261
16.8299,27.3005,-0.163216
17.095,28.2448,-0.0737114
18.27,3.15788,0.34536
18.1186,4.13701,0.249007
18.1926,5.08706,-0.0935179
18.1629,6.04551,-0.344887
18.1491,7.06929,-0.374151
18.124,8.10122,-0.514594
18.2137,9.06554,-0.856319
18.028,10.0523,-0.678698
18.162,11.0413,-0.788971
18.237,12.0349,-1.03175
18.2124,13.0117,-1.49262
18.1869,14.0157,-1.79274
18.2081,14.1145,-2.80285
18.1284,14.8113,-2.08021
18.0651,15.0445,-3.05768
18.0756,15.7042,-2.3414
17.8614,16.5753,-1.8809
17.9435,17.5364,-1.54655
17.9621,18.1854,-0.740446
18.1626,18.9977,-0.216019
18.1501,19.9832,-0.252321
17.8113,20.9461,-0.232246
18.0362,21.655,0.435511
18.1118,22.5905,0.0492172
18.0694,23.6059,-0.0568102
18.1006,24.4877,-0.518546
18.052,25.4279,-0.125535
18.2211,26.3128,0.375536
17.8792,27.221,0.218076
18.1002,28.1834,0.000518815
19.257,2.91873,0.465184
19.1098,3.91732,0.369991
19.2155,4.85101,0.0534928
19.1028,5.89592,0.102411
19.1521,6.86875,-0.280618
19.1288,7.96377,-0.44734
19.2277,8.93875,-0.693115
19.0593,9.95793,-0.625007
19.1664,11.018,-0.710324
19.2598,11.9455,-1.15993
19.2756,12.8418,-1.62512
19.303,13.8803,-1.81953
19.2558,14.0053,-2.79966
19.1595,14.8335,-2.08542
19.114,14.9856,-3.13174
19.132,15.6617,-2.42143
18.8716,16.5348,-2.00098
18.9845,17.4745,-1.61115
19.0274,17.9623,-0.742293
19.1044,18.9378,-0.533399
19.1773,19.9753,-0.401459
18.8417,20.8127,0.0206946
18.9496,21.8133,0.00536821
19.0979,22.8349,0.101428
19.1315,23.8486,-0.077694
19.1055,24.6905,-0.604913
19.0422,25.4931,0.00843532
19.2536,26.4386,0.237309
18.8632,27.3593,0.266903
19.1334,28.2743,-0.0446425
20.1956,2.79376,0.848079
20.0833,3.75381,0.593631
20.1937,4.61215,0.000793481
20.0629,5.58675,-0.102866
20.1409,6.56511,-0.320435
20.0692,7.56225,-0.496713
20.1845,8.60515,-0.699503
20.0416,9.62206,-0.803565
20.1422,10.6256,-0.722245
20.2346,11.6111,-0.997574
20.2245,12.6153,-1.16344
20.2207,13.4246,-1.73846
20.2737,13.9115,-2.6135
20.1477,14.7291,-1.90421
20.1074,14.9423,-2.94294
20.1257,15.6607,-2.236
19.8585,16.4596,-1.58799
19.9844,17.4167,-1.40029
20.004,18.0114,-0.551396
20.0816,19.0062,-0.5378
20.214,19.9651,-0.365899
19.8717,20.8516,-0.0710105
20.0219,21.8193,0.136167
20.0687,22.8034,0.238649
20.032,23.7954,0.461394
20.0011,24.7278,-0.0442305
20.0264,25.6373,0.370193
20.2765,26.5656,0.166478
19.9253,27.5261,0.314222
20.1359,28.427,-0.104724
21.209,2.73374,1.05515
21.0995,3.76494,0.865853
21.2393,4.39116,0.0394482
21.1008,5.36784,0.051204
21.1853,6.29276,-0.344041
21.0987,7.28192,-0.358757
21.2021,8.34506,-0.452586
21.0182,9.29119,-0.691229
21.1389,10.3015,-0.73719
21.2226,11.2971,-1.03047
21.1563,12.2856,-1.02917
21.2114,13.2425,-1.39028
21.2226,13.6156,-2.31575
21.0127,14.2906,-1.57717
21.0056,14.7809,-2.47509
21.1295,15.6835,-2.068
20.9012,16.5457,-1.63908
21.0155,17.5016,-1.44255
21.0621,18.2217,-0.757012
20.9776,19.2068,-1.00408
21.1837,19.8412,-0.149214
20.9316,20.8355,-0.197501
21.041,21.807,0.175652
21.1016,22.7767,0.391891
21.0593,23.7836,0.417701
21.0226,24.6993,-0.0366314
21.0528,25.6129,0.443696
21.2864,26.5589,0.219904
20.997,27.5156,0.222065
21.1095,28.4923,0.0981445
22.2558,2.56299,0.937642
22.1417,3.55907,0.843004
22.2136,4.03074,-0.00537431
22.0527,5.00325,0.0473251
22.1519,5.99832,-0.141511
22.0919,7.00529,-0.250566
22.1497,7.97636,-0.483599
21.971,8.99909,-0.783065
22.12,9.99586,-0.671447
22.205,10.9373,-0.984375
22.1801,11.9976,-0.960927
22.1648,12.913,-1.33955
22.197,13.7212,-2.01612
21.9831,14.3344,-1.19018
21.9445,14.7609,-2.12848
22.0834,15.5661,-1.54938
21.8637,16.5395,-1.22092
22.0186,17.4606,-1.5188
22.0543,18.2938,-0.945927
22.0077,19.2927,-0.818857
22.1691,19.9736,-0.113056
21.8842,20.8952,0.144462
22.0316,21.9139,0.25743
22.0904,22.9591,0.261293
22.0214,23.8351,0.705133
21.9766,24.7365,0.333381
22.0731,25.7219,0.594894
22.3458,26.4532,-0.0352092
21.9957,27.3795,0.22877
22.1107,28.3843,0.255943
23.229,2.28593,0.915879
23.1051,3.3158,0.721009
23.1466,3.74578,-0.217917
23.0188,4.7587,-0.0210822
23.1508,5.76008,0.0939909
23.1346,6.76075,-0.123875
23.1111,7.78301,-0.184619
22.9544,8.74346,-0.614219
23.1728,9.74462,-0.772906
23.1988,10.756,-0.768276
23.1226,11.7512,-0.867882
23.135,12.7411,-1.07321
23.2185,13.5111,-1.716
23.0182,14.2074,-1.02773
22.9516,14.6697,-1.90602
23.0617,15.4932,-1.30585
22.9109,16.4728,-1.24726
23.0896,17.4568,-1.56982
22.9995,18.4439,-1.36164
23.0033,19.1446,-0.635569
23.1969,20.0422,-0.253035
22.8793,20.9276,0.158599
23.026,21.9283,0.119059
23.1016,22.926,0.317084
23.0552,23.7843,0.915116
23.0297,24.5948,0.274682
23.1174,25.604,0.498325
23.379,26.5325,0.328837
23.0117,27.4202,0.266674
23.1376,28.4468,0.189322
24.2746,2.30418,1.09999
23.8788,2.80183,0.325294
24.1833,3.58497,-0.214368
23.9724,4.54054,-0.312384
24.1446,5.40882,0.139225
24.0961,6.46462,-0.0128208
24.1145,7.50262,-0.196054
23.8996,8.39308,-0.554778
24.1424,9.42857,-0.643498
24.2473,10.4555,-0.648448
24.0955,11.4491,-0.936653
24.1594,12.4421,-1.02185
24.19,13.2618,-1.56456
24.0609,13.9421,-0.836934
23.9755,14.4988,-1.70043
24.0854,15.3497,-1.18166
23.9523,16.3684,-1.23993
24.1437,17.333,-1.464
24.0073,18.3387,-1.23158
24.0159,19.0997,-0.59049
24.2765,20.0053,-0.261177
23.8843,20.9357,-0.118622
24.0719,21.9273,-0.00407117
24.1335,22.822,0.470681
24.095,23.7327,0.885223
24.0438,24.7277,0.514649
24.0895,25.7572,0.736409
24.3574,26.6882,0.375994
23.9985,27.6365,0.247111
24.2163,28.5867,0.061916
25.1976,1.77992,1.16119
24.8871,2.49696,0.444649
25.195,3.38652,0.0585345
24.9481,4.26447,-0.181542
25.1396,5.17457,0.26657
25.125,6.21949,0.226536
25.0592,7.255,0.0119846
24.8917,8.20798,-0.337977
25.1215,9.18464,-0.455376
25.2322,10.1759,-0.403058
25.0599,11.0631,-0.906409
25.0347,12.0257,-0.779086
25.1114,12.9436,-1.27053
25.1025,13.761,-0.643602
24.972,14.3053,-1.48672
25.0981,15.3041,-1.30589
24.9374,16.2762,-1.00294
25.1673,17.1894,-1.37217
25.0928,18.2216,-1.16372
25.0505,19.0688,-0.552412
25.2956,19.9752,-0.238304
24.9187,20.9018,-0.106992
25.0886,21.9429,-0.0542924
25.1387,22.7291,0.676403
25.0883,23.7549,0.494263
25.0183,24.709,0.659117
25.0927,25.6889,0.982022
25.3205,26.5777,0.584332
25.0244,27.4303,0.167049
25.2011,28.4187,0.0836116
26.2235,1.93007,1.328
25.943,2.23186,0.439033
26.2143,3.15873,0.19057
26.0404,4.10384,-0.202948
26.147,4.96198,0.393857
26.1548,5.9484,0.297821
26.0303,6.92886,-0.0749992
25.9386,7.96431,-0.30979
26.1139,8.95063,-0.384777
26.2513,10.0109,-0.3953
26.0906,10.8089,-1.00136
26.0263,11.8094,-0.95117
26.1327,12.7945,-1.20099
26.0992,13.6741,-0.60932
26.0395,14.3847,-1.31241
26.1234,15.3812,-1.14143
25.9408,16.3697,-0.903504
26.1893,17.2518,-1.25033
26.0692,18.2094,-0.97947
26.0345,19.0431,-0.418278
26.2991,19.9801,-0.288278
25.9524,20.9113,-0.299347
26.1056,21.8898,-0.113504
26.1145,22.7999,0.355989
26.1038,23.7547,0.645564
26.0328,24.7541,0.53264
26.0691,25.7264,0.818683
26.2058,26.5133,0.163881
26.0909,27.4754,-0.101813
26.2481,28.4201,0.0776849
27.2018,2.27498,1.14137
26.8879,1.99927,0.18562
27.1409,2.90695,-0.141768
27.0204,3.88923,0.0483688
27.152,4.83913,0.397147
27.1718,5.81523,0.178918
27.1171,6.807,0.0769433
26.9836,7.7315,-0.165963
27.0601,8.74122,-0.153932
27.2858,9.71407,-0.367809
27.0882,10.6448,-0.722327
27.0154,11.6444,-0.722834
27.1735,12.5981,-1.00223
27.1534,13.5769,-0.832731
27.0748,14.4448,-1.2927
27.07,15.3153,-0.854353
26.9785,16.3136,-0.750417
27.161,17.2414,-1.05344
27.0645,18.2332,-0.88233
27.092,19,-0.289682
27.3438,19.9547,-0.213028
26.9721,20.9316,-0.28714
27.1016,21.838,0.0974059
27.1588,22.7769,0.439299
27.1224,23.7704,0.488885
27.0755,24.7992,0.504825
27.0742,25.7826,0.543703
27.2524,26.6438,0.0814844
27.1239,27.6404,0.143107
27.3007,28.6739,-0.0527696
28.1838,2.03711,1.26023
27.9179,1.86935,0.2553
28.0897,2.60393,-0.361364
28.0685,3.6081,0.0109867
28.1703,4.59468,0.341887
28.2032,5.57709,0.120096
28.1204,6.58288,-0.0215918
28.0054,7.48939,-0.350359
28.0771,8.47872,-0.218851
28.2635,9.45837,-0.196832
28.077,10.439,-0.515708
27.999,11.4631,-0.497134
28.1729,12.3528,-0.882315
28.2146,13.3509,-0.899319
28.0776,14.3422,-0.980844
28.0627,15.2713,-0.649178
28.0188,16.2891,-0.684286
28.0403,17.3627,-0.552727
28.0832,18.2931,-0.939644
28.1259,19.0135,-0.241621
28.3247,19.9666,-0.436427
27.9342,20.7492,0.033253
28.1104,21.7944,0.0730155
28.1365,22.8159,0.170061
28.0598,23.8179,0.0274087
28.0118,24.8424,0.107288
28.0819,25.8215,0.314029
28.2411,26.728,-0.0347697
28.102,27.6658,-0.280618
28.2544,28.652,-0.349187
29.0223,1.49466,1.21073
28.9114,1.623,0.192535
29.1207,2.42079,-0.358522
29.1098,3.40545,-0.0274667
29.137,4.25444,0.492486
29.1446,5.19884,0.102356
29.1366,6.25858,0.066213
29.0235,7.20258,-0.217002
29.0919,8.22472,-0.349129
29.2188,9.16707,0.000442518
29.1114,10.1212,-0.23488
28.9525,11.1375,-0.36654
29.1373,12.1721,-0.552763
29.1345,13.1472,-0.459291
29.0198,14.1783,-0.637001
29.1101,15.1864,-0.582336
28.9977,16.152,-0.280151
29.0037,17.1845,-0.209037
29.1133,18.1232,-0.685012
29.1483,19.0304,-0.229945
29.3377,20.0541,-0.434513
29.0028,20.8388,0.0882565
29.1351,21.8527,0.0692557
29.1396,22.8715,-0.00820948
29.1278,23.87,-0.145051
29.0442,24.8349,-0.15164
29.0282,25.8483,0.0171636
29.1963,26.8179,-0.290808
29.0799,27.8467,-0.219053
29.2185,28.8784,-0.174853
