0.0445753,-0.0233772,0.0459426
0.988009,-0.0300027,-0.218137
1.99103,-0.0178289,0.0576373
3.03762,0.0415235,-0.00777612
4.00559,0.00208441,-0.241111
4.96243,0.0290933,-0.127497
6.04074,0.0191748,-0.136756
7.03264,0.00101627,-0.286908
8.02402,-0.0249092,-0.245436
8.99668,-0.0567003,-0.357674
9.98158,0.0176366,-0.0555162
11.0044,-0.0027253,-0.109546
12.0259,-0.00196539,0.0655904
13.0406,0.0283151,0.022486
14.0444,0.00405896,-0.091757
15.0586,-0.029783,-0.183724
15.9893,0.0396069,0.13892
17.0226,0.00113529,0.0818873
18.0404,-0.0319742,0.0411603
19.0327,-0.0372021,-0.208643
-0.0106784,1.0302,0.0694876
1.0234,1.01059,-0.0310373
2.04053,1.0307,-0.062035
3.04489,1.04836,0.0870571
3.97314,1.02051,-0.293814
4.96131,1.03814,-0.1013
5.94825,1.0016,0.0214606
6.99835,0.971801,0.108908
8.04551,1.00293,-0.0935057
9.02806,0.920112,0.0329936
10.0478,1.01612,0.140699
11.1137,1.03537,0.00382702
12.1048,1.01952,-0.216834
13.0949,1.07865,-0.139482
14.1553,1.08714,-0.127818
15.1109,0.934764,0.253505
16.1622,1.05268,0.230888
17.0107,0.979888,-0.282662
17.9812,0.99313,-0.0508225
19.0017,1.00237,-0.0652058
5.15213e-16,2.02653,0.246724
0.978408,2.00913,0.0795221
1.95964,2.0254,0.0673482
2.9571,2.05111,-0.0538102
4.01517,1.97627,0.068511
5.045,2.02235,0.0800104
6.04178,1.97983,-0.0864132
7.03674,1.95703,0.176223
8.04596,2.03276,0.0273507
9.06375,1.96014,-0.00322581
10.0543,2.02912,0.0883724
11.1019,2.01528,-0.113111
12.1481,2.01182,-0.197449
13.1186,2.10223,0.0124393
14.1075,2.12099,-0.0863918
15.1443,1.944,0.0436659
16.1301,1.99914,0.200876
16.9309,1.96972,-0.406091
17.9933,1.99608,-0.279803
18.9937,2.00305,-0.0545
-0.00637532,2.95598,-0.151588
1.03797,2.96358,-0.301462
2.08701,2.98933,-0.146571
3.13282,3.04953,0.02631
4.11398,2.97945,-0.0674154
5.06343,2.92116,-0.424244
6.0353,2.96981,-0.313562
6.93838,2.93056,0.133961
7.94401,2.98943,-0.11554
9.00234,3.01453,-0.0466689
9.96422,3.09146,0.219858
11.0382,2.97246,0.211997
12.0143,3.00838,-0.0716422
13.0298,3.12275,0.0469344
14.0131,3.0861,-0.0193854
15.0095,2.89983,-0.0800623
16.0154,2.99241,-0.201981
17.0121,2.94039,-0.171615
18.0012,3.01458,-0.406101
18.989,2.99599,-0.0426344
0.0526627,3.98522,0.0129215
1.03438,3.98448,-0.0691061
2.01485,4.01198,-0.289709
3.04704,4.00578,-0.192169
4.03504,3.9525,-0.119837
5.067,3.94855,-0.309934
6.07759,3.98175,-0.165835
7.10046,3.89108,0.114145
8.03975,3.963,-0.301663
8.99329,4.04199,-0.079284
10.0459,4.06041,-0.0647176
10.9973,4.01569,0.34203
11.9926,3.93406,0.33939
13.0159,4.09947,0.178814
13.9589,4.08266,-0.192737
14.9679,3.96639,-0.118357
15.9672,3.93971,0.141624
16.9316,3.95205,-0.307666
18.0001,4.0067,-0.0828333
19.0159,3.97718,-0.16234
-0.0815851,4.89978,0.310389
0.904834,5.02929,-0.0249428
1.92234,4.98787,-0.0985199
2.98585,4.96553,-0.0640584
4.05809,4.94969,-0.0779595
5.06542,4.9792,-0.315781
6.07448,4.97347,-0.396381
7.04135,4.90954,-0.0632527
8.06597,4.92408,-0.0856471
9.13551,5.01744,-0.14264
10.1036,4.92789,-0.529469
10.9103,5.03187,0.0923978
11.9057,4.92484,0.0863033
12.9254,5.07719,0.0504349
13.934,5.11108,-0.143788
14.969,4.95762,-0.231507
16.0048,4.90577,-0.267852
17.0289,4.92553,0.0156163
17.9869,5.00376,-0.260051
18.9597,5.03599,-0.162868
-0.00621967,5.91394,0.357573
1.02859,5.9988,0.324812
1.9998,6.00416,-0.121793
2.99623,6.01627,-0.0212317
4.0277,6.05447,-0.130979
4.99293,5.98838,-0.383258
6.01078,5.96685,-0.336299
7.01203,5.87753,-0.369204
7.9581,5.92844,-0.0205847
8.95227,6.01045,-0.133863
9.94299,5.92892,-0.329481
10.9374,6.05201,0.030842
11.9817,6.00421,-0.113602
13.0066,6.06428,-0.0840876
14.0405,6.08766,0.167693
14.9914,5.98768,-0.105622
15.969,5.89614,0.0487167
16.9666,5.91833,-0.0666585
18.0022,5.97249,-0.0420026
19.0138,6.00172,0.219187
0.0193976,6.89379,0.0595599
1.0774,6.9109,0.0134342
2.07348,7.0026,-0.128367
3.02958,7.03506,0.143001
3.98927,7.06199,-0.150591
4.99201,6.98376,-0.4605
5.98127,6.97782,-0.324424
6.98628,6.92389,-0.318906
7.93105,6.93413,0.0702506
8.91304,7.03821,-0.212781
9.90308,6.87863,-0.110898
10.9849,7.06069,0.0116092
11.9919,7.04266,-0.087112
13.0201,7.06334,-0.0401593
14.0524,7.08548,-0.0148412
15.0222,6.96861,0.0900967
16.0167,6.96903,0.157613
17.0105,6.91907,-0.0886685
17.9932,6.98996,-0.105356
19.0035,6.89642,-0.222544
0.0241707,7.91788,0.137846
1.01668,7.91812,-0.0895505
1.98697,7.97042,0.0403211
2.99579,7.97443,-0.223801
4.01867,8.05662,-0.0248909
5.01707,7.86167,-0.0167058
6.02955,7.9694,-0.193524
7.01532,7.96114,-0.193258
8.04826,7.91336,-0.312918
8.98338,8.00928,-0.0199774
9.99885,7.91016,-0.0130955
11.01,8.10122,-0.0406323
12.0006,8.00894,-0.27676
13.0183,8.06674,-0.0470473
14.0023,8.06802,-0.252355
15.0267,8.03948,-0.152052
16.0167,7.94295,-0.277297
17.0041,7.93784,-0.158425
18.0054,7.97791,-0.168657
18.9882,7.94652,-0.159807
0.0201117,8.91206,-0.0879055
1.01109,8.92589,-0.247142
2.01763,8.92454,-0.249818
3.0733,8.9747,-0.253941
4.08025,9.07868,-0.191348
5.1345,8.80923,-0.215909
6.1573,8.97158,-0.217878
7.15087,8.95116,-0.2228
8.2126,8.98159,-0.229035
9.14283,8.98905,0.166271
10.1317,8.92205,0.0268685
11.0954,9.11372,-0.183117
12.1034,9.04358,-0.247127
13.0385,9.07654,-0.041081
13.9883,9.11317,-0.415488
14.96,9.045,-0.159441
15.9642,8.99906,-0.430399
16.9855,8.99319,-0.193475
17.9947,9.02302,-0.0117618
19.0107,8.95877,-0.195145
-0.00458388,9.91704,-0.243525
1.01246,9.91966,-0.127842
2.00764,9.95975,-0.352257
3.0616,10.0154,-0.365548
4.06695,10.0775,-0.465035
5.06017,9.79878,-0.473498
6.04216,9.95888,-0.212381
7.04737,9.96099,-0.269591
8.04045,9.93048,0.0797082
9.09839,9.95785,0.179876
10.1322,9.91775,0.0413617
11.0922,9.94967,0.373077
11.8978,9.99952,-0.31536
12.9423,10.0434,-0.0602985
13.9384,10.1204,-0.210266
14.9184,10.0571,-0.345781
15.9061,10.0511,-0.266103
16.916,9.96814,-0.428626
17.9201,9.98493,-0.29581
18.9083,9.92176,0.0146184
-0.0462844,10.9379,-0.308219
0.959407,10.899,-0.0285684
1.97816,10.9788,-0.184811
3.04658,11.0146,-0.0484878
4.04215,10.9766,-0.0551012
5.01437,10.8556,-0.286587
6.00725,11.0176,-0.176241
7.00766,10.9523,-0.102969
7.97918,10.9409,0.0925901
9.05695,10.9893,0.109165
9.94808,10.8117,-0.336064
10.9116,10.8879,-0.0450392
11.9053,10.9945,0.0126041
12.9256,11.0332,0.0329936
13.9142,11.1039,-0.0772088
14.909,11.0982,-0.0904141
15.9716,11.0626,-0.107157
16.9781,10.8889,0.0420179
17.9915,10.9408,0.0103519
19.0094,10.9628,0.00875881
-0.0542497,11.9809,-0.307901
0.899774,11.9228,-0.0960692
1.88603,11.9501,0.0263344
2.90234,12.0364,0.0284371
3.89211,12.0022,-0.10539
4.94226,11.8789,-0.0723869
5.93926,12.0371,-0.105707
6.94505,12.0003,0.0498154
7.97634,11.9496,0.0502335
8.95045,11.9789,0.167675
9.96843,11.8346,-0.0284494
10.942,11.9294,-0.122736
11.9726,12.0097,-0.21247
12.9564,12.0668,0.167492
13.9379,12.089,0.208206
14.9348,12.123,0.0999969
15.9702,12.0568,-0.108084
16.96,11.8936,0.166698
17.95,11.9738,0.182482
18.9495,11.9621,-0.0871822
-0.119199,12.9998,-0.460829
0.939344,12.9935,-0.251952
1.8982,12.9385,0.0392041
2.88319,13.0589,-0.00712912
3.91512,13.0009,0.0995972
4.93448,12.8944,0.0968902
5.90283,13.026,-0.0772637
6.94929,13.0064,-0.0241371
8.06058,13.0002,-0.0618519
9.0548,13.003,0.0432783
10.1253,12.9195,0.0457076
11.1089,12.9095,0.0617634
12.0501,13.0219,-0.255715
13.0868,12.9474,-0.349333
14.0387,13.0721,-0.152864
15.0139,13.1434,0.154436
16.0409,13.0932,0.0722098
17.0172,12.9571,0.156026
17.9957,12.9845,0.0621265
18.988,12.9203,0.231104
0.0542741,13.9316,0.0179571
1.05678,14.0044,-0.211213
2.09243,13.9219,0.0246101
3.08288,14.0337,0.0026429
4.05153,13.9288,-0.183929
5.06388,13.9564,-0.0633686
6.06659,13.988,-0.149608
7.00944,13.9744,-0.389209
8.01838,14.001,-0.310501
9.00892,14.0137,-0.209387
10.0424,13.9039,-0.128855
11.0706,13.9216,-0.19002
12.0386,14.016,-0.346748
13.0299,13.9648,-0.303381
14.0367,14.09,-0.03455
15.0457,14.0657,-0.207205
16.0509,14.0935,-0.132563
17.0296,13.948,-0.211896
18.062,13.8796,-0.391064
19.028,13.9223,0.0165227
0.0455611,14.948,-0.0694632
1.02154,14.9765,-0.371255
2.01393,14.9209,-0.212116
3.05004,15.0774,-0.208832
4.05414,14.8979,-0.455028
4.98953,14.9677,-0.0499802
5.93541,14.939,-0.401904
6.98419,14.9501,-0.411795
7.97031,15.0143,-0.390936
8.97489,15.0384,-0.0755089
10.0318,14.9127,-0.0706442
11.0689,14.9391,-0.22946
12.0234,15.0815,-0.46079
13.0316,14.9923,-0.404016
14.0103,15.1163,-0.136323
14.968,15.0364,-0.287436
16.0123,15.1071,-0.305679
17.0158,14.8969,-0.51323
17.9824,14.8895,-0.206714
18.9943,14.9424,0.00757469
0.014835,15.9733,-0.0811396
1.09568,15.9417,-0.146245
2.17581,15.9545,-0.00967742
3.08263,16.0305,-0.550539
4.05528,15.9063,-0.356301
5.03531,16.0073,-0.172909
6.03258,15.9839,-0.264141
7.07946,15.9111,-0.0185339
8.05872,16.0001,-0.173302
9.04929,16.0285,0.243422
10.0953,15.9133,0.233369
11.0515,15.9815,-0.153533
12.0526,16.1304,-0.233583
13.0689,15.986,-0.173821
14.0457,16.1383,-0.17759
15.004,16.0447,-0.374026
15.978,16.1046,-0.159664
16.9659,15.9441,-0.276714
17.9988,15.8904,-0.278759
18.9761,15.9515,-0.15862
-0.00930815,16.9518,0.0606464
0.962114,16.9481,-0.0190741
1.98804,16.9504,-0.260265
3.02932,17.0205,-0.190289
4.02198,16.9403,-0.307645
5.05358,16.9667,-0.424073
6.102,17.0022,-0.263079
7.10698,16.9023,-0.0786493
8.148,16.956,0.271761
9.12291,17.0403,0.00752892
10.1279,16.9106,0.157479
11.1031,16.9879,-0.0590869
12.0486,17.2045,-0.319248
13.0176,17.0414,-0.143171
13.946,17.1576,-0.513965
14.9885,17.0453,-0.513236
15.9835,17.0367,-0.53755
16.9977,16.9643,-0.464684
17.9671,16.9367,-0.35548
18.9727,17.0159,-0.128605
-0.0118564,18.0203,0.146797
1.02097,17.9499,0.0164251
2.03526,17.9544,-0.258306
3.04994,18.0065,-0.266628
4.05729,18.0081,-0.269091
5.11555,17.9448,-0.180105
6.13238,17.9747,-0.03726
7.17744,17.9084,-0.146306
8.09937,17.9463,0.17221
9.09597,17.988,0.370434
10.1281,17.9619,0.267882
11.1255,17.9834,0.0977813
12.146,18.1685,-0.0046968
13.0994,18.0325,-0.164092
14.1452,18.0273,-0.0313669
15.1138,18.0504,-0.324165
16.1312,18.0222,-0.432139
17.1462,17.9987,-0.370757
18.1167,17.9254,-0.336418
19.0081,18.0147,0.0917966
-0.0333537,18.9871,-0.288458
0.989889,18.943,-0.157424
2.03556,18.9576,-0.0563219
3.04935,18.9781,0.00824
4.01146,18.9548,0.073751
5.05531,18.9703,0.063216
6.07471,18.9751,0.0984069
7.09323,18.9302,0.019953
8.09047,18.9842,0.0461653
9.06314,19.0256,0.286142
10.0748,19.0146,0.344957
11.0456,19.0166,0.0660176
11.966,19.0646,-0.372982
12.9683,19.0265,-0.420832
13.9353,18.9758,-0.194238
14.9644,18.9813,0.0345744
15.939,19.0176,-0.168996
16.9962,19.0186,-0.244588
18.0069,18.9571,-0.158574
18.9986,19.0096,-0.100443
