17.5558,-2.5855,-10.1047
-2.67373,-16.2438,5.67022
-3.98835,-0.0672292,-5.79845
14.0424,-5.44877,8.72409
5.85715,-9.45119,-14.735
-5.69557,-16.5784,-4.47058
12.6969,-3.13087,9.16738
14.4186,1.92515,6.90434
-3.09409,13.2537,6.74881
-4.37111,10.3629,3.03736
10.1502,-5.21091,-4.862
3.2288,-9.21677,0.155852
1.94762,-3.83141,-1.94185
8.07643,-5.3661,1.42796
5.16644,-7.3386,-5.64069
0.590344,-8.88804,-0.996716
5.68075,-3.21735,4.28016
6.18896,3.45709,5.87414
-0.499664,7.80575,4.66609
-6.03805,7.55722,-0.565386
8.32684,0.177364,-5.33371
5.57913,-3.06859,-2.68389
4.41853,-1.32023,-1.8537
5.98788,-2.36041,0.0230323
4.09085,-3.50307,-1.44595
1.84624,-2.80057,1.92437
2.7209,1.60561,5.36709
1.73199,6.69165,7.70663
-1.8414,11.2504,8.9539
-6.0818,13.7987,8.22023
8.67139,6.33805,-7.35911
6.95591,2.85316,-4.77667
5.54556,2.16294,-2.38717
5.11618,1.16699,0.0597674
3.40153,0.516996,1.5766
1.88275,2.2312,4.62799
1.12123,6.15141,7.73109
-0.492679,10.8481,10.6519
-3.50399,15.5984,13.5799
-7.53138,20.5921,16.4709
9.40128,12.8669,-10.0817
7.55503,8.25334,-6.39517
6.01695,5.87419,-2.62324
4.61061,4.51697,0.877523
2.99738,4.27347,3.88834
1.60123,6.24549,6.98493
0.389383,9.95266,10.2076
-1.21698,14.6494,13.7607
-3.94253,19.7386,18.3242
-10.4122,28.3995,24.6334
11.0114,20.014,-13.8792
6.63884,11.7126,-5.47411
4.9626,7.63483,-0.236982
3.55234,6.56276,3.5644
2.4994,7.0366,6.42783
2.21218,8.75798,8.42664
2.32396,10.9569,10.095
2.37419,13.1323,11.8418
3.03906,12.776,13.7229
7.58437,4.61742,10.5245
-3.68932,18.8824,-4.5328
2.21182,3.84152,2.27949
3.35901,3.87124,4.80027
2.02901,6.61134,7.52853
1.50069,9.20082,9.58949
2.49998,10.9579,10.1952
4.17972,12.0045,10.1712
6.11065,12.7408,10.1786
9.32454,11.7439,9.89136
15.326,9.18096,8.25156
9.77702,-30.5066,21.057
5.71188,-12.2471,11.435
2.34426,-0.991171,9.23515
0.0965209,7.36781,11.722
0.295618,11.9004,13.0163
2.66831,13.3149,12.001
5.59033,13.4887,10.2283
8.72403,13.4183,8.04987
12.2684,13.5888,5.53668
16.1959,15.0852,0.626344
-5.04536,-3.12133,-2.57737
4.96749,-5.7003,6.22944
-1.58302,6.69817,5.50901
-2.81485,15.1476,14.7855
-1.00655,16.335,16.1254
1.63726,15.7554,14.1669
4.43467,15.0587,12.0173
7.31248,14.4227,9.74834
10.2816,13.6185,7.6886
12.8392,12.2231,5.89397
5.85582,-9.07769,4.52931
16.7447,-15.2436,11.689
-8.60321,15.5959,-4.08409
-5.17761,25.369,23.7613
-2.55276,20.6982,19.584
0.232365,18.1445,16.5536
3.0037,16.5212,13.83
5.7584,15.4001,11.3758
8.431,14.4018,9.30057
10.6945,13.3311,7.66983
