22.6648,14.3153,-12.174
-3.88428,-0.403397,2.55418
-9.64814,7.22436,-12.818
10.9025,-14.5541,18.5832
4.51529,-3.9041,-24.1376
-7.85486,-18.9058,-7.07803
26.9855,-5.66412,11.1249
-0.822211,-0.415857,7.47891
2.56854,10.2999,8.26702
3.69354,14.3438,4.05191
13.059,8.79686,-8.20322
4.03746,3.69274,-3.51967
-1.45692,0.173864,-4.44228
5.56789,-7.85325,3.94091
4.80189,-6.28364,-9.62804
2.63857,-10.5292,-2.37502
12.9816,-5.1297,5.06646
5.92097,2.06517,5.62399
3.30908,10.7906,4.44647
4.76375,18.3938,-0.513523
8.04617,5.60508,-9.80691
5.0416,3.05214,-6.95247
2.88251,-0.232029,-4.15568
4.11259,-3.74798,-0.540602
3.77966,-3.83241,-3.91228
3.48123,-3.81021,0.839485
5.73334,0.507019,5.3702
1.52818,6.80455,7.2852
-2.27901,13.3679,8.45345
-5.13815,19.4642,7.91483
4.69128,4.39239,-14.0093
3.52507,3.19564,-10.2003
2.78449,1.56437,-6.41555
2.86396,-0.161122,-2.8168
2.50872,-0.102838,-0.437358
1.90441,1.61593,3.46748
0.906278,5.66531,7.19189
-2.98,11.1425,10.1103
-8.16856,16.9716,12.9926
-15.1794,22.6911,15.9666
2.3722,4.05714,-19.5743
1.48336,3.70452,-13.1797
0.939094,3.33929,-7.46076
1.12016,3.07016,-2.55492
1.1491,3.63946,1.62369
0.239369,5.91414,5.62586
-1.70566,9.97746,9.47846
-4.95819,15.0133,13.4455
-10.6693,20.0237,18.0979
-26.0687,28.3185,23.8749
1.26976,4.22454,-27.2494
-1.7266,4.14665,-10.8417
-0.907978,3.70396,-3.70775
-0.215952,4.89866,0.598599
0.391693,6.57255,3.76501
0.70434,8.7763,6.52432
0.914612,11.4863,8.9903
0.843193,14.143,11.647
4.59264,12.4227,13.5312
19.0617,3.44513,10.4012
-19.7796,21.4706,3.79597
-5.83263,4.60332,5.20669
-0.949937,2.97638,3.2823
-0.823218,6.18488,4.93655
-0.126463,9.0661,6.4745
1.64151,11.2595,7.55199
3.51995,13.3283,8.60243
5.81675,15.3662,9.38263
10.1267,15.7462,8.4244
14.8654,16.2858,3.29812
14.0683,-30.6499,28.9252
5.13076,-11.8212,15.4884
1.87378,0.420826,8.96312
-1.62118,7.85386,9.1423
-1.16981,11.8414,9.27257
2.12972,13.7548,8.80647
5.80781,15.3618,8.18227
9.77521,17.5041,7.5913
14.7517,20.2511,5.79809
20.7316,25.4792,3.13734
-9.70323,3.06083,3.59824
7.72106,-5.93797,4.30256
0.099646,11.5834,2.66985
-5.6617,14.8143,10.3857
-3.35119,15.4061,11.5845
0.534202,15.8392,10.3831
4.61712,16.2831,8.92342
9.023,16.6517,7.34167
13.5853,16.7419,5.70557
18.5045,15.6554,4.11541
7.75565,-9.30956,3.15465
25.2766,-21.7293,2.7511
-5.96684,30.3506,-3.17874
-12.5805,20.9449,17.2037
-7.01257,18.2335,14.2395
-2.16019,17.3221,12.0654
2.32556,16.8819,10.1919
6.64398,16.6623,8.46305
10.7985,16.2943,6.85304
14.6521,15.8014,5.40618
