20.9307,14.7551,-7.90697
-3.69837,16.1666,10.8864
-9.72674,15.1937,-12.2152
7.6467,-22.4619,18.268
0.651946,6.13878,-16.0792
-0.302136,-23.7919,-13.5414
25.5269,-19.8203,8.74838
-3.34656,-1.35573,7.58708
-1.57458,7.57153,7.7689
10.2349,15.5214,3.73548
10.6274,12.5378,-4.13092
1.71678,11.2454,1.68959
-2.51938,4.00757,-2.5575
3.01607,-9.1489,5.77841
2.5097,-3.5461,-5.81667
5.15602,-13.5868,-5.02485
13.5008,-10.5265,4.04602
7.46301,0.881448,5.18741
10.527,12.9495,4.03779
22.1398,23.3662,-0.212128
5.51506,9.41207,-7.75683
2.53082,7.51417,-3.67776
1.56578,2.27336,-1.57021
2.41394,-3.22249,1.51453
3.45468,-3.06697,-1.58372
5.46302,-6.0412,-0.211927
8.02114,-1.74809,4.69446
5.59651,6.79103,6.74013
4.85381,15.6224,8.01092
7.43904,23.706,7.80918
2.40322,7.46707,-13.709
1.63287,6.24769,-9.02062
1.47734,3.54375,-5.25408
1.89759,0.630384,-1.79652
2.97294,0.444389,0.132795
4.11682,0.315128,2.92645
4.00164,5.08066,6.55147
1.40756,11.8974,9.46676
-1.9941,19.0825,12.466
-6.59381,25.9713,16.1078
-0.0983551,6.39972,-20.6926
0.0847987,5.81567,-13.985
0.37672,4.87332,-8.43159
1.11715,3.90986,-3.53748
2.07772,4.0885,0.744939
2.53275,5.52484,4.86361
1.20173,10.121,8.6201
-1.9182,16.1348,12.3082
-7.89157,22.4113,16.8455
-20.6623,30.3916,24.729
-1.94874,5.64129,-29.3164
-3.63632,5.42187,-13.8167
-1.91139,5.21386,-6.53125
-0.134272,6.04571,-1.68187
1.62882,7.05981,1.98887
3.14646,8.54449,5.07372
4.12657,10.9821,7.70326
4.14688,13.938,9.85172
4.53661,16.1584,10.4006
14.8219,10.6409,5.71273
-17.4121,20.0783,0.476693
-6.007,5.21906,1.10008
-1.10694,4.49854,0.165441
0.147377,7.25022,2.57509
2.22276,9.17584,4.72557
4.89642,10.2971,6.26735
7.62834,11.2463,7.41111
10.3924,12.3387,7.82988
14.0161,12.1598,4.88348
17.9742,10.0601,-4.22271
5.47478,-26.9696,23.5393
3.13615,-8.96851,10.8073
1.9638,2.61286,5.7524
0.114948,9.18936,6.74573
2.61699,11.7013,7.75549
6.69968,11.8961,7.90908
11.2159,11.5163,7.68694
16.3709,10.6654,7.21927
23.3696,8.70895,6.17584
33.93,4.4014,6.53736
-9.01677,5.76673,-5.40586
13.6834,-2.11018,2.7676
2.38009,13.3619,1.3049
-2.17105,15.4492,9.2154
1.19691,14.9842,10.5959
5.68302,14.1857,10.0607
10.5155,13.4744,9.48678
15.5337,12.7931,8.93248
20.7229,12.3818,8.54967
24.9373,14.8609,9.77816
15.2091,-3.89166,1.27172
39.3915,-13.5335,7.85357
-6.46512,30.7022,-3.18915
-7.37477,19.8652,16.9276
-1.87384,17.6311,13.7418
3.27897,16.0428,12.0474
8.25825,15.0018,10.9104
13.0522,14.211,10.1209
17.5294,13.7429,9.65094
21.2631,14.4235,9.75501
