0.108423,0.268987,-1.92079
0.0419019,1.57931,-1.96561
0.0024659,2.8627,-2.01152
0.0926969,4.13334,-1.96999
0.101401,5.34676,-2.04171
0.11829,6.59286,-2.0509
0.110349,7.86002,-2.16473
0.217933,9.0892,-2.1418
0.252904,10.3094,-2.11384
0.523667,11.4476,-1.90215
0.91084,12.5507,-1.81758
0.924955,13.6291,-1.65377
0.554509,14.5518,-1.74477
0.403027,15.5834,-1.44771
0.132417,16.447,-0.971377
0.274654,17.3528,-1.27747
-0.0304025,18.3132,-0.92266
0.063741,17.3446,-1.10904
0.0831019,18.2093,-0.540385
-0.0342998,19.0043,0.120289
0.850545,1.05233,-1.97993
0.899506,2.20697,-1.89899
0.907025,3.4251,-1.83489
0.976116,4.62451,-1.92041
1.00137,5.82817,-2.06073
1.02085,7.00529,-1.85686
1.09347,8.2438,-1.88833
1.20819,9.46171,-1.94761
1.34441,10.6524,-1.92742
1.57953,11.8617,-1.99017
2.02492,12.9669,-2.12929
1.86422,14.1101,-2.00383
1.49965,14.9698,-1.45733
1.43005,16.0083,-1.37404
1.18468,16.6691,-0.676788
1.3482,17.3174,-1.42778
1.06293,18.1757,-0.923518
1.08827,17.192,-0.988028
1.14292,18.1094,-0.580639
0.991528,19.0618,-0.119907
1.84982,1.43771,-1.87705
1.90176,2.52316,-1.79384
1.90147,3.69229,-1.84245
1.96505,4.90066,-1.90745
1.97531,6.0995,-1.87278
2.03152,7.31994,-1.76082
2.09211,8.57473,-1.84308
2.20806,9.81508,-1.83604
2.36054,11.0915,-1.99401
2.57456,12.3947,-2.22214
2.83787,13.6648,-2.74477
2.66334,14.9701,-2.17306
2.16634,15.61,-1.04841
2.31171,16.5552,-1.63946
2.05989,17.3777,-0.901398
2.30094,16.9626,-1.75806
2.09212,17.9581,-1.18238
1.99341,17.0158,-1.33672
2.03928,18.0273,-0.983764
1.8378,19.039,-0.728571
2.87956,1.12931,-1.71609
2.88963,2.25642,-1.91443
2.89056,3.43578,-1.87079
2.94779,4.58262,-1.78686
2.94127,5.75918,-1.76097
2.96897,6.89324,-1.81562
2.98117,8.11269,-1.73281
3.04376,9.22914,-1.68305
3.1279,10.4207,-1.73788
3.10065,11.5828,-1.70718
3.14206,12.7173,-1.84368
2.87564,13.8113,-1.72314
2.73464,14.693,-1.15791
2.90067,15.7129,-1.33415
2.53305,16.4655,-0.842412
3.2508,17.016,-1.30047
3.0625,17.8337,-0.754509
3.03843,17.117,-1.43485
3.03614,18.062,-1.09962
2.91498,18.9839,-0.651198
3.84911,0.81839,-1.86479
3.84931,1.91572,-1.8151
3.88285,3.06678,-1.82105
3.88885,4.19207,-1.75058
3.88382,5.26232,-1.71784
3.89382,6.40961,-1.76903
3.88138,7.47841,-1.76545
3.83789,8.59178,-1.78668
3.8453,9.68402,-1.66569
3.79323,10.7779,-1.56332
3.63304,11.8389,-1.62727
3.53937,12.9534,-1.59792
3.4332,13.9243,-1.2883
3.54806,14.9363,-1.36395
3.4007,15.9083,-1.11046
4.11733,16.5842,-0.887039
4.02532,17.5161,-0.555089
4.01914,17.4185,-1.60909
4.0396,18.3333,-1.20177
3.94166,19.2328,-0.656023
4.83802,0.55844,-1.78198
4.80609,1.65253,-1.57985
4.85317,2.72182,-1.77685
4.86714,3.81579,-1.7557
4.81204,4.91564,-1.69474
4.812,5.95345,-1.73867
4.78855,7.03789,-1.68544
4.77686,8.11126,-1.72467
4.73068,9.15626,-1.80141
4.64672,10.2149,-1.68751
4.5588,11.2502,-1.44867
4.41863,12.3057,-1.48157
4.3481,13.322,-1.29262
4.46923,14.3394,-1.3266
4.35854,15.3777,-1.07624
4.95703,16.1925,-1.29717
4.85978,17.0309,-0.742366
4.99923,17.2477,-1.70451
5.03152,18.1087,-1.22723
4.94128,18.9694,-0.744017
5.81995,0.244319,-1.64179
5.80516,1.32948,-1.63072
5.8806,2.4171,-1.86834
5.84444,3.44896,-1.727
5.74222,4.5133,-1.6569
5.82114,5.59807,-1.61168
5.76625,6.68124,-1.56302
5.71876,7.73697,-1.66664
5.73171,8.76094,-1.75773
5.60953,9.81743,-1.58375
5.47041,10.8133,-1.41266
5.36524,11.8388,-1.45646
5.26368,12.8503,-1.36065
5.43449,13.8458,-1.43114
5.24426,14.7782,-1.17344
5.79463,15.6325,-1.05485
5.85063,16.6178,-0.981112
5.98665,17.3687,-1.587
5.94691,18.3585,-1.56177
5.93059,19.0269,-0.815567
6.80643,0.0788476,-1.66537
6.78592,1.16203,-1.58037
6.86972,2.26317,-1.68438
6.84302,3.36096,-1.7731
6.82023,4.3376,-1.5428
6.83168,5.3388,-1.63083
6.70919,6.40207,-1.62556
6.70728,7.46555,-1.7652
6.67734,8.44196,-1.53202
6.58985,9.49871,-1.54468
6.42297,10.4616,-1.58827
6.33724,11.493,-1.26155
6.23228,12.5086,-1.21883
6.46985,13.4881,-1.56011
6.27359,14.4385,-1.26234
6.76304,15.33,-1.07968
6.77785,16.2972,-0.859532
6.98169,17.1383,-1.38415
6.91034,18.1438,-1.26005
6.94272,18.8555,-0.549373
7.8351,0.00961943,-1.5174
7.78497,1.0662,-1.47985
7.93156,2.07178,-1.68765
7.9165,3.09479,-1.67821
7.79717,4.13916,-1.54784
7.90511,5.18976,-1.54229
7.66324,6.15687,-1.65505
7.67919,7.21703,-1.58313
7.6736,8.23085,-1.47233
7.64386,9.23366,-1.49745
7.46825,10.2665,-1.50438
7.40463,11.2563,-1.43972
7.30974,12.25,-1.31636
7.44347,13.2908,-1.26019
7.33785,14.3129,-1.1899
7.78677,15.1952,-0.934733
7.81365,16.1688,-0.634657
7.92778,17.1287,-1.03121
7.90927,18.1538,-0.953145
7.92051,18.922,-0.2377
8.90999,-0.0682028,-1.47101
8.86091,0.992026,-1.46983
8.9213,2.02673,-1.48339
8.91542,3.05099,-1.51494
8.82297,4.05866,-1.49294
8.88257,5.0815,-1.44545
8.61663,6.14573,-1.34907
8.57343,7.10264,-1.09366
8.62649,8.13045,-1.20163
8.65042,9.10654,-1.51708
8.51171,10.1042,-1.43636
8.4831,11.1921,-1.42771
8.3577,12.1978,-1.34061
8.43607,13.1901,-1.17057
8.36952,14.2185,-1.01217
8.78487,15.0944,-0.91926
8.7853,16.0742,-0.791253
8.86477,17.0644,-0.763021
8.85756,18.0967,-0.632038
8.84822,19.1107,-0.578735
9.92921,-0.186221,-1.36729
9.88429,0.882693,-1.30265
9.93324,1.84892,-1.68052
9.88867,2.91234,-1.61977
9.82409,3.97215,-1.75146
9.87362,4.96052,-1.36133
9.64386,5.93809,-1.23359
9.66076,6.96835,-1.02119
9.62746,8.01163,-1.14013
9.67954,9.03884,-1.30253
9.49813,9.98793,-1.14075
9.48886,10.9757,-1.24305
9.33922,12.0644,-1.32149
9.5205,13.0399,-1.12787
9.40514,14.0526,-1.17087
9.81427,14.9067,-0.785229
9.78165,15.9248,-0.703687
9.90977,16.9423,-0.791775
9.89148,18.0261,-0.647053
9.87124,19.0542,-0.766381
10.9543,-0.110663,-1.15826
10.9178,0.946028,-1.20127
10.9887,1.89555,-1.48069
10.8757,2.89743,-1.677
10.8401,3.954,-1.69242
10.8611,4.9706,-1.41159
10.6848,6.02406,-1.24489
10.6968,7.04168,-1.2009
10.6493,8.03871,-1.0812
10.6933,9.02077,-1.13203
10.4844,10.0714,-1.21128
10.5304,11.093,-1.31581
10.4042,12.0966,-1.28234
10.556,13.0728,-1.24848
10.5312,14.0881,-0.931443
10.7902,15.053,-0.749611
10.8459,16.0722,-0.883789
10.9196,17.0544,-0.829167
10.9172,18.0932,-0.797388
10.8935,19.1024,-0.737956
11.986,0.0347392,-0.926759
11.9183,0.939192,-1.33992
11.9852,1.95723,-1.29966
11.9174,2.97533,-1.54831
11.8173,3.97081,-1.35499
11.8797,5.04856,-1.34417
11.7288,6.0443,-1.24038
11.6669,7.0639,-1.35006
11.696,8.04385,-1.01693
11.7081,9.10283,-0.964302
11.5225,10.102,-1.10062
11.6122,11.1223,-0.985348
11.5315,12.097,-1.16282
11.609,13.1266,-1.19293
11.5744,14.1827,-1.08602
11.8641,15.0713,-0.761361
11.8544,16.0675,-0.824702
11.9388,17.1097,-0.794754
11.9467,18.0994,-0.841997
11.908,19.0784,-0.779754
12.9932,0.0105899,-0.835133
12.9555,0.938878,-1.13036
13.0416,2.00756,-1.09834
12.9145,2.99031,-1.14241
12.8463,4.04408,-1.21387
12.9026,5.08401,-1.35316
12.8166,6.08719,-1.18904
12.7201,7.11239,-1.1941
12.7059,8.06903,-1.00903
12.7377,9.06717,-0.972521
12.5502,10.0986,-1.00354
12.6825,11.0746,-0.875866
12.6493,12.0869,-1.13099
12.5615,13.0906,-0.871413
12.6182,14.1366,-0.942778
12.8756,15.1313,-0.924903
12.8722,16.0651,-0.643718
12.9634,17.0849,-0.610669
12.9227,18.0627,-0.517719
12.9005,19.0976,-0.53621
13.988,-0.148308,-0.976867
13.9351,0.871316,-1.07884
14.084,1.86953,-1.01644
13.9662,2.91328,-1.22158
13.8741,3.92199,-1.47198
13.9352,4.95965,-1.35682
13.8377,6.00569,-1.22987
13.772,7.02313,-1.14451
13.7211,8.00079,-1.22606
13.7682,9.00028,-1.1362
13.5822,10.0128,-0.937614
13.7375,11.0352,-0.854604
13.699,12.0348,-0.984988
13.6157,13.0729,-0.779431
13.6919,14.123,-0.941972
13.928,15.1254,-1.00871
13.9387,16.1201,-0.626539
13.9815,17.098,-0.397766
13.9309,18.1195,-0.546977
13.9201,19.1536,-0.409238
15.0048,-0.244371,-0.887786
14.9595,0.763836,-0.943675
15.0741,1.81455,-0.994464
14.9898,2.78569,-1.17483
14.8822,3.77545,-1.35836
14.9253,4.80249,-1.0797
14.8219,5.87385,-0.938554
14.7624,6.89514,-0.859056
14.7906,7.99524,-1.01868
14.8114,9.00663,-1.16913
14.6605,10.02,-0.912806
14.7905,11.015,-0.814975
14.7723,12.0658,-0.711856
14.7043,13.0837,-0.744023
14.7394,14.1011,-0.715406
14.9375,15.1612,-0.829868
14.9499,16.1701,-0.672509
14.9876,17.1628,-0.55341
14.9529,18.2142,-0.559948
14.9557,19.18,-0.284539
16.0743,-0.161022,-0.765044
16.0259,0.850081,-0.8918
16.0507,1.84417,-0.92468
15.9921,2.77989,-1.12444
15.8918,3.89878,-1.13272
15.9417,4.89278,-0.942598
15.9068,5.88412,-0.752547
15.8201,6.90633,-0.893753
15.7884,7.89777,-0.806146
15.8194,8.94041,-1.00956
15.7555,9.97956,-0.82935
15.8336,11.024,-0.670034
15.7919,12.0135,-0.780084
15.738,13.0558,-0.774422
15.7723,14.0716,-0.947362
15.9767,15.0816,-0.8528
15.9506,16.0758,-0.574206
16.0378,17.1013,-0.416999
15.9606,18.1254,-0.3125
15.9426,19.1795,-0.424973
17.0642,-0.117707,-0.850066
17.053,0.878655,-0.784591
17.0928,1.87319,-0.88659
16.9869,2.85354,-0.924805
16.8917,3.87988,-0.690616
16.9477,4.91845,-0.804413
16.9432,5.95084,-0.771191
16.8528,6.96056,-0.735063
16.798,7.99317,-0.850871
16.8338,8.99017,-0.774657
16.8566,9.97275,-0.790643
16.8772,10.9431,-0.590692
16.7994,11.9363,-0.740156
16.7652,13.0004,-0.692779
16.8359,14.0002,-0.83152
16.989,15.0382,-0.869802
16.9924,16.0202,-0.521064
17.0747,17.0077,-0.388919
17.0532,18.0004,-0.343165
16.9154,19.0401,-0.200378
18.1682,-0.217841,-0.847182
18.074,0.842882,-0.759468
18.0882,1.86511,-0.823289
17.9542,2.89184,-0.719391
17.8413,3.87493,-0.591211
17.9362,4.92145,-0.548256
17.9875,5.96318,-0.581414
17.9019,6.95989,-0.603046
17.8406,8.01001,-0.712494
17.8974,9.0367,-0.7777
17.8799,10.0325,-0.701108
17.8925,11.0203,-0.899924
17.842,12.0305,-0.723569
17.8063,13.0316,-0.634785
17.8767,14.0407,-0.527488
17.9478,15.0845,-0.534333
18.0268,16.072,-0.529844
18.1058,17.077,-0.637098
18.0337,17.9473,-0.155742
17.9421,18.9714,-0.0125736
19.1354,0.024308,-0.846147
19.0796,1.04796,-0.731407
19.0638,2.0341,-0.730332
18.9676,3.05605,-0.683392
18.8618,4.04483,-0.486636
18.9105,4.97598,-0.846248
19.0482,5.90439,-0.516297
18.9386,6.88053,-0.704871
18.8976,7.93511,-0.735585
18.8695,8.97118,-0.71681
18.8874,9.95285,-0.586081
18.9646,10.9992,-0.862383
18.9002,12.0168,-0.689779
18.8322,13.0086,-0.503623
18.9155,14.0466,-0.508887
18.9577,15.0499,-0.485409
19.0849,16.0796,-0.471062
19.0077,17.0373,-0.20799
19.1027,18.0289,-0.0819239
18.9339,18.954,0.251646
