-0.157649,0.825913,-0.991104
0.0300913,1.28938,-0.14011
0.0278542,2.29281,-0.185458
0.0572832,3.32837,-0.106156
-0.0962371,4.27205,-0.391253
-0.0839869,5.24926,-0.350743
-0.112992,6.25671,-0.0995941
-0.115952,7.23558,-0.274911
-0.13459,8.29475,-0.39584
-0.124458,9.33515,-0.371578
-0.109333,10.3438,-0.252721
-0.119944,11.2983,0.0858364
-0.267888,12.1894,-0.363918
-0.138514,13.1653,-0.737556
-0.0446425,14.17,-0.859981
-0.0814325,15.1745,-0.664495
-0.119297,16.1471,-0.464296
-0.242811,17.1573,-0.0978668
-0.1133,18.1247,0.0975341
0.114686,19.1207,0.205222
0.0735679,20.0251,-0.269826
-0.152477,21.0137,-0.00767846
-0.166298,21.9928,0.273583
-0.0891903,22.9887,0.153291
-0.108386,23.9665,-0.0186621
-0.13867,24.9653,0.0500687
-0.0355632,25.9563,0.3172
0.00440687,26.8169,-0.261159
-0.0684988,27.7956,-0.000772118
-0.147026,28.8446,-0.152733
0.876403,0.90506,-0.801291
1.00037,1.63295,-0.141246
0.951015,2.63614,-0.314863
1.05538,3.56718,0.114154
0.932481,4.39376,-0.408631
0.924616,5.38947,-0.406095
0.884921,6.42548,-0.263015
0.889633,7.44704,-0.334721
0.892019,8.46494,-0.362255
0.880618,9.45499,-0.275124
0.961754,10.4842,-0.284396
0.839842,11.4608,-0.252202
0.670461,12.3199,-0.665761
0.846284,13.3228,-0.779168
0.970516,14.3078,-0.89115
0.946538,15.3303,-0.807587
0.945039,16.2603,-0.464489
0.758251,17.3122,-0.383453
0.942015,18.1738,0.075753
1.07346,19.1522,-0.129002
1.05013,20.0594,-0.497626
0.867043,20.88,-0.0262154
0.911765,21.8275,0.425233
0.926576,22.9066,0.458257
0.840651,23.9088,0.300974
0.882803,24.961,0.194726
0.948143,25.9353,0.523203
1.03546,26.7544,-0.0111301
0.974273,27.7644,-0.0274789
0.862792,28.7624,-0.264928
1.91887,0.984103,-0.94134
2.0097,1.79804,-0.381362
1.99009,2.80973,-0.154799
2.03721,3.82622,-0.0329814
1.98966,4.73257,-0.390637
1.92972,5.70997,-0.435597
1.82534,6.7534,-0.525993
1.91417,7.73491,-0.372457
1.84656,8.71528,-0.567397
1.93738,9.65864,-0.244102
2.01556,10.639,-0.173217
1.80352,11.5732,-0.560976
1.7325,12.5535,-0.746632
1.81573,13.5167,-0.943858
1.93885,14.501,-1.05783
1.88331,15.4685,-1.24984
1.97572,16.1575,-0.527613
1.86269,17.1274,-0.493023
1.72974,18.0924,-0.573055
2.02651,18.9174,-0.0997253
2.02035,19.8836,-0.348189
1.93758,20.8101,-0.0219428
1.89089,21.8047,0.239488
1.88932,22.7837,0.391769
1.83193,23.7697,0.220533
1.83076,24.7263,0.552358
1.96434,25.7433,0.349113
1.983,26.6451,-0.165471
2.01509,27.7172,-0.268722
1.89631,28.6888,-0.0964202
2.94851,1.27827,-0.824665
2.96734,2.04241,-0.243596
3.0198,3.04634,-0.298047
3.0754,3.98112,0.0422254
3.01225,4.99018,-0.208402
2.95304,5.96562,-0.374596
2.90359,6.97739,-0.496954
2.82013,7.98295,-0.742003
2.82409,9.01557,-0.777087
2.80882,10.0015,-0.576403
2.96218,10.9782,-0.289257
2.77748,11.8247,-0.755031
2.68528,12.7548,-1.12434
2.82977,13.7156,-0.820511
2.92851,14.5422,-1.42353
2.90585,15.5271,-1.34514
3.0368,16.2615,-0.586639
2.9009,17.2436,-0.599341
2.69186,18.2137,-0.685015
3.04558,18.9785,-0.138298
3.082,19.9614,-0.335334
2.92913,20.9373,-0.152974
2.86044,21.9636,-0.00479751
2.87906,22.8934,0.38403
2.82732,23.8876,0.0978088
2.85959,24.8171,0.575314
3.07335,25.7132,0.216279
3.01414,26.5765,-0.27178
3.06301,27.6308,-0.0783593
2.89538,28.6432,-0.16108
3.95256,1.5938,-0.910273
3.94165,2.39293,-0.273827
4.02732,3.37792,-0.428907
4.01967,4.36517,-0.0928739
3.95328,5.34539,-0.306619
3.94877,6.28819,-0.714405
3.89469,7.28516,-0.411466
3.8162,8.26086,-0.777694
3.78174,9.28208,-1.02998
3.8484,10.1847,-0.637831
3.92167,11.1702,-0.357396
3.79081,12.0426,-0.905362
3.67919,13.0081,-1.30215
3.86834,13.9107,-0.923753
3.94905,14.5682,-1.66007
3.93043,15.5404,-1.28877
4.03704,16.3258,-0.665123
3.98,17.3509,-0.622761
3.7176,18.2296,-0.996915
4.01463,18.9673,-0.395761
4.08674,19.9661,-0.232865
3.92584,20.9629,-0.137446
3.93314,21.9483,-0.0188635
3.96228,22.9154,0.271422
3.79054,23.8615,-0.0891537
3.8668,24.7199,0.430595
4.04415,25.6935,0.470138
3.9749,26.6172,-0.00227058
4.05078,27.6431,-0.21399
3.91509,28.599,-0.068746
4.94,1.83512,-0.83408
4.97402,2.59804,-0.216953
5.03108,3.58712,-0.205942
5.00231,4.60905,-0.217627
4.97499,5.57489,-0.289431
4.98407,6.50378,-0.635215
4.87852,7.48192,-0.491659
4.82552,8.54765,-0.673446
4.81082,9.45679,-1.11187
4.88577,10.4437,-0.788992
4.9022,11.4954,-0.61608
4.78721,12.4289,-1.00414
4.66766,13.2402,-1.61917
4.84812,14.1091,-1.10925
4.94837,14.7342,-1.94208
4.93843,15.6312,-1.45844
4.98845,16.5137,-1.01274
4.97082,17.4718,-0.773739
4.7027,18.4287,-1.16305
5.06554,18.9038,-0.364495
5.04791,19.897,-0.493063
4.95314,20.727,0.151665
4.92084,21.7499,0.128196
4.9815,22.7834,0.0859554
4.82424,23.7435,-0.106241
4.85185,24.6776,0.289843
5.03283,25.68,0.166417
4.96313,26.6136,-0.112815
4.99005,27.5869,-0.529835
4.85624,28.37,0.0775018
5.93587,2.12093,-0.754653
5.95445,3.00799,-0.373721
5.98195,3.95273,-0.0477462
5.93441,4.92191,-0.147362
5.97696,5.88483,-0.431727
5.9161,6.85644,-0.709604
5.85458,7.8512,-0.703851
5.83036,8.85909,-0.54406
5.81183,9.7296,-1.09358
5.86424,10.8073,-1.00819
5.88457,11.7784,-0.597308
5.80863,12.6497,-1.13418
5.66854,13.4095,-1.74851
5.80136,14.3594,-1.47839
5.92078,14.8249,-2.38461
5.91172,15.6428,-1.7842
5.92852,16.6036,-1.46604
5.99378,17.2251,-0.696942
5.71207,18.2116,-0.975753
6.0537,19.0248,-0.504492
6.08571,19.9846,-0.258675
6.0064,20.7252,0.422196
5.92863,21.7096,0.386853
5.98396,22.6444,0.188751
5.85556,23.655,-0.0288247
5.84313,24.671,-0.0267495
6.00675,25.6579,-0.130107
5.96825,26.6339,-0.147758
6.03136,27.5039,-0.599582
5.89478,28.3989,-0.142503
6.92807,2.28126,-0.679571
6.91207,3.30798,-0.508838
6.99246,4.25814,-0.203308
6.8874,5.23825,-0.337977
6.97533,6.25573,-0.400607
6.93836,7.16976,-0.748424
6.8308,8.17419,-0.780474
6.73569,9.18833,-0.835136
6.78113,10.0609,-1.31851
6.85926,11.0173,-1.09542
6.84602,11.986,-0.810358
6.82928,12.9704,-1.00304
6.71704,13.3338,-1.98637
6.7989,14.301,-1.7201
6.88525,14.9317,-2.55341
6.93489,15.5203,-1.76133
6.94714,16.345,-1.21802
7.02271,17.1624,-0.723716
6.74976,18.1286,-0.85291
7.10465,18.959,-0.460134
7.08708,19.839,0.0167302
7.08851,20.7883,0.247307
6.98767,21.7826,0.38508
6.9788,22.6828,-0.0705191
6.86583,23.6163,0.240538
6.88931,24.5377,-0.0746696
7.0138,25.5419,-0.214905
6.94281,26.5474,-0.412491
7.01183,27.4997,-0.779312
6.91828,28.3316,-0.178961
7.93091,2.40526,-0.365429
7.94811,3.47177,-0.511768
7.99705,4.45521,-0.296481
7.9177,5.46097,-0.264177
8.01364,6.44657,-0.395096
8.0314,7.39346,-0.711838
7.80899,8.43312,-0.728245
7.71906,9.4041,-0.792673
7.82488,10.2924,-1.28056
7.86404,11.2704,-1.16312
7.83199,12.2806,-0.870482
7.80845,13.1904,-1.31589
7.72327,13.37,-2.30624
7.82338,14.2617,-1.7905
7.88462,14.9351,-2.51747
7.94953,15.2841,-1.53706
7.95053,16.2727,-1.30651
8.01853,17.075,-0.685314
7.7161,18.0164,-1.06085
8.08899,18.9052,-0.620826
8.03326,19.9414,-0.367537
8.12535,20.8117,0.128132
7.99214,21.7739,0.321619
8.02926,22.7339,0.00450148
7.9047,23.6896,0.302115
7.91902,24.6495,-0.0465804
8.01981,25.658,-0.265633
7.96402,26.6034,-0.607251
7.95697,27.6207,-0.552443
7.97685,28.5321,-0.232075
8.90854,2.76743,-0.369008
8.93688,3.76289,-0.524924
8.93887,4.78113,-0.394449
8.8824,5.76789,-0.17918
8.98706,6.63648,-0.736048
9.01126,7.63574,-0.867864
8.86815,8.59915,-0.73253
8.72231,9.59254,-0.974505
8.838,10.4964,-1.28672
8.85785,11.5008,-1.11582
8.78262,12.4851,-1.22351
8.78524,13.4991,-1.45206
8.79777,13.4958,-2.47338
8.82864,14.3432,-1.95209
8.90316,15.0156,-2.66876
9.00704,15.0785,-1.67013
8.94781,16.0405,-1.36966
8.94689,17.0099,-1.06587
8.71445,18.0337,-1.05731
9.12376,18.8008,-0.533305
9.02674,19.7919,-0.53661
9.01966,20.7736,-0.350313
8.98244,21.7201,0.0202673
9.04831,22.7091,0.257988
8.92256,23.6567,0.408014
8.95621,24.5964,-0.0927793
9.09024,25.6281,-0.0625629
8.94747,26.5156,-0.5584
8.99237,27.4868,-0.463042
9.03861,28.4327,-0.166619
9.9478,2.83706,-0.237892
9.964,3.84003,-0.182052
9.96049,4.87444,-0.299136
9.86757,5.8798,-0.333976
10.0163,6.75835,-0.806055
9.97985,7.77945,-0.638557
9.88771,8.78704,-0.732365
9.73906,9.70063,-1.08807
9.89935,10.6289,-1.45314
9.85784,11.6284,-1.23468
9.82033,12.6255,-1.37807
9.78473,13.6033,-1.74252
9.84462,13.5534,-2.76161
9.79315,14.2514,-2.09234
9.89896,14.8378,-2.93199
10.0233,15.0139,-1.94682
9.94184,15.9853,-1.44981
10.0454,16.9373,-1.04986
9.76955,17.9114,-1.21193
10.1323,18.765,-0.822965
10.0335,19.7305,-0.675204
10.024,20.6947,-0.364226
9.96897,21.6825,-0.123991
9.99615,22.6795,-0.168212
9.95885,23.5716,0.270211
9.95293,24.5245,0.0798639
10.0949,25.501,0.0393536
9.94255,26.3803,-0.38236
10.0468,27.3668,-0.327775
10.0886,28.3346,-0.135121
10.9365,3.11227,0.0773431
10.9387,4.05683,-0.272143
10.873,4.94425,0.193759
10.9046,5.7606,-0.373666
11.006,6.70228,-0.761895
10.8738,7.6979,-1.05548
10.9099,8.65763,-0.737645
10.7707,9.64069,-0.970629
10.9605,10.6045,-1.34616
10.8582,11.5937,-1.21866
10.7966,12.5677,-1.44325
10.7779,13.4921,-1.82747
10.862,13.7656,-2.7708
10.8257,14.2526,-1.88566
10.9077,14.7605,-2.78217
11.034,15.1249,-1.87993
10.9498,16.1234,-1.63532
10.9219,17.1281,-1.47491
10.7793,17.9213,-0.909595
11.1286,18.7933,-1.19136
11.0564,19.7819,-0.955101
11.0037,20.7159,-0.689663
10.9831,21.5663,-0.118647
10.9811,22.5882,-0.262084
10.9321,23.5372,0.0472976
10.8501,24.4611,-0.345134
11.1145,25.3601,-0.0656148
10.9716,26.287,-0.434043
11.0363,27.287,-0.447707
11.0924,28.2891,-0.34236
11.978,3.1913,0.284991
11.955,4.1673,0.0208502
11.9264,5.18383,0.056325
11.9162,6.05964,-0.43104
11.9962,7.01898,-0.48395
11.9188,7.83914,-1.02786
11.9884,8.74112,-0.604755
11.827,9.70942,-0.857964
12.005,10.6859,-1.12699
11.8773,11.6507,-0.913855
11.8512,12.5219,-1.54958
11.8483,13.5177,-1.83985
11.8605,13.7188,-2.83317
11.7615,14.3785,-2.08509
11.8562,15.0322,-2.83934
12.0637,15.1405,-1.86356
11.9495,16.1571,-1.82097
11.9658,17.0505,-1.35291
11.8692,17.9242,-0.89129
12.1527,18.8563,-1.24217
12.0656,19.9033,-1.04433
12.0182,20.7358,-0.500052
12.0407,21.6457,-0.0348888
12.0131,22.6555,-0.167284
12.024,23.6457,0.00885037
11.8766,24.5737,-0.444084
12.1484,25.4363,-0.0566179
12.0408,26.4802,-0.396597
11.9792,27.4442,-0.100235
12.1209,28.3882,-0.357405
13.0155,3.16107,0.165835
12.9618,4.20248,0.277172
12.9621,5.17182,-0.0616352
12.9275,6.1081,-0.456267
12.9868,7.07609,-0.310575
12.8943,7.97987,-0.704239
12.9931,8.94213,-0.55345
12.8003,9.93527,-0.900678
13.0636,10.879,-1.11613
12.8969,11.8474,-1.03076
12.8861,12.7323,-1.59359
12.8824,13.7259,-1.81118
12.8797,13.7619,-2.89475
12.8759,14.5079,-2.20635
12.8703,15.1627,-3.0418
13.0576,15.1588,-2.03756
12.9156,16.0202,-1.56412
13.0015,17.0322,-1.25698
12.8387,18.0135,-1.09777
12.976,18.9057,-0.636155
13.1161,19.8788,-0.772726
13.0424,20.7475,-0.330113
13.0846,21.7586,-0.342534
13.0051,22.771,-0.0581378
13.0516,23.7344,0.217017
12.9458,24.5318,-0.355904
13.0541,25.535,-0.487881
13.107,26.5457,-0.258083
12.991,27.5395,-0.238755
13.1629,28.5308,-0.455516
13.9698,3.31106,0.570351
13.9741,4.28904,0.431343
13.9735,5.29032,0.0944578
13.9808,6.05461,-0.523197
13.9959,7.00886,-0.290686
13.9282,7.98693,-0.707862
14.0233,9.04669,-0.571184
13.8352,9.95493,-0.99227
14.0877,10.9579,-1.10934
13.9731,11.9295,-0.958477
13.9304,12.8625,-1.47853
13.9322,13.8283,-1.77867
13.909,13.8267,-2.84447
13.879,14.5841,-2.18314
13.9232,15.21,-2.95233
14.1066,15.2431,-1.9754
13.9269,16.1941,-1.71754
14.0519,17.1416,-1.32729
13.893,18.0668,-1.10393
13.9665,19.0674,-0.882696
14.1323,20.0695,-0.993426
14.0549,20.7267,-0.212537
14.0857,21.7568,-0.25837
14.0746,22.725,-0.130979
14.0499,23.6971,-0.0401074
13.9207,24.7011,0.0142216
14.0404,25.6804,-0.260228
14.1323,26.6541,0.0152745
13.9488,27.6786,0.00212409
14.2449,28.5469,-0.463808
14.9993,3.18973,0.675372
14.9722,4.18563,0.552693
14.9707,5.03014,-0.00954924
14.8955,6.04725,-0.0598956
14.9843,7.02281,-0.214328
14.952,7.96347,-0.614115
15.0328,9.00711,-0.53914
14.8764,9.8994,-0.97083
14.9798,10.8636,-0.702081
14.9686,11.8455,-1.11552
14.9829,12.7958,-1.34961
14.9277,13.7404,-1.65549
14.8935,13.8194,-2.67594
14.9006,14.5873,-1.97652
14.8658,14.9182,-2.91282
15.1007,15.3772,-2.05141
14.9703,16.3178,-1.82628
15.0196,17.2856,-1.61794
14.9306,18.2034,-1.03185
14.9903,19.1756,-0.692401
15.1492,20.1613,-1.01615
15.0472,20.771,-0.211325
15.0803,21.775,-0.106275
15.065,22.8054,-0.0703818
15.0899,23.762,-0.179864
14.9489,24.7457,-0.145814
15.0329,25.7363,-0.311563
15.1943,26.6228,0.135289
14.9772,27.592,0.00753502
15.2995,28.3997,-0.491583
16.0236,3.09419,0.426325
15.9257,4.03283,0.130946
15.948,5.0443,-0.0523972
15.9299,6.06138,0.0631611
15.9666,6.98751,-0.364943
16.0065,7.98444,-0.389761
16.0578,8.92768,-0.665026
15.9009,9.9118,-0.85985
15.9677,10.9214,-0.826466
15.9953,11.8324,-1.25237
16.0388,12.8847,-1.19196
15.9732,13.7902,-1.63367
15.9375,13.9041,-2.61821
15.8954,14.6951,-1.92302
15.9142,14.7359,-2.92642
16.1098,15.4316,-2.14866
15.9652,16.3201,-1.73417
16.0228,17.3593,-1.51127
15.9429,18.2791,-1.0474
15.9504,19.2493,-0.812912
16.155,20.1845,-1.09363
16.0841,20.895,-0.405957
16.106,21.866,-0.0331339
16.1103,22.872,0.00279244
16.0358,23.9368,-0.0454817
15.9537,24.9384,-0.176833
15.9806,25.8612,-0.554045
16.2072,26.4981,0.177969
15.988,27.4464,0.010889
16.3419,28.145,-0.604627
17.0625,3.00952,0.488351
16.9325,3.8843,0.103027
16.9544,4.84175,0.00509354
16.92,5.86364,-0.16801
17.0562,6.85862,-0.495074
17.0689,7.88454,-0.328056
17.1402,8.9006,-0.525813
16.9564,9.84493,-0.817112
16.9346,10.8373,-0.915589
17.0029,11.7752,-1.31614
17.0957,12.8213,-1.2762
16.9871,13.7683,-1.60887
16.997,13.7487,-2.60656
16.8785,14.4596,-1.89144
16.9736,14.7183,-2.85569
17.0599,15.2708,-2.0288
17.0001,16.2713,-1.77461
17.0464,17.2524,-1.52837
16.9912,18.1929,-1.22169
16.9759,19.0572,-0.718476
17.0147,20.0771,-0.589315
17.024,21.1207,-0.667562
17.1424,21.9999,-0.169918
17.1292,22.9567,0.159331
17.0335,23.9299,-0.126298
16.8864,24.8993,0.164107
16.9805,25.6524,-0.575008
17.2078,26.5906,-0.0871456
17.0356,27.557,-0.0195868
17.3336,28.2541,-0.660405
18.0695,3.00716,0.338334
17.9117,3.84771,-0.18648
18.0076,4.83672,-0.121131
17.9544,5.81696,-0.288223
18.0441,6.79591,-0.71077
18.1342,7.68283,-0.264971
18.1543,8.71282,-0.504678
17.9645,9.68601,-0.554219
17.9336,10.6902,-0.621168
18.0157,11.6136,-0.909293
18.0774,12.566,-1.07034
18.0105,13.5465,-1.53728
18.0051,13.8181,-2.53569
17.8912,14.378,-1.70739
17.9745,14.6379,-2.63841
18.105,15.2884,-1.91294
18.0037,16.2571,-1.75002
18.0293,17.1619,-1.40473
17.9652,18.0184,-0.889584
18.0532,18.9842,-0.602445
18.0061,19.9753,-0.48413
18.0266,20.9986,-0.488153
18.203,21.9076,-0.0403119
18.1402,22.8807,0.257817
18.0376,23.8176,-0.221781
17.9274,24.7528,0.166906
17.9748,25.655,-0.233491
18.2905,26.5744,-0.345372
18.0724,27.529,-0.175945
18.3555,28.3918,-0.559603
19.0772,2.8704,0.474749
18.9298,3.60414,-0.155715
19.0265,4.62626,-0.23741
18.9814,5.70521,-0.283959
19.1285,6.63553,-0.612467
19.2035,7.62551,-0.366771
19.107,8.61232,-0.255089
18.9374,9.63432,-0.287088
18.9868,10.5377,-0.736344
19.0603,11.5021,-1.05039
19.0958,12.503,-1.15308
19.0501,13.4612,-1.53394
19.0159,13.8159,-2.4932
18.9046,14.4061,-1.67418
18.968,14.6999,-2.68531
19.1472,15.2756,-1.84021
19.0659,16.2396,-1.67206
19.0326,17.2011,-1.30768
18.9611,18.1603,-1.24232
19.087,18.933,-0.601321
18.9883,19.9445,-0.733518
19.1007,20.8239,-0.290396
19.2285,21.7935,-0.186196
19.0573,22.8507,-0.116889
19.0724,23.8293,-0.312949
18.9288,24.7196,0.0451064
18.9672,25.7266,-0.0952757
19.2797,26.4744,-0.661229
19.0342,27.4516,-0.595798
19.3283,28.3486,-0.311881
20.0689,2.89219,0.726487
19.928,3.45179,-0.100644
20.0219,4.49028,-0.201889
19.9188,5.45841,-0.36426
20.1236,6.37774,-0.625205
20.1978,7.41622,-0.461248
20.1071,8.42522,-0.388479
20.005,9.46154,-0.365508
19.9799,10.422,-0.609113
20.0562,11.388,-0.858553
20.1277,12.3928,-0.863775
20.0484,13.2412,-1.37507
20.0258,13.7261,-2.28536
19.9153,14.3549,-1.48485
19.9756,14.6521,-2.42156
20.1786,15.237,-1.60555
20.0745,16.2168,-1.39354
20.0823,17.2109,-1.2221
19.9485,18.1481,-0.8575
20.0996,19.0814,-0.560085
19.9648,20.0975,-0.675875
20.1375,20.9887,-0.268697
20.1822,21.9166,0.135035
20.086,22.8281,-0.278231
20.0385,23.801,0.0234443
19.9806,24.7931,0.0221168
19.9733,25.7878,-0.186206
20.2673,26.6079,-0.695962
20.0387,27.5784,-0.515851
20.3331,28.521,-0.234773
21.1383,2.92301,0.643898
20.9645,3.29539,-0.294424
21.0031,4.28404,0.0302957
20.9519,5.23843,-0.247691
21.1834,6.18437,-0.511563
21.2076,7.24909,-0.442006
21.1196,8.2325,-0.226649
21.0204,9.2117,-0.29284
21.0345,10.1896,-0.628065
21.0958,11.1652,-0.747984
21.1807,12.1387,-0.9185
21.0503,13.0767,-1.22591
21.0025,13.6706,-2.02024
20.9487,14.2613,-1.22404
21.0236,14.6899,-2.14999
21.2156,15.3152,-1.3483
21.0184,16.2835,-1.03439
21.0812,17.264,-1.29747
20.9726,18.1124,-0.741572
21.1811,19.0697,-0.540803
21.0251,20.0532,-0.75999
21.1123,20.931,-0.243211
21.1901,21.8277,0.224689
21.1208,22.7408,-0.233186
21.0497,23.7797,-0.0560961
21.0747,24.8112,0.0465407
21.0295,25.8128,0.0282937
21.2054,26.7212,-0.356679
21.1244,27.6996,-0.492657
21.3775,28.5795,-0.0632008
22.1272,2.62485,0.68132
21.9752,3.11818,-0.12815
22.0639,4.10335,0.128489
22.0505,5.05283,-0.282507
22.1647,5.98955,-0.689477
22.1184,7.02808,-0.7223
22.153,8.02462,-0.42917
22.0219,9.02601,-0.304688
22.0517,10.0349,-0.511628
22.1585,10.9919,-0.739351
22.234,11.9901,-0.804602
22.0812,12.9071,-1.13805
22.0508,13.5078,-1.9298
21.9193,13.9215,-1.03041
22.023,14.6379,-1.7283
22.1983,15.5812,-1.27582
22.0578,16.507,-0.882006
22.0394,17.4564,-1.33277
22.0015,18.2907,-0.720063
22.0984,19.1222,-0.156252
22.038,20.0904,-0.538783
22.0178,20.7716,0.219327
22.2502,21.8178,0.324943
22.0207,22.7897,0.236213
22.0817,23.7936,0.0261269
22.0974,24.8162,0.0662648
22.0228,25.7905,-0.077514
22.1533,26.695,-0.631697
22.108,27.7197,-0.647786
22.2377,28.1007,0.320676
23.0854,2.22925,0.581921
22.9445,2.99598,-0.132707
23.0568,3.88856,0.288952
23.0703,4.77449,-0.124229
23.0848,5.8064,-0.253774
23.1194,6.7746,-0.712986
23.1603,7.69711,-0.242311
23.0158,8.76966,-0.185827
23.0453,9.82864,-0.201248
23.109,10.7829,-0.376287
23.1939,11.7575,-0.506287
23.0245,12.5571,-1.08272
23.0866,13.3281,-1.7064
22.9181,13.8412,-0.773727
23.028,14.4506,-1.55719
23.1798,15.2634,-0.960897
23.0501,16.2316,-0.807187
22.9599,17.2068,-1.06221
23,18.1231,-0.599326
23.1314,19.0988,-0.178008
23.0993,20.0679,-0.416636
22.9254,21.0004,-0.118564
23.191,21.9616,0.0667104
23.0646,22.9189,0.289624
23.1393,23.7724,-0.193725
23.0615,24.7687,-0.17911
23.069,25.7442,-0.155358
23.1568,26.5629,-0.709684
22.9268,27.3826,-0.116395
23.1806,28.3046,0.231205
24.1054,2.08939,0.731895
23.9476,2.74352,-0.0435224
24.0696,3.72477,0.139445
24.0103,4.6936,0.354186
24.1056,5.5696,-0.137477
24.1507,6.49786,-0.518824
24.1452,7.56458,-0.454515
23.9633,8.45073,0.0691671
24.0153,9.43488,-0.150615
24.0827,10.4575,-0.295419
24.1614,11.4147,-0.493579
24.0778,12.3244,-0.994073
24.1429,13.2674,-1.5415
23.8996,13.6687,-0.660677
23.9513,14.5053,-1.21079
24.1303,15.3074,-0.64196
24.0625,16.2369,-1.03566
23.9291,17.1758,-0.749336
24.0553,18.08,-0.458132
24.1438,19.0883,-0.318305
24.0917,20.0598,-0.235856
23.9478,21.0503,-0.0745476
24.1193,21.9985,-0.401205
24.0904,22.8983,0.104007
24.1415,23.7519,-0.407956
23.9897,24.6348,0.0892605
23.952,25.5914,0.283685
24.1689,26.3245,-0.454744
23.9534,27.272,-0.111664
24.1722,28.1784,0.236323
25.1484,1.88697,0.728199
24.874,2.38244,-0.0998383
25.0239,3.30723,0.176104
25.0236,4.29988,0.350737
25.0479,5.27468,0.10286
25.1264,6.24238,-0.387133
25.1092,7.2798,-0.205167
24.9634,8.24986,0.108991
25.0507,9.22855,-0.0863216
25.1413,10.2261,-0.0858242
25.1444,11.1305,-0.523182
25.0784,12.1374,-0.686789
25.1363,12.9003,-1.35778
24.9474,13.6836,-0.696353
24.9694,14.6321,-0.974975
25.1462,15.4583,-0.466991
25.0806,16.2056,-1.12398
24.9257,17.1513,-0.851271
25.098,18.1086,-0.723057
25.1973,19.025,-0.313443
25.122,20.0242,-0.284979
24.9527,20.93,0.0776391
25.0945,21.8416,-0.278994
25.1333,22.8378,-0.00287484
25.1509,23.8301,-0.187146
25.0431,24.6645,0.293588
24.9334,25.6969,0.279986
25.193,26.5087,-0.366933
24.9177,27.477,-0.147313
25.1289,28.4075,0.155593
26.0946,2.04661,1.01958
25.8497,2.00146,0.087698
26.0509,3.03223,0.225233
26.0731,4.0607,0.350163
26.0921,5.01989,0.137449
26.107,6.00707,-0.0626392
26.0946,6.99339,-0.194635
25.9598,7.9244,0.130714
26.0071,8.86152,-0.207831
26.172,9.91719,-0.0860988
26.1269,10.7895,-0.649776
26.0257,11.7925,-0.462258
26.1076,12.6395,-1.06606
26.0119,13.6179,-0.713834
25.9977,14.6768,-0.810001
26.128,15.4776,-0.142439
25.9675,16.3024,-0.708115
25.8719,17.2175,-0.430982
26.0608,18.1249,-0.829545
26.1871,18.9342,-0.217261
26.1775,19.9785,-0.220701
25.9411,20.9861,-0.0779565
26.1105,22.0025,-0.142857
26.1396,23.0223,-0.159438
26.1341,24.0329,-0.215308
26.054,24.9588,0.149803
25.8162,25.8505,-0.223228
26.1303,26.7085,-0.652779
25.959,27.5695,-0.207752
26.1635,28.5546,0.00515763
27.1145,1.99034,1.02804
26.8419,1.87187,0.093585
27.0875,2.87064,0.0131352
27.0867,3.8331,0.367544
27.0947,4.82333,0.445622
27.1144,5.67042,-0.117017
27.154,6.64428,-0.266619
26.9345,7.59063,0.00504776
27.0392,8.59485,-0.0628956
27.1932,9.56091,-0.192816
27.1268,10.5764,-0.475118
27.0518,11.5722,-0.389538
27.1494,12.3974,-0.913697
27.0115,13.3103,-0.62215
26.9581,14.3035,-0.524134
27.1408,15.292,-0.210819
27.0192,16.1649,-0.695059
26.9061,17.1478,-0.453352
27.0716,18.1035,-0.650139
27.1471,19.081,-0.437696
27.1958,20.0609,-0.137019
26.9678,21.0796,-0.0277902
27.0879,22.0934,0.0618763
27.1691,23.0627,-0.295541
27.0474,23.9649,0.158879
27.077,24.9978,0.179534
26.8263,25.9545,-0.090289
27.1319,26.788,-0.508408
26.9598,27.6132,0.0293161
27.1777,28.5977,-0.0399701
28.2037,1.89015,1.1112
27.8775,1.74811,0.175152
28.1432,2.67772,-0.1695
28.0783,3.60013,0.217273
28.1243,4.5933,0.4434
28.1591,5.52719,0.0777123
28.1696,6.50488,-0.258495
28.0171,7.41677,0.203131
28.0584,8.369,-0.0943724
28.1759,9.37466,-0.0213569
28.0961,10.385,-0.14547
28.1124,11.4041,-0.321168
28.1591,12.303,-0.769481
28.0776,13.3132,-0.578866
27.9745,14.3251,-0.73329
28.1613,15.1787,-0.277004
28.0379,16.083,-0.656111
27.9617,17.0521,-0.385516
28.0053,18.0938,-0.297668
28.1842,19.1013,-0.361965
28.2136,20.1229,-0.298227
27.9964,21.1064,-0.0394513
28.0852,22.0677,0.0295083
28.1413,23.025,-0.210276
28.1099,23.9555,0.16397
28.0299,24.8763,-0.135896
27.8585,25.8871,-0.137916
28.1519,26.8465,-0.437819
28.0045,27.8144,-0.108075
28.2013,28.7986,0.0750938
29.0859,1.40341,1.12938
28.9061,1.59434,0.214103
29.1184,2.39103,-0.306992
29.0942,3.28068,0.127265
29.1181,4.26603,0.433543
29.1181,5.19272,0.0987091
29.1212,6.17719,-0.0201025
29.0086,7.15236,-0.0903012
29.0799,8.1263,-0.319605
29.2094,9.06352,-0.115656
29.1159,10.0773,-0.126844
29.0745,11.1373,-0.263753
29.1011,12.1214,-0.425159
29.1209,13.1556,-0.578567
29.0092,14.1199,-0.537111
29.0921,15.0961,-0.695895
28.9826,16.075,-0.341627
29.0199,17.0796,-0.204062
29.0058,18.031,-0.519657
29.1696,18.9627,-0.114798
29.2571,19.9754,-0.243297
28.9861,20.95,-0.0698904
29.1053,21.967,0.171337
29.1149,22.9248,-0.0884091
29.1073,23.9271,0.130836
29.0229,24.9102,-0.0771996
28.9369,25.9252,-0.182891
29.1766,26.9137,-0.390899
29.0504,27.9002,-0.149934
29.1792,28.8407,0.157341
