2.17791,2.75879,0.104276
1.4175,3.44028,0.255742
1.67657,4.11008,-0.435221
2.09847,4.9068,-0.79227
2.04465,5.30714,0.130793
1.36242,6.05797,0.282168
2.33848,5.77844,0.428813
1.62408,6.32438,0.88948
2.39785,6.74097,1.37049
2.5788,7.26347,0.476748
2.74638,2.33544,-0.617594
1.9011,2.83409,-0.381701
2.51547,3.62589,-0.162355
1.98702,3.87926,-0.942271
1.79697,4.76617,-0.631465
1.23354,5.6436,-0.635948
1.93907,6.37658,-0.313388
2.04361,7.13567,0.386319
2.76439,6.47074,0.454631
2.07545,6.75755,-0.22255
3.66677,2.25662,-0.178741
2.65278,2.17014,-0.476785
3.21263,3.08486,-0.642839
2.91564,4.05372,-0.671776
2.42141,4.47892,0.073278
1.82171,4.8355,-0.660985
2.15864,5.49246,0.065392
2.68541,6.38993,0.279116
3.35033,6.88838,-0.243324
2.74884,6.83594,0.539753
4.05368,1.31731,-0.192785
3.64099,2.24475,-0.288839
3.51674,3.03261,0.350978
2.82157,3.04432,-0.347908
3.02097,3.98166,-0.514292
2.88621,5.00461,-0.685821
3.10668,5.81679,-0.118503
3.73172,6.46122,0.418403
3.05969,7.07812,0.745485
3.50075,6.15162,0.619373
3.57233,0.98565,0.651497
4.03067,1.34788,-0.141469
4.21479,2.2924,0.294324
3.8498,3.15552,-0.0712271
3.97598,3.88331,-0.764626
3.7314,4.61763,-0.125523
3.91655,5.49231,-0.568328
4.4535,5.72869,0.228254
3.64822,6.36776,0.257753
4.29782,6.78943,0.924442
4.52982,0.931297,0.224458
4.99624,1.6761,-0.274023
4.78126,2.64426,-0.448619
4.76526,3.41426,0.236955
4.81783,4.22949,-0.389178
4.62479,5.04747,0.144133
4.91645,5.34617,-0.769796
5.00584,6.28886,-0.374242
4.11939,6.82308,-0.544905
4.85455,7.07207,0.170028
5.08334,1.65969,-0.395233
5.52439,2.17938,0.360393
5.78287,2.57958,-0.555126
5.63388,3.59907,-0.398938
5.59995,4.37613,0.214145
5.53462,5.24406,-0.40033
5.7974,5.86111,-1.1794
5.96576,6.66782,-0.639723
5.05033,6.71017,-0.183844
5.17873,6.29063,0.715784
5.87647,1.05798,-0.249861
5.81425,2.01146,-0.564147
6.54024,2.34663,0.0314554
6.49621,3.13727,-0.668456
6.48868,3.86614,0.0346873
6.43322,4.78803,-0.423862
6.72686,5.58319,-0.90094
6.18277,6.21302,-1.5528
5.92268,6.66441,-0.700354
5.10831,6.30093,-0.283544
6.40407,1.59471,0.479696
6.7722,2.23351,-0.246782
7.34994,2.9885,0.0135411
6.77467,3.83169,0.0696066
6.63656,4.7894,0.42443
7.39094,5.03474,-0.158147
6.90561,5.90712,0.0616352
6.50906,6.56275,-0.656688
6.3729,6.86753,-1.59307
5.85272,6.92907,-0.706241
6.81862,2.48537,0.689898
7.58978,2.77798,0.0356151
7.69015,3.29701,0.8991
7.67485,4.16898,0.434407
7.57145,5.1871,0.467019
8.05519,5.87695,-0.103528
7.51332,6.72087,-0.0613025
7.35324,6.02985,-0.836503
6.41915,5.93174,-1.28822
6.16248,6.83162,-1.65577
