4.06426,5.93142,-0.341792
3.69282,5.56197,0.520591
2.99392,5.01612,0.00154729
3.04372,5.36678,-0.907971
2.81738,6.24006,-0.553966
3.58991,5.9522,0.100751
3.50968,6.27733,1.08716
2.93626,6.14912,0.270409
2.97016,6.3004,1.3202
3.1138,5.53605,0.696915
4.20001,5.20143,0.299087
3.42973,4.57403,0.597211
3.4471,4.15853,-0.288565
2.60856,4.69617,-0.291366
3.30789,5.40263,-0.347163
3.17513,5.12461,0.596918
3.06636,6.07794,0.194037
2.18513,6.1134,-0.336372
2.33644,6.5899,0.56314
2.75997,6.24295,1.38346
4.79469,4.34609,0.147359
4.20241,3.97695,0.876366
3.24632,3.93485,0.672887
2.39926,4.46899,0.67579
2.94505,5.2595,0.59042
2.70144,4.61673,-0.160073
3.43536,5.23899,-0.294632
3.15966,6.15766,-0.137031
3.25519,6.28512,0.842866
2.69801,7.17365,1.00295
4.02716,3.78571,-0.229917
4.20519,3.06048,0.498218
3.81888,3.76153,-0.117713
3.38196,4.53248,0.356139
2.74278,4.88844,-0.328574
3.63878,4.94318,0.0341166
4.42849,5.07288,-0.62165
3.71737,5.29528,0.00223395
4.11749,5.8455,0.735438
3.57785,6.67849,0.813056
4.57206,2.92434,-0.115006
3.77728,3.54189,-0.254036
4.69275,3.46088,-0.589938
4.06019,4.14462,-0.206702
3.5308,4.94978,0.261754
3.85301,5.87842,0.302661
4.77689,5.91512,-0.173656
3.86656,6.0989,-0.565004
4.74898,6.00622,-0.0187536
3.93253,5.8103,0.528318
3.77537,3.52074,-0.333952
4.7374,3.17533,-0.363475
5.71099,3.27681,-0.500806
5.04546,4.01222,-0.0960082
4.40506,4.82728,-0.173544
4.78987,5.7456,-0.11536
5.64051,5.81917,0.367232
4.71505,6.08086,-0.0489822
5.42277,6.40911,-0.695041
4.51336,6.2125,-0.191485
4.37266,2.73126,-0.16758
5.37978,2.42303,-0.24008
6.17304,2.7333,0.22548
5.95676,3.72664,0.237724
5.34498,4.48433,-0.0226508
5.61411,5.32225,-0.464013
6.42974,6.01216,-0.274377
5.64169,6.19236,0.292801
4.99808,5.58092,-0.210498
5.4787,6.47167,-0.128565
5.26042,3.14881,0.14669
6.22896,2.87162,0.0435926
6.31999,3.60675,0.715018
6.0365,4.60163,0.696057
5.91632,5.30773,0.0172216
4.94691,5.60631,0.27098
5.84573,6.0269,0.511536
6.53758,6.17485,-0.208277
5.53239,6.41499,-0.23325
5.73742,7.33612,-0.579595
6.08559,2.75621,-0.41504
6.22651,3.80098,-0.372118
5.78648,4.32868,0.361458
6.07021,5.32337,0.0222022
6.02047,5.86644,-0.879281
5.61843,6.32109,-0.0682485
6.60228,6.38478,-0.0491653
5.59701,6.6157,-0.0899777
5.89809,7.21714,-0.827393
6.37419,6.88136,0.0841517
5.50494,2.37838,-1.19241
6.23908,3.08014,-1.07967
6.11471,3.88318,-0.521894
6.23501,4.80144,-0.862322
6.36934,5.42762,-0.024073
6.52831,6.20049,-0.678634
5.67024,6.62149,-0.359948
5.66532,7.63697,-0.102597
5.78466,8.20686,-0.971975
6.50852,7.61548,-0.645839
