-0.170272,0.993399,-1.09278
0.0300913,1.28938,-0.14011
0.0274117,2.27322,-0.22577
0.0544603,3.3314,-0.166952
-0.180978,4.31321,-0.602853
-0.0838801,5.27457,-0.33263
-0.112992,6.25671,-0.0995941
-0.123078,7.29015,-0.272582
-0.13517,8.3081,-0.376321
-0.125251,9.30319,-0.399014
-0.114057,10.3525,-0.31648
-0.120161,11.3409,0.0564013
-0.270907,12.2342,-0.32584
-0.14387,13.2059,-0.793695
-0.0646321,14.2331,-1.01848
-0.0842067,15.1462,-0.599738
-0.12429,16.1997,-0.425752
-0.243428,17.1635,-0.125468
-0.112885,18.1352,0.0957274
0.109671,19.082,0.10076
0.073574,20.0337,-0.262142
-0.175484,20.9561,0.140687
-0.174764,21.9291,0.302167
-0.0925169,22.9922,0.277068
-0.111386,23.9571,0.0912076
-0.142924,24.9979,-0.00596942
-0.0375591,25.9758,0.302838
-0.000582904,26.7938,-0.398868
-0.0499619,27.7564,-0.150325
-0.154161,28.7413,-0.130314
0.848686,0.998111,-0.930134
0.973867,1.65608,-0.111322
0.979827,2.54878,-0.558007
1.03338,3.57499,-0.290573
0.842869,4.56532,-0.595651
0.924827,5.50416,-0.276144
0.890616,6.52116,-0.0830226
0.862954,7.52505,-0.173864
0.90697,8.51213,-0.400876
0.886853,9.52031,-0.321509
0.929429,10.5084,-0.183331
0.914582,11.4923,-0.0638783
0.78113,12.3322,-0.594656
0.849709,13.243,-0.911203
0.971776,14.2193,-1.26026
0.871435,15.1766,-0.902667
0.937202,16.1101,-0.453679
0.780334,17.022,-0.0691488
0.9742,18.0451,-0.035963
1.01257,19.0364,-0.402243
1.07978,20.1236,-0.299725
0.785678,21.0648,-0.0497482
0.932264,21.9217,0.431877
0.93314,22.819,0.0370617
0.907923,23.8466,0.0551073
0.904978,24.8541,0.115567
0.986163,25.8596,0.0708335
1.07174,26.7559,-0.49028
0.929295,27.8089,-0.58023
0.881973,28.7603,-0.259786
1.84655,1.12379,-0.621998
1.89946,2.04351,-0.263231
1.84932,3.01816,-0.110416
2.04092,3.9325,-0.449397
1.80422,4.89446,-0.261199
1.89204,5.90605,-0.103879
1.86287,6.9072,-0.20936
1.84048,7.94733,-0.177627
1.80235,8.8854,-0.51232
1.8848,9.79581,-0.167675
1.86922,10.7539,-0.448482
1.97172,11.756,-0.12917
1.82006,12.6939,-0.541749
1.83393,13.4994,-1.12286
1.94298,14.4878,-1.40492
1.90654,15.4799,-1.13127
1.99035,16.2506,-0.445415
1.68101,17.2359,-0.48453
1.93147,18.2341,-0.319605
2.00779,19.2048,-0.473806
2.08396,20.2135,-0.522367
1.77591,20.9511,0.11243
1.97789,21.934,0.14724
1.90445,22.9472,-0.133683
1.90667,23.9573,-0.0271065
1.9227,24.9298,0.276888
2.02018,25.8961,-0.0651357
2.09138,26.83,-0.43607
1.90605,27.7253,-0.913697
1.90083,28.5496,-0.277334
2.78051,1.25439,-0.323103
2.89258,2.14415,0.10459
2.84293,3.18592,-0.165365
3.04719,4.24687,-0.222736
2.79678,5.2059,-0.130705
2.86235,6.18362,0.0845271
2.82883,7.21661,0.0295846
2.86688,8.21093,-0.316022
2.77197,9.14599,-0.712799
2.89381,10.0089,-0.253099
2.87205,10.9737,-0.520573
3.02063,11.9254,-0.29801
2.87151,12.7513,-0.851094
2.83449,13.5639,-1.40928
2.93395,14.5523,-1.46294
2.90474,15.5228,-1.26832
2.98076,16.2042,-0.522962
2.763,17.2358,-0.603519
2.8922,18.2115,-0.543291
3.05829,19.1963,-0.670556
3.12258,20.2193,-0.501444
2.85177,20.9742,0.170455
3.06209,21.9903,-0.0570696
2.94348,22.967,0.146428
2.90971,24.0099,0.239503
2.96409,25.0172,0.354427
3.04444,25.956,-0.0567248
3.06738,26.716,-0.686071
2.80418,27.6663,-0.403763
2.93288,28.6034,-0.056563
3.76665,1.40958,-0.290143
3.92187,2.33744,0.110819
3.89391,3.36193,-0.115265
4.09224,4.33083,-0.195587
3.81845,5.32481,-0.222089
3.89214,6.26913,0.201996
3.84311,7.28349,-0.127595
3.90089,8.31933,-0.184259
3.86498,9.13585,-0.849333
3.87119,10.0974,-0.540123
3.90709,11.1566,-0.480029
4.0225,12.1384,-0.567748
3.84118,12.7687,-1.29579
3.90439,13.7804,-1.46576
3.81752,14.6921,-1.86448
3.93391,15.4984,-1.20489
4.03844,16.2221,-0.516041
3.7543,17.2108,-0.739039
3.83535,18.2176,-1.01508
4.07636,19.2259,-0.779058
4.09615,20.1752,-0.37192
3.84646,21.2077,-0.24485
4.10959,22.163,-0.132475
3.9225,23.0003,0.36277
3.96073,23.9978,0.298038
3.99394,24.9806,0.121622
4.02072,25.98,0.291928
4.10174,26.7341,-0.407614
3.86979,27.714,-0.578951
3.94921,28.5776,-0.0740654
4.72117,1.76268,-0.503705
4.87211,2.64725,-0.052855
4.96758,3.70128,-0.0171331
5.09265,4.66554,-0.268621
4.84573,5.57911,-0.0392163
4.8784,6.57595,0.0184698
4.78906,7.43087,-0.490756
4.92257,8.47151,-0.432472
4.84021,9.37939,-0.870278
4.88769,10.3828,-0.612134
4.93898,11.3572,-0.536848
5.02937,12.3534,-0.762044
4.84147,12.9258,-1.56294
4.89596,13.9573,-1.34283
4.83075,14.664,-2.05755
4.91299,15.425,-1.38857
5.03192,16.1988,-0.755235
4.80406,17.1744,-0.874139
4.89215,18.1626,-1.0712
5.10525,19.1477,-0.710184
5.11774,20.041,-0.202304
4.85033,21.0153,-0.110965
4.98969,21.9422,0.286682
4.84722,22.8722,0.709848
4.98267,23.7728,0.206287
4.9646,24.7497,0.295813
5.01761,25.7744,0.204193
5.12535,26.6565,-0.25566
4.8463,27.6307,-0.456569
4.9602,28.4421,0.0866634
5.79297,1.90402,-0.399423
5.91776,2.873,-0.134639
5.93695,3.86601,-0.194861
6.06651,4.84747,-0.279446
5.83376,5.83792,-0.270574
5.87321,6.81448,-0.045378
5.75483,7.75801,-0.406922
5.96283,8.7661,-0.495373
5.83151,9.61604,-0.971783
5.87103,10.607,-0.661657
5.94213,11.5753,-0.657317
5.98054,12.4969,-1.0886
5.77735,13.152,-1.79477
5.86556,14.1204,-1.43568
5.90509,14.6837,-2.23733
5.96824,15.4621,-1.61813
5.95706,16.3376,-1.07526
5.81625,17.3726,-1.15257
5.89991,18.2997,-1.44154
6.05077,19.241,-1.13959
6.09255,19.9011,-0.395102
5.89072,20.8871,-0.295276
5.95063,21.761,0.148164
5.91427,22.7837,0.568236
6.01268,23.7549,0.214454
5.83883,24.649,-0.137919
5.96771,25.6703,-0.200552
6.10045,26.6492,-0.0608325
5.82607,27.4829,-0.578509
6.01268,28.2729,0.0733879
6.8141,2.10829,-0.273351
6.92142,3.10921,-0.124226
6.97855,4.10512,-0.109415
7.04454,5.15013,-0.11316
6.86403,6.13094,-0.226707
6.83563,7.11292,-0.26971
6.74563,8.08739,-0.487436
6.86061,9.06078,-0.802103
6.78598,10.0808,-0.925944
6.84252,10.982,-0.580474
6.9372,11.9552,-0.879867
6.88437,12.9279,-0.988668
6.8239,13.3513,-1.89086
6.98549,14.2069,-1.42652
6.88239,14.6714,-2.32396
7.03267,15.4308,-1.65333
6.96595,16.2658,-1.04725
6.87351,17.3013,-1.14959
6.94857,18.1563,-1.63012
7.06465,19.0791,-1.2028
7.14314,19.8051,-0.471691
6.95747,20.8312,-0.304443
6.94164,21.742,-0.00321665
6.9057,22.6299,0.4829
7.01429,23.656,0.324805
6.83913,24.659,0.108838
7.00575,25.6078,-0.177563
7.07591,26.569,0.176913
6.81224,27.4569,-0.303665
7.05717,28.3505,0.000982696
7.83861,2.35649,-0.200311
7.86369,3.3327,-0.325837
7.9553,4.29831,-0.131095
8.05652,5.29808,-0.109882
7.88632,6.30023,-0.231318
7.83999,7.28934,-0.268126
7.79469,8.28826,-0.657384
7.82675,9.31779,-0.666405
7.76156,10.3143,-0.720859
7.82339,11.3382,-0.694775
7.86879,12.3602,-0.958907
7.79503,13.31,-1.22558
7.771,13.6169,-2.17156
7.98502,14.3197,-1.52098
7.917,14.6652,-2.43806
8.04431,15.4318,-1.82591
7.95517,16.2185,-1.16357
7.89295,17.188,-1.22441
7.94339,18.1286,-1.66984
8.05189,18.8255,-0.943095
8.17864,19.7561,-0.577844
8.00766,20.725,-0.347548
7.92361,21.6397,0.0462111
7.9196,22.6182,0.280139
7.99265,23.6162,0.408408
7.8989,24.6764,0.222648
8.01935,25.6746,0.109134
8.11458,26.6462,0.299429
7.8012,27.5432,-0.124369
8.09791,28.5032,-0.0334605
8.83988,2.6279,-0.17036
8.83531,3.5982,-0.250096
8.93327,4.50394,0.118262
9.04629,5.41295,-0.243358
9.03189,6.44682,-0.286138
8.86988,7.46064,-0.482647
8.85322,8.52482,-0.59733
8.80528,9.53113,-0.617237
8.83325,10.5705,-0.774429
8.84257,11.5813,-0.864034
8.8405,12.5416,-1.20983
8.80546,13.6272,-1.35626
8.79726,13.6862,-2.3491
8.91832,14.5263,-1.83317
8.9137,14.7925,-2.76686
9.07338,15.4374,-2.02051
8.95443,16.1745,-1.32019
8.96525,17.1814,-1.0851
8.93377,18.1038,-1.46466
9.05478,18.8595,-0.835136
9.15717,19.7499,-0.30972
9.01942,20.7385,-0.207535
8.96933,21.7169,0.0473586
8.96748,22.6934,-0.0358989
9.0061,23.7318,0.240101
8.87374,24.7547,0.0228675
9.03919,25.7509,0.27582
9.20267,26.7494,0.266027
8.7406,27.3742,-0.419404
9.04705,28.3401,-0.286477
9.78494,2.80862,-0.448418
9.84456,3.81954,-0.368566
9.92515,4.6798,0.0931639
10.0106,5.64912,-0.0541948
10.0014,6.69262,-0.239256
9.88093,7.65771,-0.646709
9.82376,8.64877,-0.807682
9.8109,9.69336,-0.62121
9.84516,10.7131,-0.677633
9.8592,11.6986,-0.965749
9.83739,12.6952,-1.22901
9.83316,13.6763,-1.44439
9.78334,13.7463,-2.4787
9.89116,14.4675,-1.81614
9.94787,14.6979,-2.79156
10.0736,15.3464,-2.02869
9.97195,16.2625,-1.60608
9.98732,17.0702,-0.980712
10.0015,18.0066,-1.3066
10.1116,18.9218,-0.933634
10.1482,19.727,-0.34742
10.0052,20.7175,-0.0998474
9.97094,21.7029,-0.141768
9.95636,22.703,0.175115
9.96661,23.6874,-0.0406598
9.89413,24.6806,-0.14637
9.93719,25.6845,-0.226429
10.2444,26.604,0.090112
9.77241,27.3828,-0.287057
10.0643,28.36,-0.324216
10.7811,2.96332,-0.436287
10.8443,3.95776,-0.307956
10.9378,4.86674,0.221326
10.9821,5.78478,-0.132878
11.0385,6.81007,-0.139286
10.9428,7.64928,-0.7198
10.8537,8.69099,-0.76169
10.859,9.72782,-0.677462
10.9122,10.7073,-0.782452
10.8654,11.7203,-0.950331
10.9331,12.7587,-1.20094
10.8441,13.7365,-1.55455
10.8417,13.8798,-2.56575
10.9445,14.5464,-1.88865
10.9723,14.4709,-2.87737
11.0595,15.2235,-2.18438
10.9684,15.9526,-1.47417
11.023,16.9189,-1.14567
10.9727,17.9356,-1.02703
11.1052,18.9063,-0.771718
11.1432,19.9128,-0.59877
11.0411,20.6614,0.016834
10.9672,21.6855,0.0366192
10.9998,22.6941,0.0312906
10.9688,23.7095,0.17196
10.9293,24.7389,-0.146507
10.9562,25.7229,-0.298795
11.2663,26.6093,0.107831
10.821,27.3106,-0.48131
11.0531,28.247,-0.119361
11.8113,2.84562,-0.481365
11.8643,3.8984,-0.325205
12.0045,4.7986,0.104962
12.0142,5.74183,-0.275356
12.0446,6.77758,-0.182308
11.9492,7.7511,-0.533134
11.8468,8.77133,-0.748585
11.9056,9.77289,-0.771374
11.8815,10.7921,-0.925269
11.886,11.7958,-1.07732
11.9923,12.7574,-1.39485
11.9015,13.7641,-1.64822
11.9143,13.7481,-2.63657
11.9589,14.5963,-2.06215
11.9357,14.6388,-3.04908
12.0846,15.3733,-2.35531
11.9155,16.0812,-1.63899
12.0826,16.946,-1.19977
11.9678,17.9755,-1.12166
12.1396,18.888,-0.741102
12.1227,19.886,-0.472976
12.028,20.7871,-0.0167516
11.9684,21.6978,-0.339335
12.0185,22.674,-0.094995
11.9391,23.6314,0.151668
11.9545,24.6032,-0.0142003
11.8555,25.6253,0.1781
12.2404,26.4407,-0.195907
11.7629,27.3297,-0.200119
12.1215,28.2804,-0.222559
12.8145,2.95622,-0.112253
12.8509,3.96472,-0.165554
12.9223,4.90696,-0.346486
13.0445,5.88374,-0.387249
13.0394,6.88895,-0.537944
12.9786,7.85869,-0.702475
12.8898,8.84516,-0.856517
12.9673,9.82991,-0.663811
12.9631,10.8186,-0.835112
12.9403,11.831,-0.965151
13.0479,12.7221,-1.46417
12.9744,13.7162,-1.60971
12.9612,13.7672,-2.64181
12.9302,14.5257,-2.04139
12.9893,14.7727,-2.99057
13.0686,15.3917,-2.19708
12.9193,16.3143,-1.76152
13.0707,17.0859,-1.09966
12.9572,18.091,-1.21536
13.1596,18.7874,-0.50155
13.1125,19.7638,-0.353887
13.0337,20.7626,-0.248177
13.0412,21.733,-0.425901
13.0508,22.7071,-0.0406446
12.9417,23.6719,0.0228523
12.968,24.7325,0.107739
12.8908,25.7303,0.0365886
13.2373,26.6937,0.0512528
12.7455,27.5499,-0.351018
13.1263,28.379,-0.0452406
13.8578,2.93879,-0.00639363
13.8723,3.96236,-0.136845
14.0052,4.93,-0.276144
14.063,5.94621,-0.495517
14.0624,6.94598,-0.371261
14.0264,7.89773,-0.742369
13.9424,8.90436,-0.728632
13.9828,9.89604,-0.756014
13.9892,10.8002,-1.12494
13.9783,11.8104,-0.949016
14.0761,12.623,-1.51002
13.9826,13.536,-1.79183
13.9738,13.6751,-2.79339
13.9367,14.4331,-2.0123
13.9279,14.4651,-2.9989
14.0555,15.3488,-2.36482
13.8824,16.1285,-1.72246
14.0621,16.9488,-1.20978
13.9652,17.946,-1.2963
14.2217,18.6651,-0.596283
14.1315,19.7227,-0.262792
14.0035,20.7557,-0.366826
14.127,21.7556,-0.514289
14.0584,22.7778,-0.161422
13.9225,23.748,-0.0466262
13.9142,24.6914,0.404913
13.8774,25.6461,-0.00588397
14.2176,26.6673,-0.0687094
13.7515,27.5327,-0.230735
14.1684,28.4086,-0.0716269
14.9094,3.01894,0.124122
14.894,3.97941,-0.11066
15.0502,4.93511,-0.554149
15.088,5.93521,-0.391653
15.0942,6.93733,-0.546803
15.0837,7.91798,-0.645805
14.9517,8.87961,-0.812931
15.0698,9.89152,-0.779324
15.0504,10.9122,-1.03905
15.0321,11.9499,-1.10409
15.0602,12.8655,-1.53411
14.9378,13.8649,-1.70415
14.9527,13.9351,-2.7715
14.9624,14.6779,-2.13424
14.8818,14.8542,-3.15229
15.0386,15.4093,-2.2628
14.9213,16.2136,-1.65715
15.088,17.1025,-1.23428
14.9346,18.1094,-0.949519
15.1583,18.9068,-0.302795
15.1062,19.8751,-0.359664
15.0404,20.9454,-0.474444
15.161,21.9221,-0.437086
15.0971,22.8105,0.112363
14.938,23.7197,-0.165932
14.938,24.6074,0.338881
14.8968,25.556,-0.0514389
15.168,26.4525,-0.356246
14.799,27.3871,-0.406803
15.1625,28.3137,-0.0694845
15.9304,3.05269,0.202017
15.9344,3.98438,-0.178573
16.0552,4.94294,-0.492294
16.1746,5.97061,-0.407871
16.134,6.9159,-0.741465
16.1491,7.92498,-0.621091
16.004,8.91855,-0.791882
16.1446,9.91433,-0.861898
16.0869,10.9419,-0.942912
16.0362,11.9846,-1.01762
16.1182,12.925,-1.49078
15.9994,13.9438,-1.81549
16.0255,14.0181,-2.79696
15.9926,14.7829,-2.09861
15.9531,14.8001,-3.1121
16.0823,15.6125,-2.48922
15.937,16.3405,-1.80069
16.0709,17.2239,-1.35688
15.9938,18.1295,-0.873601
16.1698,18.968,-0.343007
16.1141,19.9089,-0.630049
16.0149,20.8325,-0.288421
16.1819,21.8863,-0.421909
16.1669,22.7654,0.05721
15.9478,23.7609,-0.0882168
15.9237,24.74,0.0952605
15.8847,25.7015,0.0129521
16.1676,26.5322,-0.506034
15.8466,27.5128,-0.398633
16.2293,28.4239,-0.141319
17.0234,3.10418,0.297555
16.9386,4.08924,-0.0213538
17.0679,4.97559,-0.562407
17.187,5.96095,-0.516263
17.1303,6.90872,-0.812003
17.2181,7.86844,-0.605029
17.0869,8.85336,-0.721601
17.1939,9.87923,-0.855101
17.1021,10.9226,-0.976498
17.0858,11.9281,-0.996326
17.0875,12.8927,-1.33614
17.0283,13.9085,-1.646
17.0577,14.0488,-2.70143
17.0233,14.8885,-2.09744
17.0635,14.9206,-3.11419
17.0896,15.6778,-2.44667
16.9694,16.4038,-1.84368
17.0748,17.2878,-1.30471
16.9837,18.2279,-0.952464
17.1713,19.1195,-0.487072
17.103,20.1034,-0.30878
16.9811,21.1117,-0.302246
17.1232,22.1054,-0.0683981
17.0739,23.0574,-0.378597
16.9135,23.8716,0.162569
16.9117,24.853,-0.0678793
16.8538,25.8714,-0.316144
16.9972,26.8383,-0.0207709
16.8451,27.5832,-0.70383
17.205,28.3216,-0.128459
18.0478,2.98778,0.321604
17.9319,3.98173,0.168068
18.0978,4.79707,-0.420225
18.1605,5.73672,-0.709711
18.1419,6.76898,-0.587149
18.2144,7.7809,-0.646818
18.1373,8.81292,-0.517127
18.2257,9.87148,-0.804175
18.1128,10.9863,-0.891546
18.1691,11.9789,-0.988958
18.1484,12.9754,-1.34731
18.0721,13.9738,-1.69944
18.1182,14.0814,-2.68906
18.068,14.8168,-1.94148
18.106,14.7952,-2.99826
18.1124,15.5971,-2.33987
17.9983,16.4102,-1.75057
17.9499,17.3753,-1.72401
18.0297,18.1832,-1.13813
18.1761,19.0226,-0.584515
18.094,19.889,-0.0960906
18.0039,20.8719,-0.194757
18.1446,21.8937,-0.151866
18.0173,22.8562,-0.316446
18.0037,23.8163,-0.0335398
17.9041,24.8818,0.00959197
17.8527,25.753,-0.491791
17.9702,26.5756,0.036848
17.8084,27.4301,-0.413587
18.1532,28.168,0.194
19.025,2.79479,0.302121
18.9303,3.78279,0.0909391
19.1332,4.59298,-0.466509
19.1789,5.58557,-0.528968
19.2014,6.6317,-0.537614
19.2617,7.6414,-0.510657
19.154,8.65432,-0.547005
19.2042,9.70599,-0.489746
19.0873,10.6931,-0.764589
19.2252,11.6736,-1.08355
19.1693,12.7342,-1.40305
19.1338,13.832,-1.57015
19.1893,14.0178,-2.62228
19.1272,14.73,-1.90634
19.1244,14.8498,-2.90396
19.1336,15.5576,-2.16576
18.9772,16.3243,-1.49188
18.9437,17.311,-1.64689
19.0672,18.1228,-1.05827
19.2161,18.9381,-0.535945
19.1383,19.8547,-0.159026
19.0578,20.8426,-0.140553
19.1576,21.8261,-0.160704
19.0319,22.7934,-0.258599
19.0353,23.8274,-0.137309
18.9463,24.785,0.139338
18.8715,25.6761,-0.407627
19.0119,26.6009,-0.174483
18.893,27.5755,-0.392969
19.1589,28.2602,0.293695
20.0608,2.67602,0.421476
19.8993,3.47609,-0.182076
20.1331,4.42767,-0.251524
20.1347,5.40921,-0.20372
20.1654,6.43674,-0.312064
20.2201,7.42641,-0.583966
20.1669,8.41968,-0.541841
20.1149,9.4003,-0.276495
20.0652,10.2882,-0.709076
20.1937,11.2903,-1.05568
20.0943,12.2417,-1.30802
20.0446,13.2601,-1.41156
20.1892,13.7508,-2.33012
20.1343,14.5387,-1.65723
20.0954,14.6527,-2.6446
20.1337,15.4173,-1.95858
19.9536,16.2899,-1.60823
19.944,17.3209,-1.48625
20.1133,18.2232,-1.05482
20.2315,18.9908,-0.443632
20.185,19.9337,-0.0353557
20.0663,20.868,0.19939
20.1627,21.8621,0.0899747
20.0228,22.8524,-0.094113
20.058,23.8704,-0.37897
19.9968,24.7656,0.103201
19.8721,25.704,-0.214557
20.0512,26.6757,-0.19732
19.9319,27.6943,-0.363408
20.2189,28.3892,0.287439
21.0435,2.70772,0.754863
20.8935,3.19775,-0.109156
21.1119,4.20877,-0.00944243
21.1205,5.25232,-0.206873
21.1902,6.2637,-0.429267
21.2705,7.20862,-0.807755
21.1582,8.18535,-0.57337
21.1015,9.13877,-0.319294
21.1245,10.1355,-0.555596
21.2033,11.1316,-0.79985
21.0873,11.9986,-1.35469
21.0931,13.0364,-1.33228
21.1132,13.8018,-1.9516
21.0481,14.4415,-1.18781
21.0064,14.4108,-2.17993
21.1255,15.2626,-1.67416
20.9755,16.2049,-1.62345
20.9723,17.2514,-1.499
21.1301,18.1639,-1.10024
21.2406,19.0356,-0.599542
21.1655,19.8102,0.0286081
21.07,20.8291,0.0156896
21.1536,21.8132,-0.161544
21.0674,22.8351,-0.0183935
21.0219,23.8707,-0.0398724
20.9861,24.8737,0.0442335
20.7666,25.866,0.262899
21.0821,26.6161,-0.358684
20.9158,27.611,-0.45136
21.2024,28.3924,0.0960509
22.0183,2.61051,0.852733
21.9228,2.93813,-0.090762
22.0923,3.92431,0.00125126
22.1267,4.95473,-0.107117
22.1968,5.94525,-0.477996
22.2294,6.92332,-0.60698
22.1348,7.9422,-0.683999
22.0953,8.8866,-0.45775
22.2068,9.91242,-0.600119
22.2525,10.9229,-0.829063
22.0916,11.7316,-1.42102
22.0768,12.7158,-1.27984
22.1435,13.4539,-1.98101
22.0034,13.9804,-1.10861
22.0422,14.3493,-2.02317
22.1724,15.2875,-1.65938
22.0098,16.2986,-1.57946
22.0067,17.3005,-1.27843
22.1287,18.2477,-1.04577
22.229,18.9332,-0.32346
22.161,19.9548,-0.0672781
22.0737,20.9031,0.112943
22.2429,21.8676,-0.123237
22.0729,22.8447,0.125672
22.0498,23.8549,-0.0319926
21.9665,24.8527,-0.05627
21.803,25.7843,0.366152
22.0967,26.6148,-0.132588
21.9736,27.5385,-0.541865
22.1942,28.3647,-0.0335917
23.0653,2.52738,0.943767
22.8837,2.70578,-0.0266152
23.0684,3.71065,0.0540727
23.0596,4.68244,-0.111118
23.1429,5.60825,-0.441523
23.2251,6.65,-0.605127
23.1236,7.65838,-0.483367
23.1351,8.67265,-0.629048
23.1801,9.66916,-0.344285
23.2107,10.5209,-0.874368
23.0822,11.5279,-1.06806
23.0576,12.3964,-1.65577
23.1862,13.4406,-1.64767
22.9827,13.8959,-0.766854
23.0261,14.3888,-1.64259
23.1603,15.3501,-1.33438
23.1048,16.3471,-1.48523
23.0348,17.3092,-1.19707
23.0764,18.1473,-0.653658
23.1927,18.9342,-0.0111087
23.1865,19.9564,0.230531
23.0955,20.9651,0.0213843
23.1625,21.9606,0.329466
23.0793,22.8046,-0.192666
23.0853,23.8094,-0.135459
22.9755,24.7885,0.0667898
22.7843,25.6894,0.482733
23.0697,26.5717,0.173708
22.9995,27.4113,-0.37326
23.1965,28.3813,-0.192196
24.1213,2.51745,1.09977
23.8623,2.50497,0.0944639
24.0862,3.51901,-0.0243324
24.0732,4.55286,0.0393231
24.2074,5.50345,-0.305979
24.2174,6.49751,-0.190097
24.1455,7.48508,-0.488946
24.1658,8.50467,-0.485849
24.1885,9.43988,-0.182943
24.2856,10.2363,-0.863485
24.084,11.2712,-0.923164
24.0516,12.1931,-1.43
24.2382,13.1765,-1.57863
23.9925,13.6026,-0.661489
24.001,14.3272,-1.41618
24.1118,15.2963,-1.14221
24.0552,16.3167,-1.08455
24.0707,17.3294,-0.998984
24.0151,18.3808,-0.85602
24.2161,18.9718,-0.0872188
24.2417,20.0016,-0.0518479
24.1453,21.0235,0.0228736
24.1967,21.9961,0.261281
24.1544,22.9471,-0.109055
24.1107,23.9193,0.00479141
23.9411,24.9238,-0.112677
23.8009,25.647,0.513269
24.1037,26.4606,0.0483383
23.9541,27.4602,-0.0647176
24.2001,28.4241,-0.322745
25.1844,2.45545,0.941032
24.8466,2.38682,-0.00121158
25.0767,3.34169,-0.204761
25.1071,4.31357,-0.165346
25.2051,5.31437,-0.11839
25.1897,6.31159,0.0979522
25.0823,7.24447,-0.0721946
25.1241,8.2288,-0.143321
25.161,9.20029,0.0981292
25.2455,10.0445,-0.519794
25.0539,11.0677,-0.654942
25.0707,11.9574,-1.1745
25.2168,12.9738,-1.23757
25.0294,13.5463,-0.432569
24.9964,14.3726,-1.10379
25.0903,15.3596,-1.26724
25.0502,16.3634,-1.05449
25.0561,17.3601,-0.792813
25.0217,18.3849,-0.958452
25.2025,18.972,-0.18392
25.2547,19.9592,-0.280285
25.1193,20.8767,0.0383404
25.2309,21.889,-0.127396
25.1249,22.8895,0.161348
25.1144,23.9175,0.0631275
24.9872,24.8974,0.0775445
24.879,25.8726,0.429356
25.0884,26.5446,-0.315738
24.9549,27.5902,-0.336659
25.1691,28.597,-0.455071
26.1534,2.1457,1.12647
25.8857,2.08027,0.122175
26.051,2.97861,-0.268984
26.0872,3.99768,-0.0539842
26.099,4.94329,0.201135
26.1488,5.95111,0.143956
26.0978,6.96871,0.101715
26.0992,7.90607,-0.393545
26.1396,8.88873,-0.244908
26.2514,9.88591,-0.468316
26.0883,10.9139,-0.496109
26.0195,11.8702,-0.75121
26.1912,12.8303,-0.955449
26.0318,13.6078,-0.392871
25.9989,14.5121,-0.859172
26.0756,15.5052,-0.89136
26.1125,16.5099,-1.06104
26.0171,17.3808,-0.555931
26.0469,18.2976,-0.959593
26.1752,19.1356,-0.357469
26.2311,20.1759,-0.192422
26.1352,21.1057,0.23274
26.247,21.897,-0.39617
26.1076,22.8855,-0.13929
26.0791,23.7704,0.393008
25.9775,24.7032,0.0347087
25.9056,25.714,0.269503
26.0918,26.6429,-0.137327
25.9887,27.6397,0.0704581
26.1975,28.4903,-0.437046
27.184,1.96045,1.05539
26.848,1.84341,0.0989624
27.0567,2.72203,-0.337504
27.1012,3.70271,-0.0835963
27.083,4.61924,0.353774
27.16,5.61232,0.057741
27.1139,6.64065,0.128999
27.0583,7.63845,-0.134892
27.096,8.63903,-0.199182
27.2012,9.65332,-0.319562
27.0551,10.6047,-0.442082
26.999,11.5731,-0.62913
27.1471,12.5648,-0.677837
27.1034,13.55,-0.441041
27.0535,14.449,-0.907193
27.0915,15.476,-0.729514
27.0903,16.4653,-0.852205
27.0596,17.4109,-0.431443
27.019,18.2595,-1.02143
27.163,19.1297,-0.481933
27.2998,20.0536,0.0142766
27.1041,21.0081,-0.13965
27.2303,21.9772,-0.382327
27.0658,22.9896,-0.478228
27.0934,23.6921,0.215778
26.9828,24.7262,0.0548418
26.916,25.7416,0.185681
27.1708,26.6862,-0.168297
26.9894,27.6689,0.0502182
27.1912,28.5923,-0.166341
28.1437,1.71257,1.21001
27.8958,1.78293,0.219654
28.0539,2.57436,-0.389364
28.105,3.5227,0.0283212
28.141,4.43547,0.341713
28.1478,5.47102,0.341884
28.0683,6.43424,-0.0305338
28.0303,7.4477,-0.125172
28.0882,8.43497,-0.310065
28.2472,9.45683,-0.199554
28.1019,10.4327,-0.301703
27.9865,11.392,-0.566588
28.1468,12.4158,-0.672411
28.1097,13.398,-0.455184
28.0288,14.3509,-0.819578
28.1184,15.3567,-0.85005
27.9522,16.2478,-0.387979
28.0291,17.2335,-0.305921
28.0128,18.1686,-0.68713
28.1579,19.1616,-0.543638
28.318,20.0752,-0.0308451
28.0187,21.0097,0.177834
28.1213,21.9788,0.127543
28.0279,22.8577,-0.297363
28.0956,23.7595,0.125309
28.0166,24.7621,0.192053
27.9584,25.7573,0.0528672
28.2271,26.7889,-0.0331614
28.0284,27.7804,-0.144755
28.1888,28.7563,-0.0827204
29.0947,1.44751,1.23034
28.9076,1.62212,0.259658
29.1192,2.37638,-0.334562
29.1041,3.29522,0.0997131
29.1237,4.25579,0.476443
29.1273,5.18919,0.107791
29.1228,6.20398,-0.0364299
29.0124,7.16888,-0.263656
29.0846,8.13887,-0.221113
29.2111,9.09263,-0.0668905
29.1339,10.1607,-0.214319
28.9854,11.1258,-0.400436
29.1068,12.1061,-0.580322
29.13,13.1318,-0.572784
29.013,14.1666,-0.629633
29.0953,15.1514,-0.785
28.9848,16.0936,-0.3584
28.9985,17.0842,-0.260695
29.0097,18.0526,-0.576138
29.1797,19.0091,-0.318522
29.329,19.9826,-0.230317
28.9862,20.9442,-0.0251381
29.1188,21.977,0.16972
29.1206,22.9402,-0.17029
29.1167,23.8787,0.0612781
29.0309,24.9033,0.051677
29.0151,25.9355,-0.0993194
29.176,26.9058,-0.387744
29.0626,27.9244,-0.236375
29.1885,28.9197,-0.013477
