0.0267098,0.0250496,0.0145512
1.02382,0.0255898,0.277184
2.02531,-0.0189367,0.213712
2.96431,0.0493423,-0.0115909
3.95899,0.0450453,0.0506302
4.97689,-0.00794702,0.0923002
5.96326,-0.0109073,0.210059
6.94733,-0.00542924,0.0225257
7.95167,0.0369549,-0.10672
8.97958,0.00730003,-0.115421
9.90846,0.0108829,0.28898
10.9279,-0.00611286,-0.00240181
11.9134,-0.0188635,0.171664
12.9172,-0.00834071,0.252672
13.9208,0.00709861,0.205603
14.9149,-0.0159429,0.125114
15.9243,-0.00210273,0.256542
16.9737,-0.0568224,0.242143
17.963,0.052382,-0.0480544
19.0101,0.0013245,0.0744469
0.024604,1.01336,0.0695456
1.08994,1.0405,0.0804956
2.06834,0.960283,0.01377
3.01914,1.02457,-0.31196
4.02073,1.08704,-0.0224158
5.08081,1.02526,0.125465
6.06324,0.936625,-0.0830164
7.09558,0.953429,-0.111643
8.12564,1.02762,0.0471603
9.14017,1.00801,0.180071
10.1203,1.04363,0.217032
11.1138,0.98844,0.0155522
12.1071,0.933772,-0.14319
12.8689,0.954097,0.497424
13.8426,1.01922,0.0479751
14.9327,1.00454,0.0500443
15.9304,0.958638,0.0354472
16.9834,0.963643,-0.0515366
18.0543,1.08611,0.0804682
19.0227,0.997967,-0.141136
0.0475692,2.01159,0.0375164
1.08078,2.03561,0.04326
2.09585,1.94896,0.22447
3.04012,2.05976,-0.154195
4.06447,2.15368,-0.0465499
5.0215,2.01917,-0.298914
6.06177,1.96958,-0.303278
7.12257,1.96764,-0.290658
8.16847,1.96127,-0.416974
9.13056,1.98628,-0.135966
9.98789,1.99207,0.489209
10.9684,1.97571,0.0724082
11.9678,1.96704,-0.089523
12.9481,1.92856,0.287997
13.9106,2.0769,0.0752281
14.8997,2.06782,-0.0654103
15.9334,1.98726,0.18627
17.0067,1.99425,0.0775201
18.0232,2.08479,-0.0534684
18.992,1.98317,0.0903287
0.0254952,3.04198,-0.171148
1.04631,3.01199,-0.182134
2.01728,2.92005,-0.0445235
3.01169,3.07807,0.0495743
4.02151,3.11835,0.0717826
5.01628,2.99102,-0.109638
6.05741,3.0108,-0.217002
7.07332,2.97391,-0.237553
8.07927,2.98701,-0.383297
9.08958,2.96263,-0.262368
10.0481,2.91929,0.0212531
11.0889,2.95497,-0.157942
12.0682,2.97161,0.0890103
13.0521,2.90874,0.121781
14.0987,3.03576,0.225797
15.0378,3.05418,-0.0723899
16.1044,2.99049,0.0123112
16.9908,2.9655,0.536515
17.9991,3.00366,0.311914
18.996,2.96719,-0.00899686
-0.0172887,4.03934,-0.122498
1.00565,4.00684,-0.278677
1.99924,3.93132,-0.170043
2.98742,4.11419,0.182611
4.02162,4.08905,0.368514
4.9964,4.04967,0.0916257
6.00737,3.99084,0.0296701
7.05812,3.91439,0.0940306
8.06457,3.9324,0.0309397
9.03873,3.97894,-0.100656
10.0246,3.92806,-0.263298
11.0679,3.96485,-0.284371
12.1145,3.99283,-0.0208563
13.143,3.92477,0.132987
14.1344,4.01054,-0.0230934
15.1035,4.03462,-0.249434
15.9987,4.00379,0.202612
16.9954,3.9696,0.175866
17.9967,3.96291,-0.0532365
19.0156,3.96855,-0.0172582
0.012421,5.00623,-0.205286
0.995926,5.00131,-0.361226
1.98024,4.99203,-0.277206
2.99868,5.04882,-0.101889
3.98787,5.03281,-0.0646962
4.98754,5.07594,0.175884
5.93192,4.98537,-0.0538987
6.95119,4.92261,-0.0575976
7.99703,5.01566,-0.0764916
9.03519,5.00408,-0.23401
10.0551,4.95725,-0.183444
11.0536,4.95585,-0.189819
12.0568,4.99363,0.0408765
13.087,4.91591,-0.140407
14.0725,4.96095,-0.19031
15.0515,5.0818,-0.34395
16.0892,4.91674,-0.179266
17.0169,5.01603,0.189557
18.0446,5.00241,0.0961119
18.9749,4.953,-0.26415
0.0454726,6.01702,0.0896451
1.02865,5.96363,-0.0974425
2.02624,5.99001,-0.21095
3.02252,6.06116,-0.124955
4.0085,6.02498,0.0873989
5.02875,6.0191,-0.129344
6.09166,5.98166,-0.0215796
7.06572,5.90506,-0.0283578
8.06422,6.00535,0.151701
9.07742,6.01686,0.0277017
10.1246,5.97011,-0.1644
11.1485,5.97314,-0.205637
12.1918,5.96117,-0.086874
13.1757,5.88404,-0.336613
14.179,5.9576,-0.180645
15.1868,6.09895,-0.287033
16.1322,5.89707,0.00515763
17.1482,5.95726,-0.0207648
18.078,5.95921,-0.310801
19.0188,5.93954,-0.00260018
0.0453993,7.05721,0.0279122
1.02632,6.95673,-0.101718
2.02254,6.98601,-0.0754448
3.01481,7.0658,-0.187677
4.07023,7.06608,-0.0332652
5.07869,7.01795,-0.153999
6.07347,6.99012,-0.296182
7.04356,6.90009,-0.183117
8.09695,6.95826,-0.181713
9.0784,7.06338,-0.180383
10.1065,6.99071,-0.14565
11.0742,6.97622,-0.111774
12.1,6.99218,0.0468245
13.0871,6.82842,0.0737785
14.0903,6.98876,0.00323496
15.118,7.09362,-0.00558794
16.0523,6.86373,0.38934
16.9758,6.99472,-0.0197729
17.9633,6.93737,-0.166799
18.9895,6.91073,-0.013187
0.0230018,8.04498,0.059331
1.0536,8.00073,-0.00310373
2.06521,8.05457,-0.190197
3.09893,8.13065,-0.258696
4.06055,8.02355,-0.132655
5.09569,8.07344,-0.402618
6.12408,7.99618,-0.277642
7.14429,7.92934,-0.360723
8.1303,7.95525,-0.387213
9.10192,8.0308,0.12599
10.0549,7.969,-0.158284
11.0689,7.99637,-0.272539
12.0799,7.99736,-0.0718863
13.0959,7.8301,0.251711
14.1185,7.97676,0.219611
15.0845,8.11328,0.121796
16.0333,7.83683,0.220209
17.0304,7.9735,-0.0927274
18.0079,7.91427,0.163799
18.9807,7.97096,0.0945982
-0.0287545,9.04526,-0.197333
0.935734,8.97895,0.168926
1.99485,9.00377,0.178692
2.98383,9.08982,0.170373
3.9508,9.02872,-0.0797754
4.99977,9.06099,-0.204157
5.97928,9.02078,-0.397708
7.0165,8.92773,-0.473559
8.08289,8.98134,-0.471886
9.05699,9.03218,-0.30145
10.0604,8.96716,-0.306436
11.0742,8.99033,-0.0937132
12.1027,8.97813,-0.00459609
13.1055,8.83378,0.0548875
14.0368,8.9925,0.389825
15.0346,9.12449,0.23806
16.0252,8.88492,0.291397
17.0106,8.9058,0.199985
18.0423,8.92707,0.091406
19.0374,8.96759,0.336958
-0.0227058,9.9754,0.202875
1.01218,9.97805,0.202884
2.04188,9.96039,0.0810083
3.05868,10.0293,-0.0967071
4.11169,9.97562,-0.20694
5.1419,10.0332,-0.118903
6.13093,10.0031,-0.186602
7.08189,9.92026,-0.498144
8.09345,10.0711,-0.366375
8.96256,10.0064,0.104621
10.0256,9.92897,-0.016599
11.0181,9.9832,-0.230241
12.0435,9.99449,-0.160408
13.0477,9.86306,0.0897031
14.1005,9.93676,0.0345561
15.057,10.078,-0.226698
16.009,9.8839,0.148167
16.9861,9.9664,0.419514
18.0066,9.94685,0.22176
19.0295,10.0194,0.276086
-0.0320658,10.9719,0.253917
1.00267,10.9715,0.202649
1.97746,10.9366,-0.0614338
2.97756,11.0288,-0.110526
4.00267,10.9698,-0.256606
5.06709,11.0198,-0.271596
6.1102,10.9629,-0.430488
7.04236,10.8862,-0.108203
8.10513,10.9878,0.0900296
9.12784,11.0126,0.25895
10.0603,10.9332,-0.0761254
11.05,10.9628,-0.190149
12.0303,10.9773,-0.377758
13.0422,10.8831,-0.13188
14.0629,10.967,0.0033021
15.0743,11.1079,-0.0306833
16.018,10.8723,0.160228
17.0533,10.9141,0.137465
18.0606,10.9367,-0.00536515
19.0219,10.9442,-0.125391
-0.018244,11.9372,-0.0994781
0.984893,11.9242,-0.187262
2.00019,11.9348,-0.18851
3.02246,12.0068,-0.344081
3.99122,11.9759,-0.317002
5.03811,12.0268,-0.265728
6.07608,11.9443,-0.218311
7.07008,11.8967,-0.0672475
8.10153,12.0125,0.0121372
9.08065,11.9902,0.0155248
10.0489,11.9681,-0.15078
11.0566,11.9738,-0.213413
12.0716,12.0135,-0.186761
13.0939,11.9274,-0.340825
14.0881,11.9812,-0.0547136
14.9745,11.966,0.447441
15.9565,11.8504,0.360384
16.9871,11.9247,0.256737
18.0093,11.937,-0.0804743
19.0064,11.9686,0.0747581
-0.00897244,12.9764,-0.206476
1.01214,12.9566,-0.0985595
2.04966,12.9377,-0.133479
3.04789,13.0086,-0.431724
4.04502,12.9725,-0.25551
5.08079,13.0391,-0.0918607
6.05901,12.9603,0.0720389
7.04772,12.914,-0.0600818
8.03207,13.011,0.166143
9.05467,13.0593,-0.0073336
10.0413,13.0111,0.000241096
11.0416,12.9458,0.0916593
12.0164,13.002,-0.0676595
13.0232,12.9635,-0.226643
13.9555,12.9517,0.239415
14.9665,12.9852,0.327061
15.9929,12.884,0.282684
16.9715,12.9819,0.376788
17.982,12.896,0.218925
19.0278,12.956,0.331855
0.0138096,14.0065,0.0610462
0.993197,13.9722,-0.0956481
1.99833,13.9893,-0.167458
3.04111,14.0054,-0.378115
4.02907,13.9776,-0.34344
5.06786,14.0947,-0.141868
6.06301,13.9809,-0.203342
7.0602,13.9007,0.129923
8.04504,14.0509,0.263494
9.08223,14.1095,0.226005
10.0791,14.008,0.190564
11.0833,13.9718,0.234217
12.1036,13.9137,0.350716
13.0474,13.9201,0.0549669
14.0532,13.8893,-0.118857
15.0444,14.0389,0.214032
16.0352,13.8878,0.29624
17.0165,14.0313,0.194598
17.9755,13.9229,0.35486
18.9492,13.961,0.231291
0.0194159,14.9995,-0.201508
0.965798,15,0.114167
1.94129,14.9793,-0.014423
2.95733,14.9947,-0.14883
3.9654,15.0082,-0.216547
4.97443,15.1095,-0.298215
5.97237,15.009,-0.154048
7.01189,14.9266,0.0906369
7.98756,14.9944,-0.0961058
9.0362,15.0411,-0.017423
9.99795,15.0146,0.230647
10.9951,15.0187,0.245445
12.0365,14.9349,0.333357
13.0242,14.9842,0.253374
14.0012,14.9302,-0.00615253
14.9847,15.0371,0.316962
16.059,14.9101,0.353697
17.0275,15.0001,0.555647
18.0614,14.9364,0.408396
18.999,14.9312,-0.0353862
-0.0141972,15.984,-0.0139592
0.957457,16.0469,0.0154363
1.97467,15.9943,-0.0126316
2.97707,15.9717,-0.132768
3.9619,16.0142,-0.170177
4.99129,16.0686,-0.108429
5.99296,16.0312,0.0360912
7.00211,15.9502,0.104852
8.02651,15.9617,0.113343
9.03334,16.0211,0.15547
10.0188,16.0376,0.386316
11.0013,16.0072,0.158199
12.0053,15.9477,0.150783
13.0236,15.9236,-0.116471
14.0076,15.9661,-0.0598285
15.0497,16.0429,0.0464614
16.071,15.9513,0.318622
17.0332,15.9867,0.602966
17.9607,15.9431,0.20105
18.9955,15.9087,0.222483
-0.0112583,16.9836,0.0859798
1.02433,17.1125,-0.017954
2.07819,16.9846,-0.130421
3.05111,16.9769,-0.233964
4.07249,17.0384,-0.147575
5.03555,17.0516,0.122727
6.08017,17.0699,0.110642
7.07793,16.9624,0.164415
8.08387,16.9381,0.154958
9.0801,17.0873,0.118741
10.0548,17.057,0.382009
10.9858,17.005,0.0683248
11.9981,16.9602,0.111035
13.027,16.9611,0.0039613
14.0458,16.962,0.0330546
14.9955,17.0793,0.355736
16.0459,16.9714,0.338804
17.0775,17.0311,0.573833
18.0512,17.0216,0.245415
19.0115,16.8998,0.111335
-0.0215217,18.067,0.175579
0.968596,18.1221,-0.0972869
1.99202,18.0077,-0.278878
3.02145,17.9924,-0.158953
3.98633,18.0045,0.115906
4.96865,18.0108,0.191601
5.99233,18.1014,0.0393567
6.98179,17.9801,0.0749504
8.00668,17.9747,0.133418
9.00201,18.0705,0.364235
9.92371,17.9624,0.0169713
10.9666,18.0121,-0.172665
11.9732,17.9583,0.104102
12.9354,17.9798,-0.0512253
13.9434,17.9305,-0.122236
14.9337,17.9636,-0.153899
15.8921,17.9419,0.150694
16.9113,18.0298,0.449187
17.9239,18.0092,0.191937
18.9678,17.9787,0.243184
-0.0489669,19.0645,0.291113
1.00939,19.0643,0.205844
1.97182,19.0124,-0.122437
2.96819,19.0153,0.00988189
3.95602,19.0085,0.159099
4.95271,18.9901,-0.0529862
5.94072,19.0506,-0.329408
6.86938,18.9998,0.151955
7.96543,18.9946,0.267479
8.89893,18.9991,-0.0694418
9.88812,18.9721,-0.105954
10.9131,18.9658,0.0756371
11.9123,19.0068,0.0266884
12.9356,18.9752,0.143007
13.8823,18.9549,-0.0913358
14.8875,18.9565,0.0415998
15.9223,18.9505,-0.00591144
16.9583,18.9391,0.00125736
17.9882,19.004,-0.0645497
19.0141,19.017,0.0862117
