11.8145,13.7018,-10.3874
2.04258,25.5965,2.39579
-2.21172,10.843,-9.46152
2.90534,-16.0477,2.1926
-6.79265,5.93759,-14.9994
0.937046,-26.6111,-14.2041
16.3852,-6.81581,18.2431
-7.65079,1.25392,9.50371
-8.43791,19.5725,6.66695
5.47046,19.2913,-1.1105
6.25138,11.7871,-10.4596
2.90996,15.0883,-4.2749
1.1809,5.36503,-5.04413
1.61158,-5.25243,-2.81633
-1.58643,-3.47927,-9.25533
2.62173,-13.4666,-5.52329
7.53253,-6.14774,6.02643
2.0303,4.38214,4.82629
5.37564,15.8515,-0.073278
19.6073,19.3503,-9.02796
6.34179,7.38991,-16.6467
4.33859,9.1608,-11.1629
3.06824,4.33966,-8.92059
2.28632,-0.537757,-6.20598
1.03184,-2.9965,-5.7154
2.52336,-5.78047,-2.41869
3.63253,-0.72324,2.45272
2.45819,6.51946,3.39673
2.61375,13.5853,3.30913
6.87612,18.586,0.798498
7.35299,3.10275,-24.0371
5.68969,4.91158,-17.9296
4.16578,3.53093,-13.259
2.98433,1.74402,-9.09615
1.95873,0.714734,-5.3327
1.7359,0.347823,-1.18268
1.05983,4.33008,2.48614
-0.695035,9.54374,5.11487
-2.67072,14.7254,7.71496
-5.44334,18.9406,10.635
9.03726,-0.984936,-32.5402
6.82288,1.53257,-23.9965
4.83367,2.51203,-16.8469
3.19059,3.61105,-10.8035
1.92972,4.36232,-5.45125
0.98515,5.12626,-0.609406
-0.58818,8.4303,3.44925
-3.05367,12.6738,7.21897
-7.629,16.8735,11.5327
-17.8129,19.6992,20.8278
11.4774,-5.15626,-43.2842
5.36919,0.786181,-21.116
3.47615,2.58798,-12.1727
1.99549,5.16023,-6.70663
1.26134,7.3552,-2.71737
1.5079,8.39214,0.474545
1.72031,9.96038,2.92258
1.73522,12.169,4.76213
2.00682,15.5155,2.9234
5.92573,20.5555,-6.99329
-13.2167,28.0592,9.90408
-0.547554,7.01967,0.628471
1.71397,3.31184,-3.55656
0.329594,7.37561,-1.1491
0.191357,10.6478,1.05935
2.054,11.2165,2.6358
4.2139,11.0321,3.52531
6.66296,10.536,3.66475
10.7953,8.73678,1.94821
19.4221,2.31813,0.71062
13.3153,-36.2878,23.4354
8.68444,-12.3827,10.7903
1.33609,0.492102,3.93417
-1.76535,10.3206,4.37612
-0.951302,14.6444,4.88926
2.46701,14.1348,4.93925
6.3561,12.2604,4.7033
10.5308,9.689,4.14713
15.6198,6.37296,3.6932
21.8224,0.705884,4.3481
-8.49901,5.9449,-7.84263
20.2292,-0.735655,4.29367
-6.43541,10.9947,-2.71804
-5.7521,19.8377,6.84149
-2.37891,19.9778,8.1387
1.08232,17.683,7.06302
4.78064,15.2639,5.90855
8.65397,13.0017,4.75026
12.5769,11.5239,3.41105
12.8577,15.9401,1.70354
24.317,-1.86642,3.57444
56.7492,-9.68681,15.2486
-33.3203,22.89,-12.5584
-7.70472,31.5274,15.3057
-4.26632,25.4896,11.5854
-0.715213,21.2141,9.18511
2.98161,18.01,7.35684
6.44225,15.5296,5.7543
9.67737,13.8178,4.351
11.3402,14.9724,3.06469
