18.7474,13.4823,-4.37352
-1.5899,19.1367,8.26579
-9.17918,12.1451,-14.0531
10.224,-24.8887,13.4409
-2.86043,9.16823,-17.489
-3.10125,-27.0261,-12.5139
23.3041,-15.2896,3.39685
2.32047,-5.0855,6.08559
-6.04107,11.1906,5.29996
8.35427,15.8434,3.08561
9.3619,11.1152,-4.01177
1.28242,10.9368,0.19931
-1.71553,2.26218,-4.49583
4.00277,-10.7922,2.42046
0.660564,-3.0285,-8.28715
2.34698,-14.3767,-6.87195
11.3747,-9.23776,0.165719
7.92491,1.06839,2.72337
8.71671,12.9249,3.02116
22.6728,21.0515,0.676492
5.71439,7.60589,-9.58114
2.58908,6.51052,-5.42406
2.06055,0.974047,-4.08225
2.97047,-4.70106,-1.43232
2.20787,-3.55789,-4.30135
3.64517,-6.78634,-2.71992
6.59402,-1.7346,1.3433
5.47788,6.1703,4.1132
5.11462,14.239,6.27031
8.7736,21.2831,6.95563
3.60683,4.92263,-16.6353
2.64534,4.54177,-11.5654
2.28356,2.00919,-7.78298
2.49394,-0.689047,-4.41849
2.37086,-0.254558,-2.47257
3.09907,-0.515287,0.150188
3.44432,4.23011,3.36205
1.80958,10.5133,6.36015
-0.895148,17.0841,9.50774
-4.55567,23.5008,13.1733
2.21138,2.68975,-24.643
2.01784,3.2924,-17.1929
1.85944,3.04989,-11.1922
1.86994,2.84504,-5.95319
2.18206,3.44887,-1.72124
2.46005,4.49689,2.00374
1.53086,8.82735,5.07803
-0.955464,14.1657,8.27067
-6.42753,19.4062,12.162
-17.835,27.2503,19.8246
1.20904,0.799622,-34.4613
-0.544536,3.24862,-16.6983
0.26556,4.16054,-8.57482
0.975442,5.49062,-3.21395
2.12579,6.64523,0.488531
3.50686,7.60103,3.00537
4.55728,9.94405,4.65445
4.90571,12.6591,5.75701
4.01276,12.3391,4.30213
8.07398,2.54339,-2.13377
-10.7652,20.5837,5.88603
-2.58583,5.72053,0.402545
0.59993,4.65561,-1.15567
0.760909,7.65088,1.76118
2.43119,9.36926,3.92343
5.12221,9.90876,4.67524
7.93788,10.6809,4.6352
10.8948,11.6561,3.46908
15.3043,12.0316,-0.510004
24.0486,14.4655,-9.16065
3.20156,-22.7788,26.0271
3.66687,-6.76111,11.5248
1.63119,3.8989,5.77361
0.0693869,10.3661,6.91084
2.6157,12.3011,7.56419
6.57208,11.9505,6.95151
10.9218,11.2263,5.90984
15.7635,10.1057,4.68001
21.9396,7.9463,4.41049
30.351,3.30496,7.7451
-11.9004,10.1517,-3.42372
13.0658,1.46487,1.77311
0.238743,14.108,1.17893
-1.91832,16.7352,10.5366
1.40098,15.5972,11.1586
5.51759,14.3499,9.60335
9.89619,13.2644,8.08999
14.4877,12.2275,6.67124
19.3121,11.5928,5.68689
23.3556,13.6261,4.99713
14.7574,1.13981,-0.244224
41.2746,-7.62786,3.07097
-11.3502,28.3706,-3.47642
-5.13854,21.9938,19.8443
-0.790695,18.6721,15.1473
3.57084,16.4648,12.2019
7.97039,14.8798,9.96567
12.2778,13.7523,8.19116
16.4517,13.0774,6.90405
19.9518,13.3218,5.92791
