0.1022,0.168102,-1.59938
0.00109256,1.4176,-1.55092
0.0128117,2.72171,-1.57642
0.0603198,4.02723,-1.62669
0.0825037,5.24826,-1.67717
0.1051,6.4717,-1.92978
0.165194,7.69583,-2.06316
0.185025,8.95434,-2.20318
0.199799,10.1646,-2.46093
0.376083,11.3523,-2.66044
0.597678,12.5452,-2.89191
0.724708,13.5978,-2.65522
0.388171,14.6371,-2.34619
0.281881,15.6033,-1.90662
0.0730613,16.5455,-1.51304
0.244551,17.4747,-1.19674
-0.115012,18.2118,-0.538285
0.01695,17.8417,-1.4569
0.113993,18.3286,-0.550298
-0.0456221,19.0092,0.230674
0.848216,0.96122,-1.68303
0.803366,2.14115,-1.6669
0.896423,3.29528,-1.74739
0.947862,4.5372,-1.82087
0.943614,5.76267,-1.98804
0.936351,7.02405,-2.07949
1.04198,8.22484,-2.29999
1.05124,9.4421,-2.47838
1.12856,10.6231,-2.69563
1.2922,11.8235,-2.99663
1.53955,13.0145,-3.28549
1.56365,14.1653,-3.08545
1.31716,15.0587,-2.50735
1.25383,16.0684,-2.14888
1.08581,16.775,-1.43821
1.22113,17.7645,-1.49406
0.874279,18.3082,-0.723243
1.0399,17.8389,-1.56745
1.10422,18.2981,-0.697235
1.00148,19.0282,-0.0301675
1.84316,1.22221,-1.71464
1.83235,2.40571,-1.72749
1.87475,3.62303,-1.82886
1.89074,4.8442,-1.99998
1.88983,6.07006,-2.11962
1.91734,7.31476,-2.29039
1.95398,8.59663,-2.55686
2.00754,9.84022,-2.79076
1.9717,11.0963,-3.13859
2.09498,12.416,-3.44994
2.28453,13.7879,-3.96668
2.23036,15.1174,-3.34532
2.04492,15.6033,-2.03625
2.11824,16.8421,-2.23236
1.92217,17.3694,-1.12816
2.17541,18.0017,-1.84515
1.96439,18.2279,-0.835853
2.03599,17.9695,-1.80356
2.09679,18.3878,-0.90889
2.0317,18.9556,-0.100195
2.87996,0.987796,-1.72119
2.87494,2.17514,-1.74832
2.85756,3.39654,-1.76845
2.91346,4.5542,-1.91759
2.89658,5.7328,-2.12324
2.89087,6.89593,-2.34503
2.86748,8.0719,-2.5047
2.90023,9.34331,-2.60008
2.86063,10.5397,-2.80999
2.79809,11.6882,-3.05736
2.75301,12.919,-3.29899
2.67767,14.0499,-3.04038
2.77534,14.8839,-2.38699
2.73732,15.919,-2.07901
2.65575,16.5131,-1.22425
2.97722,17.421,-1.60793
2.93904,17.8411,-0.672207
3.05621,17.8123,-1.66793
3.00728,18.0279,-0.653468
2.91379,19.0208,-0.542918
3.87047,0.648512,-1.66695
3.87186,1.80292,-1.79969
3.85585,2.98063,-1.8293
3.85347,4.12569,-1.95985
3.81044,5.28761,-2.10005
3.79393,6.41479,-2.24733
3.71801,7.59374,-2.2783
3.72702,8.75618,-2.33211
3.64857,9.90875,-2.49779
3.56785,11.0259,-2.67076
3.44601,12.124,-2.85047
3.37536,13.206,-2.7598
3.48191,14.1387,-2.35461
3.39887,14.9954,-1.81374
3.45609,15.8452,-1.25285
3.7504,16.8129,-1.29757
3.86601,17.328,-0.476846
4.02948,17.6492,-1.43675
3.93629,18.4341,-0.917853
3.86475,19.1871,-0.254021
4.8898,0.454881,-1.60758
4.87,1.57372,-1.58538
4.79641,2.69387,-1.65923
4.77445,3.81375,-1.7332
4.75705,4.90585,-1.78082
4.74512,6.00239,-1.99757
4.64754,7.12037,-2.10975
4.61621,8.23775,-2.14426
4.57428,9.36649,-2.23246
4.47251,10.4666,-2.25736
4.36796,11.5737,-2.54232
4.21868,12.5817,-2.37335
4.37723,13.5319,-2.09326
4.35681,14.512,-1.73495
4.45477,15.4386,-1.3574
4.75915,16.4296,-1.32011
4.79768,16.8555,-0.37684
4.98454,17.415,-1.13549
4.9667,18.3622,-0.846001
4.81637,19.0023,-0.079812
5.84594,0.182867,-1.31717
5.88451,1.27929,-1.40854
5.71438,2.34013,-1.39049
5.76163,3.45679,-1.45036
5.77672,4.59667,-1.62977
5.71607,5.7017,-1.6556
5.67797,6.75063,-1.84639
5.61686,7.84438,-2.05326
5.55954,8.86955,-2.02998
5.41371,9.99072,-2.0951
5.25433,11.0003,-2.17198
5.11575,12.0626,-2.03991
5.31706,13.0565,-1.92475
5.33197,14.0869,-1.62957
5.44032,14.9196,-1.09331
5.58212,15.9327,-1.03253
5.70767,16.4182,-0.157729
5.87579,17.2661,-0.620817
5.99314,18.239,-0.810883
5.8298,19,-0.200369
6.85635,0.0840541,-1.13591
6.87201,1.19832,-1.21461
6.76236,2.30232,-1.36561
6.80377,3.42748,-1.42166
6.7753,4.47501,-1.47916
6.70868,5.52541,-1.43074
6.67193,6.55665,-1.58226
6.57408,7.58914,-1.67563
6.49469,8.62822,-1.68091
6.45809,9.71924,-1.82511
6.2625,10.7223,-2.02026
6.20342,11.7367,-1.84477
6.28608,12.7071,-1.67711
6.2535,13.721,-1.65795
6.43398,14.4887,-0.992511
6.48649,15.4658,-0.961974
6.70001,16.0776,-0.215836
6.91514,17.0115,-0.572817
7.02191,18.0491,-0.659221
6.81375,18.858,-0.0123753
7.87871,0.033256,-0.927833
7.80249,1.11104,-0.875188
7.7688,2.1664,-1.05652
7.71752,3.22411,-1.13892
7.7526,4.25143,-1.32814
7.68893,5.2811,-1.36377
7.72523,6.32654,-1.4961
7.56699,7.38522,-1.46979
7.54666,8.42922,-1.49172
7.48787,9.40684,-1.70137
7.30677,10.4566,-1.7949
7.2783,11.5051,-1.68467
7.3224,12.5016,-1.54497
7.29817,13.541,-1.55744
7.42367,14.3827,-0.951497
7.54145,15.3808,-0.857247
7.71416,16.0959,-0.192444
7.93043,17.0639,-0.453984
8.05338,18.0329,-0.565007
7.8318,18.9801,-0.292251
8.93701,-0.0925779,-0.874609
8.84147,0.96436,-0.826215
8.73271,2.0052,-0.89624
8.74277,3.05612,-1.05016
8.68304,4.06083,-0.94189
8.73068,5.17604,-1.15422
8.81585,6.18309,-1.35436
8.55767,7.21052,-1.45241
8.56051,8.223,-1.53358
8.57545,9.25141,-1.64326
8.29558,10.2452,-1.52989
8.35411,11.2932,-1.56579
8.43492,12.3666,-1.5904
8.29867,13.3581,-1.47192
8.49107,14.2069,-0.914243
8.57057,15.3005,-0.816242
8.73892,16.1351,-0.170101
8.9169,17.1343,-0.361003
9.00184,18.1384,-0.277279
8.82601,19.1189,-0.325462
9.93117,-0.175927,-0.803778
9.84097,0.879727,-0.870449
9.78887,1.8817,-0.886746
9.74522,2.9446,-0.904312
9.69575,4.00488,-0.963182
9.78045,5.05932,-1.0915
9.7932,6.11523,-1.14323
9.58776,7.11056,-1.24888
9.51841,8.11506,-1.25127
9.60992,9.11938,-1.43165
9.31859,10.1339,-1.33109
9.33681,11.1706,-1.38152
9.455,12.2061,-1.29574
9.3871,13.2294,-1.26403
9.54062,14.162,-0.870296
9.63094,15.1717,-0.72259
9.71585,16.1204,-0.324534
9.89223,17.1065,-0.483383
10.015,18.087,-0.143574
9.84226,19.0832,-0.296121
10.9366,-0.100604,-0.527271
10.834,0.952992,-0.543617
10.8239,1.94965,-0.768105
10.7759,3.00531,-0.977035
10.7224,4.00921,-0.879223
10.8092,4.97624,-1.13601
10.8207,5.99747,-1.29043
10.6197,7.05503,-1.05425
10.5062,8.10734,-0.978646
10.5774,9.12413,-1.03311
10.39,10.1047,-1.16317
10.4165,11.0995,-1.24302
10.5033,12.1356,-1.23337
10.4654,13.1463,-1.10481
10.6283,14.0928,-0.841987
10.6744,15.1038,-0.655596
10.7913,16.0679,-0.385061
10.9752,17.0981,-0.366842
11.0313,18.0927,-0.231874
10.9121,19.0969,-0.348695
11.9727,0.0770318,-0.383779
11.85,1.01314,-0.646742
11.8655,2.0081,-0.768505
11.7666,3.03601,-0.702002
11.7164,4.01402,-0.817557
11.8076,5.10047,-0.904187
11.8534,6.10015,-1.07494
11.6536,7.09739,-1.03788
11.5488,8.10279,-0.918793
11.5543,9.12259,-0.819407
11.4737,10.1517,-0.940861
11.5196,11.1278,-1.08574
11.4566,12.1444,-0.996985
11.5338,13.1581,-1.01043
11.6246,14.1075,-0.739509
11.7364,15.1498,-0.488162
11.7757,16.1842,-0.500253
11.984,17.1774,-0.541246
12.0784,18.1536,-0.25895
11.9537,19.1294,-0.430464
12.9736,-0.0216041,-0.363778
12.8556,0.958354,-0.547008
12.8884,1.99197,-0.537931
12.8418,2.99265,-0.750725
12.7359,3.99755,-0.767608
12.8954,5.01548,-0.763521
12.885,6.01052,-0.973321
12.6803,6.99446,-0.954039
12.6424,8.02749,-0.795022
12.6542,9.05687,-0.853368
12.5019,10.0767,-0.843175
12.5537,11.0802,-0.883044
12.5432,12.1108,-0.960216
12.6099,13.1149,-0.920658
12.6443,14.1224,-0.665984
12.7312,15.1175,-0.599603
12.7557,16.1044,-0.360967
12.9078,17.0869,-0.184307
13.0418,18.0673,-0.0424818
12.9295,19.096,-0.147389
13.9526,-0.149937,-0.353899
13.908,0.899219,-0.373043
13.972,1.93059,-0.416398
13.8275,2.84953,-0.700244
13.7684,3.89595,-0.731388
13.9464,4.88583,-0.699966
13.8853,5.95276,-0.683731
13.7126,6.97973,-0.702377
13.6614,8.01614,-0.680923
13.6843,9.05,-0.598593
13.6165,10.0548,-0.727345
13.5695,11.0391,-0.931397
13.6007,12.0641,-0.888672
13.6647,13.1263,-1.00232
13.6763,14.1113,-0.642457
13.7924,15.1145,-0.391559
13.8318,16.1484,-0.504746
13.8934,17.1276,-0.161104
14.1287,18.1425,0.0213874
13.9624,19.1122,-0.113462
15.0248,-0.119492,-0.292715
14.9185,0.949211,-0.47524
14.9658,1.94416,-0.75081
14.8321,2.96984,-0.623521
14.8176,3.99346,-0.529417
14.9253,5.04103,-0.410178
14.8785,6.07749,-0.469942
14.7675,7.0452,-0.636052
14.7475,8.05182,-0.664846
14.7446,9.03934,-0.681872
14.6903,10.0892,-0.685842
14.6032,11.1243,-0.712311
14.64,12.13,-0.869897
14.656,13.1562,-0.861403
14.7438,14.0998,-0.552709
14.7731,15.1079,-0.388137
14.8761,16.1151,-0.372466
14.9457,17.1524,-0.245524
15.0933,18.1619,-0.290271
14.9862,19.1827,-0.0733726
16.0532,-0.149956,-0.432929
15.9968,0.918436,-0.410584
15.9894,1.92583,-0.54163
15.8618,2.96715,-0.588504
15.836,3.9006,-0.273882
15.9404,4.88985,-0.499496
15.8834,5.9943,-0.526576
15.7789,6.98319,-0.649733
15.7764,8.04129,-0.661901
15.7444,9.049,-0.449379
15.7066,10.0663,-0.650423
15.6633,11.083,-0.645863
15.7057,12.1131,-0.75851
15.7114,13.1387,-0.673568
15.7464,14.1765,-0.465221
15.8323,15.1908,-0.428938
15.9161,16.2576,-0.526655
15.9545,17.219,-0.363976
16.1038,18.1589,-0.0698263
16.0517,19.1943,-0.00158696
17.0829,-0.0998596,-0.372195
17.0604,0.886248,-0.461266
16.9851,1.92237,-0.397845
16.8746,2.93482,-0.55179
16.847,3.94166,-0.355202
16.9207,4.97944,-0.320392
16.9353,5.93786,-0.5906
16.8126,6.95716,-0.541423
16.8244,7.99488,-0.556996
16.8521,9.03128,-0.507434
16.7986,10.056,-0.588009
16.808,11.0399,-0.567785
16.8096,12.0206,-0.57083
16.8105,13.0439,-0.718635
16.7575,14.0795,-0.493405
16.8638,15.0734,-0.245042
16.975,16.0772,-0.280535
16.9401,17.0642,-0.166045
17.1149,18.0395,-0.113193
16.9904,19.0015,0.27449
18.1009,-0.182781,-0.529014
18.1135,0.836973,-0.528346
18.0122,1.89676,-0.387481
17.8763,2.91122,-0.448601
17.889,3.96003,-0.3429
17.9558,4.97881,-0.156652
17.9889,5.96257,-0.448827
17.8568,6.96734,-0.696942
17.8982,7.9873,-0.52288
17.8774,8.97077,-0.559471
17.8497,9.99748,-0.596109
17.8518,11.0554,-0.591824
17.9054,12.0395,-0.456941
17.756,13.0493,-0.459105
17.8204,14.0996,-0.41998
17.9447,15.0639,-0.197571
17.9973,16.1127,-0.287835
17.9685,17.1401,-0.329362
18.0546,17.9782,0.284967
17.9149,18.9276,0.679772
19.1354,0.0280648,-0.524723
19.1133,1.08596,-0.575179
19.0497,2.05115,-0.238148
18.9391,3.01016,-0.43744
18.8901,4.02839,-0.0887875
19.0038,5.03113,-0.328224
19.0191,5.99118,-0.586099
18.897,6.98708,-0.437397
18.9549,8.00299,-0.677593
18.9438,9.01822,-0.577541
18.9223,10.0147,-0.392059
18.9496,11.0648,-0.469054
18.9363,12.0232,-0.432719
18.8653,13.0565,-0.492074
18.8943,14.0567,-0.327491
18.9809,15.0453,-0.295953
19.0715,16.0544,-0.317667
18.9727,17.0739,-0.17448
19.0863,18.0003,0.213947
18.9233,18.9582,0.418174
