-0.166939,0.996408,-0.907794
0.014771,1.4648,-0.0520951
-0.00967132,2.46216,-0.158095
-0.0377606,3.46598,-0.0645802
-0.224799,4.45611,-0.243709
-0.0945952,5.47406,-0.171532
-0.108579,6.48333,-0.283334
-0.175829,7.49579,-0.108847
-0.0931608,8.49382,-0.178069
-0.238356,9.34222,-0.730076
-0.154515,10.3778,-0.747557
-0.0994781,11.3468,-0.419996
-0.254369,12.3459,-0.656713
-0.212162,13.3394,-0.801846
-0.188437,14.337,-1.04624
-0.126264,15.3408,-1.02611
-0.185354,16.2953,-0.535163
-0.285485,17.2515,-0.175472
-0.13585,18.2209,0.0490921
0.0594958,19.2318,0.102594
0.0410443,20.1277,-0.333271
-0.214637,21.0837,-0.0619098
-0.16256,22.0022,0.321653
-0.124574,22.9908,0.418296
-0.151622,23.8201,-0.18305
-0.193234,24.8069,0.141957
-0.0690847,25.7834,0.0682058
0.0155889,26.6754,-0.350603
-0.0853023,27.6771,-0.233647
-0.139583,28.6783,-0.433201
0.879717,1.12857,-0.909857
0.99375,1.75646,-0.0818262
0.986901,2.74429,0.0489761
0.896637,3.72338,0.0275491
0.840202,4.66655,-0.330818
0.947566,5.61998,-0.13119
0.90163,6.62965,-0.202506
0.895489,7.64205,-0.129328
0.943501,8.62742,-0.15273
0.787442,9.45951,-0.755995
0.906711,10.4988,-0.714286
0.881655,11.5127,-0.81045
0.676037,12.4804,-0.992184
0.854244,13.4755,-0.806525
0.873778,14.5174,-1.08572
0.787982,15.4713,-1.35984
0.862862,16.1349,-0.585748
0.724482,17.106,-0.190078
0.832264,18.0603,0.236238
1.03084,18.9583,-0.0927824
1.07611,19.9965,-0.226173
0.790716,20.9208,0.07416
0.831169,21.9002,0.132966
0.870421,22.8432,0.529035
0.870266,23.6793,-0.110532
0.694244,24.6277,-0.314026
0.930183,25.6161,-0.181985
1.06054,26.6511,-0.238215
0.913721,27.6126,-0.459697
0.834208,28.6264,-0.146364
1.75745,1.7004,-1.01883
1.97505,1.96159,-0.0531663
1.95956,2.98731,0.0656606
1.82334,3.9725,-0.0785638
1.83729,4.87298,-0.540556
1.98369,5.84796,-0.176424
1.91447,6.85038,-0.0672903
1.89181,7.86201,-0.0568621
1.97864,8.83616,-0.316242
1.83628,9.68189,-0.875588
1.90833,10.6837,-0.72277
1.87302,11.7159,-0.899362
1.69391,12.6633,-1.18484
1.81758,13.662,-0.793612
1.81453,14.4524,-1.39037
1.84514,15.4937,-1.36366
1.91817,16.257,-0.740965
1.74616,17.0428,-0.0572863
1.88695,18.0419,0.294485
2.02945,18.9422,-0.126237
2.07047,19.9251,-0.23014
1.68583,20.829,-0.364705
1.8268,21.6356,0.259844
1.82189,22.6377,0.226429
1.87011,23.6525,0.0481582
1.70745,24.6184,-0.242314
1.89267,25.6411,-0.374804
2.08557,26.5667,-0.113791
1.91733,27.5061,-0.47853
1.88697,28.5002,-0.240242
2.75316,2.07177,-0.894919
2.97052,2.24714,0.122144
2.91461,3.24932,0.190924
2.91833,4.21126,-0.199487
2.80188,5.20454,-0.414283
2.94768,6.10011,-0.0653829
2.92389,7.05282,-0.254317
2.86673,8.10606,-0.275674
2.96605,9.07179,-0.491049
2.80504,10.0576,-0.77908
2.81346,11.0819,-0.961089
2.86221,12.0541,-0.712378
2.72803,12.8607,-1.27682
2.82168,13.7444,-0.809717
2.79522,14.5783,-1.43716
2.8682,15.6139,-1.37717
2.93988,16.4045,-0.718925
2.7488,17.1018,0.00383312
2.95646,18.0622,0.224613
3.04704,18.9479,-0.255791
3.06188,19.9218,0.036552
2.66943,20.8245,-0.13108
2.81051,21.6153,0.478704
2.82763,22.6388,0.172829
2.9154,23.6337,-0.0150029
2.82176,24.6048,-0.273247
2.85843,25.5806,-0.574496
3.07698,26.5615,-0.297299
2.91482,27.5598,-0.570733
2.86258,28.3811,0.0922941
3.76024,2.15894,-0.85291
3.96777,2.60858,0.0225288
3.87171,3.61299,0.130958
3.94706,4.5537,-0.163555
3.755,5.4863,-0.378414
3.91784,6.43668,-0.0858364
3.90378,7.46407,-0.234648
3.82788,8.46309,-0.163118
3.99422,9.32571,-0.57893
3.76367,10.2284,-0.961919
3.84588,11.2663,-0.799106
3.87518,12.2558,-0.800882
3.7545,12.9343,-1.49853
3.88821,13.8412,-1.07565
3.79235,14.6455,-1.61105
3.86671,15.6463,-1.58648
3.95332,16.2004,-0.728715
3.78407,16.9962,-0.124006
3.81983,17.9607,-0.332405
4.11755,18.9244,-0.418265
4.06553,19.8445,-0.015952
3.71499,20.7987,-0.0186102
3.80554,21.6353,0.536613
3.83903,22.6229,0.306616
3.91469,23.524,-0.0920621
3.82841,24.4779,-0.328452
3.90342,25.509,-0.563768
4.07546,26.4803,-0.372021
4.02503,27.4426,-0.640394
3.85631,28.0775,0.0934416
4.79506,2.22374,-0.784017
4.941,2.90215,-0.0329386
4.85949,3.89362,0.226356
4.99146,4.7863,-0.247581
4.78516,5.71816,-0.516953
4.86714,6.68903,-0.260411
4.87224,7.71366,-0.322776
4.83861,8.7348,-0.181933
5.00654,9.59672,-0.653346
4.72947,10.4175,-1.25805
4.82813,11.4508,-0.935585
4.87374,12.5072,-0.927003
4.76688,13.1106,-1.74767
4.9179,13.9629,-1.20748
4.87533,14.7058,-1.87244
4.96532,15.6519,-1.56063
4.98193,16.3412,-0.804505
4.75919,16.8933,0.0324076
4.79886,17.8625,-0.249791
5.149,18.8069,-0.402762
5.13545,19.7199,0.00194403
4.78717,20.6266,-0.174789
4.81626,21.4654,0.383334
4.88968,22.4696,0.254802
4.98616,23.4699,0.0960356
4.80045,24.3719,-0.330473
4.93636,25.3506,-0.560179
5.13445,26.3054,-0.293945
5.01708,27.2807,-0.650041
4.90039,28.0659,-0.0465285
5.82709,2.46334,-0.602078
5.93397,3.07525,0.165719
5.9918,4.06018,0.331941
5.95917,5.03981,0.021189
5.79873,5.9604,-0.329463
5.86336,6.95623,-0.0835658
5.88076,7.9015,-0.406485
5.82782,8.91823,-0.570095
6.01129,9.87169,-0.730369
5.66235,10.8003,-0.985699
5.83038,11.8019,-1.11506
5.87836,12.7702,-1.01346
5.7826,13.3929,-1.85995
5.94801,14.0919,-1.1634
5.93233,14.7407,-1.95567
5.94346,15.523,-1.30463
5.96852,16.0849,-0.471526
5.79411,16.9409,0.0545518
5.86006,17.8695,-0.236186
6.14444,18.7969,-0.421317
6.24407,19.7532,-0.0974853
5.8372,20.7018,-0.169442
5.80851,21.4691,0.453075
5.91798,22.4454,0.189233
5.97807,23.4532,0.20358
5.86672,24.3945,-0.300763
5.95074,25.2982,-0.784011
6.13554,26.2454,-0.519605
5.94293,27.1737,-0.183377
5.90736,28.1137,0.0766564
6.88992,2.3948,-0.364412
6.91409,3.30773,0.190164
6.96094,4.25188,0.51008
6.97664,5.19089,0.106409
6.80742,6.11228,-0.237403
6.88544,7.09521,-0.268175
6.912,8.10167,-0.547005
6.90158,9.13108,-0.588638
6.99609,10.1339,-0.539781
6.71166,10.8943,-1.11942
6.86956,11.9066,-1.22094
6.86259,12.8824,-1.36188
6.78657,13.6488,-2.02507
6.9795,14.3376,-1.35681
6.86271,14.8087,-2.27302
6.93596,15.2289,-1.35693
6.94984,16.0467,-0.761196
6.76001,16.8346,-0.204389
6.82416,17.848,-0.0572466
7.11634,18.7743,-0.307083
7.27729,19.7252,-0.0562395
6.81757,20.5919,-0.351796
6.78295,21.4256,0.280691
6.904,22.3974,0.126362
7.05378,23.3727,0.0860744
6.88364,24.358,-0.220838
7.0481,25.2874,-0.685522
7.13363,26.2745,-0.487561
6.95461,27.1008,-0.00492569
6.96298,28.0692,0.149889
7.95427,2.50073,-0.311042
7.92526,3.40998,0.279815
7.95975,4.46102,0.393307
7.94692,5.41739,0.116251
7.79612,6.38615,-0.259685
7.88805,7.39357,-0.181976
7.88201,8.2362,-0.752602
7.94428,9.21455,-0.67058
7.98801,10.2254,-0.889868
7.69024,11.1911,-1.03397
7.8525,12.161,-1.30306
7.80413,13.203,-1.36984
7.83535,13.6334,-2.26878
8.02158,14.3458,-1.48623
7.92765,14.8019,-2.38777
7.94817,15.2021,-1.49959
7.96036,15.9471,-0.787997
7.74321,16.8519,-0.418091
7.8597,17.8046,-0.130833
8.06948,18.7192,-0.383282
8.31191,19.6553,-0.175188
7.86953,20.5655,-0.514417
7.73904,21.3845,0.0358989
7.95115,22.3821,-0.00205084
8.08603,23.376,-0.130161
7.90467,24.3537,-0.0175481
7.9992,25.1433,-0.635954
8.12695,26.1804,-0.392776
8.02965,27.0923,0.0872372
7.97723,28.0783,0.00581683
8.98604,2.75416,-0.403763
8.9102,3.55991,0.240962
8.98834,4.53193,0.386731
8.98285,5.51101,-0.0252815
8.819,6.46147,-0.296527
8.89537,7.45543,-0.28291
8.91002,8.41621,-0.559114
8.93494,9.39076,-0.961019
8.93974,10.3594,-1.18773
8.72146,11.406,-1.18631
8.92062,12.3777,-1.17961
8.83222,13.4851,-1.34211
8.85401,13.604,-2.29015
9.07623,14.2604,-1.56224
9.00224,14.7469,-2.44431
9.01583,15.1372,-1.5057
8.973,15.962,-0.943495
8.76603,16.8624,-0.616144
8.86821,17.8424,-0.244929
9.0366,18.8462,-0.299838
9.27905,19.653,0.229518
8.89116,20.4457,-0.250017
8.77103,21.4336,-0.318787
9.00745,22.3801,-0.0161657
9.05496,23.4144,0.261415
8.89961,24.3969,-0.00419324
9.01803,25.2359,-0.501288
9.16118,26.274,-0.503211
9.06084,27.2076,-0.0684744
8.96007,28.2526,0.131767
9.97418,2.76351,-0.205448
9.91808,3.63504,0.254927
10.0318,4.61616,0.419404
9.98522,5.60005,0.261025
9.92647,6.5751,-0.139705
9.95562,7.48899,-0.479489
9.93882,8.53366,-0.458937
9.92571,9.52369,-0.799283
9.95195,10.5005,-1.17383
9.76001,11.5291,-1.09776
9.90045,12.538,-1.1306
9.90293,13.4677,-1.52946
9.79105,13.9406,-2.36781
10.0905,14.1238,-1.41339
10.087,14.4769,-2.38261
10.1193,15.0581,-1.50952
10.0078,16.0301,-1.12313
9.84434,16.8303,-0.59172
9.7838,17.9114,-0.603714
10.0947,18.8577,-0.382049
10.3079,19.7117,0.123685
9.90037,20.5123,-0.255931
9.78093,21.4988,0.00343638
9.9822,22.515,0.218513
10.0976,23.5196,0.327091
9.87462,24.4842,0.0947203
10.0366,25.3436,-0.471999
10.1554,26.3173,-0.400192
10.109,27.3146,-0.169478
10.0175,28.2179,0.244469
10.9952,2.68947,-0.129328
10.9318,3.67862,0.162685
11.053,4.66143,0.156209
11.0636,5.66572,0.154878
10.9522,6.66095,-0.0264229
10.933,7.62616,-0.269723
10.9743,8.63364,-0.462712
10.9719,9.60615,-0.77127
10.9634,10.6006,-1.1852
10.8366,11.6011,-0.893381
10.9317,12.5703,-0.99809
10.9561,13.5262,-1.30043
10.8983,13.7542,-2.30776
11.0883,14.4004,-1.51045
11.0885,14.6615,-2.49901
11.1643,15.2229,-1.68146
11.0615,16.1143,-1.07805
10.8587,17.0822,-0.842982
10.8541,18.0777,-0.678469
11.0766,18.8413,-0.0614948
11.3863,19.7096,0.307611
10.8257,20.5402,0.0801691
10.8275,21.5464,0.0743889
11.0532,22.4995,0.189474
11.1438,23.5044,0.236174
10.9218,24.4288,-0.0595111
11.101,25.344,-0.402774
11.1783,26.3781,-0.370293
11.0934,27.3385,-0.235945
11.0207,28.2826,0.222456
12.0197,2.77911,-0.151933
11.9166,3.80078,-0.00650349
12.1136,4.70178,0.354796
12.0766,5.73782,0.216422
11.9744,6.78192,0.24778
11.9284,7.73738,-0.151744
11.9677,8.61735,-0.595294
12.0164,9.60014,-0.814469
11.9862,10.6045,-0.886862
11.8528,11.6462,-1.11677
12.03,12.6684,-1.0005
11.9895,13.5645,-1.4578
11.9362,13.7684,-2.41039
12.1435,14.3263,-1.55643
12.1149,14.6072,-2.50915
12.169,15.2281,-1.66383
12.0565,16.1758,-1.26914
11.9039,17.1125,-0.877569
11.8736,18.1175,-0.783831
12.0981,18.7874,-0.0488479
12.4287,19.6945,0.383523
11.9006,20.5055,0.0741081
11.8802,21.5601,0.0422773
12.0792,22.5209,0.203195
12.094,23.4691,-0.135014
11.888,24.3407,0.322163
12.0999,25.2737,-0.0267495
12.1076,26.2995,-0.0588519
12.0754,27.3011,-0.238063
12.0765,28.2967,0.158214
13.0438,2.92859,-0.229627
12.9073,3.9262,-0.0801691
13.141,4.83288,0.309793
13.0644,5.81496,0.0648518
13.0471,6.81023,0.192846
12.9762,7.80439,-0.0279061
12.9462,8.73729,-0.496945
13.0168,9.70272,-0.750606
13.0058,10.7178,-0.869768
12.9035,11.7154,-1.02604
13.0226,12.7457,-1.12008
13.0021,13.7205,-1.32996
12.9798,13.8836,-2.30581
13.1825,14.497,-1.51967
13.1517,14.6187,-2.5174
13.2082,15.3329,-1.82922
13.0265,16.2722,-1.54572
12.9271,17.1877,-1.07927
12.8624,18.1755,-0.893298
13.0688,19.0274,-0.405826
13.4069,19.7332,0.236711
12.9476,20.589,0.0524583
12.8607,21.532,-0.247615
13.1363,22.4272,0.090408
13.0808,23.4524,0.0847896
12.9016,24.4217,0.458922
13.1216,25.2999,-0.0730399
13.0928,26.2832,0.0643178
13.0762,27.1942,-0.352907
13.0975,28.1806,0.00491958
13.9999,2.95386,0.0675039
13.9493,4.01843,-0.10253
14.166,4.896,0.437873
14.1279,5.81332,0.0523179
14.0901,6.7934,0.273428
14.0305,7.75638,-0.106021
14.0006,8.67293,-0.543165
14.0777,9.65058,-0.692776
14.0835,10.6743,-0.593228
13.9523,11.5867,-1.03507
14.098,12.5952,-1.12787
14.0256,13.5935,-1.4654
13.9853,13.9678,-2.44887
14.196,14.4262,-1.54746
14.2172,14.7062,-2.50126
14.2089,15.3408,-1.69706
13.9959,16.1808,-1.28655
13.9621,17.2106,-1.17989
13.891,18.2232,-0.911917
14.0196,19.2124,-0.703446
14.4158,19.7983,0.01395
13.9803,20.6709,0.0787805
13.8191,21.6867,-0.0640553
14.0834,22.4672,0.551714
14.1673,23.3555,0.15078
13.901,24.365,0.370376
14.0957,25.3305,0.133039
14.1351,26.3314,-0.0408734
14.0229,27.3194,-0.0658895
14.1262,28.308,-0.081753
15.0424,2.9331,-0.0876553
14.921,3.88203,0.229679
15.1748,4.87845,0.321137
15.1565,5.87566,0.24658
15.0436,6.83095,-0.0528245
15.0449,7.81083,-0.249004
15.0415,8.75408,-0.59826
15.1034,9.69586,-0.854442
15.0259,10.6678,-0.762294
14.9748,11.6115,-1.09999
15.1485,12.6662,-1.2108
15.1103,13.6607,-1.43414
15.0011,13.9832,-2.3553
15.2002,14.5339,-1.55446
15.2671,14.8632,-2.51046
15.2315,15.3715,-1.64091
15.0069,16.2182,-1.18221
14.9584,17.2729,-1.41419
14.8889,18.0854,-0.815992
15.0523,19.0968,-0.654228
15.4042,19.9181,-0.225919
14.945,20.6879,0.256807
14.8235,21.6926,0.326917
15.091,22.6098,0.178384
15.1438,23.6137,0.414045
14.9363,24.5795,0.593454
15.1208,25.5082,0.244472
15.1369,26.4852,0.0661702
15.0407,27.4669,-0.0129429
15.1402,28.4523,0.106659
16.0457,2.93469,0.0805292
15.9553,3.93185,0.209363
16.1788,4.97163,0.193731
16.1452,5.96394,0.141066
16.0161,6.91366,0.159899
16.0706,7.73999,-0.421204
16.1089,8.78385,-0.633061
16.185,9.76458,-0.689483
16.0694,10.7869,-0.860161
15.975,11.7896,-1.06622
16.2253,12.7331,-1.13226
16.1483,13.7025,-1.53785
16.02,14.0154,-2.47273
16.2468,14.4782,-1.55444
16.2874,15.0809,-2.36004
16.2098,15.3451,-1.38013
15.9697,16.2078,-0.880676
15.9606,17.0786,-1.34477
15.9371,17.9656,-0.890008
16.056,18.9165,-0.52667
16.3803,19.7542,-0.0584796
15.8941,20.6628,-0.0701498
15.8614,21.6014,0.296683
16.1076,22.5591,0.239375
16.19,23.6012,0.277441
15.9037,24.5823,0.42985
16.0944,25.5396,0.140364
16.1316,26.5175,0.238847
16.011,27.4038,-0.270595
16.1672,28.3262,0.105466
17.0168,2.82182,0.364949
16.9792,3.85054,0.34554
17.2066,4.85821,0.237416
17.2222,5.90757,0.229081
17.0383,6.80269,-0.0687002
17.0781,7.67237,-0.527378
17.1259,8.68867,-0.532884
17.2012,9.69321,-0.725794
17.1411,10.7371,-0.742479
17.0646,11.7473,-0.972378
17.2309,12.7407,-1.19188
17.1164,13.6671,-1.53659
17.0456,13.896,-2.51751
17.2386,14.503,-1.73308
17.3152,15.2178,-2.52658
17.2152,15.3333,-1.51382
16.9651,16.0777,-0.89732
16.8444,17.087,-0.848286
16.9581,18.113,-0.730155
16.9983,19.0051,-0.251683
17.3294,19.7335,0.363207
16.905,20.6636,0.337776
16.8495,21.6429,0.265737
17.152,22.5969,0.303525
17.1867,23.5805,0.449406
16.9505,24.5349,0.412488
17.1046,25.5035,0.278463
17.165,26.462,-0.00404675
16.9988,27.3439,-0.461617
17.2254,28.0614,0.148463
18.0539,2.88156,0.562627
17.9729,3.91552,0.432701
18.1975,4.85839,0.130699
18.2339,5.84214,0.270904
18.0635,6.79685,-0.0641408
18.1063,7.76731,-0.433476
18.0967,8.79927,-0.346794
18.241,9.72026,-0.672204
18.1686,10.7421,-0.873721
18.0573,11.7523,-0.95371
18.2204,12.7115,-1.35874
18.145,13.6762,-1.6055
18.1079,13.8474,-2.58023
18.2619,14.4855,-1.79159
18.3054,15.1962,-2.47626
18.2093,15.2668,-1.48015
17.9622,16.2251,-1.13251
17.8262,17.2184,-1.12932
17.9924,18.176,-0.718473
18.0624,18.9837,-0.161727
18.3662,19.8642,0.223511
17.926,20.8073,0.310501
17.8729,21.7831,0.0284402
18.1162,22.7733,0.119572
18.217,23.734,0.458721
17.9148,24.7132,0.5399
18.0331,25.5365,-0.0651204
18.2013,26.5296,-0.217139
18.0559,27.4871,-0.38572
18.2107,28.2344,0.28449
19.1223,2.75508,0.504929
18.9591,3.80775,0.373986
19.2806,4.80588,0.299634
19.2212,5.79572,0.130061
19.0738,6.74697,-0.114154
19.1318,7.76103,-0.342952
19.1707,8.74908,-0.460918
19.2782,9.73851,-0.585638
19.1754,10.6779,-0.933973
19.1176,11.6936,-0.907382
19.1989,12.6755,-1.28535
19.1367,13.6849,-1.46856
19.1206,13.8447,-2.47234
19.319,14.5144,-1.76763
19.2715,15.0156,-2.66189
19.2163,15.4588,-1.72762
18.9402,16.3407,-1.35858
18.8839,17.3104,-1.14627
18.9655,18.0794,-0.455022
19.0948,19.0725,-0.379
19.3753,19.9449,0.0930021
18.9732,20.8733,0.189468
18.8738,21.7706,-0.277371
19.0995,22.5955,0.308216
19.1889,23.6089,0.360967
18.9431,24.6166,0.40463
19.0983,25.5248,0.0120548
19.2533,26.4839,-0.177108
19.0678,27.455,-0.246611
19.2403,28.382,0.210654
20.1449,2.7375,0.217212
19.9863,3.71009,0.315339
20.2731,4.5854,0.0167211
20.2437,5.61119,-0.0642933
20.1256,6.62027,-0.0728019
20.1663,7.52323,-0.483541
20.1403,8.53059,-0.426572
20.268,9.49696,-0.302164
20.1704,10.3778,-0.831257
20.1452,11.3556,-0.89982
20.1365,12.2323,-1.37094
19.9863,13.1458,-1.6776
20.174,13.8215,-2.4418
20.3818,14.4119,-1.63535
20.2832,14.9191,-2.52108
20.2101,15.3781,-1.6325
19.9595,16.3025,-1.25461
19.9389,17.2906,-0.993387
20.0048,18.1699,-0.541911
20.1148,19.2374,-0.592087
20.3986,20.0169,-0.00922575
19.8798,20.8336,-0.184198
19.8436,21.8176,-0.0819941
20.1232,22.7211,0.261837
20.0995,23.5953,0.735939
19.9328,24.449,0.261779
20.1383,25.4507,0.0121677
20.3097,26.546,-0.00688498
20.0288,27.5045,0.159603
20.2043,28.4826,0.406607
21.1652,2.54841,0.126078
20.9741,3.44211,0.546516
21.2392,4.42539,0.211737
21.2481,5.36282,-0.182998
21.0702,6.29516,0.192346
21.1642,7.13198,-0.336052
21.1347,8.17389,-0.393106
21.2234,9.18503,-0.508325
21.1797,10.1378,-0.728178
21.1598,11.1378,-0.701712
21.1406,12.0315,-1.27632
21.0323,12.9156,-1.67805
21.2525,13.7569,-2.24449
21.3877,14.6253,-1.70337
21.3619,14.9634,-2.69074
21.2463,15.2874,-1.76987
20.9613,16.1867,-1.39558
20.9597,17.1247,-0.968477
21.0179,18.091,-0.70242
21.1695,19.0441,-0.561773
21.3713,19.9663,-0.246486
20.9255,20.8711,-0.0937834
20.7963,21.8381,0.164916
21.123,22.762,0.154521
21.1214,23.6912,0.56642
20.937,24.5458,0.113758
21.0278,25.5165,0.532734
21.2771,26.4812,0.152248
21.0124,27.4255,0.294684
21.1399,28.3861,-0.0533921
22.0995,2.25277,0.419431
21.9229,3.25522,0.467919
22.201,4.13263,-0.00455641
22.2465,5.14437,-0.202933
22.0924,5.98965,0.259612
22.1746,6.93753,-0.202503
22.1389,7.96026,-0.2365
22.1803,8.88899,-0.564742
22.1514,9.90701,-0.869921
22.1793,10.8787,-0.804852
22.0968,11.8465,-1.03816
22.0727,12.7974,-1.37551
22.2708,13.5589,-2.05951
22.3435,14.4515,-1.59406
22.3457,14.5887,-2.60624
22.3148,15.2926,-1.78993
21.964,16.0989,-1.29867
22.0257,17.0862,-1.17902
22.0318,18.1035,-0.954045
22.2066,18.9962,-0.476272
22.3898,20.0059,-0.514954
21.9755,20.8626,-0.304511
21.7827,21.7753,0.0318522
22.1133,22.6757,0.208176
22.1296,23.6988,0.240822
21.9655,24.5441,-0.180789
22.0173,25.4802,0.207389
22.332,26.4523,-0.0837458
21.9916,27.3961,-0.0670492
22.143,28.3917,0.02519
23.1164,2.14315,0.581014
22.9737,3.17052,0.577508
23.1794,3.89648,-0.054912
23.2675,4.88536,-0.341227
23.1426,5.80504,0.0781884
23.1632,6.77426,-0.105069
23.1323,7.66231,-0.447041
23.1432,8.63222,-0.674844
23.1176,9.63692,-0.681362
23.1907,10.6693,-0.695608
23.1431,11.6115,-0.936363
23.0295,12.522,-1.30487
23.2684,13.2393,-1.94399
23.2105,14.0539,-1.2976
23.2895,14.482,-2.25039
23.3038,15.3166,-1.70717
22.9363,16.153,-1.23947
23.0296,17.1516,-1.17867
23.0448,18.1866,-1.26835
23.2464,18.967,-0.686767
23.3387,19.85,-0.215763
22.9671,20.8174,0.0185675
22.7976,21.7936,-0.131639
23.1069,22.7344,0.131367
23.0917,23.7043,0.312369
22.9718,24.5272,-0.273821
23.0122,25.4548,0.250084
23.2773,26.3942,0.160195
23.0273,27.3824,0.102628
23.1974,28.3508,0.116294
24.0733,1.90289,0.684829
23.944,2.90091,0.529002
24.1258,3.59983,-0.182113
24.2669,4.59237,-0.375356
24.1015,5.48362,0.0569628
24.1628,6.50684,-0.0389325
24.1385,7.4976,-0.204193
24.1532,8.40327,-0.692926
24.107,9.39058,-0.86932
24.1095,10.2896,-0.498514
24.0787,11.2697,-0.78001
24.0396,12.2213,-1.17974
24.2695,12.9223,-1.92028
24.2054,13.752,-1.33771
24.2674,14.5985,-1.87761
24.2438,15.4325,-1.33349
23.9763,16.3436,-0.984381
23.9263,17.3559,-0.796176
24.0551,18.2779,-1.21549
24.2489,18.8766,-0.436726
24.3398,19.8592,-0.540886
23.9681,20.6723,-0.115021
23.8196,21.704,-0.0805933
24.0975,22.6746,0.0152623
24.1154,23.6953,0.121708
23.9637,24.6029,-0.250401
24.0838,25.5458,0.132011
24.339,26.5542,0.0661885
24.0565,27.4874,0.0918882
24.2848,28.464,0.205811
25.0035,1.98914,1.21214
24.9425,2.67277,0.510367
25.0914,3.23681,-0.322605
25.2636,4.26501,-0.16935
25.1233,5.28737,-0.036906
25.2051,6.27849,0.0371349
25.1341,7.28801,-0.177703
25.16,8.17027,-0.622251
25.1095,9.16901,-0.835502
25.0875,10.0415,-0.33357
25.1055,10.9913,-0.62692
24.9511,12.0139,-0.83881
25.261,12.7046,-1.55563
25.1737,13.5303,-0.999878
25.0943,14.4875,-1.25278
25.2382,15.4165,-0.996005
24.9317,16.3207,-0.688907
24.9245,17.2944,-0.626722
25.1036,18.1451,-1.09339
25.2453,19.0216,-0.642875
25.3102,20.0088,-0.701675
25.0043,20.8223,-0.0683493
24.8274,21.8373,0.020484
25.1399,22.8065,0.135472
25.0951,23.8638,0.214173
24.9495,24.7536,-0.262654
25.088,25.6836,0.218552
25.2956,26.6632,0.253273
25.0251,27.603,0.0798486
25.2857,28.5773,0.198538
26.0201,1.73116,1.13899
25.9594,2.57705,0.546782
26.1433,3.10915,-0.29064
26.2799,4.12746,-0.216468
26.0966,4.99709,0.253215
26.1863,6.04142,-0.0175268
26.1708,7.02429,-0.122687
26.1907,7.99742,-0.481429
26.0686,8.89198,-0.899854
26.0826,9.7449,-0.311332
26.0726,10.6972,-0.713022
25.9417,11.7213,-0.642265
26.2152,12.3917,-1.3244
26.1958,13.3554,-0.996725
26.0744,14.3418,-1.24418
26.1891,15.264,-0.859529
25.9795,16.2286,-0.538514
25.994,17.2544,-0.407367
26.1305,18.2015,-0.803516
26.2353,19.1917,-0.905527
26.2761,20.082,-0.451146
26.0348,20.8158,0.191217
25.8665,21.7876,0.236628
26.1516,22.7159,-0.055623
26.0797,23.6732,0.103339
25.941,24.7066,0.0952086
26.1087,25.6513,0.315308
26.2926,26.6857,0.367217
26.0783,27.6556,0.0652425
26.2795,28.567,0.394711
27.0749,1.82198,1.21274
26.887,2.22412,0.303201
27.167,2.97744,-0.299869
27.2751,4.00648,-0.351885
27.0677,4.75398,0.29415
27.1404,5.84774,0.247072
27.1791,6.74166,-0.19526
27.1487,7.73048,-0.378317
27.058,8.68369,-0.736116
27.0998,9.5745,-0.274294
27.1052,10.548,-0.526859
27.0033,11.5953,-0.687335
27.2479,12.4787,-1.15799
27.2323,13.5188,-0.950472
27.1049,14.5061,-1.1751
27.1762,15.3875,-0.736488
26.963,16.3233,-0.340776
27.0591,17.3109,-0.395273
27.12,18.184,-0.910233
27.1604,19.1216,-0.58826
27.333,20.1046,-0.449471
27.0331,20.8364,0.175213
26.8879,21.8041,0.0164464
27.1937,22.7732,-0.0994476
27.1067,23.7562,-0.179669
27.0328,24.7646,0.0992462
27.0674,25.7577,0.0830012
27.2732,26.7273,-0.0771752
27.092,27.7103,0.147783
27.3064,28.6706,0.393298
28.0397,1.61758,1.15248
27.9195,1.94699,0.196075
28.1504,2.71205,-0.418601
28.1517,3.66225,0.036195
28.0761,4.59492,0.348585
28.1517,5.57547,0.220774
28.1592,6.55381,0.0996216
28.1605,7.46945,-0.379464
28.0502,8.49406,-0.553758
28.1456,9.44944,-0.343178
28.1494,10.496,-0.337815
28.0338,11.4322,-0.679925
28.2332,12.3587,-0.991122
28.2071,13.425,-1.07762
28.1045,14.3903,-0.911167
28.1789,15.3868,-0.792285
27.9762,16.2068,-0.283908
28.0696,17.2565,-0.423966
28.1721,18.1416,-0.904398
28.1672,19.1093,-0.565502
28.3328,20.1341,-0.723334
28.0391,20.7995,0.0211921
27.9183,21.7721,0.0811731
28.2386,22.6858,-0.0308237
28.1348,23.7281,-0.077279
28.0866,24.71,0.0254463
28.0412,25.6981,-0.180624
28.2568,26.6354,-0.0368358
28.0723,27.6428,-0.027192
28.2927,28.5232,0.432231
29.0657,1.42427,1.13144
28.9379,1.91275,0.195199
29.1603,2.54574,-0.619086
29.0968,3.38357,-0.254421
29.1534,4.34385,0.292425
29.1638,5.33509,0.178597
29.158,6.34519,0.138078
29.1043,7.36383,0.0109714
29.0621,8.18036,-0.485022
29.1916,9.21587,-0.334532
29.1278,10.2076,-0.266219
28.97,11.1954,-0.388992
29.1661,12.174,-0.630979
29.1656,13.172,-0.735557
29.0418,14.1785,-0.680816
29.141,15.1486,-0.631288
29.023,16.133,-0.5468
29.0982,17.0768,-0.325196
29.1353,18.0526,-0.612235
29.1694,19.0251,-0.423887
29.3138,20.0031,-0.352437
29.0421,20.7788,0.219984
29.0041,21.7961,0.114643
29.2345,22.7852,0.0131687
29.1529,23.7439,-0.19292
29.0698,24.7506,-0.179876
29.0612,25.7781,-0.157433
29.2152,26.8063,-0.308341
29.1122,27.7821,-0.0442305
29.294,28.6102,0.520997
