-0.0971496,0.674059,-0.890777
-0.00459914,1.23121,-0.044261
-0.0476333,2.22056,-0.154302
0.0020661,3.16496,-0.454357
-0.053383,4.14786,-0.266506
-0.0494369,5.14956,-0.103229
-0.0891507,6.16197,-0.197009
-0.0972686,7.21423,-0.0814295
-0.115226,8.21783,-0.0950041
-0.0896115,9.23265,-0.305908
-0.0842219,10.2489,-0.191067
-0.0849422,11.2224,0.104474
-0.0746452,12.1078,-0.362209
-0.112177,13.1508,-0.454186
-0.0314646,14.1363,-0.615455
-0.0648854,15.1299,-0.446355
-0.103766,16.1519,-0.317817
-0.189492,17.1458,-0.348726
-0.13567,18.0937,0.0823847
0.111783,19.079,0.0958708
-0.0351451,20.0353,-0.297629
-0.106748,20.9993,-0.094058
-0.148463,22.0125,0.0496567
-0.0704886,23.0167,0.0767327
-0.0853542,23.9848,0.15855
-0.117917,24.9847,0.0483352
-0.0271981,25.9695,0.351085
0.0145665,26.8765,-0.0424726
-0.0704855,27.8525,0.246883
-0.0955351,28.9078,0.249452
0.941304,0.847118,-0.722724
1.01073,1.66769,-0.045024
0.927357,2.58856,-0.405374
0.927546,3.53984,-0.203006
0.860976,4.54212,-0.473629
0.936628,5.43163,-0.0256447
0.870321,6.44011,-0.0754357
0.866518,7.44826,0.0453139
0.852568,8.41446,-0.240605
0.920096,9.41625,-0.296054
0.90304,10.4437,-0.322333
0.876916,11.4672,-0.279229
0.805841,12.2819,-0.861977
0.878765,13.29,-0.688049
1.00145,14.2711,-0.532658
0.956236,15.2878,-0.587542
0.876324,16.329,-0.60286
0.774102,17.2052,-0.099295
0.867617,18.216,-0.203522
1.10395,19.1486,0.178454
0.939952,20.0968,-0.0943632
0.90434,21.088,-0.110486
0.826225,22.0959,-0.300128
0.923362,23.0531,0.0383007
0.924027,24.069,-0.250508
0.897891,25.0195,-0.03155
0.880197,25.9884,-0.111203
1.03315,26.9488,0.0923582
0.938505,27.9288,0.161205
0.934483,28.9184,0.28077
1.96573,1.11363,-0.744716
2.02255,1.97202,-0.187896
1.94506,2.94894,-0.454344
1.95007,3.91919,-0.174087
1.81352,4.8614,-0.615506
1.9209,5.7636,-0.110056
1.86316,6.74089,-0.28359
1.85495,7.74126,-0.120603
1.82834,8.73762,-0.450444
1.91904,9.74633,-0.199399
1.89252,10.7338,-0.268612
1.85836,11.74,-0.389843
1.84519,12.5437,-0.970623
1.88301,13.4943,-0.652486
1.92091,14.4722,-0.959859
1.9581,15.4998,-0.945433
1.89699,16.51,-0.759932
1.72882,17.3689,-0.27253
1.7996,18.3021,0.1082
2.20403,19.2064,0.137724
1.98665,20.1645,-0.142546
1.90877,21.1489,0.0212714
1.77149,22.1716,0.00665609
1.9153,23.1367,-0.0202795
1.97925,24.0296,-0.46343
1.89935,25.057,-0.334867
1.80517,26.0337,-0.534834
2.06219,26.8251,-0.00298776
2.02056,27.8278,0.0524857
1.91644,28.7676,0.432279
2.91479,1.45564,-0.707517
3.09397,2.21707,-0.117307
2.8973,3.2168,-0.0829829
2.95896,4.19723,-0.300107
2.83233,5.12189,-0.626878
2.86016,6.09731,-0.344066
2.83922,7.09232,-0.249184
2.78108,8.07495,-0.419538
2.83665,9.04626,-0.688476
2.95527,9.97663,-0.243071
2.91659,10.9407,-0.39805
2.91788,11.9412,-0.608676
2.84193,12.6358,-1.32828
2.93381,13.5148,-0.823304
2.95209,14.4905,-1.07873
2.95063,15.5414,-1.07599
2.8693,16.5693,-0.903537
2.7505,17.264,-0.121339
2.77255,18.2422,0.0845119
3.24078,19.144,0.0946806
2.96953,20.0828,0.0482894
2.82634,21.0022,-0.42165
2.78963,21.9885,-0.0435133
2.89122,22.9582,0.0581591
2.96979,23.8894,-0.352489
2.89545,24.8798,-0.172076
2.85327,25.9117,-0.270211
3.08805,26.8522,0.104373
3.0087,27.8882,0.163726
2.98055,28.8623,0.369857
3.84505,1.89675,-0.681536
4.06366,2.44596,0.0482681
3.97077,3.37664,-0.326112
3.94976,4.34949,-0.573232
3.79817,5.36307,-0.750853
3.90817,6.31289,-0.452608
3.86611,7.29612,-0.483258
3.73571,8.28018,-0.708411
3.84802,9.27228,-0.65782
3.95475,10.2348,-0.438536
3.85658,11.2291,-0.699677
3.89116,12.183,-0.933058
3.80072,13.0153,-1.50067
3.97475,13.7597,-0.881097
3.93577,14.4954,-1.55759
3.99239,15.4723,-1.36838
3.8991,16.3599,-0.875878
3.78928,17.2213,-0.397055
3.81595,18.1401,0.0806818
4.22499,19.0122,-0.194775
3.99846,20.01,-0.147374
3.83844,21.0312,-0.335694
3.86474,21.9765,-0.0148869
3.9323,22.9518,-0.158003
4.00643,23.9155,-0.333634
3.8949,24.8604,-0.0410016
3.88291,25.8518,-0.268606
4.07147,26.8862,0.0448897
4.0384,27.8516,0.0405896
4.01622,28.7948,0.498581
4.91003,1.97905,-0.714084
5.05571,2.68598,-0.0324473
4.95329,3.63771,-0.441267
4.96462,4.64147,-0.511109
4.80869,5.59777,-0.752574
4.86063,6.61354,-0.647932
4.85174,7.638,-0.759563
4.66987,8.61038,-0.825321
4.85786,9.55775,-0.78413
4.9298,10.5532,-0.629548
4.81209,11.5335,-0.788415
4.88809,12.5517,-0.888687
4.80056,13.0275,-1.74608
4.94405,13.8132,-1.08364
4.98656,14.5773,-1.73245
5.02437,15.5339,-1.38824
4.92702,16.3679,-0.758245
4.83051,17.2932,-0.39566
4.8307,18.169,0.158281
5.25193,19.0732,0.0686087
5.01644,20.0528,-0.088934
4.86485,21.0638,-0.269488
4.86735,21.9664,0.187701
4.96341,22.9054,-0.173357
4.97692,23.8998,-0.398016
4.8207,24.9203,-0.36455
4.90437,25.9674,-0.218531
5.12896,26.9085,0.0596057
4.99286,27.851,-0.339122
5.02012,28.7517,0.266237
5.88892,2.43945,-0.791687
6.04849,2.93061,0.032783
5.98431,3.91989,-0.238893
5.93601,4.89086,-0.558043
5.76658,5.85775,-0.807917
5.86891,6.87145,-0.783029
5.86684,7.88477,-0.723673
5.6979,8.85312,-0.986712
5.86116,9.8521,-0.84181
5.88267,10.8389,-0.555028
5.79427,11.8443,-0.836259
5.8855,12.8922,-0.971657
5.75661,13.2714,-1.89124
5.98103,13.8452,-1.06995
6.01886,14.4916,-1.80873
6.02681,15.4507,-1.51231
5.9375,16.3511,-0.95808
5.86301,17.2245,-0.38876
5.77868,18.2509,-0.23878
6.26484,19.0833,0.00395825
6.04724,20.0955,-0.0585925
5.86006,21.1059,-0.0871364
5.87411,22.1108,0.121131
5.90916,23.1424,0.237129
5.96088,23.7566,-0.574621
5.83791,24.7449,-0.437913
5.93654,25.7082,-0.201703
6.10755,26.706,-0.0908658
5.98037,27.6958,-0.0545885
6.04307,28.7322,0.194879
6.88908,2.40463,-0.771764
7.06637,3.12832,-0.0712973
7.02565,4.12718,-0.432618
6.96894,5.11633,-0.426807
6.80932,6.10002,-0.76577
6.83896,7.13428,-0.796243
6.83698,8.17707,-0.896826
6.73677,9.21526,-0.908173
6.7532,10.2392,-0.781027
6.8328,11.2315,-0.710642
6.72779,12.2468,-0.715116
6.89542,13.123,-1.08993
6.77543,13.5475,-2.04971
6.97992,14.0368,-1.23537
7.01657,14.5825,-2.10367
6.98646,15.5418,-1.80131
6.92302,16.2793,-1.12904
6.85364,17.2139,-0.642271
6.81002,18.1815,-0.350572
7.2852,18.9843,0.165007
7.04444,19.8336,-0.354131
6.8697,20.8482,-0.0613086
6.85134,21.8798,-0.160195
6.96655,22.852,0.0811274
7.0105,23.655,-0.538865
6.78554,24.5743,-0.192721
6.95544,25.562,-0.116233
7.09339,26.5515,-0.135905
6.98782,27.5913,0.0649434
7.0571,28.6028,0.351552
7.92591,2.56615,-0.509
8.04072,3.50012,-0.194961
8.00685,4.44757,-0.530519
7.94674,5.45132,-0.717676
7.79328,6.41952,-0.692206
7.86897,7.43375,-0.680798
7.87189,8.39537,-1.00548
7.77001,9.37007,-0.897708
7.79318,10.4001,-0.726295
7.85569,11.4532,-0.935932
7.75457,12.427,-0.806833
7.8569,13.4079,-1.11847
7.79329,13.6822,-2.11811
7.95838,14.2107,-1.30235
8.05141,14.5537,-2.25435
7.99166,15.4765,-1.77833
7.89908,16.0833,-0.949309
7.85701,16.9967,-0.543693
7.83738,17.9899,-0.39082
8.25164,18.9047,-0.250121
8.08058,19.92,-0.357817
7.84733,20.8851,-0.287671
7.91185,21.8977,-0.16281
7.99987,22.8565,0.0917753
8.04232,23.7165,-0.473336
7.80503,24.639,-0.195395
7.95722,25.6185,-0.230717
8.13201,26.6489,-0.231297
7.95967,27.4325,0.387652
8.0368,28.4917,0.269604
8.93538,2.6558,-0.340431
8.95592,3.63786,-0.576119
9.02961,4.64236,-0.602795
8.98339,5.65033,-0.816758
8.847,6.66436,-0.785775
8.94878,7.64111,-0.8266
8.87653,8.59402,-1.10897
8.7535,9.61585,-1.15299
8.77527,10.5885,-0.929746
8.83656,11.6213,-1.19928
8.67695,12.5781,-1.19248
8.88871,13.6378,-1.1852
8.82216,13.8607,-2.21157
8.95828,14.5054,-1.4452
9.08247,14.5603,-2.45911
8.97056,15.2484,-1.73742
8.96556,16.0431,-1.0842
8.91319,16.8647,-0.540587
8.86506,17.8015,-0.259709
9.19705,18.7224,-0.379559
9.0449,19.7397,-0.555654
8.89509,20.7652,-0.492013
8.94244,21.7563,-0.19375
9.01005,22.7548,-0.0386853
9.04115,23.701,-0.313788
8.86666,24.6848,-0.164843
8.97021,25.6402,-0.436305
9.15594,26.5985,-0.22403
8.81672,27.5512,-0.133537
9.05426,28.4789,0.143278
9.95842,2.84068,-0.37344
10.0042,3.849,-0.391794
10.0277,4.83113,-0.426991
10.0332,5.80925,-0.758846
9.83589,6.77992,-0.630943
10.016,7.77481,-0.746312
9.89646,8.70605,-1.09882
9.83149,9.67955,-1.13356
9.76887,10.715,-1.09286
9.95666,11.6969,-1.33319
9.65748,12.7351,-1.24662
9.91751,13.7159,-1.31607
9.85446,13.7375,-2.35447
9.92969,14.6127,-1.69094
10.1072,14.5851,-2.63994
9.96193,15.1762,-1.84491
9.94627,16.0433,-1.34766
9.92181,16.7894,-0.701877
9.82554,17.8166,-0.539171
10.2127,18.7678,-0.338786
10.0603,19.7822,-0.481808
9.85549,20.7269,-0.196329
9.97969,21.7155,0.0662862
10.0371,22.7241,-0.0823878
10.0407,23.725,-0.381143
9.8138,24.708,-0.504233
10.0019,25.6954,-0.452
10.1615,26.6455,0.0112064
9.81556,27.6092,-0.0102847
10.0117,28.6317,-0.0460372
10.9561,3.02903,-0.281762
11.0257,4.00878,-0.387432
10.9897,5.01522,-0.370452
11.0538,5.91263,-0.774438
10.8492,6.85302,-0.42765
11.0176,7.84386,-0.696509
10.9275,8.79641,-0.936033
10.8405,9.74998,-1.16338
10.7976,10.7493,-1.12173
10.9624,11.6471,-1.57895
10.6432,12.5534,-1.32885
10.8896,13.504,-1.73578
10.8087,13.9312,-2.66699
10.9268,14.438,-1.79947
11.1105,14.5007,-2.7666
11.0342,15.1983,-1.95098
11.0416,15.9781,-1.35091
10.9308,16.8689,-0.89779
10.8235,17.8328,-0.769292
11.1728,18.7994,-0.6717
11.1332,19.7367,-0.475134
10.8833,20.6505,-0.147856
10.9906,21.653,-0.0276955
11.0915,22.6359,-0.0303293
11.0178,23.5791,-0.263347
10.8872,24.5956,-0.423783
11.017,25.5941,-0.206342
11.1271,26.5997,-0.286886
10.8185,27.5426,-0.154811
10.9981,28.5504,-0.242311
12.0134,3.13759,-0.286962
12.0505,4.12972,-0.577606
12.0166,5.06816,-0.245402
12.0402,5.95392,-0.674941
11.8275,6.9177,-0.716483
12.064,7.87469,-0.766173
11.9522,8.87119,-1.0195
11.9088,9.8741,-1.02449
11.8448,10.8683,-0.897256
11.9427,11.7627,-1.33536
11.7114,12.7133,-1.28991
11.9561,13.4685,-1.87918
11.8273,14.095,-2.74272
11.9357,14.3608,-1.7898
12.0832,14.5093,-2.73773
12.0555,15.0635,-1.91912
12.0599,15.9107,-1.41065
11.9378,16.9235,-1.16798
11.8246,17.8824,-0.930625
12.2045,18.823,-0.70369
12.2025,19.7722,-0.438939
11.9404,20.7185,-0.253114
11.9911,21.6754,-0.0916044
12.1347,22.7134,-0.16766
11.9929,23.6873,-0.0434553
11.9152,24.6678,-0.158782
11.9946,25.6065,-0.540376
12.1329,26.5099,-0.123444
11.8611,27.5028,-0.0801355
12.0523,28.4856,-0.155162
12.9642,3.15769,-0.569161
13.0585,4.12241,-0.297699
13.0803,5.10753,-0.12945
13.0779,5.98777,-0.596048
12.9115,6.9718,-0.578915
13.0502,7.85868,-1.04355
12.9961,8.8655,-1.16378
12.9256,9.84612,-1.06496
12.8637,10.7866,-0.695651
12.9155,11.7152,-1.07729
12.7589,12.6864,-1.4506
12.981,13.6614,-1.79044
12.8697,13.7925,-2.77936
12.8967,14.4659,-1.97935
13.0957,14.7297,-2.91651
13.0574,15.3266,-2.09243
13.0389,16.1837,-1.56543
12.9331,17.1272,-1.08141
12.7895,18.1073,-1.14949
13.1544,18.7964,-0.408109
13.2088,19.7893,-0.23874
12.9595,20.7637,-0.349886
13.0281,21.6778,0.0597064
13.1788,22.705,0.039787
13.0222,23.756,0.140983
12.9882,24.7715,-0.140123
13.0076,25.6901,-0.522816
13.1299,26.5148,0.0228462
12.93,27.4763,-0.1099
13.1212,28.4294,-0.133183
13.996,3.31905,-0.512049
14.0743,4.20615,-0.117582
14.1587,5.2034,-0.0252846
14.1644,6.07423,-0.517057
13.9227,7.06038,-0.357381
14.0237,7.90902,-0.852995
13.9707,8.93749,-0.910776
13.9396,9.94066,-1.01601
13.9272,10.9452,-0.937223
13.9213,11.8902,-1.2158
13.8706,12.8842,-1.43648
14.0107,13.8371,-1.70428
13.9532,13.8378,-2.69152
13.9234,14.6212,-2.00639
14.1125,14.9686,-2.95508
14.0355,15.3938,-2.08101
14.0471,16.3034,-1.71232
13.9866,17.0527,-1.06167
13.7423,18.0395,-0.844865
14.1094,18.9969,-0.710553
14.2618,19.9424,-0.361534
13.9633,20.868,-0.19881
14.0136,21.7527,0.264205
14.168,22.7202,0.144127
14.048,23.7114,0.115168
14.0104,24.672,-0.234239
14.0111,25.71,-0.279894
14.1572,26.7267,-0.141008
13.9154,27.6989,-0.156114
14.1485,28.6599,-0.00685751
15.0324,3.1509,-0.297949
15.1064,4.08937,0.0747856
15.1237,5.09369,-0.187359
15.1222,5.93085,-0.752709
14.9729,6.90223,-0.493237
15.0467,7.87887,-0.885012
15.0043,8.92655,-0.924876
14.9215,9.93576,-1.14213
14.9612,10.9711,-1.01769
14.9939,11.8983,-1.41125
14.9208,12.9008,-1.4376
15.0306,13.8568,-1.67154
15.0122,14.1007,-2.69165
14.9649,14.7522,-1.91512
15.1583,14.9566,-2.93921
15.0117,15.5461,-2.15458
15.0604,16.2321,-1.42726
15.0131,17.114,-0.886282
14.8094,18.0766,-0.79808
15.1126,19.0374,-0.690445
15.2917,19.9915,-0.587765
14.9916,20.9295,-0.424332
15.057,21.7714,0.093054
15.2441,22.8093,0.206641
15.0443,23.7854,0.0892056
15.0321,24.7078,-0.294928
14.9997,25.7449,-0.108448
15.1767,26.7261,0.0824091
14.9047,27.6722,-0.15432
15.2014,28.5988,0.126249
16.0415,3.17426,-0.250404
16.1052,4.13324,-0.0151128
16.1326,5.03463,-0.496603
16.1596,6.03621,-0.727427
15.9789,7.05137,-0.480471
16.0219,8.04585,-0.685324
16.116,9.0302,-0.897003
15.9171,10.0212,-1.00699
15.9856,11.0426,-1.19004
16.0792,12.0109,-1.53162
15.9312,12.9112,-1.17586
16.0997,13.7166,-1.73531
16.0391,14.2061,-2.64431
15.9696,14.6412,-1.75791
16.1627,14.7902,-2.73545
16.0331,15.3796,-1.89422
16.1068,16.3291,-1.71155
15.9668,17.2444,-1.27194
15.8717,18.1937,-0.872951
16.1601,19.1855,-0.692291
16.2929,20.1467,-0.359557
15.9936,21.1198,-0.612821
16.1288,21.7797,0.139686
16.2501,22.8032,0.30716
16.0394,23.8322,0.122773
16.0308,24.8236,-0.009888
16.01,25.8237,-0.112165
16.1394,26.8042,-0.345497
15.941,27.7568,-0.141014
16.1356,28.6648,0.283959
17.0189,3.27648,0.045848
17.0968,4.27776,0.163408
17.1649,5.06955,-0.411069
17.1808,6.09871,-0.551283
17.0764,7.11653,-0.431819
17.0292,8.12084,-0.55594
17.1289,9.14989,-0.834349
16.9271,10.1288,-1.18138
17.0662,11.1149,-1.06742
17.129,12.0078,-1.49373
16.97,12.9986,-1.23556
17.215,13.7852,-1.74338
17.1328,14.2594,-2.65223
16.9823,14.6093,-1.75344
17.1243,14.9874,-2.65764
17.0236,15.439,-1.75316
17.1039,16.4275,-1.73643
16.9885,17.26,-1.14941
16.8929,18.198,-0.779125
17.1062,19.1411,-0.360863
17.2866,20.1348,-0.420716
17.0206,21.0974,-0.52324
17.0859,22.09,-0.0573351
17.2313,22.991,0.451259
17.0469,23.9565,0.213465
16.9924,24.9653,0.135978
16.9903,25.9681,-0.137019
17.1215,26.8504,-0.609317
16.9232,27.6965,-0.0961028
17.0944,28.7185,-0.149873
17.9851,3.08262,-0.0893796
18.0721,4.07418,-0.0435865
18.1723,5.07142,-0.284695
18.2174,6.05966,-0.449983
18.0717,7.03906,-0.279864
18.054,8.01422,-0.454515
18.1879,8.98011,-0.828837
17.9703,9.91414,-1.09329
18.0573,10.9099,-1.16654
18.1103,11.9075,-1.22518
18.0028,12.9217,-1.17281
18.2007,13.8416,-1.62331
18.1394,14.3176,-2.53059
17.9999,14.678,-1.61791
18.1032,14.8793,-2.58652
18.0423,15.5297,-1.79213
18.1048,16.4994,-1.61663
17.9727,17.4001,-1.1164
17.9613,18.2978,-0.638679
18.1143,19.3013,-0.479598
18.2804,20.2637,-0.282522
18.0684,21.2109,-0.676867
18.1112,21.9738,0.0224067
18.255,22.9423,0.07575
18.105,23.9508,0.207901
17.9619,24.8925,-0.124216
18.0502,25.9364,-0.306314
18.1183,26.899,-0.566018
17.9223,27.6593,0.0754662
18.0957,28.6993,-0.112149
19.008,2.97204,0.0317789
19.0943,3.96233,-0.110752
19.2309,4.92188,-0.168374
19.1904,5.89417,-0.461562
19.1037,6.91769,-0.511524
19.0824,7.89488,-0.386557
19.2028,8.79482,-0.859603
19.0043,9.73909,-1.14111
19.1229,10.6971,-0.946974
19.0727,11.734,-0.842344
19.0524,12.6935,-1.27778
19.1949,13.6608,-1.40183
19.1528,14.0007,-2.37205
19.1086,14.5321,-1.51724
19.0867,14.6759,-2.51886
19.0078,15.4137,-1.8024
19.0464,16.3891,-1.94919
18.981,17.25,-1.38437
18.9454,18.1367,-0.866073
19.1245,19.0986,-0.553829
19.2952,20.0953,-0.567336
19.0783,21.0828,-0.543214
19.1701,21.9488,-0.0579913
19.1761,22.8837,-0.393942
19.0581,23.8464,-0.0921171
18.9799,24.8717,0.00655232
19.0636,25.8665,-0.0798425
19.0731,26.8202,-0.291614
18.9444,27.7069,0.111969
19.1279,28.6799,0.060564
19.9948,2.76438,0.397827
20.0418,3.67237,-0.0147588
20.2488,4.69127,-0.108325
20.1762,5.67226,-0.343416
20.1175,6.65497,-0.392196
20.0731,7.63898,-0.570711
20.2816,8.60161,-0.826353
20.0095,9.54622,-0.939967
20.1422,10.581,-0.781515
20.1009,11.596,-0.808692
20.0721,12.5734,-1.07121
20.1528,13.5969,-1.06955
20.0942,13.7822,-2.07154
20.093,14.4213,-1.28507
20.0211,14.8277,-2.21895
20.0137,15.5507,-1.52784
20.0595,16.4357,-2.00628
19.9446,17.0536,-1.14989
19.969,18.0292,-0.889953
20.1132,19.0513,-0.838722
20.2708,19.8892,-0.274056
20.0568,20.8732,-0.312345
20.1618,21.815,0.0935118
20.087,22.8238,0.0859096
20.0807,23.8438,0.00639363
20.0488,24.8432,-0.0413312
20.0089,25.7344,-0.462151
20.0722,26.7692,-0.407718
19.9346,27.6264,0.218857
20.1611,28.6073,0.140986
20.9977,2.5457,0.435707
21.0707,3.46612,0.0667867
21.1833,4.46623,0.148701
21.1217,5.47997,0.0266762
21.1679,6.45271,-0.331394
21.0862,7.45809,-0.422501
21.322,8.39352,-0.731242
21.0219,9.31114,-0.908484
21.1432,10.3492,-0.999005
21.1267,11.3098,-0.747172
21.022,12.3199,-0.866546
21.1009,13.3787,-0.782501
21.0514,13.602,-1.74518
21.1026,14.3816,-1.1318
21.0656,14.6792,-2.08232
21.0644,15.5027,-1.42357
21.0475,16.3206,-2.01398
20.9735,17.0063,-1.22492
20.9807,17.9709,-0.958101
21.0998,18.9728,-0.856877
21.1997,19.9579,-0.625788
21.1377,20.8896,-0.266897
21.1956,21.8521,0.0527818
21.1299,22.8831,0.173058
21.1187,23.8582,0.0612293
21.0614,24.8653,-0.182275
21.026,25.801,-0.589367
21.0943,26.6975,-0.198303
20.9679,27.644,0.0512253
21.1589,28.5966,0.208222
21.9847,2.3488,0.450529
22.0591,3.30694,0.0622272
22.1254,4.29946,-0.167464
22.1242,5.30521,-0.0286905
22.1732,6.2307,-0.305533
22.0986,7.2443,-0.42689
22.2999,8.26082,-0.463405
22.0044,9.2018,-0.616379
22.1614,10.1145,-0.99404
22.0854,10.9817,-0.560039
21.997,12.0124,-0.707038
22.0527,13.0212,-0.604514
22.0035,13.2342,-1.5834
22.0898,14.0948,-0.958431
22.0468,14.4958,-1.84444
22.0675,15.3574,-1.28745
22.065,16.1701,-1.89305
21.9774,17.1455,-1.47343
22.0435,18.0362,-1.00722
22.1412,19.0411,-0.832612
22.1876,20.0843,-0.7065
22.1342,20.9741,-0.163054
22.2629,21.9588,-0.027308
22.1007,22.9363,-0.0917051
22.0569,23.9245,-0.268987
22.1052,24.902,-0.043965
22.0541,25.7227,-0.654381
22.1155,26.6913,-0.268084
21.9647,27.6464,-0.0600299
22.1433,28.566,0.406967
23.0159,2.07535,0.49595
23.0174,3.00755,0.175484
23.1214,3.99402,0.0994232
23.1259,5.03465,0.0037965
23.1151,6.03233,0.00454421
23.0781,7.02398,-0.283303
23.2896,8.00548,-0.498553
22.9674,8.94497,-0.276131
23.1119,9.82598,-0.75844
23.0173,10.6873,-0.303229
22.9882,11.6494,-0.558089
23.0144,12.6407,-0.390289
23.0033,13.0112,-1.36261
23.0643,13.934,-0.953548
23.013,14.707,-1.54398
23.0615,15.6833,-1.20625
23.0262,16.3767,-1.88616
23.0283,17.2461,-1.42379
23.0132,18.2359,-1.27561
23.1674,19.0652,-0.733857
23.1539,20.0734,-0.537788
23.1454,21.0716,-0.328565
23.3259,21.977,0.106928
23.1296,22.8517,-0.307828
23.0635,23.8477,-0.0570086
23.0726,24.8856,-0.289862
23.0621,25.8565,-0.703845
23.1464,26.7695,-0.313688
22.974,27.7426,-0.214841
23.1499,28.4921,0.421717
24.0906,2.06019,0.568755
23.9833,2.81331,-0.160079
24.1398,3.7339,0.193097
24.1767,4.79793,0.00166936
24.1248,5.7643,-0.142964
24.0804,6.79326,-0.082284
24.3139,7.73041,-0.565627
23.9666,8.60687,-0.233094
24.0485,9.53892,-0.688736
24.0308,10.4465,-0.212949
23.9648,11.4381,-0.597262
24.009,12.3718,-0.232606
24.004,12.9097,-1.10516
24.093,13.8874,-0.742784
24.0621,14.7034,-1.45593
24.0485,15.5554,-0.933332
24.002,16.3665,-1.53026
23.9439,17.1639,-0.917167
24.029,18.1092,-1.19626
24.1949,18.9862,-0.773217
24.1422,19.9635,-0.511066
24.1148,20.871,-0.0860744
24.3092,21.8848,-0.0739219
24.0712,22.8539,0.139534
24.0471,23.9141,0.319373
24.0486,24.6673,-0.370864
24.0383,25.6797,-0.445109
24.0617,26.667,-0.693701
23.9774,27.69,-0.437059
24.1837,28.4265,0.255681
25.0779,2.01152,0.894623
24.9393,2.4718,-0.000805689
25.1614,3.39346,0.313785
25.1609,4.36038,0.00614338
25.0782,5.37592,0.035139
25.046,6.39097,-0.0884304
25.2299,7.37874,-0.352995
24.9708,8.3072,-0.0386181
25.0744,9.29129,-0.384597
25.0784,10.2533,-0.0670125
24.9576,11.1548,-0.497098
24.9933,12.1194,-0.161953
25.0206,12.7077,-1.00961
25.0953,13.6807,-0.681451
25.0027,14.4768,-1.31139
25.0737,15.2922,-0.716129
24.9572,16.1804,-1.14789
24.9814,17.1509,-0.836131
25.0316,18.1089,-1.01822
25.1586,18.9401,-0.465407
25.1754,19.9805,-0.303537
25.0845,20.9487,-0.366439
25.3728,21.7799,0.145491
25.0382,22.6895,-0.031138
25.0941,23.677,0.214164
24.9872,24.6766,0.0782586
25.0311,25.62,-0.356835
25.1171,26.5918,-0.625184
25.0193,27.5097,-0.228755
25.1875,28.3761,0.234858
26.1063,1.84069,0.924552
25.9073,2.1529,0.00123295
26.1559,3.14463,0.188476
26.1634,4.13476,-0.012421
26.1071,5.13733,0.145451
26.0137,6.08726,-0.0765221
26.2013,7.06667,-0.421805
25.9216,8.03074,-0.412091
26.0527,9.05481,-0.388305
26.1438,10.0197,-0.117621
26.0137,10.9563,-0.591919
26.0032,11.8709,-0.134028
26.0828,12.5506,-0.84594
26.0884,13.5352,-0.543522
25.9719,14.409,-0.968728
26.1364,15.3633,-0.671786
25.9756,16.2813,-1.07659
26.0494,17.2024,-0.79541
25.959,18.2048,-0.562795
26.0145,19.067,0.0155278
26.1823,19.9675,-0.418638
25.9688,20.8358,0.0756737
26.3264,21.7488,-0.189483
26.0423,22.736,-0.0216559
26.1754,23.7463,0.17156
26.0169,24.7464,-0.090466
26.0312,25.7599,-0.105127
26.1626,26.6999,-0.417786
26.0118,27.5562,0.0408948
26.2564,28.5183,0.370849
27.0753,1.64317,1.13684
26.8976,1.7307,0.12627
27.1167,2.77537,0.0535081
27.1108,3.84536,0.13318
27.1101,4.8451,0.187667
27.0423,5.8335,-0.0989837
27.1975,6.78529,-0.334843
27.0427,7.79268,-0.379226
27.0637,8.80769,-0.191372
27.2,9.80725,-0.336152
27.0816,10.7741,-0.571728
26.9856,11.5351,0.0521928
27.0708,12.3738,-0.570495
27.1228,13.3992,-0.748344
26.9513,14.4312,-0.669387
27.1576,15.4431,-0.390585
27.0016,16.3429,-0.850887
27.0496,17.3039,-0.49216
26.9736,18.3453,-0.510523
27.0596,19.1634,0.0204382
27.1645,20.1386,-0.254814
26.9277,21.0113,0.236335
27.12,21.9726,0.367714
27.0261,22.9151,-0.0199286
27.1772,23.8661,0.097116
27.0746,24.8454,0.0823634
27.0151,25.8027,0.145741
27.165,26.6566,-0.372515
27.0405,27.6553,-0.136067
27.1629,28.7112,-0.0278481
28.0718,1.50055,1.1697
27.9189,1.60417,0.176287
28.093,2.54595,-0.166747
28.1219,3.54242,0.0386364
28.0871,4.52176,0.268303
28.044,5.51252,0.100867
28.1354,6.50489,0.0141972
28.0161,7.45293,-0.277892
28.0129,8.40423,-0.114051
28.1574,9.40984,-0.21243
28.0301,10.3443,-0.500153
28.0276,11.275,-0.129514
28.0693,12.2131,-0.437736
28.1022,13.1732,-0.612647
28.028,14.2231,-0.591577
28.12,15.2114,-0.398785
27.9285,16.1794,-0.53043
28.0282,17.1643,-0.570583
27.9869,18.1596,-0.496255
28.0394,19.0317,0.009476
28.2089,19.9412,-0.240342
27.95,20.8934,0.056212
28.0092,21.8593,-0.0958251
28.0838,22.818,0.0404035
28.1477,23.7819,0.27073
28.1136,24.7458,0.0657735
28.027,25.7503,0.298242
28.1601,26.6874,-0.0401898
28.1132,27.7254,-0.0956816
28.1594,28.7362,0.000927763
29.0579,1.15529,1.23654
28.9322,1.5078,0.265239
29.1116,2.38586,-0.219541
29.0785,3.26936,0.228907
29.1026,4.24492,0.405954
29.09,5.18378,0.0866359
29.1056,6.18654,0.117786
29.001,7.18345,0.0115543
29.0669,8.14487,-0.221958
29.1789,9.14739,-0.179739
29.067,10.093,-0.505472
29.0486,11.0004,-0.122123
29.0867,12.003,-0.213215
29.0677,13.0385,-0.392535
28.9762,14.0255,-0.21933
29.055,15.0272,-0.233082
28.9691,16.0325,-0.412189
29.0468,17.0387,-0.398096
29.0012,18.0244,-0.396719
29.1031,18.9815,-0.0530107
29.2318,19.9878,-0.265554
28.9563,20.9783,-0.0792352
29.0791,22.026,-0.135505
29.0821,23.007,0.0392438
29.1011,24.0178,0.0836238
29.0851,25.0001,-0.0485122
28.915,26.0834,-0.0678854
29.1577,26.9831,-0.141066
29.0543,27.9361,0.133302
29.1441,28.9324,0.21037
