0.151265,0.526655,-2.20181
0.111664,1.84753,-2.2034
0.1794,3.13451,-2.32251
0.222297,4.38301,-2.35152
0.222236,5.63762,-2.36578
0.204358,6.87879,-2.30435
0.213565,8.1656,-2.27939
0.314206,9.35492,-2.26326
0.541151,10.549,-2.28858
0.823646,11.7069,-2.50274
1.2485,12.8247,-2.59227
1.14182,13.8894,-2.44219
0.579498,14.7598,-2.35037
0.583538,15.7991,-2.07171
0.059801,16.6358,-1.81311
0.389618,17.5216,-1.53188
-0.208405,18.3255,-1.46646
0.120426,17.3576,-1.43884
-0.0477126,18.225,-0.859523
-0.0252419,18.9434,-0.15251
0.773196,1.42969,-2.20932
0.824476,2.63018,-2.22046
0.950899,3.83321,-2.29897
1.01592,4.99503,-2.38394
1.1091,6.15204,-2.3584
1.10354,7.40078,-2.44477
1.15954,8.59968,-2.51433
1.21179,9.78644,-2.60967
1.47098,10.9657,-2.72283
1.73999,12.1215,-3.01149
2.01426,13.3053,-3.31025
2.0315,14.3588,-2.97261
1.52712,15.1844,-2.41708
1.51988,16.2508,-2.27385
1.07963,16.8933,-1.57921
1.22141,17.682,-2.16906
0.856984,18.285,-1.40118
1.02336,17.3973,-1.87895
0.864397,18.2451,-1.33136
0.825422,19.0466,-0.712271
1.77491,1.7686,-2.25929
1.82062,2.93877,-2.34521
1.91043,4.10432,-2.34899
1.92934,5.31718,-2.32154
2.04063,6.48184,-2.44708
2.09537,7.70066,-2.50679
2.17777,8.95962,-2.66702
2.23295,10.167,-2.83489
2.38417,11.4234,-3.17631
2.47225,12.7278,-3.54418
2.73459,14.0883,-4.07094
2.5727,15.3198,-3.38747
2.16043,15.8609,-2.12077
2.30742,16.9733,-2.44722
1.96853,17.5122,-1.45427
2.18161,17.5011,-2.37044
1.90513,18.1884,-1.5775
2.06031,17.2778,-1.84184
1.89658,18.0454,-1.23968
1.81429,19.0785,-0.971786
2.80138,1.47748,-2.28357
2.8075,2.63751,-2.26042
2.90377,3.7897,-2.28655
2.85807,4.92575,-2.16015
2.99238,6.08644,-2.35278
3.04781,7.29299,-2.35904
3.14636,8.50409,-2.48654
3.12485,9.71184,-2.5646
3.20175,10.8575,-2.78245
3.11717,11.9939,-3.09731
3.06836,13.1926,-3.26501
3.08193,14.2779,-3.10652
2.93362,15.0353,-2.36988
2.96185,16.0604,-2.32783
2.67284,16.7453,-1.58711
3.14201,17.4865,-2.07443
2.74352,17.6891,-1.17306
2.9114,17.747,-2.15093
2.94757,18.1544,-1.19666
2.83273,19.0936,-0.880828
3.73559,1.17338,-2.04836
3.75394,2.32709,-2.07888
3.80659,3.40754,-2.00972
3.86322,4.52316,-2.1762
3.90072,5.61515,-2.20849
3.95603,6.77871,-2.24844
3.91592,7.8723,-2.35992
3.91447,9.05304,-2.42915
3.89002,10.138,-2.57689
3.81937,11.2347,-2.7117
3.72709,12.3126,-2.90575
3.75957,13.3723,-2.90242
3.66267,14.2617,-2.32497
3.5987,15.2778,-2.20829
3.47556,16.0499,-1.48586
3.91167,16.7712,-1.98824
3.72461,17.2817,-1.12901
3.9145,17.4595,-2.06504
3.9642,18.205,-1.42507
3.85986,19.1402,-1.04554
4.67314,0.825843,-2.14694
4.70013,1.87805,-1.99158
4.71694,2.95995,-1.8935
4.77315,4.05292,-2.01113
4.81332,5.10968,-2.07469
4.80591,6.16046,-2.10536
4.8513,7.26752,-2.25848
4.76827,8.36923,-2.32376
4.60588,9.41,-2.2883
4.64974,10.5592,-2.36564
4.5148,11.6129,-2.53893
4.60774,12.6632,-2.52864
4.44149,13.6147,-2.25201
4.33874,14.6032,-1.91184
4.44803,15.5824,-1.63213
4.87466,16.4134,-1.9626
4.76478,17.0022,-1.15753
4.94072,17.2921,-2.08769
4.98852,17.9847,-1.32865
4.8447,18.9773,-1.08751
5.57826,0.388446,-1.83774
5.59006,1.43579,-1.90787
5.65579,2.5082,-1.76888
5.62513,3.55167,-1.87093
5.66458,4.63326,-1.82082
5.75172,5.71207,-1.99328
5.7194,6.79278,-2.1673
5.67489,7.85853,-2.29191
5.57584,8.91081,-2.25466
5.53232,9.99366,-2.21032
5.41447,11.0391,-2.14642
5.47725,12.002,-2.35843
5.31923,13.0316,-2.15003
5.27152,14.0669,-1.92634
5.37787,15.0795,-1.68098
5.80636,15.9906,-1.93943
5.789,16.7184,-1.2462
5.97975,17.4102,-1.93134
6.02112,18.1004,-1.18517
5.88404,19.0494,-0.936479
6.60449,0.134895,-1.71644
6.58776,1.16668,-1.72414
6.65676,2.17621,-1.83104
6.62466,3.21596,-1.76464
6.65054,4.3114,-1.84863
6.70265,5.36583,-1.87103
6.67153,6.41267,-2.04396
6.61047,7.48653,-2.08216
6.54113,8.54761,-1.89163
6.50802,9.64791,-2.01848
6.34976,10.6515,-1.89031
6.42567,11.6978,-2.03938
6.26756,12.7075,-1.89756
6.26015,13.7028,-1.74864
6.34653,14.6974,-1.6535
6.78873,15.6074,-1.78969
6.77682,16.4105,-1.1282
6.91631,17.2427,-1.66553
7.04741,18.0129,-1.08467
6.90589,18.9824,-0.924537
7.67433,-0.0179662,-1.78946
7.63302,1.02824,-1.71854
7.7136,2.07872,-1.83959
7.65665,3.14737,-1.65268
7.62149,4.1807,-1.69917
7.70588,5.18926,-1.82052
7.65338,6.27301,-1.71808
7.66526,7.30447,-1.81598
7.55189,8.38899,-1.75269
7.55186,9.40409,-1.73339
7.39996,10.4025,-1.81258
7.41723,11.3973,-1.82589
7.31691,12.3997,-1.81765
7.28619,13.4336,-1.68427
7.36868,14.4933,-1.57236
7.81461,15.3972,-1.735
7.78814,16.3272,-1.26966
7.9306,17.1672,-1.78912
8.01726,17.7835,-0.943065
7.92394,18.8227,-0.88721
8.68164,-0.0643635,-1.61179
8.65575,0.995059,-1.65526
8.68729,1.98891,-1.62801
8.69964,3.02951,-1.66336
8.66565,4.03382,-1.54998
8.68519,5.06766,-1.63172
8.65345,6.08528,-1.55896
8.63624,7.08668,-1.65688
8.56194,8.12076,-1.70386
8.52683,9.1477,-1.84943
8.41905,10.2062,-1.76316
8.44327,11.272,-1.67795
8.37573,12.3011,-1.68186
8.35565,13.2922,-1.53933
8.39597,14.319,-1.49653
8.85516,15.2177,-1.83485
8.80751,16.0942,-1.34805
8.90759,17.1104,-1.42605
9.04107,18.08,-1.02026
8.92396,19.1102,-0.881802
9.69687,-0.244881,-1.64618
9.69821,0.812958,-1.58762
9.69917,1.92222,-1.58634
9.68409,3.00071,-1.44998
9.68857,4.00627,-1.43208
9.67372,4.9944,-1.65894
9.71257,6.00191,-1.62902
9.69789,7.00466,-1.51223
9.58491,8.03574,-1.44413
9.57005,9.05614,-1.6066
9.43356,10.0558,-1.51428
9.46885,11.0354,-1.61638
9.42351,12.0619,-1.43373
9.42055,13.1096,-1.38514
9.48594,14.1615,-1.38108
9.78596,15.1608,-1.34607
9.81028,16.207,-1.27693
9.92229,17.1849,-1.12393
10.059,18.2042,-0.938081
9.90992,19.2418,-0.765065
10.7425,-0.178201,-1.69513
10.7219,0.858199,-1.62323
10.6789,1.87907,-1.56443
10.7323,2.90955,-1.56154
10.7468,3.97956,-1.51115
10.73,5.00001,-1.50169
10.7515,6.03725,-1.45517
10.7106,7.07084,-1.37246
10.6186,8.08508,-1.43545
10.6166,9.07947,-1.57424
10.4685,10.0794,-1.58744
10.5342,11.1041,-1.37013
10.4245,12.1057,-1.35888
10.5485,13.0724,-1.31553
10.5597,14.0885,-1.37982
10.8088,15.118,-1.47443
10.823,16.1033,-1.30413
10.9167,17.1264,-1.14292
11.072,18.1372,-0.994836
10.9888,19.1608,-0.910105
11.8023,-0.107746,-1.58198
11.7365,0.893899,-1.4563
11.7482,1.88894,-1.6473
11.7957,2.91212,-1.53794
11.8247,3.93153,-1.48674
11.7253,4.93782,-1.53929
11.8147,5.98692,-1.5527
11.7861,7.01606,-1.41466
11.6943,8.05047,-1.37092
11.6371,9.03251,-1.54022
11.5464,10.0423,-1.39345
11.5834,11.0612,-1.31222
11.48,12.1063,-1.41262
11.6006,13.1071,-1.19758
11.7025,14.151,-1.28305
11.7964,15.1451,-1.31584
11.8091,16.1417,-1.25078
11.9228,17.1368,-1.24309
12.0706,18.098,-1.10572
12.0206,19.0906,-0.869982
12.8584,-0.15725,-1.47453
12.8402,0.929163,-1.37124
12.8121,1.94514,-1.5728
12.8266,2.91636,-1.39464
12.856,3.9268,-1.5486
12.8024,4.93727,-1.57568
12.8181,5.92545,-1.34647
12.8176,6.93786,-1.26704
12.7323,7.9439,-1.4271
12.6672,8.98522,-1.46563
12.6495,9.99315,-1.26525
12.6218,11.0201,-1.48858
12.5341,12.0541,-1.34916
12.6789,13.0416,-1.14806
12.7175,14.0955,-1.28508
12.8618,15.1241,-1.25142
12.8475,16.1466,-1.23046
12.9565,17.1842,-0.950017
13.067,18.1728,-1.26746
13.0186,19.18,-1.00842
13.8721,-0.169619,-1.54096
13.8636,0.852553,-1.55591
13.8399,1.90794,-1.65109
13.9022,2.94498,-1.32616
13.8536,3.96344,-1.40213
13.9054,4.98793,-1.44602
13.8254,5.96799,-1.37476
13.8131,7.00289,-1.40074
13.7662,8.01454,-1.3686
13.7292,9.02691,-1.36744
13.7176,10.0973,-1.40601
13.678,11.1118,-1.31347
13.6021,12.0919,-1.34013
13.7659,13.1309,-1.12943
13.7281,14.1189,-1.0571
13.8494,15.1368,-1.15233
13.8433,16.1949,-1.02415
13.9705,17.1637,-1.00802
14.057,18.2329,-0.971068
14.0172,19.2228,-0.891195
14.8739,-0.2241,-1.47891
14.8424,0.797705,-1.4752
14.8876,1.86603,-1.62134
14.9539,2.91525,-1.496
14.883,3.95514,-1.57767
14.8818,4.95548,-1.23594
14.8587,5.95634,-1.25476
14.8746,6.97095,-1.39152
14.7994,7.98701,-1.41749
14.8196,8.98746,-1.49256
14.7198,9.94818,-1.19029
14.6762,11.0217,-1.26908
14.6853,12.0334,-1.24074
14.7483,13.0293,-1.35491
14.7682,14.0594,-1.22259
14.8693,15.0703,-1.1762
14.8733,16.1288,-1.10571
15.0312,17.1056,-0.971703
15.0402,18.1046,-1.01752
15.0263,19.2011,-1.05705
15.9699,-0.251405,-1.2952
15.8463,0.756624,-1.26908
15.9025,1.80143,-1.412
15.9836,2.83867,-1.36223
15.9237,3.87098,-1.35084
15.9241,4.94807,-1.42111
15.8638,5.94467,-1.39439
15.8983,6.95437,-1.43995
15.8468,7.95932,-1.3066
15.9109,8.96084,-1.4877
15.7181,9.98168,-1.46052
15.7531,10.9513,-1.20144
15.696,12.0253,-1.15624
15.7894,13.0552,-1.31705
15.8311,14.1189,-1.20024
15.8561,15.1421,-0.862584
15.8567,16.1098,-1.04301
16.0548,17.1122,-0.992251
16.1202,18.1517,-0.931385
16.0789,19.1546,-0.962804
17.0102,-0.354167,-1.26956
16.8872,0.693045,-1.09519
16.9314,1.77281,-1.24871
16.9809,2.75406,-1.22944
16.9288,3.79385,-1.28389
16.9136,4.88287,-1.30732
16.8944,5.88703,-1.1857
16.8811,6.92306,-1.41807
16.8474,7.98104,-1.30759
16.9462,8.98428,-1.42401
16.7361,9.99239,-1.44572
16.7997,11.0463,-1.38794
16.7303,12.1123,-1.31767
16.8298,13.1196,-1.18362
16.8707,14.1086,-1.22439
16.8936,15.1383,-1.11285
16.9136,16.1699,-0.939286
17.109,17.2015,-0.973592
17.1064,18.2394,-1.03245
17.0888,19.2368,-0.828333
18.0442,-0.231248,-1.34379
17.9467,0.791171,-1.26777
17.9224,1.85221,-1.19866
18.023,2.85242,-1.23861
17.963,3.85257,-1.24749
17.8734,4.88087,-1.04711
17.9345,5.95359,-1.21745
17.8838,6.96854,-1.10759
17.9007,7.99489,-1.17435
17.999,9.04089,-1.29742
17.7223,10.0652,-1.30188
17.8471,11.0534,-1.25547
17.7956,12.1011,-1.15807
17.8293,13.1372,-1.09799
17.8747,14.1516,-1.08742
17.9515,15.1837,-1.07159
17.9733,16.154,-0.831495
18.0421,17.1629,-0.593313
18.1473,18.1507,-0.788849
18.074,19.0748,-0.470611
19.0584,0.0585528,-1.20138
18.9104,1.02128,-1.36149
18.9647,2.01196,-1.26277
18.9855,2.99337,-1.56334
18.9454,3.94357,-1.00105
18.8995,4.98721,-1.02085
18.9881,6.00284,-1.13382
18.9485,7.01265,-0.92121
18.935,8.03233,-1.09205
19.0099,9.04917,-1.24056
18.6591,9.98683,-1.02616
18.8673,11.0344,-1.11594
18.8523,12.0574,-1.12847
18.8976,13.1583,-0.970885
18.938,14.1993,-0.968581
19.0002,15.248,-1.08544
19.0071,16.2321,-0.795859
19.0807,17.2503,-0.653957
19.2413,18.244,-0.722193
19.0228,19.0698,-0.144642
