-0.138414,1.08993,-1.13689
0.0215064,1.31237,-0.155165
0.0148747,2.36857,-0.0990631
-0.00776086,3.39823,-0.0730766
-0.192984,4.36568,-0.360152
-0.0983367,5.35559,-0.507785
-0.122098,6.32138,-0.251247
-0.131834,7.34055,-0.350713
-0.150645,8.32698,-0.417939
-0.141908,9.34523,-0.411478
-0.116984,10.3662,-0.397858
-0.126664,11.3354,-0.100064
-0.29407,12.2635,-0.347221
-0.150871,13.2181,-0.767473
-0.0814295,14.2131,-0.993182
-0.0933073,15.1917,-0.726225
-0.13657,16.1228,-0.268197
-0.255275,17.1168,0.0572771
-0.114536,18.0985,0.170867
0.105976,19.0768,-0.00641804
0.0689291,20.0215,-0.348039
-0.179806,20.9785,0.0404401
-0.188568,21.9274,0.340355
-0.0991455,22.985,0.190054
-0.12674,23.9827,-0.0631214
-0.15996,24.9613,-0.0208747
-0.0440504,25.9485,0.17384
-0.00834986,26.784,-0.406513
-0.0613727,27.7254,-0.145433
-0.17542,28.7105,-0.266231
0.858992,1.17297,-0.849739
1.03278,1.52479,0.0571276
0.959038,2.48793,0.212146
1.08433,3.46785,-0.086813
0.84611,4.46842,-0.1227
0.962545,5.46199,-0.408036
0.852153,6.52751,-0.579495
0.892657,7.4928,-0.288897
0.852422,8.50341,-0.516828
0.929313,9.52105,-0.507755
0.875167,10.5691,-0.727049
0.859587,11.4403,-0.270794
0.737867,12.4339,-0.571285
0.904593,13.3893,-0.88533
0.929325,14.374,-1.08896
0.896152,15.3489,-0.9236
0.932859,16.2025,-0.397284
0.710965,17.1997,-0.170226
0.921805,18.0788,0.235255
1.15597,18.9913,-0.0596789
1.05402,19.9962,-0.197952
0.791144,20.9362,-0.342387
0.787024,21.8582,0.118986
0.943059,22.835,0.229695
0.89107,23.8166,0.106391
0.883322,24.8193,0.0156926
0.958773,25.8627,-0.00588092
0.94471,26.9191,-0.0760186
0.924027,27.9273,-0.129563
0.837071,28.955,-0.111414
1.72641,1.64064,-0.883889
2.07617,1.80146,0.0576647
1.93718,2.78065,0.251378
2.1084,3.68654,-0.198944
1.86804,4.71212,-0.189041
1.92733,5.70525,-0.389755
1.84582,6.7629,-0.497394
1.8811,7.77836,-0.452794
1.82112,8.79769,-0.335862
1.90533,9.74607,-0.644215
1.88051,10.7693,-0.458821
1.80991,11.7437,-0.344023
1.72334,12.5264,-0.938316
1.95311,13.4614,-1.07507
1.93778,14.4849,-1.07796
1.88438,15.4517,-1.26514
1.9512,16.0856,-0.491714
1.66064,17.0728,-0.421415
1.8957,17.9913,-0.00856044
2.14215,18.9641,-0.224705
2.03719,19.9219,0.0930601
1.82723,20.8378,-0.244673
1.82821,21.7819,-0.0022248
1.98971,22.7569,0.0292337
1.88324,23.7528,0.121476
1.86837,24.7759,0.259047
1.95307,25.6784,-0.189352
1.93531,26.7272,-0.235206
1.89111,27.693,-0.267913
1.81135,28.7348,-0.142973
2.74559,1.70627,-0.516068
3.02202,2.16809,0.324213
2.88408,3.10081,-0.0297342
3.03632,4.05588,-0.473592
2.93278,5.01921,-0.108432
2.93233,6.00001,-0.35443
2.89145,6.99471,-0.526203
2.92774,7.94793,-0.337385
2.79005,8.94237,-0.573598
2.89348,9.92458,-0.491375
2.89675,10.9224,-0.54041
2.83588,11.9054,-0.352092
2.73423,12.5319,-1.12502
2.94056,13.5874,-0.861269
2.87973,14.4374,-1.35185
2.91353,15.486,-1.29657
2.96558,16.1087,-0.480926
2.6452,17.062,-0.585101
2.7955,18.04,-0.44731
3.21003,18.9492,-0.297455
3.02738,19.9496,-0.237004
2.80927,20.8763,-0.412687
2.84532,21.8398,-0.0569231
3.01188,22.7902,0.168426
2.91038,23.7514,0.316266
2.84394,24.7359,0.399677
2.90813,25.6852,0.149409
3.02268,26.6403,-0.194226
2.87208,27.6256,-0.171249
2.87636,28.5792,0.0267922
3.76829,1.70505,-0.599063
3.98774,2.29142,0.288189
3.91679,3.26341,-0.103949
4.03162,4.24517,-0.352709
3.96137,5.28752,-0.244157
3.98831,6.26908,-0.463259
3.91062,7.25508,-0.570452
3.8761,8.24842,-0.289938
3.8788,9.21234,-0.598675
3.86595,10.1873,-0.779763
3.85462,11.2,-0.565331
3.85995,12.1814,-0.573727
3.75446,12.7996,-1.38717
3.95123,13.711,-1.09836
3.85376,14.5273,-1.68783
3.93322,15.5385,-1.51203
3.9869,16.1572,-0.700543
3.69324,17.139,-0.7515
3.83554,18.0632,-0.396896
4.19423,19.0003,-0.351424
4.09204,19.9939,-0.273684
3.83116,20.9465,-0.496905
3.88525,21.8623,-0.0445906
4.06792,22.8666,0.152931
3.91699,23.8255,0.306381
3.86784,24.8241,0.462569
3.83292,25.5683,-0.227763
4.01491,26.5468,-0.115476
3.91599,27.6118,-0.01583
3.89446,28.5928,0.258779
4.77362,1.99512,-0.489895
4.97177,2.61625,0.290887
4.91092,3.50034,-0.150868
5.06017,4.47943,-0.326991
4.96779,5.49898,-0.308829
4.98907,6.51915,-0.385464
4.95484,7.51509,-0.481555
4.81284,8.52569,-0.428712
4.8691,9.55098,-0.557054
4.80998,10.4809,-0.883172
4.86969,11.4543,-0.596173
4.83847,12.4191,-0.81399
4.75393,12.9177,-1.68156
4.9291,13.827,-1.34202
4.89389,14.6665,-1.87176
5.03097,15.5885,-1.63417
4.99713,16.1916,-0.864516
4.75796,17.1617,-0.878396
4.86312,18.1059,-0.478835
5.16603,19.0857,-0.55143
5.14218,20.0226,-0.177163
4.84789,20.959,-0.544499
4.88631,21.7914,-0.0129276
5.09322,22.7508,0.051503
4.90198,23.7148,0.383425
4.8581,24.6819,0.578765
4.86051,25.4528,-0.0361278
5.06539,26.4682,-0.273833
4.96697,27.4857,-0.140452
4.93752,28.5012,-0.0758415
5.77623,2.22007,-0.455467
6.0213,2.85675,0.285516
5.95929,3.72824,-0.225831
6.00667,4.73125,-0.483276
5.94181,5.78055,-0.414643
5.94695,6.7447,-0.553294
5.99085,7.76197,-0.71005
5.81251,8.77121,-0.75894
5.84868,9.75535,-0.652947
5.82841,10.7678,-0.778692
5.7984,11.7466,-0.953597
5.83417,12.7579,-0.869591
5.80415,13.0269,-1.8472
6.00989,13.8957,-1.35978
5.8355,14.3476,-2.22526
5.94765,15.2248,-1.77462
5.83564,16.2078,-1.43132
5.82074,17.1499,-1.08932
5.85514,18.0365,-0.57185
6.12093,19.0097,-0.848686
6.12323,19.8754,-0.299405
5.87399,20.847,-0.486636
5.88742,21.7105,0.0859767
6.12994,22.6962,0.0582659
5.87843,23.6019,0.290536
5.8237,24.6399,0.392917
5.81397,25.6001,0.138105
6.13296,26.5563,-0.174471
5.92231,27.4891,0.216382
5.96897,28.4067,-0.136171
6.76935,2.61116,-0.45772
7.05891,3.1645,0.314649
6.85103,4.10102,0.116208
6.9402,4.97402,-0.348619
6.94602,5.98995,-0.539671
6.9304,6.99845,-0.582733
6.92164,8.0609,-0.749611
6.78902,9.05648,-0.722217
6.80316,10.0162,-1.02817
6.83503,11.0151,-1.04975
6.849,11.9903,-0.978042
6.82969,12.9872,-1.134
6.8005,13.3027,-2.12806
7.00778,14.1341,-1.47565
6.81266,14.4752,-2.42323
7.00894,15.3389,-1.85936
6.89136,16.328,-1.56537
6.85419,17.1364,-0.929887
6.81685,18.1212,-0.842048
7.12823,19.0096,-1.14718
7.13882,19.7267,-0.382266
6.90168,20.7164,-0.489685
6.84528,21.648,-0.191894
7.16405,22.5905,0.0258126
6.91419,23.5387,0.0643391
6.81495,24.5282,0.312577
6.83255,25.4214,-0.0917753
7.13115,26.3788,-0.195553
6.94366,27.2598,0.252174
6.94556,28.2599,-0.0345378
7.86419,2.61333,-0.233036
8.01687,3.36555,0.420823
7.8698,4.31344,0.171178
7.89642,5.30575,-0.0383648
7.88371,6.27839,-0.389718
7.90662,7.27253,-0.516816
7.93481,8.30169,-0.577825
7.84086,9.25461,-0.875967
7.81045,10.2646,-1.03405
7.80081,11.264,-1.3148
7.87789,12.2679,-1.15619
7.82444,13.2763,-1.46186
7.80429,13.6804,-2.38042
7.93943,14.4914,-1.70694
7.78104,14.6521,-2.67619
7.97854,15.3965,-2.05861
7.86138,16.2155,-1.46299
7.93384,17.0974,-1.03369
7.81035,18.0972,-1.01255
8.1868,19.0254,-1.03346
8.11874,19.9236,-0.605844
7.89687,20.8915,-0.687393
7.92748,21.6892,-0.113117
8.15105,22.6492,0.187173
7.90343,23.5773,-0.0592425
7.83615,24.5111,0.23075
7.82512,25.4469,-0.33979
8.10882,26.2608,0.177682
7.85902,27.179,-0.169549
7.97043,28.2113,-0.0669942
8.85615,2.77875,0.00552995
9.03567,3.64956,0.541865
8.84942,4.58713,0.349409
8.88592,5.56426,0.111725
8.9062,6.46634,-0.420765
8.86672,7.42643,-0.527851
8.94142,8.3921,-0.800885
8.92922,9.41383,-1.02243
8.83095,10.4759,-1.08431
8.83161,11.5003,-1.32185
8.85754,12.5269,-1.49432
8.8233,13.563,-1.53116
8.81355,13.7064,-2.55639
8.98003,14.4696,-1.91258
8.80723,14.7195,-2.86283
9.0046,15.3315,-2.07721
8.85136,16.1564,-1.5227
8.93712,17.0219,-0.948952
8.80328,18.0245,-0.841502
9.16306,18.9638,-1.22669
9.06926,19.6906,-0.48551
8.95904,20.7531,-0.598154
8.99237,21.6917,-0.123057
9.13509,22.6617,0.0587542
8.91924,23.6154,-0.0935453
8.87969,24.537,0.221238
8.84601,25.3151,-0.357802
9.17455,26.2674,-0.0203009
8.79253,27.1812,0.197232
9.02795,28.1227,-0.00487686
9.89446,2.96158,-0.0170629
10.0589,3.75596,0.642451
9.8829,4.70864,0.450032
9.91821,5.65477,0.0894253
9.9558,6.59571,-0.253652
9.90934,7.6204,-0.546214
9.86988,8.64503,-0.51041
9.89027,9.56745,-0.949995
9.92888,10.5992,-1.09823
9.88953,11.5764,-1.3947
9.89756,12.6248,-1.50818
9.85739,13.6716,-1.5514
9.87991,13.7435,-2.60263
10.0377,14.4833,-1.92866
9.8148,14.7347,-2.87503
10.0048,15.235,-2.03827
9.87098,16.0591,-1.43681
9.98407,16.9624,-0.946236
9.80681,17.9515,-0.801947
10.1733,18.8734,-1.08504
10.1424,19.7331,-0.449861
9.99057,20.7018,-0.53871
9.97809,21.5439,0.0157048
10.1363,22.5537,-0.0348552
9.90535,23.5551,-0.127039
9.84,24.569,-0.223646
9.84556,25.5316,-0.0983703
10.1431,26.4558,-0.305976
9.80004,27.3527,0.198132
10.0318,28.2948,-0.0969237
10.9196,2.90939,0.155156
11.0765,3.86272,0.62472
10.9054,4.88738,0.456096
10.9711,5.84331,0.0649403
10.9603,6.7581,-0.371041
10.9292,7.78274,-0.480117
10.911,8.81881,-0.598514
10.9183,9.75696,-0.913669
10.9766,10.652,-1.38109
10.8733,11.6317,-1.21495
11.0045,12.5897,-1.46926
10.9233,13.646,-1.53964
10.9211,13.6351,-2.51056
11.0472,14.4237,-1.83244
10.886,14.575,-2.80138
11.0655,15.2422,-2.08827
10.874,16.0146,-1.53234
10.9317,16.9345,-1.18993
10.8166,17.8529,-0.736021
11.0762,18.8299,-0.703455
11.1776,19.7549,-0.266097
10.9491,20.7549,-0.25902
10.8988,21.7394,-0.226563
11.0869,22.7316,-0.346568
10.9453,23.6496,0.0234413
10.8345,24.6347,0.0303781
10.9324,25.5974,-0.157457
11.1336,26.5603,-0.494128
10.8746,27.3877,0.026484
11.0714,28.2783,-0.377801
11.9412,3.0019,0.210126
11.9885,4.03089,0.174734
11.9704,5.00955,0.312687
12.0233,5.90785,-0.0790613
12.0371,6.81551,-0.458022
11.9338,7.78818,-0.562423
11.8865,8.72334,-0.813321
11.9391,9.70023,-0.938957
11.9636,10.665,-1.26564
11.8597,11.6373,-1.13215
11.9799,12.6783,-1.22024
11.9477,13.5283,-1.77092
11.9476,13.6841,-2.75198
12.0607,14.2755,-1.95654
11.9198,14.5148,-2.97745
12.0939,15.1681,-2.24881
11.8673,16.0789,-1.78885
11.9663,16.8668,-1.13199
11.8254,17.8388,-0.926035
12.0825,18.7679,-0.596237
12.1592,19.7285,-0.451122
11.9218,20.6669,-0.245528
11.8948,21.6856,-0.277029
12.0841,22.7467,-0.444188
11.9611,23.6937,-0.123939
11.8739,24.6814,0.14261
11.9344,25.7078,0.0221656
12.1921,26.5236,-0.469897
11.8801,27.3115,0.0180914
12.0778,28.2398,-0.357341
13.0175,3.01434,0.186035
13.0338,4.03955,0.0455397
13.036,5.01948,0.309354
13.0213,5.8881,-0.173659
13.0884,6.87222,-0.390197
12.9102,7.85159,-0.695007
12.8907,8.75445,-1.0734
12.9663,9.72011,-0.655385
13.0157,10.6778,-1.01652
12.9495,11.6705,-1.18109
13.0213,12.6411,-1.4254
13.0107,13.6483,-1.64011
12.9388,13.5448,-2.66317
13.1144,14.2441,-1.92192
12.928,14.6144,-2.84214
13.0722,15.1484,-1.97819
12.8651,16.1047,-1.81901
12.9664,16.9662,-1.27671
12.932,17.9788,-1.03421
13.0944,18.8163,-0.443345
13.212,19.827,-0.494562
13.0023,20.7244,-0.145079
12.9736,21.7584,-0.161287
13.0953,22.747,-0.388134
13.0379,23.7143,-0.141084
12.8952,24.683,0.0677541
12.9493,25.6808,0.323835
13.1719,26.3991,-0.401486
12.8364,27.3316,-0.375951
13.0949,28.3007,-0.34301
13.9899,3.10624,0.0619892
14.0401,4.08123,0.27879
14.0768,5.13217,0.201654
14.0487,6.00972,-0.214991
14.0774,6.9911,-0.470244
14.0186,7.96955,-0.676312
13.9743,8.87235,-1.12287
13.984,9.86945,-0.903851
13.992,10.8497,-1.16277
13.973,11.8191,-1.32425
14.0459,12.7954,-1.19951
14.0944,13.5794,-1.81517
13.9791,13.7745,-2.79164
14.112,14.3756,-1.92566
13.9865,14.9212,-2.78191
14.111,15.259,-1.8148
13.8216,16.2792,-1.86965
13.9731,17.1534,-1.35763
13.9458,18.0988,-0.940345
14.0949,18.9476,-0.469707
14.2535,19.9113,-0.38536
13.9462,20.8424,-0.562645
14.0185,21.7551,-0.208261
14.1339,22.7193,-0.204364
14.0755,23.6996,-0.106214
13.8915,24.6876,-0.283221
13.9646,25.6731,-0.000668355
14.1206,26.6849,-0.0865932
13.7414,27.6565,-0.140291
14.0572,28.6556,-0.3743
15.0131,3.1624,0.20213
15.0376,4.151,0.137034
15.1449,5.13614,0.221137
15.0429,6.04999,-0.196915
15.1262,7.0332,-0.310004
15.0779,7.95618,-0.777975
15.0207,8.87101,-1.24975
15.0031,9.87678,-1.09918
15.0144,10.9239,-1.21882
14.9384,11.9285,-1.32468
15.0796,12.9079,-1.31414
15.1545,13.5824,-2.01686
14.9956,13.7129,-3.01957
15.0524,14.4262,-2.19434
14.9471,15.0176,-3.04017
15.0854,15.3763,-2.04344
14.8646,16.3341,-1.9472
14.952,17.2391,-1.54368
14.929,17.8865,-0.780096
15.1087,18.7936,-0.437156
15.2199,19.8346,-0.562404
14.8994,20.6593,-0.187936
14.9514,21.5746,0.200784
15.1359,22.6121,-0.0121647
15.0649,23.5763,-0.152535
14.9682,24.5799,-0.258226
14.9629,25.484,0.194333
15.0925,26.4772,0.0056093
14.7292,27.4119,-0.214545
14.9857,28.2863,-0.573254
16.0453,3.16052,0.173205
16.0341,4.16486,0.00525224
16.1505,5.18125,0.205344
16.0644,6.08706,-0.170687
16.1335,7.01392,-0.551012
16.0914,8.04646,-0.711399
15.9941,8.97358,-1.05098
16.0038,9.98149,-1.15589
16.0268,10.9803,-1.38331
15.9677,12.0389,-1.51401
16.1305,13.0065,-1.37158
16.1553,13.8641,-1.96447
16.0208,14.0382,-2.94277
15.9924,14.8283,-2.19715
15.972,14.958,-3.18005
15.9625,15.6714,-2.39942
15.8897,16.5225,-1.87618
15.9638,17.5161,-1.65092
15.9275,17.9936,-0.721992
16.1191,18.9513,-0.399817
16.2334,19.9465,-0.688156
15.8611,20.8271,-0.336729
16.0247,21.6721,0.148454
16.1805,22.6396,-0.00122074
16.081,23.6378,-0.029194
15.9888,24.6583,-0.102582
16.0202,25.5391,0.268059
16.1313,26.5579,0.164898
15.7529,27.3879,-0.244594
15.952,28.2123,-0.746977
17.0611,3.17546,0.0553423
17.0683,4.16181,0.205618
17.2005,5.17628,0.149266
17.0993,6.04608,-0.29223
17.1575,7.04641,-0.425947
17.1156,8.04905,-0.771017
17.0768,8.99154,-1.06582
17.0491,10.0044,-1.1481
17.0331,11.0019,-1.48287
17.0963,11.9848,-1.53965
17.1359,12.9711,-1.30938
17.1455,13.9184,-1.86007
17.0684,14.1514,-2.93121
17.0667,14.8683,-2.13573
17.0093,15.0165,-3.10362
16.9351,15.6868,-2.32941
16.9089,16.5536,-1.78626
17.0429,17.6093,-1.7343
16.8796,18.1628,-0.893658
17.0896,19.0777,-0.538816
17.1948,20.0676,-0.385784
16.8123,20.9093,0.0231056
17.0132,21.8788,-0.0414197
17.1492,22.8496,-0.288708
17.1248,23.8592,-0.212287
16.9989,24.8401,-0.330586
17.0852,25.5291,0.408875
17.093,26.4698,-0.0249031
16.7532,27.4038,0.0322581
16.9927,28.1384,-0.59823
18.1244,3.13013,0.069982
18.1177,4.04508,0.47138
18.1819,4.98426,0.135939
18.1537,5.88842,-0.435325
18.1918,6.89301,-0.529344
18.1255,7.89369,-0.751018
18.0916,8.92164,-0.932694
18.0525,9.96638,-0.947578
18.056,10.9417,-1.24553
18.1475,11.9802,-1.33499
18.1279,13.0647,-1.55117
18.1029,14.1268,-1.68399
18.0718,14.0908,-2.7615
18.098,14.9721,-2.18947
18.0012,15.1271,-3.23206
17.9977,15.8097,-2.42102
17.9004,16.6507,-1.85067
18.1014,17.6367,-1.60029
17.8786,18.2381,-0.824046
18.0498,19.2227,-0.707764
18.2618,20.1318,-0.335426
17.8409,20.97,-0.0154302
18.0235,21.8744,-0.356346
18.0958,22.8975,-0.0591571
18.1449,23.9128,-0.0022187
18.0419,24.7837,-0.57763
18.1324,25.4495,0.221067
18.0644,26.3376,-0.179485
17.7815,27.3643,-0.102408
18.0293,28.1869,-0.593881
19.0706,2.97288,0.227631
19.1173,4.00185,0.452403
19.2328,4.89078,-0.00530412
19.165,5.84164,-0.230692
19.2034,6.83503,-0.511908
19.164,7.8737,-0.721851
19.1502,8.86467,-0.697967
19.0481,9.89924,-0.720283
19.0456,10.859,-1.14165
19.1821,11.8523,-1.18541
19.1815,12.9102,-1.49085
19.1058,13.9519,-1.50988
19.0598,14.1548,-2.58556
19.1299,14.9663,-1.98169
19.0209,15.1409,-3.02937
19.042,15.8453,-2.36417
18.8804,16.7297,-1.92302
19.1032,17.7547,-1.77035
18.8608,18.2312,-0.847362
19.1147,19.212,-0.592126
19.2865,20.2082,-0.31547
18.8295,21.0627,-0.0684408
19.061,22.09,-0.183105
19.0822,22.993,0.314768
19.0795,23.9962,0.332096
19.0616,24.5476,-0.516874
19.1773,25.3468,0.109049
19.0629,26.3615,0.0283364
18.8224,27.3091,-0.272726
19.0831,28.2341,-0.502289
20.1251,2.72932,0.319858
20.0598,3.74185,0.255263
20.2679,4.67719,-0.11178
20.1599,5.66373,-0.247569
20.2263,6.63221,-0.3859
20.1159,7.62766,-0.572817
20.1429,8.61748,-0.565459
19.9751,9.57218,-0.710605
20.0053,10.5569,-0.854869
20.1623,11.5171,-1.11666
20.1079,12.5831,-1.25832
20.0511,13.5398,-1.52416
20.0966,13.9675,-2.40963
20.1161,14.7542,-1.7762
20.0045,15.047,-2.74306
19.9842,15.6668,-1.95154
19.8888,16.6641,-1.70284
20.0861,17.6755,-1.7032
19.8636,18.4394,-1.03807
20.0639,19.254,-0.529432
20.2981,20.2387,-0.375771
19.8257,21.1099,-0.223249
20.0919,22.0752,-0.277474
20.1102,22.9733,0.229749
20.0736,23.8793,0.578878
20.1087,24.3725,-0.285134
20.1948,25.322,-0.0266427
20.1214,26.3019,0.171578
19.8482,27.2468,-0.0852748
20.1177,28.0928,-0.589328
21.1585,2.53829,0.493005
21.0706,3.47294,0.135536
21.2457,4.3832,-0.315412
21.0594,5.36496,-0.000122074
21.2034,6.36125,-0.310141
21.1212,7.29108,-0.681487
21.1083,8.25565,-0.565664
20.9868,9.29303,-0.620649
20.974,10.2273,-0.951219
21.2169,11.2095,-1.06656
21.1014,12.2031,-1.28614
21.0098,13.2333,-1.36174
21.0377,13.73,-2.21543
21.0703,14.4872,-1.54704
20.9402,14.9084,-2.3985
20.9685,15.7616,-1.81223
20.8616,16.51,-1.18987
21.0998,17.4958,-1.47874
20.9246,18.4454,-1.17778
21.14,19.303,-0.68334
21.3092,20.163,-0.223646
20.857,21.076,-0.0621387
21.1258,22.0433,-0.245314
21.0627,22.7367,0.476724
21.113,23.7152,0.553243
21.0863,24.5457,-0.10152
21.1397,25.5444,0.0512803
21.1717,26.48,0.410788
20.8616,27.282,-0.0570635
21.1506,28.1066,-0.52425
22.1141,2.33643,0.495694
22.0681,3.17644,-0.0191839
22.2124,4.21198,-0.167379
22.0647,5.188,0.0621021
22.2356,6.12271,-0.321766
22.1175,7.07758,-0.663793
22.0796,8.07077,-0.363527
22.0199,9.06797,-0.536338
21.9833,9.98035,-0.872512
22.1595,10.982,-0.790707
22.0853,11.8814,-1.22497
21.9661,12.8917,-1.08843
22.0311,13.569,-1.78868
22.0591,14.4171,-1.25499
21.985,14.763,-2.20869
21.961,15.6049,-1.66567
21.8628,16.4764,-1.14424
22.1201,17.3875,-1.441
21.9541,18.3402,-1.30601
22.1663,19.2902,-0.859261
22.3937,20.0464,-0.195627
21.8768,20.8897,-0.196048
22.1211,21.8687,-0.0927976
22.0657,22.7496,0.359539
22.0435,23.7158,0.155895
22.0811,24.72,-0.0263283
22.0315,25.5796,0.46505
22.1664,26.5492,0.481396
21.8689,27.3744,-0.0369243
22.1708,27.9563,-0.762914
23.1338,2.21443,0.685864
23.1041,3.0108,0.0778649
23.2176,3.98932,-0.19053
23.0853,4.91755,0.0826258
23.2584,5.91468,-0.038551
23.0927,6.76851,-0.497757
23.0887,7.74996,-0.271718
22.9932,8.66982,-0.649394
23.0423,9.66387,-0.729463
23.2103,10.6694,-0.744807
23.1273,11.6537,-1.01822
22.9861,12.6659,-0.985391
23.0513,13.3914,-1.70226
23.0033,14.1238,-1.00338
22.9961,14.7481,-1.82662
22.9877,15.6131,-1.38926
22.9244,16.5792,-1.07567
23.1355,17.4578,-1.56642
22.9593,18.3311,-1.10209
23.164,19.2438,-0.682934
23.3707,19.9383,-0.0437849
22.9014,20.8356,-0.00878628
23.1233,21.7779,0.0155187
23.1074,22.6896,0.43549
23.0982,23.6176,0.0177099
23.073,24.6013,0.106394
23.0087,25.5945,0.328626
23.1492,26.5846,0.15779
22.9181,27.5706,0.152065
23.1522,27.8219,-0.774313
24.1798,2.06329,0.647847
24.0033,3.07131,0.476965
24.2154,3.732,-0.255171
24.1185,4.67883,-0.0168004
24.2371,5.665,-0.235392
24.0023,6.64653,-0.00979644
24.115,7.59669,-0.19711
24.0187,8.43631,-0.727595
24.0464,9.44642,-0.668017
24.2145,10.4246,-0.526295
24.1146,11.376,-0.903381
23.9502,12.382,-0.993652
24.0725,13.286,-1.34941
23.9982,14.0681,-0.723179
23.9884,14.5651,-1.60429
23.9676,15.4584,-1.19113
23.9394,16.4034,-0.880703
24.1016,17.2961,-1.26922
23.962,18.2035,-0.888614
24.1709,19.1494,-0.616123
24.4138,19.9654,-0.0126865
23.9311,20.8393,-0.108426
24.1561,21.8276,-0.0116184
24.1076,22.7699,0.360717
24.1092,23.7354,0.0473861
24.0775,24.737,0.143937
23.951,25.6745,0.614774
24.2058,26.5095,0.201221
23.9918,27.5131,0.289468
24.2068,27.7045,-0.650078
25.0841,1.85613,1.15195
25.0107,2.74021,0.631437
25.153,3.35042,-0.221088
25.051,4.33921,-0.0626576
25.2821,5.32071,-0.21785
25.0722,6.28345,-0.0382
25.1287,7.30864,-0.0697501
24.9835,8.11322,-0.668169
24.9889,9.10544,-0.485629
25.2191,10.1114,-0.567037
25.1142,11.1341,-0.65884
24.9752,12.0308,-1.02578
25.0455,12.9995,-1.31229
25.0303,13.8739,-0.706409
24.9839,14.5574,-1.41772
25.0341,15.5257,-1.11571
24.9386,16.4468,-0.787094
25.0858,17.4108,-1.12102
24.9973,18.2766,-0.675118
25.1514,19.2994,-0.409101
25.4549,20.0198,0.17767
24.9428,20.8613,0.100534
25.1558,21.8225,-0.0167577
25.1093,22.7201,0.39234
25.1147,23.7177,0.164699
25.1243,24.7524,0.0812433
24.9375,25.6529,0.567455
25.2224,26.5938,0.398315
25.0688,27.5688,0.46917
25.2148,27.999,-0.400238
26.0547,1.59089,1.07655
25.9884,2.48795,0.70166
26.0826,2.96972,-0.14568
26.0583,3.9693,0.0639332
26.2474,4.99489,-0.151701
26.0906,5.96959,0.139589
26.1444,6.99269,-0.0319987
26.0231,7.9008,-0.51142
26.0487,8.88942,-0.415629
26.1805,9.89359,-0.307547
26.1225,10.8832,-0.369927
25.9623,11.795,-0.778344
26.0336,12.7457,-1.02335
26.0659,13.7405,-0.609113
26.0526,14.4751,-1.34862
26.0273,15.4211,-0.97647
25.9678,16.3282,-0.576077
26.0879,17.303,-0.989688
26.0463,18.2448,-0.71579
26.1794,19.0752,-0.159713
26.4701,19.9299,0.272164
25.9643,20.7656,0.0289071
26.2061,21.7838,0.0771508
26.0592,22.8146,0.0555803
26.0889,23.8209,0.261885
26.1155,24.8328,0.111582
25.9821,25.7866,0.548424
26.2181,26.7134,0.399808
26.051,27.7184,0.358574
26.1479,28.3493,-0.407184
27.0728,1.71953,1.37729
26.8577,1.97838,0.449196
27.1001,2.77066,-0.121018
27.0451,3.77892,-0.218213
27.2171,4.7511,0.162975
27.1069,5.74613,0.052916
27.1685,6.74369,-0.0678335
27.0065,7.57865,-0.552553
27.001,8.55778,-0.576162
27.1952,9.56342,-0.306555
27.0804,10.558,-0.156276
26.9492,11.4742,-0.574837
27.0425,12.4302,-0.89762
27.0712,13.422,-0.602469
27.0143,14.3834,-1.00724
27.0538,15.4123,-0.919828
26.9778,16.3519,-0.591162
27.0059,17.3424,-0.491238
27.0673,18.2578,-0.94637
27.1642,19.1358,-0.327851
27.4808,19.9784,0.188781
26.9987,20.9147,0.259041
27.2065,21.8918,0.150926
27.1044,22.9448,0.0551225
27.099,23.9434,0.179034
27.1008,24.8864,0.499121
26.9722,25.9078,0.508829
27.1428,26.6701,-0.0844935
27.0748,27.6546,0.0823908
27.2207,28.5015,-0.417624
28.0632,1.54425,1.46703
27.9177,1.89862,0.521393
28.1041,2.57226,-0.209403
28.061,3.56919,-0.137046
28.1811,4.38836,0.413749
28.1067,5.37896,0.210801
28.168,6.4127,0.00373852
28.0122,7.41505,-0.17756
28.0773,8.39123,-0.581491
28.2177,9.34212,-0.226902
28.1464,10.355,-0.244719
27.9717,11.2527,-0.625806
28.042,12.2357,-0.745402
28.0727,13.2552,-0.575372
28.0338,14.2998,-0.744356
28.0929,15.2918,-0.681906
28.0046,16.27,-0.335273
28.0341,17.2859,-0.341801
28.0443,18.2331,-0.662969
28.1703,19.1577,-0.300174
28.3419,20.159,-0.235542
27.9869,20.9822,0.22439
28.1658,21.9252,-0.13676
28.1665,22.9547,0.00466628
28.1393,24.0055,-0.018131
28.0529,25.0104,0.0798456
27.9969,26.0182,0.292428
28.1218,26.7301,-0.412052
28.0782,27.7123,-0.0943419
28.2453,28.6899,-0.348857
29.1058,1.43404,1.23732
28.9086,1.71232,0.305014
29.1199,2.40251,-0.380297
29.1056,3.32422,0.0208899
29.1358,4.20779,0.513895
29.1373,5.1727,0.121036
29.134,6.17407,0.0407666
29.0171,7.1743,-0.102338
29.0898,8.16995,-0.395953
29.217,9.10078,-0.027253
29.156,10.1087,-0.205921
28.9513,11.1301,-0.406824
29.1337,12.1647,-0.580187
29.132,13.1856,-0.534202
29.0198,14.1783,-0.637001
29.105,15.1889,-0.53122
28.9978,16.1427,-0.303839
29.0038,17.1484,-0.197601
29.0235,18.0742,-0.591858
29.1829,19.0095,-0.243571
29.3338,20.043,-0.375231
28.9997,20.8679,0.153359
29.1351,21.8527,0.0692557
29.1313,22.8619,0.090521
29.1278,23.87,-0.145051
29.0364,24.8934,0.00564592
29.0224,25.911,-0.0197027
29.1905,26.8398,-0.336442
29.0751,27.8445,-0.261177
29.2147,28.8355,-0.0673727
