0.154097,0.482055,-2.03789
0.119013,1.75936,-2.08724
0.13383,3.02518,-2.12378
0.194693,4.26225,-2.2782
0.189767,5.54821,-2.32826
0.153526,6.78273,-2.35695
0.137617,8.06487,-2.55012
0.309159,9.25033,-2.62175
0.434474,10.4411,-2.74616
0.768096,11.6118,-2.75418
1.21709,12.6908,-2.84992
1.03228,13.7723,-2.60472
0.543474,14.6787,-2.28693
0.499026,15.7283,-2.12853
0.0853481,16.6249,-1.75944
0.452467,17.5452,-1.38754
-0.170843,18.2399,-1.01256
0.0725852,17.2864,-1.14935
-0.0171636,18.2581,-0.808521
-0.0136601,18.993,-0.13997
0.811084,1.29967,-2.12654
0.925629,2.49014,-2.17382
0.987054,3.64669,-2.2184
1.00505,4.82145,-2.2977
1.08723,6.04647,-2.32527
1.1167,7.23279,-2.46528
1.15208,8.43716,-2.59976
1.28908,9.60773,-2.78627
1.38722,10.8543,-3.03418
1.54302,12.0677,-3.34629
1.74911,13.2289,-3.60987
1.78366,14.3367,-3.25366
1.47453,15.1314,-2.60749
1.48813,16.1609,-2.34718
1.08693,16.8317,-1.69896
1.3472,17.7542,-1.8818
0.851787,18.0441,-1.07438
1.08016,17.2323,-1.59571
0.981265,18.0742,-1.09771
0.798627,19.0561,-0.802515
1.82395,1.66505,-2.1719
1.91975,2.80634,-2.38252
1.92102,4.03046,-2.31065
1.95286,5.21338,-2.37107
2.03571,6.43782,-2.46727
2.07802,7.6257,-2.70849
2.06881,8.87193,-2.8726
2.15917,10.11,-3.10903
2.24647,11.406,-3.40535
2.31527,12.6654,-3.77025
2.43059,14.0313,-4.24631
2.3338,15.273,-3.56863
2.15748,15.7723,-2.2316
2.24626,16.8704,-2.48383
1.97723,17.3923,-1.48414
2.11847,17.3496,-2.43262
1.78294,17.9493,-1.60991
2.08063,17.1223,-2.01944
1.89283,18.0287,-1.55567
1.73717,19.049,-1.21504
2.82194,1.36916,-2.05072
2.85723,2.52354,-2.1444
2.90028,3.6358,-2.32259
2.9071,4.8142,-2.3397
2.97145,6.0081,-2.44244
3.005,7.17841,-2.54832
2.93505,8.32042,-2.78985
3.00177,9.50007,-2.98242
3.06992,10.696,-3.18157
3.00472,11.8777,-3.37996
2.91121,13.0501,-3.63071
2.8453,14.1632,-3.35945
2.8361,14.9875,-2.67166
2.78545,15.9444,-2.45174
2.75977,16.5662,-1.62142
3.10652,17.3052,-2.25981
2.76349,17.6394,-1.36364
2.85285,17.7132,-2.38059
2.90456,18.0931,-1.48609
2.77895,19.0392,-1.1971
3.83905,1.08899,-1.98832
3.8878,2.19693,-2.16133
3.84625,3.36168,-2.11209
3.90482,4.43872,-2.23149
3.91607,5.53005,-2.25997
3.90894,6.65796,-2.3647
3.85141,7.81621,-2.61115
3.80673,8.90559,-2.69445
3.8703,10.0738,-2.88507
3.74528,11.1394,-3.00581
3.64441,12.274,-3.17378
3.56671,13.3099,-3.02801
3.73692,14.3114,-2.71057
3.66402,15.2606,-2.42333
3.71352,16.015,-1.6739
3.99603,16.7983,-2.21828
3.7601,17.2074,-1.28971
3.87326,17.6292,-2.23688
3.93495,18.2286,-1.39293
3.78432,19.2035,-1.06345
4.85625,0.789923,-2.16943
4.85494,1.8293,-2.26338
4.80031,2.90269,-2.21523
4.80199,3.94978,-2.20378
4.80011,5.01946,-2.14287
4.79502,6.14871,-2.23357
4.71899,7.27433,-2.38353
4.65991,8.34839,-2.38883
4.70306,9.48958,-2.60557
4.62738,10.604,-2.75332
4.44525,11.6581,-2.75032
4.46925,12.6965,-2.72245
4.56597,13.6869,-2.46311
4.58491,14.6617,-2.2259
4.60879,15.519,-1.6565
4.89934,16.3445,-2.21946
4.82164,16.949,-1.40054
4.88467,17.5788,-2.22383
4.9466,18.0442,-1.29769
4.75905,18.9591,-0.877194
5.86021,0.349644,-2.25007
5.73635,1.38683,-2.16455
5.7167,2.49337,-2.12528
5.72206,3.53521,-2.13658
5.76426,4.64711,-2.04631
5.70631,5.73923,-2.05885
5.63734,6.85012,-2.17089
5.61189,7.90522,-2.22315
5.60607,8.99504,-2.32273
5.52595,10.0532,-2.36551
5.36174,11.0585,-2.45626
5.40105,12.1228,-2.46797
5.4301,13.1008,-2.26948
5.46493,14.0848,-2.07415
5.52565,15.0351,-1.6603
5.84628,15.8773,-2.10834
5.82797,16.7676,-1.46866
5.89388,17.4994,-2.12293
5.97588,18.1264,-1.31675
5.75514,18.9771,-0.835859
6.84091,0.183331,-2.05676
6.71212,1.21594,-2.14047
6.72772,2.21223,-2.16771
6.70374,3.25345,-2.05558
6.72419,4.32586,-1.91195
6.69641,5.44862,-2.01232
6.61232,6.48835,-2.16912
6.59284,7.52359,-2.1556
6.59083,8.61439,-2.24976
6.45777,9.63837,-2.28078
6.39999,10.672,-2.2711
6.39163,11.7233,-2.34723
6.27453,12.6429,-1.983
6.47433,13.676,-2.10377
6.46556,14.6602,-1.7335
6.83579,15.5508,-2.08026
6.77115,16.3135,-1.44753
6.86892,17.285,-1.84873
7.04275,18.0802,-1.19251
6.85601,18.9497,-0.735862
7.79682,-0.0164342,-1.8694
7.68332,1.04744,-1.80517
7.74277,2.03812,-1.93007
7.68265,3.05624,-1.88157
7.69172,4.11317,-1.95497
7.65978,5.17795,-1.8906
7.58792,6.31085,-1.95078
7.54801,7.30273,-1.91688
7.54149,8.3298,-1.99528
7.50872,9.37707,-2.09173
7.45416,10.3785,-2.10782
7.44287,11.363,-2.09452
7.27511,12.3131,-1.90933
7.43729,13.2949,-1.91994
7.42692,14.302,-1.82685
7.7561,15.2561,-1.70674
7.81663,16.2335,-1.66674
7.88845,17.2155,-1.6938
7.99652,17.8871,-0.972805
7.79308,18.8627,-1.01217
8.77665,-0.119904,-1.66829
8.70953,0.897214,-1.73796
8.80553,1.90873,-1.91328
8.73418,2.9439,-1.87273
8.68863,4.0083,-1.93415
8.71414,5.05521,-1.94643
8.65319,6.08557,-1.95719
8.5759,7.11631,-1.94017
8.54043,8.17093,-1.75038
8.53872,9.15182,-1.93319
8.44769,10.1694,-1.88617
8.5079,11.1947,-1.85608
8.351,12.1889,-1.78763
8.39474,13.1428,-1.62766
8.47371,14.1164,-1.77128
8.74617,15.1242,-1.7516
8.80844,16.0962,-1.51427
8.93524,17.175,-1.50433
9.03357,18.0898,-0.986731
8.84341,19.0976,-1.01684
9.78547,-0.262648,-1.46964
9.70235,0.835951,-1.48708
9.75835,1.87692,-1.70057
9.79504,2.9564,-1.73288
9.73655,3.96944,-1.78356
9.72504,4.96636,-1.94144
9.68772,5.94758,-1.87901
9.62496,7.0038,-1.82541
9.56202,8.09876,-1.66059
9.63424,9.08965,-1.89988
9.52466,10.1059,-1.78444
9.54383,11.1386,-1.63436
9.42692,12.1246,-1.65813
9.47816,13.1374,-1.61572
9.5129,14.1748,-1.79973
9.76556,15.1553,-1.85172
9.85464,16.1162,-1.41341
9.99731,17.1968,-1.51277
10.0292,18.1803,-1.15922
9.86556,19.1126,-1.01917
10.7686,-0.180255,-1.33962
10.7108,0.861095,-1.51113
10.7783,1.90157,-1.64976
10.8643,2.9177,-1.67641
10.7261,3.93375,-1.74388
10.7513,4.95292,-1.73918
10.6716,5.95753,-1.72411
10.6658,6.95249,-1.57391
10.604,7.99708,-1.61849
10.6422,9.01106,-1.66821
10.5924,10.0992,-1.69176
10.5936,11.1141,-1.72348
10.4676,12.1462,-1.61029
10.55,13.1397,-1.51565
10.529,14.1215,-1.71796
10.7738,15.1084,-1.59746
10.8992,16.0989,-1.55669
11.0362,17.117,-1.45566
11.0504,18.1373,-1.22535
10.8961,19.1455,-0.999219
11.8056,-0.0398053,-1.48668
11.7425,0.976962,-1.47702
11.7455,1.96774,-1.29687
11.7909,2.96554,-1.33996
11.7081,3.97454,-1.48787
11.7467,4.95009,-1.64704
11.6893,6.00475,-1.55
11.7569,7.01734,-1.65322
11.6674,8.01513,-1.63249
11.6461,9.00972,-1.52511
11.6518,10.0429,-1.57896
11.612,11.0603,-1.46227
11.5059,12.05,-1.63069
11.6042,13.0846,-1.55194
11.552,14.0623,-1.7258
11.8533,15.0198,-1.5619
11.934,16.0556,-1.4367
12.0208,17.1096,-1.27786
12.0329,18.0383,-0.917307
11.9156,19.0232,-0.906946
12.8184,-0.0831233,-1.55389
12.7789,0.914438,-1.47641
12.7583,1.94463,-1.28927
12.8652,2.97528,-1.30103
12.7473,3.98342,-1.48571
12.7268,4.99622,-1.34081
12.7548,6.04147,-1.50628
12.7308,7.07331,-1.52275
12.7428,8.06838,-1.43779
12.7298,9.02087,-1.42625
12.6859,10.0171,-1.41363
12.682,11.0149,-1.3911
12.6116,11.9912,-1.60681
12.6666,13.0568,-1.51303
12.6205,14.0705,-1.39591
12.7871,15.11,-1.13668
12.9012,16.1545,-1.16893
12.9823,17.1461,-1.23854
13.0594,18.1786,-1.077
12.9393,19.138,-0.969436
13.8176,-0.205927,-1.35066
13.8275,0.820695,-1.35703
13.8136,1.87683,-1.25987
13.8801,2.90538,-1.32642
13.7822,3.93252,-1.26306
13.7282,4.94921,-1.1125
13.7223,6.01762,-1.20486
13.7607,7.10083,-1.35223
13.7583,8.08442,-1.49162
13.7821,9.09231,-1.25444
13.7052,10.1248,-1.19719
13.7077,11.1637,-1.27509
13.6649,12.1368,-1.4211
13.6806,13.1639,-1.37718
13.6516,14.1709,-1.20857
13.8661,15.1671,-1.14292
13.9517,16.1903,-0.930329
14.0124,17.2312,-1.20523
14.0687,18.2383,-1.13035
13.9835,19.2173,-0.895077
14.8796,-0.263393,-1.2277
14.8607,0.777474,-1.2692
14.8685,1.81327,-1.22403
14.8933,2.90947,-1.44201
14.7899,3.89176,-1.16527
14.7781,4.90837,-1.24226
14.7886,5.93338,-1.28333
14.7823,6.98201,-1.38233
14.7561,8.02234,-1.22323
14.8185,9.02269,-1.20823
14.7529,10.0577,-1.20096
14.7287,11.0998,-1.29807
14.7565,12.169,-1.30591
14.7318,13.1517,-1.43459
14.7233,14.1388,-1.31011
14.9363,15.169,-1.16033
14.9487,16.1645,-0.959478
15.004,17.2317,-0.9656
15.1164,18.2254,-0.930494
15.0398,19.2077,-1.02376
15.9887,-0.224226,-1.18403
15.9401,0.829835,-1.10205
15.8834,1.86952,-1.07614
15.9104,2.8275,-1.3684
15.8189,3.84259,-1.16177
15.7836,4.85599,-1.12445
15.8696,5.89893,-1.11784
15.7729,6.92011,-1.24855
15.7719,7.99639,-1.25335
15.8912,9.02896,-1.02442
15.7346,10.0513,-0.923264
15.7519,11.0721,-0.964946
15.7938,12.1118,-1.20717
15.7471,13.1571,-1.44129
15.7671,14.1685,-1.34067
15.9131,15.1482,-0.979345
15.9587,16.1559,-1.04232
15.974,17.149,-0.770254
16.1838,18.1652,-0.822248
16.0023,19.1475,-0.594528
17.0012,-0.263488,-1.2362
16.9594,0.794281,-1.20274
16.9195,1.84006,-1.34905
16.9521,2.84963,-1.15878
16.8311,3.91923,-1.10869
16.7803,4.97721,-0.942073
16.8923,6.00689,-1.10109
16.7593,7.05812,-1.07935
16.8264,8.06894,-1.0639
16.9455,9.13328,-1.08971
16.7582,10.1322,-0.957732
16.8341,11.1377,-0.990429
16.8218,12.0872,-1.28336
16.7968,13.1823,-1.19993
16.8071,14.1673,-1.29159
16.9575,15.1867,-1.01946
17.0133,16.1753,-0.94908
17.0119,17.2101,-0.812244
17.2059,18.2382,-0.681549
17.0333,19.181,-0.426609
18.0582,-0.226456,-1.10115
17.9672,0.851201,-1.10577
17.9048,1.90408,-1.12586
17.9588,2.95922,-1.14618
17.8561,4.01182,-1.14869
17.8043,5.0399,-1.02919
17.9584,6.05261,-1.0249
17.7633,7.04261,-1.02727
17.8544,8.05431,-0.890481
17.9945,9.11378,-0.976873
17.8149,10.1317,-0.883755
17.8942,11.1651,-1.02214
17.8777,12.1476,-1.18995
17.8638,13.1715,-1.21319
17.8733,14.2094,-1.1511
18.0007,15.2057,-1.11798
18.0754,16.1755,-1.0105
18.0467,17.2016,-0.792956
18.2263,18.1323,-0.420383
18.0165,19.0705,-0.243815
19.0679,0.0601215,-0.973644
18.9308,1.05498,-0.96021
19.0026,2.04015,-1.15238
18.9991,3.04647,-0.935478
18.845,4.04784,-0.913837
18.8706,5.03877,-1.09305
19.0238,6.04926,-1.16283
18.893,7.06411,-1.06922
18.9104,8.06311,-0.927586
19.0262,9.11145,-0.962648
18.8427,10.1473,-0.87831
18.8978,11.1764,-0.99884
18.9135,12.1759,-1.04676
18.8856,13.2003,-1.11006
18.9125,14.2182,-0.909378
19.0466,15.2464,-1.06562
19.0833,16.235,-1.0843
19.0732,17.1697,-0.63242
19.251,18.0363,-0.134617
19.0207,19.0727,-0.105258
