-0.0448164,0.00446486,0.24705
0.886032,0.0398022,-0.116507
1.87678,0.0342235,0.0211676
2.86146,-0.0388714,0.154659
3.84987,-0.00928983,-0.0818934
4.88106,-0.036726,-0.216553
5.87646,0.0347362,0.00761132
6.88969,-0.0146825,-0.0714347
7.89424,-0.0549974,-0.24879
8.89555,-0.0250435,0.109983
9.93063,0.0116245,0.162703
10.913,0.0297983,0.0131413
11.9879,0.0199103,0.049147
12.9578,0.0315928,-0.210822
13.9452,-0.0291543,-0.0904599
15.0043,-0.0328715,-0.1889
15.9813,0.0161992,0.0481094
16.9699,0.0434645,0.192047
17.9996,0.0516526,-0.177535
19.0039,0.0203467,-0.155483
0.0395459,0.949669,-0.150713
1.04211,1.02044,-0.334938
1.90221,1.0111,0.213581
2.92699,0.966451,0.159395
3.94808,1.01346,-0.14973
4.99674,0.990616,-0.120594
6.03869,1.01025,-0.0707724
7.00596,0.999963,0.0984527
7.96999,0.960482,-0.150356
8.96551,0.978808,-0.23307
9.90157,1.03503,0.114539
10.9078,1.09579,0.173003
11.8944,1.05111,0.101767
12.9146,1.03936,-0.0421278
13.967,0.985665,-0.145442
14.9847,0.977328,-0.297107
15.9402,1.01425,-0.0660726
16.982,1.04016,0.147441
17.9863,1.01395,0.024131
19.0073,1.00722,0.0576708
0.0367779,1.96712,0.108606
1.04789,1.94683,-0.0612659
2.03287,1.99416,-0.195541
2.96201,1.98642,0.0963103
3.96333,1.97319,0.160829
4.97069,2.06719,-0.0771294
6.00037,2.00231,-0.218073
7.01247,1.94581,-0.271221
8.03731,1.98198,-0.223258
9.0625,1.96099,-0.211441
10.0141,2.04046,0.239399
10.9818,2.06516,0.381335
11.9393,2.0662,0.137535
12.9394,2.11454,-0.0464827
13.947,2.01215,-0.115665
14.956,1.96681,-0.041203
15.9723,2.02535,0.00616169
16.9725,2.04833,0.144212
17.9868,2.00307,0.0744621
19.017,2.04999,0.0341502
-0.0359813,2.96288,0.221821
0.973943,2.95652,-0.00429701
1.93602,2.99515,-0.300781
2.97956,2.98577,-0.0246193
4.00095,2.91834,-0.120331
4.91903,3.00927,0.223609
5.88971,3.01702,-0.0280465
6.88116,2.90364,0.116214
7.87468,2.91761,0.206549
8.86491,2.92021,0.0439283
9.87754,3.0477,0.185922
10.859,3.0255,0.0143559
11.8984,3.05804,-0.0569933
12.9268,3.09141,-0.0737571
13.9337,2.9962,-0.194836
14.9379,2.9974,0.085876
15.9877,3.01523,-0.0717215
16.9978,3.03337,0.22328
17.9861,3.00999,0.161098
19.0124,3.02644,0.228666
0.00446181,3.94933,0.247389
0.97318,3.95472,-0.0102298
1.97259,3.92524,0.15266
2.95919,4.02829,0.00938444
3.95334,3.94584,-0.0630451
4.91986,4.01523,0.175555
5.92217,3.99632,0.216099
6.9208,3.91124,0.154665
7.92879,3.9256,-0.0330821
8.90038,3.90787,0.141218
9.90431,4.07404,0.0402051
10.8549,4.05311,-0.233256
11.8809,4.00987,-0.417942
12.8475,4.10105,-0.124503
13.8824,4.08204,-0.176186
14.8806,4.0244,0.0471572
15.9043,4.05774,-0.139915
16.9092,3.97822,-0.0773095
17.9492,4.06897,0.136918
18.9844,3.96784,-0.0756035
-0.0169439,4.92392,-0.0590289
0.9553,4.93261,0.208805
1.96747,4.93228,0.123435
2.96793,5.00748,0.123249
3.99484,4.98823,0.101007
5.02698,5.0183,0.148408
6.00229,4.93024,-0.131043
6.98652,4.91792,0.00589618
7.98001,4.94255,0.120829
8.95625,4.94867,-0.000469985
9.95225,5.14455,-0.144484
10.8938,5.01306,-0.518281
11.8951,5.0424,-0.410959
12.897,4.97659,-0.589978
13.8928,4.96988,-0.651885
14.8282,5.00639,-0.227384
15.8536,5.0586,-0.028605
16.896,4.97808,0.0111393
17.8892,5.03775,-0.0673879
18.9198,4.96741,0.0821253
-0.067217,5.87271,0.44218
0.958577,5.97083,0.239842
1.94293,5.92117,0.132765
2.91981,6.00366,0.0834407
3.95617,5.97143,0.260588
4.93514,6.00621,0.0256844
5.96507,5.95289,0.152559
6.99493,5.89142,0.000683615
8.04418,5.94427,0.0600421
9.09247,5.961,0.0348155
10.0646,6.15612,0.0214759
10.8969,6.01813,-0.486779
11.896,6.0235,-0.242558
12.9183,5.93278,-0.263662
13.9723,5.85913,-0.176595
14.9343,5.97468,0.0471603
15.9763,6.06025,0.0456343
17.0073,6.00359,-0.226823
17.9806,6.02286,0.0173345
18.9583,5.98464,-0.021601
0.0289743,6.89765,0.224464
1.02736,6.98827,0.297931
1.97298,6.92968,0.0128025
2.9648,6.98245,0.148494
3.97675,6.98327,0.20109
5.00869,7.02324,-0.0891751
6.05279,7.03375,0.0220527
7.07113,6.88618,-0.0538591
8.10712,6.96859,0.0161412
9.07954,6.94229,-0.272677
10.0647,7.16507,-0.113724
11.0085,7.02808,-0.531727
11.9909,6.99232,-0.38302
13,6.97313,-0.314823
14.0015,6.93497,-0.249098
14.9575,6.9933,-0.0234596
15.9815,7.01876,-0.238957
17.0176,7.05619,-0.274737
17.9484,7.01929,0.0923978
18.9581,6.96967,0.109381
0.0277688,7.90616,0.00359813
1.06118,7.9347,-0.0660726
2.06048,7.9071,-0.13719
3.06221,8.01063,0.00434278
4.06082,8.00275,0.00998566
5.07005,7.9889,0.199969
6.03582,7.98313,0.475457
7.07935,7.87263,0.317148
8.0493,7.92937,0.350209
9.0491,7.82802,0.307611
9.93155,8.13861,-0.140904
10.9378,8.03146,-0.437931
11.9665,7.98439,-0.423194
12.9474,7.95779,-0.117231
14.0017,7.92049,-0.12136
14.985,7.96008,0.154054
16.0145,8.02955,-0.129163
17.0105,8.07109,-0.236756
18.0019,8.05746,0.129862
19.0005,7.93522,-0.284481
-0.0126835,8.92805,-0.10383
1.06945,8.94408,-0.105722
2.02436,8.85557,0.105597
3.05426,9.00262,0.238997
4.03851,8.99523,0.230546
5.06874,9.01928,0.13007
6.0383,8.9837,0.441111
7.0457,8.8696,0.372625
8.02286,8.91013,0.0973144
9.02801,8.82519,0.160915
9.97833,9.12286,-0.0145329
10.9524,9.01123,-0.172567
11.9887,8.99497,-0.268947
13.0341,8.98382,-0.282324
13.9695,8.92611,-0.025544
14.9572,9.02129,0.0813196
15.9511,9.04101,-0.228681
17.0033,9.06286,-0.196796
17.9905,8.99776,-0.214142
18.9895,8.90348,-0.0228828
0.0202612,9.93589,-0.198025
1.01225,9.98521,-0.345485
1.99718,9.93181,-0.0371075
3.08631,10.0148,-0.0685354
4.05174,9.88443,-0.260686
5.02459,9.97544,-0.12237
5.95005,9.98448,0.251448
6.97373,9.8595,0.178887
7.94701,9.95054,0.117087
8.97222,9.85992,0.191751
9.95011,10.0887,0.409287
10.8915,10.0345,-0.010538
11.9127,9.90542,0.0788537
12.9601,9.88126,0.127879
13.9138,9.86611,0.407889
14.9229,9.98985,0.442393
15.8791,9.99257,0.0990081
16.9411,10.0097,0.0375896
17.9585,9.99678,0.0693564
19.0112,9.95343,0.0141148
-0.0589129,10.9419,-0.290658
0.932548,11.0197,-0.29819
1.91727,10.9206,-0.253401
2.89836,10.9873,-0.195389
3.9379,10.877,-0.206778
4.97789,10.9644,-0.107114
6.03565,11.0155,0.101843
7.03505,10.857,-0.0134739
7.97557,10.9085,0.347002
8.99751,10.8528,0.226139
10.0199,11.0742,0.295657
10.9389,11.0363,-0.124265
11.9312,10.9258,0.104495
12.9141,10.9668,0.203418
13.977,10.8829,0.308289
15.0129,10.9966,0.366198
15.9399,11.0135,-0.140809
16.9622,10.9808,-0.327671
17.9656,10.9677,-0.188119
19.0045,10.9889,-0.121351
-0.000222785,11.8869,-0.0320231
1.00348,11.9762,-0.00399487
1.98099,11.9556,-0.292532
2.98406,12.0384,-0.208649
4.00506,11.8947,-0.263857
5.00684,11.9624,-0.322593
5.95209,12.0035,0.093527
6.95359,11.8547,0.000503555
8.01352,11.8516,-0.0554369
9.0095,11.8812,-0.00280465
10.0671,11.9581,-0.215311
11.0164,12.0181,0.0869381
11.9802,12.0139,-0.0434492
12.9742,11.9574,0.211631
13.9499,11.8475,-0.00491653
14.9551,11.9871,0.259948
15.9515,12.0425,0.016129
16.9479,11.9323,0.0892544
17.9792,11.9492,-0.0514634
18.9862,11.9966,0.154823
0.000689718,12.9207,0.103922
1.03564,12.9836,0.156606
1.98858,12.9535,-0.121796
3.01704,13.0886,-0.0826441
4.03086,12.9503,-0.185577
4.98793,12.9662,0.0648457
5.99287,12.9579,-0.139998
7.03036,12.8467,-0.0222816
8.00903,12.9024,-0.152528
9.05112,12.8791,-0.209195
10.0786,13.0124,-0.298556
10.9909,12.981,0.117716
11.9875,13.0474,-0.0401685
13.0233,12.9469,0.00817896
14.0332,12.9009,0.100607
15.0685,12.9981,0.203174
16.0758,12.9903,0.150771
17.0323,12.9189,-0.193512
18.0309,13.0274,-0.0895138
19.0024,12.9989,0.20726
-0.000289926,13.9131,0.0792291
1.02091,13.9283,-0.117866
2.03252,13.9721,-0.274572
3.0431,14.0924,0.0282723
4.03734,13.9667,-0.184576
5.07196,13.924,-0.264238
6.06619,13.9228,-0.389923
7.07245,13.8727,-0.223325
8.07996,13.9306,-0.317862
9.07602,13.9177,-0.247896
10.0805,13.9912,-0.120005
11.1017,14.0382,0.0683218
12.1064,14.0615,-0.042262
13.123,13.9343,0.125379
14.0814,13.9273,-0.181576
15.0758,14.005,-0.0560686
16.0831,14.051,0.0986847
17.0475,13.9339,-0.188272
18.0199,13.9899,-0.295828
18.9864,14.0248,-0.0821131
0.043495,14.9386,0.0795923
1.05567,14.9562,0.00961333
2.04664,14.9796,-0.0846614
3.00029,15.0518,-0.353697
4.02511,15.0023,-0.383328
4.98274,14.9098,-0.0548326
5.9431,14.9081,-0.288974
6.985,14.8783,-0.217859
7.93189,14.8393,0.0569018
8.96874,14.9548,-0.119712
10.0148,14.9749,0.061092
11.0775,15.0366,-0.0637684
12.0934,15.081,0.0707236
13.0717,14.9397,0.0720389
14.0442,14.9618,-0.0197546
15.0349,15.0469,0.00890225
16.0901,15.0358,0.28565
16.9779,15.0002,-0.112671
17.9963,15.0029,-0.257933
18.9814,15.0814,0.0368786
-0.00145878,15.9698,0.00621357
0.988162,15.999,0.0773064
1.99351,16.0165,0.0886105
2.97843,15.9627,-0.00440992
4.05052,15.8892,0.0620106
5.03756,15.9346,-0.0397229
6.06142,15.9691,-0.190829
7.04046,15.8913,-0.252324
8.06436,15.8783,-0.0988556
9.06189,15.9423,-0.119324
10.0808,15.9511,-0.0837184
11.0611,15.9925,0.198221
12.1021,16.05,0.21551
13.1551,15.9569,0.0515366
14.1218,15.982,-0.0162481
15.0721,16.0172,0.197388
16.0476,16.0062,-0.0393658
16.9887,15.9844,-0.25642
17.983,16.0011,-0.148012
19.0232,16.0411,-0.128416
-0.00482192,16.9904,0.097177
0.98598,16.9707,0.367882
1.98128,17.0448,0.121192
2.98516,16.9942,0.102264
3.97603,16.8764,0.109735
4.96106,16.9684,-0.034611
5.96803,16.9841,0.012534
6.99798,16.8847,-0.0771935
8.05014,16.9034,-0.0963836
9.06983,16.9271,0.112183
10.0649,16.9156,0.0621326
11.1265,16.9398,-0.137428
12.152,17.0005,-0.132041
13.1897,16.9902,0.00754723
14.1634,17.0005,-0.237617
15.1395,17.0134,0.0112918
16.0601,17.0175,-0.338667
17.0598,16.9861,-0.278796
18.0548,17.0359,-0.275613
18.9872,17.0236,0.208264
0.0185583,17.9898,0.0210181
1.02001,17.9745,0.185571
2.045,18.0305,0.0624531
3.00049,17.9766,-0.193457
4.00873,17.9509,-0.0852504
4.9898,17.987,0.0283853
5.96124,17.9753,-0.20961
6.97967,17.9222,-0.142994
8.02885,17.9463,-0.126673
8.99366,17.9618,0.112714
10.0189,17.9922,0.0304605
11.0008,17.9035,-0.367898
12.0312,17.9855,-0.216263
12.9534,17.9778,0.101669
13.9642,17.9353,0.00797449
15.0238,18.0424,-0.142518
16.0432,18.0046,-0.0790948
17.0199,17.9713,-0.113013
18.0136,18.066,-0.425205
18.958,17.9873,-0.0773095
-0.00644246,19.0049,0.155647
0.998468,18.9718,-0.0457595
2.00355,19.0363,-0.208219
2.97407,18.9647,0.0526353
3.97659,19.006,-0.0335582
5.02687,19.0046,-0.0955199
6.02907,18.9781,-0.174718
7.03031,18.9874,-0.176095
8.07314,18.9946,-0.0876186
9.06226,18.9844,0.201361
10.0905,19.0042,0.100922
11.069,18.9518,-0.0982879
12.0641,19.0296,-0.285504
13.0526,18.9957,-0.0511551
14.0487,18.947,-0.0546861
15.0295,18.9893,0.150792
16.122,18.9908,0.126121
17.0968,18.9522,0.12208
17.9999,19.0496,-0.351155
18.9696,18.9971,-0.00960417
