0.0193945,0.057915,0.0277261
1.02715,-0.00836207,-0.0663778
2.06457,-0.000375378,-0.0449141
3.09078,0.00441603,-0.00777917
4.0779,-0.0358867,-0.142506
5.10872,0.00677206,0.0437483
6.07457,0.00590533,-0.175558
7.09721,-0.0402783,-0.245387
8.06578,-0.0443037,-0.349507
9.05624,-0.0126774,-0.110965
10.0688,-0.0252235,-0.14958
11.0603,0.0286233,-0.0716971
12.0524,-0.0058565,-0.0170751
13.0213,0.0314829,-0.0390515
14.0213,0.0100009,-0.00174871
14.9639,0.0947386,-0.124146
16.0022,0.00153203,-0.168078
17.0289,-0.000689718,-0.0673666
17.961,-0.0143223,0.229447
18.9683,0.0301004,0.0794855
0.0613636,1.07809,0.133882
1.0237,0.995343,-0.182971
2.0287,0.988577,-0.0931944
3.07986,0.947682,-0.370315
4.09307,0.960814,-0.345262
5.05501,1.00693,-0.100269
6.09493,1.02391,-0.307624
7.06752,0.978603,-0.489581
8.10313,0.941984,-0.509488
9.1069,0.961507,-0.305884
10.1009,0.957225,-0.271181
11.1115,1.05,0.0422315
12.0495,1.016,-0.256044
13.0828,1.07299,-0.0521897
14.0646,1.02905,0.263686
15.0091,1.08661,-0.0996368
16.0266,0.987191,-0.147517
17.0033,0.981793,-0.342045
18.0056,0.951686,-0.17239
19.0512,0.972845,-0.346214
0.00347606,2.05215,0.222544
1.00067,1.97454,0.0546403
1.95484,1.95668,-0.364892
2.96473,1.92148,-0.189282
4.00169,1.87565,-0.0552843
5.02616,2.01456,0.0537065
6.00087,1.99811,-0.248189
7.03118,1.99349,-0.340779
8.07826,1.93125,-0.256908
9.08778,2.05888,-0.471654
10.0598,1.94651,-0.188928
11.011,2.00505,-0.297696
11.9951,1.98742,-0.116346
13.0206,2.02887,0.151659
14.0394,2.05511,0.0881771
15.0337,2.05589,0.214368
15.9572,2.00531,-0.195309
16.9513,1.98172,-0.144594
17.9836,1.99789,-0.156551
19.0065,1.94353,0.0255043
0.0483505,3.06028,0.0321757
1.04241,2.97386,0.161071
2.03758,2.87684,0.125983
2.99277,2.90579,-0.113083
4.02138,2.89611,-0.0627918
5.03319,3.04939,-0.0707663
6.07783,2.99699,-0.187286
7.05217,2.93757,-0.0194678
8.00135,2.94865,-0.352852
9.07216,3.02669,-0.265682
10.103,2.97099,-0.29266
11.1261,3.01742,-0.161299
12.0434,2.98031,0.200204
13.0388,3.08095,-0.00127567
13.9785,3.02843,0.397058
14.9565,3.06135,0.121821
15.9629,2.98632,-0.156151
16.9717,2.97456,0.118119
18.0134,2.95846,0.172958
19.0322,2.95943,0.130461
-0.0104953,4.08202,0.158351
1.00319,3.97685,0.0396649
2.0322,3.88995,0.144935
2.99158,3.93941,-0.188922
3.99145,3.95181,-0.11821
5.01591,4.04257,-0.171117
6.04308,3.98855,-0.113324
7.05788,3.93228,-0.257491
8.01722,3.97714,-0.0418928
9.02503,4.10591,-0.194476
10.064,4.02842,-0.123731
11.085,4.06384,0.0620594
12.0656,4.05511,0.0218848
13.0436,4.04213,0.310627
14.0916,4.01551,0.298358
15.0377,4.07241,0.0183508
16.0566,3.99258,-0.146001
17.0268,3.9977,0.222929
18.0714,3.99769,0.237184
19.0069,3.90603,-0.130262
0.0235176,5.02824,-0.144749
0.977679,5.03094,0.153252
2.014,4.84571,-0.0276376
3.0323,4.95708,-0.107822
4.03672,5.0052,-0.00192572
5.02915,5.06223,-0.0604816
6.10345,4.95137,0.0889248
7.07902,4.97908,-0.28721
8.09331,4.96793,-0.091818
9.13779,5.08649,0.0386364
10.1366,5.08328,-0.237431
11.1259,5.03565,-0.165667
12.1088,5.08627,0.100174
13.0986,5.01638,-0.112308
14.0578,4.99609,0.130821
15.0089,5.11957,-0.135859
16.0406,4.99982,-0.00827052
16.9891,5.05654,0.42458
18.0037,4.95738,0.554241
18.9843,4.89123,0.239201
0.0582781,6.01712,0.0812525
1.09893,6.02848,0.0712882
2.08818,5.86056,-0.142189
3.10884,5.93564,-0.240596
4.1483,5.95323,-0.412043
4.94372,5.98634,0.207727
5.96881,5.94623,0.0366375
7.02888,5.952,-0.122059
8.05759,5.98284,-0.138105
9.08222,6.05612,-0.154906
10.069,6.12083,-0.127079
11.0653,5.99937,0.068276
12.1498,6.12829,0.111609
13.1644,6.04418,0.0188269
14.163,6.03146,0.237321
15.1479,6.02491,0.308536
16.0755,6.07038,-0.0295999
17.0857,5.9868,0.039494
18.0515,5.9455,0.35273
19.0268,5.9649,0.185211
0.00183416,6.96597,-0.206235
1.07789,6.97946,-0.291458
2.13534,6.84611,-0.136686
3.13737,6.96456,-0.0839839
4.14472,6.88591,-0.106418
5.14982,6.93484,0.0286935
6.1284,6.93648,0.180764
7.14846,7.00642,-0.0468062
8.16052,6.94314,-0.2241
9.10039,7.09592,0.12804
10.0723,7.1225,-0.128373
11.0536,7.04465,0.172005
12.0281,7.17262,0.0178442
13.0047,7.03549,-0.0924039
13.9682,7.0397,0.11453
15.026,7.01779,0.139787
16.0081,7.01562,0.403998
17.0017,7.02526,0.283499
18.0072,6.99252,0.370775
19.007,6.9471,0.234242
-0.00959502,7.97185,-0.0913663
0.989956,8.03646,-0.108216
2.01131,7.90137,-0.128562
3.04657,7.97635,-0.131404
4.07044,7.95339,-0.100787
5.06485,7.91434,-0.0723563
6.09058,7.98674,0.0669881
7.11738,8.05025,-0.0658742
8.11617,7.91032,0.0346965
9.11241,8.09482,0.18544
10.1392,8.1371,0.0558733
11.1292,8.04227,0.284643
12.1162,8.22948,0.0191504
13.0966,8.02654,-0.255647
14.0835,8.04242,0.128742
15.116,8.03279,0.158333
16.1314,7.96344,0.182727
17.069,7.99563,0.556709
17.982,7.98709,0.110733
19.0082,7.97123,0.103397
0.00418409,9.03113,-0.0405316
1.01158,9.05412,0.0194037
2.07647,8.90548,0.138987
3.05071,8.98053,-0.0648976
4.05654,8.99273,0.0432936
5.0907,8.91183,-0.0562517
6.08517,9.00359,0.102795
7.08312,9.03446,0.185717
8.11754,8.96453,0.183813
9.09362,9.09672,0.121982
10.1249,9.16257,0.100693
11.1404,9.0872,0.20575
12.1151,9.2547,-0.0102176
13.0712,9.04198,-0.225181
14.0696,8.9975,-0.304233
15.0848,9.00225,-0.134843
15.9873,8.94182,0.38276
17.0313,8.98324,0.321662
18.0129,8.98948,0.104761
19.0073,8.97422,0.130799
-0.0284249,10.0932,-0.237684
0.995437,10.0456,-0.194375
1.98621,9.99173,-0.0290139
3.02793,10.0332,0.0489242
4.07084,10.0432,0.10477
4.98186,9.93984,-0.22584
5.95813,10.0119,-0.025425
7.00335,10.0339,-0.0104617
7.98225,9.96723,0.271239
8.97143,10.0715,0.462978
10.007,10.0974,0.571178
10.9471,10.0449,0.0925291
11.9276,10.214,-0.194897
12.9602,10.0493,-0.0363536
13.9801,9.98229,-0.247755
14.9512,9.99423,-0.0423139
16.0311,9.85845,-0.0897977
16.9466,9.97066,0.284158
17.979,9.94869,0.239888
19.037,9.96102,0.161299
-0.0708609,11.0004,0.293817
0.919468,11.0492,0.00612201
1.9624,11.0181,-0.10126
3.00609,10.9912,-0.281457
4.05087,10.9586,-0.301727
5.09716,10.9401,-0.259734
6.10803,11.0627,-0.168657
7.06382,11.066,0.104556
8.05527,10.9769,0.317203
9.02524,11.085,0.264199
10.0144,10.9923,0.0467818
11.0016,11.0491,0.442784
11.9476,11.1991,0.0189642
12.9516,11.0276,-0.01077
13.9534,10.9792,-0.180749
14.9638,11.0053,0.0656056
15.9729,10.8608,0.0106876
16.9689,10.9685,0.233439
17.9504,10.9703,0.000448622
19.004,10.959,0.0640797
0.0468886,11.9889,0.0671773
1.01072,11.9636,-0.345927
1.9857,12.0173,-0.00691244
2.97281,12.0667,-0.218824
3.9818,12.0198,-0.134095
4.99171,11.9297,0.0553484
5.97255,12.125,-0.201636
6.92415,12.1172,0.157314
7.88054,11.9841,0.106568
8.91384,12.0879,0.232984
9.89629,11.9847,0.317521
10.9095,12.0388,0.276232
11.9005,12.1477,0.456252
12.9089,12.0513,0.299924
13.8622,11.9416,0.18124
14.8737,11.9231,0.426753
15.7855,11.8681,0.0620014
16.7972,11.9474,-0.0531846
17.8644,11.9456,-0.170614
18.9156,11.9693,-0.0350902
0.0158147,12.9672,0.24341
1.01969,12.8545,0.0758171
2.03404,13.03,-0.0622822
3.03433,13.0967,-0.173562
4.06568,13.0437,-0.144691
5.0767,12.8974,-0.16939
6.03493,13.137,-0.371682
7.05581,13.1305,-0.10669
8.07744,12.9632,-0.0405622
9.07115,13.0447,-0.00942106
9.98613,13.0191,0.341942
10.9539,12.9844,0.0281442
12.0019,13.0948,0.165548
13.0078,13.0378,0.384866
13.9682,12.9346,-0.029075
14.9789,12.7707,-0.114887
15.9493,12.8802,-0.00124516
16.9788,12.9859,-0.0617695
17.9828,12.9553,-0.101065
18.9834,12.982,-0.071868
-0.0455672,13.8372,-0.282788
1.00597,13.8824,-0.173507
2.01368,14.0132,-0.184097
3.05374,14.0864,-0.322184
4.08581,14.0917,-0.0865444
5.05233,13.932,-0.174566
6.04823,14.0317,0.104691
7.03288,14.1269,-0.246684
8.05809,14.0002,-0.116126
9.05681,14.024,-0.292975
9.92397,14.0535,0.194638
10.9629,14.013,0.197571
11.9929,14.0823,0.395532
13.0024,14.0118,0.303983
14.0439,13.9165,0.393374
14.9985,13.8024,0.141813
15.9684,13.9308,-0.0220923
16.9647,13.9956,-0.153166
17.9753,13.9709,-0.224442
18.9908,14.0327,-0.288311
-0.012125,14.8462,-0.193619
0.970797,14.9122,-0.196927
1.96584,15.0311,-0.23263
2.95873,15.0615,-0.17962
3.98748,15.0298,-0.382665
5.00695,14.9441,-0.163146
5.96988,14.9155,-0.36418
6.96044,15.1501,-0.414609
7.91834,14.9919,-0.312677
8.88519,15.0244,0.0736747
9.92491,15.042,0.0150121
10.9429,14.9093,-0.211713
11.9358,14.9747,-0.0487503
12.9735,14.9567,0.0245857
13.9638,14.9232,0.0710898
14.9874,14.8315,0.241844
15.9997,14.9674,0.139448
17.0066,14.943,0.16238
17.935,14.9938,-0.204791
18.9624,15.0452,-0.160353
-0.00932951,15.9068,-0.0972472
1.00534,15.8811,0.0929502
1.92064,16.0126,-0.32837
2.8987,16.0402,-0.148125
3.91289,16.0057,-0.0685629
4.96244,16.0036,-0.0494736
5.95513,15.932,-0.150105
6.8963,16.0015,0.0555345
7.88806,16.0071,-0.175011
8.92909,16.0099,0.0391888
9.91557,15.9949,-0.260613
10.9141,15.9376,-0.294504
11.9675,15.9674,-0.185656
12.9352,16.003,-0.00454421
13.8997,15.9577,0.106595
14.8693,15.9128,0.272134
15.8722,15.9602,0.149196
16.9212,15.9294,0.106687
17.9481,15.9943,0.0357677
18.9882,16.0257,0.147911
-0.0267983,16.9187,-0.056975
0.97759,16.9186,0.041142
2.02943,16.9527,0.0749718
2.99245,17.0431,-0.149959
3.93906,16.9829,0.0448347
4.91468,16.9891,0.104819
5.87287,16.9405,-0.184692
6.8768,16.9795,-0.155217
7.89156,17.0223,-0.154613
8.90598,16.9339,-0.360973
9.88437,16.9998,-0.148717
10.9035,16.9438,-0.190191
11.94,16.9825,-0.257356
12.9438,17.0336,-0.00512711
13.9399,16.9834,0.139863
14.9807,16.9428,0.177783
15.9554,16.9101,-0.0980255
16.982,16.9607,-0.143074
18.0043,16.9815,-0.0531663
18.9962,16.974,-0.142296
0.0278939,17.912,0.111203
1.00281,17.9736,0.0931639
2.00252,17.9392,-0.0396588
2.96208,18.0296,-0.250069
3.982,17.9713,-0.224091
4.97448,18.0223,-0.0445296
5.99078,17.9452,-0.0657826
7.02156,18.046,-0.116587
8.05209,18.0389,0.039552
9.06358,17.939,-0.213282
10.037,17.9525,0.0653249
11.0108,17.9121,0.155907
11.9488,18.0009,-0.161
12.889,17.9992,0.196521
13.9439,18.0085,0.216645
14.9651,17.9749,0.0272805
15.9762,17.9074,0.0807703
16.961,17.9822,-0.100027
18.0012,17.962,-0.0795404
18.9712,17.9816,0.0971038
0.0179662,18.9434,0.24442
1.0381,19.0093,0.225083
2.01445,18.9737,-0.0716025
2.99992,19.0084,0.114765
3.99338,18.9781,0.0153874
5.01713,18.997,-0.157506
5.98388,18.9864,-0.0794397
6.9637,19.0191,-0.327107
7.93887,19.0146,-0.170135
8.94871,18.9691,0.0696036
9.9715,18.9636,0.00658895
10.9342,18.9517,0.210025
11.9637,18.9878,0.0738731
13.0167,19.0114,0.0682455
14.0224,19.0069,0.231547
15.0257,19.0141,0.0255806
15.9938,18.9854,0.0737785
16.9753,18.9906,-0.0337718
17.9725,19.0018,-0.11735
18.9895,18.9828,-0.0514115
