-0.145164,1.1273,-1.06859
0.0181372,1.39633,-0.0981994
0.011127,2.39907,-0.0487808
-0.0152135,3.42452,-0.0921995
-0.203931,4.38226,-0.25483
-0.0980956,5.35346,-0.530201
-0.124378,6.37194,-0.299957
-0.138881,7.36786,-0.359639
-0.159545,8.39255,-0.461843
-0.21438,9.35755,-0.446809
-0.121555,10.3984,-0.527219
-0.130351,11.3315,-0.136119
-0.302133,12.3006,-0.474703
-0.16737,13.3255,-0.627235
-0.0884426,14.2258,-1.03719
-0.0952849,15.2207,-0.829817
-0.140477,16.1712,-0.343071
-0.25551,17.1244,0.0352702
-0.114283,18.0921,0.156697
0.0977081,19.1187,-0.0561541
0.0639607,20.0871,-0.26747
-0.190249,21.0211,-0.0114353
-0.191241,22.0213,0.324143
-0.10249,23.0435,0.292401
-0.136143,23.9456,-0.233436
-0.16704,24.9619,-0.0197882
-0.0440504,25.9485,0.17384
-0.0100162,26.8112,-0.417304
-0.0707633,27.7673,-0.185434
-0.179141,28.7583,-0.271282
0.852568,1.24653,-0.784182
1.01587,1.69014,0.0628529
0.964138,2.73296,0.137556
0.950969,3.66079,-0.234046
0.835273,4.67296,-0.190002
0.906351,5.62128,-0.33032
0.837053,6.61355,-0.295904
0.845357,7.60789,-0.331278
0.866265,8.59646,-0.231779
0.762688,9.53004,-0.588202
0.915653,10.5037,-0.270565
0.843718,11.5587,-0.377554
0.741917,12.5154,-0.702786
0.790301,13.4924,-0.978741
0.876919,14.4044,-1.48675
0.874856,15.3449,-1.04831
0.794916,16.2062,-0.569475
0.687448,17.2184,-0.440089
0.865923,18.0647,0.0802179
1.04622,19.0736,0.215967
1.15508,20.0027,-0.270611
0.78999,20.981,-0.380273
0.822861,21.9002,0.158943
0.934846,22.9102,0.202884
0.887353,23.9018,-0.0190893
0.863979,24.8833,-0.108524
0.997314,25.8626,0.118155
1.04086,26.8217,-0.198788
0.980239,27.8329,-0.0552416
0.821436,28.8325,-0.130564
1.81427,1.73947,-0.751753
2.03444,1.79571,0.231349
2.03053,2.82026,0.153249
1.97706,3.79353,-0.24944
1.87973,4.7998,-0.253871
1.90342,5.7983,-0.513541
1.86259,6.8204,-0.36024
1.81726,7.8405,-0.264089
1.89178,8.8436,-0.210047
1.77754,9.78043,-0.627226
1.84383,10.7893,-0.630287
1.83153,11.7898,-0.500015
1.78617,12.6306,-1.05303
1.80981,13.6137,-1.23665
2.00831,14.5284,-1.52345
1.9146,15.3872,-1.00859
1.80494,16.1612,-0.386572
1.71809,17.1832,-0.49928
1.86104,18.1549,-0.32808
2.08116,19.0465,0.14771
2.19894,19.9904,-0.190332
1.77636,20.8746,-0.387667
1.80623,21.8502,-0.0540696
1.92211,22.7899,0.309317
1.84941,23.767,0.164711
1.87659,24.6953,-0.207004
2.02482,25.6799,-0.0427808
2.03508,26.6599,-0.215943
2.01767,27.6554,-0.155
1.8319,28.6991,-0.138142
2.84868,1.87925,-0.710508
2.90682,2.28288,0.207535
2.89822,3.32132,0.234004
2.9681,4.12055,-0.444881
2.88226,5.1259,-0.355443
2.83497,6.11941,-0.360579
2.84877,7.14689,-0.309595
2.78171,8.13149,-0.415693
2.89893,9.13658,-0.23437
2.87034,10.0535,-0.580538
2.89354,11.0442,-0.708075
2.84374,12.047,-0.538395
2.80036,12.8183,-1.14746
2.82576,13.8062,-1.19379
2.99448,14.5591,-1.78359
2.92509,15.4183,-1.24725
2.7762,16.0389,-0.452977
2.73776,17.0201,-0.479592
2.86086,18.0335,-0.296695
3.13185,18.9198,0.0313272
3.22896,19.8884,-0.227409
2.76806,20.7324,-0.416172
2.81207,21.6701,-0.0447768
2.9489,22.7285,0.235411
2.85038,23.7425,0.248521
2.86051,24.7261,0.1257
3.07043,25.7203,-0.0963439
3.09179,26.6955,-0.31525
3.02617,27.7499,-0.190262
2.79898,28.6479,0.227345
3.89117,2.17571,-0.686657
3.89203,2.49809,0.274648
3.89928,3.5011,0.0919279
3.97567,4.38987,-0.403159
3.86468,5.41525,-0.559621
3.8237,6.40217,-0.282922
3.88231,7.37173,-0.430241
3.7441,8.43343,-0.516617
3.87849,9.40471,-0.359758
3.90439,10.3269,-0.713678
3.8784,11.3878,-0.798523
3.8655,12.3873,-0.587878
3.78529,12.6617,-1.55088
3.81081,13.6413,-1.4752
4.00713,14.5621,-1.83947
4.02767,15.4562,-1.28532
3.76489,16.2206,-0.709659
3.71124,17.2471,-0.668844
3.91252,18.065,-0.107166
4.21216,19.0623,0.00351573
4.27744,20.0423,-0.308652
3.79539,20.9168,-0.435429
3.81331,21.7176,0.190613
3.9626,22.692,0.132182
3.90927,23.7071,0.160726
3.87297,24.7362,0.252293
4.08129,25.7093,0.0211646
4.09451,26.654,-0.276922
4.06958,27.6845,-0.178405
3.8909,28.6022,0.110672
4.92044,2.51139,-0.586505
4.90346,2.70669,0.431208
4.93896,3.64148,0.056801
4.95015,4.61075,-0.147017
4.96956,5.55421,-0.536457
4.87451,6.46729,-0.189169
4.93634,7.44722,-0.445164
4.81279,8.41961,-0.520981
4.90307,9.41251,-0.549144
4.92315,10.4673,-0.530961
4.93964,11.4569,-0.870821
4.88501,12.4723,-0.727012
4.8297,12.885,-1.60921
4.82684,13.864,-1.42633
5.0432,14.6208,-2.02645
5.06809,15.349,-1.2283
4.79199,16.065,-0.612189
4.76918,17.0686,-0.624219
4.8955,17.9733,-0.240373
5.28214,18.8762,-0.00974151
5.29002,19.8472,-0.278561
4.81174,20.6955,-0.338694
4.88119,21.6649,0.0456313
4.96323,22.6535,-0.0085696
4.9318,23.647,0.334971
4.88435,24.5936,0.207913
5.05816,25.5647,0.0705679
5.12327,26.5535,-0.0652211
5.06655,27.4805,-0.357253
4.89691,28.392,0.147835
5.95748,2.71618,-0.530125
5.91289,2.96099,0.461397
5.99991,3.8074,-0.0514084
5.95088,4.80828,-0.303232
5.99566,5.73122,-0.671993
5.92433,6.69197,-0.369582
5.96212,7.63778,-0.59476
5.79831,8.65735,-0.675698
5.87965,9.65552,-0.605179
5.90573,10.6258,-0.857103
5.96292,11.6495,-0.928748
5.9258,12.6729,-0.872079
5.84824,13.0748,-1.7692
5.8934,14.0806,-1.47468
6.01816,14.5892,-2.36901
6.00253,15.0485,-1.45302
5.74369,15.9235,-0.943754
5.75881,16.8993,-0.615387
5.97336,17.8228,-0.279134
6.28854,18.7787,-0.301892
6.31326,19.7474,-0.481091
5.8589,20.6356,-0.461831
5.86556,21.5295,-0.0269265
5.95932,22.5278,-0.140739
5.87453,23.4605,0.161223
5.90683,24.4361,0.381017
5.97264,25.4684,0.4348
6.09919,26.3868,0.0666005
6.01551,27.4294,-0.116514
5.94653,28.3895,-0.0657582
7.00702,2.71713,-0.306738
6.90572,3.24923,0.594519
6.98497,4.01794,-0.0457411
6.96695,4.99414,-0.388424
7.00564,6.00355,-0.49241
6.90341,7.00029,-0.329893
6.99491,7.97366,-0.618793
6.79594,8.93731,-0.657015
6.89795,9.97144,-0.690533
6.8711,10.9384,-0.937806
6.97544,11.8985,-1.07682
6.94317,12.9347,-1.07408
6.9155,13.2144,-2.06004
6.87287,14.2296,-1.75765
7.00768,14.5112,-2.70176
6.92886,15.1662,-1.89184
6.76471,15.8891,-1.12543
6.78538,16.8562,-0.86386
6.99842,17.7878,-0.517841
7.2012,18.7827,-0.600809
7.29717,19.8111,-0.48843
6.85747,20.7431,-0.307852
6.80985,21.5243,0.300775
7.00077,22.4269,-0.0456435
6.90453,23.4076,0.0858547
6.89843,24.3562,0.424183
6.88346,25.2687,0.0548387
7.08396,26.2725,-0.0194525
6.9826,27.2774,0.232487
6.89819,28.0399,-0.462288
8.00245,2.63175,-0.159236
7.92777,3.49625,0.368416
7.88186,4.49008,0.123405
7.94172,5.32808,-0.332011
7.91649,6.36217,-0.554152
7.83731,7.3985,-0.324485
7.92249,8.33099,-0.70459
7.78759,9.30827,-0.573205
7.92593,10.289,-0.543675
7.83404,11.1322,-1.15218
7.98643,12.1739,-1.30332
7.9992,13.2043,-1.21564
7.99186,13.2143,-2.20645
7.87381,14.1934,-2.04034
7.94174,14.794,-2.83797
7.95921,15.1987,-1.89586
7.7361,16.0262,-1.33456
7.79275,16.9814,-1.07936
7.95352,18.0021,-0.889743
8.15213,18.988,-0.888281
8.33372,19.7861,-0.336848
7.8306,20.6264,-0.491412
7.86344,21.4596,0.0448195
8.0161,22.4544,-0.163463
7.92244,23.3764,0.268682
7.85237,24.3549,0.0655446
7.87864,25.2801,-0.261376
8.08943,26.175,0.149599
7.99362,27.2036,0.0787469
7.90857,28.1997,-0.143699
9.02401,2.73829,0.118766
8.91573,3.65422,0.542549
8.93415,4.5208,0.0103214
9.02116,5.47508,-0.275777
8.89305,6.47019,-0.300388
8.88221,7.48386,-0.407489
8.93137,8.47832,-0.555397
8.7812,9.5246,-0.456175
8.93919,10.462,-0.831693
8.85429,11.4158,-1.09788
8.99913,12.4635,-1.30642
8.95295,13.4474,-1.5363
8.93487,13.5104,-2.52943
8.85492,14.2885,-1.89498
8.9704,14.699,-2.827
9.00571,15.2556,-1.96227
8.7969,16.0553,-1.4081
8.80278,16.9569,-1.02243
8.94224,17.8684,-0.622227
9.12394,18.7961,-0.925459
9.2765,19.7211,-0.689523
8.83681,20.5973,-0.530522
8.86905,21.5861,-0.29631
9.0571,22.604,-0.240281
8.91451,23.4667,0.245756
8.81494,24.3173,-0.259487
8.87525,25.3305,-0.0517106
9.1273,26.2784,0.343522
8.99466,27.3181,0.353847
8.96652,28.1656,-0.297211
10.0637,2.85115,0.442375
9.91698,3.81928,0.339158
9.99391,4.77455,-0.0325877
10.0312,5.70358,-0.481347
9.93603,6.6822,-0.389673
9.90026,7.69526,-0.279379
9.93952,8.67594,-0.498727
9.75802,9.70059,-0.429093
9.91735,10.5922,-0.957045
9.8848,11.6391,-1.07122
10.0252,12.6072,-1.13924
9.95134,13.409,-1.72355
9.92845,13.6916,-2.65731
9.86922,14.3122,-1.79296
10.0228,14.4664,-2.80537
10.0818,15.1268,-1.97655
9.83387,15.9191,-1.38121
9.81836,16.8325,-0.874175
9.9779,17.8537,-0.807312
10.1358,18.8558,-0.926325
10.2246,19.713,-0.38066
9.83527,20.6206,-0.581719
9.89262,21.5447,-0.216852
10.0781,22.5054,-0.298489
9.90856,23.49,0.0962218
9.81756,24.3713,-0.448155
9.92709,25.3315,-0.0421064
10.1073,26.2922,0.0578387
9.88205,27.2988,-0.0748192
9.91514,28.1203,-0.630445
11.0992,2.88119,0.265322
10.9602,3.91114,0.265728
11.0653,4.81637,-0.138307
11.0438,5.82399,-0.295163
10.9609,6.82303,-0.483489
10.949,7.85164,-0.274929
10.9232,8.89572,-0.329548
10.7703,9.8145,-0.677792
10.9158,10.8184,-0.884017
10.9507,11.8242,-0.866195
11.0303,12.6918,-1.37732
11.0342,13.5971,-1.77494
10.9972,14.0526,-2.67055
10.9259,14.361,-1.64798
11.0014,14.4174,-2.6986
11.0782,15.1302,-1.99102
10.8313,15.9988,-1.58265
10.7993,16.7659,-0.94499
11.0013,17.7492,-0.917005
11.1352,18.7599,-0.866771
11.2754,19.7096,-0.5099
10.8044,20.5584,-0.133085
10.919,21.5494,-0.322718
11.062,22.5701,-0.0592242
10.9333,23.5336,0.13177
10.8253,24.2806,-0.564956
10.915,25.2771,-0.292898
11.1389,26.1928,0.035139
10.886,27.1887,0.0130345
10.9053,27.8795,-0.736
12.0984,2.89373,0.467388
12.0055,3.85608,0.173925
12.1377,4.82493,-0.059975
12.0634,5.76998,-0.514368
11.9745,6.80154,-0.520542
11.9484,7.79599,-0.504526
11.9323,8.8431,-0.610169
11.8149,9.86198,-0.672854
11.9496,10.8257,-0.982138
11.9745,11.853,-0.891363
12.0727,12.7812,-1.37603
11.9848,13.5246,-2.03096
11.9809,14.089,-2.83691
11.9558,14.3671,-1.76257
11.9785,14.7814,-2.74524
12.0884,15.2936,-1.90782
11.7859,16.2847,-1.86472
11.8113,16.8697,-1.04644
12.0046,17.8387,-0.91633
12.1743,18.7711,-0.68811
12.2926,19.7597,-0.445164
11.8363,20.6669,-0.285101
11.9267,21.6501,-0.0416822
12.059,22.6076,0.272729
11.9884,23.6498,0.322221
11.8413,24.2361,-0.485174
11.9018,25.1724,-0.196243
12.1488,26.1642,-0.121122
11.7901,27.0281,-0.375216
11.8964,28.0024,-0.582876
13.0722,3.07345,0.306171
13.0434,4.00852,0.0123478
13.1422,4.98083,-0.194555
13.1159,5.90614,-0.583111
13.0046,6.89109,-0.605887
13.0202,7.89644,-0.561025
13.0036,8.87538,-0.720396
12.8852,9.90197,-0.61745
13.0251,10.8514,-0.987451
12.9962,11.8504,-1.08106
13.1569,12.8047,-1.39068
13.0509,13.5852,-2.05771
12.9811,14.1684,-2.82807
12.9906,14.3912,-1.77805
12.9855,14.6601,-2.73575
13.0741,15.2298,-1.92096
12.8404,16.2385,-1.82109
12.8335,17.0196,-1.25398
12.9734,18.009,-1.18681
13.1828,18.944,-0.946269
13.2836,19.9123,-0.744282
12.8066,20.7901,-0.460683
12.9628,21.7584,-0.160677
13.1171,22.572,0.438862
13.0424,23.5614,0.257317
12.881,24.2833,-0.393851
12.9662,25.2526,-0.101813
13.2164,26.2104,0.0597491
12.7835,26.9651,-0.526331
12.9435,27.9529,-0.504508
14.0885,3.0919,0.275118
14.0882,4.12579,0.0975158
14.1312,5.06281,-0.292068
14.0886,5.9566,-0.770067
14.0754,6.93617,-0.722929
14.0228,7.94607,-0.765423
13.9968,8.9659,-0.700913
13.9614,9.9543,-0.650102
14.034,10.8576,-1.11863
14.0843,11.8505,-0.996881
14.1489,12.8139,-1.32481
14.0838,13.5837,-1.96019
14.0614,14.1425,-2.78074
14.027,14.4418,-1.8447
13.9828,14.8967,-2.76811
14.061,15.3402,-1.87858
13.8284,16.2447,-1.65184
13.8203,17.1606,-1.26555
14.0016,18.0762,-0.925718
14.1794,19.0708,-0.818073
14.1799,19.8685,-0.195834
13.8073,20.7876,-0.325703
13.9719,21.8016,-0.323927
14.1515,22.6401,0.264278
14.1187,23.6032,0.0570177
13.851,24.4684,-0.406958
13.9987,25.3953,-0.0100284
14.2872,26.3492,0.0204871
13.8144,27.1619,-0.480908
13.9191,28.1162,-0.189477
15.1245,3.29931,0.305649
15.1236,4.27945,0.151256
15.1812,5.25038,-0.0158574
15.1484,6.05851,-0.73773
15.0843,7.06176,-0.542228
15.059,8.01551,-0.907666
15.0618,9.00647,-0.61915
14.9933,9.97821,-0.870406
15.0909,10.9666,-1.16825
15.1527,11.9633,-1.06743
15.187,12.908,-1.31243
15.1014,13.6351,-2.04937
15.0578,14.3382,-2.82023
15.0864,14.4679,-1.8706
15.0224,14.9206,-2.75906
15.0689,15.3356,-1.84408
14.8464,16.2796,-1.73149
14.8783,17.1963,-1.26886
15.0104,18.1267,-0.919614
15.2058,19.0893,-0.944813
15.1636,19.9809,-0.472475
14.7575,20.8005,-0.0252815
15.0318,21.8228,-0.191958
15.1413,22.6903,0.280679
15.0969,23.536,-0.223713
14.8915,24.5223,-0.393304
14.9863,25.5263,-0.0822413
15.3335,26.4318,0.207208
14.8264,27.0824,-0.367278
14.9069,28.0428,-0.0747612
16.1683,3.34757,0.271496
16.1739,4.31376,0.354683
16.1706,5.18928,-0.107093
16.1328,6.16067,-0.388189
16.1062,7.13628,-0.661971
16.0537,8.15592,-0.807486
16.1219,9.12943,-0.536897
16.0297,10.1145,-0.709156
16.1395,11.0774,-0.888131
16.1912,12.0039,-1.26318
16.1622,13.0444,-1.28179
16.1038,13.8607,-1.91878
16.0982,14.2617,-2.85506
16.0604,14.7219,-1.95893
15.9959,15.0438,-2.89346
16.0052,15.6451,-2.08499
15.7856,16.5058,-1.55594
15.921,17.4746,-1.40303
15.9431,18.0681,-0.544777
16.1508,19.088,-0.602203
16.1386,20.0183,-0.272008
15.7096,20.9308,-0.276928
15.8812,21.7633,0.344795
16.1349,22.6747,0.0285989
16.0775,23.6055,-0.458257
15.9042,24.6399,-0.452373
16.0136,25.4438,0.112549
16.3105,26.4334,0.013535
15.8382,27.2579,-0.394122
15.8884,28.2079,-0.120554
17.1628,3.25797,0.254756
17.2169,4.27516,0.199484
17.1554,5.0886,-0.363527
17.1676,6.08864,-0.37716
17.1416,7.12905,-0.531196
17.0719,8.12157,-0.878326
17.143,9.1165,-0.687185
17.1028,10.1134,-0.739509
17.2149,11.1243,-0.887509
17.1768,12.124,-1.20208
17.2232,13.1503,-1.3526
17.1499,13.999,-1.95163
17.1055,14.2034,-2.92695
17.0445,14.8885,-2.21873
16.9585,15.2085,-3.19733
17.0061,15.9047,-2.42194
16.7524,16.638,-1.76862
16.925,17.584,-1.54455
17.0185,18.1165,-0.695218
17.173,19.1659,-0.645024
17.1723,20.1563,-0.409583
16.735,21.023,-0.247203
16.9253,21.7423,0.391787
17.1693,22.6783,0.076693
17.1279,23.603,-0.31612
16.9817,24.5482,-0.629194
17.0152,25.3536,0.000650044
17.2746,26.3185,-0.120426
16.8745,27.2497,-0.0716788
16.89,28.2589,-0.0320231
18.2177,3.1538,0.398291
18.2382,4.16794,0.186566
18.132,5.12379,-0.183801
18.1993,6.09785,-0.349217
18.1949,7.11484,-0.43759
18.0743,8.06004,-0.729295
18.1243,9.0779,-0.566753
18.1008,10.0683,-0.583157
18.239,11.0001,-0.985656
18.2357,12.0192,-1.1096
18.2415,12.9853,-1.4537
18.1773,13.9282,-1.89064
18.1389,14.1369,-2.87016
18.0949,14.9015,-2.16422
18.0278,15.2232,-3.18413
18.0954,15.8141,-2.33975
17.733,16.6097,-1.88283
17.9528,17.5258,-1.56815
18.029,18.0621,-0.707511
18.0843,18.979,-0.291632
18.1294,20.0108,-0.203412
17.7878,20.9399,-0.149504
17.9318,21.7655,0.371892
18.1876,22.6264,-0.124067
18.1539,23.6131,-0.201389
17.997,24.5547,-0.597748
18.1082,25.4328,-0.0324961
18.3027,26.4494,-0.0903928
17.8541,27.3385,0.106595
17.9426,28.3253,0.111737
19.1856,2.95826,0.539958
19.2223,4.00983,0.350804
19.1722,4.87535,-0.12898
19.2912,5.84938,-0.367885
19.2594,6.85523,-0.492984
19.0664,7.86485,-0.457506
19.1516,8.88619,-0.427949
19.1392,9.90297,-0.648668
19.3043,10.9467,-0.823298
19.256,11.9566,-1.06352
19.2761,12.9761,-1.34592
19.2091,13.9412,-1.7984
19.1585,13.9964,-2.8025
19.1444,14.8511,-2.2325
19.0877,15.0208,-3.23664
19.1034,15.8106,-2.52705
18.7754,16.4535,-1.79861
18.9535,17.4075,-1.52843
19.0797,17.9197,-0.655535
19.0869,18.8738,-0.409015
19.1221,19.8661,-0.0752281
18.8018,20.803,0.0229865
18.877,21.8069,-0.0123112
19.159,22.7518,0.201633
19.1226,23.7579,0.0596454
18.9849,24.67,-0.356978
19.0727,25.6365,0.0672506
19.3412,26.6049,-0.0457533
18.8215,27.4384,-0.0426283
18.9461,28.463,0.0973937
20.2036,2.81076,0.823072
20.188,3.77175,0.476421
20.1662,4.61095,-0.112421
20.2582,5.60894,-0.384402
20.3366,6.6018,-0.449892
20.1184,7.56034,-0.523923
20.1578,8.56485,-0.556926
20.0552,9.55269,-0.789682
20.2495,10.529,-0.770803
20.1985,11.5213,-1.01277
20.2188,12.522,-1.23321
20.1473,13.4773,-1.58464
20.1322,13.7341,-2.55924
20.1935,14.5789,-2.03736
20.0307,14.9994,-2.92397
20.0394,15.6338,-2.17256
19.7954,16.481,-1.69207
19.9959,17.4684,-1.37848
20.1095,18.0594,-0.577468
20.0508,19.0748,-0.699973
20.0917,19.9505,-0.25273
19.8284,20.9299,-0.0960814
19.8748,21.9197,-0.0942991
20.1057,22.7632,0.455028
20.1055,23.7611,0.13509
19.9735,24.7622,-0.133909
20.0831,25.6887,0.253093
20.3593,26.5683,-0.0854091
19.8864,27.44,0.000308237
20.0436,28.4781,0.249248
21.2157,2.71186,0.84835
21.1887,3.71567,0.753868
21.1658,4.35286,-0.0256111
21.1543,5.321,-0.0627064
21.2801,6.32293,-0.126817
21.1132,7.3259,-0.248778
21.0999,8.34269,-0.319547
21.0778,9.23262,-0.795099
21.2282,10.2815,-0.818552
21.2275,11.2885,-0.969591
21.2496,12.2912,-0.983764
21.099,13.0929,-1.5141
21.1799,13.7082,-2.31274
21.1664,14.42,-1.61438
20.9485,14.7994,-2.51187
21.0566,15.6216,-1.97003
20.8124,16.4972,-1.59745
21.0201,17.4633,-1.29574
21.1098,18.1794,-0.616654
21.0565,19.1399,-0.914771
21.1462,19.873,-0.245549
20.8653,20.7929,-0.10893
20.8606,21.8059,0.00342112
21.0762,22.6407,0.651936
21.098,23.5819,0.22385
20.9257,24.6219,0.178759
21.1083,25.597,0.400354
21.3829,26.5481,0.11251
20.9516,27.4308,0.0666402
21.0797,28.3767,0.241191
22.1765,2.51292,1.02067
22.1963,3.53775,0.873797
22.1902,4.09191,0.0486404
22.1408,5.04202,0.293466
22.2056,5.90293,-0.209961
22.0189,6.98764,-0.167418
22.0566,8.02146,-0.194363
22.019,8.96594,-0.701651
22.1763,9.96206,-0.64406
22.1969,10.9629,-0.868395
22.222,11.9666,-0.830686
22.0623,12.8897,-1.2818
22.1565,13.5717,-1.97734
22.1659,14.3014,-1.3104
21.9731,14.5995,-2.24363
22.0683,15.4305,-1.64671
21.7898,16.3242,-1.21246
22.0086,17.2907,-1.26276
22.011,18.2956,-0.982751
22.0374,19.2709,-0.868798
22.1725,20.0621,-0.287542
21.8915,20.9133,0.195236
21.8836,21.8835,0.124656
22.103,22.751,0.580291
22.1012,23.732,0.329704
21.9574,24.6474,-0.00320444
22.1252,25.5473,0.356877
22.3732,26.5476,0.334239
22.0103,27.4651,0.159975
22.0852,28.4246,0.357079
23.1872,2.48526,1.40332
22.923,2.86238,0.51933
23.1749,3.69507,-0.0345195
23.0759,4.75686,-0.0149663
23.1699,5.76408,-0.0457686
23.0614,6.79055,-0.178823
23.0638,7.83525,-0.177715
23.0005,8.74648,-0.518983
23.2198,9.71974,-0.538798
23.1936,10.668,-0.78312
23.1821,11.6762,-0.891903
23.0323,12.6428,-1.03802
23.1243,13.4309,-1.66079
23.1153,14.1899,-0.984674
22.9276,14.6292,-1.87661
23.0998,15.535,-1.43905
22.8164,16.4458,-1.07761
23.0457,17.3878,-1.35209
23.0312,18.377,-1.06144
23.0053,19.2562,-0.605789
23.1835,20.1888,-0.196362
22.9407,21.0071,0.299567
22.8973,21.962,0.035197
23.0992,22.9569,0.293695
23.047,23.8159,0.76914
22.9585,24.7014,0.310703
23.1061,25.7096,0.538426
23.3702,26.5124,-0.0149602
23.0374,27.3888,0.276034
23.1146,28.3877,0.114066
24.2368,2.40973,1.3644
23.976,2.62698,0.426557
24.2138,3.50295,-0.101212
24.0743,4.50209,-0.106925
24.1368,5.52945,-0.0697287
24.0948,6.53255,-0.0549608
24.0556,7.51183,-0.0475631
23.9621,8.46924,-0.366524
24.2347,9.46478,-0.335478
24.212,10.4255,-0.687179
24.1258,11.422,-0.778133
24.0143,12.3756,-1.01162
24.1247,13.3138,-1.3781
24.0926,14.0349,-0.711365
23.9297,14.6376,-1.46111
24.1407,15.6318,-1.47238
23.8766,16.4777,-0.921271
24.0602,17.2558,-1.49045
24.0887,18.1617,-1.07647
24.0579,19.1438,-0.702945
24.2196,20.0152,-0.186026
23.9539,20.9428,0.190887
23.9277,21.9698,0.113959
24.0836,22.9546,0.113297
24.0586,23.7627,0.705799
23.9584,24.7487,0.498181
24.1618,25.7478,0.666726
24.2838,26.7096,0.471935
24.0396,27.5889,0.0720237
24.1331,28.6344,0.21167
25.2189,2.14399,1.3288
24.9957,2.49261,0.441469
25.1868,3.38788,-0.0114231
25.1375,4.3704,-0.188098
25.1913,5.34079,0.0159795
25.1052,6.32798,-0.101096
25.1102,7.31772,-0.00387585
24.9242,8.1665,-0.563381
25.2628,9.11339,-0.51861
25.1884,10.0968,-0.615998
25.0912,11.055,-0.831111
24.9811,12.0787,-0.845592
25.1222,13.035,-1.19161
25.0722,13.8168,-0.551231
24.9478,14.5219,-1.2567
25.1283,15.4886,-1.48612
24.9163,16.3417,-0.933973
25.1017,17.2718,-1.28233
25.0801,18.262,-1.26069
25.0515,19.0448,-0.622248
25.2092,19.9192,-0.117609
24.9674,20.9329,-0.0649037
24.9884,21.9575,-0.0564989
25.0799,22.853,0.372118
25.0559,23.8347,0.606873
24.982,24.83,0.523783
25.1357,25.7789,0.804621
25.2565,26.6241,0.276772
25.0639,27.581,0.0113956
25.1853,28.5491,0.190667
26.181,1.87522,1.48578
25.9464,2.2659,0.60148
26.1412,3.0364,0.0036256
26.0712,4.01324,-0.0832759
26.182,5.04016,-0.0672445
26.1233,6.04204,0.0467116
26.0951,7.05982,0.155251
25.9016,7.87463,-0.441014
26.2696,8.83627,-0.571868
26.1825,9.83278,-0.440114
26.0738,10.7399,-0.842488
25.961,11.7642,-0.756224
26.1368,12.7559,-0.961507
26.0811,13.6421,-0.45273
25.9159,14.4599,-0.974596
26.176,15.4862,-1.15698
25.9579,16.3854,-0.790387
26.1468,17.3572,-0.997302
26.0873,18.3486,-1.19435
26.0776,18.9852,-0.40585
26.2258,19.926,-0.108457
25.9945,20.8926,-0.36241
26.0544,21.8063,-0.0267067
26.1479,22.7209,0.407056
26.0841,23.7782,0.407193
25.9935,24.7623,0.426951
26.127,25.7273,0.813593
26.2965,26.6211,0.351946
26.0877,27.5623,-0.00167241
26.1999,28.5492,0.119245
27.2376,2.04402,1.54211
26.9443,2.12352,0.557692
27.1062,2.8241,-0.150734
27.0527,3.81633,-0.122456
27.2032,4.78522,0.0529313
27.1668,5.83332,0.178979
27.1416,6.8564,0.0976165
26.9356,7.73037,-0.408216
27.1348,8.66094,-0.0363628
27.2118,9.61506,-0.203714
27.1117,10.5742,-0.631962
26.9608,11.5574,-0.807083
27.1154,12.5766,-1.03031
27.1243,13.4937,-0.650142
26.9785,14.4663,-0.990469
27.1385,15.4429,-0.90278
27.0152,16.4177,-0.691617
27.2,17.2478,-1.1996
27.1023,18.2209,-0.944234
27.1152,18.9924,-0.267052
27.2324,19.9738,-0.0647725
26.9631,20.9322,-0.145866
27.0447,21.91,-0.0108646
27.1856,22.827,0.255498
27.064,23.8534,0.182473
26.9787,24.9016,0.176955
27.1089,25.7954,0.667501
27.3076,26.6761,0.190664
27.1281,27.6661,0.199747
27.1733,28.6427,-0.136525
28.2114,2.15201,1.32642
27.9295,1.96433,0.339061
28.092,2.65364,-0.373748
28.0847,3.62664,0.00362865
28.2139,4.57331,0.318082
28.1486,5.58553,0.03155
28.1186,6.59492,0.0201941
28.0001,7.56808,-0.196478
28.1104,8.57531,-0.335572
28.2291,9.50967,0.0154393
28.1148,10.4134,-0.420045
27.9652,11.4284,-0.569335
28.1258,12.4192,-0.770101
28.1015,13.3361,-0.422254
27.9888,14.2537,-0.815482
28.1273,15.1919,-0.93039
28.0319,16.1969,-0.639155
28.1579,17.2293,-0.7931
28.1106,18.2182,-1.00882
28.1399,18.9469,-0.32284
28.273,19.9059,-0.220701
27.9743,20.8502,0.12812
28.1029,21.8106,-0.032139
28.1348,22.7974,-0.038551
28.1125,23.8308,-0.00282601
28.0273,24.8317,-0.024369
27.992,25.8332,0.10933
28.3242,26.7647,0.251936
28.1525,27.7419,0.258974
28.1958,28.6807,-0.0571886
29.0238,1.55375,1.20457
28.9114,1.623,0.192535
29.1213,2.45944,-0.345189
29.1098,3.40545,-0.0274667
29.137,4.25444,0.492486
29.1456,5.239,0.129722
29.1366,6.25858,0.066213
29.0308,7.25251,-0.119504
29.0919,8.22472,-0.349129
29.2188,9.16707,0.000442518
29.1102,10.1294,-0.244301
28.9525,11.1375,-0.36654
29.14,12.106,-0.585885
29.1345,13.1472,-0.459291
29.0198,14.1783,-0.637001
29.1101,15.1864,-0.582336
28.9977,16.152,-0.280151
29.0039,17.1735,-0.20603
29.1133,18.1232,-0.685012
29.1483,19.0304,-0.229945
29.3422,20.0142,-0.346477
29.0028,20.8388,0.0882565
29.1351,21.8527,0.0692557
29.1395,22.843,8.85037e-05
29.1308,23.8254,-0.142131
29.0442,24.8349,-0.15164
29.0282,25.8483,0.0171636
29.1963,26.8179,-0.290808
29.0851,27.8288,-0.0789239
29.2185,28.8784,-0.174853
