0.0883877,0.05038,-0.355309
0.0214423,1.325,-0.434266
-0.0258309,2.60004,-0.469106
0.0351024,3.87512,-0.531828
-0.0240333,5.12959,-0.578585
0.00320444,6.38016,-0.552055
0.117548,7.61923,-0.572848
0.0944426,8.79901,-0.570568
0.0952177,10.0073,-0.666732
0.20871,11.239,-0.714866
0.341392,12.4021,-0.811914
0.291934,13.479,-0.905948
0.375088,14.4491,-0.491015
0.232173,15.4469,-0.520688
0.119434,16.3881,-0.21268
0.239207,17.3016,-0.680926
-0.104437,18.2276,-0.343928
-0.00135197,17.1826,-0.281066
0.110587,18.0015,0.242579
-0.0142491,19.0025,0.147871
0.868746,0.761144,-0.434474
0.831474,1.95519,-0.523927
0.87575,3.15,-0.565938
0.908924,4.34268,-0.623008
0.953227,5.5409,-0.616956
0.967498,6.72714,-0.612464
1.06242,7.94885,-0.736006
1.08184,9.09823,-0.733885
1.14234,10.3078,-0.831584
1.33807,11.5133,-0.980291
1.51469,12.6639,-0.7712
1.46813,13.7449,-0.762444
1.42386,14.7075,-0.752608
1.20188,15.6569,-0.42772
1.09528,16.5441,0.0154759
1.40827,17.2344,-0.654442
0.947127,18.0697,-0.189981
1.03856,17.0695,-0.171654
1.04663,18.0471,-0.0756798
1.00029,19.0694,-0.0870663
1.85798,0.987701,-0.493985
1.79252,2.17369,-0.425886
1.89644,3.36977,-0.536302
1.87219,4.55322,-0.497189
1.91067,5.80964,-0.441566
1.96623,7.03306,-0.563771
2.00079,8.29748,-0.712851
2.0158,9.52412,-0.804321
2.11534,10.7678,-0.994269
2.34213,12.0149,-1.13547
2.6833,13.1632,-0.730937
2.39477,14.4829,-0.329749
2.05113,15.5068,-1.19858
2.13905,16.127,-0.173974
1.72495,17.1594,-0.680737
2.21325,16.9116,0.0644002
1.89415,17.7806,-0.397247
2.02956,16.882,0.00660115
2.04985,17.8682,-0.275109
1.96717,18.9147,0.00871609
2.83813,0.69093,-0.483874
2.78837,1.87921,-0.454793
2.79185,3.02308,-0.291488
2.84319,4.22985,-0.384469
2.87151,5.39665,-0.31457
2.90043,6.56508,-0.343593
2.86881,7.76004,-0.447679
2.79198,8.88177,-0.498126
2.83887,10.0448,-0.665532
2.8633,11.1708,-0.760875
2.77562,12.2117,-0.747102
2.59762,13.3523,-0.813865
2.47824,14.4451,-0.939415
2.72287,15.3839,-0.50455
2.48005,16.384,-0.353545
3.18147,17.0593,-0.500079
2.78673,17.6651,0.203958
2.90452,17.096,-0.603522
3.01925,18.0507,-0.325733
2.99767,19.0305,-0.0425001
3.82378,0.49028,-0.365368
3.86434,1.64526,-0.494024
3.80356,2.79093,-0.448521
3.78338,3.96013,-0.403299
3.83067,5.05623,-0.477126
3.81056,6.15276,-0.536781
3.75541,7.25682,-0.494375
3.6741,8.32858,-0.516529
3.65086,9.4429,-0.561913
3.63445,10.4955,-0.767602
3.61177,11.6204,-0.710877
3.42805,12.6637,-0.667971
3.27863,13.7442,-0.75388
3.55781,14.7805,-0.526804
3.43708,15.7897,-0.293576
4.10968,16.5861,-0.370156
3.81222,17.3672,0.209793
3.90686,17.2161,-0.779199
4.0307,18.104,-0.321653
3.99002,19.1202,0.0166478
4.85875,0.312647,-0.456865
4.8346,1.35262,-0.562023
4.79864,2.4268,-0.418699
4.77312,3.54152,-0.383895
4.76097,4.61385,-0.52707
4.74058,5.72886,-0.336006
4.69908,6.82392,-0.424622
4.59084,7.92659,-0.384884
4.64958,9.03367,-0.412677
4.53224,10.0992,-0.464388
4.50016,11.1825,-0.49042
4.41399,12.2176,-0.440605
4.17656,13.2709,-0.523701
4.42094,14.2325,-0.472643
4.41737,15.2322,-0.353899
4.97855,16.0982,-0.33253
4.72628,16.9744,0.155629
4.96634,17.2605,-0.78399
5.02769,18.1854,-0.377926
4.99861,19.0888,0.0267983
5.92487,0.151271,-0.454283
5.87856,1.23263,-0.622825
5.76721,2.29235,-0.558379
5.75737,3.34877,-0.537754
5.79626,4.40771,-0.476318
5.69141,5.46089,-0.478332
5.7088,6.52822,-0.402979
5.57241,7.58434,-0.424442
5.5678,8.62404,-0.47683
5.51829,9.66841,-0.602036
5.43705,10.683,-0.493139
5.32785,11.7695,-0.435768
5.15296,12.8136,-0.420499
5.39796,13.8447,-0.360686
5.36796,14.8308,-0.297476
5.70219,15.6275,0.28771
5.69859,16.6112,0.0432447
5.98389,17.2419,-0.63672
6.0336,18.2474,-0.492431
5.9649,19.0036,0.18966
6.92412,0.144667,-0.569637
6.93525,1.18429,-0.447078
6.8335,2.23242,-0.404553
6.78414,3.22922,-0.422431
6.77727,4.27195,-0.248064
6.67518,5.28218,-0.427427
6.70135,6.28925,-0.225922
6.54982,7.32799,-0.379727
6.56933,8.39322,-0.464672
6.49204,9.47019,-0.520017
6.45776,10.4531,-0.620518
6.29808,11.4957,-0.406839
6.15731,12.5106,-0.460945
6.37625,13.479,-0.159743
6.36624,14.4989,-0.121851
6.72592,15.4384,-0.00122684
6.72297,16.3944,-0.0847774
7.04949,17.1788,-0.629112
7.01404,18.1747,-0.553581
7.0378,18.956,0.0436995
7.94658,0.0194983,-0.60856
7.938,1.08147,-0.528172
7.83442,2.0844,-0.357109
7.8129,3.07855,-0.284866
7.79403,4.09455,-0.334553
7.72031,5.10792,-0.470452
7.72273,6.15075,-0.461156
7.53832,7.1564,-0.340519
7.56167,8.20437,-0.24933
7.47954,9.26237,-0.334703
7.463,10.2567,-0.547417
7.36567,11.2577,-0.443666
7.22472,12.2325,-0.368819
7.38188,13.2757,-0.28638
7.45227,14.2506,0.0696097
7.7159,15.2014,-0.044261
7.68643,16.1729,0.128639
7.96695,17.0964,-0.193789
8.00875,18.0693,-0.338307
8.05372,19.0386,-0.0605304
8.92189,-0.0630512,-0.302963
8.91787,0.951338,-0.264714
8.8805,1.99078,-0.117002
8.82233,3.01469,-0.335429
8.77511,4.05388,-0.14839
8.74177,5.09285,-0.382199
8.69556,6.08392,-0.257646
8.57341,7.13354,-0.218757
8.61241,8.20282,-0.360222
8.51617,9.2318,-0.42877
8.5552,10.2916,-0.475024
8.42099,11.2625,-0.411515
8.28983,12.226,-0.379254
8.41245,13.209,-0.255608
8.51882,14.2044,0.0426984
8.78719,15.141,0.154451
8.73099,16.1561,0.242122
9.02577,17.1093,0.00586871
8.93525,18.0787,0.0868404
9.05952,19.0471,0.200775
9.92445,-0.144307,-0.334834
9.92904,0.905774,-0.244212
9.87891,1.9235,-0.274874
9.79745,2.93821,-0.26798
9.78933,3.97434,-0.140822
9.75743,5.02696,-0.24485
9.71339,6.07481,-0.250298
9.6199,7.12949,-0.343919
9.65954,8.13719,-0.447096
9.61486,9.15012,-0.321693
9.57198,10.15,-0.415806
9.47023,11.1226,-0.499258
9.35372,12.1151,-0.276031
9.48205,13.0681,-0.109198
9.54337,14.0328,0.111417
9.77916,14.9787,-0.10333
9.73195,15.9962,-0.072808
10.0056,16.9676,0.132102
9.95908,17.9993,0.0918943
10.0714,19.0534,0.177215
10.9189,-0.052385,-0.125184
10.9267,0.991794,-0.105762
10.8705,1.99897,-0.0806726
10.8181,2.97989,-0.000250252
10.8484,4.0054,-0.0192511
10.8304,5.00476,-0.316486
10.7378,6.00059,-0.471041
10.6154,7.01226,-0.447255
10.6974,8.05081,-0.596075
10.605,9.06106,-0.477706
10.6271,10.0913,-0.328877
10.5563,11.0941,-0.425227
10.4613,12.0679,-0.211881
10.5,13.0556,-0.0885556
10.5694,14.0506,-0.0828578
10.7717,15.0367,-0.0957457
10.7364,16.0815,-0.0586871
10.989,17.0257,-0.21518
10.9339,18.0743,-0.184558
11.0728,19.0556,0.157103
11.919,0.0125889,-0.0432112
11.919,1.06139,0.0603504
11.8604,2.08098,0.235121
11.8196,3.12346,-0.00248115
11.826,4.1423,0.117875
11.8341,5.13308,-0.125523
11.7356,6.08457,-0.367388
11.6998,7.10873,-0.426832
11.7195,8.06666,-0.748207
11.6858,9.04877,-0.439683
11.6602,9.99837,-0.216022
11.5484,11.0101,-0.169643
11.5505,12.0482,-0.177367
11.5568,13.1063,-0.163866
11.6949,14.0808,-0.100177
11.8293,15.084,-0.119141
11.8272,16.0743,-0.228315
12.0114,17.071,-0.287539
11.9373,18.0928,-0.0318186
12.087,19.0665,0.117127
12.941,0.0210395,-0.0844142
12.9613,1.05381,-0.0347575
12.9277,2.0393,0.264223
12.8642,3.01313,0.0036256
12.9024,4.05011,0.119965
12.7827,4.94579,-0.287814
12.8432,5.97645,-0.327363
12.7208,7.01925,-0.420652
12.7324,8.03894,-0.593155
12.7106,9.00609,-0.380999
12.7407,10.0347,-0.288418
12.6685,11.0469,-0.232231
12.5696,12.0688,-0.246782
12.6084,13.0846,-0.116166
12.785,14.0647,-0.214573
12.8481,15.0752,-0.050325
12.8437,16.0535,-0.207727
13.0915,17.0429,-0.13726
13.0084,18.0793,-0.092169
13.0892,19.0778,-0.0790277
13.9676,-0.077105,0.0643056
13.9876,0.911328,0.160805
13.8878,1.95187,-0.0234504
13.89,2.97642,-0.109449
13.9139,3.94593,0.192303
13.8095,4.90541,-0.195364
13.8272,5.9387,-0.281152
13.7709,6.92436,-0.211158
13.7538,7.95782,-0.366839
13.7753,9.01273,-0.252058
13.7527,10.0154,-0.281893
13.706,11.0459,-0.213056
13.6709,12.0752,-0.372509
13.6374,12.9889,0.0140538
13.8031,14.0041,-0.101526
13.8946,15.0248,-0.00891446
13.9282,16.012,-0.128449
14.1159,16.9967,-0.359255
14.0576,17.936,0.129084
14.07,18.9558,0.120292
15.0141,-0.0113285,0.0259529
14.9818,0.986129,0.210636
14.9051,1.94062,-0.142598
14.8509,2.95828,0.16346
14.9402,3.9589,0.0386242
14.851,4.95323,-0.167483
14.8815,5.98793,-0.242659
14.7599,7.02076,-0.474776
14.7776,7.95704,-0.141765
14.8084,8.90601,-0.389578
14.7676,9.91431,-0.324128
14.7539,10.9479,-0.331043
14.7044,11.9751,-0.226603
14.6998,12.9677,-0.170623
14.8241,13.9975,-0.163952
14.8929,14.9627,0.0617298
14.9517,16.009,-0.0107608
15.0223,17.0272,0.11865
15.0539,18.0734,0.232514
15.0679,19.1517,0.243944
16.0123,-0.160128,-0.108741
15.9882,0.866024,0.033076
15.9212,1.88713,0.0622456
15.8567,2.9351,-0.106024
15.9187,3.96383,-0.0277261
15.9041,4.94611,-0.231626
15.9211,5.93789,-0.120704
15.7954,6.96467,-0.342582
15.8308,8.00192,-0.209494
15.7706,9.01029,-0.450255
15.7997,10.046,-0.320634
15.7904,10.9973,-0.0335795
15.7073,11.9886,-0.228791
15.7516,12.9754,-0.130061
15.8505,14.0419,-0.0200659
15.9052,15.0543,0.109653
16.0024,16.0554,0.0969909
16.0261,17.068,0.0194617
16.1064,18.0725,0.138981
16.0413,19.0587,0.0723472
17.0799,-0.042851,-0.107184
17.0228,0.93079,-0.0183905
16.9182,1.90423,-0.246016
16.9187,2.94666,-0.129344
16.933,3.96504,-0.211292
16.9475,5.00507,-0.249489
16.9686,5.98496,0.0137486
16.8559,6.98884,-0.316385
16.9105,8.02073,-0.280663
16.8506,9.03795,-0.442845
16.8128,10.01,-0.14872
16.839,11.0326,-0.125959
16.8046,12.0353,-0.363234
16.8108,12.9965,0.0113712
16.7957,14.0052,0.200601
16.9218,14.9753,0.040904
17.0383,15.9686,0.268538
16.997,16.9827,0.317136
17.1013,18.0572,0.248256
17.0459,19.0888,0.312134
18.1617,-0.144786,-0.0836085
18.0526,0.843052,0.128535
17.9229,1.87714,-0.000885037
17.9677,2.83934,-0.241279
17.9365,3.87921,-0.126756
17.9523,4.95762,-0.272512
17.9458,5.99853,-0.235643
17.8605,7.02298,-0.343361
17.9648,8.05455,-0.397247
17.8707,9.07611,-0.386468
17.883,10.0948,-0.357433
17.8653,11.1529,-0.24315
17.9206,12.1035,-0.417277
17.8453,13.044,-0.0246467
17.8842,14.0107,0.236189
17.9439,14.9974,-0.0661092
18.0683,15.9525,0.172631
17.9826,16.9646,0.00224311
18.1114,17.9159,-0.0482772
18.0343,18.8468,0.451646
19.1368,0.0165624,-0.156319
18.9903,0.99274,-0.185995
18.9492,2.01192,-0.0362987
18.9617,3.07383,-0.149831
18.9262,4.06715,-0.317185
18.9537,5.06516,-0.235725
19.004,6.07131,-0.346544
18.8776,7.01404,-0.62103
19.0219,8.00703,-0.50108
18.962,9.03453,-0.476196
18.9279,10.0708,-0.345531
18.8785,11.0667,-0.461492
18.9781,12.0365,-0.53835
18.8922,12.9161,0.0117252
18.9256,13.9182,0.127134
18.9405,14.9255,-0.0271065
19.0655,15.976,0.0470901
18.9967,16.9843,0.335057
19.1247,17.9841,0.071868
18.9962,18.9862,0.186502
