0.159593,0.56129,-2.53473
0.147774,1.84041,-2.53544
0.189279,3.16021,-2.6517
0.236317,4.4517,-2.6847
0.225245,5.71606,-2.81542
0.230717,6.96807,-2.89124
0.254509,8.2324,-2.91782
0.363225,9.46915,-2.90971
0.61829,10.722,-2.88503
0.869414,11.904,-2.79783
1.30796,13.0125,-2.46006
1.19224,14.0754,-2.43051
0.491836,14.8315,-2.54555
0.552919,15.6925,-2.00647
0.1022,16.5568,-2.05236
0.288299,17.5013,-1.7716
-0.203296,18.2301,-1.25404
0.192758,17.3491,-1.52095
-0.0781213,18.1726,-0.937773
-0.0174688,18.9389,-0.316056
0.783197,1.47481,-2.6084
0.852709,2.62452,-2.74907
0.962597,3.81343,-2.66791
1.08794,5.04648,-2.67462
1.12184,6.23641,-2.80344
1.15742,7.43612,-2.7356
1.28005,8.61682,-2.73298
1.41372,9.83224,-2.6806
1.60028,11.0643,-2.51837
1.92422,12.2652,-2.26728
2.41696,13.3235,-1.97974
2.26779,14.4865,-2.01617
1.38881,15.0732,-2.02506
1.57662,16.0735,-1.73474
0.863924,16.6499,-1.38331
1.43133,17.4557,-1.5265
0.891058,18.1789,-1.15237
1.19804,17.2669,-1.33548
0.988894,18.2776,-1.06561
0.974233,19.0722,-0.464348
1.79314,1.8234,-2.64772
1.8732,2.96095,-2.60172
1.93948,4.1342,-2.60519
2.02681,5.33757,-2.64348
2.11193,6.55283,-2.60798
2.143,7.76662,-2.6378
2.19611,8.94536,-2.46778
2.36963,10.1904,-2.31865
2.58493,11.5346,-2.21274
2.95054,12.7701,-1.88583
3.60732,13.9711,-1.54685
3.10486,15.2132,-1.4623
1.9009,15.8548,-1.68579
2.45795,16.6747,-1.41724
1.63175,17.4237,-1.28885
2.49323,17.1227,-1.24053
1.93513,18.0151,-1.08757
2.19156,17.0932,-1.18969
2.01538,18.0591,-1.02702
1.9199,19.0692,-0.803464
2.78388,1.55423,-2.57419
2.87667,2.71198,-2.57495
2.96151,3.83453,-2.66446
3.02548,4.97015,-2.64235
3.02894,6.13901,-2.62814
3.09413,7.30027,-2.53012
3.13623,8.50918,-2.50331
3.25446,9.63989,-2.41445
3.32813,10.7829,-2.2592
3.44941,11.8813,-2.13128
3.46934,12.9617,-1.85515
3.26433,14.0746,-1.68519
2.749,14.9761,-1.72953
3.0213,15.9421,-1.73187
2.59596,16.7951,-1.47724
3.34111,17.4219,-1.67972
2.90649,17.853,-0.882842
3.15133,17.2111,-1.59107
2.99206,18.1639,-1.30291
2.92555,19.1321,-1.00051
3.77426,1.21115,-2.5807
3.89271,2.33555,-2.55239
3.92709,3.44443,-2.5595
3.93302,4.55781,-2.59905
3.87308,5.60068,-2.42583
3.92307,6.66738,-2.48356
3.97367,7.80023,-2.43637
3.98336,8.86905,-2.44358
3.94506,9.93799,-2.383
3.98458,11.0444,-2.09827
3.88268,12.0826,-2.16022
3.8279,13.1517,-1.90245
3.52967,14.1737,-1.93843
3.70396,15.1629,-1.85277
3.43912,16.096,-1.65962
4.11768,16.8206,-1.68352
3.84681,17.3857,-0.91883
4.10892,17.3514,-1.87696
4.00507,18.1665,-1.25113
3.93436,19.1507,-1.00696
4.73044,0.84745,-2.50688
4.84315,1.90474,-2.46185
4.86534,2.9846,-2.59956
4.77043,4.04665,-2.4941
4.75785,5.08559,-2.36429
4.87114,6.17898,-2.40981
4.83664,7.26345,-2.34982
4.87188,8.38041,-2.43052
4.76718,9.37516,-2.2069
4.80733,10.4065,-2.0512
4.70011,11.4853,-1.95611
4.55733,12.4864,-2.00244
4.35036,13.5114,-1.96576
4.49474,14.5421,-2.04836
4.40732,15.5858,-1.70508
4.89585,16.4116,-2.10735
4.69944,17.0692,-1.29078
5.04765,17.5264,-2.12559
5.02441,18.1525,-1.34278
4.94332,18.9667,-0.817261
5.7052,0.424918,-2.40869
5.74969,1.51311,-2.22367
5.71708,2.58038,-2.23054
5.67068,3.63872,-2.27401
5.77129,4.70686,-2.24169
5.80183,5.77053,-2.28266
5.80752,6.87725,-2.39244
5.81207,7.9351,-2.34872
5.66541,8.95866,-2.21147
5.73619,10.0059,-2.15255
5.6413,10.9963,-1.97971
5.49614,12.0164,-2.00708
5.26172,12.9916,-2.02282
5.44156,14.0348,-2.04013
5.36389,15.0069,-1.80803
5.80024,15.9747,-1.7943
5.76598,16.8701,-1.28136
6.03095,17.4427,-2.0435
6.01747,18.0482,-1.24084
5.92566,19.0614,-1.04536
6.63495,0.153829,-2.09812
6.68848,1.23633,-2.12492
6.72824,2.27917,-2.22609
6.66252,3.36711,-2.05794
6.71693,4.38661,-2.10837
6.7842,5.48954,-2.2538
6.74577,6.52669,-2.34323
6.74285,7.54189,-2.30914
6.66782,8.56917,-2.19533
6.67514,9.61317,-1.96244
6.56194,10.5964,-1.82696
6.41907,11.6214,-1.8187
6.27025,12.6438,-1.91033
6.36146,13.654,-1.71954
6.40179,14.6587,-1.77392
6.69614,15.6116,-1.46625
6.79,16.6671,-1.45171
7.05574,17.388,-2.06691
7.0294,18.025,-1.2017
6.94961,18.9979,-0.997531
7.67286,-0.0380413,-1.97874
7.72683,1.0189,-2.0368
7.70625,2.07493,-1.91714
7.65986,3.11132,-1.98153
7.73301,4.20078,-2.11343
7.78719,5.24564,-2.23733
7.80133,6.24461,-2.25756
7.70903,7.31063,-2.17081
7.70766,8.33362,-2.09061
7.6908,9.40981,-1.8204
7.54227,10.3855,-1.84234
7.47425,11.4332,-1.88542
7.37186,12.4707,-1.99486
7.35171,13.4625,-1.61281
7.48773,14.4711,-1.78206
7.69228,15.4681,-1.67752
7.77804,16.4196,-1.32383
8.07446,17.1564,-1.92391
8.04357,17.9483,-1.26262
7.99953,18.8758,-0.913099
8.72401,-0.0339518,-1.88356
8.75636,0.970132,-1.89185
8.7502,1.99621,-1.78795
8.65292,2.99398,-1.79449
8.73072,4.01741,-1.95723
8.77295,5.0602,-1.91461
8.75659,6.06623,-1.98188
8.68207,7.14923,-2.02253
8.70898,8.15593,-2.1093
8.65304,9.14647,-2.01196
8.54256,10.1637,-1.85965
8.46698,11.1847,-1.68769
8.37551,12.2188,-1.79751
8.42107,13.3056,-1.66233
8.52075,14.3061,-1.62728
8.72502,15.2937,-1.72091
8.79463,16.232,-1.47808
9.0586,17.1982,-1.62153
9.02377,18.0962,-1.18824
8.95655,19.1049,-1.0433
9.69585,-0.243959,-1.778
9.71052,0.818668,-1.79198
9.79038,1.90589,-1.77446
9.66653,2.91619,-1.66255
9.75564,3.91874,-1.8732
9.78488,4.98741,-1.92339
9.74276,6.05153,-1.81214
9.66873,7.0792,-2.07028
9.76713,8.09342,-2.20683
9.62774,9.08016,-1.93057
9.59883,10.1149,-1.78447
9.53321,11.1356,-1.76447
9.40755,12.1523,-1.7322
9.44065,13.1365,-1.72424
9.51171,14.2264,-1.77518
9.71765,15.2244,-1.73522
9.82056,16.2212,-1.43704
10.0572,17.2483,-1.51102
10.0142,18.2223,-1.26763
9.97899,19.2497,-1.07222
10.6817,-0.184552,-1.49794
10.7503,0.855312,-1.71509
10.7848,1.88698,-1.55082
10.697,2.90116,-1.67901
10.7799,3.93676,-1.65949
10.7925,4.97578,-1.62441
10.7605,6.00609,-1.75422
10.7155,7.03269,-1.91767
10.6935,8.05175,-1.81344
10.6416,9.11511,-1.89725
10.5683,10.0711,-1.65721
10.554,11.0933,-1.60944
10.419,12.0853,-1.57883
10.5666,13.0862,-1.60144
10.5599,14.1128,-1.48189
10.7843,15.1604,-1.60106
10.9014,16.1463,-1.41863
11.026,17.2086,-1.27133
11.0439,18.196,-1.19886
11.0226,19.1832,-1.08572
11.7379,-0.131751,-1.47582
11.7478,0.886169,-1.5739
11.7769,1.84633,-1.33597
11.761,2.86677,-1.47186
11.7488,3.90017,-1.61894
11.8517,4.90027,-1.52291
11.7733,5.93271,-1.75397
11.7264,6.98782,-1.67813
11.7127,8.06833,-1.60305
11.6519,9.07136,-1.79382
11.6763,10.0879,-1.73539
11.6032,11.0407,-1.47837
11.5216,12.0964,-1.50993
11.5885,13.0905,-1.59625
11.6067,14.0128,-1.24625
11.8258,15.0316,-1.46091
11.9723,16.0471,-1.39751
12.0388,17.052,-1.26072
12.0435,18.0735,-1.15919
12.0657,19.1042,-1.14541
12.7702,-0.148628,-1.33417
12.828,0.879418,-1.37788
12.7887,1.90055,-1.32441
12.7825,2.93543,-1.40949
12.7379,4.01672,-1.36767
12.8628,4.96725,-1.56681
12.7841,5.95795,-1.374
12.7673,6.96204,-1.65031
12.7381,8.02306,-1.52391
12.661,9.05698,-1.58637
12.6564,10.0352,-1.47125
12.6422,11.0018,-1.39824
12.6007,12.0485,-1.62152
12.6176,13.0929,-1.51013
12.6545,14.1044,-1.25527
12.8162,15.1353,-1.17518
12.9433,16.1353,-1.08821
13.0434,17.1676,-1.26876
13.1406,18.1889,-1.1781
13.095,19.1939,-1.20358
13.8601,-0.147227,-1.43997
13.8401,0.884506,-1.48732
13.8552,1.86315,-1.24907
13.8473,2.9217,-1.29148
13.7265,3.89941,-1.21099
13.8525,4.90552,-1.31182
13.8047,5.88156,-1.44743
13.7785,6.87284,-1.59617
13.745,7.92391,-1.47844
13.6892,8.97578,-1.4384
13.7088,10.0234,-1.55372
13.6163,11.0799,-1.47107
13.6511,12.1115,-1.54123
13.6698,13.1163,-1.46463
13.7087,14.1114,-1.17817
13.8626,15.1535,-1.30484
13.9546,16.1627,-1.27564
14.0295,17.1387,-1.07785
14.1518,18.1939,-1.21011
14.0987,19.2149,-1.17741
14.9338,-0.239692,-1.49701
14.8261,0.7686,-1.44765
14.9032,1.74545,-1.29727
14.8875,2.81923,-1.18433
14.7596,3.86993,-1.37429
14.926,4.85425,-1.3556
14.829,5.91691,-1.36554
14.7443,6.97586,-1.48998
14.7922,7.98284,-1.29364
14.7385,8.9817,-1.31207
14.7318,9.99115,-1.55768
14.615,10.9889,-1.39761
14.7114,12.0191,-1.44245
14.7346,13.0214,-1.33666
14.712,14.0209,-1.31657
14.9282,15.0389,-1.27791
14.9482,16.057,-1.3317
15.0751,17.1491,-1.24015
15.1773,18.2029,-1.24317
15.1311,19.1995,-1.2977
15.9684,-0.177444,-1.48078
15.8488,0.802002,-1.51106
15.9516,1.79118,-1.18802
15.955,2.85347,-1.14207
15.7715,3.84785,-1.34753
15.9194,4.78397,-1.14874
15.8488,5.85772,-1.10374
15.796,6.93534,-1.39233
15.8153,7.96081,-1.22942
15.8525,8.97715,-1.34888
15.6592,10.0028,-1.18372
15.7188,10.9721,-1.39775
15.7395,12.0054,-1.28452
15.7652,13.0219,-1.24841
15.7681,14.0619,-1.4345
15.9778,14.9789,-1.23016
15.9781,16.059,-1.43548
16.0772,17.1114,-1.24249
16.1921,18.1496,-1.39077
16.1428,19.1496,-1.17801
17.0158,-0.317109,-1.34394
16.8626,0.726887,-1.32454
16.9615,1.71882,-1.33262
17.0113,2.75887,-1.20342
16.7915,3.77881,-1.35898
16.9065,4.79251,-1.20503
16.8372,5.83012,-1.24762
16.8472,6.87438,-1.1762
16.8582,7.86308,-1.20982
16.9089,8.91379,-1.43993
16.6382,9.92833,-1.4987
16.7627,10.9816,-1.43808
16.8024,11.9652,-1.2563
16.8129,13.0215,-1.25888
16.8099,14.0615,-1.31778
16.9644,15.1138,-1.13273
16.9557,16.1695,-1.19905
17.1191,17.1692,-1.2794
17.2238,18.2007,-1.097
17.1232,19.2687,-0.928419
18.0504,-0.256264,-1.35228
17.929,0.757653,-1.30697
17.9624,1.82839,-1.3835
17.9873,2.85973,-1.35829
17.8549,3.90682,-1.38213
17.8792,4.98218,-1.47205
17.9182,5.9507,-1.12451
17.8856,6.9909,-1.24883
17.93,7.97806,-1.09928
17.9447,8.94734,-1.28473
17.6963,9.9406,-1.39188
17.8437,10.9655,-1.33866
17.8053,12.056,-1.23631
17.8274,13.043,-1.10247
17.8537,14.1029,-1.24217
17.9892,15.0986,-1.14187
17.9934,16.1471,-1.03257
18.1311,17.1408,-1.0701
18.2365,18.1391,-1.11678
18.1606,19.1374,-1.05609
19.06,0.0680013,-1.3044
18.8845,1.01549,-1.42778
18.98,2.05006,-1.55588
19.0601,3.03859,-1.37999
18.9386,4.01469,-1.23628
18.8934,5.01068,-1.38253
18.9636,6.01641,-1.26383
18.915,7.00756,-1.14006
18.9695,8.00034,-1.18638
19.015,9.01168,-1.32862
18.6976,9.96142,-1.34176
18.892,11.0008,-1.39157
18.8612,12.0569,-1.32865
18.8731,13.0836,-1.1161
18.9009,14.107,-1.10007
19.0503,15.1205,-0.990921
19.0318,16.1231,-1.06704
19.1483,17.1129,-1.06301
19.2442,18.1221,-0.828172
19.0251,19.0645,-0.469649
