0.131004,0.349034,-1.92369
0.0739708,1.64821,-1.93298
0.0477584,2.89935,-1.88795
0.124183,4.16189,-1.7917
0.116364,5.42965,-1.75058
0.0920316,6.69113,-1.60544
0.0964721,7.96845,-1.53734
0.261864,9.14012,-1.38667
0.392413,10.3568,-1.37638
0.606055,11.5596,-1.32456
0.992636,12.6546,-1.24382
0.902057,13.7608,-1.19877
0.504108,14.7125,-0.861571
0.44388,15.6989,-0.983306
0.0758568,16.5133,-0.558208
0.336589,17.3768,-0.976318
-0.0595294,18.0391,-0.290219
0.0517228,17.0707,-0.60268
0.0506027,18.1003,-0.421458
-0.0273812,18.9997,0.0337962
0.826658,1.13558,-1.7923
0.847743,2.34972,-1.72441
0.907672,3.50628,-1.71292
0.927146,4.72332,-1.66396
0.961534,5.9564,-1.63005
1.03255,7.17874,-1.62563
1.05474,8.37053,-1.53454
1.27418,9.53259,-1.41068
1.41182,10.7383,-1.33307
1.77143,11.865,-1.16362
2.21645,12.9853,-1.0712
2.02929,14.1018,-0.959963
1.46941,14.9483,-1.04068
1.45562,15.9978,-0.914017
1.09273,16.7059,-0.264589
1.3896,17.3049,-0.972607
1.0302,18.027,-0.360775
1.08694,17.0235,-0.472753
1.03242,17.9654,-0.158843
0.997223,18.9866,-0.163695
1.79087,1.54692,-1.73141
1.83303,2.67378,-1.58903
1.86941,3.84588,-1.56558
1.91297,5.01637,-1.48631
1.91053,6.23394,-1.4215
2.00748,7.42497,-1.56991
2.07981,8.65392,-1.47554
2.28208,9.87308,-1.41743
2.41831,11.1721,-1.27378
2.75676,12.435,-0.982611
3.33323,13.6279,-0.982788
2.98129,14.8837,-0.74857
1.95797,15.6009,-0.296197
2.39316,16.5711,-0.87712
1.95566,17.3113,-0.240651
2.33939,16.8688,-0.951961
2.0971,17.7626,-0.404718
1.97409,16.9993,-1.02862
1.94812,18.0122,-0.633955
1.88322,19.0382,-0.697839
2.77699,1.2172,-1.6529
2.83598,2.40224,-1.50159
2.87522,3.55018,-1.43325
2.93342,4.64591,-1.50488
2.8978,5.84194,-1.50057
2.94894,7.01065,-1.47894
2.98888,8.15514,-1.41604
3.12218,9.29865,-1.49088
3.15328,10.468,-1.42618
3.20593,11.5912,-1.3041
3.12658,12.7148,-1.08542
2.97836,13.7967,-0.910038
2.67883,14.839,-0.704437
2.97041,15.7228,-1.03896
2.40052,16.4609,-0.554802
3.30826,16.804,-0.474401
3.0333,17.6935,-0.0791742
3.07064,17.0444,-0.85793
2.98482,18.0262,-0.837101
2.88392,18.9756,-0.92664
3.7859,0.966683,-1.57002
3.82306,2.12118,-1.46134
3.92841,3.24213,-1.40335
3.88386,4.31828,-1.39887
3.80782,5.43021,-1.40469
3.84857,6.54651,-1.42935
3.95203,7.64067,-1.54782
3.97359,8.74476,-1.45546
3.95366,9.79016,-1.38243
3.86863,10.883,-1.46024
3.72646,11.9524,-1.50228
3.6179,13.0283,-1.20799
3.46964,14.1194,-1.12463
3.79972,15.1254,-1.10573
3.30796,15.9674,-0.888504
4.07769,16.196,-0.237877
3.93316,17.1862,-0.0183691
4.00518,17.4181,-1.01552
3.77939,18.2553,-1.47365
3.85401,19.1899,-1.00135
4.68907,0.594351,-1.44234
4.69007,1.65277,-1.46746
4.80668,2.76995,-1.47995
4.77661,3.89019,-1.30048
4.76999,4.95644,-1.29453
4.76902,6.04791,-1.29799
4.76672,7.10442,-1.34918
4.78407,8.18878,-1.29124
4.81941,9.27803,-1.31596
4.77221,10.3484,-1.30833
4.61043,11.4301,-1.26752
4.56768,12.4881,-1.19838
4.26438,13.4422,-1.13593
4.53418,14.4527,-0.9932
4.28746,15.495,-0.940358
5.04134,15.8466,-0.39274
4.91222,16.8286,-0.308649
4.89623,17.1537,-1.33497
4.74834,18.1594,-1.23634
4.78639,19.0035,-0.619077
5.68401,0.258589,-1.36417
5.66735,1.36158,-1.24816
5.73075,2.434,-1.33537
5.69064,3.48981,-1.37306
5.74196,4.57934,-1.36641
5.76558,5.67334,-1.44182
5.71415,6.69473,-1.24167
5.6696,7.74363,-1.26726
5.6663,8.8013,-1.16406
5.71385,9.88186,-1.29862
5.51385,10.8834,-1.11479
5.39466,11.882,-1.14025
5.20354,12.9031,-1.15955
5.39936,13.8778,-0.898437
5.19131,14.8645,-0.857192
5.89033,15.6315,-0.94904
5.91101,16.6668,-0.720109
5.88854,17.249,-1.55387
5.71775,18.0257,-0.881521
5.78942,18.9848,-0.526893
6.72884,0.0924314,-1.37802
6.6723,1.09641,-1.34502
6.74524,2.17945,-1.2711
6.63846,3.25453,-1.20378
6.74625,4.28296,-1.35978
6.70893,5.33443,-1.31612
6.73819,6.39596,-1.28791
6.69069,7.45796,-1.31698
6.63219,8.50265,-1.2348
6.63326,9.54498,-1.0509
6.50346,10.5188,-1.05974
6.39026,11.5706,-1.1387
6.22605,12.5612,-1.01829
6.39228,13.5784,-0.874929
6.19786,14.5995,-0.766344
6.8679,15.2306,-1.13628
6.79085,16.1924,-0.774895
6.91794,17.0872,-1.3042
6.75065,17.9425,-0.841877
6.82012,18.8834,-0.492465
7.73521,-0.035847,-1.1793
7.69997,1.00372,-1.31435
7.74097,1.97692,-1.48029
7.63082,3.0243,-1.34585
7.74208,4.12292,-1.2804
7.71763,5.12955,-1.45288
7.75173,6.20093,-1.4467
7.71263,7.1924,-1.42137
7.62124,8.23887,-1.20635
7.63466,9.2881,-1.28306
7.53387,10.306,-1.07602
7.45326,11.3501,-1.11124
7.27888,12.3444,-1.04316
7.40401,13.3351,-0.985626
7.26945,14.3527,-0.796881
7.79712,15.2215,-0.773959
7.8529,16.2069,-0.636238
7.97212,17.0522,-1.20768
7.73489,18.0723,-1.07688
7.83484,18.8961,-0.498816
8.73634,-0.0443739,-1.21221
8.70952,0.993887,-1.14726
8.78129,1.98874,-1.28431
8.65834,3.00138,-1.06696
8.76232,3.99323,-1.20264
8.77258,4.99235,-1.19261
8.73993,6.01964,-1.31343
8.74284,7.01019,-1.36045
8.62061,8.03359,-1.24227
8.57211,9.03038,-1.17458
8.44849,10.0063,-1.25311
8.47868,11.0404,-1.13115
8.31406,12.0945,-1.04342
8.39195,13.1295,-0.871496
8.29403,14.1458,-0.716697
8.75341,14.9931,-0.999896
8.77676,16.0257,-0.941853
8.90558,17.0062,-0.818857
8.78781,18.0086,-0.81373
8.84962,19.013,-0.562603
9.78194,-0.255394,-1.10896
9.79453,0.787374,-1.19801
9.80993,1.85397,-1.2387
9.65163,2.82145,-1.27157
9.77192,3.86845,-1.32436
9.79607,4.88629,-1.15088
9.75682,5.95374,-1.2476
9.74086,7.01178,-1.23351
9.60846,7.98886,-1.25489
9.62166,9.02654,-1.23468
9.47322,10.0127,-1.05989
9.47238,11.082,-0.958895
9.3962,12.1023,-0.964006
9.36202,13.0748,-1.10909
9.33313,14.0848,-0.845686
9.75795,15.0489,-0.905841
9.86657,16.0928,-0.870748
9.94387,17.1043,-0.833189
9.85622,18.0944,-0.707865
9.81677,19.0835,-0.861715
10.8175,-0.144527,-1.00252
10.8472,0.829792,-1.25422
10.8409,1.83869,-1.32223
10.7176,2.90362,-1.33754
10.8121,3.92341,-1.16222
10.8165,4.95369,-1.09027
10.7867,5.9895,-1.27254
10.7609,6.99024,-1.29077
10.6524,8.00867,-1.03323
10.6153,9.0057,-1.25764
10.5142,10.0017,-1.18723
10.5466,11.0108,-0.94091
10.4685,12.0843,-0.868487
10.383,13.1075,-0.976321
10.4111,14.0974,-1.00854
10.7907,15.0128,-0.898352
10.8838,16.0788,-0.913825
10.9604,17.0469,-0.751061
10.9052,18.0875,-0.625163
10.802,19.127,-0.745473
11.8433,0.0293985,-0.906848
11.8657,0.974813,-1.21121
11.8737,1.93187,-1.407
11.7702,2.90555,-1.29389
11.8489,3.91486,-1.16612
11.8252,4.93052,-1.18987
11.8625,5.9724,-1.27364
11.7719,6.94584,-1.08592
11.6543,8.00153,-0.853862
11.6591,9.03308,-1.08739
11.5125,10.0057,-1.0715
11.5644,11.004,-0.987643
11.5321,11.9934,-1.0052
11.4708,13.0703,-1.12796
11.5131,14.086,-0.936512
11.7854,15.0776,-0.734327
11.9421,16.0636,-0.818854
11.996,17.0592,-0.654857
11.9412,18.0761,-0.571355
11.8102,19.0515,-0.763326
12.8462,-0.0469069,-1.03413
12.8832,0.928404,-1.23392
12.9164,1.99037,-1.25627
12.8192,3.0005,-1.40151
12.8153,4.02586,-1.33878
12.8274,5.01215,-1.20456
12.8646,6.00741,-1.14165
12.804,7.00761,-1.15448
12.6918,7.95954,-0.879586
12.6864,9.01355,-1.02954
12.575,10.0305,-1.0719
12.5916,11.0736,-1.11022
12.5777,12.0967,-1.02972
12.572,13.1026,-1.05501
12.5915,14.1215,-0.973794
12.8566,15.1085,-0.780447
12.9328,16.108,-0.634376
13.0542,17.122,-0.721271
12.968,18.1078,-0.47586
12.8718,19.1243,-0.626634
13.9045,-0.16115,-1.21834
13.9383,0.855449,-1.19355
13.9834,1.85683,-1.37533
13.8677,2.90293,-1.2723
13.8383,3.92753,-1.12354
13.8272,4.93907,-0.864025
13.8429,5.97399,-0.899579
13.8447,6.98269,-0.998868
13.7996,8.02735,-0.924744
13.6822,9.02073,-1.20778
13.5978,10.051,-1.20865
13.6114,11.0864,-1.05236
13.6382,12.0937,-0.816672
13.6233,13.1105,-0.8644
13.6457,14.1586,-0.903647
13.8976,15.1311,-0.722642
13.9493,16.1412,-0.832203
14.0493,17.13,-0.748054
13.9412,18.1756,-0.707309
13.8757,19.1766,-0.780993
14.9584,-0.341652,-1.10264
14.993,0.777453,-1.0674
14.9502,1.84789,-1.18683
14.9463,2.8997,-1.25128
14.8778,3.9719,-1.24082
14.8858,4.94613,-0.966781
14.882,5.94747,-1.00525
14.8681,6.98863,-1.13392
14.7618,8.01358,-1.21579
14.7458,9.02963,-1.214
14.6989,10.0372,-1.09025
14.6678,11.0437,-1.01059
14.6767,12.0541,-0.824158
14.7148,13.0611,-0.979379
14.6945,14.0562,-0.927552
14.8969,15.0544,-0.874194
14.9752,16.0773,-0.786297
15.0014,17.1085,-0.648314
14.9808,18.1521,-0.695178
14.9337,19.1858,-0.715751
15.9729,-0.189489,-1.03621
15.9873,0.87246,-1.22805
15.928,1.86291,-0.9601
15.922,2.87421,-1.16818
15.883,3.85871,-1.25976
15.874,4.86098,-1.15486
15.9197,5.89666,-1.03619
15.8929,6.90537,-1.08022
15.7908,7.88383,-1.08245
15.8167,8.90989,-1.08794
15.7381,9.95195,-0.950664
15.7488,11.0427,-0.995157
15.6758,12.0748,-0.919346
15.8013,13.0894,-0.834669
15.7408,14.114,-0.780004
15.9599,15.1121,-0.758907
16.0262,16.1214,-0.647563
16.0823,17.1415,-0.565676
15.9699,18.1718,-0.491775
15.9756,19.1998,-0.524827
17.0412,-0.165126,-1.03969
17.0367,0.85735,-1.13153
16.9607,1.88283,-0.93242
16.9333,2.85654,-1.15322
16.8759,3.90781,-1.00632
16.8543,4.95341,-0.997351
16.8987,6.00773,-0.890228
16.9051,6.99506,-1.1312
16.8255,8.05535,-0.990881
16.8463,9.03829,-1.02576
16.8121,10.078,-1.15628
16.8076,11.0881,-1.09105
16.7936,12.074,-0.743934
16.8159,13.1127,-0.703323
16.8463,14.1077,-0.75121
17.0137,15.1303,-0.791952
17.1178,16.1628,-0.604617
17.0702,17.184,-0.662175
17.0318,18.1622,-0.393591
16.9814,19.1435,-0.144707
18.0983,-0.237043,-0.937626
18.0465,0.800073,-0.974718
18.0283,1.85265,-0.917374
17.9606,2.87032,-1.13661
17.8945,3.89634,-0.999063
17.8812,4.93168,-0.85793
17.985,5.92195,-0.780157
17.9235,6.93672,-0.9862
17.8267,7.9864,-0.910392
17.9257,9.05433,-0.898016
17.8763,10.0216,-1.14614
17.8731,11.0509,-0.965191
17.8401,12.1376,-0.914975
17.8308,13.1191,-0.958962
17.9001,14.1202,-0.816813
18.0017,15.1171,-0.535536
18.1233,16.1166,-0.612317
18,17.0609,-0.325974
18.0582,18.0263,-0.142869
17.9572,18.9505,0.186215
19.1334,0.0413831,-0.846919
19.0377,1.04606,-1.13224
19.0583,1.96663,-0.740312
18.967,2.9485,-0.880474
18.8463,3.94676,-0.68403
18.8751,5.00679,-0.810236
19.0471,5.98849,-0.800739
18.9444,6.96038,-1.00645
18.862,7.9875,-0.818104
18.9642,8.99102,-0.862917
18.8741,10.0109,-0.89443
18.9437,11.0238,-1.1599
18.9062,12.0276,-1.09521
18.8437,13.0293,-0.845979
18.9226,14.0556,-0.805914
19.0205,15.0446,-0.628864
19.117,16.0468,-0.585449
19.0353,17.1173,-0.429096
19.1238,18.0447,-0.103018
18.9344,18.9504,0.392303
