0.151265,0.526655,-2.20181
0.114624,1.84028,-2.22498
0.190204,3.08927,-2.32055
0.227247,4.36855,-2.32734
0.213913,5.62958,-2.40556
0.229502,6.89997,-2.45819
0.283328,8.16076,-2.48179
0.314087,9.41593,-2.51558
0.561507,10.5474,-2.63644
0.824613,11.7037,-2.77963
1.27765,12.7614,-2.83363
1.13209,13.8958,-2.74475
0.566243,14.8034,-2.48418
0.575259,15.8154,-2.06822
0.0609943,16.5383,-1.63899
0.372527,17.4926,-1.58243
-0.20904,18.299,-1.34508
0.196756,17.4754,-1.60897
-0.0358531,18.1968,-0.857375
-0.024958,18.9426,-0.14116
0.768606,1.42574,-2.29062
0.859871,2.57088,-2.36637
0.939329,3.79202,-2.39531
1.0091,5.00286,-2.50014
1.07252,6.17642,-2.59963
1.12273,7.36052,-2.59724
1.23352,8.5734,-2.69466
1.30623,9.78259,-2.81821
1.48955,10.9864,-2.97325
1.75035,12.2042,-3.16522
2.06226,13.3225,-3.44015
2.01427,14.3563,-3.1485
1.61899,15.1353,-2.45438
1.54882,16.1833,-2.25106
1.0984,16.9042,-1.64907
1.2874,17.8501,-1.91492
0.883364,18.231,-1.11788
1.21957,17.4578,-1.73987
0.893811,18.0793,-0.962166
0.80379,19.0773,-0.716947
1.75637,1.77856,-2.40371
1.88657,2.9234,-2.60466
1.93901,4.10754,-2.61025
1.97468,5.258,-2.59251
2.06073,6.48607,-2.62528
2.136,7.69532,-2.6211
2.19278,8.91716,-2.85235
2.27001,10.1663,-3.02222
2.4311,11.4695,-3.28155
2.60294,12.7613,-3.56844
2.79017,14.0892,-4.00907
2.53836,15.3047,-3.38388
2.2354,15.8482,-2.08021
2.30266,16.9747,-2.45946
2.03486,17.3756,-1.42712
2.26297,17.8436,-2.25325
1.93202,17.9415,-1.32365
2.1092,17.6712,-2.22477
1.93614,18.0998,-1.26941
1.84399,19.0764,-0.974471
2.80968,1.52697,-2.20587
2.81243,2.72104,-2.22252
2.932,3.8646,-2.30137
2.97569,5.00383,-2.31533
3.01741,6.15448,-2.44498
3.12041,7.2933,-2.54671
3.13122,8.43645,-2.56061
3.10489,9.59415,-2.77485
3.18014,10.7515,-2.97834
3.20196,11.9568,-3.11652
3.26094,13.1435,-3.29207
3.12196,14.2563,-3.00957
2.95716,15.0979,-2.41055
2.91663,16.0928,-2.21789
2.87882,16.7595,-1.42804
3.22049,17.4227,-2.07348
2.96591,17.8606,-1.14392
3.14591,17.6443,-2.14686
2.91424,18.1203,-1.27321
2.84318,19.1008,-0.919687
3.7997,1.17729,-2.19051
3.76231,2.30408,-2.188
3.83001,3.42683,-2.15935
3.84322,4.49011,-2.10935
3.88379,5.57627,-2.29107
3.99156,6.70873,-2.3726
3.93842,7.81878,-2.53012
3.97813,8.93235,-2.70963
3.95165,10.0409,-2.86434
3.84621,11.1719,-2.73926
3.93402,12.2657,-2.87739
3.76461,13.3096,-2.72606
3.66569,14.2851,-2.40569
3.6456,15.2688,-2.0675
3.75155,16.1562,-1.56423
4.14288,16.9984,-1.9636
3.92378,17.5101,-1.09414
4.17806,17.6893,-2.05527
3.93169,18.1702,-1.26401
3.8888,19.1407,-1.00627
4.7806,0.821509,-2.06912
4.77315,1.90144,-2.0578
4.70311,2.96691,-1.98445
4.74431,4.04465,-2.01493
4.81942,5.12818,-2.16648
4.9034,6.24623,-2.41639
4.80607,7.31605,-2.24231
4.77465,8.37674,-2.38978
4.66832,9.43623,-2.41794
4.63537,10.5762,-2.45183
4.69633,11.5867,-2.42619
4.56358,12.6006,-2.36859
4.48117,13.6258,-2.3909
4.36148,14.5624,-2.00861
4.54045,15.4378,-1.44281
4.9088,16.2737,-1.74693
4.88843,17.1246,-1.14284
5.17316,17.4427,-2.03373
4.95137,18.0207,-1.25661
4.91495,18.9626,-0.874737
5.72328,0.405823,-1.83521
5.66721,1.486,-1.97814
5.68162,2.57773,-1.93616
5.66778,3.67551,-1.94763
5.73989,4.73744,-1.95609
5.79072,5.74035,-2.13899
5.7414,6.8399,-2.13673
5.69744,7.93809,-2.20915
5.62698,9.01505,-2.32167
5.61689,10.0466,-2.30635
5.62376,11.0379,-2.37022
5.46562,12.0586,-2.24387
5.38037,13.0869,-2.11354
5.37921,14.1055,-2.01529
5.46221,14.9848,-1.54169
5.86828,15.9249,-1.55802
5.87176,16.7951,-1.04937
6.15285,17.5359,-1.76045
5.88015,18.0437,-0.837843
5.93326,19.043,-0.890005
6.69791,0.137773,-1.59603
6.63721,1.25764,-1.71422
6.68155,2.24266,-1.72411
6.63031,3.26928,-1.87073
6.7107,4.33432,-1.95637
6.71484,5.41096,-1.93792
6.69295,6.46943,-2.02224
6.59875,7.50786,-2.19844
6.5819,8.55574,-2.16582
6.58363,9.61294,-2.27071
6.58314,10.6311,-2.19973
6.4574,11.708,-2.26995
6.38807,12.7386,-2.0836
6.4547,13.7328,-1.89168
6.45752,14.6743,-1.62499
6.83793,15.638,-1.61066
6.83696,16.4713,-1.10714
7.11109,17.2359,-1.68354
6.94296,17.9676,-1.01368
6.95848,18.9678,-0.935902
7.70963,0.000842311,-1.71301
7.68615,1.08279,-1.78447
7.66688,2.10679,-2.00889
7.64266,3.13053,-1.89802
7.7096,4.14828,-1.69912
7.69056,5.23877,-1.70911
7.69315,6.29694,-1.69552
7.5994,7.27867,-1.85348
7.58769,8.31239,-1.99901
7.59239,9.36537,-2.03911
7.55269,10.4187,-2.06064
7.44906,11.4731,-2.01632
7.39546,12.4439,-1.95548
7.47916,13.4643,-1.70668
7.53608,14.4244,-1.54712
7.81301,15.3946,-1.55538
7.81388,16.371,-1.39619
8.10085,17.1982,-1.86355
8.00805,17.8442,-1.12753
8.01481,18.8551,-0.890463
8.74832,-0.0593677,-1.65972
8.72785,0.968026,-1.77098
8.72716,1.9846,-1.85958
8.67018,3.01679,-1.69553
8.72002,4.0688,-1.60263
8.70056,5.08395,-1.76926
8.68987,6.09156,-1.71943
8.57862,7.09232,-1.62105
8.57607,8.11033,-1.86026
8.65862,9.15384,-1.87335
8.59676,10.2574,-1.84822
8.48258,11.2863,-1.79085
8.41584,12.2837,-1.79718
8.48237,13.2707,-1.51806
8.55628,14.2639,-1.66861
8.78969,15.2263,-1.31485
8.87966,16.2124,-1.29336
9.03199,17.191,-1.57545
9.06856,18.1059,-1.07576
9.00346,19.1004,-1.09471
9.75134,-0.238728,-1.64116
9.71323,0.830985,-1.56779
9.77353,1.85722,-1.68769
9.7327,2.89024,-1.66894
9.79962,3.94738,-1.7418
9.67779,4.95998,-1.58534
9.73691,6.01772,-1.69142
9.63168,7.07887,-1.54893
9.5854,8.09619,-1.57098
9.66929,9.15174,-1.729
9.61331,10.164,-1.84683
9.49502,11.1234,-1.5801
9.4344,12.1476,-1.59662
9.54201,13.2015,-1.40487
9.57223,14.2334,-1.39916
9.84796,15.2054,-1.27652
9.91028,16.2368,-1.28275
10.0825,17.2148,-1.39789
10.0843,18.2282,-1.033
10.0265,19.241,-0.938154
10.8123,-0.178341,-1.5746
10.7058,0.854387,-1.37227
10.7714,1.91176,-1.43209
10.7412,2.95291,-1.61576
10.7979,3.97293,-1.63343
10.7378,5.00313,-1.55258
10.7661,6.02811,-1.63248
10.6909,7.03038,-1.61303
10.6074,8.03538,-1.61837
10.6749,9.06797,-1.76841
10.5995,10.0975,-1.52516
10.4338,11.1231,-1.31271
10.4594,12.1267,-1.33971
10.5504,13.1733,-1.40109
10.6286,14.1973,-1.29476
10.7977,15.208,-1.03827
10.9706,16.1927,-1.13035
11.0462,17.186,-1.14786
11.0534,18.1736,-0.786917
11.0547,19.1618,-0.844514
11.8103,-0.105261,-1.53918
11.753,0.932054,-1.48282
11.8575,1.96926,-1.46823
11.7362,2.97391,-1.62368
11.8205,4.0057,-1.57697
11.7668,4.99113,-1.56852
11.7855,6.02043,-1.45906
11.7552,7.09494,-1.56953
11.654,8.10223,-1.5248
11.7138,9.09356,-1.68296
11.5966,10.1169,-1.6035
11.5187,11.0766,-1.35551
11.4773,12.1263,-1.20311
11.6257,13.1094,-1.33141
11.6697,14.1138,-1.14743
11.7574,15.1006,-1.12864
11.9397,16.0859,-0.994595
12.0411,17.1486,-1.04781
12.0512,18.1073,-0.840193
12.0647,19.0986,-1.13122
12.8318,-0.157414,-1.6298
12.7294,0.830403,-1.59172
12.8625,1.86214,-1.55912
12.7539,2.91124,-1.52958
12.8305,3.93086,-1.40074
12.7708,4.97863,-1.55948
12.8389,5.96778,-1.40214
12.7801,7.06424,-1.3955
12.7083,8.06913,-1.4854
12.6923,9.09385,-1.4926
12.6089,10.0832,-1.22671
12.5825,11.1048,-1.47943
12.6078,12.1008,-1.25827
12.6737,13.1123,-1.30751
12.6602,14.0792,-1.04192
12.75,15.0914,-1.08935
12.962,16.085,-1.05662
13.0955,17.1125,-0.927427
13.0884,18.1641,-0.974438
13.0785,19.1725,-1.13742
13.9049,-0.147951,-1.44065
13.7541,0.933815,-1.42141
13.9043,1.95954,-1.57407
13.7711,2.94427,-1.46833
13.8663,3.91492,-1.52622
13.8177,4.94106,-1.56789
13.825,5.9612,-1.63901
13.8253,6.95827,-1.42315
13.7578,8.00235,-1.54821
13.7013,8.99552,-1.42349
13.6353,10.0417,-1.37662
13.5796,11.0373,-1.21384
13.6124,12.1046,-1.23272
13.7022,13.1627,-1.21957
13.681,14.1327,-1.17368
13.7464,15.1726,-0.953188
13.9772,16.1602,-0.981677
14.0524,17.1716,-1.20032
14.1013,18.2214,-1.11883
14.0612,19.216,-1.07053
14.9501,-0.198114,-1.37151
14.8093,0.833665,-1.34889
14.8475,1.84408,-1.28683
14.8162,2.84846,-1.33722
14.881,3.8405,-1.65044
14.8398,4.96295,-1.55816
14.855,5.99044,-1.46171
14.8714,6.98459,-1.34077
14.7878,8.01748,-1.47529
14.7235,9.0027,-1.28706
14.6687,9.97464,-1.39033
14.6784,11.0497,-1.2535
14.6412,12.0548,-1.07828
14.707,13.0824,-1.0898
14.7376,14.1561,-1.2638
14.8589,15.2079,-1.17732
14.9962,16.159,-0.936305
15.0323,17.172,-0.871529
15.1633,18.1417,-1.11682
15.1136,19.1783,-1.03466
15.9584,-0.244624,-1.38199
15.8864,0.786557,-1.40649
15.9132,1.83763,-1.33732
15.867,2.84553,-1.30664
15.887,3.8934,-1.36147
15.8887,4.91421,-1.46306
15.8546,5.97099,-1.40576
15.8981,6.98752,-1.33674
15.8421,7.98378,-1.50688
15.7686,8.97414,-1.44631
15.6726,9.99456,-1.30233
15.7369,10.9756,-1.27438
15.6659,11.9797,-1.07443
15.7943,13.0458,-1.1942
15.8263,14.0917,-1.21928
15.8882,15.1005,-1.12348
15.9822,16.1607,-1.05237
16.0585,17.1364,-0.793207
16.1582,18.1457,-0.919999
16.1223,19.1578,-0.90141
16.9981,-0.33787,-1.33857
16.9108,0.672088,-1.2744
16.9279,1.74276,-1.22839
16.9545,2.82896,-1.31982
16.9335,3.8856,-1.36316
16.9173,4.89233,-1.44328
16.8797,5.87111,-1.48056
16.9505,6.8658,-1.34647
16.9238,7.88219,-1.41046
16.8767,8.94446,-1.38242
16.6923,9.91979,-1.36279
16.8098,10.9785,-1.21258
16.7746,12.0092,-1.11102
16.8385,13.0331,-1.31329
16.9271,14.1442,-1.18625
16.921,15.1524,-1.0985
16.9846,16.1867,-0.880871
17.0459,17.1699,-0.893954
17.1844,18.2052,-0.983526
17.1096,19.2244,-0.85284
18.0442,-0.234764,-1.33581
17.973,0.800739,-1.20767
17.938,1.80764,-1.42925
17.9626,2.89557,-1.32628
17.9243,3.93204,-1.32681
17.8823,4.96345,-1.16539
17.9327,5.97772,-1.42103
17.9566,6.98842,-1.41774
17.9409,7.99783,-1.28379
17.903,9.01942,-1.26691
17.688,9.9973,-1.3766
17.8392,11.0096,-1.27173
17.7865,12.0107,-1.04204
17.8632,13.0688,-1.08046
17.9398,14.0911,-1.02351
17.9679,15.1073,-1.13054
17.9957,16.1205,-0.863326
18.0888,17.1166,-0.607184
18.1456,18.1634,-0.61615
17.9506,19.0801,-0.32794
19.064,0.0556444,-1.29669
18.919,1.04204,-1.23293
18.966,2.03913,-1.4347
18.9869,3.01379,-1.16883
18.9497,3.99828,-1.13052
18.9061,5.04827,-1.06554
18.9824,6.01779,-1.32158
18.9106,7.00245,-1.05828
18.9546,7.98245,-1.35993
19,9.00235,-1.22928
18.6546,9.97252,-1.1123
18.9218,10.9098,-1.27673
18.8553,11.9727,-1.16147
18.897,13.0593,-1.05325
18.939,14.1384,-0.981802
19.007,15.1695,-0.918281
19.0152,16.16,-0.838371
19.1071,17.2009,-0.736045
19.2382,18.1633,-0.529014
19.0228,19.0698,-0.144642
