0.166045,0.541716,-2.22989
0.113068,1.82126,-2.29912
0.189798,3.12026,-2.28793
0.227033,4.3923,-2.38314
0.213804,5.64413,-2.48461
0.228593,6.92924,-2.49783
0.295532,8.12393,-2.62483
0.325742,9.33963,-2.79156
0.56708,10.5395,-2.92285
0.815604,11.7243,-3.01928
1.29094,12.8474,-3.07681
1.13398,13.9436,-2.94498
0.566347,14.8773,-2.65137
0.569173,15.8998,-2.3043
0.0609943,16.5383,-1.63899
0.366134,17.5038,-1.56468
-0.205686,18.3776,-1.26924
0.20184,17.4722,-1.53107
-0.0441725,18.223,-0.941935
-0.0280435,18.9429,-0.21312
0.795795,1.42335,-2.35707
0.869121,2.56832,-2.45394
0.989065,3.79366,-2.55424
1.00498,4.99812,-2.58691
1.09708,6.15341,-2.61992
1.1757,7.35018,-2.78162
1.2675,8.55972,-2.85662
1.33817,9.77721,-2.98872
1.50218,11.0136,-3.18193
1.73628,12.2081,-3.40154
2.09893,13.3652,-3.64668
2.07779,14.4916,-3.32992
1.611,15.2337,-2.78787
1.5445,16.2645,-2.53284
1.12768,16.7167,-1.72828
1.37201,17.6927,-1.89153
0.855663,18.3087,-1.27852
1.15601,17.4555,-1.83501
0.939119,18.1966,-1.20711
0.867742,19.0703,-0.678845
1.77941,1.78049,-2.36417
1.79456,2.93327,-2.42242
1.93042,4.11511,-2.52803
1.98107,5.31535,-2.60362
2.07104,6.50568,-2.72373
2.16118,7.74931,-2.88019
2.19183,9.0105,-3.03535
2.25366,10.2879,-3.13486
2.42513,11.5739,-3.39019
2.60767,12.8125,-3.7163
2.82689,14.1827,-4.24516
2.70891,15.45,-3.59139
2.22114,15.8481,-2.30916
2.34405,17.0312,-2.48863
1.90812,17.4577,-1.48129
2.32757,17.9394,-2.23766
1.87263,18.1952,-1.3381
2.16131,17.6234,-2.08809
2.00431,18.1892,-1.22806
1.86111,19.0749,-0.830445
2.83287,1.53672,-2.27162
2.79519,2.72506,-2.29157
2.86567,3.86111,-2.34083
2.93061,4.9397,-2.44855
3.0212,6.10135,-2.55995
3.05915,7.25146,-2.71957
3.07268,8.41317,-2.78214
3.08697,9.64753,-2.89452
3.15383,10.8151,-3.181
3.1852,11.9976,-3.29806
3.17787,13.1765,-3.55543
3.11792,14.3087,-3.35352
3.00258,15.1669,-2.75201
2.97035,16.1292,-2.45526
2.68872,16.6471,-1.64375
3.17028,17.3949,-2.07833
2.96685,17.9895,-1.32226
3.1153,17.823,-2.34866
3.01001,18.1369,-1.36722
2.88541,19.1051,-0.89754
3.78018,1.18813,-2.05843
3.80439,2.30836,-2.23984
3.87002,3.42846,-2.25377
3.88751,4.55675,-2.32159
3.90235,5.67097,-2.40922
4.00402,6.76607,-2.55446
3.90179,7.84078,-2.70824
3.88592,8.95467,-2.86461
3.98282,10.0873,-3.05563
3.96773,11.2268,-3.11965
3.79521,12.3204,-3.14165
3.66562,13.3936,-3.01222
3.71347,14.4236,-2.72976
3.72504,15.3836,-2.44118
3.6656,16.1078,-1.73858
4.06289,16.963,-2.02253
3.95394,17.4678,-1.16418
4.11389,17.7525,-2.11294
3.99352,18.1602,-1.23129
3.91091,19.1349,-0.873492
4.74941,0.840486,-2.16639
4.81007,1.93028,-2.13597
4.86097,2.98702,-2.23798
4.84136,4.10324,-2.22495
4.80234,5.15575,-2.28015
4.85957,6.25658,-2.43109
4.84906,7.36229,-2.50845
4.78563,8.43678,-2.56322
4.74415,9.54644,-2.58757
4.79554,10.6478,-2.74855
4.53485,11.6768,-2.72138
4.54259,12.7509,-2.79704
4.53853,13.7657,-2.55365
4.49578,14.7064,-2.20737
4.5341,15.5641,-1.70243
4.95099,16.4887,-1.9702
4.94095,17.0975,-1.09246
5.05739,17.3737,-2.07062
5.03873,18.0085,-1.28046
4.95129,18.9785,-0.945225
5.68773,0.40643,-1.93108
5.67703,1.46865,-2.02605
5.77376,2.5589,-2.02729
5.75213,3.60995,-2.11981
5.69711,4.67825,-2.15739
5.77342,5.78708,-2.137
5.70269,6.86671,-2.20335
5.63917,7.91657,-2.37143
5.62317,8.9505,-2.42195
5.54636,10.0126,-2.53065
5.36537,11.0338,-2.47472
5.3418,12.0931,-2.43983
5.41715,13.1657,-2.35618
5.34617,14.1451,-2.19737
5.49652,15.1147,-1.79385
5.86999,16.0122,-1.69313
5.98719,16.7963,-1.06344
6.01431,17.5118,-1.82533
6.02552,18.0803,-1.0284
5.94924,19.0522,-0.964
6.70558,0.139564,-1.81338
6.63732,1.22785,-1.70521
6.74057,2.28574,-1.68237
6.67371,3.29964,-1.87229
6.68989,4.38336,-2.106
6.70369,5.47231,-1.96317
6.66365,6.48381,-2.09976
6.60463,7.50076,-2.21129
6.61191,8.57377,-2.18469
6.47208,9.57248,-2.20916
6.34036,10.614,-2.18279
6.27819,11.7058,-2.12185
6.35907,12.762,-2.09648
6.33791,13.8016,-1.98944
6.47664,14.7664,-1.60846
6.86523,15.6904,-1.56848
6.91661,16.658,-1.33622
6.9977,17.4111,-2.0094
7.02003,18.0949,-1.29986
6.98399,18.9703,-0.816935
7.68467,0.00892361,-1.59009
7.62412,1.0219,-1.72376
7.70486,2.08284,-1.74724
7.68699,3.09342,-1.83229
7.66022,4.15436,-1.82256
7.67567,5.20508,-1.91582
7.6452,6.22821,-1.99921
7.64504,7.26626,-2.07438
7.63606,8.32297,-2.16828
7.47715,9.33391,-1.97818
7.3661,10.4392,-1.90435
7.25777,11.4414,-1.86856
7.34515,12.4664,-1.89246
7.29522,13.5177,-1.74596
7.52335,14.4699,-1.66844
7.81183,15.387,-1.79312
7.88522,16.3499,-1.58303
8.02121,17.313,-1.82744
7.98472,17.8601,-1.01423
8.00418,18.8548,-0.986767
8.74201,-0.0622517,-1.58212
8.65308,0.968365,-1.56421
8.71197,1.97773,-1.65857
8.74306,3.02111,-1.80553
8.70793,4.03293,-1.80222
8.67073,5.08914,-1.69257
8.62087,6.12167,-1.68109
8.64653,7.18116,-1.80604
8.56913,8.16825,-1.73391
8.52344,9.14834,-1.93638
8.41922,10.164,-1.78191
8.30326,11.2397,-1.83463
8.34045,12.2822,-1.68514
8.35823,13.3056,-1.58335
8.5286,14.293,-1.494
8.8036,15.2529,-1.53749
8.86468,16.2284,-1.31217
8.95186,17.2508,-1.43068
8.96052,18.0916,-0.881439
8.96579,19.1006,-1.06738
9.77062,-0.259627,-1.55742
9.71773,0.838954,-1.59835
9.71052,1.83082,-1.60869
9.72502,2.88394,-1.55295
9.74677,3.902,-1.77107
9.71661,4.99334,-1.68811
9.6452,6.01129,-1.69279
9.67173,7.07189,-1.75535
9.58914,8.07783,-1.68453
9.61222,9.07481,-1.80462
9.46735,10.1178,-1.60831
9.30082,11.1132,-1.77312
9.38212,12.1373,-1.51566
9.39442,13.1866,-1.49373
9.56026,14.1812,-1.27195
9.77167,15.2081,-1.3314
9.87861,16.169,-1.10479
9.97293,17.1861,-1.28312
9.98801,18.2135,-0.983941
10.0262,19.2337,-0.890762
10.8143,-0.186477,-1.52371
10.7771,0.828251,-1.47642
10.7323,1.84901,-1.45265
10.7357,2.89848,-1.45239
10.7591,3.91929,-1.51863
10.7859,4.96021,-1.64867
10.691,6.00878,-1.53606
10.6725,7.04219,-1.419
10.6195,8.05886,-1.45561
10.5377,9.09854,-1.44017
10.4432,10.1021,-1.26929
10.3978,11.081,-1.55807
10.4332,12.0599,-1.45039
10.4479,13.0318,-1.22544
10.5831,14.066,-1.34007
10.8174,15.0922,-1.1676
10.8809,16.0742,-0.910858
10.9359,17.112,-0.943425
11.0582,18.0971,-0.902731
11.0311,19.1579,-0.865242
11.8307,-0.104434,-1.51354
11.7913,0.886709,-1.37261
11.7918,1.87949,-1.39225
11.7554,2.9172,-1.44852
11.8303,3.95642,-1.54671
11.7689,4.96234,-1.48337
11.6931,6.00484,-1.5598
11.6734,7.07048,-1.51489
11.7068,8.10476,-1.56376
11.5981,9.06272,-1.35701
11.4997,10.0915,-1.33609
11.4471,11.1306,-1.29392
11.4603,12.1734,-1.33313
11.4913,13.136,-1.31145
11.6209,14.1893,-1.29638
11.8518,15.1407,-0.982174
11.9069,16.0846,-0.720399
11.9502,17.1157,-0.861849
12.0864,18.1005,-1.00189
11.9663,19.1005,-1.23542
12.8181,-0.164864,-1.59829
12.8141,0.902045,-1.56352
12.7671,1.93327,-1.64883
12.7964,2.87619,-1.32318
12.8489,3.8757,-1.55028
12.849,4.91789,-1.57767
12.8021,5.94333,-1.55895
12.6987,6.98493,-1.4559
12.7179,7.98377,-1.34287
12.6697,9.05364,-1.21806
12.5146,10.0793,-1.22093
12.4902,11.0671,-1.46887
12.5409,12.1043,-1.22096
12.5319,13.1459,-1.19311
12.6427,14.1804,-1.25158
12.8451,15.1482,-1.13426
12.9197,16.1183,-0.899628
12.9453,17.0908,-1.07055
13.0874,18.1134,-1.18928
13.0699,19.1668,-1.20541
13.8863,-0.155153,-1.68691
13.8478,0.850984,-1.67791
13.7859,1.83769,-1.42232
13.846,2.84455,-1.45089
13.8533,3.86637,-1.48797
13.8259,4.93374,-1.52152
13.8183,5.98734,-1.44305
13.6919,6.95327,-1.26567
13.7764,8.02312,-1.37289
13.7712,9.03165,-1.3413
13.516,10.027,-1.34615
13.564,11.1221,-1.40418
13.615,12.1238,-1.32496
13.6132,13.1114,-1.14896
13.7402,14.1609,-1.1436
13.8162,15.1529,-1.25676
13.9113,16.1765,-1.18582
13.9571,17.2016,-1.17768
14.115,18.1683,-0.997168
14.0727,19.2128,-1.13119
14.9316,-0.197345,-1.54366
14.884,0.875042,-1.5072
14.7847,1.88262,-1.629
14.9031,2.93383,-1.62072
14.8939,3.9395,-1.53654
14.8414,4.93829,-1.52318
14.8696,5.97748,-1.3019
14.7923,6.98853,-1.2911
14.8637,8.08453,-1.32023
14.7919,9.11314,-1.37538
14.6086,10.1161,-1.38934
14.5929,11.1162,-1.4895
14.6857,12.0953,-1.26127
14.6609,13.0934,-1.26183
14.7761,14.0787,-1.24826
14.8135,15.1325,-1.11853
14.9768,16.1729,-1.22997
15.0167,17.2176,-1.27998
15.1277,18.1432,-0.907614
15.1453,19.184,-1.17158
16.001,-0.194113,-1.46482
15.8854,0.881222,-1.35369
15.8112,1.88781,-1.49332
15.9288,2.88611,-1.48772
15.8662,3.89908,-1.38046
15.8884,4.93929,-1.48001
15.8748,5.96803,-1.35929
15.83,6.9776,-1.35155
15.9089,8.04408,-1.41006
15.8485,9.06091,-1.37888
15.6159,10.0287,-1.20581
15.6734,11.07,-1.2951
15.732,12.0706,-1.22657
15.6759,13.0702,-1.13892
15.8748,14.0378,-1.13596
15.8742,15.1091,-1.14248
15.9833,16.1224,-1.12946
16.0085,17.1579,-1.1661
16.1988,18.1468,-0.989999
16.1759,19.1681,-1.15325
16.9981,-0.33787,-1.33857
16.9338,0.716205,-1.33833
16.845,1.77668,-1.41985
16.9811,2.85857,-1.44851
16.8577,3.87343,-1.2651
16.9232,4.88185,-1.34618
16.8616,5.84241,-1.1549
16.8816,6.87498,-1.35918
16.8935,7.90819,-1.39995
16.8917,8.95522,-1.25238
16.65,9.93456,-1.34642
16.7564,11.0137,-1.36258
16.8341,12.0089,-1.34519
16.7754,13.03,-1.08372
16.8776,14.1089,-1.25699
16.948,15.1343,-1.16488
17.0131,16.1293,-1.04224
17.0514,17.17,-0.975884
17.1993,18.2025,-0.916471
17.131,19.2252,-0.769167
18.0475,-0.232643,-1.35655
17.9482,0.785623,-1.29346
17.9122,1.81746,-1.39239
18.025,2.87346,-1.3638
17.8923,3.87395,-1.04236
17.9016,4.92297,-1.16069
17.904,5.96151,-1.17228
17.9049,7.0021,-1.30364
17.9084,8.02372,-1.34225
17.9346,9.01957,-1.18481
17.6971,10.0204,-1.28581
17.8397,11.0578,-1.3332
17.8511,12.0568,-1.4201
17.8409,13.0749,-1.19804
17.9033,14.1509,-1.06079
18.0055,15.194,-1.12226
17.9887,16.229,-0.901077
18.0739,17.2376,-0.957118
18.2252,18.2313,-0.683428
17.9798,19.0892,-0.267403
19.0637,0.058504,-1.36466
18.9202,1.05609,-1.17919
18.9709,2.05169,-1.45097
18.9943,3.04861,-1.44592
18.936,4.03781,-1.12244
18.9094,5.05618,-1.0507
18.9796,5.99623,-1.42998
18.912,6.97064,-1.32336
18.9577,7.99707,-1.30709
19.0037,9.00492,-1.24331
18.661,10.0328,-1.1354
18.9377,11.0726,-1.1261
18.8619,12.0718,-1.2511
18.8958,13.0632,-1.20489
18.9306,14.1187,-1.16117
19.0057,15.1664,-0.9931
19.0251,16.2251,-0.930409
19.1071,17.2009,-0.736045
19.2398,18.2083,-0.58959
19.0228,19.0698,-0.144642
