3.25298,2.73229,0.766347
2.74003,3.57666,0.871319
2.56303,4.51691,0.457244
1.55423,4.85449,0.681057
1.55407,5.68922,0.139018
1.80113,6.63913,0.210739
2.0099,5.66767,0.248518
1.54241,6.59821,0.0296487
2.39277,6.6769,0.599841
1.62508,7.37707,0.808789
2.86867,3.64018,0.646126
2.33325,2.78079,0.374184
1.97139,3.7241,0.479131
2.56128,4.52011,0.6391
2.34757,5.11347,-0.166344
1.61759,5.64961,0.256072
1.68298,6.66386,0.288604
2.35818,6.79796,-0.466851
1.80516,6.10568,0.00340892
2.15912,6.52013,0.90318
3.69478,3.93972,0.120203
3.23177,3.05965,0.0681875
2.97584,3.96813,0.346446
2.73694,4.63937,-0.343486
3.18753,5.57672,-0.386129
2.40608,6.12355,-0.0355571
2.43604,6.49972,0.918274
2.61052,6.00746,0.082931
2.18736,6.46038,0.86082
3.08472,6.78283,1.22947
3.18434,3.08558,0.236891
4.22953,2.97069,0.346052
3.49999,3.34398,-0.185214
3.68056,4.36138,-0.329673
3.64282,4.98475,-1.15628
2.94928,5.47405,-0.604044
2.77574,5.73629,0.34861
3.50907,6.429,0.290866
3.06015,5.98744,1.0722
3.10994,6.60846,0.259264
3.96776,2.57612,-0.178732
4.66271,2.05965,0.358913
3.94838,2.42555,-0.331166
3.54748,3.32116,-0.322587
3.74943,3.97563,-1.07866
3.01245,4.48928,-0.637452
3.46141,5.33511,-0.254323
4.26839,5.79606,0.0248085
4.01276,6.25498,0.872866
3.60306,7.22502,0.881668
4.69672,2.99406,-0.8137
5.0635,2.10974,-0.625684
4.81396,2.85125,-0.0329417
4.35214,3.7572,0.160744
4.65235,4.25271,-0.638395
3.90435,4.8399,-0.33376
4.33218,5.69467,0.00428175
4.7496,6.26973,-0.737626
4.83077,6.29738,0.346641
4.2185,7.09281,0.117582
5.08529,2.06851,-0.697583
5.6953,2.26881,0.160405
4.98731,2.43321,0.885003
5.01074,3.01687,-0.00570391
5.35857,3.98909,0.0107364
4.90893,4.80123,-0.463247
5.3846,5.58066,0.0132664
5.00967,6.53023,0.1845
4.49496,6.1884,-0.647908
5.12909,6.69696,-0.138096
5.74369,1.89441,0.0628498
6.70243,2.21222,0.0913816
5.90547,2.65775,0.513205
5.81214,3.56574,0.132905
6.24631,4.46713,0.242262
5.89009,5.08611,-0.507144
6.32319,5.87657,-0.0464888
5.40754,5.74059,-0.35533
5.35957,6.33536,-1.15191
5.99939,6.89828,-0.647548
6.00482,2.87253,0.234504
6.97771,3.16376,0.107459
6.02134,3.31818,-0.267321
5.83394,4.24923,-0.589691
6.61497,4.89357,-0.602365
6.49506,5.76609,-0.0379955
6.93847,6.66932,0.0623524
6.10001,6.45085,-0.423618
5.86623,7.2126,-1.0799
5.36302,7.57552,-0.240095
5.84861,2.01354,-0.335383
6.31757,2.5249,0.427305
6.28686,3.50816,0.734849
6.36385,4.43108,0.290252
7.09992,4.0559,-0.260598
7.21445,5.06435,-0.0581256
6.51177,5.76063,-0.186807
6.65677,6.05806,-1.13117
6.00474,6.4228,-0.482531
6.14665,7.34284,-0.796506
