2.92,4.32316,0.233909
3.60735,3.76762,-0.268322
3.31775,4.0526,0.677291
3.7281,4.08574,-0.258296
4.01078,4.35595,0.688086
3.59434,4.88312,-0.087109
2.96447,5.57265,-0.303388
3.23689,6.2485,0.380575
2.71875,6.99395,0.921781
3.1603,7.78806,0.520139
3.86219,4.32972,0.0218635
4.35335,3.49302,0.357356
3.91049,3.43914,1.25662
3.2538,3.70267,0.571474
3.06774,4.6412,0.299554
3.57542,5.44151,0.734526
3.28625,6.26947,0.32468
3.20302,7.02228,-0.326469
3.16409,7.72444,0.417786
3.99254,8.29581,0.712699
2.96652,3.90225,-0.0267647
3.90975,4.07652,-0.298633
3.89339,4.3116,0.734648
3.0236,4.64537,0.406314
3.84827,5.14433,0.694104
4.11542,5.80755,-0.0361126
3.47323,6.32637,-0.650432
3.62069,6.33759,0.328495
3.5109,7.07815,1.06966
3.38977,7.98577,1.48411
3.48512,3.17558,-0.4678
4.41583,3.36812,-0.744533
4.2292,4.21905,-0.233232
3.7216,3.95908,0.604736
4.57334,4.40921,0.737843
4.33595,4.79711,-0.174023
3.94694,5.79998,0.0495346
3.27372,5.5448,0.854909
4.01147,6.25143,0.697342
3.7049,7.10408,1.1074
4.08027,3.01429,0.388144
4.02015,3.97253,0.0238411
4.88018,3.50054,-0.12707
4.34855,4.37295,-0.0278817
4.57815,5.31934,0.203906
3.88407,4.7858,0.736015
4.72605,5.2633,0.439457
4.19516,5.81685,1.07672
5.05625,6.1017,0.61713
4.10313,6.2281,0.894568
4.01612,4.03005,0.118662
4.80939,4.5586,-0.168325
5.26156,4.07369,-0.944041
4.85978,5.00722,-0.663323
5.43231,5.72803,-0.225532
4.72365,5.06118,0.207996
5.55838,5.49922,-0.129585
4.8734,5.25246,0.583688
5.53804,5.58078,-0.145708
4.97312,5.79313,0.723646
4.89058,4.49491,-0.120237
4.91878,3.87378,-0.895599
4.95051,4.66393,-0.186312
5.57069,5.43223,-0.0442
6.3139,6.0434,0.219181
5.62901,5.51897,-0.231285
4.63434,5.7048,-0.207511
5.66041,5.45926,0.0057741
6.48227,5.99752,-0.212204
6.00065,5.98989,0.653865
5.18305,4.31385,0.782257
5.21681,3.62533,0.0432051
5.90427,4.30894,-0.0176672
6.47675,5.16686,0.0863247
5.85759,5.63549,-0.58833
5.79768,6.47374,-0.0482315
5.60676,5.60232,-0.497745
6.18696,6.28267,-0.00205695
5.7957,5.50826,0.429194
6.70144,5.35015,0.940159
5.08976,3.63504,0.0291025
5.66309,4.1697,0.73712
5.41539,5.07312,0.418079
5.77598,5.8372,-0.057915
5.77185,4.8292,0.00780358
6.23264,5.65818,0.366112
6.50293,6.06677,-0.532084
7.15645,6.66474,0.025135
6.43567,5.95195,-0.23885
7.30757,5.84541,0.281359
5.76265,4.40507,0.201764
6.27185,3.54264,0.262374
6.30566,4.56775,0.43672
6.59807,5.49554,0.346538
6.41549,5.33638,-0.611124
6.28979,6.32253,-0.409977
7.16491,6.72058,-0.137028
7.81866,7.47745,-0.0293558
7.24416,6.60304,-0.199484
6.87136,5.79809,-0.645955
