3.38644,4.65071,-0.0412641
3.35997,5.1646,0.794549
2.51033,4.87408,0.353963
2.41082,5.8632,0.345268
2.2102,6.53909,-0.429487
2.6761,5.82259,0.127692
3.08949,6.23607,-0.736113
2.97756,6.05895,0.283062
3.19966,5.10615,0.698022
2.96282,5.55159,1.51943
3.37864,5.03582,0.915754
3.90913,4.73373,0.0492172
3.15149,4.1096,0.0743522
2.57169,4.80808,0.441374
2.64794,5.81853,0.138173
2.66746,5.28009,0.981445
2.60977,5.78712,0.0669759
2.19958,6.65102,0.462804
2.70096,5.96823,1.02102
3.71298,5.78356,0.828388
4.04238,4.31404,0.638191
4.58649,3.9517,-0.122315
3.98114,4.26796,0.690081
3.20329,4.69473,1.21263
3.54841,5.43919,0.551082
3.19916,4.45737,0.65685
3.49645,5.42579,0.454143
2.48308,5.65595,0.503244
3.46274,5.80828,0.367516
3.36627,6.7103,0.854848
4.43037,3.35188,0.690802
4.42927,2.99818,-0.298007
3.88311,3.84034,-0.268578
3.79387,4.51769,0.443162
3.0481,4.84926,-0.138749
3.59847,5.36056,0.503879
3.64706,5.3096,-0.511893
3.42529,5.8809,0.270962
4.05085,6.60658,0.556212
4.15238,7.17457,1.35211
4.4192,3.51019,-0.314841
3.73351,3.14602,-1.01548
4.65063,3.33376,-0.654881
4.04169,3.66179,0.0416974
3.98303,4.57678,-0.361177
4.49892,5.30192,0.100568
4.55771,5.67537,-0.845375
3.82914,5.16209,-0.32078
4.3932,5.70431,0.304984
3.9135,6.51747,0.600446
4.81794,2.64988,-0.0083346
4.73597,3.18674,-0.866756
5.32622,2.74915,-0.195398
5.081,3.79217,-0.102802
4.91684,4.74972,-0.0121342
5.42831,5.60284,-0.164437
5.46383,6.03522,-1.05069
4.64497,5.39334,-0.843571
5.18044,6.01418,-0.249416
4.68828,6.84575,0.0511612
4.64158,3.43526,-0.553902
5.34513,2.73025,-0.238179
6.37071,2.93221,-0.338774
5.7963,3.59155,-0.852828
5.83673,4.38163,-0.256273
6.12074,5.16303,-0.793402
6.20355,6.09588,-0.395367
5.17496,6.06695,-0.295389
5.07718,6.58932,0.58157
5.67422,6.8608,-0.146742
5.37046,3.76685,0.125568
5.75723,3.03569,0.682177
6.2674,3.7714,0.232057
5.50089,4.28311,-0.179928
5.18575,5.17221,-0.426484
5.56594,6.00555,-0.839491
5.49407,6.83983,-0.255727
5.30716,6.47389,0.683352
5.65723,7.06777,-0.0395978
6.32239,6.59688,0.543556
5.70847,3.46242,1.0549
6.2827,3.87562,0.389413
6.40793,4.55795,-0.381637
5.91751,5.05395,0.351259
5.45337,5.9393,0.143001
5.42205,6.87698,-0.367504
6.13001,7.59117,-0.138591
5.38304,6.92247,-0.211487
6.2381,6.44065,-0.526252
6.21524,7.38085,-0.16823
6.65981,3.26211,0.713288
7.14669,3.63595,-0.041142
7.28042,4.65007,0.0232032
6.44646,4.18108,0.460958
5.92286,5.00754,0.205197
5.60456,5.90629,-0.103534
5.56359,6.83438,-0.475689
5.6547,7.82231,-0.614701
6.2032,7.21837,-1.21109
5.58763,6.71005,-0.655251
