-0.0026307,-0.0157231,0.082815
0,1,0
-0.00474868,2.01018,-0.136503
-0.00442213,2.9811,-0.0937925
-0.000399792,3.99114,-0.0482284
-0.000619526,4.98491,0.0322489
-0.00344554,5.98909,-0.0856502
0,7,0
-0.00198065,7.99516,0.0746574
-0.00241707,8.99806,-0.0506912
-0.00542619,10.0024,0.0200629
-0.00258187,11.0002,-0.0849757
-0.00274361,11.981,-0.0751091
0,13,0
-0.00571917,13.9842,-0.0218451
-0.00773949,14.9774,-0.170519
-0.0102603,15.9908,-0.0434095
-0.0118229,16.9953,0.0405103
-0.00473952,18.0117,0.141475
-0.00259407,19.0021,0.0276986
-0.00210883,19.9901,-0.0930845
-0.00156865,21.011,0.0137822
-0.00277413,22.053,0.0611255
-0.00271615,23.0378,-0.055031
-0.0105106,24.0256,0.0982269
-0.000390637,24.9945,0.00681173
-0.00138554,25.995,0.0569048
-0.00395825,27.0083,0.0838862
-0.00433668,28.0458,-0.129029
-0.0127812,29.0602,-0.0647664
1.01344,0.0354961,0.0227515
1.06069,1.00628,-0.00743736
0.977337,1.99221,0.134208
1.0268,2.94153,-0.248933
0.995773,3.93866,0.0886166
0.998755,4.96538,0.0931181
1.03286,5.93327,-0.159828
1.06165,6.94846,0.0224311
1.07403,8.00426,0.0664113
1.06928,9.00676,0.123923
1.01819,9.98386,-0.0535264
1.02221,10.9748,-0.0857967
1.07289,11.9905,-0.0842524
1.03199,13.0382,-0.0364116
1.03241,14.0428,-0.0297159
1.03086,15.0342,-0.100678
1.03181,16.077,-0.125532
1.03851,16.9811,0.298386
0.967467,17.9737,-0.0148137
0.967479,18.914,0.35023
0.969362,19.9018,0.0877987
1.01632,20.8976,0.105582
1.02289,21.8923,0.147319
1.077,22.8573,-0.117335
0.94091,23.7695,0.277248
0.990533,24.8029,0.119962
0.980685,25.85,0.177755
1.01301,26.7945,-0.148228
1.04128,27.8174,-0.126606
1.01534,28.831,-0.0504227
2.08545,0.167391,-0.137916
2.15639,1.13206,-0.0308084
1.95432,2.16475,-0.0891842
2.06183,3.11135,-0.313507
2.00784,4.06571,-0.135176
1.98871,5.05604,-0.0888852
2.04728,6.06048,0.12537
2.08176,7.03783,0.0135044
2.05852,8.0578,0.0432386
2.08175,9.07385,0.123908
2.05582,10.0664,-0.0706259
2.01017,11.0545,-0.163289
2.04368,12.0635,-0.255119
2.06218,13.0621,-0.256563
2.01454,14.0647,-0.213938
2.02865,15.1086,-0.437632
2.01273,16.0747,-0.202518
2.04381,16.9872,0.173815
1.93647,17.9871,0.299817
1.95908,18.9998,0.474639
1.99728,19.954,0.101166
1.99494,20.952,-0.144633
2.01902,21.9273,-0.0170232
2.08411,22.9386,-0.128077
1.99335,23.8377,0.272726
1.96597,24.7964,0.444664
1.95086,25.7205,-0.0152318
1.98353,26.7577,0.0943724
2.03286,27.7006,-0.309851
1.95665,28.6985,-0.387616
3.05676,0.321763,-0.370769
3.14563,1.32215,-0.00275277
2.9436,2.31442,0.0909726
3.06957,3.14282,-0.517551
3.02811,4.10567,-0.0421613
3.04152,5.07625,-0.149034
3.06482,6.09253,-0.0180334
3.1195,7.10924,-0.0947569
3.07199,8.08086,-0.189322
3.1342,9.03835,0.169948
3.11895,9.97896,-0.135383
3.09399,11,-0.245393
3.04516,11.9945,-0.420698
3.03156,13.0055,-0.484365
3.03866,14.0008,-0.282388
3.02412,15.0126,-0.36657
3.01179,16.0304,-0.259642
3.03864,17.0689,-0.154643
2.92411,17.8954,0.45989
2.93437,18.8679,0.678726
2.98489,19.7503,0.175243
2.97493,20.7358,-0.0677572
2.97444,21.7538,0.0678091
3.08401,22.786,0.0132267
3.02476,23.7198,0.377322
2.98622,24.7169,0.154515
2.97712,25.7076,0.042909
2.9827,26.7333,-0.202954
3.04426,27.7566,-0.248027
2.95083,28.7254,-0.291372
4.13029,0.327195,-0.405652
4.15672,1.37999,-0.171413
4.03625,2.34741,0.171184
4.04648,3.27809,-0.225373
4.06859,4.30708,-0.166753
4.00263,5.27853,-0.102371
4.08512,6.22307,0.125962
4.12441,7.19054,0.0523881
4.11799,8.19848,-0.150832
4.19366,9.1788,0.125153
4.13978,10.1416,-0.14709
4.17875,11.129,-0.374612
4.11244,12.086,-0.595462
4.04128,13.0625,-0.693365
4.11939,14.0472,-0.463863
4.08546,15.0395,-0.319538
4.03302,16.0553,-0.224879
3.96625,17.002,0.175591
3.95681,17.9939,0.343208
3.86798,19.0037,0.260131
3.91097,19.8932,-0.177349
3.95229,20.8877,-0.134135
3.92394,21.9639,-0.111597
4.17359,22.9152,-0.0496933
4.05179,23.8297,0.277142
3.98921,24.8564,0.251021
4.0187,25.8518,0.0732994
3.98903,26.7615,-0.311533
4.01272,27.7169,0.1253
3.98791,28.6924,-0.134468
5.08084,0.615571,-0.279763
5.17222,1.60469,-0.0427778
5.08806,2.53455,0.294998
5.12029,3.44496,-0.105182
5.08122,4.49607,-0.279098
5.02656,5.51468,-0.0779015
5.06565,6.48865,0.151854
5.13209,7.46492,-0.00647298
5.14381,8.45704,-0.176113
5.23109,9.42897,-0.0244209
5.13918,10.3784,-0.38786
5.22472,11.3535,-0.276424
5.06518,12.1531,-0.89863
5.05568,13.1933,-0.728578
5.04386,14.2377,-0.790091
5.04189,15.2251,-0.457878
5.02571,16.2683,-0.285275
4.95256,17.1901,0.037434
4.96276,18.0568,0.603369
4.88774,18.9452,0.136171
4.88904,19.8625,-0.20871
5.02436,20.8694,-0.274535
4.94326,21.8758,-0.227723
5.14351,22.7591,0.24911
5.06969,23.7417,0.176434
5.01822,24.7538,0.163326
4.98697,25.7007,-0.175826
4.98961,26.697,-0.0953307
5.00832,27.7588,-0.0124058
5.01432,28.7436,0.00517594
6.04446,0.950087,-0.474456
6.24415,1.68879,0.147716
6.16053,2.7244,0.317411
6.0714,3.71325,0.125245
6.08999,4.7246,-0.10994
5.9897,5.79248,-0.0385907
6.03642,6.77028,-0.0136143
6.07079,7.78413,-0.196823
6.1066,8.7649,-0.282186
6.17691,9.73898,-0.111191
6.21653,10.6512,-0.502051
6.22406,11.6656,-0.382876
6.10251,12.4163,-1.05435
6.02746,13.4329,-0.792053
6.09189,14.4816,-0.99855
6.08651,15.2219,-0.303854
6.00465,16.2014,-0.507825
5.9701,17.16,-0.158769
5.93162,17.9926,0.411661
5.867,18.9775,0.165783
5.92232,19.9509,-0.258406
5.96278,20.9368,-0.59003
6.01673,21.939,-0.302612
6.00532,22.9984,-0.237953
6.13247,23.9291,0.0805536
5.98026,24.8982,-0.114002
6.02147,25.9007,-0.372643
5.97057,26.7591,0.190918
6.02165,27.8094,0.082458
6.06174,28.8539,0.0934812
7.00788,1.39516,-0.41193
7.15913,2.08317,0.329243
7.09132,3.08031,0.287082
7.03016,4.10013,0.103977
7.01563,5.14553,0.182382
6.92636,6.14266,0.0155034
7.05134,7.13546,-0.0401349
7.02823,8.09495,-0.445616
7.11002,9.06952,-0.269567
7.14233,10.0777,-0.192102
7.19988,10.9813,-0.64843
7.19779,12.0136,-0.60994
7.09216,12.7379,-1.29667
6.99597,13.6547,-0.981655
7.0354,14.5613,-1.3704
7.04479,15.3937,-0.781613
7.00752,16.1921,-0.206778
6.9917,17.1872,-0.17904
6.95218,18.1379,0.257845
6.84888,19.1747,0.12421
6.95264,20.1566,-0.0858638
6.96387,21.1159,-0.350664
7.0268,22.1405,-0.351979
6.97039,23.0638,0.0186865
7.08988,24.0063,0.388916
7.01664,25.0443,0.0947783
7.03294,25.9979,-0.274081
6.98041,26.9438,0.049971
7.00418,27.9375,0.179424
7.08489,28.9434,0.0738578
8.04879,1.51007,-0.455953
8.13237,2.39686,0.0627491
8.01825,3.46774,0.0537034
7.99639,4.51759,0.0279672
7.89477,5.56806,-0.0111332
7.86574,6.62493,-0.162664
7.96235,7.57866,-0.0794458
7.93655,8.5579,-0.339903
7.97814,9.55938,-0.432554
8.07806,10.5688,-0.451885
8.0294,11.5874,-0.534938
8.06363,12.5778,-0.747609
7.97348,13.0784,-1.6976
7.87565,14.0341,-1.2852
7.8737,14.7899,-1.90092
8.02538,15.3365,-1.08213
7.94754,16.2188,-0.608417
7.97424,17.2027,-0.383709
7.90214,18.1085,-0.0158544
7.85351,19.0956,-0.113044
8.01418,20.058,-0.280471
8.01585,21.0566,-0.368166
8.02511,22.013,-0.0105533
7.95296,23.0855,0.000305185
7.96904,24.0823,-0.0348766
8.04148,25.065,0.0427198
7.98822,26.0791,-0.173867
7.97302,27.0724,-0.0263619
7.9508,28.121,-0.232902
8.13178,29.0404,0.129472
8.88566,1.95642,-0.185772
8.93785,2.96014,-0.154625
8.90195,3.96389,-0.0103885
8.83092,5.02512,0.0377728
8.79654,5.98424,-0.114185
8.81679,7.02552,-0.102423
8.8813,8.05423,-0.199106
8.84301,9.07989,-0.380401
8.90428,10.1017,-0.662975
8.88762,11.1889,-0.657637
8.82065,12.2518,-0.804184
8.89655,13.358,-0.909598
8.92475,13.4543,-1.92737
8.8534,14.2836,-1.3301
8.85291,14.6789,-2.25522
9.00537,15.3039,-1.39694
8.96995,16.1284,-0.853105
8.98526,17.0951,-0.561605
8.85583,18.0646,-0.280828
8.82141,19.077,-0.23903
8.98714,20.0771,-0.356691
8.99485,21.1249,-0.286618
9.00482,21.9737,0.242848
8.98183,22.9871,0.108393
9.02616,23.9875,0.0835261
9.03248,25.0269,0.268783
9.02295,25.9929,-0.0376171
8.97485,26.9921,-0.0262246
8.94682,27.9309,-0.320408
9.07998,28.955,-0.210584
9.87925,2.28556,-0.0979949
9.8754,3.3071,0.0141148
9.86418,4.3172,0.0914792
9.86539,5.31948,-0.0533189
9.78773,6.35956,-0.134355
9.8046,7.35105,-0.0956175
9.88379,8.38778,-0.244761
9.84843,9.44496,-0.301447
9.83858,10.4236,-0.783233
9.84447,11.5129,-0.81019
9.83575,12.5353,-0.951369
9.90361,13.5527,-1.13149
9.90154,13.6118,-2.17064
9.87435,14.4663,-1.54612
9.85977,14.9236,-2.45369
10.0416,15.3454,-1.5633
10.0647,16.1845,-0.976043
10.0122,17.1522,-0.62432
9.91639,18.152,-0.443587
9.81496,19.1536,-0.357305
10.006,20.1352,-0.158885
9.99168,21.1172,-0.247133
9.97757,22.0412,0.213648
10.0148,23.0713,0.161705
10.0747,24.1056,0.197867
10.0093,25.0817,0.195221
9.99827,26.1022,0.253713
9.91823,26.8798,-0.363771
9.97879,27.894,-0.367562
10.0428,28.8922,-0.607636
10.8898,2.46387,-0.214908
10.8952,3.46391,-0.220438
10.8661,4.44172,-0.201514
10.834,5.4623,-0.221693
10.8345,6.45007,-0.227903
10.8379,7.49037,-0.280776
10.8734,8.51127,-0.423386
10.8818,9.5462,-0.476443
10.9333,10.5269,-0.764641
10.9158,11.5415,-0.938438
10.8752,12.6105,-1.03133
10.9079,13.6969,-1.32147
10.9155,13.7752,-2.3679
10.897,14.5045,-1.736
10.9067,14.9437,-2.63972
11.0077,15.5079,-1.843
11.0731,16.3021,-1.10744
11.0008,17.2539,-0.848048
10.9243,18.2311,-0.495437
10.8195,19.1897,-0.45735
10.9794,20.2317,-0.323212
11.0202,21.2312,-0.229954
11.0368,22.0021,0.383575
11.0099,23.0146,0.048265
11.087,23.9818,0.392932
11.0798,24.9494,0.157488
11.0166,25.9816,0.293802
10.8927,26.8564,-0.229377
10.9462,27.9296,-0.261458
11.1375,28.9105,-0.425367
11.8636,2.59869,-0.0531571
11.9161,3.55639,-0.223368
11.8942,4.53552,-0.131593
11.8709,5.57943,-0.332411
11.8841,6.62249,-0.313974
11.8551,7.68836,-0.213611
11.8946,8.72904,-0.291934
11.9086,9.69591,-0.522764
11.918,10.7451,-0.760424
11.9621,11.7837,-0.970675
11.8632,12.7918,-1.24651
11.9482,13.877,-1.45634
11.9268,14.0739,-2.50466
11.8058,14.8173,-1.84588
11.8843,15.0306,-2.8276
11.976,15.6842,-2.09934
12.0422,16.3971,-1.39742
11.9486,17.1357,-0.659911
11.8923,18.1787,-0.499237
11.8629,19.2327,-0.533247
11.9509,20.1307,-0.0655202
12.0571,21.1406,-0.0256935
11.9794,22.1606,0.12801
12.0198,23.1835,0.183734
12.0221,24.1549,0.11569
12.0368,25.1608,-0.0667653
12.0342,26.1631,0.246638
11.8944,26.9144,-0.449214
11.9712,27.8791,-0.518549
12.1414,28.8689,-0.472158
12.8594,2.60827,0.201892
12.9268,3.59879,-0.0259377
12.9329,4.59337,-0.14272
12.9384,5.60163,-0.282797
12.9122,6.67032,-0.192279
12.8891,7.69478,-0.448677
12.9428,8.72961,-0.456844
12.9359,9.78067,-0.622501
12.9415,10.7773,-0.762215
12.9718,11.8268,-0.884716
12.9464,12.8244,-1.25188
12.9968,13.8433,-1.54745
12.9523,13.89,-2.58593
12.8366,14.7848,-2.01881
12.9117,15.154,-2.96475
13.0116,15.6791,-2.12992
13.0593,16.3593,-1.31524
12.9949,17.1581,-0.710123
12.9648,18.1791,-0.581283
12.8213,19.144,-0.287817
13.0428,20.069,0.0544084
13.0435,21.0926,-0.182421
12.9643,22.0393,0.16715
13.0204,23.1068,0.111313
13.0831,24.075,-0.0232276
13.0419,25.0468,0.208646
12.9264,25.9517,-0.0714103
12.9173,26.9574,-0.31988
12.9196,28.0214,-0.270629
13.1513,28.9922,-0.348589
13.9258,2.65086,0.122044
13.9224,3.66014,0.0297769
13.9836,4.64621,-0.1476
14.0081,5.65541,-0.167141
13.9725,6.64104,-0.246675
13.9296,7.67327,-0.300855
13.9859,8.66318,-0.537635
13.9896,9.69305,-0.699072
13.9829,10.773,-0.778747
14.021,11.8322,-0.974023
14.0034,12.8063,-1.3445
13.9833,13.8003,-1.66124
13.9781,13.75,-2.66222
13.884,14.5696,-2.05177
13.9632,15.2675,-2.88648
14.0384,15.4862,-1.9367
14.0632,16.3942,-1.53137
13.9547,17.1702,-0.919349
13.9476,18.2049,-0.599133
13.8239,19.1983,-0.322419
14.0446,19.9653,0.275167
14.0711,20.9642,-0.0579394
13.9895,21.9654,0.282226
13.9992,22.9458,0.0540056
14.0534,23.9444,0.101181
14.052,24.9462,0.140806
13.9308,25.9465,-0.109403
13.9574,26.9499,-0.322355
13.9781,27.9518,-0.492831
14.2024,28.9519,-0.31724
14.9367,2.69933,0.355007
14.9387,3.67082,0.0311258
15.0078,4.60942,-0.289923
15.0485,5.65002,-0.371728
15.0488,6.67962,-0.319669
15.0053,7.76697,-0.345781
15.0721,8.75463,-0.444426
15.0279,9.77093,-0.567238
15.0399,10.7331,-0.909217
15.0545,11.8022,-1.02867
15.0839,12.7451,-1.40147
15.0203,13.7652,-1.7267
15.0435,13.805,-2.78536
14.9566,14.6511,-2.18902
15.0093,15.1819,-3.04557
15.0126,15.5116,-2.09958
15.1119,16.3945,-1.67696
14.9343,17.2957,-1.15701
14.988,18.1631,-0.693966
14.8777,19.1128,-0.360118
15.0398,20.0097,0.117222
15.0843,20.9735,-0.146193
14.9726,21.988,-0.166091
15.0089,22.952,0.264116
15.0634,23.9391,0.0386303
15.1063,24.9537,0.190524
14.9367,25.9296,0.0721427
15.0008,26.9049,-0.250438
14.9953,27.9074,-0.448402
15.2246,28.8973,-0.554735
15.9598,2.62802,0.30275
15.998,3.61947,0.132984
16.0198,4.56799,-0.22197
16.0895,5.5582,-0.371999
16.1002,6.53684,-0.284881
16.023,7.6179,-0.375518
16.0909,8.63224,-0.451085
16.0939,9.672,-0.584558
16.0975,10.7083,-0.804712
16.0913,11.7184,-1.03212
16.1059,12.6541,-1.49184
16.0832,13.6495,-1.62189
16.0708,13.7817,-2.66406
15.9874,14.5157,-2.02662
15.9937,15.1923,-2.78749
15.9963,15.3819,-1.76189
16.1464,16.4171,-1.68902
15.9433,17.1871,-1.11202
16.0227,18.0964,-0.707749
15.8943,19.0118,-0.282318
15.9998,19.9951,-0.252443
16.055,20.9702,-0.0344768
16.0336,21.9651,-0.113541
16.0516,22.8688,0.433125
16.0385,23.8497,0.235087
16.0969,24.8686,0.117924
15.9412,25.8899,-0.0828944
16.0038,26.8356,-0.330873
16.0002,27.7422,-0.734999
16.2192,28.6528,-0.322007
16.9648,2.39059,0.328239
17.0208,3.37041,0.0332377
17.0244,4.35457,-0.103723
17.0585,5.38856,-0.197314
17.1144,6.40864,-0.374712
17.0695,7.45054,-0.395755
17.1532,8.50956,-0.455507
17.1572,9.53096,-0.486471
17.0834,10.5202,-0.889416
17.131,11.5505,-1.09373
17.1604,12.5351,-1.38043
17.1086,13.5799,-1.4899
17.1299,13.5832,-2.48333
17.0595,14.441,-1.93443
17.0611,15.0127,-2.80469
17.0019,15.3414,-1.84681
17.1435,16.3255,-1.58422
16.9587,17.2774,-1.24805
17.055,18.049,-0.649422
16.8829,19.0486,-0.315476
17.0198,20.0684,-0.214774
17.0374,20.9812,0.110459
17.0271,21.9665,0.213138
17.037,22.9598,0.221107
16.9672,23.8736,0.63986
17.0798,24.8526,0.27637
16.9882,25.84,-0.00461745
17.0154,26.8089,-0.252824
16.9794,27.7946,-0.450868
17.1997,28.7833,-0.394385
17.9789,2.21449,0.280462
18.0597,3.2045,0.157277
18.0389,4.20964,-0.146501
18.0538,5.2385,-0.196173
18.1171,6.21867,-0.45865
18.1285,7.29066,-0.49375
18.1946,8.34507,-0.462984
18.1847,9.34667,-0.65277
18.1337,10.4529,-0.726499
18.1113,11.4816,-1.03252
18.1738,12.5914,-1.20925
18.1599,13.6482,-1.32121
18.1337,13.6752,-2.32954
18.0565,14.509,-1.77568
18.1047,14.9415,-2.65767
17.9681,15.447,-1.78987
18.1324,16.3208,-1.19641
17.8748,17.2509,-0.799631
18.0487,18.2468,-0.704065
17.836,19.0151,-0.0998779
18.0615,19.9568,-0.387399
18.0055,20.9882,-0.172756
18.061,21.9999,0.0500046
18.071,22.9571,0.309394
17.8317,23.8975,0.135859
18.0644,24.9301,-0.0482711
17.9385,25.9219,-0.305365
18.0014,26.9755,-0.295914
17.966,27.9703,-0.462838
18.2705,28.8948,-0.347621
19.0047,1.98981,0.295215
19.0453,2.96145,0.208969
19.0445,3.90946,0.00061037
19.0467,4.93384,0.0260537
19.1067,5.93218,-0.240495
19.0988,6.92308,-0.371603
19.1339,7.98213,-0.463726
19.1184,9.032,-0.386074
19.1491,10.1358,-0.630833
19.1408,11.1807,-0.781964
19.1814,12.3163,-0.902414
19.1804,13.4596,-1.12363
19.2101,13.554,-2.19884
19.1251,14.475,-1.71832
19.0931,14.8246,-2.69042
18.9871,15.5391,-1.89774
19.1514,16.3157,-1.19586
18.8889,17.1964,-0.656575
19.0727,18.1849,-0.473281
18.8448,19.156,-0.449849
19.0119,20.0581,-0.0636647
19.0679,21.0157,-0.258669
19.0525,21.9306,0.17076
19.1041,22.9242,0.19133
18.8726,23.8742,0.205353
19.0371,24.7566,-0.246297
18.9804,25.76,-0.242241
18.9533,26.6985,0.0933378
18.9045,27.6201,-0.270492
19.1465,28.5309,0.0157445
19.9586,1.56381,0.554799
19.9908,2.49507,0.281545
20.002,3.42604,-0.0676077
19.9154,4.42795,-0.33155
19.9543,5.41906,-0.207065
19.9747,6.45213,-0.434272
20.0957,7.52137,-0.424448
20.032,8.54441,-0.387667
20.0955,9.55725,-0.642723
20.0503,10.5946,-0.692743
19.9286,11.5907,-0.719382
19.8821,12.6363,-0.890613
19.998,13.0443,-1.76316
19.966,14.0007,-1.31345
19.8759,14.7293,-1.97932
20.0323,15.6442,-1.64302
20.1015,16.2679,-0.892129
19.8968,17.1009,-0.407865
19.9589,18.0225,0.00592364
19.8223,19.0695,-0.0190893
19.9566,19.958,-0.430342
20.0297,20.799,0.0569262
20.0494,21.8292,0.257823
20.1123,22.829,0.235911
19.8543,23.7853,-0.0606433
20.0129,24.8487,-0.19158
19.9547,25.8725,-0.271157
19.9155,26.8224,-0.10694
19.9173,27.8073,-0.23289
20.1364,28.641,0.254933
20.8961,1.06775,0.457109
20.9708,2.0312,0.304044
20.9301,2.93966,-0.079162
20.8544,3.93789,-0.113538
20.8999,4.96407,-0.151244
20.8808,5.96391,-0.189883
20.9009,6.99654,-0.118561
20.9085,7.97497,-0.185311
20.9327,9.03853,-0.268154
20.9149,9.99692,-0.464766
20.7382,10.983,-0.427345
20.6923,11.9615,-0.669774
20.8627,12.7172,-1.30428
20.9111,13.6411,-0.857369
20.8132,14.4612,-1.44666
20.9571,15.4848,-1.233
21.0649,16.2839,-0.572619
20.8059,17.0012,0.030781
20.9578,17.9795,-0.0755943
20.8296,18.9836,-0.085403
20.9591,19.9829,-0.096704
21.0602,20.9992,-0.0178564
21.0311,21.9704,-0.0711753
21.1025,22.9946,-0.0434706
20.8428,23.9782,-0.16765
21.0285,24.9547,-0.262966
20.8901,25.9204,-0.563802
20.9422,26.8369,-0.179211
20.8808,27.7726,-0.515293
21.0685,28.457,0.265392
21.8651,0.814161,0.359239
22.0277,1.8102,0.236497
22.0029,2.71071,-0.182351
21.7971,3.65054,-0.432054
21.8549,4.64322,-0.441179
21.8592,5.60731,-0.222919
21.8145,6.56355,0.121564
21.8835,7.63656,0.118879
21.8453,8.57271,-0.257921
21.8458,9.56497,-0.334669
21.7419,10.5732,-0.30098
21.6598,11.5632,-0.480279
21.845,12.386,-1.02177
21.876,13.3589,-0.736482
21.7639,14.3499,-1.00352
21.9239,15.3744,-0.945634
22.0445,16.2325,-0.323264
21.8135,17.1088,0.271703
21.9483,18.0568,0.0179083
21.8561,19.0859,0.177245
21.9412,20.0781,0.0210181
22.0635,20.997,-0.294519
22.0438,21.9962,-0.090289
22.0041,22.9705,-0.480828
21.8865,23.9016,-0.00724204
21.9891,24.9295,0.0697684
21.863,25.9043,-0.302478
21.954,26.8887,-0.217026
21.9086,27.9011,-0.393289
22.081,28.5038,0.356371
22.8875,0.661443,0.287262
23.0442,1.64754,0.180618
22.9545,2.41269,-0.464541
22.7721,3.35916,-0.557787
22.872,4.37008,-0.446959
22.853,5.37219,-0.114505
22.8957,6.36958,0.0462569
22.9409,7.42883,0.143764
22.858,8.45339,-0.0322245
22.7844,9.47633,0.0990204
22.7937,10.454,-0.239601
22.6393,11.4245,-0.187719
22.8041,12.319,-0.624882
22.9274,13.3152,-0.532081
22.8319,14.2855,-0.702664
22.845,15.2698,-0.438978
23.0662,16.2146,-0.267156
22.8711,17.1309,0.0508591
22.9599,18.1013,0.316898
22.8774,19.0515,0.0302469
22.9737,20.0519,0.0939085
23.0021,21.0858,0.0104617
22.9967,22.0267,-0.439711
22.9358,22.9337,-0.0787896
22.9163,23.9646,0.0913938
23.0328,24.9983,0.0219214
22.8174,25.9724,-0.0338023
22.9449,26.8365,-0.531788
22.9416,27.8266,-0.264327
23.0948,28.6682,0.240584
23.8531,0.426563,0.302329
23.9545,1.28905,-0.248122
23.9501,2.3161,-0.488537
23.8205,3.32452,-0.485467
23.9075,4.29926,-0.333058
23.8515,5.23571,-0.0484115
23.8846,6.24658,-0.173208
23.9827,7.13433,0.238289
23.812,8.14609,0.154906
23.7738,9.18514,0.207138
23.7951,10.1653,-0.0995056
23.6702,11.2481,-0.169329
23.8598,12.2103,-0.420725
23.9324,13.2267,-0.33292
23.8678,14.2902,-0.543379
23.9062,15.2677,-0.441038
24.0148,16.2516,-0.563494
23.9224,17.133,-0.0270821
23.964,18.0417,0.381622
23.923,19.0605,0.228138
23.9831,20.1054,0.256294
24.0218,21.0438,0.00877102
24.0229,21.9991,-0.315299
23.9293,22.8826,0.138975
23.9529,23.9234,0.0635517
24.047,24.9258,0.204563
23.8643,25.852,-0.162465
24.0083,26.826,-0.527647
23.9622,27.8691,-0.512275
24.1024,28.6356,0.111502
24.8503,0.392114,-0.00666524
25.0372,1.42973,-0.0890988
25.0215,2.32871,-0.50951
24.8554,3.36206,-0.498999
24.9275,4.35178,-0.459291
24.9566,5.2006,0.0746178
24.9495,6.21002,-0.124567
24.9895,7.13314,0.23878
24.8383,8.15594,0.0835108
24.857,9.22358,0.235511
24.8651,10.1946,0.0053621
24.6962,11.1567,-0.0858119
24.8902,12.1216,-0.313407
24.953,13.1468,-0.137111
24.8324,14.1654,-0.165197
24.9773,15.1613,-0.26436
25.0114,16.2224,-0.303848
24.9534,17.2125,-0.0789331
24.9762,18.0906,0.463182
24.9516,19.0745,0.384393
24.9716,20.0109,0.0377911
25.0122,21.045,0.09888
25.0397,22.0546,-0.102564
24.9371,23.0016,0.189676
24.977,24.0596,0.253945
25.0312,24.9768,-0.146648
24.8833,25.9744,-0.220246
25.0228,26.7747,-0.843703
25.0059,27.721,-0.4657
25.0753,28.6471,-0.0899472
25.8441,0.228983,-0.0221046
26.0779,1.26561,0.0545
26.0037,2.18369,-0.345982
25.9169,3.23368,-0.532701
25.9424,4.27805,-0.434162
25.9806,5.12456,0.191507
26.0024,6.15473,0.0374157
26.0343,7.17342,0.222007
25.8778,8.14921,-0.00202338
25.8586,9.14648,-0.0837489
25.9207,10.1759,-0.112928
25.7826,11.1396,0.0421888
25.8789,12.1766,-0.0975158
25.9542,13.1479,-0.321915
25.9082,14.1433,-0.0997284
25.9836,15.1582,-0.05356
25.919,16.1181,0.0920743
25.9705,17.0937,0.00660115
25.9088,18.084,0.133064
25.9668,19.1551,0.184021
25.9523,20.1391,-0.12808
25.9879,21.1295,0.0355174
26.0248,22.1227,-0.10748
25.9449,23.1056,0.119663
26.051,24.1263,0.265062
26.0464,25.0283,-0.240407
25.8886,26.0113,-0.198526
26.0427,26.9089,-0.631233
25.982,27.9123,-0.479141
26.0729,28.9065,-0.216343
26.8752,0.119373,-0.154091
26.9876,1.12769,-0.336055
27.0365,2.15547,-0.219202
26.9348,3.16331,-0.319401
26.9444,4.12801,-0.110312
26.9626,5.09972,-0.0774468
27.005,6.10684,-0.0371746
27.0389,7.04081,0.415674
26.9116,8.00558,0.187426
26.8778,9.0591,0.0434156
26.9589,10.0804,-0.115525
26.8613,11.0666,0.109534
26.8942,12.0971,-0.0350536
26.9734,13.0719,-0.374621
26.9102,14.0501,-0.0891842
27.0425,15.0764,-0.0729392
26.9909,16.0252,0.221158
26.9566,17.0667,0.159505
26.9598,18.0876,0.284155
26.9895,19.1238,0.149126
26.9466,20.0994,-0.21258
26.9801,21.0357,0.194824
27.0242,22.0284,-0.127458
26.9462,23.0188,0.142366
27.0647,24.0492,0.232771
27.009,25.0959,0.105835
26.9618,26.0494,-0.213684
27.0339,26.9865,-0.668731
26.9714,27.9822,-0.468416
27.0429,28.9609,-0.410587
27.8958,0.139906,-0.134083
28.0166,1.12223,-0.278005
28.0714,2.12473,-0.252168
27.9627,3.08849,-0.0468947
28.0216,4.06434,-0.249873
27.9951,5.05091,0.0472884
27.9773,6.0745,0.173254
28.0765,7.08043,0.444792
27.948,8.04471,0.173324
27.9828,9.07475,0.0306681
27.9658,10.0841,-0.126737
27.9444,11.0938,0.205921
27.9876,12.0875,0.0114322
27.9715,13.0783,0.0634754
27.9535,14.1181,-0.0703207
27.9957,15.1281,0.0603595
27.9185,16.1017,-0.230705
27.9734,17.0985,0.133894
27.9599,18.0763,0.187332
27.9951,19.0347,-0.0945891
28.0069,20.0807,-0.107196
27.9893,21.0926,0.0517228
28.0142,22.1612,0.130769
27.9863,23.1838,0.160891
28.0724,24.1621,0.373745
27.9836,25.0522,-0.0518723
28.0287,26.0253,-0.273458
28.0888,26.9869,-0.581387
28.0158,27.9246,-0.208246
28.0375,28.9318,-0.37882
28.9622,0.0336894,-0.0680349
29,1,0
29.0017,1.98502,0.0714103
29.0131,2.96281,-0.0327982
29.0007,3.95717,0.0262856
29.0032,4.96021,0.0456099
29.0015,5.99949,-0.00219428
29.0021,7.02513,0.0191168
29.0026,8.00605,0.119312
28.9999,9.00045,0.0247536
29.0112,10.0035,-0.0816065
29.003,10.9967,0.0113468
29.0041,11.9871,0.0912534
29.0002,13.0049,0.00946989
29.0034,13.9921,-0.00963775
29.0006,15.0146,0.0531877
28.9091,16.0051,0.0113376
29.0019,17.0037,0.0184454
29,18.0141,-0.00942717
28.9999,19.0126,0.0151402
29.0036,20.0249,0.115903
29,21,0
29.0057,21.9813,0.0908292
29.0051,22.9548,-0.0426099
29.0058,23.9575,0.0471267
29.0051,24.9727,0.0974731
29.001,26.0153,-0.0457656
29.0102,27.0268,-0.139909
29.0035,28.0319,-0.0516434
29.0075,29.0267,-0.178149
