0.146596,0.40408,-2.02738
0.119523,1.67927,-2.06959
0.0696554,2.95726,-2.17796
0.132987,4.2508,-2.19502
0.127714,5.45652,-2.35018
0.136891,6.7219,-2.44693
0.099472,7.94972,-2.51458
0.279534,9.23073,-2.6404
0.39487,10.4768,-2.8388
0.710959,11.679,-2.95177
1.06122,12.7972,-3.03104
0.955766,13.8703,-2.86783
0.513999,14.7568,-2.55484
0.427952,15.665,-2.08419
0.107013,16.4178,-1.46514
0.373055,17.3793,-1.13136
-0.116523,18.2629,-0.909552
0.0980102,17.3015,-1.14119
0.0330332,18.1191,-0.571844
-0.0293558,19.0065,-0.057152
0.916593,1.20767,-2.18028
0.944981,2.35667,-2.15347
0.931562,3.56703,-2.26795
0.969784,4.8062,-2.3674
1.00616,6.01172,-2.44769
1.01874,7.2364,-2.61954
1.03666,8.4557,-2.80507
1.21602,9.68915,-2.90721
1.42172,10.9229,-3.01863
1.73971,12.0788,-3.05926
2.23808,13.0952,-2.85614
2.11672,14.2064,-2.68749
1.54956,15.025,-2.43867
1.50932,15.9338,-1.87215
1.05209,16.5801,-1.25351
1.48368,17.4814,-1.18112
0.943046,18.1971,-0.790594
1.14017,17.38,-1.3121
1.03364,18.0517,-0.637324
0.940257,19.0209,-0.253981
1.84882,1.59278,-2.39763
1.86397,2.75562,-2.37378
1.90032,3.95534,-2.38879
1.95434,5.18957,-2.48787
1.9704,6.42728,-2.62355
1.99057,7.64154,-2.79024
2.03096,8.90164,-3.02579
2.18059,10.1252,-3.04884
2.37442,11.454,-3.05514
2.70791,12.7013,-2.94203
3.312,13.7294,-2.52456
2.94346,14.9142,-2.1523
1.91326,15.9259,-2.37452
2.38256,16.5537,-1.4799
1.66843,17.4359,-1.30934
2.50312,17.0103,-1.17589
1.90081,17.905,-0.96371
2.09848,17.0548,-1.39088
1.93904,18.0634,-1.12793
1.87828,19.0381,-0.669768
2.82962,1.27095,-2.23662
2.82135,2.48281,-2.26159
2.88243,3.69221,-2.39348
2.9179,4.84959,-2.51285
2.94629,6.01474,-2.61834
2.90074,7.18196,-2.71799
2.88133,8.31903,-2.91606
2.97442,9.4938,-3.07572
2.98415,10.6237,-3.11247
2.99683,11.7655,-3.24863
3.06149,12.8244,-3.04562
3.10487,14.0068,-2.79028
2.64744,14.9918,-2.6024
2.84828,15.7813,-1.95626
2.49908,16.6657,-1.44513
3.08671,17.2805,-1.96858
2.8749,17.6979,-1.07496
2.85115,17.3439,-2.01516
2.95689,18.1957,-1.43236
2.92661,19.0106,-0.813218
3.82151,1.01479,-2.2256
3.78282,2.12485,-2.28245
3.80867,3.23268,-2.36541
3.87169,4.3878,-2.43515
3.86021,5.59443,-2.47047
3.88863,6.73539,-2.57534
3.80963,7.86106,-2.79796
3.83897,8.96394,-2.8443
3.7885,10.033,-3.09777
3.74288,11.1158,-3.12392
3.90144,12.1918,-3.06984
3.75111,13.2657,-2.84208
3.5899,14.3443,-2.59567
3.80138,15.2572,-2.02458
3.42386,16.0491,-1.50476
3.99911,16.9042,-1.78508
3.88188,17.5481,-1.01076
3.878,17.4905,-2.07907
3.92627,18.3159,-1.43608
3.89991,19.1841,-0.938008
4.86339,0.704422,-2.08072
4.7589,1.78302,-2.20888
4.79248,2.86467,-2.28715
4.79176,3.99468,-2.28133
4.75119,5.088,-2.29378
4.76746,6.19745,-2.3546
4.65815,7.27869,-2.53446
4.65751,8.37488,-2.71202
4.61795,9.45344,-2.80443
4.6415,10.5748,-2.83457
4.58115,11.6116,-2.66189
4.49494,12.6535,-2.54798
4.37769,13.6499,-2.30283
4.57665,14.5906,-1.9992
4.38494,15.4661,-1.4867
4.81214,16.3722,-1.67726
4.86271,17.1863,-1.01002
4.86884,17.2579,-2.00906
4.94996,18.1426,-1.47878
4.8654,18.9514,-0.903595
5.79244,0.32942,-1.95007
5.78188,1.39583,-2.05924
5.77771,2.4968,-2.08249
5.72409,3.63223,-2.09498
5.72109,4.7098,-2.08015
5.74462,5.81685,-2.29961
5.5718,6.86571,-2.24214
5.54795,7.96164,-2.44613
5.51076,8.9564,-2.57008
5.49833,10.0513,-2.59106
5.39557,11.058,-2.60217
5.36959,12.1222,-2.54279
5.45984,13.1405,-2.24072
5.52841,14.1478,-2.08543
5.37296,14.9693,-1.43201
5.7659,15.9156,-1.40368
5.83236,16.8024,-0.901025
5.86273,17.3308,-1.766
5.9907,18.1966,-1.40517
5.87689,19.0219,-0.833695
6.81366,0.194342,-1.74374
6.75392,1.25237,-1.88951
6.79065,2.24744,-1.99771
6.71533,3.3013,-1.96243
6.66632,4.43726,-2.03074
6.66162,5.54274,-1.93179
6.56499,6.58294,-2.05966
6.53,7.62557,-2.28092
6.48411,8.71872,-2.2869
6.52881,9.77014,-2.3518
6.36501,10.7277,-2.46532
6.26982,11.7182,-2.29813
6.47919,12.7399,-2.20189
6.47341,13.723,-1.85284
6.46693,14.7286,-1.6381
6.7147,15.659,-1.30639
6.83276,16.5452,-0.80311
6.83067,17.0916,-1.63073
6.97033,18.0774,-1.2978
6.88561,18.8975,-0.693786
7.81561,-0.0417554,-1.86391
7.80649,1.08776,-1.78897
7.73978,2.13685,-1.79366
7.76497,3.16542,-1.88032
7.64146,4.18868,-1.8222
7.66209,5.26937,-1.87985
7.59846,6.32052,-1.79919
7.52867,7.38283,-1.9066
7.48158,8.33381,-2.22477
7.51199,9.42027,-2.26943
7.40467,10.531,-2.29833
7.36961,11.5422,-2.19139
7.5091,12.471,-1.96622
7.46696,13.4644,-1.68377
7.49795,14.4673,-1.54002
7.71812,15.4155,-1.17475
7.87466,16.4026,-0.985711
7.88057,17.0055,-1.75795
7.96468,17.9784,-1.37111
7.8612,18.8225,-0.887805
8.84353,-0.0727317,-1.74504
8.84607,0.990066,-1.74443
8.75687,2.03923,-1.57673
8.72051,3.08061,-1.45648
8.6477,4.10153,-1.60774
8.65155,5.13911,-1.64888
8.65828,6.16885,-1.70012
8.58144,7.18901,-1.80855
8.49266,8.21824,-2.01067
8.50728,9.23067,-2.16873
8.41184,10.263,-2.13837
8.35055,11.2344,-1.88649
8.52713,12.2421,-1.87919
8.45922,13.2175,-1.59096
8.54718,14.2207,-1.37773
8.74852,15.22,-1.21963
8.89606,16.2262,-1.06788
8.88368,17.1729,-1.44409
8.96839,18.1543,-1.26502
8.89701,19.0103,-0.749861
9.81654,-0.256777,-1.54637
9.80309,0.813242,-1.41178
9.76241,1.87136,-1.52066
9.7636,2.96058,-1.60009
9.69102,3.97011,-1.48257
9.65606,4.99782,-1.67859
9.675,6.11499,-1.53597
9.57761,7.1252,-1.73317
9.5503,8.15513,-1.84921
9.49702,9.16829,-1.92013
9.50654,10.1724,-2.01532
9.42666,11.1407,-1.76589
9.40117,12.0892,-1.37541
9.4811,13.115,-1.39372
9.59748,14.105,-1.16647
9.73592,15.089,-1.06014
9.90709,16.0517,-1.22639
9.83565,17.0436,-1.13108
10.0065,18.0252,-1.19882
9.88217,19.0562,-0.992138
10.8068,-0.166002,-1.22414
10.836,0.877038,-1.31761
10.7878,1.91995,-1.45279
10.7437,2.92085,-1.31775
10.722,3.96844,-1.41832
10.6631,4.96546,-1.60862
10.7088,6.02663,-1.66865
10.6757,7.02407,-1.72037
10.5597,8.04852,-1.62451
10.5503,9.07221,-1.66488
10.5265,10.0485,-1.80789
10.5404,11.0371,-1.65864
10.4095,11.9925,-1.37565
10.5246,13.0469,-1.20327
10.6447,14.036,-1.26032
10.8022,15.0334,-1.10206
10.931,16.0784,-1.11406
10.9302,17.1249,-1.08647
11.0031,18.1063,-1.00016
10.8813,19.1405,-0.923289
11.8332,0.0139683,-0.986837
11.7959,1.06955,-1.11456
11.8136,2.03261,-1.39384
11.7817,3.03735,-1.3404
11.7808,4.02694,-1.63455
11.6995,5.05014,-1.55353
11.7793,6.05992,-1.61084
11.7288,7.02719,-1.7781
11.5894,8.03612,-1.68101
11.6352,9.06869,-1.72914
11.5397,10.0317,-1.64241
11.616,11.0631,-1.58397
11.4812,12.0513,-1.33702
11.5642,13.0077,-1.09392
11.6668,14.0054,-0.992376
11.8424,15.0188,-1.18159
11.9733,16.0062,-0.998126
11.9613,17.0864,-1.17545
11.9859,18.0636,-0.768545
11.9074,19.0441,-0.889337
12.85,-0.0482498,-1.01833
12.7902,0.932643,-1.25348
12.8904,1.93511,-1.42141
12.7688,2.9628,-1.55695
12.8255,3.98197,-1.66471
12.7225,4.99725,-1.39803
12.72,6.01025,-1.34431
12.7692,7.03442,-1.6192
12.6783,8.035,-1.55643
12.6843,9.07802,-1.58148
12.6072,10.0689,-1.46959
12.6792,11.0784,-1.45541
12.5528,12.1076,-1.18644
12.6466,13.1161,-1.14388
12.6659,14.1444,-0.872793
12.891,15.1017,-1.13167
12.9746,16.0391,-0.735197
12.9654,17.0208,-0.832368
13.0094,18.0751,-0.721958
12.8699,19.1497,-0.703882
13.8729,-0.222727,-1.1264
13.8589,0.818241,-1.18741
13.93,1.8408,-1.32905
13.8324,2.8665,-1.31304
13.8034,3.90839,-1.30629
13.7769,4.90503,-1.33122
13.7902,6.01567,-1.3573
13.7882,7.05883,-1.48083
13.7997,8.0615,-1.36334
13.7565,9.07797,-1.47805
13.6774,10.0862,-1.35673
13.7052,11.0669,-1.30071
13.5845,12.0377,-1.04349
13.7151,13.0797,-0.98594
13.7021,14.127,-1.00959
13.9492,15.1699,-0.939756
13.9948,16.1836,-0.882336
13.9933,17.1891,-0.643013
14.0382,18.1786,-0.492642
13.9128,19.2216,-0.682864
14.9285,-0.269768,-1.27836
14.8558,0.767925,-1.2532
14.9417,1.80108,-1.32428
14.8615,2.84149,-1.2183
14.8012,3.85721,-1.01321
14.8123,4.93551,-1.12189
14.8696,5.97445,-1.2077
14.8332,7.03221,-1.31028
14.828,8.0582,-1.34523
14.8279,9.04669,-1.59506
14.7175,10.0772,-1.48606
14.7448,11.0828,-1.19411
14.6643,12.0966,-1.04396
14.7296,13.15,-0.91745
14.7536,14.168,-0.803275
14.963,15.2054,-0.565398
14.9906,16.2066,-0.624195
14.9912,17.2234,-0.47593
15.0529,18.2215,-0.534507
14.9679,19.2093,-0.681478
15.96,-0.20784,-1.0596
15.9403,0.785089,-1.28155
15.9551,1.74274,-1.05932
15.9324,2.8006,-0.946449
15.8379,3.82029,-0.931135
15.8169,4.82832,-1.10029
15.9247,5.84535,-1.12935
15.8598,6.92292,-1.13189
15.7999,7.97169,-1.122
15.875,8.97881,-1.28393
15.8511,10.0223,-1.3033
15.8395,11.052,-1.23283
15.7352,12.0818,-0.995633
15.7467,13.1213,-0.772631
15.8232,14.1446,-0.801328
15.9688,15.1538,-0.688809
16.0504,16.167,-0.7283
15.9829,17.174,-0.534208
16.0558,18.1675,-0.527897
15.9418,19.1898,-0.361437
17.016,-0.231104,-1.07129
16.9669,0.780749,-0.970568
17.0191,1.78521,-0.98681
16.9848,2.86799,-0.878613
16.8553,3.84771,-1.19294
16.8496,4.8888,-1.04189
17.0012,5.84399,-0.999512
16.9118,6.87736,-1.15842
16.834,7.88979,-1.32372
16.9073,8.89726,-1.33338
16.8339,9.91592,-1.15186
16.8799,10.9279,-0.993948
16.8295,11.9308,-0.946397
16.7967,12.9911,-0.752577
16.8911,14.0128,-0.924259
16.9461,15.0089,-0.895782
17.0353,16.0839,-0.859426
16.9904,17.0959,-0.542204
17.0261,18.0441,-0.277978
16.9717,19.1046,-0.2609
18.0743,-0.260723,-1.01087
17.9741,0.769051,-0.882293
18.1196,1.81949,-0.878295
17.9806,2.89595,-0.901276
17.8933,3.88273,-1.07107
17.8858,4.93032,-1.25306
18.0014,5.93485,-1.17233
17.9785,7.01346,-1.23403
17.847,8.02404,-1.15401
17.9731,8.99269,-1.24704
17.8331,9.98746,-1.09891
17.8844,11.0342,-1.11312
17.899,12.0116,-0.882437
17.7839,13.0192,-0.990655
17.9823,13.955,-0.958644
17.9881,14.9993,-0.865709
18.0802,16.0584,-0.908274
18.0261,17.0994,-0.668325
18.1325,18.0654,-0.265203
17.998,19.0222,-0.0158391
19.0734,0.0696524,-0.962795
18.9565,1.07154,-0.963948
19.0309,1.9965,-0.515098
18.992,2.98451,-0.811563
18.8581,3.96574,-0.932014
18.8778,4.91984,-1.35893
19.0558,5.962,-1.17834
18.979,6.98357,-1.12878
18.8749,7.99585,-1.15112
19.0462,9.02747,-1.18589
18.8779,9.99593,-0.933302
18.9555,11.0243,-1.18271
18.911,12.0364,-0.953209
18.835,13.0982,-1.05036
18.9492,14.0444,-0.784036
19.029,15.0305,-0.842109
19.0892,16.0681,-0.72963
19.0175,17.0852,-0.507123
19.1147,18.0791,-0.116901
18.9966,19.0486,0.252138
