15.5562,-3.59453,0.190246
-3.79178,-20.3344,-4.20603
-5.34911,-4.81508,-1.68146
13.2246,-1.25556,2.95471
15.4426,-5.68549,-16.5597
-6.87311,-5.30505,-3.11193
-1.87817,5.8421,9.61313
13.8193,6.0479,-2.50646
1.69331,6.25672,-0.508689
-4.41908,9.52001,-0.217466
8.30641,-6.968,-2.03613
1.54732,-12.0931,-3.37071
1.49929,-5.99933,-2.39308
7.93772,-3.44036,-2.10197
8.55365,-3.83177,-8.67832
1.14553,-2.30059,-3.45359
0.75472,2.96349,2.44794
4.841,6.69802,-0.0128697
-2.65899,9.21778,0.400537
-10.7437,12.2998,-0.114789
5.54812,-3.35152,-5.02151
2.94089,-6.2955,-4.4625
3.16135,-3.62371,-3.37483
5.39136,-2.23112,-2.84334
5.4148,-1.17729,-4.76347
2.58111,1.00837,-1.72211
1.23501,4.31839,1.05853
0.363738,7.80339,2.77712
-3.51646,10.5583,4.83647
-7.62729,13.2216,6.28953
4.10574,1.11533,-7.9498
3.43428,-1.061,-5.85889
3.46328,-0.420466,-3.67337
4.08384,0.068041,-2.16272
3.55012,1.29515,-1.62934
1.73157,3.37474,0.903668
0.253423,6.14175,3.62259
-1.43538,9.16066,6.33097
-4.13945,12.0641,9.49622
-7.34634,15.3932,12.989
3.18984,5.74872,-11.1308
3.5849,3.87035,-6.88709
3.57218,2.8683,-3.56565
3.13529,2.42484,-1.01096
2.20451,3.14061,0.913962
1.09473,4.98631,3.32073
-0.0568712,7.31632,6.22188
-1.27164,9.74803,9.62881
-2.85105,12.5605,13.5887
-8.92849,19.1314,19.7087
2.19988,10.2856,-15.7524
4.09154,8.01264,-5.26365
3.85842,5.17905,-1.22376
2.4542,3.84158,1.23485
1.03012,4.13948,3.10031
0.639149,5.30557,4.88698
0.683227,6.40221,6.73092
1.01815,7.78979,8.41283
3.31087,6.0325,8.5696
9.29483,-0.805945,3.3253
2.88692,21.4747,3.87894
6.24223,7.18521,5.22398
4.19951,3.58708,3.40256
1.18787,3.49511,4.11569
-0.82168,4.50224,5.19411
-0.454817,5.94458,6.19313
1.06562,7.11171,6.51319
2.77132,7.56873,6.9919
5.19044,7.37925,6.33018
8.59434,6.37382,5.23375
16.9614,-19.5096,20.3079
10.417,-6.30379,11.3849
3.95956,-0.609909,6.00847
-1.48801,2.63331,6.37148
-3.49013,4.86214,7.1311
-2.20733,6.43872,7.27551
-0.309934,7.63291,6.9422
1.90206,8.57509,6.24846
3.98343,9.82352,4.90696
5.04126,13.1619,1.96898
1.99327,-7.53091,-3.15934
6.81652,-4.84256,3.51009
-1.41602,3.59029,-0.0718467
-7.16019,5.28018,6.88106
-6.7679,6.06055,8.97411
-4.4201,6.68795,8.48841
-2.02461,7.29065,7.90995
0.321967,7.775,7.42712
2.68295,7.72405,7.47911
2.82527,5.71998,10.1852
8.98269,-9.58417,1.77117
16.0783,-11.364,6.35262
-8.1887,12.0188,-9.06102
-14.6577,8.08337,12.8872
-10.2078,7.16144,10.9681
-6.85764,7.02228,9.83421
-4.0195,7.19507,8.88945
-1.52898,7.38259,8.2398
0.730772,7.28936,8.06062
1.83632,6.37226,9.0489
