-0.279119,1.30817,-0.826701
-0.0251167,1.72049,0.0288339
-0.0409803,2.67828,0.268795
-0.0656911,3.65186,0.106842
-0.255416,4.64669,-0.0175726
-0.211863,5.63707,-0.131959
-0.171175,6.62308,-0.473009
-0.191711,7.60942,-0.250307
-0.119535,8.6724,-0.322562
-0.28081,9.52932,-0.965743
-0.117414,10.5366,-0.957802
-0.175469,11.4482,-0.499033
-0.289444,12.3979,-0.808374
-0.241453,13.3534,-1.06526
-0.203171,14.3269,-1.24833
-0.269799,15.3363,-1.14859
-0.264815,16.2126,-0.661666
-0.34423,17.1141,-0.17636
-0.178771,18.1408,-0.150877
0.0905759,19.1294,-0.187014
0.0952147,20.1025,-0.367751
-0.236265,20.9745,-0.0242103
-0.116797,22.0173,-0.0245705
-0.13614,22.9085,0.274273
-0.114792,23.8476,-0.108414
-0.232426,24.7175,0.340223
-0.114704,25.6841,0.0654225
-0.0156499,26.6239,-0.311173
-0.216959,27.611,-0.427378
-0.258028,28.6359,-0.538945
0.807593,1.15536,-0.793139
0.987561,1.85239,-0.0839747
0.940483,2.89583,0.142082
0.9515,3.89686,0.104965
0.70698,4.84396,-0.290622
0.763366,5.87334,-0.338609
0.860921,6.87107,-0.371258
0.760884,7.7846,0.0635243
0.876556,8.62373,-0.473382
0.790625,9.62007,-0.824848
0.841679,10.6124,-1.08177
0.850661,11.4958,-0.564049
0.773501,12.4627,-0.791232
0.782131,13.3309,-1.30475
0.827683,14.3469,-1.48746
0.761339,15.311,-1.24786
0.730097,16.1404,-0.653459
0.699637,17.0597,-0.309726
0.838853,18.0503,-0.146455
1.09716,19.0289,-0.210385
1.08542,20.018,-0.239525
0.82324,20.9754,-0.0854366
0.853288,21.9989,-0.2567
0.866378,22.8932,0.184295
0.872051,23.7614,-0.417185
0.716117,24.6424,0.0388012
0.954668,25.6059,-0.0620991
1.00903,26.5828,-0.231855
0.796371,27.5915,-0.455113
0.736183,28.6487,-0.418979
1.87716,1.32481,-0.796966
1.71641,2.30304,-0.622541
2.01858,2.94115,0.0859249
1.9823,3.9775,-0.00422681
1.76859,4.90127,-0.281191
1.77623,5.98362,-0.363146
1.87544,7.0176,-0.518949
1.72498,7.92041,-0.120246
1.83364,8.8426,-0.515287
1.84755,9.81362,-0.842457
1.87949,10.7419,-1.27726
1.8671,11.6242,-0.788531
1.8113,12.641,-1.04222
1.72763,13.6288,-1.20122
1.84114,14.4333,-1.77431
1.69275,15.4285,-1.64685
1.71921,16.0008,-0.782543
1.69305,16.9768,-0.572542
1.84912,18.0068,-0.47084
2.09723,18.9316,-0.154292
2.08944,19.9641,-0.0382031
1.8917,20.942,0.0136662
1.79897,21.9507,-0.117325
1.90263,22.8895,0.143217
1.88718,23.7219,-0.414139
1.73179,24.7134,-0.184854
1.98755,25.6756,0.000128178
1.99426,26.5032,-0.54384
1.80477,27.5154,-0.503
1.80869,28.4898,-0.50766
2.87006,1.40879,-0.819727
2.71925,2.30929,-0.460274
2.97025,3.21717,-0.14756
3.03137,4.19127,-0.0341868
2.75829,5.10913,-0.245564
2.77419,6.13241,-0.259786
2.93988,7.11523,-0.521162
2.77924,8.04147,-0.182269
2.79756,9.00155,-0.303476
2.83532,9.90713,-0.728321
2.93799,10.8687,-1.00852
2.89717,11.8054,-0.636671
2.8715,12.6742,-1.14858
2.75057,13.6464,-1.37318
2.83355,14.5092,-1.91342
2.79073,15.5102,-1.67288
2.73302,15.9783,-0.783544
2.71473,16.9517,-0.425312
2.88149,17.9378,-0.444841
3.0707,18.9336,-0.512537
3.13422,19.8739,-0.141066
2.95154,20.9227,-0.185699
2.76607,21.8681,0.116327
2.96274,22.8247,0.23592
2.91431,23.7111,-0.202213
2.75925,24.6999,-0.237562
3.034,25.6456,-0.100906
3.00931,26.5747,-0.470434
2.87004,27.5864,-0.511264
2.88152,28.5714,-0.313538
3.85567,1.5256,-0.687164
3.76062,2.53381,-0.376223
4.01507,3.47568,-0.29031
4.0831,4.45987,0.0697226
3.76192,5.32857,-0.276418
3.79999,6.32928,-0.511216
3.91259,7.34922,-0.531385
3.7629,8.27802,-0.212171
3.78917,9.24761,-0.547807
3.79441,10.2463,-0.682946
3.94851,11.1899,-1.04664
3.84949,12.1653,-0.804978
3.78134,12.8541,-1.54422
3.7554,13.8366,-1.21643
3.85975,14.4924,-1.97708
3.80457,15.4945,-1.69879
3.72764,16.19,-0.9347
3.69634,17.1538,-0.590451
3.86872,18.1594,-0.288366
4.06616,19.1055,-0.526054
4.15804,20.027,-0.0696585
3.90723,20.9821,0.187161
3.70771,21.9306,0.422745
3.96993,22.8635,0.0353679
3.91291,23.7552,-0.482778
3.79526,24.7428,-0.505728
4.03684,25.634,-0.115085
4.01024,26.5887,-0.59577
3.85249,27.5253,-0.247783
3.93559,28.5007,-0.455061
4.90609,1.62583,-0.703626
4.79015,2.63794,-0.364464
4.96613,3.60408,-0.0636769
5.01938,4.63021,-0.218781
4.76555,5.59184,-0.327522
4.84275,6.59351,-0.555379
4.92763,7.58259,-0.549571
4.76488,8.52327,-0.194665
4.81856,9.45102,-0.499042
4.78718,10.432,-0.706494
4.96325,11.3691,-1.08319
4.90969,12.3654,-0.844203
4.83135,13.0972,-1.61038
4.7616,14.1032,-1.37971
4.83652,14.6658,-2.18979
4.7948,15.6596,-1.89096
4.73232,16.3815,-1.18879
4.69808,17.3575,-0.861116
4.86521,18.0449,-0.177645
4.99684,19.0632,-0.173135
5.18166,19.9779,0.136756
4.86763,20.9071,0.0038789
4.70141,21.852,0.360201
4.9424,22.7023,-0.176656
4.9496,23.5885,-0.673684
4.80357,24.6317,-0.523286
5.09006,25.6115,-0.404129
5.0004,26.5705,-0.555232
4.9285,27.5318,-0.33954
5.02914,28.5572,-0.290573
5.91082,1.94122,-0.737629
5.738,2.91641,-0.430393
5.98234,3.89911,-0.240999
5.97658,4.8642,-0.443525
5.8037,5.83556,-0.254231
5.84877,6.84061,-0.500119
5.88264,7.825,-0.341472
5.75455,8.80082,-0.24424
5.80983,9.77839,-0.401648
5.75509,10.7729,-0.661586
5.89997,11.687,-1.06551
5.92907,12.633,-0.791726
5.899,13.0621,-1.69561
5.80578,14.0886,-1.52881
5.91073,14.6986,-2.29095
5.8305,15.7126,-2.10897
5.77086,16.3741,-1.33133
5.73451,17.1532,-0.660768
5.85087,17.9327,-0.0469741
5.96551,18.9323,-0.304416
6.16183,19.8586,0.0781823
5.85482,20.798,-0.0231666
5.80515,21.7187,0.350926
5.87501,22.7422,0.238832
5.89312,23.6286,-0.259813
5.78273,24.587,-0.645912
6.08874,25.5903,-0.571209
6.046,26.6052,-0.403442
5.90453,27.5484,-0.712409
6.06339,28.4237,-0.264992
6.92665,2.1505,-0.595129
6.72514,3.13142,-0.330689
7.03485,4.07322,-0.413971
6.97477,5.06326,-0.369723
6.87481,6.09969,-0.362578
6.88729,7.0787,-0.378301
6.8746,8.09482,-0.374325
6.7075,9.05394,-0.541942
6.85466,10.0682,-0.315625
6.78031,10.9765,-0.775607
6.85912,11.9903,-0.954631
6.89742,13.0002,-1.10926
6.74848,13.5903,-1.95755
6.86576,14.4763,-1.58999
6.91503,14.9159,-2.5238
6.91582,15.7219,-1.95971
6.78044,16.3914,-1.20342
6.77856,17.268,-0.674691
6.83755,18.0621,-0.0358989
7.01515,19.0334,-0.201505
7.21598,19.9973,-0.0746879
6.83263,20.9582,-0.185659
6.80503,21.9206,0.0824885
6.88384,22.9737,0.0489212
6.79643,23.9918,0.0594378
6.78681,24.728,-0.667226
7.07537,25.5812,-0.206293
7.05679,26.6393,-0.261998
6.87928,27.5917,-0.490869
7.05084,28.5436,-0.329142
7.92626,2.32971,-0.578237
7.73812,3.34476,-0.518909
8.0661,4.29528,-0.423539
7.98493,5.32225,-0.506287
7.93401,6.30841,-0.402954
7.909,7.3749,-0.451854
7.89612,8.37345,-0.371059
7.73202,9.33168,-0.557366
7.80479,10.3897,-0.486819
7.7384,11.3556,-0.912156
7.83583,12.3398,-0.933555
7.88289,13.3346,-1.08412
7.81916,13.5464,-2.04585
7.91391,14.4835,-1.68766
7.92255,15.0057,-2.60372
7.93312,15.7466,-1.93031
7.75943,16.5339,-1.34455
7.86103,17.2785,-0.648033
7.892,18.1644,-0.233845
8.05894,19.1563,-0.281017
8.1817,20.1672,-0.0951842
7.81546,21.108,-0.292956
7.80905,22.0933,-0.00118717
7.86313,23.0786,0.243117
7.84041,24.0279,-0.0428449
7.84048,24.8102,-0.681017
8.07026,25.6958,-0.283197
8.10772,26.7037,-0.233009
7.81679,27.6481,-0.119593
8.09265,28.5566,-0.444435
8.99517,2.6211,-0.574596
8.75257,3.61993,-0.543013
9.05568,4.58443,-0.464647
8.99001,5.5888,-0.37767
8.90068,6.61259,-0.480352
8.84844,7.61893,-0.270501
8.81021,8.67398,-0.59444
8.76712,9.6957,-0.569131
8.75871,10.6979,-0.691653
8.76142,11.6862,-0.936857
8.8394,12.6777,-1.10908
8.83955,13.7625,-1.2478
8.83295,13.8205,-2.25203
8.96065,14.6743,-1.64033
8.95004,15.0322,-2.61359
8.95426,15.5759,-1.73828
8.80633,16.4919,-1.42259
8.78993,16.953,-0.472378
8.86397,17.9674,-0.286782
9.0498,18.9618,-0.288314
9.2484,19.9511,-0.0732383
8.8702,20.8687,-0.109363
8.83317,21.95,0.0870907
8.84403,22.9215,-0.0898587
8.82553,23.9351,-0.0417219
8.79044,24.8365,-0.509555
9.07093,25.7313,-0.137397
9.09684,26.7423,-0.0509049
8.74789,27.6208,0.283346
9.04268,28.1115,-0.551311
9.9872,2.73638,-0.577264
9.75988,3.75677,-0.613639
10.0597,4.71422,-0.44752
10.0002,5.72526,-0.379577
9.95685,6.76894,-0.516868
9.86438,7.77458,-0.607025
9.85263,8.82019,-0.536982
9.85409,9.8891,-0.632643
9.7531,10.907,-0.76379
9.76395,11.9113,-0.860915
9.86051,12.8407,-1.22583
9.92606,13.8813,-1.30456
9.90545,13.9356,-2.33161
9.96214,14.7414,-1.66847
9.98971,14.9078,-2.66258
9.95118,15.5915,-1.90965
9.78997,16.353,-1.26652
9.78471,17.1165,-0.6095
9.91298,18.0942,-0.471636
10.06,19.1091,-0.555895
10.2821,19.9736,-0.131584
9.87454,20.8582,-0.262563
9.86063,21.8588,-0.00714133
9.93214,22.8322,0.078283
9.8265,23.7712,-0.215265
9.74517,24.7573,-0.179192
10.1062,25.665,-0.352873
10.1346,26.6385,-0.206232
9.75764,27.5475,0.1279
10.1099,28.2564,-0.463079
11.017,2.79544,-0.465429
10.8142,3.77074,-0.583288
11.0602,4.74492,-0.330326
10.9864,5.74709,-0.51475
10.9778,6.75532,-0.374697
10.9076,7.78479,-0.605411
10.8711,8.79864,-0.739555
10.9075,9.8207,-0.766356
10.8123,10.8496,-0.881439
10.7922,11.8463,-0.951192
10.9092,12.898,-1.21473
10.9371,13.8838,-1.36171
10.9154,13.8623,-2.32978
10.9852,14.6535,-1.73072
11.0065,14.9038,-2.77535
10.9584,15.6116,-2.00967
10.8235,16.4452,-1.53746
10.7709,17.0969,-0.737773
10.9243,18.0236,-0.423597
11.0242,19.0306,-0.249281
11.3123,19.9674,-0.0380749
10.8896,20.8161,-0.355336
10.8656,21.7518,0.161467
10.9616,22.7456,0.184701
10.8846,23.6792,-0.135145
10.742,24.679,-0.180978
11.127,25.5877,-0.27561
11.1299,26.5935,-0.165755
10.7857,27.5282,0.00265511
11.1457,28.3218,-0.544749
12.056,2.88377,-0.401413
11.8013,3.87314,-0.417353
12.0755,4.84208,-0.41489
12.034,5.8585,-0.480953
11.9925,6.83519,-0.23227
11.9339,7.8429,-0.496536
11.9245,8.85278,-0.665316
11.9175,9.92615,-0.682949
11.8442,10.9469,-0.991232
11.8561,12.0136,-1.02688
11.9518,13.0109,-1.11024
11.9129,13.9522,-1.47874
11.9186,14.0475,-2.46963
11.9489,14.7919,-1.77734
12.0798,14.9254,-2.79053
12.0058,15.5377,-1.99639
11.8359,16.2561,-1.32517
11.7817,16.9821,-0.638661
11.9892,17.9506,-0.297253
12.0851,18.9009,-0.00710776
12.3193,19.8714,-0.0816462
11.906,20.778,-0.219636
11.7829,21.7688,-0.26556
12.0096,22.674,0.114066
11.9574,23.6141,-0.195828
11.7558,24.5861,-0.245946
12.1067,25.556,-0.341887
12.2022,26.533,-0.134202
11.7764,27.4697,-0.0891842
12.1715,28.3469,-0.535502
13.016,3.0273,-0.138618
12.8211,3.92929,-0.488369
13.1292,4.91519,-0.416221
13.1539,5.91039,-0.502448
13.0605,6.92118,-0.314505
12.9222,7.92479,-0.632282
12.9385,8.96763,-0.388049
12.9452,9.98942,-0.540007
12.9011,10.9671,-0.767101
12.8715,12.0013,-1.0819
12.9608,13.0197,-1.26183
12.915,13.98,-1.48824
12.9508,14.015,-2.49874
13.0189,14.8655,-1.89279
13.0949,15.0077,-2.89016
13.0472,15.6371,-2.11256
12.7987,16.2816,-1.34668
12.7568,17.0573,-0.682061
13.0246,18.0023,-0.402567
13.1273,18.9098,0.0532426
13.3482,19.8436,0.219929
12.9579,20.6947,-0.0955351
12.7992,21.6843,-0.29317
12.9877,22.5556,0.26805
12.9505,23.5338,-0.049736
12.7423,24.5132,-0.208774
13.0969,25.4546,-0.0767846
13.2159,26.4038,-0.413486
12.7495,27.2022,-0.0764672
13.1438,28.09,-0.339412
14.072,2.95181,-0.143614
13.9147,3.90645,-0.464629
14.1749,4.89931,-0.419794
14.2276,5.93872,-0.543495
14.1315,6.92365,-0.462679
13.9132,7.93869,-0.314185
13.9931,8.94094,-0.334144
13.9675,9.89513,-0.717606
13.9519,10.9293,-0.783279
13.9768,11.9479,-1.06142
13.9799,12.9434,-1.36245
13.9169,13.9933,-1.61749
13.9704,14.1476,-2.60809
14.0478,14.9156,-1.94541
14.1149,14.9635,-2.95904
14.0847,15.724,-2.30767
13.7894,16.2847,-1.54117
13.7483,16.8156,-0.653322
13.9432,17.7844,-0.607437
14.1085,18.6476,-0.109339
14.3451,19.6359,-0.051973
13.9634,20.5421,0.163649
13.8266,21.5785,-0.0617237
14.0406,22.5624,0.284146
13.9836,23.5046,-0.035847
13.8088,24.4457,-0.308814
14.0113,25.4666,-0.464742
14.256,26.4631,-0.479482
13.8172,27.3048,-0.130619
14.2283,28.2642,-0.207102
15.0746,2.97782,-0.163985
14.9424,3.90635,-0.417258
15.1527,4.84348,-0.723942
15.2182,5.80084,-0.460457
15.1572,6.82592,-0.381414
14.9843,7.87922,-0.296509
15.0212,8.85224,-0.456825
15.0216,9.83822,-0.692895
14.9798,10.8697,-0.993634
15.0588,11.9287,-0.956743
15.0063,12.9661,-1.27607
14.977,13.9971,-1.55363
14.9722,14.0083,-2.54886
15.1105,14.8554,-1.92767
15.125,14.7837,-2.95065
15.0583,15.4904,-2.23905
14.8034,16.2592,-1.68928
14.7633,16.8653,-0.919944
15.0049,17.8388,-0.456566
15.1539,18.7504,-0.0677877
15.3456,19.7561,-0.0557176
14.9641,20.6671,0.173058
14.8267,21.6578,0.0899808
15.0417,22.6608,0.0918851
15.0213,23.6791,-0.0490707
14.7791,24.6415,-0.130485
15.0956,25.5307,-0.476449
15.271,26.4815,-0.702271
14.8364,27.1661,-0.088873
15.1715,28.1005,0.154695
16.0805,2.91685,-0.289032
16.0069,3.93811,-0.241774
16.1578,4.90955,-0.512436
16.2145,5.94713,-0.441856
16.1141,6.89275,-0.152028
16.0817,7.8977,-0.3288
16.0584,8.95251,-0.305811
16.0562,9.86787,-0.746367
16.043,10.8966,-1.00308
16.0432,11.8587,-1.2442
15.9618,12.8552,-1.55524
16.0018,13.862,-1.62493
15.997,14.0464,-2.61686
16.1477,14.7819,-1.97624
16.1674,14.816,-2.96604
16.0559,15.5342,-2.3069
15.8367,16.1492,-1.54557
15.7725,16.8027,-0.799792
16.0222,17.7637,-0.533692
16.1905,18.6025,-0.0318735
16.3231,19.6076,0.120032
15.9979,20.6276,0.0420026
15.8479,21.5608,0.282299
16.0332,22.5482,0.244417
16.0375,23.5107,-0.0677908
15.7723,24.522,-0.165032
16.1483,25.4314,-0.395502
16.3118,26.4318,-0.522471
15.8303,27.2891,-0.201343
16.2228,28.0842,0.258336
17.1096,2.99953,-0.187204
17.0199,3.97105,-0.348323
17.159,4.95482,-0.259478
17.2517,5.96744,-0.210157
17.1419,6.94053,-0.350511
17.1137,7.92729,-0.332807
17.1125,8.94308,-0.422993
17.0731,9.91065,-0.793558
17.0958,10.8613,-1.172
17.0272,11.9154,-1.18893
16.9879,12.963,-1.37289
17.0399,13.9463,-1.56466
17.0412,14.0494,-2.62773
17.1485,14.699,-1.90671
17.1636,14.8034,-2.92192
17.0838,15.398,-2.13283
16.8487,16.1115,-1.46897
16.8046,16.841,-0.799472
17.0634,17.7865,-0.616449
17.2013,18.7373,-0.262999
17.3662,19.676,0.0651051
16.9695,20.6284,0.350539
16.9152,21.6328,0.589761
17.0743,22.5752,0.294714
17.0659,23.5177,-0.222678
16.8131,24.4718,-0.328632
17.1409,25.3346,-0.0308817
17.2393,26.3434,-0.142405
16.8588,27.2527,-0.020191
17.2697,28.1165,0.36332
18.1796,2.75265,0.0319712
17.9566,3.79629,0.0566271
18.1572,4.73282,-0.217215
18.2389,5.75567,-0.37481
18.1917,6.78404,-0.248631
18.1774,7.81112,-0.168609
18.1247,8.8365,-0.460945
18.1484,9.87545,-0.685653
18.0732,10.8972,-0.898544
18.0215,11.8125,-1.22937
18.0267,12.8324,-1.27234
18.0812,13.819,-1.52138
18.0902,13.8755,-2.53149
18.1822,14.6012,-1.83372
18.1342,14.6316,-2.81721
18.1215,15.3911,-2.11506
17.9031,16.1577,-1.39459
17.8261,17.0602,-1.00841
18.0818,17.7161,-0.321729
18.2096,18.7401,-0.136305
18.3381,19.7598,-0.125413
18.0178,20.6233,0.211597
17.8841,21.5774,0.407031
18.1157,22.5812,0.336998
18.1016,23.3292,-0.305158
17.8345,24.3246,-0.378491
18.1616,25.2104,-0.0655385
18.2787,26.2122,-0.270428
17.8519,27.0522,0.0653493
18.3028,27.9379,0.409146
19.2466,2.92428,-0.120231
18.9892,3.81355,0.265209
19.2045,4.61906,-0.26675
19.2392,5.62285,-0.347105
19.1864,6.6333,-0.160744
19.1307,7.64624,-0.462853
19.1602,8.6721,-0.481249
19.1444,9.68346,-0.710477
19.0789,10.6792,-0.809061
19.0165,11.6809,-0.949614
19.0561,12.7112,-1.24234
19.0829,13.7103,-1.52349
19.121,13.8268,-2.54501
19.225,14.6063,-1.8443
19.1443,14.6807,-2.88932
19.1138,15.4525,-2.21814
18.9111,16.1962,-1.50045
18.8428,17.193,-1.2838
19.0666,17.7355,-0.481719
19.1523,18.7437,-0.507993
19.3426,19.6576,0.034489
19.1175,20.6628,0.24781
18.8802,21.6021,0.449986
19.1385,22.5557,0.272149
19.1192,23.4771,-0.140742
18.8652,24.4382,-0.264217
19.0407,25.3925,-0.591629
19.3084,26.2999,-0.23853
18.8621,27.1569,-0.0637776
19.2762,28.06,-0.0075808
20.2549,2.55777,-0.0513535
19.9452,3.54288,0.050383
20.1662,4.4916,-0.0432447
20.2571,5.48893,-0.215995
20.1803,6.48288,-0.10633
20.1533,7.43969,-0.40835
20.2,8.43533,-0.593701
20.2116,9.44074,-0.571529
20.1256,10.4371,-0.771075
20.0463,11.4263,-1.04546
20.0414,12.4207,-1.18875
20.0134,13.4354,-1.20387
20.1629,13.6353,-2.18292
20.137,14.3059,-1.45284
20.1168,14.5526,-2.46718
20.0567,15.3625,-1.89151
19.8934,16.0697,-1.19922
19.8996,17.0676,-1.1208
20.0629,17.8978,-0.646431
20.2211,18.8731,-0.566945
20.3829,19.7719,-0.0630329
20.1592,20.7415,0.352437
19.8356,21.6729,0.219712
20.1883,22.6432,0.240333
20.1065,23.5514,-0.214371
19.8176,24.3822,-0.634794
20.0548,25.3566,-0.478082
20.3704,26.2748,-0.151436
19.9244,27.1685,0.127433
20.3875,28.1038,0.187625
21.2337,2.36757,0.0465896
20.9446,3.34187,0.0543748
21.2233,4.28352,-0.0104801
21.2481,5.27793,-0.0303537
21.2006,6.25567,0.115165
21.2,7.23171,-0.13983
21.2543,8.22778,-0.474764
21.208,9.19787,-0.586294
21.1473,10.1713,-0.760595
21.1167,11.0875,-1.21329
21.0675,12.0608,-1.04248
20.9827,13.1086,-0.888806
21.1677,13.3478,-1.93961
21.1842,14.2619,-1.57075
21.1326,14.5905,-2.52315
21.1422,15.3706,-1.90695
20.8773,16.2256,-1.31192
20.8956,17.1792,-1.00359
21.0476,18.0494,-0.483914
21.1798,19.0417,-0.356676
21.342,19.8974,0.139711
21.1122,20.8555,0.176583
20.915,21.8554,0.208374
21.1902,22.8184,0.0283273
21.0862,23.7821,-0.351762
20.827,24.7066,-0.577377
21.0322,25.6056,-0.204672
21.3704,26.5228,-0.334147
20.9909,27.2013,0.251271
21.3861,28.1228,0.109693
22.105,2.02022,0.369021
21.873,2.97002,0.173489
22.2003,3.94836,-0.162563
22.1912,4.96191,-0.170333
22.1908,5.94274,-0.0308573
22.1588,6.95781,0.00150456
22.2428,7.91467,-0.281152
22.2276,8.88668,-0.615549
22.1651,9.95867,-0.743724
22.1472,10.9018,-1.08496
22.0379,11.8688,-1.24667
21.9855,12.8267,-0.927192
22.2075,13.3514,-1.76075
22.2151,14.2475,-1.33659
22.1551,14.5641,-2.29456
22.1912,15.3391,-1.67107
21.9224,16.3305,-1.4271
21.8919,17.2315,-0.966555
22.1,18.0824,-0.503931
22.2243,19.0738,-0.61424
22.3406,19.9278,-0.13094
22.0909,20.845,0.270904
21.9633,21.8468,0.123045
22.1582,22.8417,0.132789
22.1113,23.836,-0.19292
21.8827,24.8128,-0.397613
21.9878,25.7317,0.102762
22.4173,26.4928,-0.34629
21.9937,27.2487,0.226154
22.3522,28.1824,-0.0932981
23.0783,1.83041,0.479464
22.9358,2.77944,0.176168
23.2043,3.68716,-0.105432
23.2036,4.72501,-0.169005
23.2119,5.77998,-0.0595813
23.1569,6.76965,0.0153844
23.2414,7.79056,-0.154286
23.2985,8.7024,-0.594501
23.1902,9.68195,-0.735649
23.105,10.6841,-1.01683
22.9473,11.6583,-0.840687
23.0221,12.7056,-0.843464
23.2214,13.1357,-1.71614
23.1756,14.0008,-1.22592
23.1799,14.5862,-2.00901
23.1792,15.4902,-1.4441
22.9466,16.4635,-1.47469
22.9395,17.1991,-0.83596
23.1308,18.1403,-0.493222
23.2275,19.126,-0.578616
23.3033,20.1658,-0.439317
23.1212,20.9148,0.24756
22.9976,21.9211,0.25201
23.1618,22.9376,0.181988
23.1042,23.9598,0.0451003
22.8712,24.9234,-0.278613
22.9778,25.8522,0.0373119
23.4106,26.7378,-0.21879
22.9877,27.3266,0.427436
23.3455,28.1929,0.139756
24.0767,1.71037,0.637184
23.9115,2.67172,0.332215
24.2147,3.57428,0.0835749
24.2286,4.57627,-0.182482
24.2082,5.58756,0.17148
24.1437,6.56755,-0.211267
24.2717,7.59242,-0.0957335
24.3336,8.45846,-0.582937
24.1886,9.42064,-0.86346
24.1489,10.4264,-0.942387
23.9975,11.4547,-0.750926
24.077,12.4405,-0.89552
24.2867,13.0494,-1.66752
24.1784,13.9837,-1.32387
24.2151,14.7066,-2.01444
24.1425,15.2681,-1.21859
23.9603,16.2372,-1.28819
23.9374,17.1385,-0.876656
24.1552,18.0045,-0.304794
24.2409,18.9836,-0.549968
24.2535,19.8923,-0.159368
24.1102,20.8497,0.10043
24.0086,21.9048,0.0618915
24.2072,22.8961,0.107144
24.146,23.9174,0.0376507
23.8585,24.8246,-0.412699
23.9999,25.7568,-0.0851131
24.3813,26.6963,-0.28131
24.0193,27.4592,0.24546
24.3282,28.3413,-0.0902341
25.1182,1.75622,0.507129
24.9206,2.76697,0.481252
25.2915,3.57362,-0.0552232
25.1833,4.51743,-0.492001
25.2054,5.27327,0.191186
25.1535,6.22433,-0.104407
25.2852,7.26857,-0.0284097
25.2783,8.16613,-0.499857
25.1491,9.16744,-0.516739
25.1564,10.1631,-0.714115
24.9936,11.142,-0.775286
25.0649,12.1548,-0.847465
25.3156,12.8301,-1.5334
25.1984,13.763,-1.14544
25.2064,14.4443,-1.88106
25.1554,15.1384,-1.21743
24.9447,16.118,-0.969707
24.9544,17.0111,-0.574596
25.1447,17.9914,-0.548643
25.1622,18.9758,-0.260787
25.2653,19.9639,-0.00599689
25.0914,20.9166,0.269057
25.0178,21.8847,-0.0767876
25.2227,22.8691,0.0353893
25.1663,23.8677,0.0771386
24.901,24.7376,-0.370904
25.0245,25.7633,-0.353841
25.3832,26.7289,-0.193173
25.0364,27.5727,0.26801
25.3502,28.5496,0.112558
26.1249,1.68119,0.682308
25.9524,2.63698,0.347044
26.2293,3.35578,-0.366976
26.18,4.33184,-0.567669
26.1223,4.88903,0.262627
26.1754,5.88583,0.00180364
26.2502,6.91969,-0.0318918
26.2707,7.94445,-0.277789
26.1459,8.95448,-0.265175
26.1484,9.95213,-0.698318
26.0145,10.9081,-0.514789
25.998,11.8733,-0.840226
26.3172,12.7265,-1.30947
26.0861,13.5575,-0.803992
26.1438,14.3911,-1.4144
26.1488,15.3226,-0.928959
25.9967,16.2925,-1.06948
25.9271,17.2226,-0.714988
26.1467,18.1398,-0.403073
26.2027,19.1025,-0.0601154
26.2871,20.1075,0.0086581
26.1298,21.0136,0.360753
25.982,22.0164,0.236708
26.1974,22.8722,-0.214444
26.1945,23.8772,0.0298349
25.929,24.7978,-0.155287
26.0031,25.8151,-0.250475
26.3606,26.6984,-0.455232
26.1109,27.5572,0.0717399
26.3834,28.5308,0.300751
27.1574,1.82878,0.890826
26.9446,2.38448,0.0997894
27.1194,3.00485,-0.722092
27.1684,4.04247,-0.596057
27.1361,4.82133,0.0196295
27.2175,5.79827,-0.200232
27.2633,6.79155,-0.120768
27.2254,7.83431,-0.0597461
27.1634,8.75538,-0.381552
27.1759,9.71093,-0.745097
27.0741,10.6284,-0.338008
27.0346,11.6639,-0.515674
27.2787,12.5071,-0.950529
27.1607,13.4637,-0.674978
27.0858,14.4263,-0.950768
27.1681,15.3711,-0.722657
27.0041,16.3655,-0.967867
26.9987,17.199,-0.411106
27.1751,18.2128,-0.386355
27.192,19.1933,-0.221976
27.2771,20.1785,-0.109085
27.1296,21.1152,0.194092
27.0333,22.1028,0.275719
27.2097,22.9407,-0.281622
27.1753,23.8927,-0.263478
27.0162,24.8853,-0.294452
27.0021,25.9539,-0.218262
27.3082,26.8817,-0.524812
27.1728,27.5299,0.20325
27.345,28.4442,0.529456
28.1394,1.64782,0.97055
27.9589,2.31338,0.20318
28.1075,2.75404,-0.746397
28.1302,3.69086,-0.338221
28.1837,4.59458,0.13675
28.2004,5.57994,0.0158238
28.2113,6.58791,-0.0593158
28.1939,7.55833,-0.334138
28.171,8.55429,-0.382815
28.1817,9.49409,-0.700018
28.1099,10.4481,-0.430091
28.029,11.4365,-0.336317
28.2504,12.2869,-0.85165
28.187,13.3246,-0.659041
28.0961,14.2619,-1.0997
28.1528,15.2494,-0.752867
28.0222,16.2784,-0.810376
28.0804,17.2018,-0.430775
28.168,18.223,-0.389566
28.1968,19.199,-0.255031
28.2389,20.1048,-0.65078
28.033,20.9918,-0.242051
28.0204,21.9575,-0.015952
28.1793,22.9393,-0.115119
28.2155,23.8826,-0.505045
28.0371,24.7797,-0.0724723
28.0291,25.7573,-0.18341
28.3137,26.6958,-0.355934
28.1499,27.5492,0.140101
28.3932,28.4931,0.33187
29.1708,1.61266,0.968014
29.014,2.29214,0.247981
29.1212,2.67283,-0.685223
29.1359,3.66583,-0.536555
29.2243,4.37765,0.17257
29.2207,5.38121,0.0215979
29.2011,6.39679,0.15967
29.1391,7.41263,0.0833552
29.1366,8.22379,-0.517435
29.2093,9.26368,-0.606281
29.1054,10.2357,-0.440199
29.0044,11.2246,-0.299091
29.2664,12.0782,-0.738035
29.2073,13.0816,-0.560903
29.0238,14.0602,-0.708054
29.1663,15.0629,-0.597623
29.0711,16.0547,-0.705728
29.1254,17.0656,-0.652474
29.154,18.0302,-0.294537
29.2067,19.0335,-0.234727
29.2879,19.9891,-0.497375
29.0641,20.8663,0.0940489
29.0306,21.8199,-0.142854
29.1883,22.7908,-0.119031
29.1714,23.792,-0.0914884
29.0897,24.766,-0.231169
29.1001,25.7687,-0.262407
29.2947,26.7403,-0.38265
29.1389,27.6627,-0.0755242
29.4092,28.4807,0.493466
