-0.157649,0.825913,-0.991104
0.0300913,1.28938,-0.14011
0.0317637,2.29857,-0.096469
0.0572832,3.32837,-0.106156
-0.0962371,4.27205,-0.391253
-0.0818415,5.29733,-0.412564
-0.105005,6.21291,-0.0538438
-0.115952,7.23558,-0.274911
-0.13459,8.29475,-0.39584
-0.124458,9.33515,-0.371578
-0.109333,10.3438,-0.252721
-0.119944,11.2983,0.0858364
-0.267888,12.1894,-0.363918
-0.133641,13.172,-0.639174
-0.0446425,14.17,-0.859981
-0.0814325,15.1745,-0.664495
-0.119297,16.1471,-0.464296
-0.239659,17.1882,-0.183193
-0.104138,18.0881,0.254894
0.114686,19.1207,0.205222
0.0742546,20.0595,-0.221079
-0.152388,21.0067,-0.0130406
-0.166298,21.9928,0.273583
-0.0891903,22.9887,0.153291
-0.108386,23.9665,-0.0186621
-0.13867,24.9653,0.0500687
-0.0355632,25.9563,0.3172
0.00560015,26.8061,-0.203812
-0.0684988,27.7956,-0.000772118
-0.146303,28.7993,-0.135475
0.888424,0.880477,-1.02156
1.04632,1.5327,-0.268288
0.978945,2.58881,-0.259648
1.04581,3.57271,-0.0194494
0.97141,4.51893,-0.399573
0.903156,5.50652,-0.286688
0.7644,6.51923,-0.379501
0.866677,7.4963,-0.18714
0.899011,8.46106,-0.491766
0.860237,9.50072,-0.495022
0.902612,10.5081,-0.541237
0.939341,11.4321,-0.07004
0.785983,12.3525,-0.492456
0.943345,13.28,-0.833619
0.980084,14.2972,-0.869295
0.949266,15.3001,-0.83144
0.85735,16.2373,-0.459731
0.819312,17.1975,-0.277407
0.899084,18.1873,0.00830409
1.10603,19.1656,0.0930082
1.00828,20.086,-0.494891
0.821088,20.947,0.0240913
0.859719,21.9852,0.161193
0.946117,22.9885,0.114353
0.936354,24.0044,0.158101
0.815485,24.9543,0.490524
1.00937,25.9244,0.453887
1.04446,26.7733,-0.0846309
0.962044,27.8473,0.0821406
0.898944,28.8166,-0.0713919
1.89926,1.13206,-1.04291
2.04145,1.92352,-0.464623
1.98843,2.89916,-0.237623
2.06931,3.85812,-0.0116825
2.03097,4.82198,-0.288589
1.84065,5.80552,-0.0355632
1.80545,6.63249,-0.549492
1.83305,7.59624,-0.399884
1.86602,8.60569,-0.543294
1.84815,9.65108,-0.689142
1.96588,10.646,-0.42627
1.983,11.614,-0.181503
1.83412,12.49,-0.673321
1.95804,13.4707,-0.859166
1.88811,14.3553,-1.4016
1.97467,15.3551,-1.03815
1.86833,16.216,-0.548552
1.84197,17.1885,-0.519199
1.9667,18.1217,-0.130357
2.11104,19.1289,0.0636464
1.97544,20.0481,-0.324104
1.92499,20.9299,0.146876
1.87408,21.9506,0.0873989
1.96365,22.8932,0.464333
1.92199,23.8543,0.0838008
1.7751,24.8268,0.278585
2.04437,25.8065,0.37271
1.9754,26.5422,-0.364556
1.93908,27.6083,-0.221714
1.89673,28.593,-0.013007
2.93063,1.2765,-1.03239
3.0517,2.07479,-0.466982
3.02984,3.10679,-0.275707
3.08684,4.07727,-0.0125675
3.07333,5.03547,-0.320557
2.89654,6.04468,-0.184857
2.76525,6.92958,-0.658614
2.75955,7.93204,-0.592673
2.90952,8.92924,-0.763424
2.84246,9.91411,-0.737303
3.01878,10.8618,-0.407807
2.95143,11.8343,-0.573318
2.79016,12.7497,-0.973006
2.93045,13.7258,-0.798904
2.89022,14.436,-1.50159
2.97132,15.4765,-1.26359
2.86046,16.1873,-0.57311
2.83712,17.1596,-0.764458
2.87079,18.1286,-0.597885
3.11711,19.0164,-0.178439
3.06283,19.9488,-0.421952
2.8707,20.926,-0.211771
2.90151,21.9283,0.129252
2.95458,22.9004,0.411567
2.88957,23.7421,-0.188311
2.73641,24.6728,0.174218
3.03479,25.6505,0.124574
2.91607,26.6574,0.0274972
3.00332,27.557,-0.368761
2.87344,28.5328,-0.200864
3.9856,1.64345,-0.89671
3.99883,2.43124,-0.263033
4.00469,3.44611,-0.258571
4.04756,4.42788,-0.146992
3.9824,5.4101,-0.167528
3.86059,6.42071,-0.117963
3.75206,7.2146,-0.677432
3.7565,8.25935,-0.741044
3.84348,9.23876,-0.662563
3.76266,10.3041,-0.655061
3.97982,11.1989,-0.245244
3.94348,12.0141,-0.922172
3.82746,12.9099,-1.32953
3.89402,13.8912,-0.984265
3.92263,14.7105,-1.59621
3.93015,15.69,-1.42685
3.87242,16.3848,-0.6313
3.83981,17.3828,-0.89523
3.71591,18.4341,-1.04676
4.1641,19.0502,-0.326109
3.99856,20.0142,-0.118775
3.87708,21.0255,-0.263478
3.89929,21.9001,0.212769
3.93509,22.9579,0.237971
3.89774,23.9346,-0.192572
3.76214,24.7938,0.279656
4.01306,25.7558,0.373183
3.89783,26.5185,-0.225846
4.03256,27.5977,-0.311014
3.91245,28.6104,-0.209226
4.99599,1.89474,-0.781146
4.98913,2.60166,-0.0769036
5.02944,3.65002,-0.32251
5.04252,4.65072,-0.27828
4.99904,5.6566,-0.353728
4.86163,6.63586,-0.227409
4.78917,7.568,-0.741551
4.71262,8.55492,-0.789334
4.82643,9.57335,-0.74304
4.74059,10.5697,-0.868111
4.93359,11.5191,-0.590243
4.91175,12.3801,-1.15729
4.72583,13.0927,-1.81836
4.82976,13.993,-1.39534
4.92445,14.8348,-1.90952
4.96303,15.6275,-1.34057
4.8663,16.5538,-0.972777
4.85576,17.4444,-0.527622
4.73328,18.243,-1.16534
5.15896,18.9581,-0.671844
5.02325,19.8607,-0.182485
4.87261,20.8922,0.00795618
4.92516,21.8945,0.0491226
4.95454,22.9016,0.233689
4.93666,23.8043,-0.158513
4.79244,24.7792,0.204117
4.99842,25.7431,0.0656026
4.89568,26.7694,-0.0351939
4.9975,27.5918,-0.642897
4.97249,28.4199,-0.0365795
5.88945,2.00443,-0.252214
5.91585,2.98109,-0.261281
6.04156,3.9312,-0.402356
6.01024,4.90319,-0.0999481
6.00369,5.81469,-0.518131
5.89508,6.81748,-0.459975
5.8796,7.79483,-0.684661
5.69657,8.81593,-0.7463
5.84255,9.78816,-0.916178
5.78391,10.7651,-0.897162
5.8976,11.7526,-0.724305
5.79986,12.7764,-1.05414
5.75018,13.3626,-1.86797
5.87342,14.2407,-1.42399
5.8551,14.8119,-2.26576
6.00432,15.477,-1.54464
5.86031,16.4048,-1.17387
5.84348,17.3065,-0.628877
5.7096,18.2339,-0.955361
6.16238,19.0607,-0.669442
6.10435,19.8717,-0.0847102
5.89485,20.8415,-0.189816
5.98468,21.7789,0.129493
5.99044,22.7628,0.231724
5.84736,23.804,0.228425
5.83225,24.7615,-0.0182806
6.06167,25.7744,0.139567
5.91259,26.7996,-0.00215766
6.01989,27.477,-0.714026
5.98938,28.391,-0.246672
6.86359,2.21286,-0.128513
6.9251,3.16092,-0.40221
7.0335,4.14616,-0.320157
6.95719,5.14932,-0.523923
7.01534,6.15117,-0.563738
6.84722,7.13621,-0.424494
6.8453,8.04441,-0.813123
6.64883,9.03585,-0.936372
6.81315,10.0036,-0.982015
6.76509,11.0422,-0.940226
6.91659,12.038,-0.853591
6.79655,13.0172,-1.01868
6.84557,13.4852,-1.93397
6.84812,14.4404,-1.75567
6.8009,15.1274,-2.50962
6.99184,15.54,-1.61422
6.84396,16.5127,-1.43438
6.8935,17.2716,-0.733848
6.74495,18.2124,-1.07208
7.16488,18.8337,-0.409317
7.10161,19.8494,-0.213068
6.90945,20.8045,-0.214124
6.99226,21.728,0.291968
7.03388,22.7599,0.37213
6.85106,23.7388,0.050502
6.82827,24.7286,0.0541765
6.99358,25.6784,-0.195007
6.89543,26.7105,-0.239589
7.02185,27.631,-0.719269
7.0605,28.5378,-0.299847
7.80849,2.53137,-0.136003
7.81335,3.58856,-0.27658
7.99303,4.56279,-0.291491
7.88585,5.5421,-0.291748
8.04492,6.45721,-0.612049
7.83137,7.42064,-0.633155
7.85292,8.43855,-0.648967
7.6513,9.37179,-0.96595
7.79589,10.3523,-1.03722
7.68726,11.3251,-1.16806
7.94478,12.2725,-0.836387
7.72096,13.0633,-1.37433
7.82606,13.3424,-2.3444
7.84782,14.1881,-1.75342
7.81989,14.9024,-2.47467
7.98397,15.2963,-1.58585
7.84487,16.3141,-1.49274
7.87429,17.2668,-1.09528
7.80695,18.2258,-1.17427
8.18115,18.7329,-0.384616
8.10293,19.7116,-0.0558367
7.9324,20.708,-0.248857
8.01381,21.5635,0.347026
8.01917,22.5651,0.2751
7.88154,23.5706,0.087933
7.84437,24.5909,0.00525529
7.99334,25.5737,-0.210392
7.8754,26.5374,-0.507926
8.05901,27.4936,-0.413315
8.12848,28.505,-0.236106
8.7524,2.81396,-0.142644
8.85911,3.79231,-0.159407
9.03332,4.78422,-0.301572
8.8491,5.7846,-0.517389
8.99931,6.71474,-0.859252
8.87706,7.6685,-0.487844
8.80532,8.61676,-0.821006
8.63086,9.57233,-0.956923
8.82646,10.5442,-1.19722
8.75783,11.5604,-1.18805
8.8947,12.5133,-1.28014
8.71921,13.4578,-1.55624
8.79086,13.5198,-2.53841
8.83901,14.2525,-1.84366
8.81861,14.924,-2.66154
8.97649,15.0926,-1.69667
8.81604,16.0143,-1.41289
8.8696,17.0227,-1.22589
8.84218,18.0158,-1.07922
9.15855,18.8419,-0.534156
9.06092,19.7622,-0.184002
8.96125,20.7899,-0.167177
8.96462,21.7492,0.0644581
8.82036,22.7007,-0.324998
8.9074,23.6084,0.133857
8.82927,24.6213,0.177154
8.99157,25.6532,-0.0502487
8.904,26.4516,-0.627415
8.96871,27.2652,-0.0551836
9.11769,28.2351,-0.216645
9.77848,2.90301,0.00444655
9.89711,3.90437,-0.166506
10.0779,4.96839,-0.0876644
9.89426,5.85876,-0.578378
9.97075,6.8408,-0.871911
9.89281,7.8368,-0.852925
9.8546,8.81758,-0.8073
9.69467,9.78032,-1.06837
9.82264,10.7116,-1.40867
9.84437,11.6944,-1.15617
9.91142,12.6283,-1.38263
9.77622,13.5058,-1.83973
9.76268,13.7289,-2.82215
9.85041,14.3476,-2.052
9.87528,15.0669,-2.73144
10.0004,15.0593,-1.75019
9.79299,16.041,-1.76062
9.92629,16.8289,-1.13539
9.8156,17.8077,-0.918494
10.1455,18.7496,-0.874722
9.97621,19.7175,-0.557982
9.92811,20.7017,-0.477743
9.95951,21.6691,-0.263979
9.85871,22.6671,-0.205777
9.97609,23.542,0.248598
9.8505,24.6113,0.176782
10.0064,25.5852,0.240245
9.89652,26.3756,-0.362981
9.94723,27.3866,-0.279534
10.1231,28.3961,-0.118137
10.78,3.10132,0.0736015
10.9299,4.10973,-0.0397534
11.0196,5.05969,0.294259
10.902,5.9561,-0.205213
10.9498,6.80738,-0.678957
10.9412,7.79199,-0.941758
10.8725,8.80425,-0.83835
10.7259,9.79326,-0.918052
10.8698,10.7337,-1.32538
10.893,11.6954,-1.08865
10.9647,12.6276,-1.47377
10.794,13.4428,-1.9976
10.7927,13.8499,-2.90007
10.8429,14.3413,-1.96107
10.8886,14.9604,-2.75122
11.0684,15.1695,-1.76937
10.8375,16.11,-1.79273
10.915,16.9781,-1.1619
10.7169,17.9394,-1.34052
11.1568,18.8225,-1.03275
11.0656,19.7271,-0.653197
10.9385,20.6995,-0.366094
11.0489,21.6791,-0.362371
10.9445,22.6603,-0.1888
11.0094,23.6491,0.0228797
10.8173,24.6443,-0.145326
11.0207,25.5494,0.238435
10.9621,26.4434,-0.259548
10.9514,27.4153,-0.0290231
11.0725,28.3621,-0.430415
11.7842,3.16011,0.106607
11.9039,4.16047,0.15211
12.0527,5.16615,0.428523
11.9737,5.97168,-0.134529
11.9618,6.84935,-0.673772
12.0005,7.81408,-0.913178
11.9259,8.80996,-0.695489
11.799,9.83049,-0.900952
11.9142,10.8138,-1.19919
11.9247,11.7912,-1.02952
11.9926,12.6893,-1.47205
11.8109,13.5094,-1.97923
11.814,13.9198,-2.91938
11.8373,14.4088,-2.03272
11.9139,14.9093,-2.90411
12.1223,15.2428,-1.98712
11.8647,16.1618,-1.62549
11.885,17.2016,-1.26488
11.7122,18.1708,-1.34837
12.176,19.0269,-1.26024
12.1018,19.6999,-0.467541
11.9562,20.6659,-0.466509
12.0806,21.6782,-0.405115
11.9735,22.676,-0.375527
12.0772,23.6231,0.0371685
11.7914,24.5391,-0.379681
12.0823,25.4237,0.0341472
12.0271,26.4492,-0.199655
11.9512,27.4737,0.00240791
12.0826,28.3956,-0.307535
12.82,3.23091,0.314899
12.8842,4.25988,0.323838
12.998,5.24794,0.0678549
12.8485,5.92634,-0.632102
13.0236,6.89573,-0.7425
13.0534,7.90455,-0.819382
12.9634,8.90401,-0.651689
12.8608,9.9166,-0.655696
12.9221,10.8362,-0.954741
12.9501,11.8051,-1.18967
12.9617,12.7972,-1.39281
12.8782,13.6685,-1.90202
12.8294,13.9591,-2.87402
12.8378,14.5965,-2.06935
12.94,14.9492,-2.99676
13.0219,15.5521,-2.18885
12.8653,16.1797,-1.49169
12.9616,17.1228,-1.27789
12.7253,18.0707,-1.12517
13.1078,19.0179,-0.983514
13.0247,19.9909,-0.88135
12.9431,20.75,-0.226621
13.0557,21.7459,-0.445891
12.9783,22.7542,-0.32205
13.0891,23.7613,-0.0796258
12.8624,24.6071,-0.576382
13.1287,25.4389,-0.0327708
13.0209,26.4596,-0.0609607
13.0335,27.4751,0.193469
13.1061,28.3578,-0.264898
13.9017,3.14313,0.159914
13.9416,4.12025,0.264498
14.0264,5.14605,0.152785
13.899,5.96088,-0.432185
14.0048,6.94407,-0.339564
14.1268,7.84904,-0.679226
13.9952,8.86324,-0.702741
13.8961,9.91184,-0.759514
13.9768,10.8118,-1.17139
13.9601,11.8093,-1.30405
13.9972,12.8092,-1.51719
13.9167,13.7947,-1.78052
13.9011,13.9881,-2.80489
13.8367,14.6385,-2.05523
13.9643,14.9979,-3.00655
14.1483,15.3889,-2.13269
13.9216,16.271,-1.58972
13.9465,17.1963,-1.2136
13.7503,18.1969,-0.95566
14.1533,19.1246,-0.989706
14.003,20.1603,-1.13684
13.9599,20.887,-0.435044
14.017,21.8866,-0.566646
14.0212,22.8482,-0.309299
14.1203,23.8313,-0.305335
13.8505,24.7832,-0.471758
14.1571,25.6335,-0.041554
14.0364,26.6111,0.0133488
14.0078,27.5793,0.349843
14.161,28.3945,-0.246797
14.9414,2.98793,0.0695212
15.042,3.95546,0.221488
15.077,4.94879,0.130259
14.9339,5.92483,-0.160704
15.0667,6.92591,-0.235313
15.1035,7.89208,-0.479604
15.0138,8.86781,-0.610468
14.9221,9.87089,-0.729057
15.0322,10.9093,-0.837614
15.0468,11.8412,-1.15424
14.9781,12.8545,-1.54703
14.969,13.8622,-1.72277
15.0036,14.0293,-2.70937
14.8505,14.7006,-1.98909
14.9427,15.1152,-2.88648
15.1383,15.4938,-1.96365
14.96,16.4788,-1.60444
14.9594,17.4459,-1.39459
14.7616,18.3385,-0.965538
15.162,19.2307,-1.09455
15.004,20.2693,-1.23211
14.964,20.9432,-0.494848
14.9515,21.8881,-0.133753
15.0481,22.888,-0.0590381
15.1077,23.8641,-0.241847
14.8091,24.774,-0.307773
15.0058,25.7315,-0.540257
15.0622,26.6348,0.00245064
14.9958,27.5966,0.203558
15.1757,28.5391,-0.246831
15.9533,2.99406,0.0366253
16.0309,4.00496,0.335398
16.1282,5.00083,0.218174
15.9653,5.97071,-0.111307
16.109,6.9128,-0.357482
16.1541,7.88877,-0.555217
16.0886,8.88004,-0.585229
15.9234,9.87619,-0.700858
16.063,10.8688,-0.982876
16.0916,11.8854,-1.14947
16.0192,12.8744,-1.54954
16.0115,13.8281,-1.7223
16.0335,13.852,-2.73836
15.8616,14.6387,-2.09406
15.9739,14.9706,-3.0792
16.1394,15.5181,-2.23126
15.9317,16.2748,-1.61321
15.9491,17.1624,-1.16997
15.8366,18.1856,-0.937074
16.1114,19.1585,-0.95511
16.0555,20.1609,-1.01517
15.9787,20.9763,-0.436381
16.0699,21.9123,-0.0584246
16.0197,22.8894,-0.191794
16.1437,23.8804,0.0532517
15.8717,24.7693,-0.383374
16.0754,25.7352,-0.441847
16.06,26.5057,0.244124
16.0257,27.5067,0.289087
16.2086,28.3565,-0.21308
16.9391,3.18818,0.261769
16.9977,4.17074,0.128391
17.1169,5.10807,3.05185e-05
16.9449,6.05866,-0.215314
17.0798,6.95665,-0.617167
17.1813,7.92616,-0.728477
17.1528,8.89437,-0.424662
16.9132,9.90777,-0.422333
17.111,10.8484,-0.881585
17.1012,11.7909,-1.21481
17.0417,12.8196,-1.25776
17.0943,13.7743,-1.58235
17.0132,13.9833,-2.56014
16.8759,14.7171,-1.85516
16.9315,14.8194,-2.83917
17.225,15.4602,-2.11593
16.9368,16.2787,-1.63836
16.9484,17.1712,-1.16492
16.8655,18.2173,-1.11919
17.1688,19.1566,-1.03328
17.0938,20.162,-0.905853
16.9817,20.886,-0.211985
17.0873,21.8944,-0.182693
16.9475,22.8407,0.152321
17.1435,23.7785,-0.0432508
16.8292,24.7239,-0.148915
17.0587,25.6485,-0.343095
17.0941,26.5241,0.125755
16.9707,27.5085,-0.0647572
17.2486,28.4576,-0.21894
17.9145,3.05607,0.561266
17.9242,3.86373,-0.086642
18.0829,4.84891,-0.300885
17.9861,5.91917,-0.253371
18.0856,6.90912,-0.326737
18.157,7.93153,-0.526417
18.1041,8.93292,-0.18663
17.9438,9.9311,-0.433729
18.1421,10.7531,-0.98023
18.1355,11.7551,-1.23626
18.0588,12.7489,-1.12087
18.0985,13.7995,-1.41827
18.1258,13.9139,-2.44201
17.9303,14.6005,-1.71332
17.9148,14.775,-2.72643
18.2694,15.3678,-1.9883
17.9603,16.1823,-1.49619
17.9304,17.1035,-1.26102
17.8994,18.1654,-1.21618
18.1179,19.0442,-0.780416
18.1816,20.0275,-1.02897
17.9913,20.8901,-0.562044
18.0717,21.8852,-0.392315
17.9648,22.8578,-0.0866787
18.0517,23.7241,-0.574078
17.8306,24.6925,-0.210233
18.0499,25.603,-0.538768
18.0679,26.4644,0.0716086
17.958,27.4663,-0.221638
18.2636,28.4542,-0.126478
18.9441,2.88831,0.671609
18.8764,3.78083,0.145067
19.1032,4.74973,-0.142622
18.9964,5.70215,-0.314194
19.0714,6.69522,-0.323185
19.133,7.67487,-0.375887
19.1274,8.6312,-0.14413
19.0003,9.60799,-0.395669
19.1161,10.5645,-0.823508
19.1741,11.5396,-1.11605
19.1362,12.5831,-1.19958
19.1203,13.5624,-1.27347
19.1147,13.8875,-2.28991
18.9609,14.589,-1.43703
18.9412,14.6023,-2.53832
19.3026,15.3528,-2.02977
18.9804,16.1106,-1.42418
18.9606,17.0808,-1.19867
18.9438,18.0671,-1.1095
19.1458,18.999,-0.856667
19.1591,20.0617,-0.93177
19.0106,20.988,-0.573266
19.0557,21.8243,-0.0310587
19.0185,22.8363,-0.139796
19.0718,23.8374,-0.451778
18.8434,24.8475,-0.376138
18.8204,25.6788,0.235612
19.1348,26.6298,0.0742759
18.9867,27.6424,-0.123521
19.2933,28.5742,-0.34539
19.8631,2.58721,0.39552
19.8664,3.53919,0.0932218
20.1143,4.50114,0.153172
20.0448,5.47262,-0.212305
20.0782,6.44206,-0.495419
20.1304,7.39295,-0.451933
20.1136,8.39622,-0.206684
20.026,9.37248,-0.546883
20.1169,10.3357,-0.830677
20.1723,11.3753,-0.901422
20.0935,12.2837,-1.29572
20.1131,13.3096,-1.39061
20.0955,13.5969,-2.38002
20.043,14.2723,-1.56211
19.9771,14.7887,-2.44405
20.3162,15.3191,-1.65893
19.9983,16.221,-1.43674
19.9983,17.1657,-1.1358
19.9009,18.132,-0.806519
20.122,19.101,-0.528574
20.1753,20.0948,-0.792163
19.9875,21.0617,-0.474593
20.0583,21.9479,0.121726
20.027,22.9393,-0.176202
20.0764,23.933,-0.385949
19.8896,24.9103,-0.193246
19.8456,25.822,0.209201
20.2133,26.6878,-0.0897244
20.059,27.7076,-0.280541
20.3054,28.6585,-0.476119
20.8958,2.38413,0.499634
20.8972,3.31796,0.0484329
21.154,4.29957,0.0384777
21.0929,5.28275,-0.198306
21.0907,6.25086,-0.443666
21.1179,7.25114,-0.352562
21.0627,8.28359,-0.461058
21.0298,9.25122,-0.262847
21.0718,10.2708,-0.415629
21.2403,11.1415,-0.947676
21.1002,12.1271,-1.09686
21.1489,13.0897,-1.41925
21.0885,13.5249,-2.29881
21.0248,13.9435,-1.37876
20.974,14.7135,-2.13689
21.2552,15.2892,-1.33555
21.0159,16.2911,-1.49601
21.0134,17.2773,-1.29062
20.9448,18.1569,-0.859401
21.1312,19.0407,-0.36043
21.1605,20.0251,-0.651839
20.98,20.9724,-0.273208
21.0748,21.9029,0.175536
20.994,22.8899,0.0886349
21.0614,23.8393,-0.325941
20.9503,24.8206,-0.194153
20.941,25.8355,0.0272378
21.1855,26.7083,-0.433372
21.0193,27.6802,-0.583331
21.2753,28.5966,-0.238917
21.9191,2.36517,0.721256
21.9666,3.05587,-0.0370373
22.1993,4.03261,0.109543
22.0743,5.02062,0.0283639
22.0739,5.98027,-0.229475
22.1598,6.93684,-0.438676
22.0177,7.94735,-0.330436
22.0206,8.91148,0.081579
22.079,9.88927,-0.277664
22.2087,10.868,-0.782958
22.0905,11.8289,-1.14547
22.135,12.8305,-1.3685
22.1398,13.545,-2.05143
22.002,13.7436,-1.10624
21.8816,14.5997,-1.65644
22.2713,15.3729,-1.15741
21.9916,16.3649,-1.20419
22.0755,17.3931,-1.41696
21.9712,18.1597,-0.814194
22.1814,19.1132,-0.571249
22.1505,20.138,-0.634452
21.9466,20.9825,-0.0323344
22.1069,21.8923,0.325126
22.0418,22.816,-0.0149052
22.0143,23.8054,-0.0382946
22.0485,24.7788,-0.195535
21.9667,25.7851,-0.164937
22.2295,26.6991,-0.461702
22.0419,27.6694,-0.378744
22.2573,28.5877,-0.0442671
22.8967,2.16039,0.763945
22.995,2.89372,0.078872
23.1907,3.81686,0.409088
23.0828,4.76669,0.121165
23.0939,5.74682,-0.0618976
23.123,6.70873,-0.321421
23.0734,7.73457,-0.301523
23.0289,8.74287,-0.0762566
23.0709,9.69188,-0.385678
23.1591,10.6728,-0.605106
23.0632,11.6319,-0.916129
23.094,12.625,-1.01504
23.0455,13.3543,-1.67932
22.9902,13.6286,-0.689834
22.8316,14.4055,-1.31798
23.2208,15.273,-0.971096
22.9598,16.2967,-0.831782
23.0907,17.2751,-1.14619
22.9898,18.2517,-0.896957
23.19,19.075,-0.328785
23.1654,20.0479,-0.38482
22.9543,20.9667,-0.117261
22.9997,21.9402,-0.159505
23.0837,22.8634,0.287075
23.043,23.774,-0.173852
22.9976,24.7546,0.124534
22.9912,25.7492,0.0595538
23.2529,26.5684,-0.425819
23.0229,27.5061,-0.152821
23.2755,28.4589,0.0389538
23.9276,2.33848,0.720417
23.9283,2.64941,-0.232023
24.1466,3.48928,0.253804
24.0285,4.50056,0.371328
24.1416,5.44953,0.0207129
24.1113,6.3822,-0.387893
24.1069,7.41356,-0.288131
24.0057,8.40461,-0.123646
24.0256,9.40888,-0.199136
24.1558,10.432,-0.301877
24.0418,11.4096,-0.669546
24.0584,12.3693,-0.931584
24.0848,13.1994,-1.48842
23.9871,13.6969,-0.644469
23.8134,14.6087,-1.01441
24.1951,15.4657,-0.635875
23.9313,16.3873,-1.0277
24.1206,17.369,-1.14628
23.9494,18.1868,-0.564412
24.1891,19.0833,-0.233992
24.1468,19.9909,-0.6923
23.9475,20.8606,-0.122275
24.0365,21.8554,-0.112439
24.0668,22.8859,0.0310282
24.0147,23.8096,-0.397223
24.0731,24.76,-0.0158177
24.0288,25.7483,0.173504
24.2443,26.5213,-0.377639
24.0313,27.5099,-0.286612
24.3455,28.3914,0.177783
24.886,1.88937,0.770443
24.9435,2.39156,-0.139308
25.1258,3.34103,0.104654
25.074,4.308,0.418046
25.1367,5.33622,0.278698
25.1238,6.27003,-0.122074
25.134,7.22438,-0.386505
25.0241,8.22458,-0.2966
25.0127,9.17229,-0.0195044
25.1482,10.1885,-0.214029
25.0429,11.1069,-0.674007
25.0419,12.0921,-0.753508
25.15,12.9413,-1.31516
25.0659,13.7184,-0.648338
24.8804,14.6603,-0.934382
25.24,15.4905,-0.544932
24.9016,16.3071,-1.00919
25.1027,17.2962,-0.822166
24.9767,18.3141,-0.61315
25.2337,19.1264,-0.171526
25.1655,20.0683,-0.53325
24.9354,20.888,-0.0632282
25.0333,21.8675,-0.229905
25.073,22.8706,-0.224277
25.0463,23.8772,-0.30755
25.0032,24.6549,0.313327
25.0355,25.6743,0.342622
25.2534,26.4708,-0.294833
25.0542,27.497,-0.537757
25.2465,28.4279,-0.303888
25.9185,1.79908,1.04882
25.9348,2.08501,0.0383374
26.0814,3.09352,0.0703726
26.0206,4.05148,0.391278
26.1324,5.00542,0.0523606
26.1602,5.97642,-0.189807
26.1391,6.96435,-0.335292
26.0446,7.95688,-0.352345
26.0129,8.95653,-0.202484
26.1443,9.93247,-0.379754
26.0432,10.9232,-0.574276
26.0889,11.9204,-0.517075
26.1408,12.7906,-1.02941
26.0893,13.5613,-0.387521
25.8891,14.5031,-0.667254
26.1859,15.3381,-0.190057
25.8897,16.1604,-0.753182
25.9464,17.0118,-0.233277
25.9189,17.9677,-0.505313
26.2303,18.9976,-0.483258
26.1395,19.9903,-0.262658
25.912,21.0021,-0.106146
26.037,22.0589,-0.0176458
26.0687,22.9324,-0.406284
26.0777,23.8945,-0.210501
25.998,24.7135,0.357408
25.9389,25.6165,-0.0623798
26.2012,26.5086,-0.560994
26.129,27.5445,-0.380679
26.2506,28.6074,-0.250267
27.0102,1.7037,1.00305
26.9245,1.75859,0.000283822
27.0989,2.75215,0.0982727
27.0374,3.75688,0.354653
27.0997,4.74372,0.224497
27.1229,5.73106,-0.0104587
27.1967,6.73141,-0.339433
27.0817,7.70701,-0.328504
27.0623,8.67765,-0.13946
27.091,9.64539,-0.171468
27.0499,10.6284,-0.418702
27.1079,11.6358,-0.506528
27.1555,12.5553,-0.906754
27.0932,13.4475,-0.484582
26.9211,14.4532,-0.424619
27.1598,15.2957,-0.0294443
26.8771,16.1818,-0.566277
26.9695,17.1074,-0.229203
26.9409,18.0719,-0.656349
27.2106,18.9851,-0.248631
27.167,20.009,-0.282067
26.978,20.99,-0.0501907
27.0158,21.9592,-0.171343
27.0997,22.9246,-0.448546
27.0656,23.8243,0.112275
27.0419,24.8399,0.217801
26.939,25.8086,-0.25237
27.2731,26.7038,-0.678207
27.0961,27.6047,-0.226514
27.2579,28.6204,-0.293014
28.0032,1.59806,1.1375
27.918,1.51578,0.171917
28.1049,2.46974,0.0019013
28.0692,3.46126,0.113688
28.0367,4.42177,0.341453
28.0887,5.48809,0.0937925
28.1142,6.48036,-0.0985199
28.0024,7.47596,-0.0178625
28.0678,8.43948,-0.214322
28.172,9.40394,-0.0861782
28.098,10.4143,-0.386026
28.0726,11.4132,-0.21355
28.1604,12.2522,-0.811182
28.0858,13.2222,-0.470522
27.9589,14.2272,-0.425242
28.1603,15.2396,-0.342378
27.9411,16.1817,-0.535951
27.9906,17.1064,-0.168511
27.9982,18.006,-0.659673
28.192,18.9246,-0.328629
28.1588,19.9065,-0.195376
27.9605,20.9252,-0.10112
28.0593,21.9426,-0.129579
28.1357,22.9475,-0.222535
28.1203,23.8673,0.239647
28.0212,24.8539,0.0857631
27.9351,25.8186,-0.20539
28.3201,26.596,-0.670434
28.0769,27.5944,-0.284481
28.2727,28.6364,-0.180126
29.0803,1.49961,1.10332
28.9409,1.51299,0.118632
29.1184,2.39103,-0.306992
29.0942,3.28068,0.127265
29.1182,4.25283,0.381536
29.1174,5.18809,0.0597461
29.1214,6.15992,-0.0297006
29.0086,7.15236,-0.0903012
29.0799,8.1263,-0.319605
29.2057,9.12348,-0.157643
29.0865,10.1157,-0.235173
29.0718,11.1318,-0.189688
29.0988,12.158,-0.366286
29.1153,13.0989,-0.66711
29.0092,14.1199,-0.537111
29.0921,15.0961,-0.695895
28.9789,16.0677,-0.332835
29.0201,17.0711,-0.196619
29.0058,18.031,-0.519657
29.1696,18.9627,-0.114798
29.2571,19.9754,-0.243297
28.9861,20.95,-0.0698904
29.1053,21.967,0.171337
29.1149,22.9248,-0.0884091
29.1073,23.9271,0.130836
29.0229,24.9102,-0.0771996
28.9365,25.9318,-0.149861
29.1746,26.9073,-0.30101
29.0476,27.9069,-0.239045
29.1792,28.8407,0.157341
