6.35094,-1.76126,3.62243
-7.07737,-16.0034,-3.46567
-2.90374,1.23244,-8.98087
21.4102,1.65401,8.53372
10.5585,-4.45707,-7.48003
-6.3942,-6.14772,1.93773
5.79997,9.08804,3.74771
4.64253,9.69396,-1.00517
4.06238,8.98935,-7.45647
1.58764,10.8238,-4.87656
2.46892,-4.96112,0.199255
-1.15766,-8.66221,-2.51348
3.71527,-2.05915,-2.64841
12.4289,-0.362923,2.48664
7.51572,-2.08773,-1.51953
0.786801,-1.90846,0.890307
3.10855,4.05293,2.00591
2.66719,7.59738,0.152806
1.8192,10.0636,-2.47387
-0.67311,12.6628,-2.24551
1.84636,-2.85924,-2.12207
1.57925,-4.92286,-1.98711
4.80045,-2.7415,-0.78302
8.10446,-1.06131,0.9155
5.60433,-0.177783,0.408081
2.71783,1.28607,1.40475
2.0477,4.76266,2.2174
1.24905,8.01461,2.51493
0.0452834,10.9982,2.13404
-2.03854,13.5017,3.31846
1.4376,-0.192422,-4.29915
2.23351,-1.67391,-2.67422
3.9944,-0.826557,-1.07432
5.48744,0.00454115,0.574401
4.30163,1.66803,1.74803
2.79916,3.64364,2.88168
1.61636,6.31993,4.0362
0.353627,9.13209,5.28151
-1.36484,12.1077,6.55351
-4.02639,15.1395,8.77735
0.889666,2.6657,-6.69384
2.0946,1.31203,-3.8478
3.25035,1.07548,-1.28204
3.9727,1.43903,1.08989
3.39714,2.79726,3.07897
2.40155,4.72766,4.6393
1.35213,7.13824,6.06262
0.0984191,9.60822,8.05585
-1.64772,12.2817,10.5139
-7.26125,17.6919,13.9374
0.0382946,5.57476,-10.429
2.34079,3.88363,-3.66286
3.65204,2.28055,0.105789
3.67964,1.8926,2.8591
3.02297,2.55847,5.03602
2.37979,4.01954,6.24994
2.05451,5.78778,6.94984
1.96554,7.40232,7.88459
3.95108,6.96889,8.45284
9.51046,1.8356,6.42645
0.382681,12.687,-1.0966
4.6135,3.16362,2.76748
5.11073,0.900348,3.36981
3.87948,1.23767,5.41561
2.61751,1.95889,7.31492
1.99531,3.37444,7.9769
2.23812,4.71886,7.84624
3.16967,5.66756,7.64469
4.79746,4.48809,7.39421
6.33489,1.85418,7.31384
14.4937,-13.6301,15.3562
9.50496,-5.54376,8.12365
7.01182,-1.2591,5.86366
3.87546,0.658928,8.16298
1.73854,1.81433,9.97023
1.24185,3.12141,9.89167
1.77739,4.03048,9.00306
2.59467,4.63294,7.62201
3.35415,5.13392,5.89844
3.55387,6.41868,3.16219
1.91364,-10.226,-3.79463
9.85348,-7.47993,2.27918
7.1975,1.8301,2.02679
1.15105,2.2247,10.7484
-0.226136,2.23242,12.7853
0.211335,3.05483,11.7724
1.02277,3.62926,10.4509
1.83086,4.04604,9.06948
2.39606,4.09488,7.75364
1.99975,2.82804,9.09234
10.4048,-11.844,1.04577
18.7985,-12.8413,5.6973
10.1682,8.84816,-6.38928
-4.91764,2.71962,19.5622
-2.46251,2.63504,15.9611
-0.984671,2.93462,13.6895
0.223557,3.3264,11.8986
1.19718,3.68881,10.4462
1.8878,3.84453,9.13396
2.88935,3.58556,9.35989
