2.00732,2.28396,-0.0116581
1.37755,2.45599,-0.736976
1.55901,3.4589,-0.830903
1.20439,4.33591,-0.518973
0.888073,5.25471,-0.697705
0.316935,5.97782,-0.395709
1.19417,6.49767,-0.335035
0.92812,7.43356,-0.406125
1.11344,7.12747,0.58121
1.46252,8.0479,0.814505
2.86273,1.80795,0.283505
2.36656,2.31397,-0.42522
2.42068,3.0989,-1.09412
1.71868,3.43786,-0.485803
1.16269,4.30002,-0.320286
1.09098,5.29741,-0.0413373
1.66236,5.99592,0.375262
1.66279,7.04288,0.224363
1.22752,7.92836,-0.0277932
1.89847,7.29663,0.334678
3.00311,0.820148,0.63105
2.91444,1.78296,0.237696
2.78928,2.59691,-0.314319
2.67388,3.53369,-0.696118
2.11382,4.33313,-0.616953
2.0777,5.24152,-0.216773
2.33749,6.18844,-0.337812
2.63,7.179,-0.112549
2.23851,8.10606,0.0976348
2.89255,7.42404,0.387295
3.77337,0.148167,0.719761
3.61899,1.13703,0.577078
3.24134,2.1072,0.477267
3.14872,2.93782,-0.064565
2.96148,3.9072,-0.354933
2.96203,4.81937,0.053209
3.28791,5.8011,-0.223807
3.38086,6.57474,0.425922
2.87132,7.32041,0.0339061
3.73459,7.91899,0.144133
4.57207,0.585015,0.260109
4.38562,1.53754,0.000234993
4.12473,2.50183,0.112281
3.91187,3.13125,-0.68265
3.97271,4.11865,-0.363942
3.92427,5.09586,-0.0919492
4.05607,5.97625,0.32848
4.16671,6.83879,-0.156709
3.80112,7.76225,0.014655
4.55815,8.31774,-0.237553
5.42931,1.2002,0.209275
5.05416,1.3862,-0.699655
4.4293,2.16075,-0.785672
4.9187,3.06732,-0.603867
4.79687,4.0124,-0.972604
4.77625,4.93245,-0.574215
4.98182,5.76794,-0.050972
5.15852,6.76477,-0.0598407
4.72794,7.64351,-0.342616
5.56897,8.18315,-0.16216
5.75358,0.295636,-0.188803
5.86373,1.3676,-0.0533738
5.45152,2.20085,-0.603494
5.92597,3.15222,-0.651323
5.7503,4.10127,-0.433912
5.80568,5.06092,-0.778161
5.90696,6.02993,-0.422309
6.18592,6.93605,-0.10423
5.73113,7.8064,0.00989105
4.81917,7.9158,0.536296
6.63711,0.759444,0.0225318
6.71447,1.73745,0.351277
6.47678,2.18423,-0.571129
6.87335,3.12073,-0.276931
6.61492,4.04275,0.0694693
6.83948,4.83691,-0.487378
6.87956,5.79699,-0.636839
7.13531,6.81129,-0.468886
6.18116,7.0923,-0.527912
5.49847,7.24494,0.216111
7.66791,0.927656,-0.0618213
7.69221,1.82346,0.455315
7.36663,2.47736,-0.226847
7.87695,3.32626,-0.10459
7.59275,4.2426,0.212506
7.78353,5.08615,-0.328623
7.52817,5.97426,0.136351
8.11787,6.77483,-0.125114
7.10596,6.74717,-0.24445
6.50389,7.20274,0.432356
8.14759,1.58064,0.535884
7.97493,2.35253,1.24768
7.73431,3.06937,0.552889
7.75259,4.09582,0.533421
7.87359,5.08698,0.629518
8.66789,5.3126,0.019425
8.33041,6.20348,-0.359334
8.83897,6.92735,-0.842476
7.96672,7.19979,-0.433006
7.13669,7.72538,-0.142775
