0.0182348,-0.0101413,-0.0535264
1.02363,0.0238594,0.196258
2.03088,0.0309427,0.0465926
3.05852,0.0295389,-0.109717
4.08734,-0.0161657,-0.154286
5.08354,0.0196631,0.00824305
6.11607,0.0119694,-0.0724693
7.08486,-0.00430006,-0.289691
8.00823,0.0738792,0.199597
8.9941,0.00733665,0.0594134
10.0045,0.0309336,0.11572
11.0642,0.0101657,0.203769
12.0957,-0.0033021,0.0422864
13.0911,0.00784021,0.106177
14.1343,-0.0289377,0.135142
15.138,-0.0269295,0.160942
16.0911,0.00252693,0.0169195
17.021,-0.0504746,-0.385818
18.0062,0.0213569,-0.299216
18.9755,-0.0266945,0.114277
-0.0477676,0.983233,-0.342839
0.981646,0.919541,-0.24687
2.01208,1.01243,-0.0180242
2.99736,1.0374,-0.133738
3.99045,0.93253,-0.432923
5.02999,1.02846,-0.239531
6.01315,0.987982,-0.155004
7.03283,0.920969,0.103732
7.94424,1.0916,0.465603
8.9705,0.973843,0.226371
9.96642,1.00272,0.208429
11.0245,1.03053,0.1318
12.0398,1.0081,0.0568377
13.039,1.0062,0.248552
14.0984,0.973,0.322382
15.0742,1.02105,0.0565905
16.0085,0.959603,-0.333277
17.0405,0.975756,-0.277035
17.9842,0.964193,0.10846
18.9958,0.982849,-0.0365673
0.0568834,1.96869,-0.00746788
1.10201,1.93542,-0.0517472
2.08105,2.00348,0.0868709
3.01126,2.03395,-0.428874
3.97477,1.92232,-0.181896
4.94396,2.03264,-0.048912
5.96661,1.9775,-0.105295
6.90942,1.89,0.231797
7.91349,2.05773,0.304859
8.93856,1.97802,0.0631703
9.9204,1.99603,-0.103027
10.9595,2.02168,-0.168636
11.9757,2.01045,-0.0537584
13.0003,2.00636,0.0690603
13.9843,2.00152,0.172845
14.9081,1.98249,-0.241972
15.9572,1.93725,-0.0674154
16.9813,1.96151,-0.0862606
17.9867,1.90784,-0.265221
18.9709,2.00934,-0.0938292
0.029368,3.01869,0.0713309
1.04076,2.94209,-0.154369
2.02862,3.02881,-0.0220557
3.05637,2.85908,0.137724
4.02515,2.8992,-0.0698752
5.00682,3.07831,0.133464
5.98852,2.93146,0.300275
6.97337,2.9021,0.212973
8.03081,3.07065,0.275323
8.94419,2.97092,-0.08605
10.0096,2.96296,0.137226
11.0083,3.02791,0.115418
11.9887,2.98434,0.305795
12.99,3.0316,0.191333
13.9846,3.03034,0.170403
14.9362,3.0154,-0.158324
15.9863,2.98727,0.030076
17.0178,2.98859,-0.150444
17.9941,2.9141,-0.375246
18.9817,3.00866,-0.151784
0.0465194,4.05865,-0.0161168
1.0104,3.92286,-0.26606
1.95658,4.06135,0.187667
2.95861,3.87047,0.14583
3.98503,3.89051,0.107392
4.98694,4.0708,0.146178
6.00605,3.93453,-0.0169561
7.02428,3.89995,0.0843745
8.01088,4.06475,0.190072
8.99988,3.99662,-0.0804773
10.0142,3.90859,-0.210993
10.9496,4.02648,0.147679
11.9633,3.97004,0.179516
12.9875,4.03236,-0.016126
13.9972,4.01474,-0.160146
15.053,4.03258,-0.160707
16.0253,3.94087,-0.302274
17.0441,4.02246,-0.304541
18.0324,3.92202,-0.15865
19.0294,3.98495,0.0796228
-0.0391583,5.00473,-0.236692
0.982018,4.99105,-0.192224
1.92366,5.09225,0.0582263
2.95007,4.86888,0.158803
3.96649,4.91263,-0.0878964
4.95843,5.10854,0.150456
6.01316,4.95885,0.122217
7.01367,4.93647,0.128373
7.98972,5.01815,-0.0758843
8.95041,4.98983,0.063039
9.95331,4.9417,-0.0788354
10.9516,5.01229,0.0268258
11.9625,4.9976,0.0319651
13.002,5.06949,-0.170711
13.9992,5.01119,-0.0571062
14.9887,5.03745,-0.307358
15.9647,4.95863,-0.247185
16.9843,4.97653,-0.0914975
17.9822,4.91407,0.119608
18.9651,4.94903,-0.0637837
0.00497147,6.0003,-0.190219
1.02289,6.0133,-0.0731529
2.06151,6.05871,0.053325
3.0475,5.86739,0.100244
4.09525,5.91765,0.0576128
5.04994,6.0657,-0.183755
5.98327,5.99066,0.10304
6.98067,5.98338,0.322312
7.98489,6.00909,0.117115
8.95818,5.98843,-0.209333
9.94895,5.95471,-0.0882839
10.9325,5.99777,0.0441359
11.988,6.06101,0.172045
13.0134,6.05774,-0.0429243
14.0694,5.99463,0.166399
14.9519,6.09517,-0.283056
15.9333,5.96815,-0.224125
16.9224,5.96286,-0.115201
17.936,5.99616,0.119758
18.9459,5.94166,0.181521
0.0751549,6.94311,0.184106
1.08726,7.04996,0.0672231
2.07089,7.04738,-0.173589
3.04111,6.90894,0.0784722
4.08471,6.90694,0.206311
5.05262,7.03014,0.153078
6.00275,6.94212,0.400735
7.07312,6.98895,0.217963
8.1028,6.98755,0.295697
9.02462,7.00623,-0.0794122
10.046,6.97337,-0.181814
11.0142,7.03573,-0.00653706
12.0109,7.06313,-0.17662
12.9806,7.0388,-0.396905
13.9266,7.01823,-0.0518479
14.9648,7.09676,-0.0886929
15.9546,6.96569,-0.0796381
16.965,7.02577,0.0444716
17.9934,6.99207,0.279989
18.9667,6.92569,0.145085
0.00472427,7.9757,0.322019
0.96697,8.07326,-0.018186
1.97198,8.05371,0.0135807
2.98383,7.9129,-0.0680441
3.99283,7.86671,0.161052
4.95989,8.02987,-0.00538957
5.97335,7.9373,0.310224
6.9471,7.96616,0.148097
7.97406,8.01128,0.197211
8.93443,8.04949,0.02772
9.90838,7.9547,-0.212342
10.9185,8.03044,-0.189572
11.9619,8.06184,-0.0342601
12.9729,8.05124,-0.175802
14.0312,8.04597,-0.172277
15.0578,8.09622,0.0200262
16.0159,7.91167,0.287402
17.0111,8.02203,0.325184
18.0315,7.99451,0.100638
19.0386,7.87577,-0.225608
-0.0031373,8.96974,0.130851
0.961934,9.0737,-0.027958
1.97266,9.08089,-0.0103275
3.00913,8.94754,-0.0205176
4.0097,8.8476,-0.0638112
4.99707,9.03018,0.117658
6.03166,8.90778,0.0941374
7.01496,9.03502,0.129588
8.0269,9.05545,-0.0315653
9.03963,9.1193,-0.0296304
10.0016,8.95519,-0.273855
10.9985,9.00151,-0.120139
11.9936,9.06073,-0.184576
12.99,9.04438,-0.124488
14.0394,9.02062,-0.127415
15.0188,9.06838,-0.236772
16,8.85605,-0.0676016
16.9689,9.03623,0.111625
18.0018,9.04378,0.229377
19.0027,8.87078,-0.00723594
0.0530137,9.97523,-0.00698569
1.07026,10.059,0.0213965
2.04795,10.0966,-0.0762535
3.0208,9.94647,0.0570482
4.01399,9.87962,0.00886563
4.99052,10.0153,0.04138
6.02633,9.94821,-0.147664
7.03808,10.0325,-0.122983
7.9997,10.0549,0.00256661
9.04484,10.1575,0.141176
10.0291,9.94799,-0.146071
11.0478,9.98756,-0.0151646
12.0403,10.0261,-0.0461623
13.0341,9.99259,-0.367583
14.0773,10.0328,-0.327903
15.091,10.0633,-0.398392
16.0579,9.85861,-0.224625
17.0731,10.0241,0.0246406
18.0506,10.0411,0.309394
19.0125,9.84028,0.154714
0.0182043,11.0354,0.191092
1.03845,11.1089,-0.0604724
2.04797,11.1424,-0.0185583
3.08022,10.956,-0.10972
4.06996,10.896,0.0659993
5.09839,11.0649,0.0993866
6.10641,10.9702,-0.114945
7.0542,10.9829,0.0621021
8.03379,11.0489,-0.30539
8.9761,11.1697,0.0672933
10.0065,10.9342,-0.046144
10.991,10.9746,0.011655
12.0307,11.0142,-0.187719
13.0884,11.0006,-0.170617
14.0521,10.9396,0.128687
14.9952,11.0155,-0.166976
16.0254,10.8741,-0.0826716
17.0691,10.9657,-0.233399
18.0677,11.0416,0.00806909
18.9981,10.8846,0.332142
-0.00143437,12.0525,-0.148851
0.980572,12.1112,0.178344
1.97429,12.1443,0.0488357
2.94351,11.9722,-0.093057
4.00928,11.9158,-0.0724479
5.00701,12.069,-0.133958
6.01014,11.973,-0.197833
7.01088,12.008,-0.0395581
8.00966,12.0722,-0.00226447
8.95074,12.072,-0.332917
9.91609,11.9729,-0.165288
10.9079,12.032,-0.0257271
11.8755,11.9968,-0.293902
12.9391,12.017,-0.314301
13.9141,11.9057,-0.164736
14.9245,11.9943,-0.222819
15.9752,11.89,-0.230177
16.9751,11.9062,0.0501511
17.9405,12.0368,-0.162578
18.921,11.8671,0.0567919
-0.0384808,13.0906,-0.25717
0.930982,13.1291,0.143837
1.97233,13.1579,-0.160671
2.95676,13.013,-0.080285
3.99657,12.9699,-0.187167
4.96668,13.0276,0.0769372
5.95353,13.0003,-0.131126
6.98837,13.0211,-0.0309091
7.94981,12.9793,-0.448253
8.92665,13.0255,-0.679308
9.90714,12.9882,-0.425996
10.9289,13.0224,-0.441838
11.9013,12.9879,-0.316407
12.8771,13.0196,-0.0811396
13.985,12.9454,-0.0854762
14.9672,13.0336,-0.27221
15.9189,12.928,-0.0289651
16.9356,12.9427,0.00810572
17.9386,13.0528,-0.0664998
18.9713,12.9302,-0.0104801
-0.0105533,14.1317,-0.374786
1.00392,14.0411,-0.332493
1.99395,14.096,-0.421302
3.02648,13.9701,-0.329167
4.06178,14.0123,-0.315464
5.07579,13.9824,-0.332344
6.08424,14.0168,-0.161644
7.06574,13.9801,-0.270907
8.03933,13.977,-0.24264
9.05985,13.915,-0.25464
9.99246,13.9854,-0.555272
11.0228,14.0408,-0.45902
12.0808,13.987,-0.352412
13.0049,13.974,0.0239937
14.0743,13.9488,0.0406873
15.0151,14.0138,-0.0392315
16.0262,13.9657,-0.156496
17.0082,13.9553,-0.0800806
17.995,14.0384,-0.304242
19.0147,13.9302,-0.22758
0.0643178,15.1247,-0.0778375
1.07207,15.0469,-0.108463
2.03871,15.1074,-0.438975
3.03563,14.9974,-0.364486
4.03594,15.0483,-0.363124
5.03351,15.0155,-0.206207
6.06758,15.0211,-0.311222
7.07027,14.9894,-0.0619739
8.11376,14.9549,-0.326319
9.13872,14.9495,-0.0980499
10.0476,15.0005,-0.497705
11.0668,15.0466,-0.46101
12.043,14.9421,-0.0690298
13.0564,14.9554,0.0842677
14.0347,14.9719,-0.18938
15.0633,15.0347,-0.0840388
16.0718,15.0012,-0.144227
17.0652,14.9402,-0.236189
18.0258,14.9325,0.0177374
19.0167,14.9445,-0.175289
-0.0428907,16.0777,-0.320292
0.929035,16.089,-0.0923582
1.91409,16.1282,-0.104175
2.94398,15.974,-0.0808649
3.98447,15.919,0.0820948
4.94508,16.0249,-0.16451
5.97933,16.015,-0.46635
6.96151,15.9908,-0.168844
7.98206,15.9321,-0.0986267
9.01525,15.9336,-0.0808771
10.0496,16.0076,-0.0213813
11.0706,15.9703,-0.0481613
12.0249,15.9865,-0.282699
13.006,15.9345,-0.0727775
13.9789,15.925,0.216568
14.9841,16.0272,-0.0427931
15.9934,16.0579,-0.081756
17.0092,15.9358,-0.314002
18.0168,15.9709,-0.0977538
18.9988,15.979,0.0879788
0.0554613,17.044,-0.0627491
1.01298,17.0495,-0.374856
1.98325,17.0556,-0.491278
2.97679,17.0094,-0.108759
4.03432,16.9254,-0.0632557
4.96555,16.9718,-0.415357
5.91715,16.9557,-0.126707
6.91429,17.071,-0.468227
7.85871,16.9265,-0.10517
8.89341,16.9613,-0.113175
9.93068,17.0108,-0.112793
11.0044,17.0021,0.0234504
12.0201,16.9998,-0.153029
13.014,16.9748,-0.251823
14.0011,16.8962,-0.0300913
15.0414,17.0003,0.125547
16.0959,17.0593,0.157356
17.0266,16.9728,-0.353505
17.9374,16.9466,0.0484695
19.0121,16.9884,0.0614185
0.0307688,18.0539,-0.137962
1.03034,18.096,-0.394809
2.06265,18.0139,-0.530436
3.06139,17.9969,-0.290158
4.02912,17.9515,0.0202643
5.04329,17.9775,-0.212107
6.03981,17.9709,-0.0504074
7.04671,17.9902,-0.0801111
8.0941,17.921,-0.242488
9.12308,17.9496,-0.23271
9.98628,17.9681,0.186419
10.9823,17.9903,-0.0249092
11.9814,18.0038,0.0386608
12.991,17.9935,-0.0831446
14.0175,17.9369,-0.101694
14.9956,17.9531,-0.148042
15.9617,18.0943,-0.0768548
16.9733,17.9991,-0.270785
18.028,17.9383,-0.0629383
19.0156,17.987,0.0209815
-0.00861538,19.0055,0.253276
1.01372,18.9382,0.188598
2.00031,19.0152,-0.136973
3.00235,19.0257,-0.222245
4.02211,18.9844,-0.0605976
5.01048,18.9636,-0.155632
6.06272,18.9802,-0.238719
6.98831,18.9713,0.0687063
8.00976,18.9357,-0.0746208
8.98137,18.9415,0.0343974
10.0187,18.9484,-0.0575732
11.0402,18.9897,-0.220728
12.0447,18.9969,-0.00359508
13.0611,18.9864,-0.156255
14.101,18.9653,-0.229008
15.085,18.9964,-0.0252235
16.0107,19.042,-0.367861
17.0542,19.0284,-0.34351
18.037,18.9607,-0.193518
19.0272,18.9889,0.162224
