6.64722,-3.41622,2.94693
-4.66806,-17.0721,-0.0816248
-1.69214,-0.722202,-7.196
22.2213,2.89365,11.39
8.12395,-5.56755,-11.1613
-7.28744,-6.64852,1.86242
5.30178,6.63876,1.97932
1.73805,9.86418,-4.89914
5.97301,6.07845,-15.1856
1.76432,7.33876,-8.17013
3.29735,-6.04455,0.652565
0.315931,-9.69427,-0.502429
4.78166,-2.84336,-0.881469
13.1249,-0.284671,4.16791
7.75971,-2.97035,-2.44613
0.354958,-3.22763,-0.173867
2.39682,2.5031,-0.357866
2.02455,5.97374,-3.41965
2.42304,6.99195,-7.32218
-1.06587,8.38494,-0.210248
2.62836,-3.5279,-1.48727
2.58371,-5.55116,-0.629411
5.6005,-3.23966,0.521693
8.90786,-1.41537,2.02369
6.19633,-1.39482,0.163042
2.79637,-0.551378,0.31926
2.11554,2.71025,0.238844
1.47265,5.73101,-0.667989
0.734065,8.06764,-2.05651
-1.17541,10.0066,1.4131
2.18848,-0.444578,-3.45871
2.86675,-2.07685,-1.76036
4.57092,-1.38833,-0.118821
6.24428,-0.799753,1.2968
4.68689,0.152361,1.4423
2.89588,1.5585,1.77301
1.86108,4.04275,2.02381
0.820502,6.64349,2.16522
-0.585171,9.17663,2.66836
-2.96565,11.993,5.27166
1.64534,2.7993,-5.73162
2.63878,1.1556,-2.91332
3.78037,0.658165,-0.545015
4.56291,0.601862,1.55848
3.86399,1.27221,3.11167
2.7008,2.75705,3.71107
1.75425,4.80884,4.10181
0.683868,7.09149,5.07682
-0.915845,9.55167,7.10742
-5.35182,15.1161,9.54113
0.396341,6.38632,-8.58304
3.02816,4.03165,-2.17779
4.08404,2.33625,0.90333
4.11953,1.73287,3.33757
3.48842,1.81333,5.27548
2.52933,2.85117,5.87421
2.21986,4.22202,5.76781
2.28681,5.43568,5.9652
3.54479,4.44949,7.01339
7.82168,-0.902496,7.19627
2.19044,12.8024,3.03033
5.78005,3.02076,4.31826
5.56061,1.26568,3.86399
4.27412,1.7632,5.87392
2.97694,2.22722,7.7918
2.01642,3.05849,8.04635
2.55932,3.95308,7.44507
3.85729,3.98346,6.63226
5.88527,2.9628,6.02961
8.92728,1.35881,4.65072
15.3782,-15.1824,15.1113
10.2397,-6.14281,8.35747
7.57977,-0.647859,5.86491
4.10404,1.82617,8.40189
2.01384,2.63083,10.5871
1.31088,3.34794,10.2345
2.18504,3.73441,9.29663
3.36545,3.94945,8.35209
4.77157,3.87553,7.43936
5.12822,4.20802,5.77051
2.81728,-10.9811,-6.01284
8.51952,-6.10571,1.29499
7.03194,3.64823,1.78249
1.34686,3.98692,11.213
-0.108426,3.4872,13.5836
0.364562,3.60355,12.4185
1.51095,3.69632,11.1135
2.65482,3.94095,9.99861
3.96626,4.35645,9.34218
4.16457,5.40732,10.8269
9.30425,-10.9801,-0.265917
15.3291,-11.3872,5.48358
10.9887,10.9837,-6.87416
-4.53673,4.91826,20.4762
-2.32346,4.07448,17.0098
-0.775478,3.88723,14.5812
0.683297,3.78348,12.815
1.86591,3.88571,11.4537
3.05038,4.14242,10.4982
3.59362,5.03023,10.075
