0.162142,0.604202,-2.64087
0.151531,1.91585,-2.62632
0.179116,3.16837,-2.63343
0.252812,4.45249,-2.62326
0.235557,5.70702,-2.67707
0.250032,6.99905,-2.63835
0.283999,8.26785,-2.64138
0.363247,9.53427,-2.61432
0.617362,10.7305,-2.61983
0.912909,11.9139,-2.54355
1.3523,13.0168,-2.44996
1.207,14.0932,-2.40291
0.48002,14.7919,-2.07673
0.572063,15.7202,-1.73385
0.108283,16.56,-1.80943
0.287014,17.5237,-1.6954
-0.210627,18.1388,-1.05978
0.181497,17.2515,-1.37268
-0.0991089,18.028,-0.82042
-0.0126743,18.9399,-0.351961
0.812992,1.48419,-2.53648
0.941615,2.59429,-2.66789
0.981881,3.82047,-2.66183
1.11672,5.01158,-2.6564
1.18587,6.20124,-2.64407
1.22096,7.46238,-2.65802
1.28473,8.69364,-2.7296
1.42708,9.89754,-2.76011
1.63519,11.0917,-2.67922
1.94836,12.3353,-2.69144
2.47842,13.513,-2.72391
2.28638,14.668,-2.55427
1.44816,15.1132,-2.101
1.57341,16.0939,-1.70043
0.981555,16.8188,-1.26684
1.44828,17.5645,-1.68455
0.923917,18.0954,-1.00613
1.24479,17.1872,-1.26596
0.954363,18.1277,-0.90546
1.00716,19.0697,-0.515119
1.83935,1.84117,-2.65198
1.83897,2.9991,-2.52333
1.98603,4.17564,-2.60279
2.05793,5.38824,-2.5963
2.08817,6.63537,-2.65482
2.14386,7.84825,-2.71227
2.25034,9.09601,-2.79481
2.37142,10.3379,-2.76563
2.53997,11.6313,-2.74372
2.94354,12.9425,-2.86473
3.58145,14.3063,-2.91253
3.20891,15.4748,-2.39399
2.065,15.8707,-1.88802
2.5526,16.7941,-1.65959
1.77058,17.5837,-1.43833
2.48494,17.0433,-1.40132
1.94662,17.8891,-1.12933
2.30817,17.0055,-1.05975
1.949,18.0375,-0.938188
1.99909,19.0673,-0.68985
2.79551,1.59375,-2.44858
2.85722,2.72239,-2.60354
3.00424,3.87702,-2.63333
3.01808,5.04963,-2.72526
3.00655,6.21491,-2.67248
3.04037,7.39204,-2.6843
3.16783,8.56627,-2.64273
3.21097,9.73863,-2.61047
3.31468,10.909,-2.6318
3.45762,12.0519,-2.57171
3.41426,13.2512,-2.6177
3.40741,14.3549,-2.38252
2.90951,15.0939,-1.79069
3.26291,16.0652,-1.70595
2.64647,16.8911,-1.4777
3.49966,17.3119,-1.52582
2.95797,17.9993,-1.05282
3.20014,17.1739,-1.56442
2.8623,18.1286,-1.29951
2.94434,19.1687,-1.04279
3.79559,1.20027,-2.51297
3.85124,2.3259,-2.53111
3.94751,3.42755,-2.54971
3.89383,4.55044,-2.58
3.9006,5.71287,-2.55198
3.90406,6.81342,-2.46279
4.00726,7.94426,-2.534
4.00574,9.02917,-2.43
4.01664,10.1575,-2.34757
4.10616,11.245,-2.4191
4.00072,12.3595,-2.41427
3.99685,13.467,-2.28395
3.80638,14.4194,-1.94628
4.05337,15.3944,-1.86928
3.62537,16.3277,-1.50808
4.37321,16.9611,-1.85833
3.81786,17.4007,-1.0344
4.07855,17.4559,-1.99845
3.88255,18.1992,-1.37669
3.95671,19.1465,-1.06172
4.76984,0.8198,-2.43921
4.75253,1.91743,-2.23985
4.8583,3.05917,-2.25453
4.77855,4.08981,-2.32757
4.78382,5.20201,-2.34493
4.79202,6.2928,-2.31316
4.90943,7.39308,-2.38969
4.88418,8.48451,-2.43181
4.86001,9.53715,-2.34156
4.89742,10.6316,-2.14316
4.86366,11.7054,-2.26834
4.6532,12.672,-2.08679
4.53561,13.7232,-1.88724
4.79926,14.675,-1.75908
4.42108,15.6399,-1.63923
5.12197,16.3383,-1.66135
4.72732,16.8885,-0.920573
5.06943,17.1412,-1.84236
4.92404,18.0991,-1.4799
4.96437,18.9852,-0.987829
5.71993,0.491287,-2.2827
5.77601,1.54283,-2.19113
5.79792,2.66975,-2.29901
5.77221,3.76662,-2.23304
5.79066,4.86333,-2.25569
5.79154,5.88329,-2.33688
5.80824,6.93946,-2.38627
5.82361,7.99474,-2.25748
5.75314,9.00771,-2.12056
5.73072,10.0983,-1.95721
5.69207,11.1855,-1.98497
5.57726,12.2482,-1.83624
5.47135,13.2578,-1.73698
5.7101,14.2227,-1.75325
5.36399,15.1161,-1.5658
6.01414,15.9037,-1.69256
5.68009,16.6527,-1.11698
6.088,17.2131,-1.87381
5.98429,18.1355,-1.52624
5.98271,19.0746,-1.04301
6.67195,0.147096,-2.2532
6.75059,1.28098,-2.14052
6.78183,2.30257,-2.21179
6.74672,3.35015,-2.20222
6.71064,4.39871,-2.10104
6.72012,5.47266,-2.12662
6.76197,6.54016,-2.176
6.77088,7.60374,-2.13502
6.71534,8.6312,-2.02552
6.617,9.65548,-2.02857
6.64068,10.6969,-2.20739
6.51155,11.7489,-2.07532
6.38006,12.6855,-1.77345
6.58119,13.6782,-1.78529
6.36641,14.6807,-1.70281
6.90071,15.5097,-1.41832
6.73319,16.4842,-1.33101
7.10273,17.1754,-1.95914
6.98889,18.1908,-1.76747
6.96641,19.0161,-1.16211
7.63445,-0.0538957,-2.07655
7.71791,1.02206,-1.99056
7.75346,2.0663,-1.98267
7.79985,3.19334,-2.0612
7.70716,4.24482,-1.86728
7.70447,5.26403,-1.90346
7.74629,6.25991,-2.11733
7.73417,7.26955,-2.32011
7.69926,8.29334,-2.09213
7.6182,9.36401,-2.04578
7.57137,10.4205,-1.99
7.52487,11.4226,-1.94463
7.38208,12.4244,-1.75474
7.59043,13.4018,-1.71055
7.42468,14.4558,-1.65955
7.86358,15.387,-1.6663
7.74591,16.3475,-1.42005
8.07407,17.2317,-1.87031
8.06162,18.209,-1.66705
7.91689,18.8625,-0.888772
8.65108,-0.0675527,-1.94377
8.72001,0.948158,-1.84504
8.77273,1.97241,-1.94888
8.83693,2.97465,-2.00244
8.72251,3.99294,-1.83625
8.68266,5.06586,-1.73917
8.76928,6.12619,-1.99188
8.72442,7.18449,-2.03071
8.69121,8.24073,-1.85606
8.69222,9.26457,-1.87179
8.56906,10.2833,-1.84065
8.50319,11.3242,-1.85985
8.4599,12.3588,-1.80475
8.56264,13.3062,-1.52542
8.46528,14.3085,-1.57695
8.88206,15.2222,-1.4845
8.79666,16.1895,-1.27419
9.01207,17.1174,-1.54221
9.05251,18.1321,-1.30075
8.96327,19.1003,-1.09302
9.67643,-0.264217,-1.61564
9.78982,0.742476,-1.82626
9.74877,1.81828,-1.82467
9.85539,2.84714,-1.82961
9.72583,3.90543,-1.75222
9.71155,4.93543,-1.77483
9.79484,5.9708,-1.89877
9.7191,7.06568,-1.70413
9.69962,8.09716,-1.86613
9.7154,9.10082,-1.74234
9.62561,10.1624,-1.71234
9.55534,11.169,-1.92528
9.47207,12.1386,-1.62253
9.58771,13.1816,-1.44709
9.57201,14.2164,-1.60344
9.84482,15.2419,-1.67645
9.83671,16.2537,-1.33193
10.0062,17.2512,-1.48694
10.0572,18.2581,-1.36737
9.98136,19.2454,-0.999384
10.7327,-0.205939,-1.66439
10.8374,0.816666,-1.87967
10.7392,1.91078,-1.71632
10.8502,2.92768,-1.86356
10.7434,3.9646,-1.78398
10.724,4.96482,-1.74324
10.8121,6.00011,-1.72207
10.7641,7.02604,-1.70441
10.7602,8.0284,-1.75292
10.7488,9.03739,-1.77776
10.6794,10.0463,-1.79984
10.54,11.0525,-1.70291
10.5192,12.0875,-1.74242
10.555,13.1399,-1.61404
10.6044,14.1743,-1.53854
10.8599,15.1664,-1.49951
10.8779,16.158,-1.33358
10.9668,17.1794,-1.37132
11.0328,18.186,-1.10675
11.0356,19.1871,-1.215
11.7749,-0.0919065,-1.61618
11.856,0.983215,-1.75873
11.7921,2.05788,-1.81458
11.8511,3.02313,-1.67805
11.7024,3.99852,-1.52521
11.698,5.03872,-1.48435
11.7998,6.02342,-1.36848
11.8103,6.98823,-1.67445
11.7542,8.00455,-1.71898
11.7713,8.99934,-1.56787
11.7177,10.0468,-1.633
11.6104,11.0168,-1.82493
11.6233,12.0472,-1.72136
11.531,13.0018,-1.47121
11.6655,14.0824,-1.54007
11.8471,15.0608,-1.32101
11.9408,16.0509,-1.29769
11.933,17.0723,-1.20615
12.0861,18.1215,-1.25544
12.0501,19.119,-1.17689
12.8256,-0.152272,-1.41453
12.8451,0.852257,-1.4713
12.7637,1.93911,-1.519
12.8761,2.9763,-1.65514
12.7103,3.98196,-1.40521
12.7814,4.96586,-1.48873
12.8107,5.9943,-1.60079
12.8518,7.02062,-1.79514
12.8645,7.97791,-1.72247
12.7467,9.0143,-1.61031
12.7549,10.0465,-1.57942
12.708,11.0504,-1.69211
12.6884,12.0827,-1.54372
12.6335,13.0737,-1.608
12.7155,14.1048,-1.4195
12.8335,15.1012,-1.24055
12.9308,16.1317,-1.21416
13.0097,17.1607,-1.43211
13.0727,18.1365,-1.141
13.0785,19.1791,-1.07861
13.8549,-0.141569,-1.36184
13.9071,0.923133,-1.39176
13.8352,1.91261,-1.45259
13.8772,2.94733,-1.54077
13.7549,3.91447,-1.60726
13.7891,4.97121,-1.47464
13.7989,5.97844,-1.41838
13.8647,6.95773,-1.62188
13.8765,7.97871,-1.66308
13.7656,8.92898,-1.41318
13.774,9.89467,-1.57341
13.8132,10.9484,-1.5772
13.7637,12.0085,-1.56297
13.6777,13.0432,-1.35788
13.7735,14.086,-1.29666
13.8507,15.1329,-1.33874
13.9884,16.1699,-1.18282
14.0079,17.2191,-1.4312
14.1284,18.1498,-1.14765
14.1124,19.2215,-1.17645
14.9393,-0.238734,-1.43502
14.9319,0.821815,-1.26499
14.878,1.87507,-1.50093
14.9075,2.90345,-1.50623
14.7902,3.90418,-1.45976
14.7836,4.95643,-1.43823
14.8799,6.01914,-1.56296
14.8543,6.96924,-1.28043
14.8388,7.97603,-1.42612
14.8053,8.94541,-1.43437
14.7782,9.95618,-1.59652
14.8499,10.9626,-1.46952
14.8274,11.9535,-1.61155
14.7087,12.9265,-1.31385
14.8252,13.9972,-1.13099
14.9159,15.0279,-1.15861
15.0463,16.0891,-1.1232
14.9929,17.1295,-1.13639
15.1847,18.1644,-1.18252
15.1106,19.2044,-1.13697
15.9332,-0.176696,-1.1683
15.9152,0.912552,-1.19982
15.944,1.86635,-1.42701
15.9555,2.91296,-1.35869
15.7698,3.89428,-1.49088
15.8244,4.93044,-1.41712
15.9009,5.90689,-1.46725
15.8355,6.9616,-1.47999
15.8766,7.97135,-1.34856
15.8952,9.00387,-1.43377
15.7787,9.97988,-1.47197
15.8392,10.998,-1.63201
15.7992,11.9629,-1.26353
15.7701,13.0532,-1.32313
15.8867,14.0514,-1.26104
15.9143,15.0541,-1.20056
16.0322,16.1265,-1.11722
16.0224,17.142,-1.14524
16.1864,18.1376,-1.21031
16.1205,19.1706,-1.20772
16.978,-0.321537,-1.06897
16.9212,0.750172,-1.19267
16.9562,1.80117,-1.2344
16.9854,2.84981,-1.28314
16.763,3.88817,-1.3529
16.855,4.87291,-1.5946
16.9413,5.86941,-1.67252
16.8793,6.92423,-1.43844
16.9317,7.97109,-1.46903
16.9939,9.03637,-1.33945
16.7831,9.97601,-1.55006
16.8585,10.9947,-1.42072
16.8353,11.9624,-1.20278
16.8146,13.0377,-1.25683
16.8897,14.0355,-1.1337
16.9525,15.0429,-1.31083
17.0434,16.0476,-1.08008
17.082,17.09,-1.11843
17.1956,18.14,-1.14946
17.1519,19.2566,-1.14698
18.0583,-0.245604,-1.16292
17.9392,0.783648,-1.03505
17.9719,1.85304,-1.07674
17.9975,2.90984,-1.10175
17.8477,3.95403,-1.28854
17.8588,4.95056,-1.38073
17.947,5.94268,-1.4047
17.9201,6.90442,-1.60485
17.9309,7.9166,-1.43451
18.004,8.95247,-1.31863
17.8136,9.98372,-1.59476
17.9834,10.9515,-1.42024
17.8564,11.9881,-1.24338
17.8559,13.0479,-1.27054
17.8929,14.0469,-1.00522
18.004,15.0505,-1.10595
18.0185,16.0779,-1.13376
18.1288,17.0917,-1.01671
18.2078,18.1279,-1.00916
18.1208,19.1654,-0.847124
19.0621,0.0635762,-1.28765
18.8738,1.05537,-1.3805
18.9835,2.05665,-1.35388
19.0667,3.04285,-1.24535
18.9235,4.04062,-1.07021
18.897,4.99292,-1.37288
18.9684,5.98424,-1.36084
18.9316,6.97977,-1.45084
18.9738,8.01879,-1.3922
19.0438,9.09078,-1.22787
18.716,10.0324,-1.10803
18.9965,10.9914,-1.2036
18.8496,12.0327,-1.39037
18.8792,13.0448,-1.35502
18.9363,14.0291,-1.07382
19.0688,15.0508,-1.13838
19.0377,16.0865,-1.02642
19.1387,17.0869,-0.961287
19.2543,18.0803,-0.743648
19.0251,19.068,-0.475964
