0.00357372,0.0455306,-0.284661
-0.00264901,1.31992,-0.266427
-0.0390393,2.59304,-0.345335
0.0155278,3.89859,-0.24286
-0.0132939,5.17241,-0.278475
0.021897,6.43616,-0.41099
0.0199316,7.69254,-0.339204
0.074691,8.93476,-0.344365
0.0456221,10.0944,-0.348878
0.164898,11.2544,-0.354918
0.214649,12.3687,-0.518174
0.206558,13.4582,-0.647093
0.317145,14.5399,-0.823502
0.227125,15.6085,-0.853389
0.0773675,16.5941,-0.884002
0.195962,17.6025,-0.89013
-0.0442488,18.2576,-0.183901
-0.0244942,17.2396,-0.348546
0.133811,17.9883,0.289346
-0.018305,19.0062,0.2206
0.836167,0.701581,-0.443986
0.822657,1.91008,-0.379601
0.840873,3.11311,-0.44174
0.94583,4.31798,-0.481692
0.934205,5.50239,-0.490106
1.03792,6.70429,-0.522996
1.02323,7.87085,-0.550737
1.01765,9.06728,-0.60727
1.03446,10.2226,-0.51319
1.13768,11.3494,-0.617982
1.12025,12.573,-0.785342
1.15056,13.6895,-0.830262
1.02736,14.5354,-1.49256
1.2312,15.5271,-1.07225
1.0811,16.4302,-0.674859
1.28645,17.3844,-0.840529
0.995352,18.1659,-0.282562
1.01477,17.0931,-0.208606
1.06884,18.066,0.0589862
1.0175,19.0464,0.200253
1.82078,0.885055,-0.507859
1.86015,2.1432,-0.4558
1.85388,3.37635,-0.497604
1.90831,4.65188,-0.486019
1.89227,5.9092,-0.554561
1.9209,7.16654,-0.5974
1.80189,8.42083,-0.701419
1.68762,9.75401,-0.756136
1.54352,11.0462,-0.80097
1.11189,12.2922,-0.852101
0.270028,13.2999,-0.692685
0.82693,14.6496,-0.459651
1.9384,14.9697,-1.08043
2.18447,16.2311,-0.84514
1.53084,17.3085,-0.365972
2.20685,16.7699,-0.551012
1.94676,17.851,-0.189676
2.02623,16.929,0.129679
2.08256,17.9505,-0.0688131
1.93557,18.9269,-0.165816
2.86169,0.63477,-0.373647
2.86879,1.88118,-0.357164
2.8397,3.07949,-0.450945
2.8445,4.29703,-0.371648
2.85733,5.49273,-0.555058
2.80569,6.68644,-0.576769
2.66965,7.91399,-0.652095
2.61975,9.15345,-0.715967
2.30827,10.3419,-0.739048
1.96486,11.5206,-0.787115
1.45077,12.6314,-0.789544
1.49043,13.7535,-0.703537
2.42046,14.3128,-0.531291
2.36848,15.3671,-0.368575
2.17182,16.4257,-0.33296
2.80353,16.9544,0.190411
2.94594,17.9772,0.0688345
3.01978,17.0182,-0.0487747
3.12365,17.9645,-0.135987
2.98336,19.0051,-0.145015
3.81718,0.454173,-0.154244
3.84707,1.58307,-0.126099
3.79764,2.75456,-0.205713
3.7475,3.91172,-0.340654
3.74815,5.07211,-0.370016
3.70423,6.25715,-0.36661
3.57328,7.43081,-0.441395
3.46213,8.60227,-0.531764
3.28512,9.76869,-0.662807
2.92391,10.8231,-0.705033
2.60284,11.9503,-0.713367
2.56184,13.0671,-0.661827
3.26455,13.8241,-0.637123
3.27939,14.8659,-0.356276
3.09222,15.893,-0.44185
3.71248,16.6078,-0.0897488
3.79647,17.4622,0.384857
3.97208,17.127,-0.513379
4.10793,18.129,-0.326688
3.98664,19.1145,-0.429579
4.82672,0.293811,-0.154701
4.84662,1.38669,-0.152922
4.76016,2.51859,-0.168975
4.69912,3.65466,-0.185211
4.72417,4.83502,-0.19418
4.65,5.94787,-0.347063
4.5706,7.07145,-0.295105
4.44007,8.17646,-0.342817
4.24515,9.24928,-0.421714
3.94319,10.3281,-0.564028
3.68449,11.4,-0.650041
3.63385,12.5163,-0.681133
4.17394,13.3425,-0.542363
4.192,14.3659,-0.420496
4.056,15.4517,-0.565603
4.6414,16.2101,-0.204736
4.76807,17.056,0.332716
4.99413,17.2152,-0.627586
5.0523,18.2515,-0.581777
4.91022,19.0492,0.0478378
5.81465,0.151259,-0.185385
5.84078,1.24768,-0.193094
5.71899,2.37187,-0.217481
5.69997,3.44385,-0.277169
5.65893,4.53159,-0.331391
5.6805,5.65305,-0.253368
5.51505,6.71556,-0.218076
5.48083,7.83765,-0.258187
5.30432,8.96459,-0.447444
5.02822,9.99972,-0.462062
4.83537,11.068,-0.546797
4.74507,12.034,-0.652617
5.25252,12.9521,-0.579495
5.13265,13.9797,-0.472851
4.97819,14.9872,-0.615058
5.469,15.5706,0.0694601
5.67029,16.5373,0.123988
5.98077,17.3807,-0.401215
6.08151,18.3677,-0.621354
5.92783,19.024,0.0874935
6.82227,0.173583,-0.306149
6.85158,1.25898,-0.4116
6.75571,2.26686,-0.33564
6.69536,3.25516,-0.438957
6.67689,4.34758,-0.46354
6.7208,5.3826,-0.234718
6.53042,6.45396,-0.282238
6.47448,7.53734,-0.306818
6.30862,8.58932,-0.456206
6.08943,9.68761,-0.384234
5.92471,10.6776,-0.529185
5.90773,11.7359,-0.548781
6.23097,12.6818,-0.650154
6.13094,13.7182,-0.559624
6.07293,14.7116,-0.544349
6.47197,15.275,0.185452
6.66154,16.2971,0.175634
6.95912,17.0404,-0.542665
6.95692,18.0056,-0.336842
6.93464,18.9668,-0.0178076
7.91061,0.0226234,-0.400668
7.84288,1.07959,-0.534953
7.75882,2.13544,-0.597467
7.74183,3.19696,-0.425816
7.73599,4.28295,-0.494284
7.78079,5.30184,-0.33751
7.53673,6.37319,-0.161898
7.53013,7.39561,-0.275188
7.37057,8.46015,-0.394867
7.18809,9.47574,-0.400467
7.11056,10.53,-0.455342
7.03668,11.5338,-0.557872
7.30104,12.5104,-0.741792
7.20565,13.4749,-0.479928
7.14382,14.4388,-0.446474
7.46306,15.3425,-0.14818
7.72594,16.2544,0.181567
8.00038,17.048,-0.334477
7.97425,18.0746,-0.260259
7.93701,19.0428,0.128141
8.89933,-0.0862362,-0.271557
8.88078,0.978463,-0.243113
8.7031,1.98647,-0.261513
8.72053,3.01442,-0.157186
8.69428,4.07143,-0.158208
8.77185,5.12119,-0.221677
8.63425,6.20164,-0.0958312
8.53144,7.21555,-0.339158
8.36744,8.21514,-0.34066
8.25323,9.23066,-0.508847
8.21315,10.3154,-0.549648
8.09474,11.3522,-0.657631
8.31275,12.3411,-0.661422
8.22081,13.3452,-0.503604
8.24237,14.3312,-0.471563
8.4712,15.1836,0.0748955
8.76248,16.1707,0.231364
8.98009,17.027,-0.174081
9.01581,18.0314,-0.118628
8.98066,19.0205,0.191089
9.884,-0.123902,-0.139943
9.88797,0.889291,-0.285165
9.72805,1.89977,0.0498825
9.74432,2.93231,-0.109012
9.74167,3.98208,-0.151872
9.74397,5.07531,-0.16505
9.66892,6.09105,-0.286331
9.61882,7.145,-0.182864
9.45352,8.11589,-0.294418
9.34728,9.117,-0.428516
9.26943,10.156,-0.441044
9.18715,11.1821,-0.6553
9.36488,12.1699,-0.60416
9.26266,13.1914,-0.467821
9.32965,14.1884,-0.502097
9.52739,15.1103,-0.0337382
9.78376,16.0734,0.27568
9.99016,17.0247,0.118381
9.9879,18.0122,0.231571
10.0069,19.062,0.0909482
10.8048,-0.0549944,0.22555
10.8512,0.943489,0.105652
10.7477,1.94801,0.0605274
10.7702,2.98593,-0.192282
10.7802,4.01001,-0.219407
10.7689,5.06055,-0.181988
10.6747,6.10412,-0.181481
10.6278,7.15089,-0.235762
10.5604,8.11074,-0.504926
10.5116,9.13721,-0.425224
10.3694,10.1346,-0.416324
10.3079,11.1351,-0.575262
10.4118,12.1295,-0.616544
10.3409,13.1168,-0.474319
10.4258,14.1089,-0.443464
10.6108,15.0788,-0.186041
10.756,16.0769,-0.0213813
11.0312,17.0561,0.0413495
11.0405,18.0798,-0.00827967
10.9927,19.0765,-0.185128
11.8527,-0.0333201,0.108414
11.9144,0.951598,-0.0197943
11.8089,1.99031,-0.00615864
11.7853,2.99713,-0.265725
11.8524,4.01776,-0.2816
11.7541,5.00227,-0.101157
11.6996,5.96149,-0.353462
11.6779,6.98088,-0.267519
11.6587,7.96688,-0.281631
11.5427,8.95909,-0.267464
11.4708,9.96126,-0.507285
11.4104,10.9927,-0.599719
11.4947,12.0104,-0.535954
11.4159,13.0799,-0.515735
11.5048,14.1146,-0.378283
11.5948,15.0741,-0.0240455
11.7713,16.067,-0.00504166
12.0313,17.0476,-0.179427
12.0601,18.0765,-0.226356
12.0068,19.0683,-0.0456221
12.8872,0.0142888,-0.0155156
12.9754,0.999478,-0.0578051
12.7737,1.97665,-0.334519
12.7672,2.97973,-0.559307
12.8691,3.97058,-0.190054
12.758,4.9369,0.0486435
12.7115,5.90453,-0.287649
12.7201,6.95699,-0.193725
12.7119,7.9566,-0.384439
12.5875,8.95614,-0.50332
12.5003,10.0009,-0.512854
12.4671,11.0694,-0.700858
12.4944,12.0365,-0.483007
12.4551,13.0324,-0.513144
12.6538,13.9972,-0.291507
12.6638,15.0112,-0.0391064
12.7985,15.9763,-0.149483
13.0585,17.0061,-0.0899991
13.0978,18.0541,0.0109165
13.0439,19.0655,-0.0675527
13.8732,-0.0675649,-0.271831
13.9452,0.939665,-0.422773
13.811,1.97565,-0.382836
13.7337,3.00009,-0.237471
13.8944,3.98928,-0.0342082
13.8,5.0064,-0.158168
13.7753,5.99569,-0.238847
13.6982,6.98176,-0.426762
13.7732,8.0012,-0.289062
13.6724,9.05225,-0.385034
13.6263,10.0417,-0.433876
13.603,11.0169,-0.706815
13.5591,11.9866,-0.466076
13.5099,13.0251,-0.432142
13.7227,13.9244,-0.106952
13.6966,14.967,-0.0721732
13.8464,15.983,0.0219367
14.0479,16.97,0.0832575
14.0428,17.9682,0.255992
14.0788,18.9382,-0.0204871
14.9208,-0.00422376,-0.336253
14.8632,0.925324,0.0440229
14.8187,1.89249,-0.146104
14.7752,2.86928,-0.420313
14.8615,3.89246,-0.267888
14.8447,4.91002,-0.254442
14.8553,5.96007,-0.156978
14.7066,6.96103,-0.155861
14.7942,8.01873,-0.0630879
14.7418,9.021,-0.259334
14.6939,10.0344,-0.498038
14.675,11.0615,-0.519144
14.6379,12.0544,-0.269628
14.5517,13.0542,-0.171892
14.728,14.0371,0.0335002
14.7472,15.0616,-0.0354472
14.9005,16.0979,-0.0372875
15.05,17.1342,-0.0597369
14.9952,18.1455,-0.0113102
15.0442,19.1374,0.16595
15.916,-0.154689,-0.276147
15.878,0.827799,-0.215091
15.8496,1.84906,-0.0668874
15.7957,2.83525,-0.124485
15.8936,3.83338,-0.35548
15.8633,4.90094,-0.307956
15.8383,5.90991,-0.384814
15.7335,6.96632,-0.442955
15.8757,7.94722,-0.146562
15.8221,8.95054,-0.330757
15.7593,9.95942,-0.425617
15.7301,11.0015,-0.268969
15.7211,12.0644,-0.342854
15.6333,13.0895,-0.255715
15.8053,14.027,0.0627949
15.7511,15.029,-0.122449
15.9474,16.0093,-0.0760338
16.0565,16.997,0.152144
15.9867,18.012,0.0164434
16.0161,19.0039,0.100711
16.9423,0.0164953,-0.31026
16.9334,0.976345,-8.85037e-05
16.8383,1.98333,0.161232
16.871,2.93974,-0.150206
16.891,3.94408,-0.329942
16.9105,4.95973,-0.438142
16.9211,5.97339,-0.441523
16.8698,6.97797,-0.476699
16.8631,8.01299,-0.434935
16.8746,8.99352,-0.217411
16.8084,10.0074,-0.541493
16.7582,10.9613,-0.116297
16.8162,11.9679,-0.130131
16.7752,12.9423,-0.208521
16.8232,13.9613,-0.150423
16.842,14.9666,1.83111e-05
16.9594,15.9911,-0.0980834
17.045,17.0604,-0.0425916
16.9957,18.0515,0.164507
16.9994,19.0544,0.436354
17.9618,-0.131675,-0.289706
17.9421,0.923087,0.0701559
17.8647,1.95737,0.187024
17.8896,2.98069,-0.0742241
17.912,3.96,-0.216001
17.9048,4.95973,-0.211438
17.9793,5.98992,-0.33354
17.8977,6.9796,-0.298111
17.9142,7.99077,-0.502628
17.9037,9.0059,-0.369518
17.8945,10.0054,-0.430045
17.8262,10.9832,-0.119434
17.8563,12.0058,0.0975372
17.826,13.0111,-0.19028
17.8948,14.0202,-0.156868
17.9152,15.0497,-0.0280679
18.0132,16.0136,-0.151268
17.99,16.9393,0.214835
18.0768,17.9275,0.143937
18.0189,18.9728,0.189569
19.0367,0.0108585,-0.203345
18.9818,0.928202,0.259499
18.9261,1.92666,0.393469
18.9576,2.89127,0.013715
18.9391,3.94696,-0.0993133
18.971,4.94671,-0.0942259
19.02,5.94537,-0.268264
18.8757,6.96775,-0.38659
19.0292,7.95954,-0.501297
18.9677,8.97573,-0.366408
18.9653,9.94854,-0.460918
18.8791,10.9482,-0.248976
18.9688,11.9954,-0.0312296
18.93,13.0446,-0.0785089
18.9208,14.0848,-0.178573
18.948,15.0878,0.15884
19.0511,16.0738,-0.213971
18.9955,16.9589,0.216047
19.1246,17.9581,0.132765
18.9999,18.9858,0.0316691
