-0.160225,1.05737,-0.967141
0.0174566,1.39606,-0.050679
0.00231025,2.40397,-0.103021
-0.0305368,3.41348,-0.0796289
-0.214801,4.40436,-0.181481
-0.102826,5.36063,-0.369344
-0.0923704,6.3912,-0.310822
-0.152928,7.42306,-0.237751
-0.0854335,8.40648,-0.348198
-0.216114,9.3703,-0.479299
-0.127421,10.3671,-0.603613
-0.0842097,11.3509,-0.556514
-0.220267,12.3179,-0.720441
-0.1919,13.3231,-0.674526
-0.182043,14.2515,-1.06754
-0.110556,15.2399,-0.773064
-0.152956,16.1815,-0.375387
-0.258086,17.1505,-0.0999817
-0.114756,18.1523,0.166741
0.0719535,19.0705,-0.0977966
0.0555528,20.066,-0.309571
-0.196286,21.0154,0.0664907
-0.191241,22.0213,0.324143
-0.10914,23.0208,0.401477
-0.145784,23.8941,-0.159963
-0.178704,24.8618,0.136558
-0.0516068,25.9139,0.266677
0.0244118,26.6925,-0.394394
-0.0790918,27.6434,-0.0614582
-0.203485,28.6159,-0.375036
0.719382,1.4732,-0.797205
0.960405,1.77024,0.126719
1.0199,2.7138,-0.25193
0.906937,3.73147,0.0577227
0.824345,4.73522,-0.293915
0.833781,5.67982,-0.70401
0.892868,6.66733,-0.389135
0.798346,7.69951,-0.460042
0.91283,8.69047,-0.456279
0.768291,9.67898,-0.596997
0.74677,10.7147,-0.94644
0.914982,11.5134,-0.403351
0.735426,12.3136,-0.952785
0.725953,13.3346,-1.01627
0.80907,14.3002,-1.21507
0.818677,15.2987,-1.2478
0.856508,16.0879,-0.608344
0.749428,16.9932,-0.149306
0.818983,17.9808,-0.171374
1.06236,18.9561,-0.216288
1.08597,19.9212,0.0147923
0.781417,20.8868,-0.0937559
0.785855,21.8555,0.139949
0.826896,22.8757,0.0149388
0.875182,23.8132,-0.317713
0.866796,24.8309,-0.209738
0.939323,25.6901,0.324259
1.00522,26.6027,-0.0543321
0.919227,27.5975,-0.18475
0.840373,28.5151,-0.539863
1.77837,1.46012,-0.6566
1.96941,2.0449,0.144881
2.05666,2.98021,-0.0991333
1.90271,3.95984,-0.186493
1.81905,4.91536,-0.385311
1.76912,5.94221,-0.485827
1.93231,6.95242,-0.303995
1.82077,7.94769,-0.546141
1.82751,8.8643,-0.168322
1.77824,9.83026,-0.430595
1.82719,10.6175,-0.995892
1.87824,11.5725,-0.689792
1.74422,12.5997,-0.965932
1.72466,13.5632,-1.15484
1.82617,14.4758,-1.47493
1.88763,15.4166,-1.1719
1.8772,16.2027,-0.550166
1.74621,17.1446,-0.386239
1.8108,17.9944,0.127943
2.05856,18.9456,-0.16614
2.14466,19.9353,0.102985
1.8271,20.8987,-0.1099
1.83315,21.8954,0.145454
1.86895,22.9015,0.103531
1.92469,23.8005,-0.267428
1.78926,24.7152,0.136265
1.96735,25.6886,0.29382
2.00167,26.4626,-0.321268
1.99815,27.4385,-0.233665
1.89116,28.4042,-0.494186
2.743,1.38691,-0.28638
2.98641,2.24489,0.222431
3.05861,3.16673,-0.0795892
2.95362,4.15527,-0.22392
2.85938,5.10696,-0.502719
2.79598,6.1234,-0.189834
2.94144,7.13633,-0.185656
2.93427,7.98653,-0.723356
2.86263,8.96352,-0.378173
2.78836,9.97448,-0.601669
2.81217,10.7981,-1.14559
2.87079,11.7192,-0.732572
2.76309,12.6263,-1.12304
2.72456,13.6794,-1.10614
2.84108,14.489,-1.6898
2.86727,15.1616,-0.965096
2.9284,16.078,-0.66603
2.7469,17.1495,-0.524235
2.84178,17.9358,0.09064
3.07194,18.8765,-0.121635
3.06668,19.8464,-0.419239
2.88982,20.8522,-0.24228
2.87165,21.7285,0.267956
2.87869,22.7576,0.0467147
2.9353,23.7002,-0.323746
2.77028,24.7474,-0.123908
2.97278,25.6879,0.12787
3.03203,26.553,-0.38938
2.99834,27.5059,-0.0745933
2.908,28.3888,-0.572918
3.75271,1.6536,-0.111832
3.96453,2.61061,0.206101
3.98889,3.44048,-0.353938
3.8984,4.391,-0.0780175
3.8907,5.34075,-0.519962
3.80594,6.28164,-0.198453
3.9133,7.28349,-0.179748
3.86959,8.21994,-0.497455
3.87269,9.23242,-0.643977
3.76857,10.2114,-0.852959
3.76528,11.1033,-1.30661
3.87862,11.9808,-0.788983
3.76646,12.755,-1.39004
3.73301,13.7761,-1.37526
3.86507,14.7103,-1.81997
3.93103,15.2827,-1.01197
3.93919,16.0113,-0.395654
3.76721,17.0609,-0.351347
3.89766,17.9422,0.0401898
4.0618,18.9271,0.0919858
4.08086,19.713,-0.515912
3.84791,20.6005,-0.0979888
3.85928,21.6174,0.058385
3.88398,22.6508,0.113007
3.92083,23.6559,0.0929136
3.76803,24.6518,0.0969878
4.00924,25.5897,-0.148979
4.06715,26.5042,-0.573601
3.96283,27.4683,-0.334452
3.94032,28.4594,-0.501294
4.80958,1.79578,0.0543046
4.96873,2.8246,0.151189
4.91038,3.76072,-0.166222
4.83232,4.81357,-0.044731
4.86306,5.54946,-0.769301
4.85536,6.48834,-0.424912
4.88151,7.52524,-0.402341
4.82979,8.51487,-0.564837
4.86298,9.50168,-0.483993
4.78862,10.4554,-0.934635
4.78486,11.3486,-1.43716
4.87335,12.2149,-0.883941
4.81904,12.8817,-1.62266
4.72689,13.8651,-1.62514
4.87365,14.6647,-2.11294
4.89953,15.2333,-1.27592
4.92402,16.0918,-0.728617
4.82134,17.0696,-0.426994
4.94168,17.9928,-0.112543
5.00756,18.9645,-0.272311
5.12001,19.9464,-0.473479
4.83829,20.8574,-0.361086
4.88603,21.7376,0.140507
4.94247,22.7018,0.285037
4.9916,23.6956,0.129249
4.73181,24.6009,-0.180285
5.03865,25.5166,-0.0425703
5.02365,26.5237,-0.244349
5.0165,27.5229,-0.234822
4.98989,28.45,-0.571917
5.79887,2.13535,0.159349
5.9838,3.14018,0.216965
5.88333,4.04742,-0.157463
5.82733,5.06975,0.0641011
5.85742,5.77367,-0.644484
5.80918,6.72564,-0.597092
5.8515,7.71491,-0.712107
5.7828,8.74328,-0.821073
5.86948,9.73745,-0.649007
5.77905,10.7117,-0.897089
5.75237,11.6939,-1.29933
5.88581,12.6588,-0.993277
5.79231,13.1701,-1.82093
5.70367,14.1256,-1.53009
5.91458,14.7693,-2.27123
5.92788,15.265,-1.3982
5.96867,16.1579,-0.9086
5.86293,17.0085,-0.34622
5.92933,17.9592,-0.0795068
5.99361,18.9158,-0.454323
6.16851,19.8771,-0.107895
5.77468,20.6918,-0.571221
5.87171,21.6426,-0.149821
5.94318,22.5819,0.200119
5.95247,23.5643,-0.1403
5.74291,24.5648,-0.32682
6.07324,25.4642,0.0427625
6.03374,26.4424,-0.0558977
5.97154,27.4028,-0.462606
6.00752,28.4126,-0.444694
6.78041,2.43599,0.318412
6.95974,3.43634,0.333369
6.88444,4.20897,-0.31102
6.8616,5.20744,-0.00133976
6.91257,6.04132,-0.573125
6.78991,7.01486,-0.721357
6.83192,8.02024,-0.740938
6.75396,9.08772,-0.863979
6.76124,10.1018,-0.953154
6.69032,11.0762,-1.24193
6.71739,12.0981,-1.27417
6.84811,13.064,-1.03883
6.83948,13.3423,-2.00857
6.74961,14.1446,-1.4742
6.97828,14.7847,-2.17261
6.8929,15.4821,-1.44317
6.91196,16.0391,-0.629051
6.87804,17.0184,-0.446257
6.92844,17.8852,0.0702017
6.98077,18.7991,-0.402661
7.16393,19.738,-0.100366
6.81194,20.6378,-0.520911
6.87992,21.5358,-0.0865566
6.95459,22.5801,-0.0531938
7.01953,23.5875,0.0152348
6.76271,24.5384,-0.244618
7.1237,25.4402,0.0487899
7.01101,26.3474,-0.365447
6.96945,27.3045,-0.593915
7.02124,28.2412,-0.253609
7.75722,2.67453,0.280654
8.0312,3.62485,0.237822
7.91534,4.34684,-0.44554
7.85833,5.33402,-0.00892361
7.93836,6.25986,-0.387152
7.84892,7.2399,-0.739033
7.86827,8.2365,-0.664373
7.81784,9.26582,-0.811332
7.77909,10.262,-1.00661
7.77056,11.2025,-1.33965
7.79104,12.183,-1.3572
7.79864,13.2178,-1.46022
7.77254,13.5659,-2.37345
7.81296,14.1543,-1.55117
8.03852,14.6939,-2.38436
7.92566,15.2922,-1.52186
7.92603,15.8973,-0.734602
7.82836,16.8705,-0.764214
7.89084,17.6913,-0.218192
8.03477,18.6321,-0.503702
8.1777,19.6135,-0.3214
7.87148,20.5583,-0.443876
7.88516,21.5478,-0.193677
8.00449,22.6238,-0.149895
8.03357,23.6337,-0.00291452
7.80074,24.5873,0.0211676
8.21116,25.4926,0.100232
7.97398,26.459,0.0774071
8.02113,27.1377,-0.676189
8.06426,28.1295,-0.482733
8.81148,2.8996,0.206101
9.00462,3.89497,0.338044
8.90778,4.53887,-0.423862
8.83853,5.52608,-0.15323
8.94314,6.47778,-0.49208
8.80246,7.51303,-0.518372
8.87157,8.49118,-0.629395
8.80994,9.46994,-0.827021
8.77784,10.4596,-1.13471
8.78227,11.444,-1.2672
8.76886,12.4381,-1.24516
8.82411,13.4441,-1.47584
8.8397,13.6705,-2.48662
8.84276,14.3405,-1.72031
9.04657,14.601,-2.64839
8.90302,15.0249,-1.7705
8.86148,15.8792,-1.13153
8.85715,16.7965,-0.613419
8.97844,17.7214,-0.270794
9.03457,18.6843,-0.44308
9.14154,19.6149,-0.0759178
8.80331,20.5024,-0.151924
8.92035,21.4847,0.00418714
9.03048,22.5423,-0.0540056
9.09004,23.562,-0.158693
8.80802,24.5149,-0.0449202
9.20167,25.3842,0.142686
8.95701,26.3432,0.17228
9.07071,27.0786,-0.581011
9.06533,28.0574,-0.265654
9.79694,3.118,0.24254
9.96699,4.08408,0.517078
9.90856,4.75386,-0.242271
9.88101,5.71556,-0.0111576
9.87176,6.71312,-0.106775
9.77931,7.69326,-0.397931
9.92789,8.65811,-0.580456
9.83613,9.63214,-0.609931
9.81444,10.5007,-1.14263
9.78087,11.4959,-1.2724
9.77013,12.492,-1.2347
9.83655,13.417,-1.55708
9.8636,13.9102,-2.47254
9.92237,14.3248,-1.53238
10.0251,14.3353,-2.56579
9.92886,15.0764,-1.82444
9.8595,15.794,-1.08538
9.90198,16.7529,-0.770208
9.90293,17.7886,-0.61236
10.0159,18.7117,-0.201444
10.18,19.7066,-0.285177
9.7899,20.6302,-0.176351
9.87033,21.534,0.299707
10.0903,22.4719,0.0565081
10.1039,23.4655,0.166399
9.86315,24.4254,-0.0810907
10.1872,25.2201,0.435716
9.92839,26.1174,0.0633015
9.98151,27.1379,-0.0540941
10.0278,28.1279,0.0389386
10.841,2.98173,0.573769
11.0606,3.9645,0.564058
11.0031,4.7015,-0.123789
10.9102,5.73804,-0.145265
10.8642,6.73825,-0.241221
10.7914,7.73098,-0.435957
10.9357,8.71392,-0.443852
10.8653,9.71863,-0.622904
10.8132,10.7236,-0.926139
10.8077,11.5758,-1.43883
10.8247,12.5961,-1.22977
10.8389,13.5674,-1.67775
10.9141,14.0271,-2.55849
10.9704,14.4454,-1.62022
11.095,14.5061,-2.62297
10.9343,15.0646,-1.78896
10.8858,15.8026,-1.12229
10.9238,16.82,-0.93018
10.9715,17.7841,-0.652931
11.0271,18.8074,-0.377557
11.1685,19.7195,0.0133702
10.8344,20.6455,-0.090994
10.9158,21.6305,0.0818964
11.1306,22.5881,0.328266
11.1322,23.6255,0.174276
10.8993,24.4953,-0.265062
11.2023,25.2996,0.240287
10.9397,26.2753,0.0862484
11.0151,27.2465,-0.0690146
11.0413,28.2391,-0.212564
11.8198,3.026,0.726991
12.0254,3.93361,0.350243
12.0096,4.91933,0.0708335
11.9485,5.84715,-0.319269
11.9265,6.84324,-0.30379
11.802,7.79783,-0.568142
11.9401,8.76051,-0.502863
11.8986,9.6977,-0.761943
11.8322,10.6363,-1.11049
11.8616,11.5596,-1.49514
11.876,12.6037,-1.5202
11.7674,13.4297,-2.12098
11.864,14.0415,-2.86482
11.9659,14.2161,-1.85216
12.1424,14.6425,-2.8067
11.9322,15.137,-1.90402
11.8884,15.9273,-1.25498
11.9131,16.9092,-1.09043
11.9782,17.8042,-0.608737
12.0422,18.7699,-0.402469
12.1656,19.7688,-0.281845
11.8286,20.7145,-0.179293
11.9126,21.652,0.218577
12.1533,22.64,0.271191
12.139,23.6238,-0.0268136
11.9106,24.6096,-0.0292703
12.1583,25.3881,0.589651
11.9923,26.2044,-0.00918912
12.0126,27.1876,-6.71407e-05
12.0659,28.1512,-0.416041
12.8935,3.0998,0.667309
13.0562,3.92745,0.135304
13.0138,4.91932,0.221986
12.9901,5.90649,-0.146925
12.9162,6.94379,-0.124046
12.8314,7.73545,-0.713913
12.9506,8.72238,-0.52685
12.8998,9.76699,-0.489837
12.8176,10.7993,-0.830769
12.8395,11.5987,-1.4271
12.9767,12.6029,-1.48773
12.7827,13.4875,-1.88745
12.8556,14.0347,-2.77556
12.9568,14.3086,-1.79327
13.1917,14.8009,-2.63286
12.9849,15.1317,-1.7112
12.8293,16.1247,-1.60063
12.9852,17.0361,-1.19048
12.9913,17.8827,-0.643468
13.1121,18.8414,-0.575607
13.1642,19.8017,-0.253413
12.8242,20.73,0.0133213
12.8708,21.5707,0.609067
13.1489,22.4278,0.225559
13.1119,23.428,0.258858
12.7936,24.3893,0.343919
13.1645,25.3584,0.196323
13.0229,26.3172,0.175604
13.001,27.3131,0.152
13.0943,28.1269,-0.409293
13.7548,3.32802,1.11535
14.0486,3.74358,0.185424
14.0237,4.77477,0.180908
14.0369,5.74929,-0.26751
13.963,6.75472,-0.240672
13.8379,7.71842,-0.57463
13.9915,8.77615,-0.662447
13.8596,9.78469,-0.74499
13.8526,10.7542,-0.896515
13.8776,11.7348,-1.23383
14.0189,12.6326,-1.61144
13.8479,13.6125,-1.85015
13.9454,13.9437,-2.78627
13.9873,14.502,-1.95403
14.1259,15.2425,-2.62398
14.0223,15.2119,-1.60221
13.8129,16.1788,-1.42404
13.9928,17.1715,-1.24073
14.0562,18.0009,-0.626688
14.0751,18.9785,-0.31995
14.1536,19.9709,-0.315806
13.8456,20.8856,0.0840205
13.8954,21.6553,0.699124
14.2094,22.5853,0.282592
14.1231,23.5308,0.00961028
13.8349,24.4329,0.313242
14.079,25.3983,0.585177
14.0514,26.3578,0.326078
14.0036,27.3167,0.0493057
14.1677,28.1763,-0.507523
14.7353,3.24854,0.891061
15.098,3.92207,0.179479
15.0274,4.93441,0.0398816
15.0688,5.95316,-0.0909543
15.0309,6.95297,-0.2914
14.827,7.88654,-0.623853
15.0295,8.87766,-0.678375
14.9203,9.84946,-0.715113
14.9168,10.8828,-0.981912
14.9254,11.7652,-1.43883
15.0503,12.756,-1.49464
14.8738,13.707,-1.84581
14.9497,14.0226,-2.7667
15.051,14.6204,-1.9097
15.1187,15.2458,-2.75416
14.9735,15.4885,-1.76389
14.855,16.4636,-1.53894
15.0282,17.4266,-1.24139
15.0487,17.9625,-0.398972
15.0754,18.9533,-0.240123
15.1351,19.9536,-0.424003
14.861,20.8426,-0.0744865
14.9446,21.6955,0.433479
15.1734,22.6646,0.142174
15.1024,23.6566,-0.0771569
14.8415,24.6101,0.265633
15.1266,25.4747,0.665181
15.0294,26.3361,0.15168
14.9841,27.358,-0.0395367
15.2047,28.1605,-0.563915
15.8158,3.21426,1.02299
16.1067,3.97949,0.370498
16.0586,4.9506,0.140663
16.1453,5.97031,-0.0705222
16.0849,6.99315,0.0291238
15.8412,7.90495,-0.417164
16.0654,8.8783,-0.33856
15.9503,9.79834,-0.70531
15.9154,10.8151,-0.845869
15.9723,11.6639,-1.39489
16.094,12.6276,-1.54258
15.9424,13.5944,-1.68506
15.9703,13.7428,-2.70015
16.0652,14.4581,-1.94416
16.1833,15.0177,-2.76188
16.0286,15.3638,-1.86476
15.9592,16.3453,-1.66138
15.9852,17.3122,-1.44412
16.0457,18.017,-0.661638
16.0854,19.0156,-0.430631
16.1302,20.0409,-0.318799
15.8632,20.8394,0.187927
15.987,21.7727,0.46874
16.1702,22.7012,0.156096
16.171,23.7058,-0.0561632
15.8844,24.6116,0.276278
16.1335,25.5623,0.399863
16.0637,26.5485,0.288726
15.9771,27.4535,-0.149461
16.2518,28.1678,-0.804718
16.8368,2.99202,0.723405
17.1204,3.86269,0.320536
17.1055,4.87104,0.199341
17.138,5.83155,-0.130992
17.0963,6.86612,-0.180917
16.8943,7.8689,-0.244456
17.0747,8.84415,-0.360921
16.9369,9.82101,-0.599487
16.9343,10.7791,-0.860353
17.0461,11.6961,-1.20679
17.1434,12.709,-1.4918
16.988,13.606,-1.86035
17.022,13.7743,-2.8277
17.1248,14.3643,-2.0345
17.2053,15.0591,-2.85286
17.0918,15.2401,-1.84573
16.9673,16.1638,-1.48538
16.9593,17.1706,-1.23927
17.0622,17.9617,-0.671401
17.0945,18.9407,-0.39129
17.0877,19.9295,-0.573565
16.8822,20.6598,0.117435
16.9065,21.7119,0.122321
17.2073,22.6615,0.370837
17.2222,23.582,-0.0331248
16.9126,24.5369,0.332618
17.1422,25.4903,0.505121
17.14,26.5028,0.36097
16.939,27.3398,-0.26007
17.3549,28.1461,-0.680255
17.8783,3.16827,0.707071
18.0883,4.09931,0.491382
18.1108,5.01053,-0.0396252
18.208,5.97266,-0.193405
18.1008,6.98413,-0.102707
17.8316,7.92092,0.0497971
18.0862,8.84479,-0.370995
17.983,9.80199,-0.698767
17.9449,10.807,-0.742122
18.1215,11.7538,-1.03875
18.176,12.7846,-1.40276
18.0325,13.7255,-1.73359
18.1182,13.7734,-2.83955
18.1148,14.5513,-2.20128
18.2262,15.3069,-2.88639
18.1591,15.3538,-1.89483
17.9293,16.2565,-1.61382
18.0139,17.1861,-1.31285
18.1097,18.0488,-0.787591
18.092,19.0281,-0.474776
18.1092,19.9985,-0.708646
17.9008,20.7985,-0.125617
17.9044,21.7189,0.256624
18.212,22.6949,0.335511
18.2135,23.7191,0.155922
17.9053,24.6716,0.30144
18.0077,25.6329,-0.123286
18.1875,26.5641,0.188894
17.9311,27.4891,-0.062978
18.3242,28.2784,-0.525272
18.8518,3.0438,0.993338
19.1475,3.97539,0.623243
19.1,4.76127,-0.0736351
19.2194,5.79639,0.0010651
19.1621,6.8267,0.025074
18.8494,7.77885,-0.176125
19.1288,8.68305,-0.516788
19.0369,9.70645,-0.615845
19.039,10.7352,-0.762157
19.1573,11.6737,-1.13507
19.1795,12.7235,-1.24504
19.0057,13.7549,-1.52148
19.0706,13.85,-2.53233
19.157,14.6251,-1.89102
19.2052,15.1374,-2.80836
19.1238,15.5557,-1.85646
18.8546,16.2035,-1.1615
19.0043,17.2155,-1.15297
19.0885,18.1992,-1.15166
19.0952,19.0439,-0.611185
19.09,20.052,-0.607379
18.8991,21.0253,-0.295129
18.9518,21.8101,0.348881
19.247,22.7684,0.210746
19.1813,23.7424,0.435536
18.8758,24.6378,0.142027
18.9968,25.6462,0.125178
19.1383,26.542,0.536033
18.8227,27.4958,0.469231
19.2779,28.0353,-0.235582
19.8616,2.91954,0.814777
20.1134,3.81912,0.381079
20.1159,4.6517,-0.185354
20.1915,5.58206,0.140986
20.2016,6.59091,-0.0751488
19.9169,7.5838,-0.0624104
20.1504,8.56683,-0.230659
20.096,9.40479,-0.791748
20.0459,10.4522,-0.812033
20.1618,11.4619,-0.908139
20.184,12.4612,-1.04192
19.9361,13.2872,-1.52577
20.0634,13.5163,-2.48139
20.0927,14.3662,-1.84881
20.2148,15.009,-2.58734
20.1531,15.5464,-1.76163
19.873,16.3833,-1.30798
20.056,17.3375,-1.28831
20.1534,18.3439,-1.3804
20.0874,19.2624,-0.967949
20.0694,20.2621,-0.796521
19.9657,20.9439,-0.0638142
20.0172,21.8065,0.441069
20.2507,22.6975,-0.0151494
20.1667,23.7168,0.083459
19.8467,24.5992,0.340181
20.0002,25.5868,0.225025
20.1225,26.5222,0.439033
19.8583,27.5034,0.364061
20.2576,28.0548,-0.425745
20.8458,2.70485,0.711716
21.1272,3.59918,0.311789
21.1545,4.51166,-0.0716422
21.2527,5.44077,0.296619
21.1415,6.34661,-0.103143
20.9283,7.35418,-0.00300913
21.1629,8.32437,0.0369945
21.0694,9.09662,-0.643828
21.0509,10.0772,-0.856926
21.1666,11.1218,-0.996545
21.1434,12.1004,-1.08899
20.8983,12.9506,-1.51194
21.1247,13.3748,-2.40473
21.087,13.9659,-1.59887
21.2179,14.831,-2.16965
21.0843,15.3702,-1.34967
20.887,16.3696,-1.37542
21.0291,17.2527,-0.941997
21.1302,18.2408,-1.03021
21.0771,19.2101,-0.770699
21.1196,20.1964,-0.634462
20.9628,20.8476,0.0896603
20.9847,21.8476,0.122385
21.2257,22.7532,-0.26671
21.1909,23.7395,0.0257271
20.8495,24.5786,0.457817
20.9963,25.4253,-0.118781
21.1432,26.4354,0.0858669
20.9265,27.415,0.401865
21.176,28.3277,0.0724052
21.8305,2.7393,0.821241
22.1083,3.48161,0.241182
22.1052,4.21917,-0.389212
22.1838,5.08985,0.180334
22.0861,6.08416,0.0689413
21.9044,7.02622,0.084994
22.113,8.01909,-0.102805
22.1078,8.93172,-0.497552
22.0501,9.87476,-0.86072
22.1881,10.878,-1.08592
22.1644,11.8731,-1.10981
21.9137,12.7041,-1.51752
22.126,13.2537,-2.30948
22.0773,13.8541,-1.50059
22.21,14.6591,-2.14993
22.1291,15.3168,-1.35964
21.9567,16.3138,-1.31
22.0511,17.3419,-1.10748
22.1299,18.3372,-0.837941
22.0745,19.3642,-0.886728
22.1746,20.3515,-0.579522
21.9541,20.9727,0.166277
21.9764,21.9743,0.341313
22.2829,22.7747,-0.189947
22.1949,23.6428,0.301511
21.8562,24.5879,0.373022
22.0104,25.5361,-0.0738212
22.1846,26.4944,0.00514542
21.9293,27.4314,0.289749
22.2278,28.3018,-0.0997589
22.8964,2.57756,1.13897
23.0524,3.05678,0.247981
23.1858,3.90982,-0.21045
23.1549,4.88372,-0.0943815
23.067,5.82616,0.227274
22.9817,6.84575,0.213288
23.1815,7.7869,-0.120319
23.0658,8.72312,-0.669204
22.9907,9.69851,-0.492917
23.1546,10.6222,-0.797534
23.1892,11.5897,-1.06602
22.9645,12.4598,-1.4749
23.1446,13.1611,-2.16643
23.1013,13.6312,-1.30763
23.1634,14.4277,-1.91472
23.1334,15.3158,-1.40869
22.9123,16.2746,-1.24286
23.0536,17.2267,-0.978506
23.1248,18.2255,-1.0513
23.0784,19.2768,-0.94612
23.1569,20.1041,-0.400525
22.953,20.854,0.199402
22.9728,21.9165,0.0650472
23.3183,22.8252,-0.109824
23.2034,23.7381,0.275027
22.8879,24.6687,0.386212
22.9713,25.696,0.244575
23.2186,26.6208,0.00549028
22.9641,27.5447,0.165923
23.224,28.435,-0.240199
23.865,2.30507,0.94969
24.0848,2.83397,0.134956
24.2278,3.80221,-0.0830439
24.1295,4.85442,-0.155776
24.0753,5.69761,0.419272
24.0472,6.66812,0.167721
24.1768,7.6208,-0.0952391
24.0701,8.50231,-0.523475
24.0804,9.46727,-0.310077
24.1972,10.3407,-0.790051
24.1829,11.3318,-0.906278
23.9621,12.0586,-1.61101
24.1527,12.9961,-1.92832
24.1147,13.7214,-1.24173
24.1366,14.5519,-1.74307
24.1108,15.4372,-1.33505
23.9097,16.4172,-1.37654
24.0582,17.3544,-0.928516
24.0888,18.3275,-0.831678
24.0948,19.3764,-0.905097
24.1766,20.137,-0.232026
23.9378,20.9606,0.301462
24.0094,21.9472,0.178558
24.3283,22.9088,0.0412671
24.1702,23.7999,0.470867
23.9409,24.7423,0.336909
24.0605,25.6718,-0.0410718
24.2569,26.6482,-0.202692
23.9859,27.6286,-0.14821
24.1926,28.6329,-0.169683
24.8596,1.90624,0.797116
25.0778,2.64956,0.15934
25.2006,3.61603,-0.0426954
25.1448,4.65755,-0.160353
25.0761,5.4123,0.492526
25.0838,6.35332,0.16831
25.1803,7.37264,0.0382275
25.054,8.20747,-0.460201
25.0469,9.19446,-0.271786
25.2062,10.0979,-0.721491
25.1894,11.0843,-0.980834
25.0121,11.9254,-1.47565
25.1969,12.8901,-1.8229
25.1736,13.6658,-1.21147
25.2166,14.5904,-1.60292
25.0774,15.4547,-1.14006
24.9357,16.4185,-1.24893
25.0973,17.3615,-1.0713
25.0832,18.3508,-0.849849
25.0996,19.3785,-0.847801
25.2518,20.1061,-0.19263
24.9428,20.9776,0.213303
25.0088,21.985,0.0310709
25.3942,22.9358,0.0910825
25.1592,23.8439,0.458611
24.9418,24.8659,0.329545
25.0776,25.8052,-0.0353679
25.2596,26.7211,-0.396951
25.0055,27.6471,-0.0645253
25.2239,28.6231,-0.125257
25.8516,1.75449,1.09346
26.0254,2.27853,0.213941
26.1571,3.23005,-0.261367
26.1663,4.21807,-0.0149541
26.089,5.08473,0.492364
26.1136,6.04951,0.157372
26.1562,7.05284,0.287838
25.9714,7.91108,-0.137632
26.0149,8.95495,-0.162578
26.1766,9.92335,-0.504578
26.1656,10.7668,-1.08283
26.0247,11.7763,-1.22853
26.1617,12.8073,-1.45841
26.0985,13.5642,-0.809687
26.1949,14.4853,-1.28462
26.0898,15.3633,-0.762459
25.9496,16.2902,-1.17859
26.1558,17.2677,-0.909879
26.0895,18.2652,-1.03258
26.0807,19.1677,-0.543626
26.2651,20.08,-0.156145
25.9389,20.9184,0.279937
26.0379,21.9411,0.268917
26.3774,22.8675,-0.0830226
26.1414,23.8233,0.291095
25.9458,24.7773,0.0719687
26.1229,25.7665,-0.11785
26.2649,26.6992,-0.468328
26.0283,27.6383,-0.140519
26.2572,28.5913,0.0440168
26.9398,1.81803,1.12394
27.0075,2.1007,0.193786
27.1221,2.96451,-0.331834
27.1689,3.94033,-0.0418867
27.0591,4.78268,0.43007
27.0909,5.72575,0.101135
27.1046,6.72367,0.34818
27.0338,7.6943,0.014304
27.0254,8.67495,-0.21988
27.1566,9.70663,-0.245201
27.1561,10.5838,-0.792492
26.9618,11.5706,-0.90987
27.1491,12.4857,-1.2782
27.1613,13.4187,-0.930457
27.1927,14.3647,-1.11395
27.1341,15.3217,-0.994549
26.9872,16.3196,-0.878182
27.11,17.2365,-0.516761
27.0597,18.2119,-0.739375
27.1158,19.0888,-0.277425
27.3534,20.0832,-0.225294
26.9809,20.9234,0.276052
27.036,21.924,0.234834
27.379,22.7477,-0.244273
27.1209,23.7615,-0.170605
26.9794,24.7609,-0.0561754
27.0987,25.7409,-0.274453
27.192,26.7365,-0.0642964
27.0485,27.7311,-0.167461
27.2692,28.6885,0.0837062
28.0222,1.69028,1.11094
27.9347,1.7757,0.0881619
28.1,2.73151,-0.1425
28.1608,3.77525,-0.181555
28.0995,4.5159,0.467736
28.0918,5.46867,0.101175
28.1329,6.4943,0.29479
28.0394,7.46913,0.0960997
28.0269,8.46054,-0.22902
28.1641,9.43612,-0.259249
28.1801,10.3712,-0.647795
28.0046,11.361,-0.718647
28.1442,12.319,-0.979394
28.1651,13.3602,-0.863033
28.074,14.3819,-0.688394
28.1657,15.321,-1.0951
27.9705,16.1432,-0.559004
28.1063,17.1687,-0.40976
28.0875,18.1627,-0.726887
28.1374,19.1164,-0.492364
28.3711,19.9914,-0.136167
27.9764,20.8597,0.211856
28.0629,21.8768,0.252931
28.2171,22.9063,0.271197
28.1053,23.6952,-0.3232
28.0312,24.6788,-0.147661
28.039,25.7252,-0.030491
28.1823,26.7292,-0.157863
28.0554,27.7359,-0.170055
28.2412,28.6237,0.231507
29.0432,1.63972,1.25453
28.9143,1.7238,0.248524
29.1268,2.48968,-0.329829
29.1251,3.4789,-0.230842
29.1432,4.25843,0.441368
29.1514,5.2387,0.22537
29.1505,6.28267,0.184027
29.0371,7.25911,-0.13448
29.0927,8.21729,-0.392108
29.176,9.18722,-0.302524
29.1145,10.1839,-0.188995
28.9558,11.1451,-0.477047
29.1498,12.1217,-0.697989
29.1413,13.1429,-0.61822
29.0248,14.1254,-0.71894
29.1217,15.1606,-0.757173
29.0128,16.1848,-0.51673
29.0742,17.1325,-0.172604
29.1154,18.0395,-0.560161
29.1583,19.0557,-0.478097
29.3835,20.0774,-0.348241
29.0256,20.8118,0.142738
29.0775,21.8349,0.0182989
29.1522,22.8535,-0.0888272
29.1382,23.8459,-0.227781
29.0542,24.8281,0.0014069
29.0369,25.8407,0.142964
29.2125,26.793,-0.140983
29.1111,27.7918,-0.0804498
29.245,28.7007,0.407907
