-0.0528703,0.344163,-0.568426
-0.0102634,1.14282,-0.0145482
-0.0261971,2.05477,-0.393536
-0.0263802,2.97798,-0.0312754
-0.0095645,3.98688,-0.15609
-0.0116214,5.03466,-0.026368
-0.019071,6.0633,0.100299
0.00931425,7.07755,0.160479
-0.0425031,8.07132,-0.176528
-0.0250679,9.04335,-0.481228
-0.0179693,10.0208,-0.121421
-0.0161077,11.0467,-0.266103
-0.0199927,12.009,0.0254494
-0.0081637,13.02,-0.00118717
-0.0197607,13.9929,-0.435209
-0.044908,15.0063,-0.241337
-0.0166875,15.9832,-0.0323496
-0.0299539,17.0173,-0.122864
-0.00575884,18.0225,0.20427
0.0757408,19.0108,0.00343638
-0.0119907,19.9918,-0.196023
-0.052208,21.0163,-0.125391
-0.00550859,22.0471,0.0224769
-0.0218055,23.0487,-0.0341166
-0.0499557,24.0295,0.00409864
-0.00767235,25.0076,-0.204755
-0.0200903,25.9874,0.17828
-0.0129521,26.9523,0.00195929
-0.0294198,27.9323,0.107791
-0.0471145,28.8868,0.314164
0.923231,0.536457,-0.522846
0.919141,1.46498,-0.0242531
0.964006,2.37859,-0.441481
0.99776,3.31877,-0.0202338
0.993475,4.36026,-0.0734519
0.989465,5.40238,-0.0763695
0.975176,6.43471,0.0635029
0.983596,7.4259,0.149001
0.932542,8.47009,-0.0663045
1.00086,9.33805,-0.519306
0.965215,10.2797,-0.121848
0.999179,11.2122,-0.431571
1.01462,12.1859,-0.119977
0.979522,13.2059,-0.267891
0.980486,14.1775,-0.513315
0.948692,15.1364,-0.267769
0.984838,16.176,-0.308652
0.943107,17.1048,0.0928861
1.00873,18.1334,-0.0505417
1.0803,19.1402,0.0661794
0.966185,20.0269,-0.462484
0.972552,20.9929,-0.0264779
1.01194,21.9898,-0.0946593
0.975271,22.958,0.206174
0.959145,23.9847,-0.0120396
0.945076,24.9373,0.115204
0.992233,25.9176,0.277245
0.996741,26.8348,-0.0799585
0.925282,27.8281,-0.166024
1.00198,28.7199,0.302521
1.90551,0.708499,-0.375524
1.8762,1.71766,-0.180685
1.94936,2.71617,-0.484246
1.96366,3.67772,-0.129661
1.96275,4.65631,-0.218702
1.99504,5.63571,-0.235029
1.9753,6.68612,-0.212775
2.01125,7.63247,0.0455245
2.02185,8.64193,0.0166387
1.97236,9.56488,-0.393591
1.93915,10.5759,-0.229594
2.01491,11.5177,-0.575506
2.06372,12.4208,-0.183364
1.98914,13.4228,-0.275005
1.94486,14.2817,-0.869967
2.00767,15.2098,-0.431269
2.02712,16.1886,-0.495254
1.8743,17.1324,-0.316227
2.02896,18.1276,-0.0954131
2.09255,19.1292,0.0481613
2.04527,20.046,-0.422242
1.9721,21,-0.159319
2.00445,22.0172,-0.252324
1.97873,22.9407,0.0546922
1.96088,23.9097,-0.275274
1.96241,24.8621,0.0722465
1.96343,25.8004,0.294244
1.94432,26.7969,0.388
1.95299,27.6874,-0.115638
2.00863,28.6799,0.115427
2.88381,0.897137,-0.376949
2.8467,1.92495,-0.240086
3.00117,2.88052,-0.443184
2.98741,3.8813,-0.0713828
2.95872,4.91419,-0.191159
2.97247,5.93645,-0.181857
2.96754,6.88029,-0.465401
3.06737,7.80445,-0.0272591
3.10763,8.82402,0.0342112
2.99715,9.6234,-0.618973
2.93823,10.658,-0.501755
3.02312,11.5522,-0.946333
3.1477,12.4491,-0.459526
2.98531,13.4615,-0.575213
2.97877,14.3523,-0.994415
2.98716,15.257,-0.539793
3.04067,16.2338,-0.557918
2.91547,17.2111,-0.31388
2.99396,18.055,0.206958
3.03222,18.9457,-0.2348
3.09398,19.9828,-0.279632
2.97074,20.9662,-0.398694
2.96268,21.9788,-0.575124
2.99189,22.8325,-0.0372509
2.93627,23.8143,-0.0336558
2.99355,24.8395,0.0864498
2.9393,25.8376,0.193558
2.90283,26.8442,0.197226
2.94286,27.7202,-0.418943
3.02498,28.6702,-0.0601733
3.89898,1.17934,-0.562532
3.88879,2.10448,-0.129704
3.94525,3.08705,-0.229112
4.02029,4.09162,-0.172466
4.04376,5.11134,-0.161187
3.96706,6.11188,-0.139079
3.98031,7.05599,-0.560091
4.0016,8.06473,-0.256914
4.04541,9.1022,-0.165273
3.94769,9.99424,-0.705216
3.91767,10.9365,-0.438404
4.03233,11.8471,-0.84807
4.01211,12.8461,-0.848717
3.99836,13.8128,-0.541795
3.99992,14.5601,-1.20553
4.01153,15.4334,-0.767495
3.99845,16.3612,-0.350533
3.90165,17.3791,-0.237901
4.03395,18.2428,0.196554
4.03232,19.0463,-0.336494
4.03822,20.0148,-0.606198
3.96737,21.0008,-0.38139
3.92759,22.013,-0.300989
3.94396,22.8661,0.217365
3.94778,23.8959,0.275967
3.90385,24.8567,0.473571
3.93956,25.7752,0.0366619
3.88795,26.7476,0.0657155
3.94702,27.698,-0.334169
4.03337,28.68,-0.253447
4.88716,1.32077,-0.390405
4.88265,2.32651,-0.190814
4.98462,3.33607,-0.425944
5.03056,4.31526,-0.170241
5.07598,5.32913,-0.258843
4.94317,6.33851,-0.253771
4.87064,7.33864,-0.18511
5.02161,8.31507,-0.22993
5.06308,9.33601,-0.121989
4.9918,10.1054,-0.802686
4.9389,11.0814,-0.590265
5.01145,12.0653,-0.783175
4.9488,13.0004,-1.13549
5.00806,13.9477,-0.654823
4.99532,14.5888,-1.40494
5.03148,15.401,-0.789215
4.91876,16.4202,-0.851891
4.89857,17.3737,-0.439811
5.01496,18.3234,-0.186233
4.93667,19.1131,-0.827302
5.09134,20.0378,-0.566668
4.96871,21.0517,-0.338023
4.98195,22.0395,-0.497192
4.96331,22.8242,0.129371
5.03521,23.8664,0.157161
4.83195,24.8188,0.0416944
4.95154,25.8085,0.149361
4.87387,26.8028,0.154753
4.96428,27.7504,-0.16885
5.0931,28.7138,-0.32963
5.90685,1.6097,-0.427985
5.87333,2.61314,-0.282516
5.98488,3.64162,-0.338087
6.01754,4.66331,-0.362557
6.1179,5.62286,-0.150545
5.90936,6.59527,-0.306848
5.83901,7.6072,-0.0207404
5.99733,8.57121,-0.213269
6.06764,9.53584,-0.459236
5.92806,10.4343,-0.877709
5.9291,11.4343,-0.851646
6.05044,12.4161,-0.761782
5.9672,13.1724,-1.38283
6.00676,14.0376,-0.801642
5.99411,14.7862,-1.57331
6.03397,15.4001,-0.813617
5.91502,16.3852,-1.07086
5.87028,17.4123,-0.845863
6.01887,18.1216,-0.148674
5.82287,19.1256,-0.420695
6.05712,20.1473,-0.597705
5.98471,21.1292,-0.532579
6.02907,22.0807,-0.60614
6.00546,22.9531,-0.0594378
6.04336,23.9355,0.183633
5.82673,24.9295,0.111347
5.941,25.8933,0.230976
5.79885,26.7685,-0.209214
6.00852,27.757,-0.163851
6.11459,28.7483,-0.396982
6.82578,2.07763,-0.38233
6.77941,3.05564,-0.210413
6.95268,4.10866,-0.390701
6.89324,5.11535,-0.283511
6.91654,6.15919,-0.0560961
6.7785,7.09642,-0.472512
6.89472,7.96326,0.0201178
6.96378,8.90325,-0.211979
7.07422,9.82724,-0.62537
6.99275,10.7483,-0.846715
6.94832,11.763,-0.782968
6.99051,12.75,-0.938905
6.90355,13.3607,-1.80955
7.0539,14.0094,-1.03415
6.99366,14.6719,-1.76499
7.06754,15.407,-1.05374
6.9739,16.3951,-1.2032
6.90052,17.394,-1.07818
6.95239,18.281,-0.583828
6.83616,19.2788,-0.469738
7.06191,20.2227,-0.698828
7.04036,21.2063,-0.578707
7.03921,22.2171,-0.54521
6.99054,22.9101,0.174764
7.00705,23.9018,0.432591
6.80093,24.8535,0.263906
6.91053,25.8238,-0.042851
6.82594,26.8415,-0.146904
6.9672,27.7923,-0.40448
7.14713,28.7877,-0.32869
7.85198,2.37264,-0.237828
7.78302,3.3662,-0.416999
7.90805,4.39957,-0.430277
7.86564,5.39255,-0.419773
7.96059,6.36761,-0.178332
7.78267,7.33678,-0.252022
7.89017,8.3533,-0.143788
7.874,9.27258,-0.486682
8.00619,10.2007,-0.73744
7.92111,11.2268,-0.827189
7.88457,12.2401,-0.938676
7.92506,13.2558,-1.05779
7.89347,13.5777,-1.97259
8.05807,14.2474,-1.18264
7.96058,14.8413,-2.01619
8.13213,15.3641,-1.16954
7.98677,16.3966,-1.26922
7.83918,17.2457,-0.755562
7.97613,18.2278,-0.703519
7.88634,19.2258,-0.440263
8.06416,20.1938,-0.616602
8.06709,21.1816,-0.280032
8.06584,22.1856,-0.368365
7.99104,22.9477,0.280938
8.01134,23.9046,0.445845
7.80544,24.7587,0.016834
7.90427,25.7837,-0.152965
7.83973,26.8607,-0.138572
7.89267,27.9077,-0.183789
8.147,28.8398,-0.430793
8.85476,2.62153,-0.0800012
8.81612,3.63018,-0.425111
8.91384,4.57846,-0.289496
8.86442,5.64262,-0.374441
8.84979,6.61529,-0.609262
8.8279,7.51763,-0.19675
8.88812,8.50308,-0.315241
8.84986,9.4959,-0.428361
8.90567,10.5706,-0.513938
8.92937,11.5478,-0.879659
8.82983,12.5844,-0.886081
8.94276,13.6054,-1.16034
8.90647,13.7422,-2.14061
9.10896,14.4241,-1.40763
8.96236,14.9266,-2.27754
9.12372,15.2237,-1.30424
8.97235,16.2095,-1.16886
8.8709,17.0583,-0.709476
8.95276,18.0766,-0.714054
8.8869,19.0809,-0.583282
9.06199,20.1176,-0.422288
9.06621,21.1639,-0.437983
9.10049,22.1788,-0.397464
8.99264,23.0931,0.0177587
9.01708,24.0454,0.384722
8.7999,24.8732,-0.117411
8.85735,25.8735,0.0303049
8.88548,26.8548,-0.062801
8.89896,27.8184,-0.412064
9.13177,28.8059,-0.210025
9.91816,2.69077,-0.126978
9.81551,3.73765,-0.142094
9.93652,4.71277,-0.399561
9.89512,5.72801,-0.289456
9.86724,6.72323,-0.387429
9.80677,7.70063,-0.376119
9.85198,8.71202,-0.669158
9.8676,9.71396,-0.474911
9.88764,10.7359,-0.63874
9.96054,11.7316,-0.845256
9.86,12.7447,-1.10972
9.94532,13.7635,-1.20923
9.94232,13.8271,-2.25466
10.1125,14.6375,-1.67012
9.93342,15.1273,-2.52323
10.1525,15.3139,-1.5646
10.0089,16.2317,-1.11188
9.72974,17.1985,-1.23034
9.95679,18.0631,-0.695682
9.89915,19.0525,-0.654201
10.0659,20.0202,-0.401083
10.0787,21.0466,-0.38616
10.093,22.0573,-0.246873
10.0612,23.0538,-0.0380047
10.0861,23.9672,0.416727
9.7988,24.8949,-0.0171941
9.8211,25.8321,-0.305341
9.86951,26.8343,-0.118751
9.87126,27.8823,-0.143907
10.1144,28.8176,-0.298993
10.9001,2.8672,-0.0741295
10.8579,3.83556,-0.188937
10.9271,4.77217,-0.397809
10.9061,5.76855,-0.479904
10.9513,6.73661,-0.303778
10.8646,7.76159,-0.48638
10.92,8.77895,-0.601758
10.8766,9.8719,-0.487826
10.915,10.9056,-0.553716
10.9802,11.8814,-0.830757
10.9121,12.8803,-1.22253
10.9606,13.8771,-1.44463
10.9705,13.936,-2.46509
11.1393,14.7112,-1.77499
11.0091,15.1705,-2.62431
11.1467,15.5261,-1.69901
10.9772,16.2212,-1.01643
10.7286,17.1233,-1.40333
10.9706,17.9768,-0.884939
10.8633,18.8917,-0.47116
11.0794,19.8487,-0.541307
11.0984,20.8752,-0.377007
11.0317,21.8513,0.042616
11.0651,22.8682,0.0637013
11.0794,23.8596,0.203003
10.8195,24.7687,-0.194525
10.8828,25.7457,-0.277044
10.9009,26.7346,-0.366781
10.8964,27.6906,-0.0296304
11.1468,28.6804,-0.333534
11.9709,2.82293,0.054976
11.9089,3.80699,-0.144514
11.9942,4.82245,-0.1832
11.9128,5.83669,-0.526972
11.9107,6.87694,-0.531108
11.9591,7.88349,-0.373956
11.8822,8.94393,-0.42114
11.9111,10.015,-0.474313
11.9498,11.0524,-0.596051
12.052,12.1059,-0.686596
11.9842,12.9401,-1.28336
12.0488,13.9012,-1.55991
11.9946,13.893,-2.64093
12.1759,14.6404,-1.99288
12.0084,15.2574,-2.77245
12.0339,15.0635,-1.76165
11.9591,16.0584,-1.44241
11.7988,17.0682,-1.4003
11.9891,17.922,-0.945561
11.8594,18.8611,-0.703092
12.0455,19.8371,-0.760164
12.1024,20.7839,-0.435707
12.0262,21.7122,-0.108283
12.095,22.719,0.027488
12.0769,23.7376,0.237715
11.8521,24.656,-0.0816218
11.8722,25.6928,-0.0830409
11.8513,26.6536,-0.0942808
11.9112,27.6605,-0.220042
12.1178,28.6109,-0.0573199
13.0028,2.88885,-0.0100345
12.9166,3.90331,0.0015656
13.0479,4.83505,-0.336872
12.967,5.91068,-0.460289
12.9375,6.90887,-0.538337
13.0023,7.9462,-0.407532
12.9763,8.99347,-0.42721
12.904,10.0077,-0.56169
12.9883,10.9791,-0.603296
13.0809,12.0086,-0.563775
13.0288,12.9299,-1.028
13.0611,13.7834,-1.63262
13.0712,13.803,-2.63939
13.1982,14.6289,-2.06073
13.0633,15.318,-2.82755
13.1073,15.2436,-1.77879
12.9279,16.1589,-1.48039
12.7754,17.1413,-1.66049
12.9833,17.8429,-0.999384
12.843,18.8134,-0.945616
12.9853,19.7079,-0.420527
13.1023,20.6851,-0.150185
13.0199,21.6762,-0.215018
13.0784,22.662,-0.0906613
13.085,23.6773,0.08923
12.8914,24.6753,0.13972
12.8447,25.6637,0.181393
12.905,26.6798,0.108151
12.9256,27.6869,-0.099115
13.1332,28.6378,0.0816156
14.0078,3.06093,-0.170513
13.9615,4.05533,-0.113416
14.0521,4.99364,-0.412958
14.0042,6.01452,-0.432832
13.9418,6.99534,-0.612622
14.0984,7.94477,-0.353636
14.0172,8.97398,-0.425095
13.9401,9.98338,-0.610169
13.9974,10.9774,-0.488678
14.0928,12.0141,-0.624342
14.0991,12.8228,-1.21629
14.086,13.7795,-1.5829
14.0572,13.9383,-2.60682
14.213,14.6261,-1.86431
14.0619,14.9616,-2.80584
14.0804,15.5727,-1.96959
13.9222,16.2167,-1.1951
13.7372,17.2316,-1.27475
13.9305,18.1017,-0.84134
13.8424,19.1111,-1.0723
14.0041,19.9628,-0.491003
14.0566,20.7427,0.0881649
14.0031,21.7444,-0.123536
14.0656,22.7252,0.100824
14.084,23.7523,-0.0415265
13.9375,24.699,0.218302
13.8524,25.7152,0.0862728
13.9131,26.6966,-0.0122532
13.9132,27.7008,0.0256661
14.0991,28.6998,0.00610675
15.0001,3.1141,-0.269695
15.0042,4.06409,0.00355235
15.1078,4.98459,-0.337519
15.0183,5.96304,-0.536241
15.0062,6.95385,-0.278445
15.0946,7.97778,-0.462127
15.0508,9.00058,-0.476116
15.0003,10.0125,-0.531407
15.054,11.0349,-0.648845
15.1102,12.0522,-0.764837
15.1598,12.8558,-1.34432
15.0872,13.8678,-1.51132
15.0488,14.1173,-2.47375
15.2197,14.6077,-1.66418
15.0814,14.6491,-2.62912
15.034,15.3623,-1.91536
14.8204,16.3215,-1.73155
14.801,17.2312,-1.20608
14.9044,18.2088,-1.14906
14.9016,19.1759,-0.974755
14.9479,20.1616,-0.710822
14.9975,21.0765,-0.27824
15.0089,22.0642,-0.092169
15.026,23.0466,0.091232
15.0749,24.0005,-0.28558
14.9063,24.7231,0.440889
14.9185,25.6727,0.15562
14.9045,26.6349,-0.136348
14.9305,27.6365,-0.205493
15.0667,28.6284,-0.0668935
16.1006,3.22176,-0.325831
15.9971,4.06559,0.10719
16.1604,5.0664,-0.185766
16.0859,6.00632,-0.602933
16.0826,6.94708,-0.199103
16.1495,7.98984,-0.29097
16.0981,9.00463,-0.439564
16.0539,9.9919,-0.432438
16.0955,11.048,-0.676522
16.1378,12.0603,-1.02666
16.1832,13.0546,-1.3104
16.0778,14.0508,-1.48958
16.0868,14.175,-2.48166
16.2213,14.9047,-1.78632
16.0915,14.8071,-2.77307
16.0126,15.4596,-2.00836
15.8513,16.3947,-1.65607
15.8367,17.2503,-1.10783
15.936,18.2707,-1.05143
15.8427,19.1561,-0.567641
15.945,20.152,-0.485406
15.9957,21.0833,-0.178881
15.9833,22.0795,-0.213736
16.0193,23.0298,0.174474
16.0313,24.0689,0.0740837
15.9481,24.9926,0.50159
15.9141,25.8643,0.0365246
15.9124,26.8487,-0.195904
15.8137,27.7432,0.23914
16.0578,28.6752,-0.104758
17.089,3.02638,-0.0951781
17.0691,3.98739,0.163427
17.1937,4.93644,-0.0980071
17.1481,5.9094,-0.462703
17.1113,6.95577,-0.306195
17.1521,7.93591,-0.573534
17.1447,8.93897,-0.496558
17.0433,9.95149,-0.594919
17.126,10.9499,-0.702844
17.1401,11.9362,-0.91583
17.1685,12.8421,-1.44494
17.0979,13.821,-1.52439
17.1208,14.1485,-2.453
17.2197,14.6151,-1.60642
17.1197,14.7594,-2.61449
17.0401,15.4634,-1.84917
16.8409,16.3599,-1.48072
16.8329,17.3397,-1.25476
16.9117,18.2097,-0.757259
16.847,19.176,-0.397778
16.9339,20.1709,-0.289129
17.017,21.1744,-0.30676
17.0124,22.1674,-0.254213
17.0348,22.9988,0.318268
17.0631,24.033,0.284539
16.9578,25.0104,0.532032
16.9755,25.9785,0.14095
16.9122,26.8424,-0.420234
16.7975,27.8092,-0.0433668
17.08,28.8473,-0.0373852
18.0758,2.80568,-0.339714
18.1267,3.74077,0.0455184
18.1887,4.69537,-0.190811
18.2233,5.75868,-0.31272
18.0812,6.75369,-0.537117
18.1655,7.75709,-0.447996
18.1616,8.78775,-0.529835
18.0426,9.80635,-0.481265
18.1027,10.7924,-0.5992
18.1895,11.7963,-0.93028
18.1863,12.7993,-1.2611
18.1361,13.7839,-1.42034
18.1352,14.0361,-2.38593
18.2589,14.716,-1.58883
18.1565,14.6938,-2.58933
18.1164,15.4768,-1.90801
17.8901,16.3065,-1.33522
17.8163,17.2992,-1.02837
17.9787,18.1994,-0.599402
17.8935,19.1483,-0.340593
17.9214,20.1389,0.00103153
18.0676,21.0941,-0.314707
18.0454,22.1237,-0.34507
18.0433,23.002,0.189282
18.0934,23.9765,0.539976
18.0369,24.9813,0.522932
18.0059,25.7855,-0.110819
17.8775,26.7817,-0.226984
17.8176,27.7565,0.0899014
17.9733,28.7114,0.419892
19.0714,2.79647,-0.669674
19.1432,3.59946,-0.0736351
19.1987,4.62281,-0.0455977
19.2042,5.64746,-0.0963591
19.1525,6.60748,-0.341304
19.1799,7.62574,-0.461476
19.1578,8.60995,-0.583935
19.0522,9.59796,-0.631474
19.104,10.6726,-0.818784
19.2031,11.7257,-0.895816
19.2177,12.782,-1.10009
19.1367,13.7784,-1.18013
19.0864,13.7785,-2.18063
19.2108,14.5261,-1.52592
19.1691,14.8454,-2.4614
19.1201,15.4178,-1.59692
18.9125,16.3469,-1.23173
18.8006,17.2381,-0.778634
19.0438,18.2742,-0.597205
18.9344,19.2083,-0.290814
18.9651,20.2229,-0.119538
19.0463,21.2509,-0.295065
19.0716,22.2307,-0.464199
19.0441,23.1808,-0.0116977
19.0841,24.0632,0.423844
19.0348,25.0546,0.362441
19.0564,25.8624,-0.263363
18.9495,26.8543,-0.477725
18.8919,27.7531,-0.0235054
19.0588,28.6433,0.430198
20.0108,2.39184,-0.352174
20.0894,3.33152,0.211936
20.2198,4.31191,-0.0871242
20.182,5.33724,-0.32205
20.174,6.33074,-0.282815
20.1482,7.30034,-0.570794
20.1726,8.32219,-0.495196
20.0785,9.33606,-0.563726
20.0595,10.3261,-0.727555
20.2568,11.3634,-0.749605
20.1499,12.3068,-1.09991
20.0736,13.3277,-1.05357
20.0661,13.584,-2.04375
20.172,14.3691,-1.42622
20.2351,14.8913,-2.27403
20.1522,15.5931,-1.57827
19.9615,16.5023,-1.15585
19.8444,17.4125,-0.688684
20.0234,18.3307,-0.939409
19.9417,19.035,-0.209101
19.9864,20.0755,-0.0197302
20.0068,21.0638,-0.169979
20.0929,22.0767,-0.232066
20.0509,23.0917,-0.246498
20.1203,23.9398,0.357802
19.9999,24.8451,-0.0140294
20.0669,25.8967,-0.110544
19.9422,26.7399,-0.608145
19.9165,27.7296,-0.381988
20.0677,28.5455,0.217011
21.0515,2.06144,-0.358748
21.0302,3.00499,-0.0184729
21.2051,3.99509,-0.283938
21.167,5.04558,-0.208496
21.173,6.05702,-0.3596
21.0725,7.09771,-0.230045
21.1524,8.08616,-0.189941
21.0145,8.89688,-0.730943
20.9898,9.88302,-0.558318
21.0984,10.922,-0.479254
20.9982,11.9188,-0.599597
21.003,12.8985,-0.846879
21.0391,13.2288,-1.84193
21.0863,13.9971,-1.19104
21.2041,14.7426,-1.87646
21.1197,15.6345,-1.43088
21.0338,16.5558,-1.02477
20.8473,17.2797,-0.395459
21.0527,18.2363,-0.792004
20.9002,19.1256,-0.38478
20.9739,20.1294,-0.151958
21.0072,21.1138,-0.229847
21.1447,22.0775,-0.299499
21.057,23.0235,-0.0313334
21.118,23.8708,0.51453
21.072,24.6345,-0.12505
21.0461,25.6285,-0.216895
20.9057,26.6203,-0.275063
20.9829,27.6691,-0.398352
21.1023,28.5808,0.0805872
21.9967,1.67774,-0.23625
21.9831,2.73743,-0.171615
22.1314,3.69807,-0.570724
22.0983,4.68469,-0.497278
22.0771,5.66479,-0.245
22.0521,6.68665,-0.237935
22.1056,7.75231,-0.153011
22.0197,8.70739,-0.553011
21.9934,9.68785,-0.413504
22.105,10.6542,-0.732212
22.0192,11.6578,-0.526627
22.0529,12.6341,-0.754909
22.0108,12.8632,-1.72449
22.0579,13.7124,-1.17707
22.1776,14.597,-1.66016
22.0859,15.3854,-1.11027
21.9688,16.2633,-0.633009
21.8475,17.1281,-0.186624
21.9383,18.1597,-0.314039
21.9173,19.1681,-0.142708
21.9833,20.1771,0.0674886
21.9701,21.043,-0.454762
22.1404,22.014,-0.279955
22.0712,22.991,-0.206107
22.115,23.6896,0.494128
22.0207,24.6614,0.148552
22.0286,25.6595,-0.0184301
21.9064,26.6285,-0.21012
22.0163,27.61,-0.351473
22.1038,28.4818,0.136894
23.0847,1.52632,-0.0843867
22.9807,2.52735,-0.240986
23.165,3.48878,-0.491781
23.068,4.44528,-0.173867
23.0744,5.43434,-0.404245
23.0522,6.43643,-0.322019
23.1021,7.4861,-0.282534
23.057,8.38755,-0.666332
22.9702,9.33988,-0.429752
23.0771,10.3442,-0.643785
22.9833,11.3198,-0.39433
23.0469,12.2813,-0.64142
22.9813,12.7568,-1.54608
23.0073,13.6584,-1.1174
23.1895,14.6103,-1.456
23.0533,15.2725,-0.73054
23.0058,16.2806,-0.768422
22.8715,17.1686,-0.339561
22.9629,18.1503,-0.186224
22.9163,19.1491,0.0987335
23.0343,20.137,0.0244697
23.0427,21.0371,-0.388467
23.1551,22.0483,-0.181179
23.0508,23.0024,0.186276
23.0933,23.9299,0.63245
23.0567,24.7779,0.0968963
23.0221,25.8343,-0.0635823
22.9554,26.8266,-0.266427
22.9805,27.8194,-0.388553
23.0797,28.5622,0.285452
24.1095,1.47696,-0.234626
24.0301,2.47282,-0.446565
24.2265,3.40826,-0.727805
24.0519,4.14747,-0.0264565
24.0613,5.11951,-0.369008
24.0513,6.12899,-0.262734
24.144,7.11964,-0.352556
23.9863,8.12087,-0.328925
24.0037,9.18236,-0.270342
24.0994,10.1266,-0.57134
24.0345,11.1646,-0.533088
23.98,12.138,-0.37741
24.0388,12.6154,-1.2521
24.029,13.6321,-0.944841
24.1739,14.4882,-1.45976
24.0503,15.1869,-0.674545
24.0176,16.2306,-0.705838
23.8681,17.2506,-0.605008
23.9554,18.1742,-0.211783
23.9264,19.1653,-0.0384106
24.0377,20.1529,-0.092291
24.0298,21.027,-0.584539
24.1324,21.9143,-0.0632496
24.0422,22.9049,0.0411115
24.1123,23.8486,0.442097
24.0749,24.7483,-0.0889065
24.0317,25.7504,0.0228401
24.0114,26.7799,-0.225761
24.0135,27.753,-0.445003
24.0941,28.4485,0.300748
25.0967,1.26104,-0.414664
25.0421,2.23659,-0.353829
25.216,3.2081,-0.522028
25.0432,3.98825,0.157036
25.0889,4.94639,-0.22139
25.0238,5.92312,-0.156136
25.1694,6.9291,-0.177798
24.9453,7.87202,-0.34218
24.9893,8.86482,-0.247945
25.0923,9.85469,-0.448137
25.0131,10.8387,-0.261428
24.992,11.8336,-0.190588
24.9803,12.3895,-1.03048
25.0568,13.3933,-0.893774
25.0834,14.3835,-1.0103
25.0514,15.2924,-0.550151
25.0128,16.2936,-0.755882
24.9084,17.2759,-0.569753
24.9727,18.1406,-0.0661489
24.9186,19.1298,-0.226798
24.9711,20.1132,-0.449242
25.016,21.1047,-0.268258
25.076,22.0211,0.122086
25.0203,22.978,-0.304517
25.0379,23.9257,0.0693686
25.1055,24.8914,0.0318094
24.9971,25.9226,-0.043437
25.0266,26.9382,-0.258473
24.9921,27.9439,-0.320893
25.0968,28.5774,0.43723
26.049,1.06606,-0.0431196
26.0861,2.04118,-0.361885
26.2176,2.9729,-0.65508
25.9982,3.75106,-0.0267006
26.0474,4.69795,-0.324982
25.9493,5.69719,0.0572375
26.1327,6.66712,-0.326261
25.9543,7.66518,-0.294296
26.0167,8.66811,-0.31041
26.0855,9.65758,-0.400711
26.0079,10.6238,-0.0284402
25.9433,11.6408,0.0364483
25.995,12.3329,-0.677868
26.1098,13.3622,-0.589169
26.1565,14.4065,-0.792553
26.0141,15.2061,-0.249184
26.0557,16.1671,-0.574279
25.9418,17.185,-0.544755
25.96,18.068,-0.0964385
25.9484,19.0706,-0.367602
26.0185,20.0952,-0.337202
26.0485,21.1371,-0.473373
26.0429,22.0403,-0.0819391
26.0793,22.9222,-0.451631
26.0652,23.7692,0.0495437
26.1095,24.7887,0.0563799
25.9579,25.7589,0.12375
26.0046,26.7429,-0.0666402
25.9648,27.7599,-0.253432
25.9909,28.7602,-0.0278909
27.024,0.717957,0.0416547
27.0965,1.78625,-0.0816675
27.1816,2.70783,-0.544954
27.0153,3.52951,0.00381787
27.06,4.56384,-0.140407
26.9437,5.57707,-0.05103
27.1581,6.5447,-0.149095
26.8857,7.4329,0.148997
27.0149,8.37015,-0.234407
27.0868,9.3212,-0.484359
26.964,10.2883,-0.210517
26.8969,11.2798,-0.130638
26.9972,12.2684,-0.390124
27.0108,13.242,-0.156056
27.0717,14.1992,-0.435276
27.0023,15.1676,-0.204782
27.07,16.0432,-0.748875
26.9222,16.9344,-0.293982
27.0233,17.9573,-0.226096
27.0012,18.9078,-0.475881
27.0221,19.9625,-0.410648
27.0324,20.9908,-0.4729
27.0621,22.0119,-0.235011
27.0527,22.9835,-0.65009
27.0927,23.7829,-0.00934172
27.1018,24.773,0.0133976
27.0133,25.7527,0.273492
27.0808,26.7943,0.110715
26.9597,27.7982,-0.0766442
27.0459,28.8154,-0.0720542
27.9824,0.427888,0.154991
28.0934,1.37793,-0.207547
28.1777,2.35769,-0.439482
28.0378,3.22735,0.0623707
28.0227,4.22395,-0.0540666
27.9648,5.23749,0.131266
28.0789,6.216,-0.0325053
27.9344,7.18722,0.0475723
28.046,8.1822,-0.122822
28.0867,9.17685,-0.254677
28.0089,10.1898,-0.290335
27.9642,11.1473,-0.0569628
28.027,12.1511,-0.245537
27.9946,13.1617,-0.261504
28.0582,14.1169,-0.0673513
27.9529,15.1171,0.0674276
28.0787,15.9875,-0.485101
27.9676,16.9263,-0.132966
27.9986,17.9422,-0.0138554
27.9791,19.0143,-0.209922
28.059,20.0473,-0.277435
28.005,21.0492,-0.200409
28.0262,22.032,0.111551
28.0119,22.988,-0.240696
28.0795,23.9564,-0.0927793
28.0731,24.8827,0.257176
27.9981,25.8706,0.112412
28.054,26.87,-0.0153081
28.0043,27.8868,-0.0700705
28.0573,28.8344,0.255983
28.9741,0.179134,0.102557
29.027,1.09469,-0.263723
29.0781,2.0593,-0.0742698
29.0284,3.10765,0.106992
29.0393,4.07558,0.0672628
28.9913,5.05059,0.273214
29.0926,6.07071,0.0739647
29.0108,7.06062,0.0850795
29.019,8.05246,0.106775
29.085,9.04691,-0.0999481
29.0283,10.0891,-0.0572466
29.0145,11.0577,0.158843
29.01,11.9985,-0.167995
29.0127,12.9764,0.00102847
29.0926,14.0057,0.118845
29.0061,15.0104,0.0230628
28.916,15.9812,0.167708
29.0238,16.9272,-0.0824366
29.0212,17.9272,-0.0023957
29.0237,18.9328,0.0134312
29.0165,19.9549,0.0127934
29.0235,20.9584,-0.0480422
29.032,21.9427,0.0540056
29.0172,22.9552,0.0810663
29.0248,23.9885,0.198306
29.0343,24.9616,-0.0797082
29.003,25.9703,-0.00591754
29.1062,27.0093,-0.111463
29.0122,28.0029,0.0810266
29.0523,28.9781,-0.0634632
