19.1823,-6.13079,-8.255
-0.230808,-14.6656,2.33097
-5.9645,2.23404,-7.96154
14.9521,-9.13172,8.28695
4.75888,-5.62186,-12.8901
-5.74772,-17.9954,-1.52358
10.4894,-1.12958,11.2878
12.8796,1.71215,5.95532
-9.12562,10.5556,5.43919
-5.84618,11.078,2.6057
11.4152,-5.51049,-5.81898
4.4222,-7.90421,-2.2773
1.08715,-2.58038,-3.46106
7.65614,-6.10647,1.32558
3.92871,-6.35239,-4.46156
-0.0436323,-9.35072,0.800797
4.37151,-2.91684,5.69745
4.74196,3.65083,5.76428
-1.86771,8.54684,5.08157
-2.15434,11.9038,0.164922
9.3326,-0.582568,-6.94385
6.25862,-2.51143,-4.58348
4.30873,-1.20767,-2.98263
5.54534,-2.59023,-0.334654
2.95448,-3.01068,-0.59321
0.95085,-2.87637,2.81541
1.53526,1.78272,5.83779
0.611518,7.09539,7.49837
-2.38624,12.035,8.70312
-4.74611,16.2796,8.03811
9.23751,4.69832,-9.12152
7.14833,2.48887,-6.35225
5.47516,2.1034,-3.48032
4.54632,1.09898,-0.53668
2.56837,0.986264,1.66164
1.02783,2.33197,4.76388
0.216923,6.41455,7.5597
-1.38719,11.1781,10.0857
-4.11417,16.2864,12.5985
-7.78265,21.6008,15.3924
9.85514,10.1765,-12.0431
7.7918,7.21078,-7.70476
6.0006,5.61022,-3.65839
4.34864,4.59949,0.00557268
2.57532,4.70008,3.24887
1.10266,6.57379,6.44602
-0.0160039,10.1912,9.49909
-1.35601,14.7001,12.6887
-4.04613,19.5108,16.9391
-12.1813,28.3289,22.6802
11.4736,15.8378,-16.5368
7.5015,10.7311,-6.19585
5.77935,7.63697,-1.1562
4.10699,6.99289,2.3758
2.69438,7.7138,5.02022
2.22958,9.31846,7.15726
2.31896,11.591,8.89478
2.72339,13.6389,10.6906
4.05405,11.4392,12.2117
10.1028,1.76298,8.84707
-3.18777,21.6968,-2.00526
3.23042,6.50477,3.6059
4.5732,4.81705,4.07871
3.07492,7.62991,6.0285
2.09261,10.1356,7.50133
2.87542,11.9178,8.08341
4.47872,13.1374,8.3425
6.69659,13.9721,8.44147
10.3548,13.4574,8.24645
16.8114,14.1081,8.51548
11.5751,-26.5103,21.498
7.29372,-9.16356,12.2833
4.13493,0.883322,8.62138
1.54543,8.81806,9.72634
1.22495,13.1272,10.2413
3.41415,14.5014,9.23168
6.25951,14.9147,7.79044
9.54194,15.1417,5.80433
13.4425,15.8121,2.73522
17.5816,17.7889,-3.01465
-3.26288,1.43221,-2.07525
8.15024,-4.08617,6.6008
1.34759,7.7669,3.78451
-1.32109,16.3502,11.592
0.0368267,17.6404,12.5224
2.63509,17.171,10.8528
5.73177,16.7418,9.28896
9.10602,16.2857,7.66077
12.6668,15.8675,6.18674
16.4661,15.2876,6.60414
8.71968,-6.62106,5.85978
20.55,-14.8827,13.077
-4.43045,16.2386,-6.3778
-4.67739,26.6545,19.0975
-1.92913,21.9075,15.4834
1.27913,19.6091,12.8173
4.42255,18.2617,10.8437
7.55648,17.3113,9.19383
10.6689,16.5191,7.84963
13.5819,15.9354,7.09906
