19.416,13.9585,-2.96987
-3.87244,21.043,12.3258
-7.40021,15.0517,-12.0537
11.5312,-27.1088,17.2867
-3.15636,6.35754,-16.5936
-7.29084,-24.758,-13.711
23.396,-19.7905,4.3833
1.51158,-6.27947,6.0666
-4.66438,10.0231,6.73199
8.12725,15.5336,4.38399
9.34498,12.1358,-1.41951
0.741142,12.5072,3.55207
-0.603333,3.05802,-1.80441
5.13413,-11.8476,5.57674
0.866738,-4.45865,-6.18918
0.976577,-15.0231,-6.31607
11.4388,-11.6153,1.02066
8.05594,-0.388821,3.69327
8.89737,11.8369,4.26304
20.8741,21.1128,2.04778
5.42112,8.43483,-6.90979
2.46349,7.3805,-2.39497
2.6891,1.08061,-1.21896
3.76363,-5.17456,1.45122
2.60128,-4.26059,-2.13697
3.35352,-7.5272,-1.59657
7.07019,-2.88618,2.56151
5.93888,5.62849,5.43221
5.44676,14.2808,7.80352
8.11585,21.9297,8.75482
3.44432,5.44813,-13.9241
2.60976,5.10655,-8.74225
2.67747,2.1384,-5.24096
3.15036,-0.937117,-1.92025
2.81323,-0.533943,-0.732002
3.52943,-0.957759,1.58749
4.21767,3.96501,4.93681
2.54453,10.8823,8.14061
-0.0360698,18.2197,11.624
-3.93819,25.2034,15.9692
1.92113,3.0263,-21.9678
2.11278,3.71572,-14.624
2.10906,3.26625,-8.86972
2.29754,2.7737,-3.91064
2.70508,3.34713,0.0533799
3.14224,4.57771,3.59516
2.48302,9.3347,6.83527
0.285669,15.5819,10.1621
-4.60232,22.1628,14.4209
-15.9404,30.1839,24.0377
0.654353,0.79162,-31.7196
-0.760018,3.1925,-14.9066
0.133552,4.29444,-6.91345
1.1508,5.81626,-1.82824
2.54237,6.89768,1.72209
4.11596,7.97054,4.29167
5.33456,10.6833,6.02997
5.85248,13.8611,7.24067
5.74509,15.4559,5.26604
11.4787,8.56431,-3.91984
-12.34,19.947,3.58845
-2.86213,5.41482,1.42279
0.593466,4.92377,0.29685
0.717493,8.09204,2.85852
2.69422,9.8972,4.76937
5.57664,10.4757,5.71294
8.5727,11.483,5.85051
11.7946,12.6169,4.88986
16.3999,13.1036,0.89411
24.5855,13.8729,-7.62536
4.56731,-22.7188,27.3656
3.95509,-6.69883,12.934
1.93483,4.17949,7.02333
0.0112796,11.1123,7.54798
2.55537,13.0569,8.04705
6.65692,12.6832,7.75613
11.2217,11.7664,7.03477
16.2016,10.4396,6.33753
22.3042,8.03826,5.93238
30.5478,2.7752,9.53853
-7.23929,10.122,-1.23497
12.8877,1.34074,3.32542
0.713282,14.4369,2.32379
-2.52733,17.9299,10.3356
0.805857,16.7222,10.9888
4.91293,15.1767,9.86184
9.22359,13.615,8.78054
13.6,11.977,7.70526
17.8375,10.3119,6.81549
20.1453,10.7058,6.03319
14.9488,0.79111,1.068
37.1115,-8.58862,4.04862
-10.3588,29.3498,-2.21804
-6.78471,23.9456,17.8989
-2.06779,20.1568,14.3335
2.49283,17.5006,11.9709
6.90196,15.3844,10.22
11.0277,13.5395,8.78886
14.7095,12.0387,7.60735
17.3647,11.4289,6.69519
