1.81543,0.344639,3.91979
-0.388708,-7.07429,-0.355028
-1.81556,7.32716,-5.70531
11.324,-0.588269,7.01756
8.99017,2.98382,-0.110627
-2.96598,7.40424,-4.58668
6.18082,12.4198,0.606946
4.16742,11.0679,-10.7334
16.2554,11.0573,-2.14712
6.21086,8.88408,0.331397
1.43082,-0.600378,1.61495
0.699274,-1.8518,-0.382595
1.58112,3.24947,-1.27786
6.45775,1.67818,2.68862
5.10523,4.16087,-0.216022
1.60314,6.7274,-2.21971
4.14246,9.73765,-1.55551
4.63115,10.0293,-5.01783
6.00546,9.00248,-0.240303
-3.97374,6.68043,2.6694
2.47976,0.119718,0.888827
1.87797,0.0822352,-0.0231147
2.87811,1.96729,0.0356365
4.68082,2.5866,1.20651
3.91162,4.40349,0.167797
3.14474,6.27332,-0.818372
3.52937,8.16972,-1.07927
3.663,9.44759,-1.95158
2.72806,8.88805,0.55006
-0.467013,8.22204,1.9383
3.171,1.21082,-0.0961821
3.08754,0.993869,0.681634
3.82295,2.23966,0.864122
4.09979,3.65237,0.916865
3.91067,5.15929,0.771227
3.78357,6.59956,0.38041
3.63428,8.0398,0.350499
3.21991,9.50441,0.385171
2.09071,9.90827,2.1032
-0.012946,10.3198,2.88986
3.79404,2.59137,-0.346693
4.40643,1.51239,0.656722
4.90998,2.09582,1.65015
4.96528,3.52135,1.71827
4.71545,4.986,1.54656
4.54444,6.45063,1.49581
4.35659,7.93197,1.54339
4.04079,9.30366,2.17238
3.02081,10.3252,3.66612
-1.42924,12.1023,4.07952
4.25546,4.15797,-1.06827
5.77743,1.00027,1.30035
5.89765,1.19327,2.44808
5.78428,2.71572,2.34754
5.54406,4.30732,2.2685
5.46202,5.89701,2.08276
5.53023,7.34888,2.05639
5.95515,8.69048,2.52255
7.40979,8.61366,3.61635
11.1262,5.98501,5.27547
8.96677,-5.44529,6.41237
7.37334,-2.08031,3.93095
6.75696,-0.109027,3.29695
6.46814,1.70221,2.96438
6.43409,3.52929,2.74277
6.3951,5.26343,2.43365
6.62096,6.95268,2.07614
7.24971,8.50348,1.57161
8.31182,9.72688,0.360424
9.33003,12.993,-2.56817
7.09876,-5.80713,3.82237
8.14308,-2.60344,4.46635
7.58196,-0.270186,3.12145
7.51805,1.66467,3.65024
7.33416,3.25651,3.7021
7.03704,4.66402,3.25734
7.02535,5.99817,2.77269
7.166,7.21052,2.34957
7.76882,6.28833,1.41762
8.28765,2.73637,-0.891513
5.06565,-1.86283,8.40435
10.2021,-0.823145,6.486
7.09419,1.19001,1.36368
8.00519,3.1822,4.27445
7.91988,4.07138,4.83715
7.60189,4.94047,4.23784
7.42621,5.89699,3.85701
6.96974,6.90744,3.75275
6.53235,6.63572,4.85021
5.17933,6.49,8.2779
10.6772,-1.61781,9.05115
16.5459,-1.48127,9.9703
4.04872,2.19563,-4.60954
9.56428,5.32878,7.28165
8.57977,4.81118,6.11131
8.3897,5.05098,5.06196
8.00323,6.02796,4.78026
7.33891,6.79373,4.90846
6.77364,6.83287,5.95055
6.22211,7.01349,7.09395
