-0.056621,0.332575,-0.581399
-0.0102634,1.14282,-0.0145482
-0.0268654,2.06007,-0.348622
-0.0309153,3.02564,-0.0979766
-0.0151402,4.0563,-0.0810419
-0.0144475,5.07209,-0.0277902
-0.019071,6.0633,0.100299
0.00399792,7.09339,0.040376
-0.0489669,8.11243,-0.198343
-0.0325022,9.07843,-0.367577
-0.0209754,10.0397,-0.0503586
-0.0199988,11.0514,-0.237748
-0.0224403,12.0163,0.0815668
-0.00855129,13.0137,-0.109238
-0.0197607,13.9929,-0.435209
-0.0480422,15.0204,-0.271535
-0.0248238,16.0254,-0.139561
-0.0305918,17.0552,-0.140501
-0.00575884,18.0225,0.20427
0.0706076,19.0182,0.0987823
-0.0119907,19.9918,-0.196023
-0.052208,21.0163,-0.125391
-0.00943022,22.0105,0.0584857
-0.0273507,23.0166,0.0139653
-0.0546892,24.0166,0.0117862
-0.0109134,25.0084,-0.152544
-0.023896,25.9403,0.237275
0.0525498,26.9111,-0.014713
-0.0364696,27.907,0.0964202
-0.0583514,28.8572,0.269234
0.893933,0.72436,-0.659056
1.00922,1.46724,0.0648976
0.937617,2.40849,-0.101599
0.947969,3.37719,0.000350963
0.981951,4.35951,-0.0169866
0.961779,5.33333,0.0998993
0.957112,6.32212,0.0315836
1.03715,7.33928,0.139509
0.976305,8.22158,-0.282076
0.988449,9.2545,-0.34695
1.00273,10.1995,-0.0351299
0.972103,11.1677,-0.323218
0.92736,12.1851,-0.300198
0.912635,13.2446,-0.332453
0.98226,14.168,-0.700006
0.889087,15.1873,-0.572005
0.959584,16.1712,-0.182815
1.02106,17.1622,-0.00350352
0.918506,18.1649,-0.0508957
1.04601,19.1438,-0.00944548
0.948137,20.071,-0.395306
0.931709,20.9971,0.15118
1.03334,22.0147,0.0526627
0.926203,23.0037,0.274535
1.00006,23.9157,-0.052382
0.983544,24.9225,0.10687
0.969808,25.9255,0.130873
1.01888,26.8952,-0.101767
0.97506,27.847,0.31149
0.95092,28.8293,0.131901
1.93096,1.02472,-0.622471
2.00933,1.71183,0.11648
1.90155,2.63632,-0.276937
1.97551,3.61614,-0.11095
1.95711,4.61186,-0.0811121
1.90874,5.55177,0.183502
1.94621,6.5582,0.0959441
2.0327,7.54604,-0.0531022
1.9991,8.5164,-0.228712
1.94174,9.57517,-0.2082
2.02709,10.5028,0.151329
2.00976,11.3739,-0.453496
2.02228,12.3416,-0.219089
1.8914,13.3076,-0.27803
2.06101,14.144,-0.820472
1.90398,15.1131,-0.634193
1.94006,16.0986,-0.403137
1.98815,17.0869,-0.358702
1.91231,18.0003,0.0826594
2.02543,19.0296,-0.0925077
1.95077,20.0086,-0.213047
1.88449,21.0399,-0.259493
2.08357,21.9932,0.00302744
1.88065,23.0303,-0.00468459
1.96278,24.0649,0.178085
2.04003,25.052,0.0651845
1.97169,25.9973,0.148955
1.9472,26.9737,0.21756
1.92118,27.9188,-0.0986816
1.81063,28.8519,-0.403607
2.94317,1.13385,-0.639863
3.00555,1.95507,-0.0505722
2.89965,2.93447,-0.349718
2.9317,3.93252,-0.173251
2.87838,4.91401,0.138713
2.86204,5.86668,0.0498856
2.97373,6.8317,-0.0782678
3.01273,7.83336,-0.0472793
2.94923,8.83647,-0.123307
2.97423,9.8209,-0.275521
3.03558,10.833,-0.0391552
2.99197,11.4721,-0.752666
3.04884,12.4862,-0.583831
2.95108,13.5079,-0.229533
3.04592,14.3302,-0.809046
2.87966,15.2633,-0.586883
2.96068,16.2604,-0.646922
2.96673,17.2439,-0.501175
2.94313,18.1397,-0.00675375
3.06998,19.1239,-0.0367534
2.9436,20.1192,-0.176128
2.91129,21.1153,-0.2326
2.96813,22.1287,-0.462142
2.90563,22.9786,0.0625507
2.99554,23.9574,0.323084
3.03486,24.8962,-0.0735038
2.96344,25.8946,0.129579
2.96421,26.9295,0.154747
2.8212,27.7565,-0.402258
2.79977,28.7772,-0.61431
3.93302,1.38115,-0.487579
3.99712,2.25133,0.0311838
3.96085,3.16212,-0.370882
3.98582,4.13051,0.0158635
3.88201,5.08426,0.180181
3.83335,6.09955,0.118686
3.99469,7.09077,0.0492935
4.02716,8.03006,-0.295215
3.9618,9.09916,-0.271801
4.0083,10.0905,-0.381741
4.01101,11.1254,-0.221015
3.96261,11.7634,-0.98786
4.04201,12.7619,-0.941969
3.8806,13.6512,-0.590405
3.99421,14.4513,-1.1662
3.85186,15.3867,-0.871932
3.89623,16.3937,-0.943178
3.93957,17.3893,-0.777691
4.00816,18.1741,-0.12729
3.97834,19.1004,-0.554476
3.97667,20.0705,-0.265404
3.95391,21.0569,-0.0811365
4.00935,21.9886,-0.447322
3.98272,22.8545,0.103107
3.92895,23.8323,0.000909452
4.07104,24.8453,0.0760186
3.97501,25.8236,0.102747
3.98786,26.8451,0.215354
3.811,27.5806,-0.476284
3.77346,28.5508,-0.315879
4.90849,1.67624,-0.501209
5.03249,2.44001,0.129005
4.9148,3.44193,-0.146315
4.96387,4.43594,0.134324
4.85696,5.44603,-0.0203101
4.77713,6.41954,-0.202853
5.04483,7.37112,0.0486221
5.05395,8.30601,-0.391818
4.9713,9.27396,-0.448659
5.02398,10.2885,-0.406317
5.02466,11.2544,-0.337849
4.96046,12.0074,-1.00644
5.04576,13.043,-1.06264
4.91123,13.9468,-0.602817
4.97569,14.5843,-1.33551
4.90983,15.5038,-0.842332
4.89047,16.5393,-0.877898
4.95886,17.5258,-0.616153
5.01373,18.2794,0.0315683
4.96478,19.3052,-0.220179
4.8505,20.1845,-0.653246
4.96894,21.0087,-0.095529
5.01698,21.9138,-0.563833
5.0071,22.8081,-0.0528733
4.92386,23.8081,0.25804
5.0938,24.7428,-0.0676656
4.93472,25.726,-0.167931
5.05459,26.758,-0.0249367
4.81769,27.6601,-0.477062
4.74335,28.6685,-0.379229
5.90901,1.82489,-0.297476
6.00913,2.72997,0.191549
5.9852,3.70894,-0.0438246
5.93069,4.75978,0.11586
5.79953,5.77577,-0.161064
5.79324,6.7154,-0.619886
5.99665,7.57018,-0.133326
6.02775,8.58202,-0.201587
5.95862,9.56665,-0.349556
6.01575,10.5594,-0.548299
6.10762,11.5774,-0.444218
5.95493,12.3416,-1.09386
6.06518,13.3266,-1.06803
5.88425,14.2857,-0.783993
5.93239,14.6701,-1.64801
5.92325,15.3704,-0.900574
5.90848,16.3915,-0.640541
5.95047,17.3844,-0.650865
6.02734,18.3464,-0.223978
5.93256,19.3173,0.0406476
5.86664,20.0998,-0.618113
6.05545,21.006,-0.145372
6.03448,21.9751,-0.345296
5.98933,22.9306,-0.111502
5.95602,23.9068,0.251952
6.09948,24.7525,-0.204743
5.95567,25.72,0.0937254
6.05573,26.7107,-0.0773705
5.87198,27.6402,-0.40481
5.76497,28.6363,-0.657555
6.94359,2.0745,-0.387033
7.00743,2.9529,0.0822657
7.00513,4.00906,0.146513
6.94125,4.94078,-0.151646
6.77687,5.94099,-0.476946
6.8303,6.93493,-0.732719
6.92351,7.90755,-0.370852
7.0432,8.90522,-0.232081
6.93045,9.85607,-0.47185
7.01406,10.832,-0.637492
7.04414,11.8099,-0.8566
6.90845,12.7789,-1.06593
6.81468,13.5747,-1.68546
6.89146,14.3687,-1.08428
6.90894,14.7641,-2.04858
6.93712,15.3038,-1.18163
6.89473,16.2569,-0.886062
6.9667,17.258,-0.563552
7.01357,18.3351,-0.456978
7.00028,19.2749,0.0212226
6.84665,20.2369,-0.272716
7.00422,21.241,-0.233283
7.03406,22.1739,-0.629533
7.0508,22.9355,0.0290414
6.9564,23.9362,0.239363
7.01693,24.9307,0.236467
6.93365,25.9153,0.243294
7.02794,26.8779,-0.00819117
6.87101,27.7818,-0.421143
6.76851,28.7511,-0.574886
7.92969,2.32647,-0.0972991
7.94085,3.30778,-0.208039
8.00684,4.30625,0.148235
7.9558,5.28543,-0.163292
7.80907,6.18845,-0.607651
7.83773,7.16932,-0.571606
7.9139,8.18856,-0.559239
8.03097,9.16409,-0.281137
7.89044,10.1531,-0.365001
8.01364,11.0675,-0.735893
8.04866,12.0539,-0.745128
7.92493,13.0315,-1.03171
7.84552,13.5472,-1.86599
7.89663,14.3587,-1.2685
7.96253,14.746,-2.1595
7.96794,15.2647,-1.33758
7.91868,16.2371,-0.978213
7.93032,17.2696,-1.03904
7.97892,18.0482,-0.374981
7.861,19.0983,-0.512094
7.87807,20.0171,-0.131266
8.01061,21.0475,-0.140977
8.02504,22.0459,-0.419727
8.04542,22.8727,0.151067
7.97115,23.8651,0.278732
7.96316,24.8351,-0.0269326
8.01555,25.849,0.105637
7.94838,26.7449,-0.358028
7.86231,27.7636,-0.207794
7.79785,28.7308,-0.393158
8.89334,2.6398,-0.0229286
8.87147,3.62535,-0.431782
8.93841,4.59761,-0.174602
8.86688,5.5999,0.102347
8.82163,6.49901,-0.339552
8.7796,7.48375,-0.166518
8.90377,8.46941,-0.15956
8.98635,9.4604,-0.372948
8.90747,10.4615,-0.516919
8.98806,11.3867,-0.941948
8.9675,12.3948,-0.986749
8.85721,13.4515,-1.17918
8.91021,13.7329,-2.14365
8.93464,14.376,-1.40282
9.00387,14.7054,-2.33302
8.96926,15.2727,-1.4865
8.91541,16.1212,-0.983157
8.8952,17.1096,-0.851888
8.95146,18.0215,-0.52906
8.92354,18.9958,-0.674841
8.918,19.9342,-0.263271
9.04368,20.9432,-0.0527696
9.00424,21.942,-0.261721
9.04293,22.8685,0.0391919
8.96568,23.8866,0.0824061
8.97306,24.8852,0.259102
9.06687,25.8788,0.19555
8.9432,26.9004,-0.0594409
8.84823,27.8806,0.0047029
8.8394,28.8021,-0.394183
9.90398,2.98297,0.041435
9.86908,3.82747,-0.510227
9.97833,4.69297,-0.0188177
9.89965,5.7178,0.0505509
9.86494,6.63096,-0.39064
9.88105,7.61783,-0.149867
9.90204,8.64493,-0.360039
10.0443,9.6276,-0.35616
9.93262,10.5537,-0.724986
10.0358,11.4879,-1.07536
9.94109,12.5292,-1.23742
9.83507,13.603,-1.41828
9.93098,13.8102,-2.41502
10.0023,14.418,-1.63314
9.96467,14.7886,-2.55963
9.95594,15.2413,-1.57719
9.89436,16.2491,-1.26043
9.79104,17.2438,-1.29111
10.0098,18.0582,-0.707501
9.99765,18.9985,-0.911786
9.92916,19.8401,-0.442155
10.0622,20.8891,-0.221378
10.0512,21.9692,-0.215015
10.0969,22.9781,0.0106082
10.0116,23.9775,0.0185156
9.98664,24.9963,0.0897732
10.0588,26.0289,0.179812
9.96461,26.9094,-0.260601
9.8609,27.8624,0.0508316
9.8524,28.8336,-0.333412
10.9041,2.93831,-0.124168
10.8862,3.93901,-0.454656
10.9947,4.88748,-0.192746
10.9273,5.87169,-0.00323801
10.9104,6.80518,-0.322205
10.9055,7.80919,-0.0947813
10.913,8.75306,-0.372088
11.0664,9.80623,-0.353505
10.9551,10.7484,-0.6322
11.0158,11.7084,-0.936915
10.9284,12.6095,-1.39875
10.8886,13.5896,-1.5642
10.9266,13.7338,-2.54983
10.9947,14.4039,-1.83468
10.9061,15.1326,-2.53243
10.9702,15.1851,-1.5243
10.8787,16.1729,-1.30817
10.8307,17.1924,-1.3315
11.0664,18.0741,-0.878613
11.0304,19.0872,-1.09628
10.8591,19.999,-0.685137
11.1468,20.8948,-0.320438
11.0946,21.9027,-0.335859
11.0741,22.8268,-0.0040315
10.9651,23.8435,0.121903
11.0311,24.8393,0.139491
10.9855,25.7428,-0.251659
10.8909,26.6884,0.0133122
10.8744,27.7147,-0.0332682
10.9088,28.7219,-0.276202
11.9208,2.98599,-0.161611
11.8675,3.99156,-0.126939
12.0398,4.95888,-0.190115
11.9264,5.97574,-0.34948
11.9411,6.97839,-0.2506
11.9233,7.94149,-0.0671987
11.9383,8.90083,-0.378686
12.1283,9.88942,-0.337556
11.9814,10.9155,-0.665593
12.0599,11.7711,-1.19668
11.9879,12.7641,-1.24852
11.9487,13.7054,-1.57067
11.9848,13.7382,-2.56962
11.9938,14.4642,-1.84133
11.9348,15.1751,-2.55474
12.0222,15.1072,-1.5695
11.901,16.123,-1.45712
11.8382,17.1215,-1.5045
12.1236,18.0152,-1.16146
12.0563,19.0349,-0.915848
11.8708,19.9553,-0.509857
12.1258,20.9391,-0.580197
12.1081,21.9057,-0.159941
11.9993,22.8082,0.322526
11.9775,23.7413,0.00993072
12.0401,24.7064,0.293725
11.967,25.7255,-0.0177129
11.8694,26.7524,0.118268
11.8915,27.7456,-0.00496231
11.9345,28.7606,-0.152876
12.9954,3.08661,-0.238902
12.9088,4.04759,0.00307932
13.0516,5.01505,-0.272024
12.9342,6.04138,-0.320344
12.994,7.06834,-0.264174
12.9571,8.08896,-0.0785363
12.9891,9.04958,-0.494546
13.1279,10.0512,-0.406638
12.9472,11.0847,-0.373879
13.0147,11.8706,-0.964864
12.9846,12.9028,-1.09078
13.0099,13.8612,-1.50572
12.9492,13.9698,-2.58745
12.9916,14.7228,-1.90468
12.938,15.3928,-2.69051
13.0983,15.184,-1.7215
12.9264,16.1545,-1.40732
12.9057,17.1584,-1.39133
13.1618,18.0843,-0.990048
13.1128,19.0903,-0.909537
12.8573,20.0459,-0.650627
13.1457,20.9741,-0.47148
13.1048,21.8629,0.0756829
13.0103,22.8419,0.145643
12.9735,23.8614,0.0931455
13.0312,24.8392,0.090173
12.942,25.8003,-0.184924
12.9078,26.7486,0.0980377
12.8767,27.7213,0.060509
12.9847,28.8062,-0.0617115
14.0109,3.11649,0.0232521
13.9011,4.11975,-0.0424299
14.0794,5.0839,-0.341325
14.0054,6.05065,-0.126405
14.0293,7.03681,-0.13885
13.9255,8.04983,-0.297198
14.0497,9.03985,-0.572604
14.1508,10.0104,-0.520115
13.9448,11.0051,-0.582684
13.9951,11.9336,-1.05032
13.9951,12.9236,-1.11756
14.0127,13.8888,-1.57668
13.9888,14.024,-2.61181
14.0369,14.7463,-1.88753
14.021,15.425,-2.66386
14.1554,15.3221,-1.68437
13.9278,16.2292,-1.37306
13.988,17.2968,-1.39113
14.1302,18.2651,-1.12703
14.0372,19.3119,-1.28376
13.815,19.7016,-0.354173
14.0411,20.6768,-0.231758
14.0731,21.6206,0.0464339
14.0304,22.6144,0.305692
13.9611,23.679,0.197845
14.046,24.7002,0.0353191
13.9257,25.7057,-0.0040315
13.8452,26.6595,-0.234996
13.8571,27.6957,-0.176482
13.9818,28.694,-0.177535
15.026,2.96634,0.154039
14.9041,3.95211,-0.0842891
15.0917,4.98647,-0.299973
15.0618,5.99,-0.325285
15.0576,7.06717,-0.288965
15.0366,8.10538,-0.426225
15.0929,9.1101,-0.514374
15.1362,10.1038,-0.451411
14.9608,11.0275,-0.810801
15.0619,11.9412,-1.10549
15.0646,12.9483,-1.31416
15.0639,13.9231,-1.60433
15.0126,13.9806,-2.60573
15.1408,14.7157,-1.94711
15.0001,15.3721,-2.70899
15.1761,15.4927,-1.7446
14.9235,16.321,-1.24243
15.0286,17.3019,-1.31806
15.153,18.2939,-1.21231
14.997,19.2826,-1.05514
14.7471,19.9784,-0.334321
15.0578,20.8897,-0.296506
14.981,21.9467,-0.27832
15.0156,22.7559,0.317936
14.9504,23.7389,0.110211
15.0045,24.7702,0.289761
14.8857,25.6394,-0.283834
14.868,26.701,-0.419623
14.8587,27.7285,-0.222144
15.0125,28.774,-0.0744682
16.1229,2.96871,0.0977142
15.9645,4.03054,0.147008
16.1102,4.98408,-0.131562
16.0459,5.97079,-0.197812
16.0536,6.99066,-0.156276
16.0583,7.99802,-0.367119
16.1341,9.01933,-0.525007
16.162,10.0336,-0.521915
16.0184,10.9782,-0.893194
16.071,11.9119,-1.24397
16.0851,12.9262,-1.24538
16.0903,13.9591,-1.45243
16.0737,14.0307,-2.49821
16.198,14.7532,-1.83945
16.029,15.1857,-2.73648
16.1696,15.5739,-1.78753
15.9886,16.2901,-1.03645
16.0774,17.3023,-1.12307
16.1352,18.2777,-1.06816
16.0073,19.2626,-0.687487
15.7424,20.207,-0.499396
16.0125,21.0877,-0.0515854
16.0622,22.0731,-0.27524
16.0543,22.9382,0.265148
15.9885,23.9422,0.217383
15.9961,24.9273,0.236061
15.8699,25.7788,-0.272716
15.8787,26.7484,-0.361061
15.8252,27.7453,-0.437263
15.9614,28.5204,0.165651
17.1353,3.08616,-0.100348
17.0294,4.04841,0.066982
17.2387,5.03513,-0.0577532
17.0968,6.0275,-0.0877651
17.064,6.98051,-0.377593
17.0639,8.04209,-0.514225
17.2387,9.01016,-0.641255
17.1871,10.0654,-0.662377
17.0656,11.131,-0.78724
17.0576,12.1027,-1.12526
17.0981,13.1046,-1.29072
17.1259,14.1027,-1.42778
17.0603,14.1678,-2.44914
17.1836,14.9712,-1.85577
17.05,15.1625,-2.84601
17.1266,15.7673,-2.01514
17.0045,16.4238,-1.22289
17.0246,17.3707,-0.758022
17.048,18.3793,-0.671609
17.0547,19.3246,-0.845408
16.7835,20.2115,-0.461254
17.0084,21.1117,-0.047496
17.0095,22.1536,0.082458
17.0321,23.1313,0.0528886
16.8939,24.173,-0.0320353
16.9662,25.0011,0.53379
16.8728,25.7108,-0.181799
16.9153,26.6971,-0.110904
16.8657,27.6967,-0.270141
17.0331,28.5094,0.257466
18.1871,3.06067,-0.145051
18.0245,3.98839,-0.315314
18.2344,5.01037,-0.334907
18.1141,5.98901,-0.138209
18.0873,6.98478,-0.25345
18.122,7.9325,-0.564248
18.2548,8.95124,-0.580172
18.1834,9.97396,-0.880575
18.0429,10.9374,-0.82711
18.0786,11.9202,-1.03565
18.1127,12.9575,-1.1953
18.1392,14.0025,-1.46092
18.0797,14.1202,-2.45328
18.1859,14.866,-1.8041
18.1317,15.1199,-2.79037
18.1213,15.7957,-2.02179
18.0215,16.5009,-1.32101
18.1072,17.2662,-0.57195
18.0685,18.2919,-0.557155
18.0002,19.287,-0.449568
17.7919,20.2466,-0.231364
17.9046,21.2099,-0.51869
18.0121,22.1166,-0.131181
18.0229,23.113,0.00531938
17.9019,24.1779,0.0195471
17.9786,25.0748,0.443721
17.9164,25.7908,-0.307038
17.9301,26.7639,-0.0943236
17.8752,27.7497,-0.360543
17.9995,28.7121,0.0257698
19.1819,2.70476,-0.320811
19.0332,3.70212,-0.435014
19.1914,4.64696,-0.144414
19.0923,5.67595,-0.175716
19.0673,6.65387,-0.28638
19.078,7.65042,-0.506189
19.2622,8.62433,-0.651323
19.135,9.63614,-0.619031
19.1024,10.7297,-0.740049
19.1299,11.7403,-0.935377
19.1462,12.715,-1.23153
19.1843,13.7952,-1.42895
19.1226,13.8255,-2.43816
19.1824,14.65,-1.82306
19.1789,15.2346,-2.68332
19.0445,15.499,-1.71888
18.9359,16.2991,-1.06352
19.129,17.2355,-0.951982
19.0638,18.1803,-0.555849
19.0112,19.2117,-0.741615
18.8546,20.1715,-0.526496
18.9099,21.1943,-0.692566
19.0201,22.0896,-0.305457
19.0764,23.0765,-0.0893551
18.9624,24.0521,0.130976
18.9564,24.9929,0.543681
18.9259,25.6046,-0.250584
19.0059,26.5931,0.0596606
18.8272,27.524,-0.229624
19.0469,28.5127,-0.0467086
20.1817,2.46388,-0.379141
20.027,3.45524,-0.455785
20.1976,4.4191,-0.171639
20.0995,5.40177,-0.166695
20.06,6.38324,-0.289456
20.134,7.40195,-0.453682
20.2258,8.40089,-0.507123
20.0854,9.41383,-0.387826
20.0788,10.3311,-0.775488
20.083,11.3611,-1.01041
20.1081,12.3801,-1.06577
20.1303,13.3784,-1.18857
20.0799,13.4765,-2.17389
20.1971,14.3716,-1.7118
20.2294,15.1892,-2.38532
20.0406,15.5483,-1.4431
19.8984,16.3508,-0.892514
20.0804,17.3601,-0.708164
20.0216,18.3518,-0.818381
20.022,19.3379,-0.709534
19.8492,20.2004,-0.200583
19.9905,21.1406,-0.487429
19.9896,22.1877,-0.633656
20.0625,23.0303,-0.118854
19.9827,23.9029,0.417743
19.9785,24.9195,0.562178
19.9247,25.6046,-0.166729
20.0242,26.6135,-0.0234779
19.8296,27.6054,-0.231697
20.0673,28.5648,0.0842738
21.1455,2.1898,-0.165523
21.0052,3.14689,-0.311521
21.1844,4.11557,-0.445598
21.0958,5.026,-0.0690542
21.0376,6.00478,-0.209323
21.0806,7.02709,-0.255666
21.1773,8.01583,-0.337379
21.0023,9.02823,-0.220011
21.0036,9.99935,-0.491226
21.0529,11.0024,-0.827372
21.0473,12.0013,-0.867415
21.0389,12.9971,-0.922425
21.0381,13.1759,-1.87147
21.1747,14.101,-1.46225
21.1659,14.9745,-1.94764
21.0334,15.6883,-1.29167
20.8843,16.3928,-0.518043
21.0429,17.3694,-0.537892
21.034,18.3747,-0.754726
21.0387,19.3585,-0.597861
20.8978,20.3413,-0.357768
21.0132,21.3171,-0.535627
21.016,22.2878,-0.734495
21.1007,22.8341,0.0810327
21.0454,23.8179,0.416529
20.9068,24.8477,0.280441
20.913,25.665,-0.312137
21.0429,26.6674,-0.2614
20.9092,27.6584,-0.072689
21.0617,28.5604,0.292743
22.1552,2.18201,-0.278042
22.0215,3.15252,-0.245293
22.231,4.05765,-0.666375
22.0752,4.97991,-0.379717
22.0136,5.94082,-0.0102969
22.0604,6.83638,-0.459789
22.1883,7.83377,-0.532749
22.0568,8.78684,-0.30144
21.9844,9.77893,-0.589944
22.0602,10.7676,-0.566103
22.0548,11.7145,-0.835069
22.0286,12.7652,-0.770489
22.0188,12.97,-1.75829
22.0991,13.7759,-1.11829
22.0923,14.665,-1.57809
21.8813,15.3372,-0.806586
21.8584,16.3013,-0.600632
22.0669,17.3018,-0.348039
22.0599,18.3126,-0.650542
22.0541,19.2668,-0.37857
21.8927,20.2438,-0.0812464
22.0381,21.0548,-0.609229
22.0032,22.0987,-0.458516
22.0907,22.9559,-0.0191809
22.0782,23.8492,0.520765
21.9198,24.7769,0.151531
21.9678,25.7639,-0.139238
22.0857,26.7136,-0.417795
21.954,27.6503,-0.149266
22.0772,28.6618,0.0775201
23.1362,1.88267,-0.0280282
23.0851,2.8817,-0.0194128
23.2098,3.6664,-0.7
23.0852,4.59195,-0.34413
22.9898,5.5747,-0.0370739
23.0493,6.49713,-0.420545
23.193,7.49504,-0.407913
23.0231,8.47815,-0.396048
22.9669,9.46571,-0.438011
23.092,10.4748,-0.450548
23.0489,11.4742,-0.557842
23.0256,12.4626,-0.634834
23.0629,12.7957,-1.5648
23.1188,13.7326,-1.19645
23.1468,14.6719,-1.52272
22.9012,15.2923,-0.754808
22.8436,16.2825,-0.83412
22.9671,17.2597,-0.781652
23.0774,18.2174,-0.660311
23.0883,19.0763,-0.211979
22.9585,20.0704,-0.290555
23.0342,21.0433,-0.49136
23.0646,22.0294,-0.357259
23.0844,22.894,0.139903
22.9809,23.9065,0.137931
22.9566,24.891,0.0764916
22.9395,25.9165,-0.137031
23.1304,26.8424,-0.52284
22.9218,27.8383,-0.492401
23.141,28.6667,0.019248
24.1359,1.6286,-0.0162053
24.0915,2.62336,-0.0574602
24.2094,3.39381,-0.730689
24.0857,4.34103,-0.310526
23.9529,5.31065,-0.0543413
24.0486,6.28666,-0.267959
24.2409,7.25267,-0.315461
23.9938,8.22943,-0.278005
24.0064,9.26629,-0.517722
24.0939,10.256,-0.548708
24.0626,11.2347,-0.395239
24.0701,12.2798,-0.440779
24.0609,12.7108,-1.31814
24.1172,13.6952,-1.09996
24.1031,14.6416,-1.29886
23.9172,15.3092,-0.58731
23.891,16.246,-0.87622
23.9575,17.2232,-0.67192
24.0986,18.1844,-0.790289
24.0991,19.0989,-0.413782
23.9616,20.1099,-0.192117
24.0633,21.0304,-0.615854
24.0499,21.9912,-0.261064
24.0891,22.9052,0.120942
24.0077,23.892,-0.0105716
23.9702,24.8993,-0.17221
23.9466,25.9177,-0.0498245
24.182,26.8038,-0.428227
23.9956,27.7569,-0.445622
24.1105,28.5034,0.223624
25.1508,1.49182,0.281796
25.0703,2.33787,-0.300021
25.2171,3.25346,-0.74882
25.0195,3.96656,-0.0847835
24.9813,5.02795,-0.0588916
25.0307,5.99811,-0.283767
25.1379,6.96401,-0.631324
24.9936,7.90727,-0.297745
24.9382,8.89715,-0.541771
25.0308,9.93139,-0.37723
25.0379,10.928,-0.494391
25.0423,11.8989,-0.271535
25.0565,12.5136,-1.06666
25.106,13.488,-0.847884
25.1246,14.4899,-1.09936
25.0025,15.3605,-0.537165
24.9538,16.3396,-0.665224
24.9761,17.3094,-0.432685
25.0594,18.3013,-0.456606
25.0598,19.2761,-0.262203
24.9604,20.1831,0.098471
25.0639,21.0721,-0.352516
25.0552,22.0771,-0.482324
25.0975,22.7876,0.25161
24.9844,23.7993,0.0564592
24.9751,24.7682,-0.339091
24.9596,25.8217,-0.169521
25.1749,26.805,-0.319037
25.0141,27.8569,-0.269976
25.1109,28.6269,0.391409
26.1853,1.48255,0.344017
26.0223,2.00454,-0.45703
26.2136,2.9646,-0.576788
26.0226,3.71873,0.156319
25.9881,4.73229,-0.00588092
26.0444,5.76119,-0.320887
26.2153,6.74206,-0.633094
26.0289,7.65989,-0.283148
25.9467,8.68393,-0.342293
26.1151,9.68538,-0.293414
26.0379,10.668,-0.462267
26.0052,11.5921,-0.0820948
25.9686,12.3865,-0.67625
26.0866,13.3618,-0.651122
26.1026,14.3535,-0.907498
25.9808,15.2216,-0.404819
25.9106,16.2015,-0.382669
25.9874,17.2614,-0.352635
26.0831,18.3115,-0.263656
26.0412,19.2774,-0.140733
25.9398,20.2745,0.302127
26.1009,20.9705,-0.44629
26.0368,21.9621,-0.134816
25.9384,22.9435,-0.296326
25.9938,23.9008,-0.00285348
25.9576,24.8906,-0.28692
25.9951,25.8925,-0.219901
26.1541,26.8368,-0.57705
26.0207,27.766,-0.140947
26.0894,28.798,0.0845332
27.175,1.09117,0.255303
27.0571,1.70538,-0.555409
27.2121,2.69257,-0.529563
26.9924,3.43136,0.12157
27.0066,4.45615,-0.0924253
27.0319,5.46301,-0.224329
27.1729,6.46745,-0.434462
27.0542,7.45343,-0.342582
26.999,8.41123,-0.0396893
27.1328,9.42525,-0.224335
27.0576,10.3834,-0.422983
26.9946,11.316,-0.0664785
27.0057,12.2901,-0.53256
27.0942,13.2709,-0.651863
27.0881,14.2653,-0.559609
26.9167,15.0716,0.0250984
26.8921,16.0529,-0.191696
26.9682,17.0457,-0.157549
27.0357,18.0631,-0.175011
27.0169,19.1172,-0.0777947
26.9346,20.1352,0.106125
27.0871,20.9627,-0.501349
27.0018,22.0198,-0.298263
26.9571,22.9693,-0.108341
27.0438,23.9762,0.0847041
26.9891,24.9707,-0.108261
27.0056,25.9758,-0.107434
27.1271,26.9631,-0.234816
26.9841,27.9754,0.00762352
27.1398,28.9652,0.161922
28.1274,0.769103,0.214277
28.0453,1.35928,-0.577844
28.1657,2.34962,-0.277142
28.005,3.30029,0.118012
28.0558,4.28484,-0.0816279
28.0377,5.33204,-0.040144
28.1287,6.32611,-0.105301
27.9958,7.28227,0.0884152
28.0121,8.28559,0.130882
28.102,9.2758,-0.0179662
28.0496,10.256,-0.306922
28.0169,11.1599,0.0906217
27.9734,12.0545,-0.36809
28.0472,13.0888,-0.320985
28.1205,14.1425,-0.310691
27.9709,15.1035,0.129289
27.8973,16.1336,0.0991241
28.0189,17.1124,-0.0973327
28.0408,18.126,-0.045323
28.0282,19.0669,0.229307
27.9888,20.0551,0.0616688
28.1003,20.966,-0.441179
28.0197,21.9034,-0.136207
28.0025,22.8925,0.0834376
28.0277,23.8843,0.189111
28.0576,24.8878,-0.0804254
27.9817,25.8742,-0.173061
28.1269,26.8525,-0.218888
28.0078,27.8455,-0.0829981
28.115,28.8476,0.271386
28.9741,0.179134,0.102557
29.027,1.09469,-0.263723
29.0809,2.04801,0.0342479
29.0316,3.065,0.132685
29.0392,4.06246,0.104523
28.9918,5.04395,0.304584
29.0949,6.04789,0.125416
29.0116,7.06523,0.0369366
29.0237,8.06791,0.0952208
29.0851,9.05255,-0.104602
29.0284,10.0895,-0.050322
29.0171,11.1091,0.215455
29.0151,12.0519,-0.262981
29.0242,12.9749,0.0820978
29.1005,14.005,0.00882595
29.0061,15.0104,0.0230628
28.9176,16.0111,0.109732
29.0256,16.9306,-0.144606
29.0233,17.93,0.073281
29.0284,18.9145,0.110895
29.021,19.9307,0.195428
29.0298,20.9831,-0.019422
29.0328,22.0145,0.0931425
29.0202,23.0316,0.0434095
29.0243,23.9941,0.182342
29.0343,24.9616,-0.0797082
29.0081,26.0047,-0.0996612
29.1107,27.0221,-0.204016
29.0122,28.0029,0.0810266
29.0523,28.9781,-0.0634632
