-0.0665365,0.653426,-0.939628
0.00190435,1.08781,-0.0797082
-0.0337382,2.05544,-0.30141
-0.0451521,3.07108,-0.0721732
-0.0364818,4.08364,-0.149937
-0.0328928,5.1131,-0.110373
-0.0889187,6.11703,0.0456984
-0.0798334,7.12717,-0.0531358
-0.088876,8.1125,-0.0686544
-0.0534684,9.15241,-0.223218
-0.0322642,10.1104,-0.00718406
-0.0449049,11.1331,-0.22934
-0.0561235,12.1321,-0.0787133
-0.0329814,13.1259,-0.143617
-0.0325388,14.0561,-0.57163
-0.0620563,15.0592,-0.491232
-0.0668325,16.0902,-0.469958
-0.165276,17.0924,-0.0869594
-0.0307749,18.1161,0.149553
0.144777,19.0684,0.13368
-0.016422,19.9593,-0.333509
-0.068218,20.9247,-0.0689261
-0.11214,21.9754,-0.0486373
-0.0553148,22.9738,0.174392
-0.0494461,23.9765,0.053151
-0.021308,24.9732,-0.113547
-0.0444105,25.9061,0.287503
0.0367199,26.8902,0.0184393
-0.0559801,27.8939,0.22313
-0.0522507,28.9093,0.264171
0.923301,0.729038,-0.90867
0.978463,1.31502,-0.0377911
0.9773,2.32663,-0.280355
0.979601,3.28872,0.06404
0.946443,4.29216,0.0336344
0.970879,5.3146,0.0467177
0.875549,6.30002,-0.206656
0.945445,7.30616,-0.206452
0.991488,8.3389,-0.161751
1.00537,9.33288,-0.128092
0.926853,10.365,-0.109458
0.974444,11.3486,-0.0809412
0.970132,12.3626,-0.148537
0.982516,13.4054,-0.322529
0.963924,14.2423,-0.786892
0.957515,15.1728,-0.490179
0.956078,16.1499,-0.531156
0.86794,17.0974,-0.215235
1.02594,17.9904,0.282501
1.16301,18.9589,-0.026075
1.02855,19.9476,-0.224934
0.966298,20.9259,-0.215336
0.933409,21.9443,-0.173663
0.991614,22.8214,0.328892
0.94987,23.8406,0.237086
0.926981,24.8876,0.134397
0.883276,25.9121,-0.025193
0.973031,26.8675,-0.273608
0.964904,27.7741,0.138456
0.999457,28.7788,0.232337
1.89748,0.938301,-0.904437
1.94188,1.54495,-0.0811945
2.04383,2.57677,-0.0809503
1.98186,3.52045,0.141792
1.92152,4.54094,0.185165
2.02539,5.55127,-0.110569
1.92698,6.52969,-0.0546831
1.99332,7.48066,-0.361077
2.02644,8.48123,-0.24857
2.01289,9.52458,-0.157909
1.95888,10.5131,-0.200394
1.91848,11.4451,-0.507672
2.01386,12.4754,-0.273632
2.06627,13.4782,-0.321458
1.97516,14.3845,-0.849782
1.8931,15.3782,-0.74424
1.94743,16.3622,-0.884271
1.89473,17.1512,-0.277081
1.92137,18.2139,-0.168975
2.1666,19.1485,-0.15577
1.99499,20.163,-0.227653
1.92253,21.163,-0.3318
1.90842,22.1326,-0.418851
2.00011,22.8335,0.294244
1.93724,23.8368,0.452553
1.96494,24.7879,0.167714
1.87423,25.8185,0.0870968
1.98286,26.7198,-0.367748
1.9598,27.6967,-0.100488
2.02358,28.7066,0.170724
2.87226,1.39282,-0.8764
2.92048,1.91702,-0.016654
3.07496,2.90521,-0.146562
2.98308,3.89304,0.101483
2.97234,4.85767,0.177905
2.97768,5.82559,0.0730583
2.90987,6.78232,-0.280136
2.98641,7.74446,-0.569384
2.90786,8.76255,-0.529331
3.01512,9.72319,-0.378195
2.98774,10.72,-0.237623
2.93166,11.6205,-0.681982
2.90163,12.6187,-0.771984
3.02791,13.6123,-0.59613
2.89492,14.3565,-1.24696
2.87727,15.3139,-0.929749
2.92927,16.3212,-0.991787
2.92536,17.1955,-0.448683
2.92607,18.2228,-0.288882
3.20735,19.1612,-0.429276
3.0105,20.1549,-0.607382
2.94592,21.124,-0.404035
2.88096,22.1078,-0.245277
3.00651,22.8865,0.413642
2.91609,23.8932,0.185192
2.96856,24.8533,0.4537
2.89299,25.8459,0.29505
2.97419,26.7142,-0.244273
2.96794,27.7052,0.022663
3.09431,28.709,0.118442
3.88299,1.67847,-0.748167
3.89648,2.31785,0.0629902
4.05855,3.19394,-0.382827
3.96181,4.18499,-0.141627
3.95589,5.17519,0.127116
3.97602,6.12737,-0.074868
3.90435,7.12214,-0.250154
3.94801,7.97331,-0.818482
3.96452,8.96772,-0.67214
4.03923,9.91442,-0.414084
3.94699,10.9346,-0.477215
3.98654,11.9311,-0.602264
3.92005,12.8607,-0.950999
3.99287,13.7145,-0.467376
3.90596,14.2511,-1.31618
3.89894,15.2372,-1.01514
3.92133,16.2803,-0.976089
3.87501,17.2871,-0.83632
4.00079,18.2422,-0.528086
4.23256,19.1822,-0.409592
4.00461,20.1697,-0.620316
3.88224,21.156,-0.734825
3.92074,22.0846,-0.412455
4.03703,22.8578,0.285778
3.92698,23.826,0.0284585
3.99413,24.7738,0.391336
3.89588,25.7315,0.225135
4.03416,26.5822,-0.373693
3.96218,27.5651,-0.0990356
4.13017,28.5564,0.0551103
4.77954,2.1822,-0.951283
4.84362,2.64498,-0.0560076
5.002,3.56602,-0.418146
4.97022,4.52917,-0.0203558
4.93001,5.46576,0.182363
4.91381,6.43209,-0.0222846
4.90319,7.37769,-0.250264
4.93358,8.22954,-0.782311
4.97635,9.30423,-0.792917
4.96792,10.2996,-0.550288
4.94025,11.2957,-0.475439
4.86983,12.2996,-0.383877
4.96957,13.1253,-1.05713
4.95233,13.9336,-0.459444
4.9971,14.302,-1.40484
4.89407,15.2566,-1.06035
4.94883,16.2539,-0.808335
4.94508,17.2244,-0.660244
5.09066,18.2304,-0.578182
5.22362,19.2781,-0.658724
5.02101,20.2897,-0.559328
4.79153,21.1743,-0.216526
4.99224,22.1035,-0.568575
5.05893,22.8956,0.0445784
4.93504,23.8913,0.210385
5.0019,24.8433,0.594317
4.8747,25.8544,0.43878
5.07329,26.5592,-0.22678
4.89599,27.4641,0.242631
5.15674,28.364,-0.198706
5.75602,2.39538,-0.971484
5.89742,2.9898,-0.0994263
5.97805,3.90477,-0.511567
5.9943,4.68527,0.144795
5.92172,5.70226,0.144536
5.92632,6.681,-0.000744652
5.89489,7.5902,-0.430198
5.94023,8.5331,-0.71558
5.96402,9.53499,-0.552541
6.0133,10.5636,-0.558101
5.94076,11.5861,-0.438282
5.88042,12.5805,-0.615058
5.93929,13.3199,-1.29166
5.88324,14.2228,-0.820661
5.96065,14.3729,-1.86128
5.89028,15.1701,-1.28793
5.85787,16.1516,-1.21982
5.93111,17.1598,-0.93289
6.08206,18.1187,-0.672524
6.292,19.1101,-0.528852
5.99239,20.0645,-0.609433
5.77328,21.0395,-0.367476
6.0316,22.0793,-0.479614
5.98438,22.7424,0.324195
5.91894,23.759,0.452925
5.96485,24.7659,0.18616
5.83826,25.7077,0.433717
6.01106,26.6063,0.0542619
5.86127,27.4951,0.501129
6.13421,28.1344,-0.269509
6.70088,2.67687,-0.788009
6.84408,3.36844,-0.0978454
6.88657,4.29609,-0.464733
6.95502,5.06851,0.20296
6.86681,6.05014,0.269735
6.94479,6.98632,-0.0628651
6.87463,7.91975,-0.328379
6.89844,8.88126,-0.775793
6.95879,9.87878,-0.832768
6.99198,10.9094,-0.592941
6.95135,11.9024,-0.651308
6.87477,12.9229,-0.612345
6.94778,13.3982,-1.53808
6.86763,14.3124,-1.20017
6.96672,14.538,-2.17338
6.79264,15.351,-1.61252
6.92662,16.3229,-1.23061
6.931,17.3353,-1.12657
7.14004,18.1689,-0.571984
7.33929,19.167,-0.575997
7.02942,20.1093,-0.412571
6.7531,21.0261,-0.11984
7.05719,21.91,-0.554653
6.97242,22.7455,-0.0346629
6.94337,23.6966,0.322565
6.90975,24.6653,0.644505
6.8852,25.7064,0.469326
7.01792,26.5992,0.00839564
6.88738,27.4855,0.38345
7.14092,28.1906,-0.308603
7.71769,2.70962,-0.6082
7.86623,3.55811,-0.0579577
7.97075,4.51664,-0.352007
7.94588,5.40315,0.128587
7.86116,6.44209,0.294452
7.88818,7.38736,0.0199896
7.8217,8.29933,-0.409165
7.85151,9.2618,-0.813822
7.90541,10.2892,-0.776815
7.96617,11.3335,-0.646785
7.89391,12.3323,-0.901837
7.84096,13.3337,-0.971282
7.84081,13.5226,-1.97586
7.88305,14.4013,-1.49505
7.92753,14.8644,-2.42957
7.77913,15.2168,-1.44825
7.96218,16.1886,-1.32336
7.987,17.2124,-1.18611
8.17308,18.1067,-0.747349
8.37261,19.12,-0.729597
8.03638,19.9865,-0.391357
7.72946,20.9803,-0.221171
8.09747,21.9427,-0.304453
7.92613,22.7499,0.278524
7.93885,23.793,0.56263
7.87972,24.7932,0.463042
7.90949,25.8049,0.28713
8.0212,26.8179,0.0143498
7.87201,27.7688,0.341572
8.14534,28.2958,-0.436195
8.74806,2.85343,-0.713108
8.92428,3.71167,-0.211942
8.95458,4.73558,-0.175573
8.93787,5.68361,0.174319
8.78178,6.64346,-0.0755486
8.88252,7.63323,-0.23151
8.88775,8.63278,-0.392813
8.83768,9.55555,-0.874883
8.84354,10.6639,-0.802521
8.95068,11.6717,-0.740641
8.90063,12.6717,-0.902313
8.83639,13.6603,-1.12827
8.82364,13.6635,-2.18104
8.92097,14.4705,-1.55252
8.97931,14.8911,-2.45759
8.77673,15.2892,-1.57004
8.97323,16.2388,-1.28131
9.01499,17.2676,-1.25629
9.23921,18.1522,-0.834709
9.37838,19.1039,-0.521021
9.01256,20.0445,-0.65276
8.73318,21.0131,-0.420505
9.09348,21.9267,-0.208951
8.95233,22.7838,0.330952
8.94307,23.7997,0.438322
8.88891,24.8111,0.358428
8.82001,25.7297,-0.0997894
9.02074,26.7081,0.127537
8.89771,27.7281,0.210321
9.13186,28.3085,-0.578957
9.78309,3.05521,-0.691745
9.95275,3.86667,-0.0980407
9.92444,4.86843,0.0574023
9.96,5.82565,0.0500259
9.78647,6.83897,-0.0120151
9.88746,7.82571,-0.250291
9.89857,8.83237,-0.412726
9.83178,9.77799,-0.689041
9.87177,10.8117,-0.905029
9.94729,11.8467,-0.710266
9.91468,12.8382,-0.973309
9.81285,13.7686,-1.38171
9.82295,13.7152,-2.39814
9.97037,14.5381,-1.74615
10.0237,15.0008,-2.64841
9.79005,15.2515,-1.67158
10.0245,16.257,-1.52661
9.98276,17.1781,-1.06228
10.2453,18.192,-0.714771
10.3825,19.1663,-0.535203
10.0329,20.104,-0.542802
9.71843,21.0361,-0.76758
10.0317,21.9595,-0.706986
9.92215,22.6522,0.0821924
9.95829,23.6448,0.450096
9.8433,24.5843,0.100519
9.88099,25.6053,0.0866207
10.0489,26.6272,0.157576
9.90724,27.6133,0.0930509
10.1889,28.2549,-0.646883
10.7346,3.02839,-0.236753
10.9329,3.97596,0.0771081
10.9421,4.95044,0.0379803
10.9474,5.98417,-0.055501
10.8415,6.99561,0.0377789
10.8603,8.05182,-0.155074
10.8533,9.13702,-0.139433
10.8896,9.98905,-0.675225
10.9407,10.9975,-0.817319
10.9559,12.0135,-0.818458
10.958,13.0014,-1.02457
10.8735,13.8838,-1.45339
10.9187,13.8185,-2.45369
10.9808,14.5872,-1.77551
11.0672,14.8455,-2.7182
10.8287,15.3663,-1.88775
11.0604,16.321,-1.53744
11.0325,17.2924,-1.25482
11.2911,18.185,-0.836534
11.386,19.1397,-0.456856
11.0258,20.0345,-0.784848
10.7382,21.0285,-0.869408
11.0198,21.8689,-0.320136
10.9121,22.7323,0.236509
10.9985,23.7106,0.20271
10.8391,24.6553,-0.140654
10.8824,25.5622,0.299728
11.0366,26.5365,0.35985
10.9139,27.4974,-0.118229
11.214,28.1386,-0.81944
11.7552,3.2266,-0.193945
11.964,4.18501,0.136299
12.0053,5.16372,0.0989105
11.9873,6.14397,-0.18648
11.8589,7.09962,0.0675161
11.9378,8.08276,-0.0631062
11.9103,9.08987,-0.181124
11.932,9.98823,-0.663799
11.9768,10.9819,-0.662313
11.9785,11.9858,-0.774483
11.9615,12.9755,-0.898334
11.9142,13.8911,-1.49175
11.9602,13.9164,-2.54573
11.9821,14.721,-1.8923
12.0572,15.0402,-2.81566
11.8197,15.5546,-1.98415
11.9422,16.5674,-1.96368
12.0861,17.3413,-1.31212
12.3144,18.2137,-0.88298
12.3876,19.1733,-0.625202
12.042,20.1309,-0.85851
11.7873,21.0833,-0.905185
11.9665,22.0528,-0.636305
12.0167,22.7654,0.087109
12.0037,23.7254,0.344307
11.8502,24.6497,-0.0819269
11.8941,25.5887,0.273925
12.0651,26.622,0.139256
11.9279,27.5508,-0.190793
12.2204,28.0798,-1.02276
12.8446,3.16514,-0.0139409
12.9615,4.15185,-0.167901
13.0421,5.19723,-0.0508927
13.0804,6.20217,-0.29147
12.8493,7.14195,-0.00858791
12.9703,8.09923,-0.24163
12.9621,9.09909,-0.330082
12.9533,10.1094,-0.498288
12.9686,11.1153,-0.711719
13.0314,12.0856,-1.00548
12.9538,13.1118,-1.10921
12.9553,14.0521,-1.52025
13.0197,14.0518,-2.50294
12.9973,14.8237,-1.86843
13.0151,14.8362,-2.89356
12.8401,15.6345,-2.3032
12.924,16.4288,-1.71885
13.0744,17.3063,-1.23626
13.3221,18.2602,-1.0075
13.3952,19.2229,-0.7258
13.0981,20.1661,-0.848527
12.7726,21.1742,-0.912021
13.0259,22.0494,-0.558663
13.052,22.7707,0.0809961
13.0354,23.7236,0.33397
12.8409,24.7334,0.273196
12.863,25.7384,0.393545
13.0633,26.6299,-0.0903806
12.9738,27.6475,-0.0757958
13.2105,27.7879,-1.04453
13.9144,3.10283,0.0122837
14.0132,4.08807,-0.232304
14.0531,5.11139,-0.279138
14.0999,6.10963,-0.250212
13.9134,7.09162,-0.278133
14.0238,8.08688,-0.428193
14.0823,9.08245,-0.192593
13.9837,10.0081,-0.574651
14.0103,11.0403,-0.764669
14.0393,12.0488,-1.02187
13.9603,13.0476,-1.06634
14.028,14.0276,-1.40733
14.0558,14.0519,-2.40927
14.028,14.9133,-1.8362
14.0218,14.9245,-2.83345
13.8264,15.7308,-2.17862
13.9899,16.566,-1.68458
14.0671,17.3589,-1.05184
14.3476,18.2879,-1.2211
14.4142,19.0945,-0.545293
14.1184,20.0496,-0.769393
13.7605,20.9701,-0.639567
13.9913,21.9357,-0.375378
14.0817,22.8154,0.0721519
14.0456,23.7986,0.143025
13.8783,24.7763,0.218778
13.8921,25.7586,0.494678
14.1018,26.6168,-0.0166631
14.0166,27.6279,-0.152574
14.2091,27.9498,-1.09458
14.9505,3.10808,-0.0842921
15.1001,4.13692,-0.184216
15.1089,5.11155,-0.157482
15.1229,6.14747,-0.14854
14.9708,7.10993,-0.349071
15.0621,8.09989,-0.22754
15.1243,9.10616,-0.241441
15.0143,10.1245,-0.520011
15.0267,11.1304,-0.746513
15.0663,12.1482,-0.935578
15.0424,13.1519,-1.06857
15.0376,14.0315,-1.50471
15.0822,14.1273,-2.50046
15.0165,14.8999,-1.79762
15.0541,15.0707,-2.83742
14.8475,15.7549,-2.10484
15.0172,16.6623,-1.64883
15.0561,17.4694,-1.00898
15.2991,18.4461,-0.980383
15.374,19.2435,-0.392871
15.1548,20.2358,-0.481841
14.7694,21.1399,-0.813614
15.0433,21.8869,-0.210166
15.0246,22.7117,0.410965
15.1245,23.7016,0.0231361
14.9206,24.7368,0.151344
14.9085,25.6651,0.471941
15.0974,26.579,0.166338
15.0091,27.4173,-0.3382
15.0754,28.4264,-0.747212
16.0062,3.16,0.116861
16.1324,4.11664,-0.0745109
16.1083,5.16887,-0.147795
16.1762,6.15743,-0.340208
16.0047,7.1442,-0.337935
16.0992,8.1609,-0.32096
16.0935,9.14125,-0.514957
16.1089,10.1399,-0.486657
16.0803,11.1146,-0.729679
16.1285,12.1309,-0.844914
16.1032,13.1455,-0.918976
16.0631,14.1077,-1.31425
16.0777,14.1013,-2.35522
16.0273,14.9523,-1.7539
16.1262,15.0712,-2.80014
15.8433,15.7686,-2.10172
16.0124,16.5412,-1.43672
16.0948,17.3623,-0.8845
16.315,18.3199,-1.12572
16.3302,19.3044,-0.74088
16.1407,20.2294,-0.285669
15.7661,21.1089,-0.774886
16.0591,21.954,-0.264605
16.0705,22.6962,0.403409
16.1535,23.6705,0.100775
15.8959,24.6221,0.0173925
15.8722,25.5844,0.28659
16.1403,26.4909,0.0445692
15.9925,27.3954,-0.331587
16.1076,28.3407,-0.61825
17.0154,3.14307,0.0936216
17.1689,4.13734,-0.106357
17.1897,5.11477,-0.267965
17.2087,6.09302,-0.331602
17.0497,7.09725,-0.410623
17.1505,8.10955,-0.2772
17.1014,9.12109,-0.351253
17.1486,10.1139,-0.57036
17.0558,11.1715,-0.613627
17.1757,12.1722,-0.837596
17.1582,13.1741,-1.0634
17.104,14.1841,-1.24282
17.076,14.1378,-2.2688
17.0349,14.9607,-1.66007
17.1078,14.9886,-2.65765
16.8546,15.6013,-1.93053
17.0217,16.3876,-1.32866
17.0884,17.3852,-1.0295
17.306,18.3832,-0.839302
17.3676,19.3839,-0.7099
17.1512,20.2314,-0.152129
16.7652,21.0095,-0.609702
17.0497,21.8947,-0.326072
17.1597,22.5508,0.42392
17.1443,23.4793,0.0491134
16.8933,24.4528,-0.099942
16.882,25.3943,0.157283
17.1211,26.3445,-0.0528581
17.0211,27.3316,-0.260491
17.1766,28.3004,-0.432975
18.0631,3.03541,-0.128269
18.174,4.06703,0.0364055
18.1395,5.05662,0.0538896
18.1785,6.03934,-0.227311
18.1056,7.03651,-0.323753
18.1402,8.0499,-0.276797
18.1368,9.07,-0.394974
18.1704,10.0536,-0.36006
18.0774,11.057,-0.491427
18.1546,12.0061,-0.84225
18.2061,13.0938,-0.903317
18.2094,14.0197,-1.19964
18.0729,13.9759,-2.21644
18.0809,14.7601,-1.49448
18.128,15.0082,-2.49493
17.8539,15.5735,-1.70512
18.0308,16.5037,-1.23548
18.0698,17.3387,-0.671755
18.3178,18.3181,-0.802731
18.3715,19.336,-0.875204
18.2057,20.1427,-0.32617
17.8369,21.021,-0.584011
18.0113,22.0341,-0.504581
18.1793,22.5468,0.326682
18.1398,23.4905,-0.00499588
17.9149,24.4826,0.0115757
17.9507,25.5173,0.118964
18.1175,26.4808,-0.206409
17.9921,27.4829,-0.316617
18.1873,28.4415,-0.471749
19.051,2.84666,-0.147865
19.1213,3.8478,-0.411762
19.1536,4.89927,-0.24828
19.2008,5.95498,-0.22436
19.1256,6.98094,-0.136522
19.1702,8.04105,-0.417994
19.1972,9.0394,-0.313144
19.1908,10.0199,-0.380905
19.0934,11.0042,-0.606629
19.2199,11.9723,-0.803305
19.2342,12.97,-0.73307
19.2426,13.8947,-1.10367
19.1242,14.1184,-2.11969
19.0925,14.7219,-1.32004
19.1387,14.9556,-2.27839
18.9058,15.4653,-1.42871
19.0782,16.3739,-1.0735
19.172,17.299,-0.775552
19.2301,18.2134,-0.33162
19.2938,19.2345,-0.439753
19.2112,20.1666,-0.0660146
18.7943,21.1095,-0.234938
19.0096,22.0158,-0.5966
19.1976,22.6729,0.208399
19.1119,23.7268,0.198642
18.8627,24.6792,-0.0423536
18.9429,25.6441,0.2339
19.12,26.574,-0.204074
18.9608,27.5572,-0.522541
19.1893,28.5187,-0.549883
20.07,2.64853,-0.358769
20.0624,3.64674,-0.041493
20.1668,4.62235,-0.176751
20.1956,5.65571,-0.277413
20.079,6.65613,-0.159838
20.113,7.6415,-0.525489
20.1684,8.66438,-0.312543
20.1356,9.64245,-0.164733
20.0178,10.5933,-0.43791
20.2879,11.5841,-0.740236
20.1644,12.58,-0.88685
20.1971,13.6081,-0.860555
20.0668,13.8852,-1.80201
20.1196,14.7105,-1.2282
20.1879,14.96,-2.20966
19.888,15.6543,-1.45094
20.0929,16.5326,-0.987777
20.1603,17.4682,-0.550444
20.1673,18.3622,-0.100446
20.2047,19.3644,-0.139485
20.1901,20.2457,0.320429
19.8811,21.1219,-0.144267
19.9643,22.0881,-0.441493
20.1558,22.9748,0.00600909
20.0658,23.8042,0.574602
19.8585,24.7802,0.296118
19.9455,25.7269,-0.0177679
20.1481,26.6973,-0.254506
20.0355,27.6529,-0.519419
20.2099,28.6473,-0.500366
21.0505,2.46747,-0.239366
21.1087,3.48671,0.0307352
21.1272,4.43468,-0.350792
21.2343,5.43823,-0.352269
21.1641,6.42544,-0.138978
21.1049,7.42875,-0.200897
21.2197,8.38392,-0.427012
21.14,9.3668,-0.037318
21.0072,10.3175,-0.301755
21.2358,11.2684,-0.620765
21.1678,12.2776,-0.969506
21.1392,13.2599,-0.981994
21.1369,13.9434,-1.70696
21.1355,14.6598,-0.963469
21.1757,14.9124,-1.94329
20.9504,15.6515,-1.32175
21.0787,16.4615,-0.734825
21.1748,17.4346,-0.862874
21.1068,18.3239,-0.447243
21.2162,19.3086,-0.261266
21.2083,20.2331,0.0559862
20.9017,21.1708,-0.132707
20.9938,22.1717,-0.313401
21.1929,23.0752,0.1013
21.0497,23.7805,0.836781
20.8787,24.5913,0.234831
20.9463,25.5877,0.15374
21.233,26.5508,-0.173925
21.0806,27.5812,-0.293561
21.2547,28.5433,-0.701779
22.0381,2.25687,-0.0708579
22.0199,3.25794,-0.29577
22.0931,4.24245,-0.167937
22.2762,5.16042,-0.35428
22.1966,6.16995,-0.263591
22.0314,7.17139,-0.443434
22.2206,8.1655,-0.420106
22.0716,9.08998,0.00672018
22.0255,9.98473,-0.450295
22.1831,10.9551,-0.619062
22.125,11.9146,-0.998071
22.1084,12.9174,-0.747212
22.1452,13.6816,-1.42585
22.1354,14.3925,-0.701816
22.0662,14.5426,-1.69521
21.9866,15.5191,-1.31552
22.0954,16.4213,-0.93618
22.0672,17.2753,-0.409778
22.0595,18.3236,-0.710034
22.1935,19.2606,-0.302548
22.2161,20.2004,0.119959
21.8792,21.0383,-0.422874
21.9634,21.9892,0.00339976
22.2074,22.962,0.102478
22.0234,23.82,0.538563
21.9336,24.7961,0.307617
21.9257,25.7124,-0.178265
22.2254,26.5835,-0.477755
22.0686,27.5358,-0.264013
22.2928,28.4411,-0.643611
23.0094,1.95438,0.0494125
22.9777,2.85595,-0.398947
23.0671,3.87075,-0.188415
23.2582,4.84632,-0.502893
23.1686,5.85297,-0.266225
23.0466,6.91171,-0.275442
23.1852,7.89849,-0.590439
23.073,8.80856,-0.0237739
23.0905,9.75992,-0.357613
23.2029,10.7491,-0.513672
23.1884,11.6601,-0.933799
23.1014,12.6277,-0.777694
23.1718,13.4934,-1.30444
23.0908,14.0291,-0.469488
23.0215,14.4909,-1.34528
22.9945,15.5327,-1.1474
22.9924,16.264,-0.449794
23.0434,17.2517,-0.161696
23.0609,18.0931,-0.763124
23.1875,18.996,-0.288363
23.2012,19.9546,-0.0437727
22.9295,20.9437,-0.228788
22.9449,21.9139,0.0915922
23.2342,22.8334,0.308634
23.0559,23.8152,0.363277
22.929,24.8488,0.137382
22.9566,25.8154,-0.17853
23.2451,26.6408,-0.6931
23.0125,27.6649,-0.619123
23.2397,28.6009,-0.236915
24.0435,1.61546,-0.0641713
23.9121,2.55411,-0.359914
24.0445,3.56894,-0.28529
24.2525,4.55729,-0.396323
24.1265,5.5328,-0.475021
23.9656,6.49909,-0.211902
24.1284,7.48453,-0.458184
23.999,8.40714,-0.0643086
23.9975,9.38886,-0.263115
24.1347,10.3821,-0.31026
24.1476,11.2756,-0.689001
24.0724,12.2577,-0.945433
24.094,13.2732,-0.991885
24.0361,13.8468,-0.144069
24.0355,14.3563,-1.03466
23.9793,15.3655,-0.757945
23.9274,16.3911,-0.800101
24.0437,17.193,-0.111023
23.9484,18.1444,-0.344881
24.1307,19.0323,0.146257
24.2398,20.0509,0.0847316
23.9482,20.9486,-0.206455
23.9302,21.8846,0.235145
24.203,22.9197,0.177059
23.9743,23.8898,-0.0458907
23.9333,24.9302,0.053502
23.9409,25.9298,-0.166323
24.2411,26.7585,-0.699832
23.9869,27.7471,-0.608698
24.2318,28.6843,-0.372768
25.0043,1.30927,0.107962
24.909,2.24493,-0.258519
25.0761,3.22465,-0.456301
25.2153,4.26082,-0.415458
25.0795,5.29494,-0.410279
24.9834,6.23364,-0.0729209
25.1474,7.2263,-0.272002
24.9836,8.12753,0.188812
24.9601,8.97723,-0.351939
25.0336,9.96187,-0.501993
25.1452,11.0254,-0.55822
25.1027,12.0225,-0.648958
25.0279,12.9918,-0.724561
25.0685,13.784,-0.111979
25.0514,14.429,-0.878213
25.014,15.3955,-0.652229
24.9238,16.3686,-1.05339
25.0329,17.0955,-0.374221
24.9722,18.0861,-0.175362
25.1049,19.0775,0.1258
25.2603,20.0701,-0.0365886
24.9793,21.0131,0.0214148
24.8814,22.0026,0.0597156
25.0397,22.952,-0.338639
25.0075,23.9089,0.102435
24.9199,24.9368,-0.132798
24.9521,25.9243,-0.38536
25.2038,26.8875,-0.427937
25.0065,27.7667,-0.876962
25.082,28.3154,-0.0278573
25.9747,1.18766,0.49183
25.9535,1.98448,-0.185006
26.0778,2.96933,-0.306211
26.1623,3.97624,-0.165358
26.0871,4.97847,-0.176901
26.0448,5.97542,-0.10683
26.1194,6.94693,-0.384051
25.939,7.90028,-0.0400678
26.0553,8.86449,-0.316562
26.0698,9.78567,-0.664098
26.1547,10.7885,-0.717472
26.1836,11.774,-0.722629
25.9947,12.7229,-0.470067
26.124,13.6642,-0.0794702
26.0031,14.3853,-0.755199
26.011,15.3086,-0.37969
25.8544,16.233,-0.654415
26.0338,17.2234,-0.417429
25.9537,18.2169,-0.206223
26.0831,19.1538,0.251183
26.2089,20.1654,0.199396
25.9311,21.0424,-0.230198
25.9494,22.0079,0.114441
26.0671,22.9075,-0.264898
26.0366,23.8557,0.0596179
25.9422,24.8341,-0.014243
25.9299,25.8422,-0.235649
26.2484,26.7734,-0.462597
25.9491,27.7545,-0.471191
26.0654,28.6463,-0.0186316
26.9883,0.982501,0.59367
26.9632,1.68829,-0.1232
27.0513,2.68019,-0.192315
27.1136,3.62134,-0.016361
27.0097,4.5911,0.166515
27.0227,5.59364,-0.0479995
27.0717,6.56508,-0.329551
27.015,7.521,-0.0777947
27.0363,8.51887,-0.216391
27.0373,9.46641,-0.548656
27.1489,10.513,-0.563201
27.152,11.5156,-0.476458
26.9726,12.4984,-0.330284
27.0394,13.3449,0.169509
26.9567,14.2572,-0.319007
26.9875,15.2707,-0.21012
26.8883,16.2015,-0.582128
26.9756,17.1389,-0.194076
27.0216,18.1747,-0.323093
27.0599,19.1133,-0.0321085
27.1657,20.0925,-0.166063
26.9173,21.1026,-0.00599078
26.9373,22.0449,0.338508
27.0846,22.867,-0.214728
27.0331,23.876,-0.0531358
26.9808,24.8934,-0.118815
26.9156,25.963,0.006592
27.2823,26.8226,-0.339601
27.0332,27.7672,-0.316987
27.0866,28.76,-0.0657552
28.0062,0.782861,0.654543
27.935,1.41521,-0.126615
28.063,2.41345,-0.0449904
28.0853,3.41412,0.0980712
28.0494,4.47139,0.198807
28.0561,5.47866,0.0645344
28.1089,6.41557,-0.31789
27.9915,7.34519,0.0159551
28.0772,8.30301,-0.203354
28.0513,9.29344,-0.44275
28.1698,10.2298,-0.775591
28.0627,11.1029,-0.273345
27.9976,12.1321,-0.233158
28.0434,13.1519,-0.0667928
28.0176,14.1495,-0.4168
27.987,15.1186,-0.0634266
27.9037,16.0842,-0.512275
27.9661,17.0417,-0.174325
28.0538,18.031,-0.301807
28.0413,19.0896,-0.209433
28.1956,20.0727,-0.276794
27.9575,21.0098,-0.0295236
27.9987,21.9814,0.22627
28.0204,23.0002,0.0953368
28.0355,23.9917,0.0438704
28.0119,24.9777,-0.0115635
27.9421,25.9918,-0.115711
28.1545,26.9778,0.161055
28.0009,27.937,-0.136293
28.0896,28.9253,-0.298721
29.0105,0.50322,0.581353
28.9612,1.31954,-0.0621723
29.1,2.27389,-0.263952
29.0502,3.17298,0.240165
29.0904,4.17666,0.313532
29.0098,5.18646,0.154463
29.115,6.14625,-0.189352
28.9881,7.10196,0.0256783
29.0335,8.13983,0.0660298
29.0932,9.06891,-0.282656
29.0392,10.0824,-0.31467
29.0348,10.9872,0.0989929
29.0374,12.0011,-0.031428
29.0507,12.9687,-0.218662
28.9455,13.9528,-0.0952086
29.0389,14.9694,-0.114786
28.9529,15.9699,-0.331223
28.9762,16.9584,-0.156941
29.049,17.9421,-0.215259
29.0711,18.9479,-0.0760033
29.2033,19.9478,-0.0797723
28.9639,20.9545,0.117753
29.0628,22.009,0.0736839
29.0509,23.0251,0.11399
29.0574,24.0132,0.0708151
29.0649,25.035,0.0994537
28.9582,26.0501,0.0104617
29.1372,27.0325,-0.0338633
29.0329,28.0448,-0.154048
29.1005,29.0282,0.0214698
