0.151106,0.502301,-2.25658
0.118189,1.79899,-2.29278
0.152763,3.09124,-2.28007
0.210483,4.3306,-2.36883
0.220896,5.63465,-2.40693
0.196884,6.89252,-2.42823
0.188339,8.11577,-2.39232
0.320234,9.34467,-2.32427
0.485369,10.5329,-2.32354
0.81774,11.7188,-2.29393
1.27011,12.7847,-2.11801
1.15258,13.8525,-2.3016
0.598019,14.7102,-2.03769
0.578661,15.7374,-1.95334
0.0536912,16.5897,-2.07326
0.463189,17.4306,-1.57978
-0.1936,18.1815,-1.70083
0.119633,17.3631,-1.25171
-0.0309641,18.3164,-0.946245
-0.0252419,18.9434,-0.15251
0.733741,1.42605,-2.23439
0.791537,2.58986,-2.32404
0.898401,3.78415,-2.31584
1.01015,5.01594,-2.34746
1.06401,6.18871,-2.341
1.16137,7.33641,-2.36762
1.19203,8.53259,-2.30206
1.37185,9.72764,-2.24282
1.4773,10.9205,-2.14118
1.79718,12.1076,-1.85425
2.283,13.2286,-1.59735
2.07009,14.2921,-1.68663
1.4685,15.1508,-1.85095
1.55763,16.1373,-1.73492
1.0204,16.9571,-2.05474
1.38498,17.2828,-1.19009
0.864574,18.1635,-1.49102
1.09435,17.2106,-1.66078
0.968148,18.1916,-1.29921
0.814307,19.0469,-0.695401
1.70101,1.74802,-2.39806
1.7838,2.87358,-2.42946
1.8902,4.01459,-2.46102
1.993,5.2115,-2.48413
2.07029,6.42842,-2.42652
2.11536,7.68395,-2.45522
2.18981,8.89726,-2.25617
2.28796,10.1415,-2.16827
2.40589,11.3769,-1.86308
2.72147,12.6032,-1.48043
3.29865,13.753,-0.824815
2.89185,15.0883,-1.12658
2.10309,15.9123,-1.99008
2.45598,16.6603,-1.36504
1.64617,17.4263,-1.45322
2.46416,16.9129,-1.4158
1.87558,17.9121,-1.28914
2.10226,17.2286,-1.93672
2.00804,18.1033,-1.42362
1.78035,19.066,-0.999594
2.74168,1.37823,-2.4194
2.80791,2.55407,-2.34992
2.84494,3.69346,-2.25789
2.94234,4.82969,-2.47895
3.00729,5.96714,-2.37941
2.93543,7.12891,-2.35969
3.02396,8.29234,-2.26462
3.10161,9.46175,-2.19219
3.18722,10.6545,-2.05146
3.22644,11.7636,-1.7896
3.27021,12.9335,-1.6912
3.18417,14.0168,-1.67449
2.81084,14.9367,-1.92748
2.99719,15.9546,-1.75316
2.59555,16.8688,-1.77754
3.43639,17.0309,-1.28661
2.86164,17.8662,-1.07925
3.10517,17.3263,-1.86816
3.00068,18.2163,-1.47354
2.80286,19.07,-1.03695
3.75754,1.15646,-2.22167
3.76358,2.3014,-2.21997
3.8437,3.38724,-2.20213
3.9257,4.48213,-2.36723
3.93108,5.53229,-2.27881
3.79952,6.6289,-2.18347
3.88177,7.73762,-2.25373
3.91986,8.83227,-2.21886
3.87973,9.94765,-2.21957
3.90352,11.0075,-2.04418
3.82354,12.0643,-1.99929
3.7353,13.1346,-1.98727
3.66019,14.1935,-2.03919
3.60679,15.1466,-1.70227
3.41012,16.1302,-1.90221
4.15366,16.8497,-1.91908
3.85804,17.4525,-1.19012
4.1221,17.3984,-2.13854
4.04425,18.2104,-1.48977
3.85997,19.1106,-0.989215
4.70959,0.819367,-2.08168
4.66276,1.87067,-1.99974
4.73811,2.94031,-2.03066
4.86592,3.98982,-2.27781
4.86415,5.07747,-2.25512
4.72721,6.12025,-2.23793
4.70449,7.15755,-2.04265
4.83953,8.24719,-2.13493
4.77129,9.33641,-2.13945
4.81652,10.4799,-2.05015
4.67398,11.4323,-1.81584
4.53597,12.4387,-2.00831
4.46297,13.5029,-1.98467
4.45423,14.5228,-1.88275
4.34393,15.6071,-1.9036
5.01169,16.3373,-2.17204
4.71617,16.9945,-1.43835
5.1327,17.4651,-2.24447
5.04299,18.3516,-1.76906
4.89417,18.9742,-0.96151
5.61316,0.366628,-1.94514
5.5598,1.40003,-2.01397
5.63319,2.4765,-1.95831
5.75159,3.54465,-1.9464
5.68789,4.64293,-1.92837
5.69928,5.69435,-2.03101
5.69044,6.73665,-2.10173
5.75591,7.82124,-2.29018
5.71301,8.84833,-2.21156
5.63185,9.90504,-2.12216
5.56222,10.9051,-1.87101
5.48773,11.9817,-1.92572
5.37149,12.9861,-1.83284
5.38694,13.9849,-1.65894
5.24631,15.0329,-1.81501
5.73606,15.8761,-1.57557
5.72279,16.8206,-1.29604
6.1076,17.3726,-2.05916
6.09097,18.284,-1.61032
5.90038,19.0663,-0.967986
6.65069,0.143175,-2.01633
6.63471,1.16637,-1.94936
6.64829,2.23385,-2.00183
6.69853,3.28732,-1.88838
6.63727,4.30811,-2.03556
6.64115,5.42011,-1.84558
6.678,6.49043,-1.96092
6.6238,7.50085,-1.92496
6.66839,8.56292,-1.99664
6.59565,9.64818,-1.85596
6.53298,10.6608,-1.8825
6.50544,11.6639,-1.93387
6.40062,12.6577,-1.77997
6.41852,13.7149,-1.76514
6.2653,14.7236,-1.75226
6.68058,15.6608,-1.68115
6.6637,16.5942,-1.25938
7.13992,17.3181,-1.8485
7.10098,18.2202,-1.43568
6.90832,18.9944,-0.78442
7.62712,-0.015894,-1.82058
7.61616,1.04205,-1.83617
7.66628,2.09438,-1.74873
7.70753,3.13587,-1.76145
7.67812,4.11072,-1.92485
7.59235,5.09994,-1.76426
7.62428,6.20632,-1.80802
7.63303,7.28403,-1.86706
7.64776,8.3531,-1.87705
7.60453,9.3773,-1.70588
7.55296,10.4163,-1.75469
7.49485,11.3915,-1.92741
7.40896,12.3357,-1.56603
7.38191,13.3638,-1.66478
7.32414,14.4088,-1.66284
7.63309,15.3317,-1.47194
7.7032,16.3083,-1.1222
8.11346,16.9876,-1.79321
7.98744,17.8586,-1.20234
7.95711,18.8275,-0.967617
8.65896,-0.0810877,-1.6959
8.5787,0.975033,-1.72434
8.71438,1.99698,-1.69611
8.67439,3.02721,-1.78793
8.62133,4.04998,-1.69685
8.63532,5.10286,-1.71566
8.66078,6.14037,-1.87123
8.63789,7.14088,-1.60472
8.59293,8.18427,-1.53484
8.63662,9.20444,-1.6801
8.57385,10.2263,-1.46232
8.49442,11.186,-1.68036
8.44452,12.2006,-1.6341
8.416,13.2284,-1.66237
8.34229,14.2496,-1.7739
8.62074,15.155,-1.43324
8.76005,16.0905,-1.10211
8.98472,17.0864,-1.28741
8.9494,18.0498,-1.01498
8.97175,19.0865,-0.892077
9.71646,-0.271279,-1.70282
9.65532,0.806503,-1.56563
9.74814,1.81476,-1.48882
9.67546,2.8802,-1.62033
9.6459,3.92656,-1.7263
9.68219,4.98549,-1.61005
9.69745,6.03112,-1.53806
9.6719,7.03118,-1.67833
9.6213,8.06533,-1.56176
9.67609,9.0966,-1.50103
9.61364,10.1288,-1.37922
9.4938,11.1165,-1.42115
9.46005,12.1194,-1.60942
9.46341,13.208,-1.54012
9.3604,14.2326,-1.59622
9.64605,15.2249,-1.34383
9.82071,16.1956,-1.13307
9.95451,17.2371,-1.09704
9.93988,18.2097,-0.872686
9.97282,19.238,-0.749843
10.768,-0.175152,-1.60557
10.7466,0.889715,-1.65955
10.7947,1.95884,-1.48835
10.6865,2.96153,-1.51999
10.7297,4.02344,-1.57161
10.703,5.01209,-1.64325
10.7179,5.99085,-1.42893
10.6815,7.00218,-1.39965
10.6545,8.04032,-1.3702
10.6745,9.06324,-1.38428
10.6421,10.0979,-1.4754
10.5721,11.0729,-1.31288
10.5325,12.0958,-1.47296
10.4856,13.118,-1.53005
10.4567,14.0963,-1.36453
10.6402,15.0665,-1.08476
10.8292,16.1378,-1.17849
10.9376,17.0924,-0.794867
10.9345,18.0989,-0.818674
10.9733,19.1596,-0.65497
11.7917,-0.0806238,-1.53993
11.8148,0.965081,-1.56059
11.8421,1.95482,-1.5158
11.6791,2.9449,-1.53459
11.7514,3.96336,-1.44529
11.6707,4.91668,-1.28763
11.7198,5.94715,-1.27126
11.7234,6.91897,-1.15919
11.6759,7.97629,-1.34378
11.7609,9.03553,-1.34923
11.6918,10.0644,-1.34034
11.6069,11.0775,-1.41103
11.5679,12.0857,-1.35758
11.5302,13.1093,-1.46173
11.5704,14.1436,-1.39577
11.7126,15.1106,-1.20868
11.8468,16.1052,-0.94611
11.9421,17.123,-0.929136
11.927,18.1484,-1.02857
11.9817,19.0569,-0.618204
12.86,-0.130805,-1.67779
12.8295,0.885665,-1.63559
12.8283,1.89895,-1.56292
12.7182,2.90042,-1.4901
12.8368,3.9352,-1.40937
12.7604,4.94386,-1.46077
12.7281,5.9133,-1.34126
12.6984,6.94272,-1.39894
12.7369,7.96211,-1.33875
12.7679,8.98093,-1.55058
12.7331,9.99832,-1.49942
12.6264,10.99,-1.57307
12.549,12.0069,-1.37344
12.6391,13.0726,-1.50353
12.6395,14.1233,-1.43038
12.8031,15.1667,-1.30933
12.8634,16.1246,-1.11894
13.0026,17.1406,-0.86357
12.9386,18.1746,-0.948753
12.9982,19.1573,-0.97955
13.8929,-0.165899,-1.54361
13.8508,0.806607,-1.51611
13.8605,1.87241,-1.51979
13.7175,2.86733,-1.60483
13.8842,3.82547,-1.47656
13.7942,4.87374,-1.514
13.7318,5.91482,-1.2738
13.7303,6.95755,-1.37363
13.7661,7.95018,-1.5034
13.8068,9.00768,-1.53571
13.7587,9.97768,-1.3188
13.6321,10.9932,-1.49016
13.5755,12.0053,-1.35537
13.6257,13.0661,-1.34529
13.6938,14.1009,-1.28194
13.8415,15.0809,-1.21206
13.9358,16.1571,-1.06209
14.0059,17.1463,-0.947877
13.9831,18.1958,-0.926981
13.9987,19.2411,-0.872152
14.9018,-0.250502,-1.30908
14.8655,0.746565,-1.5198
14.8887,1.79563,-1.46343
14.8106,2.84742,-1.50814
14.8521,3.82923,-1.31075
14.8181,4.87052,-1.24503
14.8036,5.86301,-1.34129
14.7797,6.91625,-1.36762
14.7912,7.95527,-1.59302
14.8522,9.00689,-1.3221
14.7843,10.0085,-1.24448
14.6835,10.9751,-1.29125
14.5882,12.014,-1.19312
14.652,13.0462,-1.20209
14.6825,14.0599,-1.0992
14.8822,15.082,-1.24462
14.9669,16.1211,-1.05844
15.057,17.1165,-1.09955
15.0188,18.1211,-1.03848
15.0074,19.1907,-0.978774
15.9159,-0.240294,-1.28578
15.8798,0.761711,-1.41378
15.918,1.76746,-1.35709
15.8561,2.79435,-1.4822
15.8768,3.82287,-1.46573
15.848,4.85039,-1.23302
15.8683,5.88388,-1.28261
15.7773,6.89355,-1.43107
15.8403,7.88551,-1.30321
15.9076,8.90285,-1.37953
15.7971,9.90208,-1.17529
15.7183,10.9579,-1.21633
15.7322,11.9811,-1.16055
15.6904,12.9776,-1.08387
15.7326,14.01,-1.09931
15.9483,14.9985,-1.09323
15.9466,16.0582,-0.970165
16.058,17.0707,-0.917652
16.0611,18.1291,-0.828089
16.0268,19.1626,-0.812183
16.962,-0.257888,-1.32743
16.9047,0.8009,-1.47135
16.9338,1.79961,-1.43132
16.9053,2.8071,-1.30614
16.8747,3.83709,-1.22825
16.8785,4.85467,-1.20511
16.9158,5.89266,-1.22041
16.8018,6.90508,-1.26565
16.8858,7.93227,-1.13155
16.8813,8.94559,-1.19963
16.7497,10.0144,-1.28817
16.7448,11.0422,-1.29124
16.7781,12.0553,-1.25289
16.7282,13.0978,-1.16977
16.8061,14.1478,-1.04884
16.9867,15.1197,-1.00246
16.9809,16.1681,-0.788989
17.0632,17.2024,-1.05835
17.1213,18.1466,-0.600092
17.0479,19.2471,-0.631358
18.0385,-0.2553,-1.26532
17.9171,0.783477,-1.32978
17.9726,1.82058,-1.234
17.9433,2.81819,-1.17177
17.9547,3.88341,-1.23522
17.8529,4.95479,-1.09772
17.9564,6.00575,-1.07945
17.8558,7.02739,-1.14785
17.9205,8.02438,-1.09235
17.9638,9.01321,-1.00286
17.7423,10.0604,-1.31754
17.8174,11.0523,-1.14242
17.8,12.0814,-1.26024
17.7829,13.0993,-1.10366
17.886,14.0799,-0.884051
18.0067,15.1279,-0.812741
17.9874,16.1197,-0.917109
18.1043,17.1088,-0.84846
18.2042,18.1264,-0.655461
18.0163,19.0717,-0.280328
19.0617,0.0574633,-1.12502
18.9113,1.04045,-1.21344
18.9629,2.09201,-1.17469
18.9751,3.08591,-1.2964
18.939,4.0747,-1.21975
18.9023,5.05361,-1.23576
18.991,6.03389,-1.2695
18.9079,7.0333,-1.0706
18.947,8.08074,-0.976083
18.9887,9.11467,-0.985672
18.7431,10.1007,-1.12853
18.8693,11.1269,-0.991375
18.8928,12.1566,-1.13139
18.8536,13.1734,-1.02382
18.9381,14.2055,-0.873791
19.0101,15.2432,-0.995346
18.9825,16.2163,-1.06068
19.0861,17.1606,-0.728724
19.251,18.1645,-0.568844
19.0183,19.0714,-0.0517533
