0.00061037,0.000634785,-0.165307
0.00641194,1.255,-0.126826
-0.0239021,2.53468,-0.216877
-0.014124,3.84041,-0.166533
-0.00720237,5.12356,-0.155266
0.0218665,6.39207,-0.176315
0.00375378,7.6832,-0.152477
0.0490402,8.92937,-0.219675
0.0472976,10.1999,-0.277926
0.162471,11.4721,-0.247404
0.150896,12.697,-0.481112
0.164876,13.8285,-0.730152
0.194409,14.8671,-1.20648
0.168661,15.9248,-1.39763
0.0623554,16.7002,-0.775317
0.157158,17.6888,-0.835127
-0.0212775,17.6005,0.168004
0.0116062,17.7882,-0.878631
0.00145878,17.9744,0.130607
-0.0131443,18.9993,0.300452
0.934181,0.400406,-0.425541
0.878845,1.66699,-0.395425
0.887024,2.9672,-0.354891
0.909845,4.25735,-0.294885
0.935914,5.55542,-0.35063
0.922187,6.82439,-0.28225
0.924387,8.15091,-0.286673
0.954732,9.46238,-0.230033
0.954552,10.7626,-0.267824
1.11059,12.039,-0.164605
1.13391,13.2841,-0.32512
1.1291,14.4445,-0.805283
1.18358,15.3233,-1.52546
1.17733,16.3748,-1.58498
1.07593,16.9416,-0.747792
1.21136,17.9063,-0.952849
1.04351,17.7237,0.0504135
1.05641,17.6831,-0.954543
1.01469,18.0602,-0.0624592
1.02846,19.0088,0.331135
1.91832,0.603974,-0.455837
1.90327,1.88371,-0.369591
1.88694,3.16117,-0.398715
1.88809,4.47752,-0.412665
1.88889,5.84617,-0.382662
1.88762,7.15899,-0.314716
1.83865,8.54334,-0.154372
1.83151,9.88863,-0.105469
1.85004,11.2878,-0.100308
1.88651,12.7076,-0.0599628
1.86496,14.1952,0.103525
1.88538,15.3719,-0.783175
1.81516,15.9937,-2.2457
1.95815,17.2283,-1.76955
2.06175,17.2306,-0.561135
2.20829,18.1533,-0.950621
2.0751,17.7457,-0.0586596
2.05348,17.9463,-1.00802
2.08772,17.971,-0.0214606
2.05224,18.9287,0.384506
2.87256,0.375484,-0.248881
2.8548,1.63186,-0.332951
2.85604,2.88563,-0.349736
2.83866,4.15887,-0.349608
2.82137,5.50202,-0.316385
2.84081,6.75138,-0.398889
2.77793,8.07078,-0.378289
2.67692,9.33251,-0.290069
2.64163,10.5935,-0.322938
2.57438,11.8919,-0.353575
2.4408,13.0974,-0.315729
2.39062,14.2617,-0.745308
2.40239,15.1695,-1.51755
2.50686,16.2151,-1.54905
2.9242,16.6628,-0.688311
3.01729,17.553,-1.13921
3.06175,17.5691,-0.0919767
2.9392,17.5026,-1.05022
3.07974,18.0816,-0.225974
2.95642,19.0406,-0.0485519
3.88788,0.30567,-0.231358
3.85093,1.50902,-0.335603
3.86753,2.69778,-0.289999
3.84869,3.90056,-0.446077
3.71554,5.0892,-0.402149
3.72868,6.29838,-0.345677
3.64804,7.52165,-0.351732
3.57014,8.73218,-0.281863
3.4901,9.90817,-0.351061
3.34088,11.0948,-0.470281
3.1805,12.2126,-0.606418
3.06038,13.2861,-0.790271
3.01953,14.2991,-1.21261
3.22147,15.3449,-1.29425
3.81209,15.9851,-0.720664
3.86495,16.9532,-0.986349
4.00717,17.2901,-0.0651662
3.97226,17.6395,-0.990558
4.06044,18.1019,-0.114188
3.95584,19.0661,0.0256569
4.90259,0.170894,-0.243889
4.866,1.29125,-0.239433
4.83982,2.43099,-0.218308
4.7943,3.57778,-0.200696
4.73176,4.75313,-0.228214
4.67916,5.90566,-0.286544
4.58333,7.08178,-0.275335
4.54797,8.21278,-0.403577
4.40666,9.34263,-0.441484
4.21097,10.4049,-0.482015
4.04485,11.5381,-0.529667
3.95008,12.5971,-0.865456
3.91326,13.6492,-1.04741
4.02248,14.6451,-1.24928
4.62575,15.3609,-0.854619
4.72587,16.3788,-0.869308
4.98026,17.0361,-0.177273
4.95748,17.5732,-1.04068
5.10321,18.0528,-0.119633
4.93362,19.0344,-0.129197
5.9449,0.0561602,-0.124668
5.8253,1.1521,-0.232768
5.91395,2.30121,-0.144322
5.80309,3.41644,-0.227058
5.67448,4.47691,-0.225288
5.68718,5.61864,-0.326447
5.59939,6.7544,-0.361165
5.53349,7.84205,-0.298325
5.32292,8.90988,-0.469146
5.1688,9.97747,-0.372008
4.99533,11.0446,-0.455507
4.93209,12.0876,-0.827512
4.88665,13.1401,-0.937388
4.99,14.1024,-1.18932
5.52208,14.9146,-0.779498
5.61917,15.9156,-0.864431
5.96384,16.7131,-0.326109
5.9399,17.3967,-1.08759
6.13276,18.0044,-0.309589
5.92746,19.0362,-0.154338
6.96243,0.132981,-0.054738
6.81807,1.20323,-0.0923215
6.91505,2.27984,-0.159328
6.80888,3.34765,-0.125459
6.69813,4.37518,-0.291317
6.71438,5.43203,-0.293335
6.60476,6.54783,-0.328846
6.51766,7.57953,-0.330164
6.3023,8.6349,-0.319193
6.21172,9.63985,-0.326887
6.07701,10.7045,-0.488495
5.94764,11.6669,-0.784893
5.93637,12.745,-0.859972
6.03445,13.7848,-0.939412
6.45072,14.6115,-0.487216
6.54121,15.5852,-0.774206
6.99989,16.4528,-0.432383
6.9326,17.3765,-0.86484
7.12997,18.1464,-0.221073
6.91518,19.0132,0.179699
7.95682,0.00286264,-0.0937956
7.85092,1.05804,-0.0188849
7.94333,2.14225,-0.0447462
7.80997,3.2487,0.00661031
7.70156,4.25708,-0.0299966
7.75853,5.32165,-0.193966
7.67815,6.36828,-0.20723
7.55225,7.38744,-0.222452
7.41221,8.39283,-0.210846
7.23717,9.37974,-0.376449
7.11232,10.3884,-0.525709
7.01996,11.4102,-0.662813
6.974,12.434,-0.682516
7.08629,13.4685,-0.751994
7.43696,14.4314,-0.809458
7.54389,15.4328,-0.779147
7.99455,16.2294,-0.350429
7.88508,17.2368,-0.543538
8.1628,18.1378,-0.118894
7.96875,19.0365,0.165014
8.98755,-0.0443739,0.100455
8.88761,0.942576,-0.0661092
8.93898,1.98207,0.0905057
8.77338,3.05398,0.0928465
8.71165,4.06371,-0.0544939
8.7966,5.07892,-0.197256
8.65416,6.12224,-0.0546587
8.56907,7.17573,-0.11995
8.46361,8.19254,-0.0738548
8.30885,9.23212,-0.295273
8.2354,10.2268,-0.496963
8.09573,11.2518,-0.700678
8.10479,12.3143,-0.791144
8.16412,13.3152,-0.781069
8.47446,14.3176,-0.757927
8.64185,15.363,-0.52934
9.04056,16.2564,-0.318622
8.87935,17.2475,-0.501126
9.14859,18.1698,-0.275512
8.97046,18.999,0.226557
10.0138,-0.136113,-0.0891446
9.90393,0.893399,-0.170324
9.93944,1.91753,-0.0494308
9.77554,3.00204,-0.0575274
9.75647,4.00745,-0.0891293
9.84887,5.03228,-0.103061
9.66029,6.02665,-0.204147
9.60511,7.09005,-0.262606
9.51312,8.09713,-0.175332
9.41193,9.17623,-0.237983
9.29614,10.2109,-0.454344
9.18674,11.2703,-0.621665
9.17312,12.262,-0.626954
9.25692,13.2589,-0.586151
9.48116,14.2538,-0.674169
9.67108,15.2488,-0.3082
10.0252,16.131,-0.0450636
9.85263,17.0915,-0.14449
9.97773,18.0463,0.264635
9.98365,19.0335,0.321207
11.0287,-0.00692465,-0.131178
10.9348,1.02081,-0.146504
10.9226,2.10171,-0.0831233
10.7798,3.10375,0.150362
10.7813,4.12157,-0.00838038
10.8717,5.13365,-0.161547
10.7392,6.13087,-0.457622
10.6901,7.13217,-0.268712
10.5966,8.1635,-0.368307
10.4866,9.18357,-0.37843
10.3757,10.1993,-0.420923
10.2916,11.1604,-0.601495
10.2755,12.1857,-0.658974
10.3521,13.1815,-0.701611
10.5591,14.1657,-0.695837
10.6775,15.1888,-0.665035
11.0009,16.1356,-0.298862
10.8603,17.0882,-0.0634999
10.997,18.0645,0.255837
10.9637,19.0296,-0.0146794
11.9336,0.000476089,0.336033
11.816,0.990664,0.267858
11.925,1.97511,0.196475
11.8325,2.96792,0.220862
11.7624,3.95917,-0.18319
11.8466,4.97833,-0.191296
11.7678,6.04598,-0.301941
11.733,7.11067,-0.341429
11.6376,8.10582,-0.337642
11.5304,9.07495,-0.303281
11.4642,10.0885,-0.416822
11.3974,11.1188,-0.459752
11.4197,12.1164,-0.687796
11.4803,13.1455,-0.531199
11.5467,14.1506,-0.598996
11.6992,15.1545,-0.409973
11.9651,16.0688,-0.031196
11.8733,17.0701,-0.24044
11.9961,18.003,0.160903
11.9952,19.0431,-0.0852565
12.9957,0.01301,0.429783
12.7992,1.00895,0.434993
12.9612,1.93661,0.175048
12.8197,2.94962,0.180627
12.8122,3.9283,-0.0674032
12.8138,4.97492,0.0105441
12.7715,6.0526,-0.11775
12.7073,7.04867,-0.298767
12.6687,8.04877,-0.0975616
12.6125,9.07146,-0.168899
12.5091,10.0269,-0.549126
12.485,11.0392,-0.491968
12.494,12.0385,-0.572643
12.5366,13.0393,-0.367443
12.6046,14.0962,-0.463616
12.6996,15.0773,-0.516266
12.9684,15.9614,-0.0116428
12.9252,16.9397,-0.078811
13.0218,17.9673,0.0824061
12.9911,19.0195,-0.131886
14.0641,-0.0409253,0.404852
13.9145,1.02506,0.538041
14.0062,1.92445,0.0913938
13.8212,2.91463,0.126579
13.8439,3.97182,0.0158727
13.838,4.96861,0.193286
13.8198,5.98934,0.0944365
13.7627,6.95007,-0.241255
13.7623,7.96831,-0.249821
13.6878,9.02879,-0.295871
13.5925,10.0649,-0.41919
13.5308,11.12,-0.474252
13.5773,12.1279,-0.546547
13.6418,13.0844,-0.308386
13.709,14.1203,-0.370635
13.7052,15.105,-0.531913
13.9745,15.9678,-0.174926
13.9076,16.9051,0.239222
14.0222,17.9089,0.000283822
13.9968,18.9239,-0.0140965
15.0435,-0.00590533,0.428886
14.9858,1.00274,0.574044
15.005,1.90758,0.106131
14.8061,2.9551,0.198303
14.9152,3.94786,0.213025
14.8481,4.98044,0.107578
14.8406,6.01567,-0.0337107
14.8206,7.03626,-0.411231
14.8152,8.0035,-0.287753
14.7697,8.99788,-0.393924
14.7057,10.024,-0.499359
14.5833,11.0403,-0.347658
14.7138,12.0659,-0.519355
14.7205,13.0706,-0.37654
14.7685,14.1307,-0.355739
14.737,15.1998,-0.276531
14.9837,16.1735,-0.112601
14.8971,17.1479,0.120347
14.9798,18.1291,0.258855
14.9825,19.1471,0.222684
16.0164,-0.0782159,0.0494186
15.9053,0.896228,0.217783
15.986,1.91263,0.142656
15.8349,2.94488,0.156017
15.9432,3.98207,0.227781
15.8865,4.9844,-0.0288705
15.9427,6.03106,-0.144774
15.8584,7.00352,-0.2876
15.885,8.00299,-0.279003
15.8379,9.01487,-0.305426
15.7964,9.98053,-0.547526
15.6055,10.9792,-0.273305
15.796,12.0014,-0.372848
15.8008,13.0552,-0.340349
15.7612,14.0617,-0.0574755
15.8048,15.1168,-0.238697
16.0043,16.1076,-0.16436
15.9029,17.0312,0.2373
15.9789,17.992,-0.0153996
15.9773,19.0185,0.034489
16.9988,0.0564776,0.232789
16.9111,1.09215,0.397113
16.9052,2.09426,0.494568
16.8994,3.06952,0.401022
16.9575,4.09103,0.354595
16.9308,5.0398,0.00144353
17.0243,6.01599,-0.203754
16.9203,7.02823,-0.209275
16.9471,8.06715,-0.054677
16.8436,8.98125,-0.468502
16.8847,9.99991,-0.37478
16.6924,10.9677,-0.365703
16.9142,11.9767,-0.215586
16.8625,13.0213,-0.294699
16.8316,14.0127,-0.233116
16.8409,15.0395,-0.213038
17.017,16.0223,-0.063036
16.9422,16.9883,0.178457
17.0183,17.9903,-0.0163671
17.0197,19.0648,0.150008
18.0111,-0.0434278,0.196484
17.9561,1.01128,0.410981
17.9774,2.01638,0.277358
17.9146,3.07053,0.41438
17.9555,4.07501,0.309143
17.9529,5.03258,0.0631214
17.9597,6.04657,0.087051
17.9481,7.06265,-0.128394
17.965,8.06136,-0.113465
17.8472,9.02021,-0.490329
17.9792,9.95437,-0.237587
17.8016,10.9505,-0.27445
17.9289,11.9376,-0.346556
17.9309,13.0032,-0.29032
17.893,14.0432,-0.217127
17.8563,15.0375,-0.168593
18.0336,15.9646,0.102301
17.9774,16.9817,0.244743
18.0083,17.9656,0.313385
18.0067,18.9515,0.251378
19.0456,0.0121342,0.114115
18.9711,1.01106,0.321088
18.9664,1.9698,0.0745994
18.9542,2.92528,0.346553
18.9787,3.97391,0.279626
19.0006,4.9758,0.181387
18.9963,5.99045,0.141295
19.0162,6.97595,-0.0040376
19.0195,7.9844,-0.116004
18.9043,8.94728,-0.29465
19.0629,9.92873,-0.0856044
18.8971,10.9582,-0.150685
18.9917,11.9398,-0.0952055
18.9382,12.9859,-0.0926054
18.9443,14.019,-0.225239
18.9573,15.035,-0.0788934
19.0343,16.0062,0.173815
18.9891,16.9957,0.365648
19.0551,18.0093,0.356111
18.9968,18.9818,0.314057
