3.88238,6.06096,0.509122
3.50543,5.13691,0.751207
2.66439,5.06445,0.224729
3.19756,5.88757,0.458904
2.89041,6.76222,0.0550188
2.49787,5.89207,0.447206
2.17065,6.79861,0.0696249
2.78283,6.00983,0.24293
2.87287,5.57803,1.12917
3.40001,4.95709,1.78519
3.84649,5.16377,0.951051
4.09631,4.58449,0.153407
3.18505,4.2873,-0.115073
3.46409,4.95228,0.624088
3.09481,5.75979,0.138221
2.62282,4.85533,0.371963
2.61089,5.89146,0.345531
2.31379,6.90156,0.288055
2.65904,5.92725,0.176235
3.27945,5.49333,0.894082
3.88472,4.23573,0.547316
4.71965,3.74129,0.392178
3.774,4.19721,0.714142
2.74743,4.2852,0.765011
2.79325,5.27187,1.03933
3.15721,4.26303,0.929331
3.21321,5.12135,0.351222
2.61704,5.97015,0.306442
3.44444,5.76623,0.821775
2.59251,6.08096,1.30876
3.63175,3.49833,-0.114124
4.57053,3.28233,-0.474111
3.76746,3.90415,-0.230213
3.74778,4.13348,0.739274
3.11376,4.79232,0.177956
3.88679,5.01312,0.790689
4.01681,4.88419,-0.193399
3.5286,5.54651,0.420429
3.69386,6.49346,0.131217
3.55672,6.14667,1.06501
4.55171,3.25968,-0.445015
3.64555,3.08594,-0.789627
4.55433,3.59369,-0.78811
3.75416,3.83045,-0.192105
3.93028,4.87484,-0.365462
4.70512,4.75647,0.273064
4.78071,5.44462,-0.467318
3.84481,5.06066,-0.419932
4.35853,5.92783,-0.433399
3.81204,6.5327,0.154405
4.03783,2.48943,-0.889972
4.60993,3.33897,-1.14392
5.22122,2.90786,-0.362569
4.76015,3.78133,-0.552394
4.85022,4.63409,-0.00467238
5.45274,5.35801,-0.107666
5.42057,6.14796,-0.735865
4.7532,5.51342,-0.256813
5.27224,6.32026,-0.507001
4.68473,7.04779,-0.0782769
4.61884,3.22399,-1.14254
5.30349,3.1451,-0.435163
6.13425,2.7232,0.0336497
5.77447,3.62016,-0.296533
5.55805,4.54699,-0.674401
5.62791,5.44522,-1.13273
6.24598,5.737,-0.347032
5.34961,6.25822,-0.548671
5.68912,5.888,0.284893
5.56037,6.60985,-0.410434
4.85072,3.20643,-0.147737
5.55231,2.95348,0.521128
5.72005,3.68636,-0.138853
6.11854,4.5518,-0.4683
5.82342,5.47497,-0.68844
4.91147,5.95142,-0.624589
5.7078,6.56131,-0.372146
5.5144,5.97299,0.415833
5.60385,6.84826,-0.0681082
6.49374,6.38218,-0.000637837
5.45439,3.02252,0.596924
6.12207,3.68259,0.139647
6.30801,4.50431,-0.39899
5.92527,5.28459,0.13372
6.28691,6.18357,-0.0834895
5.55406,6.70918,-0.515256
6.40812,7.25181,-0.533381
5.73079,6.91501,0.152995
6.34553,7.30497,-0.615223
6.6411,7.32784,0.332536
6.28354,3.5535,0.132774
6.55827,4.11954,-0.704926
6.85871,3.8959,0.228739
6.85217,4.89174,0.328938
6.17116,5.18071,-0.318165
5.54677,5.74566,-0.862047
5.6958,6.61048,-0.301975
5.55069,7.49029,-0.667483
6.02453,7.49755,-1.60016
6.49049,7.28825,-0.680172
