4.51621,6.87188,0.464452
4.227,5.89344,0.771264
3.29726,5.43345,0.731687
2.56181,5.29284,1.4317
2.2008,5.44701,0.515259
2.60413,4.52792,0.41735
3.11545,4.97615,1.20731
3.73128,5.75788,1.18438
4.36068,5.5161,0.404114
3.80264,4.90041,-0.182995
4.12578,5.96968,0.325541
3.98235,4.95079,0.397958
3.13223,4.86054,-0.108927
3.22102,5.46327,0.718076
2.74811,4.59256,0.503485
2.55999,5.48256,0.0654714
3.36371,5.78603,0.608832
3.22274,6.64795,1.06721
4.02521,6.47184,0.439
3.31569,5.72667,0.177212
4.17373,5.1579,-0.34583
3.62406,5.90491,0.214908
4.09276,5.05555,-0.0248543
3.71047,4.54316,0.761483
3.4054,4.09727,-0.0929319
3.26595,5.03892,-0.483206
3.51562,5.99106,-0.356157
3.98464,6.40986,0.449333
4.76054,5.85142,0.647545
4.26105,5.89278,-0.200256
3.92639,4.19317,-0.467074
3.67476,4.90093,0.206906
3.87882,4.1442,-0.477523
4.53597,4.17918,0.251036
4.17616,4.59285,-0.596332
4.14974,5.57242,-0.390143
3.99503,6.07441,-1.26539
4.29446,6.57259,-0.461254
5.10244,6.62871,0.173611
4.16147,6.69807,0.434648
3.34469,4.76094,-1.1026
4.09927,4.40462,-0.575726
4.39575,4.35245,0.35345
5.26869,4.29356,0.878506
4.89737,4.12267,-0.109403
4.72723,5.01639,0.216047
4.24282,5.54612,-0.43766
3.98522,6.03295,-1.2611
4.38632,6.08525,-0.29747
4.88441,6.06829,0.626377
4.26923,4.88968,-0.788543
5.08583,4.32904,-0.523045
5.09998,5.07636,0.105377
4.95491,4.02597,-0.0528459
5.69437,4.71239,-0.05421
5.35776,5.6365,-0.243745
4.759,6.38535,-0.501486
4.97259,5.73587,-1.29879
4.91279,5.21525,-0.371706
5.64358,5.65059,0.144469
4.9211,4.22065,-0.435539
5.0515,3.83597,-1.35905
4.83698,4.29778,-0.445003
5.58154,4.77438,0.0571612
5.34917,5.65878,-0.307202
5.4234,5.0633,0.56502
5.11393,5.99045,0.374743
4.97206,5.36261,-0.385461
4.84853,5.62405,-1.31438
5.17418,5.08536,-0.505365
4.70399,4.95091,0.181549
4.84915,4.15641,-0.428925
5.83908,4.26497,-0.299283
6.4694,5.09393,-0.222868
6.21034,6.05964,0.0127842
6.04154,5.72928,0.944887
6.06211,5.8354,-0.0153447
5.69078,5.91427,-0.929853
5.26005,5.03741,-0.594403
4.84921,5.68233,-1.26181
5.60602,4.81612,-0.305408
4.69676,5.02999,-0.00858791
5.66483,5.1933,0.0262215
6.26565,6.04225,0.00790124
6.41231,6.57595,-0.832026
6.00756,6.00497,-0.0597369
5.71739,5.93003,-1.02769
5.63704,4.91032,-0.883471
5.35131,4.01525,-0.616495
5.53447,4.99485,-0.869124
5.21595,4.57072,0.600916
5.43526,5.57386,0.347584
4.71761,5.47239,-0.329859
5.56861,5.9104,-0.73032
6.38968,5.66623,-1.24794
5.4737,5.59564,-0.828626
5.03128,5.64289,-1.71162
5.01792,4.62111,-1.63452
5.23807,5.01035,-0.657891
4.95864,5.19136,-1.63065
