3.81741,5.52451,-0.653035
3.07455,5.42048,0.061916
2.95939,4.57425,0.589441
3.18122,5.1811,-0.182492
2.99323,5.91707,-0.885684
3.83374,5.60199,-0.396454
3.90288,6.08291,0.501688
3.01835,6.2876,0.051207
3.43059,6.56447,0.887951
2.43332,6.86465,1.03666
4.11916,4.93777,0.066451
3.43276,4.87067,0.801895
3.82477,4.37314,0.0232368
2.84324,4.32082,0.154839
3.241,5.07393,-0.378048
3.70884,5.12478,0.483453
2.94158,5.79991,0.534062
2.03795,6.15308,0.108808
2.42452,6.6462,0.871392
3.06603,6.35838,1.70304
3.52702,4.14133,0.216929
4.05249,4.11281,1.06651
3.19198,3.73059,0.643239
3.03815,4.66218,1.10184
3.74923,4.67913,0.348195
2.75863,4.86541,0.222398
3.19045,5.56591,-0.412384
3.02625,6.34209,0.273827
3.18679,6.06486,1.24205
4.01325,6.56812,1.45423
4.36376,3.87625,-0.281555
4.18587,3.26492,0.533662
3.74042,3.79185,-0.18771
3.04629,4.41601,0.105072
3.11482,5.39308,-0.0663839
3.73001,4.79498,0.422135
4.16419,5.58653,-0.096704
3.20355,5.39626,-0.0212867
3.90448,5.67771,0.686471
3.38838,6.56761,0.65215
4.68493,3.57949,0.619312
3.91319,4.08442,0.100348
4.7692,3.64016,-0.359679
3.95608,4.22026,-0.300522
3.7562,4.79002,0.468191
3.92286,5.71496,0.0753319
4.4759,6.49134,0.369677
3.49673,6.40042,0.113272
4.429,6.04412,-0.118763
3.84053,5.63806,0.636393
3.85172,3.15954,0.224073
4.74585,3.57976,0.0314798
5.73639,3.81134,-0.215052
4.90602,4.27218,-0.54893
4.42332,5.12961,-0.327244
4.94346,5.85147,0.206076
5.48868,6.66795,0.0440046
4.48849,6.41999,0.0167058
4.74713,6.56276,-0.965877
4.40006,6.30161,-0.0272011
4.73418,2.85789,0.601642
5.19043,2.75501,-0.287268
5.71488,3.05536,0.487576
5.75822,3.98116,0.0214331
5.25028,4.57944,-0.650893
5.67364,5.12828,0.0369823
6.24791,5.97078,0.00702231
5.47212,6.64278,0.241044
4.64053,6.1976,-0.0489303
5.11612,7.05059,-0.0480056
5.35716,3.54968,0.115119
6.04728,2.83041,0.242125
6.31197,3.76867,0.0496933
6.31484,4.67356,0.506232
5.66961,5.21999,-0.00680868
5.68738,5.66661,0.866973
5.37293,6.40765,0.250215
6.26059,6.17074,0.664904
5.57848,6.61981,0.0220954
5.92173,7.47606,-0.483358
5.42849,3.48731,-0.887374
6.08536,3.73525,-0.138203
5.95788,4.65934,0.246138
6.46717,5.47671,-0.037373
5.87449,5.73665,-0.838911
5.54646,6.10688,-0.0167577
6.26727,6.15765,0.697751
6.48837,6.6118,-0.212571
6.06159,7.48563,-0.0324717
5.94949,6.48471,-0.237709
6.06571,2.77079,-1.32011
5.85929,3.7368,-1.09757
6.09359,3.72978,-0.10618
6.67245,4.55719,-0.323478
6.75476,5.54953,-0.345277
6.55326,6.52987,-0.11764
5.53826,6.35554,0.0374554
5.73339,7.30645,-0.226759
6.08222,7.92222,-0.966427
5.93019,7.51692,-0.0220771
