17.6237,15.1889,-8.38401
2.23554,27.2251,1.78738
-0.967638,3.99643,-12.7429
0.601904,-18.6331,-0.629518
-6.15636,7.70773,-13.0382
-3.41605,-28.9207,-10.8064
15.9719,-4.74376,17.8014
-2.90533,1.58554,9.64803
-10.223,21.4617,0.720106
5.35785,19.0742,-3.69445
9.79816,12.9502,-8.56512
3.64411,15.2691,-3.76437
1.74749,4.21627,-5.62116
0.942537,-6.92244,-3.68597
-2.33618,-3.393,-7.76081
0.327653,-14.3094,-4.04138
6.71905,-5.7169,6.1277
3.75126,5.12273,3.6466
5.16574,16.036,-1.92422
20.8149,16.8106,-8.52016
7.55643,7.91735,-14.0008
4.64785,9.03617,-9.42866
3.28968,3.64945,-7.97129
2.01741,-1.64725,-5.88062
0.200052,-3.20606,-4.24842
1.1081,-6.0204,-0.809073
2.73592,-0.0772729,3.46292
1.93007,7.42901,4.5828
2.31012,14.589,4.5225
7.34116,18.4696,3.20598
7.04031,2.99429,-20.656
5.30162,4.67234,-15.3149
3.8352,2.94284,-11.1742
2.496,1.16293,-7.27648
1.23627,0.412253,-3.38821
0.741307,0.47101,0.844166
0.470809,5.20876,4.40743
-1.00848,10.9433,7.26459
-3.0822,16.5188,10.2321
-5.96084,20.6958,14.9398
7.40821,-1.7103,-28.4554
5.58299,1.02643,-20.6642
3.8696,1.92886,-14.0291
2.52037,2.94394,-8.37264
1.38553,3.89986,-3.26152
0.304328,5.45255,1.64528
-1.0052,9.55744,5.81481
-3.28603,14.4815,9.89641
-8.10739,19.283,15.2427
-19.4671,23.3716,27.0926
9.10418,-6.22766,-38.5928
4.25806,-0.0688375,-17.7001
2.68014,1.92448,-9.92015
1.67641,4.19564,-5.00196
1.31859,6.3464,-1.23453
1.40844,8.03478,1.87351
1.67117,10.2702,4.48657
1.8948,13.134,6.4006
2.42232,16.8748,4.24137
7.87063,21.9035,-7.52711
-11.8755,27.9297,11.1112
-0.442018,6.41001,2.64209
1.3063,2.79678,-2.38777
0.454228,6.09955,-0.377932
0.724418,8.92197,1.85241
2.5229,10.0619,3.33597
4.60441,10.5327,4.18988
7.09915,10.5437,4.2788
11.3958,7.91488,1.85408
20.099,-1.23974,-1.38508
14.4515,-38.952,20.4795
9.38685,-13.6293,9.99348
1.49029,-0.290756,3.22632
-1.11405,8.51905,4.12918
0.0735374,12.2791,5.05159
3.53186,12.268,5.03036
7.28386,11.0366,4.46603
11.3166,9.30336,3.74752
16.4347,6.77123,2.72209
23.006,3.15327,2.64589
-7.78234,6.97245,-8.70774
20.8385,0.0687368,3.77188
-6.45342,11.2346,-3.91294
-4.27141,17.0782,6.31955
-0.998685,16.6995,7.95007
2.61021,15.1382,6.91645
6.29478,13.4173,5.7212
10.1275,12.001,4.51616
13.9637,10.7193,3.14752
16.6727,13.3498,1.75266
25.1686,-0.347377,2.91222
58.0389,-7.85723,14.6799
-33.9018,23.2717,-14.3841
-4.37841,26.1773,15.7885
-2.15237,21.1844,11.5214
1.29646,18.0535,9.00767
4.8686,15.6475,7.14412
8.32735,13.9765,5.50809
11.5159,12.7091,4.0643
14.0914,13.0339,2.79213
