0.0312052,-0.00414136,0.0676504
1.04895,0.0325632,0.144432
2.07269,0.0374798,0.0667592
3.13417,0.0547685,0.043733
4.18667,0.0279153,-0.136872
5.21442,-0.0407117,-0.160399
6.10303,-0.211963,-0.618946
6.98843,0.038496,-0.239302
7.92831,-0.0115665,0.0371349
8.9,0.00509659,-0.192151
9.93182,-0.00607929,-0.228724
10.8399,0.0242744,0.233082
11.8462,-0.0403394,0.0427442
12.9127,-0.00492569,-0.0768151
13.9977,-0.0477798,-0.226905
14.9179,0.0182318,0.222498
15.9297,-0.0687826,0.355327
16.9598,-0.017835,0.141252
17.9644,0.00744652,0.199036
18.9779,-0.00824915,-0.0209143
0.00852687,0.996142,0.155364
1.06028,1.03658,0.0100986
2.01931,1.08528,0.141301
3.0314,1.09812,0.097055
3.99801,1.07574,-0.229722
5.01111,0.931632,-0.439399
6.0352,0.836436,-0.370186
7.0393,1.03668,-0.272423
8.00337,0.964803,0.00613727
8.99773,0.982678,-0.0123356
9.98067,1.00044,-0.109033
10.9785,0.995132,-0.0391949
11.9503,0.961113,-0.0340953
13.0309,0.980596,0.0370861
14.0418,0.947026,0.0606281
15.0187,0.886114,-0.236564
15.9998,0.933882,0.0506882
17.0311,0.972201,0.0582873
18.0394,1.05554,0.110138
19.0075,1.01821,-0.00233467
0.00583209,1.99038,-0.0940001
1.02551,2.04706,-0.169515
2.03876,2.06345,-0.163598
3.06132,2.11024,-0.135606
4.04226,2.0962,-0.189285
5.01974,1.94639,-0.215302
6.00533,1.84057,-0.299966
6.99345,2.08461,-0.44348
7.97723,2.01526,-0.103934
8.95762,2.00182,0.155266
9.97678,2.04373,0.0534135
10.9918,2.02933,-0.252358
12.0593,1.95568,-0.195215
13.047,2.00454,-0.209247
14.0715,1.99539,-0.193014
15.0782,1.93326,-0.310385
16.1054,1.92702,-0.189984
17.0035,2.0426,0.212464
17.99,2.03848,-0.0950346
18.9649,2.033,0.114292
0.0739189,3.0172,-0.185275
1.05795,3.04183,0.0847987
2.05346,3.10269,0.015009
3.02766,3.16319,-0.341655
4.02601,3.12895,-0.235917
5.01515,2.91151,0.0325602
5.96709,2.87294,-0.153905
6.93704,3.13295,-0.423817
7.94183,3.05246,-0.0972381
8.99898,2.99531,-0.202078
9.98525,3.08831,0.0739891
11.005,3.03728,0.0617908
12.0473,2.93726,-0.0343669
13.091,3.05752,-0.213791
14.0706,2.99812,-0.0399426
15.1024,2.94701,-0.0155583
16.1273,2.94728,0.0199713
17.0644,3.00315,0.332289
17.9924,3.07425,-0.0338694
18.9948,3.09151,0.272228
0.0338603,3.97688,0.0428632
1.04427,4.09019,0.210379
2.06868,4.10213,0.16162
3.08487,4.11786,0.0875301
4.03341,4.1306,-0.322169
4.98435,3.95499,-0.0403119
5.98791,3.94156,0.00522477
6.95314,4.15125,-0.35349
7.92107,4.08579,-0.156151
9.00341,4.01568,-0.254958
9.99102,4.03759,-0.127024
11.0016,4.02528,0.0109043
12.0125,3.89392,0.39303
13.0508,3.89676,0.408307
14.032,4.04519,0.10705
15.0183,3.94791,-0.0968963
15.9737,3.93208,-0.0238838
16.9976,4.01268,0.0989135
17.9616,4.05435,0.0324046
19.0074,4.0982,0.0705161
0.0156865,4.9277,-0.19809
0.960131,5.0595,0.0691244
1.94962,5.11562,0.303497
2.95663,5.10759,0.117139
3.9802,5.03669,0.158467
4.97123,4.99451,0.123478
5.96128,4.93688,0.0344401
7.0439,5.08691,-0.0142735
8.04182,5.07912,-0.196954
9.07308,5.07286,-0.0593677
10.0628,5.00708,0.128449
11.0663,5.04726,0.187646
12.0364,4.90116,0.120353
12.9736,4.89057,0.425593
13.9525,5.06193,0.177932
14.9734,5.00509,0.0581347
16.0036,4.92024,0.166854
16.9951,5.00951,0.168392
18.0125,5.01063,0.255504
19.0053,5.0942,0.155989
0.0708457,5.9365,-0.223103
1.08749,6.04975,-0.147484
2.1054,6.08501,0.00458693
3.11103,6.09795,-0.0272958
4.10085,6.04326,-0.0772973
5.0893,5.98344,-0.0865078
6.05718,5.99876,0.0800653
7.02867,6.0929,-0.229496
8.04595,6.10239,-0.160567
9.06516,6.04566,-0.134513
10.0612,5.9978,-0.231397
11.064,6.03785,-0.0173193
12.0284,5.92979,0.295901
12.9994,5.95278,0.467876
13.9593,6.04421,0.0093112
14.9587,6.03444,-0.0365276
15.9746,5.96576,0.102045
16.9566,5.99864,-0.022071
17.9671,6.01708,0.178381
18.9882,6.11723,0.0179785
0.0833277,6.92248,-0.0141545
1.13211,7.05357,0.0962706
2.10442,7.11198,-0.0184057
3.07886,7.11382,-0.066625
4.07707,7.0212,0.14586
5.10481,7.06172,-0.0239448
6.12545,6.98676,0.0152074
7.16022,7.09328,-0.161483
8.1324,7.09194,0.0889645
9.15623,7.07067,0.10144
10.1222,7.03847,-0.219938
11.1463,7.04584,-0.206973
12.1021,6.97066,0.163265
13.1095,6.9453,0.41128
14.0741,7.04793,0.186132
15.0455,7.05813,0.00535905
16.0442,7.00445,0.0295328
17.0452,7.03035,0.106525
18.0548,7.01633,0.240077
18.9722,7.1201,-0.156063
-0.00985748,7.9467,-0.237477
0.981454,8.0834,-0.0180517
2.01674,8.15,-0.0859493
2.98071,8.11725,-0.24485
3.97181,7.97663,-0.123127
4.9524,8.0498,0.0631581
5.93554,7.94048,0.154579
6.93247,8.03189,0.145103
7.97209,8.05909,-0.0946623
8.98068,8.03305,-0.161153
10.0434,8.03649,-0.23509
11.025,8.01514,-0.280184
11.9999,7.97548,-0.084286
12.9424,7.99001,0.304257
13.9825,8.04259,0.262386
14.9909,7.98965,0.425108
15.9199,8.01379,0.0358135
16.9494,8.05118,-0.143995
17.9547,8.03385,0.0462325
18.9803,8.0877,-0.136814
0.0374767,8.95682,-0.190649
1.02281,9.00963,-0.301605
1.9856,9.14472,0.00285653
2.98467,9.07491,0.183386
3.9963,8.98373,-0.0751244
4.99353,9.07884,-0.123496
6.02441,8.91971,0.0433119
6.98357,9.05493,0.2553
7.9435,9.02558,-0.0743858
8.9881,9.03302,-0.12667
9.99312,9.03806,-0.232295
11.0318,9.01488,-0.275887
12.0048,8.9483,0.0207617
13.0178,8.9738,0.198862
14.01,9.07531,0.165145
15.0121,9.02498,0.20293
15.9848,9.02461,0.0281838
17.0115,9.05925,0.106809
17.9983,9.04447,0.0692648
18.9575,9.1262,-0.0594684
-0.00311594,9.9529,-0.266088
0.965062,10.0162,-0.0849879
1.99106,10.1377,-0.0756554
3.03374,10.0664,-0.0427656
4.00208,9.98335,-0.202332
4.93787,10.0195,0.262603
5.90107,9.92609,0.107413
6.88491,10.0517,0.232102
7.88318,9.97348,0.228001
8.95417,9.95876,0.250069
9.98074,10.047,0.065099
11.0344,9.97242,0.0345988
12.0154,9.95913,0.242
13.0315,10.0168,0.500409
14.0185,10.1036,0.484466
14.9368,10.0834,0.117136
15.9606,10.0244,-0.000970489
16.9669,9.9797,-0.250121
18.046,10.0186,-0.160292
19.0466,10.2018,-0.180902
-0.0132084,11.0131,-0.308329
1.03192,10.9934,-0.323261
2.03328,11.0835,-0.496701
3.03528,10.9396,-0.588949
4.01097,11.0546,-0.231208
5.00735,11.021,0.119373
5.99815,10.9797,0.21243
7.01234,11.0445,0.334696
8.05369,11.0226,0.232249
9.04151,10.9895,0.18442
10.0127,11.052,0.136787
10.9479,10.8996,0.469326
11.9145,10.9865,0.150087
12.9569,10.9412,0.064452
14.0289,11.0659,0.0413221
15.0289,11.0387,0.293292
16.0057,11.0764,0.0503739
16.9849,10.9787,-0.147804
18.0065,10.9919,0.0715812
18.9811,11.1872,-0.0861751
-0.0116031,12.0053,-0.0974456
0.987243,12.0592,-0.364928
2.03854,12.028,-0.132252
3.01936,11.9091,-0.173263
3.98743,11.997,0.210291
4.9595,11.9896,-0.0233314
5.97229,11.9529,-0.200348
6.96204,11.9094,-0.177416
7.97506,11.9581,-0.202197
8.89916,11.9859,0.146419
9.95083,12.0291,0.119816
11.018,11.9482,0.18554
12.0719,12.0186,0.155208
13.0809,11.9306,-0.102149
13.9732,12.0228,0.287561
14.9253,12.0194,0.0389447
16.0072,12.0629,0.189505
17.0123,11.8982,0.243699
18.0528,12.0104,0.35775
19.0533,12.0992,0.315281
0.0633198,12.9925,-0.00302133
1.02454,13.0562,-0.282357
2.08154,13.0598,-0.358229
3.0337,12.9129,-0.0415082
4.02406,13.0271,0.164724
5.0112,12.9743,-0.139317
6.041,12.9358,-0.275716
7.01866,12.8958,0.0370281
8.01243,12.9924,-0.114084
9.0312,12.9348,-0.225639
9.9829,13.0559,-0.0482864
11.033,12.943,0.108609
11.9751,12.9219,-0.255281
12.9932,12.9113,-0.178909
14.0642,12.9846,-0.166427
15.0712,12.988,-0.21174
16.0702,13.0903,-0.035548
16.99,12.9785,0.350618
17.9701,13.0293,0.215723
18.9513,13.1169,0.112677
0.0370434,13.9702,0.147887
0.987091,14.086,-0.254927
2.03772,14.0841,-0.436909
3.01893,13.9107,-0.0992584
3.97181,14.0348,0.255739
4.97899,13.9884,-0.0740257
5.99323,13.9595,-0.217005
7.03842,13.8973,-0.135881
8.07867,14.0635,-0.117487
9.09581,13.9155,-0.231779
10.0604,13.9668,-0.415659
11.0013,13.9636,0.0520951
12.0012,13.9611,-0.207453
13.0106,13.9425,0.0624958
13.9955,14.0395,-0.109201
14.9939,14.0006,-0.0172765
15.963,14.0654,0.23629
16.9448,13.9848,0.165862
17.9763,14.0454,0.349318
18.9715,14.1817,0.043025
0.00489517,14.991,-0.108444
1.08541,15.0728,-0.111386
2.06017,15.0844,-0.240104
3.0447,14.9539,-0.0992859
4.01784,15.072,0.211692
4.87197,14.9617,-0.248582
5.87949,14.9698,-0.374505
6.88837,14.9219,-0.12393
7.86751,15.0179,-0.280355
8.89862,14.91,-0.238356
9.90837,14.9831,-0.215531
10.8997,14.9475,-0.110559
11.9554,14.9842,0.0244453
12.9425,14.9617,-0.102435
13.9924,15.0746,-0.0544816
15.0159,15.0443,0.23047
16.0656,15.0659,0.437242
17.0368,14.9683,-0.0354686
18.0767,14.943,-0.108383
19.043,15.1147,-0.292941
0.0275491,15.9777,0.193594
1.0527,16.0754,0.00300607
2.0593,16.0218,0.0931913
3.04545,15.9443,0.149239
3.98979,15.991,-0.18095
4.97846,15.9423,-0.258904
6.02536,15.9092,-0.21399
7.00216,15.9433,0.0970336
7.96605,15.9859,-0.217826
8.98791,15.9286,-0.208176
9.95794,16.0176,-0.198959
10.9617,15.9952,-0.218561
12.0195,15.9699,-0.214563
12.9896,16.0264,0.0489151
13.9948,16.1002,-0.125465
14.8965,16.0477,0.297363
15.9104,16.0935,0.415015
16.8796,16.0213,0.0505814
17.9094,16.0099,0.033488
18.961,16.051,0.056328
0.0301401,16.9472,-0.0526566
1.05484,17.0574,0.180779
2.07736,16.9579,0.431288
3.0497,16.967,0.0725059
4.05292,16.967,0.0875607
5.10023,16.9908,-0.117676
6.08065,16.9394,-0.159279
7.10624,16.9557,-0.041081
8.08953,16.956,0.214014
9.055,16.9461,-0.261245
10.0515,17.0146,-0.122376
11.0456,17.0068,-0.342534
12.0217,16.9649,-0.166784
13.0026,17.095,-0.118381
13.9844,17.107,-0.299759
14.9699,17.0141,-0.0106693
15.9695,17.0439,-0.0734489
16.954,16.9951,-0.215287
17.9708,17.0387,-0.16437
18.968,17.0603,-0.121088
0.060567,17.9746,0.0530534
1.06387,18.0942,0.446815
2.05651,17.9847,0.202228
3.08477,17.9825,0.293045
4.07756,17.9438,0.434202
5.04441,17.9915,0.17879
5.99971,17.9716,-0.052028
6.98658,17.9841,-0.0100925
8.02694,18.0332,0.109366
8.99801,17.9437,-0.123035
10.0064,18.0414,-0.169735
11.0624,18.0154,-0.258702
12.038,18.004,-0.0455794
13.039,18.055,0.269774
14.0477,18.0131,0.236625
15.0309,18.0328,0.100806
15.9511,18.0199,-0.375546
16.9693,17.9955,-0.274105
18.0394,18.0039,-0.182141
19.0261,18.044,-0.271905
0.0305277,18.9704,0.176186
1.05142,18.9447,-0.114414
2.04726,18.9892,0.240596
3.04564,18.9757,0.209052
4.10033,18.9996,0.161321
5.06209,18.9716,-0.0694082
6.07165,18.965,0.000408948
7.08047,18.9803,-0.127668
8.05766,18.9911,-0.00966826
9.08335,18.9784,-0.0770775
10.0569,19.0396,-0.309912
10.9941,18.9895,0.0386456
12.0213,18.9527,0.213593
12.9627,18.9629,-0.130839
13.9898,19.0152,0.0713675
14.9959,19.0416,0.227564
15.9295,19.0036,-0.0501175
16.948,18.9976,-0.158947
17.9476,19.0033,-0.0865596
18.9671,18.951,0.119819
