12.2795,-0.5184,4.18792
-11.9574,-16.1392,-1.95806
-6.07551,-0.564483,-7.83357
22.7936,2.67571,7.61616
11.472,-4.45787,-14.7457
-6.06721,-9.64763,-2.63423
5.79655,10.2133,6.37932
6.53544,10.267,-0.469478
0.631996,11.4255,-7.05059
-2.55211,11.7186,-4.63177
4.43691,-4.26454,0.93199
-3.2404,-8.8135,-1.34039
2.25571,-2.45036,-2.46373
12.5838,-0.530439,1.42801
8.52456,-2.6895,-5.81134
1.18171,-3.42037,-2.16854
3.29142,3.6836,1.69868
2.55418,7.9569,-0.217435
-1.01527,10.3587,-2.44172
-5.61283,12.1621,-2.27503
2.11892,-1.64707,-2.31693
0.107877,-4.26074,-2.01549
3.82684,-2.32532,-1.36724
7.9005,-1.05647,-0.330894
5.97758,-1.01736,-2.60743
2.72993,0.0157537,-1.18141
1.62422,3.39063,0.222529
0.341539,6.72839,0.800952
-1.89828,9.50726,0.93231
-4.57872,11.4466,1.51217
1.09046,2.20563,-5.30243
0.943388,-0.17246,-3.72553
3.03051,-0.0210517,-2.34032
5.20256,0.0137577,-1.03139
4.00851,0.723402,-0.736622
2.10093,2.30035,0.467467
0.667791,4.75236,1.83766
-0.899765,7.34087,2.9943
-2.9865,9.82322,4.24296
-5.49601,12.1782,5.45308
0.317927,6.1546,-8.42399
1.19536,3.52386,-5.4737
2.51727,2.34202,-3.03869
3.43782,1.701,-0.850246
2.75945,2.1279,0.955901
1.44183,3.64198,2.24961
0.16209,5.54737,3.70084
-1.23022,7.52652,5.54904
-3.18512,9.74322,7.68199
-7.82472,14.2108,8.9477
-0.442726,9.86724,-11.8975
2.46063,6.54099,-5.08568
3.24438,3.83486,-1.52687
2.90237,2.59348,0.992773
2.01616,2.55094,2.94559
1.27227,3.61033,4.15164
0.821451,4.96443,5.10461
0.64994,6.06629,6.31462
1.24666,5.39419,7.79212
4.83739,1.32161,7.86408
1.98818,13.1675,-3.11874
5.53549,3.69951,1.40544
4.57067,1.45085,1.90359
2.8084,1.75212,3.62764
1.37662,2.30616,5.22771
0.684878,3.42975,6.08726
1.18703,4.54608,6.50158
2.45304,4.9251,7.25153
4.32357,3.63415,8.34831
7.46176,1.63132,9.64823
16.3248,-13.3212,16.2636
10.283,-5.33822,8.01174
6.07327,-1.5527,4.70494
2.3448,0.764562,6.25736
0.221039,2.2396,7.73053
-0.203348,3.46876,7.92158
0.924091,4.17519,7.79629
2.46758,4.02723,7.23468
4.2166,4.0625,6.50424
5.87194,4.34374,5.09505
-1.48091,-10.4108,-5.21658
7.91989,-8.65126,2.50228
3.58415,0.0664174,0.254564
-1.19803,2.34214,8.26407
-1.98183,3.16855,10.3277
-1.24266,3.72492,9.6731
-0.000405896,4.06543,8.97662
1.28049,4.17094,8.19467
2.54006,4.31975,7.3966
1.35335,5.08894,7.60554
8.28295,-11.8592,2.10102
18.1726,-13.1857,9.29724
3.28616,6.23599,-8.87066
-6.35916,4.94535,16.0892
-4.10805,4.09319,13.0801
-2.48591,3.96455,11.3951
-1.02047,4.15661,10.0864
0.31059,4.15003,9.15423
1.47217,4.37299,8.27085
1.87712,5.34555,7.97062
