0.165145,0.543019,-2.24803
0.1244,1.81947,-2.36448
0.169887,3.13109,-2.47353
0.222471,4.42553,-2.52674
0.222791,5.68587,-2.5974
0.228483,6.94563,-2.79897
0.272948,8.14787,-2.87009
0.331611,9.38367,-3.05539
0.569079,10.5773,-3.18972
0.842558,11.773,-3.39444
1.29215,12.8868,-3.36594
1.11034,14.005,-3.30612
0.589178,14.8746,-2.90293
0.562102,15.8295,-2.48257
0.0659627,16.6155,-2.09139
0.259111,17.6615,-2.05192
-0.211072,18.4358,-1.46362
0.192343,17.5307,-1.69745
-0.0521256,18.2326,-0.972875
-0.0239204,18.9443,-0.210199
0.809122,1.43063,-2.42572
0.822846,2.60748,-2.46734
1.01577,3.77816,-2.60011
1.07716,4.98522,-2.70128
1.12861,6.22062,-2.80436
1.14296,7.45606,-2.89708
1.17346,8.69419,-3.07823
1.2742,9.93198,-3.28661
1.56406,11.0901,-3.4616
1.79207,12.3242,-3.70226
2.22787,13.5116,-3.91341
2.07844,14.5431,-3.51344
1.56407,15.252,-2.97469
1.56533,16.2868,-2.72782
1.0473,16.8121,-2.03368
1.38029,17.8,-2.12688
0.804199,18.3305,-1.47844
1.22398,17.4761,-1.84809
0.918378,18.2471,-1.29946
0.897247,19.0699,-0.673888
1.81232,1.79273,-2.41152
1.81503,2.96684,-2.54967
1.91675,4.16478,-2.5745
1.9864,5.41224,-2.5828
2.09442,6.63999,-2.74804
2.15358,7.85077,-2.96592
2.17457,9.05404,-3.29179
2.28489,10.3495,-3.50508
2.44296,11.6647,-3.75142
2.72986,12.9532,-4.05843
3.12798,14.2989,-4.42701
2.83352,15.4478,-3.73406
2.18541,15.869,-2.5252
2.36632,17.0095,-2.62867
1.76188,17.4672,-1.73817
2.43491,17.5463,-2.35932
1.81191,18.154,-1.68703
2.24735,17.2684,-1.72317
1.9508,18.2115,-1.44404
1.91961,19.0639,-0.842524
2.82863,1.53751,-2.42899
2.86716,2.70687,-2.42733
2.89645,3.9062,-2.53102
2.95668,5.08679,-2.69976
3.0933,6.23473,-2.82839
3.13305,7.38128,-2.95672
3.07183,8.52492,-3.15596
3.10624,9.68166,-3.40193
3.16032,10.8214,-3.63099
3.24919,12.0466,-3.76428
3.34678,13.2874,-3.826
3.23107,14.352,-3.52357
2.93242,15.176,-2.93742
3.06821,16.1512,-2.61859
2.74519,16.968,-1.95031
3.39867,17.6792,-2.13591
2.72146,17.8053,-1.36239
3.04327,17.6075,-2.2778
3.00783,18.2873,-1.51267
2.94901,19.1045,-0.927094
3.78029,1.19926,-2.18756
3.83438,2.36006,-2.1879
3.83459,3.45494,-2.41858
3.85481,4.59911,-2.54045
3.94271,5.69507,-2.66114
3.92938,6.83667,-2.7799
3.90687,7.94347,-2.95938
3.90447,9.08144,-3.00817
3.94641,10.2072,-3.25132
3.95374,11.3052,-3.36414
3.91664,12.3678,-3.41541
3.93793,13.4965,-3.27835
3.79501,14.4598,-2.86536
3.78617,15.3772,-2.42023
3.60396,16.217,-1.88009
4.15609,17.0239,-2.11492
3.69299,17.3565,-1.27798
4.04994,17.8166,-2.11591
3.99539,18.2301,-1.18102
3.95627,19.1481,-0.79505
4.75492,0.836927,-2.17346
4.79236,1.95355,-2.3341
4.77784,3.10093,-2.34986
4.75742,4.20814,-2.4136
4.80522,5.28124,-2.32453
4.80011,6.36385,-2.4885
4.76423,7.44995,-2.67207
4.84264,8.55902,-2.80449
4.75455,9.62846,-2.92037
4.74252,10.6961,-2.94057
4.70894,11.7689,-3.0526
4.64944,12.8164,-2.99692
4.64852,13.8017,-2.77196
4.61581,14.7837,-2.37933
4.45413,15.5689,-1.80432
4.94718,16.4093,-2.01585
4.72284,17.1703,-1.32605
5.01368,17.4205,-2.22604
4.94412,18.1634,-1.46615
4.94595,18.983,-0.932878
5.66757,0.39483,-1.9873
5.68509,1.47209,-2.11957
5.71759,2.61369,-2.14896
5.64692,3.68224,-2.24198
5.67535,4.78526,-2.29359
5.69871,5.86051,-2.36165
5.7094,6.98253,-2.45783
5.69717,8.05453,-2.57291
5.54837,9.1214,-2.44671
5.56365,10.1608,-2.65442
5.5359,11.1842,-2.77856
5.54647,12.2656,-2.7692
5.52716,13.2351,-2.58516
5.44433,14.1527,-2.18868
5.41011,15.0779,-1.78392
5.77515,15.9709,-1.5846
5.77228,16.8976,-1.22023
6.0037,17.4758,-2.01794
5.9058,18.0454,-1.19343
5.9527,19.0546,-1.02703
6.66261,0.146977,-2.01711
6.71645,1.24172,-2.0489
6.71959,2.33695,-2.05541
6.63853,3.38297,-2.14057
6.61258,4.441,-2.17232
6.67578,5.53511,-2.29239
6.66702,6.61663,-2.18618
6.61891,7.67429,-2.26246
6.52521,8.73264,-2.32508
6.51745,9.78192,-2.36413
6.47032,10.8345,-2.48238
6.41588,11.8496,-2.38344
6.41136,12.8388,-2.16984
6.47572,13.8359,-2.099
6.43122,14.778,-1.64075
6.74667,15.7629,-1.62713
6.72564,16.7133,-1.28414
7.0009,17.4795,-1.87627
6.97523,18.1422,-1.16322
6.91632,18.9886,-0.640229
7.68603,-0.0108524,-1.79766
7.72571,1.09054,-1.76541
7.65108,2.12021,-1.78816
7.66678,3.10948,-2.08299
7.649,4.2447,-2.11988
7.65664,5.27462,-1.93014
7.63627,6.34469,-1.88763
7.53442,7.37453,-1.91744
7.47978,8.44171,-1.96233
7.50197,9.49145,-2.03222
7.40954,10.5065,-2.2855
7.48064,11.5527,-2.22343
7.41867,12.5692,-2.10203
7.42982,13.5727,-1.90408
7.467,14.5488,-1.66119
7.76118,15.5086,-1.76846
7.74014,16.4032,-1.32965
8.01598,17.1772,-1.89238
7.97849,17.9638,-1.3167
7.91462,18.8564,-0.908072
8.69343,-0.0507767,-1.54358
8.71678,0.967028,-1.70484
8.68205,2.03917,-1.84175
8.6575,3.09875,-1.72974
8.60562,4.13901,-1.8664
8.65348,5.13179,-1.92876
8.64091,6.14357,-2.00004
8.55993,7.19765,-1.68151
8.43709,8.22366,-1.69033
8.53501,9.28596,-1.87032
8.41659,10.3376,-1.90028
8.42439,11.3339,-1.97891
8.39942,12.3343,-1.97332
8.49008,13.3262,-1.83539
8.49612,14.3101,-1.6248
8.7556,15.3424,-1.65543
8.80094,16.3481,-1.47265
9.00601,17.3259,-1.57684
8.95397,18.1302,-1.03092
8.93343,19.1065,-0.811069
9.72264,-0.256203,-1.65705
9.73682,0.799042,-1.70035
9.68064,1.89875,-1.68618
9.62241,2.99521,-1.59826
9.64159,4.04253,-1.79164
9.69666,5.11023,-1.83386
9.65426,6.11367,-1.71539
9.57735,7.09642,-1.67961
9.51125,8.13994,-1.70504
9.59055,9.21954,-1.71227
9.48631,10.2607,-1.67164
9.38813,11.2613,-1.55562
9.51433,12.2814,-1.83348
9.54812,13.3359,-1.84406
9.55149,14.2781,-1.5015
9.71273,15.2653,-1.47439
9.83389,16.2959,-1.23764
9.99019,17.2851,-1.30584
9.96565,18.2531,-1.02618
9.93496,19.2316,-0.91478
10.7686,-0.199387,-1.4436
10.7542,0.822843,-1.49106
10.7162,1.87298,-1.63173
10.6691,2.93117,-1.58294
10.6421,4.01487,-1.63125
10.7033,5.03953,-1.66594
10.6754,6.04118,-1.78628
10.596,7.04186,-1.60386
10.5468,8.02182,-1.49361
10.5837,9.02998,-1.64375
10.5407,10.0694,-1.69092
10.4588,11.0564,-1.58459
10.5486,12.0614,-1.63157
10.5762,13.0867,-1.69549
10.6572,14.1707,-1.55416
10.7783,15.1529,-1.3603
10.8566,16.1581,-1.20089
10.976,17.1701,-1.2375
11.0607,18.1788,-0.983435
10.9486,19.171,-0.967275
11.8456,-0.118073,-1.38336
11.764,0.907251,-1.41747
11.728,1.9304,-1.39014
11.7354,2.9351,-1.44515
11.6566,3.93997,-1.48436
11.7036,4.96784,-1.48436
11.6913,5.97447,-1.59236
11.5998,6.98606,-1.40974
11.5774,7.98673,-1.31938
11.6431,8.94817,-1.55156
11.5234,9.99338,-1.4387
11.4947,10.9943,-1.36287
11.6516,11.9847,-1.55471
11.6365,13.0722,-1.57463
11.7103,14.0523,-1.33233
11.8129,15.1101,-1.41236
11.8831,16.158,-1.35932
11.9867,17.2048,-1.33995
12.0689,18.1387,-1.05567
11.9586,19.1141,-1.29773
12.9029,-0.17416,-1.48825
12.7988,0.90441,-1.52868
12.8235,1.92151,-1.39411
12.7879,2.95878,-1.36718
12.6599,3.96612,-1.42837
12.7982,4.94094,-1.43804
12.6992,5.95842,-1.34185
12.6594,6.95676,-1.37636
12.6439,7.97273,-1.23866
12.6568,8.9809,-1.45036
12.576,10.0283,-1.50343
12.5761,11.0245,-1.26979
12.6728,12.0798,-1.19313
12.6526,13.0377,-1.41098
12.7357,14.0584,-1.32407
12.9039,15.0916,-1.24854
12.9466,16.1527,-1.41404
13.0015,17.1603,-1.19694
13.1587,18.191,-1.16662
13.0239,19.1722,-1.23255
13.8827,-0.15229,-1.37261
13.843,0.896637,-1.45421
13.8397,1.89521,-1.32196
13.8209,2.90575,-1.2047
13.7119,3.93244,-1.41391
13.8304,4.9555,-1.28421
13.8013,6.00266,-1.363
13.7164,7.08904,-1.41497
13.6933,8.09763,-1.33152
13.7443,9.07468,-1.467
13.6394,10.0809,-1.50784
13.6269,11.0219,-1.11896
13.6867,12.0762,-1.21068
13.6756,13.0761,-1.24196
13.7221,14.0948,-1.0553
13.9479,15.137,-1.16524
13.9674,16.1617,-1.11212
14.0041,17.183,-1.17244
14.2122,18.2048,-1.27416
14.044,19.2045,-1.11682
14.8815,-0.205322,-1.33282
14.8676,0.862557,-1.41543
14.8493,1.87197,-1.255
14.8978,2.88209,-1.28121
14.7714,3.87984,-1.26269
14.8533,4.91097,-1.38378
14.8215,5.96932,-1.3441
14.7942,7.00924,-1.4416
14.7366,7.98254,-1.27486
14.753,8.94902,-1.41732
14.6609,9.96226,-1.2492
14.7105,10.9899,-1.00513
14.7745,12.0529,-1.17741
14.7769,13.0682,-1.224
14.8069,14.0662,-1.10182
14.9393,15.0828,-0.9837
15.0206,16.1452,-1.03324
15.0647,17.1487,-1.12599
15.2374,18.1679,-1.11713
15.0939,19.2024,-1.23583
15.9097,-0.200287,-1.36859
15.9419,0.847749,-1.41547
15.9331,1.8595,-1.29213
15.9796,2.93058,-1.37602
15.7915,3.90254,-1.30753
15.8812,4.89894,-1.31073
15.8584,5.92073,-1.39535
15.8479,6.92571,-1.43883
15.8466,7.93644,-1.38061
15.7799,9.02645,-1.30264
15.647,10.0793,-1.46565
15.7909,11.038,-1.04627
15.7745,12.1112,-0.952532
15.8416,13.0848,-1.16475
15.7911,14.0649,-1.29866
15.9265,15.0175,-1.03825
16.0226,16.0545,-0.941484
16.0586,17.0974,-1.02602
16.2432,18.1198,-1.0207
16.1047,19.1442,-1.13817
17.0043,-0.32273,-1.40738
16.9424,0.71988,-1.48732
16.9305,1.79971,-1.5633
16.9834,2.78313,-1.49962
16.8662,3.82263,-1.31628
16.9173,4.89192,-1.32376
16.8594,5.95741,-1.45466
16.8812,6.96479,-1.41261
16.8707,8.02195,-1.21255
16.8381,8.99792,-1.41685
16.6457,10.0389,-1.22885
16.8171,11.0602,-1.35213
16.8432,12.0797,-1.06512
16.8563,13.1102,-1.13683
16.8068,14.1748,-1.1513
16.9478,15.1628,-1.20381
17.0504,16.1324,-0.966454
17.1013,17.1768,-1.11217
17.2775,18.2243,-0.983319
17.0088,19.2248,-0.733946
18.0374,-0.231968,-1.5666
17.9948,0.826865,-1.5419
17.9466,1.83585,-1.46055
17.9871,2.83128,-1.40872
17.9235,3.87389,-1.25609
17.9608,4.92358,-1.34565
17.8769,5.94272,-1.30163
17.9122,6.92459,-1.37353
17.8901,7.96937,-1.20625
17.9141,9.02436,-1.26858
17.6622,10.0591,-1.24776
17.8439,11.0512,-1.29771
17.8607,12.109,-1.30429
17.8989,13.1116,-1.27598
17.8713,14.1481,-1.21953
17.9815,15.1555,-1.1477
18.0264,16.1406,-0.936058
18.0919,17.151,-0.799011
18.2401,18.146,-0.640913
17.991,19.1061,-0.362392
19.0639,0.0560656,-1.43215
18.9341,1.06675,-1.25243
18.9846,2.10514,-1.40386
19.008,3.08817,-1.4321
18.9297,3.98082,-1.02537
18.8936,5.00305,-1.00717
18.9886,6.01247,-1.2958
18.9094,7.01923,-1.2527
18.9576,8.03001,-1.13248
19.014,9.08374,-1.25487
18.6624,10.0249,-1.17025
18.8997,11.0407,-1.20913
18.8859,12.0509,-1.20834
18.9025,13.125,-1.13251
18.9494,14.1548,-1.17186
19.0471,15.2287,-1.18563
19.0305,16.2358,-0.986743
19.131,17.2309,-0.798267
19.2602,18.1845,-0.545512
19.0228,19.0698,-0.144642
