0.0390149,-0.00415052,0.296579
1.03463,-0.00798975,0.186535
2.00967,0.0236641,0.0894192
3.0636,-0.00334178,-0.0416913
4.06549,0.00315561,-0.1841
5.08133,-0.00946684,-0.291757
6.01151,0.0122837,0.060918
7.03037,0.00785241,-0.20289
8.05098,-0.00584124,-0.220612
9.04003,0.0375439,-0.024073
10.0517,-0.0144047,0.0330515
11.0379,0.0215247,0.115796
12.0244,-0.00737022,-0.017893
13.0376,0.043376,-0.0700552
14.0065,-0.04185,-0.411228
15.0148,0.00769066,-0.147649
15.9312,-0.0186987,0.191458
16.9517,0.0431806,0.0880673
17.9705,-0.0207709,0.1447
18.9609,0.0207007,0.311286
0.0238533,1.01419,0.0250008
0.996661,0.997772,0.0718772
1.98923,1.08312,0.0386456
2.94573,1.07435,-0.191986
3.93597,1.01093,0.0107364
4.98884,0.985302,0.0884121
6.07654,0.990542,0.187985
7.07502,0.988772,0.150752
8.05048,0.922056,0.183526
9.0191,1.0725,-0.00679647
9.97141,0.954006,-0.152895
11.022,1.03476,-0.220145
12.0126,0.991662,0.0186407
12.9917,1.03924,-0.185049
13.9838,0.932762,-0.238936
15.0191,1.00185,-0.32129
16.0173,0.921903,-0.12324
17.0165,1.08732,-0.00226447
17.9762,0.954033,-0.0723167
18.9627,0.904257,-0.0968963
0.0514481,2.0562,0.0592242
1.07715,2.00992,0.0808771
2.00591,2.00955,-0.319858
3.06112,2.08341,-0.199097
3.97494,2.00435,0.188852
4.97935,1.96711,0.255943
5.95371,1.96586,0.267013
6.94501,2.00959,0.0717948
7.96981,1.93257,0.110077
8.96428,2.05883,-0.244588
9.95884,1.95852,-0.221442
10.9757,2.01614,0.0369304
12.0271,1.98998,-0.0324534
13.0197,2.02191,-0.151326
14.0119,1.9427,-0.342808
15.052,2.03401,-0.278167
16.0329,1.98898,-0.088757
17.0055,1.99269,-0.43741
17.9592,1.98311,-0.0583483
18.9916,1.93896,-0.010239
0.0137272,3.08131,-0.0492447
1.00658,3.02759,-0.0206702
2.08936,3.01705,-0.0615864
3.06062,3.07376,0.0516068
4.11403,3.05964,0.0396466
5.07858,2.93368,-0.0512406
6.07624,2.9724,0.0968871
7.0354,3.0018,-0.23404
8.06916,2.94609,-0.0574602
9.05043,3.06097,-0.0421247
10.0399,2.95457,-0.159157
11.0436,2.9581,-0.269472
12.0715,2.98754,-0.0632344
13.0324,2.9665,-0.493527
14.0494,2.94554,-0.412314
15.084,3.06183,-0.284036
16.0531,2.98078,0.0176611
17.0214,2.87167,0.0437788
18.0498,2.98883,0.0756737
19.0092,2.92065,0.288772
0.0282571,4.06673,0.000405896
0.98103,3.96752,-0.367882
1.96475,4.00665,-0.157546
2.94066,4.10347,0.118397
3.96701,4.04189,-0.0989349
4.97638,4.03114,0.0847926
5.98713,3.98612,-0.0565538
6.97697,4.0418,0.00187689
7.99186,3.92336,0.114814
8.99875,4.04404,0.0786431
9.95538,3.97378,-0.234754
10.9959,3.97361,-0.317826
11.9652,3.99238,-0.273284
13.03,3.94566,-0.275771
14.0505,3.98104,-0.397589
15.1092,4.04756,-0.137584
16.1622,3.96726,-0.247676
17.0724,3.9032,0.18428
18.076,3.90695,0.36783
19.0218,3.91135,0.0374096
0.0143773,5.05611,0.249986
0.99053,4.97854,-0.13517
1.97776,5.0409,-0.0317087
2.95661,5.0678,0.232084
3.88734,5.04914,-0.122477
4.92125,5.03345,-0.0900052
5.95439,5.0067,-0.0837306
6.98527,5.04624,-0.156688
7.99831,4.90524,-0.132209
8.99584,4.99953,-0.305466
10.0308,4.99253,-0.242152
11.0217,4.96713,-0.413575
12.0203,4.9872,-0.457219
13.0165,4.97525,-0.251994
14.0027,5.03749,-0.323862
15.0451,5.03192,-0.240568
16.0113,4.9298,-0.0445387
16.9639,4.83303,-0.20011
17.9762,4.80733,-0.153496
19.0098,4.89362,-0.0571398
-0.0577563,5.97298,-0.267284
0.977136,5.97947,-0.146269
1.93482,6.03453,0.132691
2.91049,6.08693,0.394021
3.83409,6.06255,-0.180306
4.88761,6.01986,-0.161199
5.91201,6.01461,-0.133595
6.9772,6.0689,-0.0880398
7.96873,5.99173,0.0243629
8.92299,5.9817,-0.344557
10.0027,5.9855,-0.312668
10.9972,5.97116,-0.529014
11.948,6.02431,-0.254897
12.9774,5.98502,-0.093234
13.968,6.00503,-0.106775
14.9572,6.0329,-0.240168
15.9929,5.97224,-0.125959
16.9811,5.83923,-0.00835902
17.9918,5.78082,0.14998
18.9726,5.9034,0.122871
-0.0933775,6.9975,-0.419999
0.907703,6.94357,-0.217283
1.91597,6.99778,-0.169234
2.92564,6.92208,-0.197964
3.9669,7.01527,-0.407431
4.9183,7.03964,-0.0521226
5.90426,7.03215,0.0557726
6.91402,7.08077,-0.302261
7.87873,6.9796,-0.00979949
8.90107,6.9793,-0.196274
9.93168,7.02284,-0.214255
10.9502,6.8771,-0.11522
11.9275,7.01964,-0.105377
12.9551,6.96995,0.0551744
13.9413,6.96826,0.34955
14.9005,6.97091,0.0257912
15.8921,6.94485,-0.044322
16.9022,6.83953,0.0422742
17.9246,6.86803,0.0753075
18.9572,6.87772,-0.0884243
-0.0206336,8.05063,-0.225163
0.957445,7.9396,-0.0147221
1.9375,7.969,-0.157653
2.95981,7.93027,-0.1314
3.92144,8.03848,-0.34973
4.94813,8.05681,-0.0926511
5.89786,8.0209,-0.30777
6.91593,8.06941,-0.0101688
7.89538,7.98328,-0.118686
8.93182,7.97302,-0.114341
9.97532,8.00203,0.0149846
10.9375,7.89051,-0.268657
11.9469,8.06024,-0.112845
12.9881,7.96094,-0.107477
14.0075,7.93981,0.0389233
14.995,7.96138,-0.17112
15.9789,7.94056,-0.137205
17.0306,7.81271,0.0183233
18.0141,7.90197,-0.0860775
19.0125,7.85273,-0.0949339
0.0653859,8.97771,0.0951415
1.06096,8.97895,0.0760277
2.02665,8.95712,-0.200977
2.97848,8.89315,-0.425953
3.92932,8.98755,-0.652422
4.95121,8.9552,-0.545592
5.976,9.02992,-0.257085
6.98861,9.12474,-0.00665304
7.97683,8.97135,-0.229771
8.97719,8.97882,-0.198047
10.04,8.98097,-0.165206
11.0635,8.89828,-0.135353
12.0548,9.06419,-0.095706
13.0508,8.96943,-0.0348796
14.0363,8.91995,-0.208701
15.0724,8.97685,-0.186578
16.0478,8.90864,0.163848
17.0016,8.83066,-0.177227
17.9525,8.89233,0.191824
18.9687,8.79931,0.243632
-0.0127873,9.98868,-0.0535661
1.03189,9.95239,0.103787
2.02394,10.0119,-0.193213
2.98138,9.84009,-0.102118
3.97192,9.92344,-0.308164
5.01672,9.94401,-0.483142
6.07469,10.0086,-0.3957
7.03305,9.83814,-0.681796
8.00407,9.93773,-0.465404
8.97776,9.9903,-0.338865
9.97771,9.96295,-0.263024
10.9823,9.89402,-0.243333
11.9996,10.0587,-0.323298
12.9985,9.99245,-0.151134
14.0049,9.92247,-0.192703
14.985,9.94618,-0.319233
15.9343,9.95259,0.0686422
16.9481,9.8633,-0.0240944
17.9684,9.87798,-0.0364971
19.0276,9.80806,-0.0941649
-0.0788842,11.0094,0.29783
0.972283,11.0006,0.179034
1.94852,11.0863,-0.119721
2.891,10.8897,-0.293918
3.87076,10.9129,-0.333021
4.94706,11.009,-0.493353
5.95255,10.9946,-0.604028
6.96748,10.8566,-0.595212
7.90775,10.9472,-0.24629
8.89135,10.9964,-0.275265
9.91971,10.9626,-0.0752098
10.9114,10.8448,0.0778283
11.8906,11.0025,-0.0134312
12.8991,11.063,-0.0873501
13.9265,10.8799,-0.156313
14.9867,10.9598,-0.205322
15.9742,10.9874,0.117859
16.9857,10.9902,-0.149574
17.9905,10.8944,0.0400983
19.011,10.8744,-0.186782
-0.0191931,12.0063,0.099762
0.959322,11.9803,-0.081341
2.07628,12.0871,-0.207831
3.07912,11.8635,-0.368078
4.07337,11.9226,-0.296243
5.0746,12.051,-0.321781
6.03619,12.0292,-0.625898
6.98522,11.8865,-0.346913
7.88719,11.9461,0.0461318
8.92996,12.0023,0.0327067
9.92431,11.9752,-0.013599
10.9588,11.8523,0.237471
11.9422,11.982,0.164943
12.9169,12.0949,-0.148582
13.9851,11.9218,-0.242409
14.9486,11.9582,-0.102158
15.9407,12.0278,-0.167003
17.0259,11.9996,-0.215915
18.0088,11.9128,-0.191256
19.0055,11.8729,-0.239503
-0.0236946,13.0586,0.192645
0.960845,12.9832,0.0436048
2.02109,13.0608,-0.0469832
3.04489,12.8781,-0.239402
4.00693,12.9006,-0.0509476
5.04472,13.0691,-0.140941
6.03713,13.023,-0.365706
7.06738,12.8804,-0.240812
8.0371,13.0249,-0.00246895
9.06482,12.9692,-0.0998993
10.0471,12.9995,0.140391
11.0556,12.863,0.11088
12.0377,12.9469,-0.0569323
13.0219,13.0954,-0.119877
14.0318,12.9432,-0.225275
14.9707,12.9562,0.181323
16.0197,12.987,0.221943
16.9862,12.9789,0.0507767
18.0138,12.9516,-0.137724
18.9898,12.8577,0.0143376
0.0170721,14.0555,0.0109867
1.00773,13.9669,-0.069924
2.02006,14.0532,-0.185537
3.04438,13.8734,-0.191452
4.08224,13.9091,-0.234358
5.07902,14.1155,-0.078988
6.10153,14.027,-0.256484
7.03734,13.8359,0.0831782
8.04882,14.0118,0.128379
9.10228,13.9637,0.131404
10.0964,14.0052,0.0305124
11.1082,13.899,0.223643
12.053,13.9301,-0.198355
13.0333,14.0862,0.0388256
14.047,13.9633,-0.123194
15.0481,13.9496,-0.00632344
16.019,13.9711,0.0489883
17.0413,13.9503,0.00120548
18.0362,13.9454,0.126032
19.0364,13.9007,-0.138978
-0.0146733,15.0331,-0.248048
0.940648,14.8997,0.176647
1.98003,14.9652,0.274044
3.01328,14.8807,0.149898
4.03466,14.9457,0.0631031
5.02777,15.0728,0.246892
6.03619,14.9113,0.289218
7.03716,14.8627,0.238932
8.02699,15.006,0.0159093
9.02127,14.9588,-0.0890439
10.0424,15.0389,0.102741
11.0979,14.9743,0.107416
12.1281,14.9687,-0.181903
13.1064,15.0721,0.156359
14.0701,14.9689,-0.0711631
15.0941,14.9263,-0.2202
16.0806,14.9726,-0.0348064
17.0811,14.9861,0.0201636
18.0469,14.8765,-0.256478
18.9975,14.8972,0.121528
-0.0055269,15.9659,0.0543748
0.970974,15.8827,0.070397
1.95052,15.9456,0.474038
2.93063,15.8744,0.193466
3.98865,15.939,0.265221
4.96268,16.0935,0.152647
5.94646,15.912,0.158663
6.94286,15.9072,0.137974
7.98617,15.9957,0.457952
8.9778,15.9656,0.164211
10.0103,16.0708,0.0720908
10.9914,15.963,0.0777459
11.9967,15.9752,-0.114493
13.0338,16.0542,0.0439833
14.0405,16.0165,-0.254045
15.014,15.9163,0.101938
15.9402,15.9461,-0.332527
16.9361,16.0173,-0.207404
17.9801,15.9129,-0.201822
19.0442,15.8832,-0.163201
0.0134953,17.0343,-0.120701
0.966268,16.9204,0.126142
2.00656,16.9531,0.31757
2.99734,16.9104,0.23137
4.00453,16.9815,0.271276
4.96949,17.0247,0.545497
5.98557,16.9842,0.341923
6.99844,16.9987,0.187823
8.00143,17.0362,0.437565
9.02107,16.9847,0.299689
9.97187,17.0482,-0.0719871
10.9576,17.0008,0.0243416
11.9599,16.9577,0.220002
12.9555,17.0119,0.36831
13.9808,16.8961,0.204572
14.9931,16.9327,0.125349
15.9625,16.9518,-0.188162
17.0065,16.9916,-0.0887326
18.0242,16.9781,-0.115802
18.9949,16.9275,-0.263066
-0.0388623,18.0159,0.15808
0.984216,17.9823,0.180578
1.95552,17.9592,0.288726
3.00409,17.9708,0.181545
3.97788,17.9761,0.40062
4.96092,17.9163,0.0669576
5.96456,17.9537,0.139213
6.96756,17.9866,0.00923795
7.95195,17.9433,-0.102173
8.94989,17.9402,0.00508744
9.95222,18.0013,0.219666
11.0209,18.0202,0.0370098
11.9849,17.9748,0.251527
12.9794,18.0124,0.303867
14.0117,17.9578,0.367043
14.9276,18.022,-0.123011
15.9533,17.9556,-0.0544816
16.9508,18.0399,-0.0727592
17.9711,18.0207,-0.123466
18.9783,17.9855,-0.193094
-0.0177557,18.9669,-0.241615
1.01702,18.9524,-0.166381
1.98712,18.9748,0.0967589
2.98878,19.0026,0.118482
3.97219,18.9999,0.20228
4.97638,18.9575,0.147282
6.02175,18.9804,-0.0574541
7.04405,18.9542,0.24384
8.0434,18.9207,0.061272
9.00607,18.9992,0.173714
10.0103,19.0124,0.00655232
11.0046,18.9855,-0.27546
12.0169,18.9713,-0.0883023
13.0443,19.0096,0.00876186
14.0426,18.947,0.182391
14.8928,19.0519,-0.330998
15.819,18.9578,0.0376415
16.8816,18.9903,0.211948
17.9358,19.005,0.0680746
18.9921,18.9651,0.00392163
