3.21032,4.50023,-0.470186
3.38912,5.47215,-0.400308
3.37036,5.82321,0.565795
2.57975,6.15868,1.04095
2.36697,5.15819,1.05043
3.19323,5.30722,0.546254
3.65327,5.30749,1.45115
3.51534,6.16001,0.824885
3.89346,5.57246,0.119694
3.55287,5.04613,0.881375
3.72081,5.32097,-0.674682
4.19847,6.0211,-0.214881
3.44478,5.32116,-0.29176
3.24515,5.47015,0.636882
2.45749,5.10375,0.0822382
2.90819,5.96449,-0.153334
3.36583,6.03721,0.70651
3.4094,6.83262,0.0678488
4.27609,6.43072,0.408927
4.42247,5.47324,0.677972
4.4866,5.06996,-0.0155248
4.29655,5.71074,0.717084
4.22984,4.88705,0.18656
3.50729,4.44941,0.741365
2.93753,4.25845,-0.0602863
3.17064,5.08762,-0.582345
3.85014,5.68983,-0.165368
4.28039,6.39329,0.442897
5.18758,6.62271,0.0152623
4.30161,6.18949,-0.00438551
3.63615,4.55415,-0.309958
4.16971,4.73201,0.547209
3.69668,4.01925,-0.0182958
4.40522,4.64729,0.373852
3.72005,4.81787,-0.349016
3.73995,5.84468,-0.306616
4.08426,5.50834,-1.15246
4.42722,6.31365,-0.578863
4.1574,6.7793,0.285537
4.37113,6.14136,1.01139
3.96902,4.28092,-1.20938
4.20972,4.82947,-0.416572
4.56525,4.37452,0.411426
5.11542,4.92878,-0.240715
4.39311,4.48807,0.311853
4.55299,5.51059,0.211081
4.74096,6.05712,-0.604373
4.04126,5.37517,-0.783212
4.65136,6.09968,-0.351869
4.54688,5.38312,0.375759
4.55845,3.52189,-0.823276
5.10364,4.36536,-0.638807
5.2811,5.01875,0.111133
4.51163,4.41088,0.425105
5.31876,4.90117,0.104395
5.10753,5.57447,-0.590136
5.60764,6.40954,-0.251262
4.65605,6.112,-0.473852
5.38894,5.38577,-0.445024
5.32816,4.78396,0.41431
4.95784,4.4263,-0.672527
5.07155,3.43287,-0.982397
5.40884,4.0512,-0.254717
5.39145,4.97238,0.272567
5.95462,5.21487,-0.558171
5.18523,4.73497,-0.0182714
5.05291,5.73399,0.213721
4.33637,5.16889,-0.263472
4.68042,6.10898,-0.402576
4.48763,5.17946,-0.098291
5.08339,4.94756,0.166369
5.37132,3.99397,-0.162947
6.20386,4.53562,-0.510959
6.11603,5.49744,-0.160848
5.12557,5.68921,-0.144777
5.28024,5.37929,0.775161
5.59039,4.9233,-0.0663137
5.11551,5.7262,-0.61055
4.33959,5.14531,-0.428318
5.21448,5.46497,-0.836824
5.83681,5.30127,-0.414411
4.89121,4.8804,-0.328336
5.76557,5.36231,-0.209458
5.56337,6.37567,-0.179186
6.14378,5.52113,-0.23
5.39563,4.86624,-0.0666646
5.38648,5.63707,-0.735914
4.60308,4.92824,-0.801584
4.69371,4.36598,0.0423963
4.47942,4.73905,-0.848167
5.23217,4.67086,0.00330821
5.5003,4.31446,-0.947185
5.857,5.22484,-1.20328
5.5927,5.3584,-0.242656
6.20027,4.84381,-0.942015
5.49206,5.59397,-0.810489
4.50717,5.14923,-0.775124
4.511,5.17591,-1.78761
4.58293,4.79502,-0.85092
3.90846,5.33508,-1.36503
