-0.0375103,0.126582,-0.292376
-0.00954619,1.11133,0.00968657
-0.0253334,2.01651,-0.352974
-0.0214118,2.98231,-0.0867824
-0.00546281,4.00038,-0.0523209
-0.00407727,5.03204,-0.0524613
-0.0155004,6.05558,0.102539
-0.0195013,7.06466,0.210224
-0.0349742,8.03796,-0.145689
-0.02172,9.06312,-0.403128
-0.0179693,10.0208,-0.121421
-0.0145909,11.0192,-0.220157
-0.0144078,12.0123,-0.123267
-0.00883206,13.0148,-0.0238899
-0.0192694,13.9726,-0.421509
-0.044908,15.0063,-0.241337
-0.0138279,15.9889,0.0410627
-0.0263955,17.0531,-0.0113376
-0.00575884,18.0225,0.20427
0.0757408,19.0108,0.00343638
-0.0119907,19.9918,-0.196023
-0.0463729,21.0418,-0.089227
-0.00624409,22.0428,0.0433119
-0.021955,23.0481,-0.0188604
-0.0470595,24.0452,0.0818934
-0.0073336,25.021,-0.160842
-0.0200903,25.9874,0.17828
-0.0126926,26.9403,0.0127293
-0.0241096,27.9346,0.0219001
-0.0358043,28.9303,0.214331
0.932829,0.401386,-0.533964
0.939949,1.41214,-0.256664
0.890378,2.43334,-0.528605
0.984564,3.27655,0.0425916
1.01068,4.28313,-0.0222602
0.974358,5.30364,-0.272256
1.02736,6.30287,-0.0320963
0.996582,7.24318,0.31138
1.01151,8.21893,-0.0677267
1.03044,9.20197,-0.358052
0.946525,10.18,-0.447792
1.07,11.2021,-0.323789
1.01079,12.1703,-0.148888
1.05623,13.1771,-0.165661
1.01444,14.0874,-0.552211
1.05934,15.1259,-0.405899
1.00734,16.0984,-0.0732871
0.970699,17.093,0.0298318
1.03715,18.0946,-0.0486923
1.03559,19.1114,-0.340941
0.996115,20.101,-0.322333
0.970412,21.0055,0.0962462
0.989346,21.9757,-0.0736381
0.945344,22.9477,-0.149031
1.02935,23.9532,0.0405988
0.978158,24.9291,0.242613
0.963555,25.9252,0.132402
0.995111,26.8655,-0.0674154
0.979983,27.8609,-0.0349651
1.02969,28.8108,0.168661
1.89197,0.782907,-0.460625
1.98375,1.75135,-0.122608
1.89206,2.71911,-0.386859
1.9782,3.5709,0.0583514
2.00024,4.56782,-0.216895
1.96451,5.5907,-0.287948
1.99417,6.5824,-0.276006
2.05607,7.51078,0.116794
2.01993,8.35857,-0.369665
2.05264,9.36769,-0.335044
1.95755,10.3658,-0.349458
2.13804,11.3634,-0.381735
2.04093,12.3718,-0.309278
2.0321,13.4064,-0.48873
1.95553,14.2516,-1.04736
2.08234,15.1583,-0.694244
2.04886,16.025,-0.210654
1.9938,17.0189,-0.103638
2.03452,18.0665,-0.277993
2.01625,19.1122,-0.143236
2.04545,20.0386,-0.596673
1.88101,21.0107,-0.433729
1.8782,22.0375,-0.565929
2.00963,22.942,-0.134706
2.03149,23.9637,-0.225977
1.88912,24.9638,-0.191308
2.01355,25.8941,0.121458
1.79461,26.8351,0.56144
1.94252,27.8382,0.313257
1.98462,28.7295,-0.118784
2.88803,0.842723,-0.447465
2.97412,1.86431,-0.313102
2.93673,2.85428,-0.246049
3.01645,3.85518,-0.139848
2.9861,4.8518,-0.137211
2.98005,5.75217,-0.598575
3.05877,6.75029,-0.298447
3.07464,7.69591,-0.0171087
3.04719,8.64913,-0.459389
3.03803,9.59195,-0.21135
3.01683,10.5717,-0.466582
3.16341,11.6059,-0.482574
2.99226,12.6241,-0.458147
3.0444,13.6649,-0.429176
2.98207,14.3865,-1.14256
3.10026,15.3555,-0.778982
3.01895,16.1941,-0.219361
2.99043,17.2212,-0.40098
3.1135,18.1714,-0.156661
2.98875,19.1542,-0.130134
3.00641,19.9508,-0.745357
2.93641,20.9621,-0.480734
2.90374,22.0116,-0.658046
3.02914,22.9507,-0.294217
3.00254,23.9228,0.00602741
2.78577,24.8635,0.213218
2.95602,25.8607,0.503946
2.79583,26.8207,0.40101
2.96374,27.8144,0.092053
2.95628,28.7715,-0.337083
3.8372,1.15044,-0.302878
4.0037,2.10955,-0.336177
3.92154,3.10946,-0.180349
3.96506,4.08878,-0.421696
4.05799,5.03032,0.00825526
4.00691,5.96903,-0.48255
4.02433,6.97079,-0.257186
4.06307,8.0095,-0.174853
4.03189,8.97299,-0.429597
4.07829,9.95365,-0.224982
4.04834,10.9216,-0.44185
4.16251,11.9197,-0.394058
3.97306,12.8616,-0.663301
4.03825,13.7982,-0.377013
4.03558,14.3866,-1.20388
4.09816,15.3365,-0.662764
3.93474,16.285,-0.724372
3.97837,17.3332,-0.651402
4.1302,18.116,-0.0730125
3.99937,19.0569,-0.311695
3.88073,20.0549,-0.273913
3.94876,21.012,-0.538655
3.93588,22.0262,-0.499384
4.03223,23.0143,-0.338649
4.02003,24.0086,-0.114628
3.76923,24.9653,0.0739708
4.01997,25.9058,0.303253
3.77071,26.8712,0.32848
3.93855,27.8898,0.170159
3.96362,28.7565,-0.288961
4.89353,1.32037,-0.268081
5.0202,2.24925,-0.56382
4.91035,3.26269,-0.306101
5.026,4.24538,-0.262331
5.09454,5.24925,-0.0103061
5.03406,6.18596,-0.476467
5.03606,7.16245,-0.340107
5.11135,8.1353,-0.217756
5.05886,9.17027,-0.418726
5.0926,10.2134,-0.363717
5.02741,11.2119,-0.543696
5.16363,12.2254,-0.513556
4.89461,13.0079,-1.11922
4.92168,13.9985,-0.814576
4.95533,14.6252,-1.62059
5.147,15.3164,-0.860335
4.98586,16.2844,-0.617637
4.98784,17.2745,-0.761867
5.15984,18.0438,-0.131037
5.02551,19.061,-0.0427808
4.93614,20.0455,-0.172906
4.9392,21.0208,-0.473867
4.90414,22.0316,-0.353151
4.98062,22.974,-0.00971404
5.04689,23.9566,0.0380474
4.81529,24.9856,-0.0284524
5.08068,25.9753,0.0899747
4.68311,26.8649,-0.0997284
4.94078,27.8291,0.0514328
4.95425,28.8135,0.0595538
5.8963,1.58265,-0.358974
5.94388,2.58137,-0.393255
5.88307,3.56053,-0.197543
6.01646,4.53474,-0.353832
6.08869,5.54121,-0.339515
6.00005,6.53087,-0.34615
6.02935,7.52153,-0.356566
6.03927,8.5165,-0.54825
6.04317,9.4966,-0.396011
6.06903,10.4501,-0.705759
6.0402,11.4742,-0.5678
6.17802,12.47,-0.741902
5.87393,13.1751,-1.39296
5.92236,14.136,-0.970681
5.97125,14.8343,-1.75393
6.1756,15.2954,-0.801328
6.01301,16.2681,-0.764135
6.03525,17.2347,-0.624693
6.15989,18.2591,-0.554207
6.07506,19.2083,-0.144459
5.93146,20.181,-0.31059
5.98268,21.1438,-0.594122
5.83862,21.9476,0.019306
5.99131,22.9561,-0.11539
6.08842,23.8651,0.33517
5.85234,24.8275,0.158013
6.09795,25.823,0.0222175
5.71241,26.7868,-0.0889035
5.95892,27.7611,0.0368114
5.96145,28.7514,-0.190649
6.8964,1.89861,-0.374642
6.95693,2.88873,-0.455956
6.85817,3.87519,-0.312598
7.01459,4.85844,-0.30596
7.05564,5.87292,-0.178915
6.99018,6.8467,-0.372011
7.01937,7.84874,-0.316257
7.05923,8.84559,-0.43712
6.9894,9.86657,-0.586755
7.07712,10.869,-0.793051
7.06843,11.8551,-0.667266
7.09118,12.8604,-0.770385
6.91176,13.3128,-1.64234
6.92929,14.1623,-1.09258
7.02296,14.8942,-1.76066
7.19083,15.4556,-0.947505
7.03428,16.4421,-0.733842
7.02644,17.4459,-0.567541
7.09005,18.3801,-0.209442
7.01542,19.3435,-0.498001
6.92204,20.282,-0.166967
6.98253,21.2183,-0.580209
6.80926,22.1321,-0.311359
6.94463,23.0035,0.122803
7.17416,23.9125,0.483877
6.87324,24.8472,0.165368
7.09216,25.8505,-0.00629597
6.74754,26.8346,-0.250023
6.94181,27.8629,-0.19686
6.96145,28.8812,-0.00681478
7.86557,2.16123,-0.468551
7.96529,3.18372,-0.534767
7.86481,4.21529,-0.402277
8.05587,5.24168,-0.367962
8.00573,6.19219,-0.0860988
7.90279,7.24629,-0.228703
7.9734,8.26817,-0.258409
7.98944,9.28307,-0.339998
7.88853,10.2638,-0.673455
8.03644,11.2342,-0.8468
7.96517,12.2553,-1.08976
8.0795,13.2749,-0.891546
7.93139,13.4619,-1.90581
7.96791,14.2488,-1.29681
8.00032,14.9689,-1.92151
8.20297,15.4449,-1.05733
8.05381,16.3431,-0.678991
7.89015,17.3114,-1.02226
8.04129,18.1944,-0.523826
8.03544,19.2264,-0.566655
7.89084,20.2058,-0.362496
7.97859,21.1832,-0.626963
7.84836,22.1069,-0.267534
7.9351,23.0776,-0.0430403
8.18236,24.0278,0.163387
7.9499,25.0288,0.241148
8.11639,25.9997,-0.0849757
7.79796,26.9224,-0.225471
7.94077,27.9759,-0.0716391
7.92821,28.98,-0.372008
8.80542,2.56727,-0.188055
8.93006,3.53603,-0.434352
8.85872,4.57266,-0.325932
9.04675,5.58149,-0.351015
8.9209,6.60799,-0.207132
8.85289,7.59354,-0.469893
8.96049,8.63361,-0.262154
8.97568,9.61159,-0.558559
8.85574,10.6438,-0.75327
9.01325,11.6005,-0.980966
8.93281,12.658,-1.05618
8.94444,13.7137,-1.12619
8.91328,13.7386,-2.11892
8.99325,14.5762,-1.43411
9.014,15.218,-2.23297
9.2205,15.2456,-1.20536
9.00457,16.2712,-1.00731
8.89819,17.2542,-0.958531
9.03521,18.0924,-0.385119
9.08843,19.092,-0.626487
8.95843,20.0658,-0.455779
9.05293,21.0855,-0.50195
8.913,22.0689,-0.30521
8.92809,23.0391,-0.0557787
9.11765,23.9681,-0.289111
8.87306,24.9343,-0.154851
9.13064,25.9313,0.0620228
8.73826,26.7438,-0.459902
8.99902,27.6443,-0.0386975
8.87895,28.6136,-0.470717
9.78469,2.72271,-0.132215
9.9687,3.67091,-0.48244
9.93714,4.73121,-0.563396
10.1459,5.75972,-0.422266
9.92658,6.77354,-0.519675
9.85871,7.77738,-0.469115
9.91001,8.76634,-0.608527
9.97424,9.77164,-0.694607
9.89576,10.7689,-0.712732
10.0166,11.7525,-0.945546
9.95443,12.6945,-1.19196
9.91854,13.7102,-1.46211
9.88928,14.1511,-2.4427
10.0417,14.5751,-1.52801
10.0301,15.1823,-2.31162
10.2209,15.1729,-1.32087
10.0664,16.1553,-1.09726
9.90578,17.1543,-1.00023
9.94196,18.1966,-0.904959
10.1258,19.1341,-0.670684
9.93937,20.1144,-0.616684
10.0798,21.1057,-0.423444
9.86764,21.9948,-0.0536973
9.91525,23.0179,0.0923399
10.1163,23.9813,0.031135
9.93953,24.9386,-0.166952
10.1106,25.8768,0.108502
9.75859,26.685,-0.344859
9.92399,27.6729,-0.465294
9.88212,28.6898,-0.254659
10.8163,2.85326,-0.385598
10.9439,3.83556,-0.472967
10.9783,4.88758,-0.353584
11.1667,5.9303,-0.470156
10.9369,6.92773,-0.569469
10.8583,7.93139,-0.503485
10.8658,8.94589,-0.497089
10.951,9.96717,-0.55732
10.9652,10.9932,-0.738438
10.9842,11.885,-1.20322
10.9874,12.9525,-1.31679
10.9272,13.8223,-1.76703
10.8722,14.2716,-2.6497
11.0541,14.6807,-1.74767
11.0228,15.2689,-2.54742
11.2945,15.1498,-1.55269
11.0468,16.1163,-1.33036
10.8479,17.1137,-1.44344
10.9127,18.0854,-1.21809
11.1593,18.9745,-0.711469
10.9495,19.933,-0.520682
11.0403,20.9252,-0.253285
10.8606,21.9105,-0.0868801
10.9196,22.9462,-0.0496933
11.0912,23.8966,0.294513
11.0037,24.8149,-0.11294
11.1317,25.8004,-0.19122
10.7777,26.7216,-0.433003
10.9821,27.6884,-0.304392
10.8639,28.724,-0.252715
11.8566,2.99119,-0.368508
11.9812,4.02335,-0.484606
11.9521,5.02858,-0.20398
12.1434,5.9574,-0.551881
11.9303,6.95209,-0.247829
11.9213,7.98694,-0.475689
11.8785,9.00748,-0.343358
11.9751,9.98139,-0.538939
11.9989,10.9276,-0.88265
11.9943,11.9783,-0.907404
12.0035,12.9308,-1.2643
12.0094,13.7983,-1.78643
11.8927,14.0326,-2.77165
12.0582,14.5698,-1.9103
12.0978,15.2194,-2.7092
12.2618,15.3299,-1.68748
12.0389,16.2407,-1.36772
11.8474,17.2006,-1.18529
11.9407,18.17,-1.37945
12.1817,19.084,-1.03651
11.9907,20.0458,-0.72794
12.0734,20.8209,-0.107428
11.8812,21.8191,-0.263918
11.944,22.8141,-0.230421
12.0615,23.7942,0.013831
12.0001,24.7754,-0.0365856
12.0615,25.6544,-0.508487
11.8156,26.6485,-0.353084
11.9738,27.6253,-0.323157
11.9104,28.688,-0.241777
12.8608,2.94619,-0.266137
13.0119,3.93709,-0.33744
12.9994,4.95879,-0.367782
13.1407,6.02239,-0.432624
12.9403,7.03024,-0.458419
12.9666,8.05043,-0.456789
12.9724,9.01597,-0.26455
13.0265,10.0003,-0.460005
13.008,10.92,-0.768807
13.0321,11.9549,-1.08754
13.0441,12.9286,-1.33363
13.0372,13.8581,-1.70746
12.9436,14.0659,-2.74257
13.0842,14.7196,-1.98765
13.0858,15.2069,-2.87085
13.2106,15.4579,-1.92114
13.0515,16.2101,-1.21558
12.8398,17.2425,-1.25735
12.9099,18.2286,-1.08479
13.2022,19.181,-1.23167
13.0131,20.0163,-0.616065
13.0582,20.7601,0.0517075
12.8945,21.7306,-0.202948
13.01,22.7085,-0.264483
13.0512,23.7485,-0.129737
13.0959,24.7099,0.130485
12.9776,25.6416,-0.0819422
12.8128,26.6487,-0.269259
12.9678,27.6279,-0.32754
12.9409,28.6608,-0.449049
13.8872,3.0718,-0.266924
13.9532,4.10425,-0.0834407
14.0316,5.06996,-0.312424
14.0986,6.04883,-0.233793
13.9617,7.05495,-0.202377
13.9737,8.13469,-0.214008
13.9862,9.0788,-0.488687
14.0532,10.0466,-0.685272
14.0016,11.0841,-0.748177
14.1233,12.0185,-1.16287
14.0132,13.0141,-1.01517
14.108,13.8542,-1.60766
13.9581,14.0706,-2.60278
14.0846,14.6329,-1.70479
14.0696,14.9967,-2.68674
14.2811,15.5554,-1.8496
14.0094,16.3214,-1.27671
13.825,17.2259,-0.814206
13.9639,18.158,-1.19043
14.0736,19.0398,-0.66545
13.9651,19.9942,-0.338215
14.0482,20.91,0.0683035
13.9817,21.8933,-0.199783
14.0032,22.8832,-0.0879238
14.0248,23.8493,0.0287179
14.0686,24.8507,-0.0700949
13.9614,25.8523,-0.29801
13.8154,26.8548,-0.40322
13.9274,27.7916,-0.0284127
13.9717,28.6133,-0.607367
14.9192,3.18355,-0.318653
14.9649,4.10769,0.00260628
15.0801,5.06643,-0.338603
15.131,6.07042,-0.328571
15.0235,7.0985,-0.199582
15.0179,8.12897,-0.392444
15.019,9.1379,-0.370693
15.0737,10.0926,-0.65038
15.0907,11.0777,-0.787768
15.0861,12.0734,-0.999136
15.0591,13.0677,-1.10879
15.0629,14.0812,-1.32135
15.0146,14.0481,-2.36848
15.0777,14.8976,-1.76696
15.0946,14.9542,-2.86264
15.1663,15.7434,-2.30185
14.9814,16.2725,-1.51118
14.8138,17.0658,-0.930772
14.907,18.0404,-0.76231
15.0293,18.9274,-0.314655
14.9596,19.9714,-0.31034
15.0496,20.978,-0.145625
15.079,21.9532,-0.220099
14.9947,22.9522,0.0601947
15.0524,23.972,0.175518
15.156,24.9432,-0.135441
15.0238,25.9562,-0.279418
14.8043,26.9321,-0.262499
14.9878,27.8912,0.104334
14.9395,28.829,-0.385269
15.9488,3.10041,-0.189071
15.9876,4.04656,0.214957
16.1204,5.05016,-0.0822047
16.1248,6.06044,-0.250835
16.0738,7.09254,-0.333818
16.1202,8.07766,-0.475182
16.0419,9.07543,-0.439384
16.0632,10.0906,-0.617472
16.1374,11.1106,-0.812238
16.0954,12.1327,-0.987457
16.1183,13.1361,-1.05944
16.0948,13.9721,-1.60663
16.0806,14.0922,-2.62033
16.0655,14.7636,-1.92492
16.0805,15.1775,-2.83168
16.1025,15.548,-1.9284
15.9571,16.3353,-1.34992
15.8227,17.1053,-0.75399
15.9651,18.0847,-0.727625
16.0711,19.0445,-0.390014
16.0046,20.0343,-0.530244
16.0804,20.9633,-0.154393
16.0558,21.9808,0.0488449
16.0148,22.9958,0.0705527
16.0009,24.0141,-0.187024
16.2166,24.9488,0.018543
16.0623,25.9055,-0.282601
15.8142,26.8992,-0.0039491
16.038,27.8665,0.0332713
15.9599,28.8772,-0.209421
16.9995,3.0664,0.00741295
17.0077,4.05183,0.0926328
17.1255,5.05658,-0.0392529
17.1115,6.08917,-0.0611988
17.0757,6.97589,-0.548595
17.1419,7.99645,-0.641121
17.0532,8.98744,-0.467876
17.1238,9.96326,-0.595642
17.1462,11.0045,-0.630909
17.1873,12.1001,-0.809235
17.2062,13.0731,-1.11655
17.1538,14.0551,-1.50844
17.1078,13.9756,-2.53097
17.113,14.6682,-1.76393
17.106,14.942,-2.78796
17.1515,15.4818,-1.91856
17.0385,16.2835,-1.31943
16.8176,17.0102,-0.672701
16.9622,18.0514,-0.589142
17.062,18.9469,-0.166036
16.9956,19.9444,-0.334794
17.0725,20.9531,-0.21471
17.0617,21.9742,-0.211985
17.0563,23.0083,-0.152409
16.9514,23.969,0.198611
17.217,24.9211,0.116752
17.0782,25.9113,-0.0524857
16.851,26.8716,-0.079458
17.0213,27.8752,-0.0395093
17.0442,28.8358,-0.325587
18.0544,2.89459,0.0408612
18.0237,3.89343,0.0362743
18.1529,4.8691,-0.109043
18.1173,5.86316,-0.282727
18.0684,6.8569,-0.625636
18.1391,7.89648,-0.668841
18.1426,8.91647,-0.669674
18.1324,9.92705,-0.812284
18.2082,10.9218,-0.650609
18.2593,11.9294,-0.891653
18.2322,12.9046,-1.10965
18.1891,13.8695,-1.52474
18.1576,14.1193,-2.47608
18.134,14.7373,-1.6571
18.0647,15.119,-2.59549
18.178,15.5937,-1.7142
17.9454,16.1046,-0.841636
17.8204,17.1164,-0.882348
18.0429,18.0675,-0.651448
18.0066,19.0626,-0.492218
17.9813,20.0764,-0.329945
18.0573,21.0391,-0.11536
18.0778,22.0016,-0.257302
18.0451,23.0041,-0.10427
17.954,23.9905,0.00616779
18.2448,24.9476,0.176388
18.0175,25.8185,-0.35699
17.8668,26.7909,-0.0434462
18.0153,27.7758,-0.0682821
18.1286,28.7692,-0.274245
19.0804,2.72651,0.361022
19.0676,3.64974,-0.0237281
19.1131,4.57816,-0.454369
19.1456,5.57295,-0.426286
19.063,6.60162,-0.492517
19.1867,7.60964,-0.497815
19.1027,8.62458,-0.664321
19.1292,9.70667,-0.905127
19.2214,10.7674,-0.864714
19.3194,11.8013,-1.00176
19.2507,12.9102,-1.15737
19.1995,13.9845,-1.29882
19.1898,14.2401,-2.30168
19.1553,14.9939,-1.58429
19.1214,15.0483,-2.58698
19.1024,15.943,-2.02094
18.947,16.1816,-1.03225
18.8044,17.2517,-0.991839
19.0318,18.1835,-0.725367
18.9705,19.0916,-0.273632
18.9958,20.085,-0.375549
19.0768,21.0794,-0.347859
19.1148,22.1052,-0.252931
19.0536,23.0473,0.165932
19.0043,24.0507,0.331123
19.2395,25.0286,0.340721
18.9952,25.8861,-0.161144
18.9243,26.9099,-0.0850459
19.0429,27.8936,0.0705161
19.1432,28.7706,-0.412375
20.0621,2.31562,0.380404
20.0385,3.26219,0.028721
20.057,4.24611,-0.174749
20.1136,5.24103,-0.456963
20.0319,6.28365,-0.458034
20.1309,7.31184,-0.41135
20.1193,8.3092,-0.419443
20.0657,9.30945,-0.776605
20.1902,10.3552,-0.850954
20.2557,11.3849,-0.885519
20.1809,12.4105,-0.948311
20.0795,13.4167,-1.17437
20.1551,13.7828,-2.16191
20.0021,14.5176,-1.43689
20.1687,14.9774,-2.32741
20.1008,15.9178,-1.90293
19.9878,16.3031,-0.964312
19.8013,17.2989,-0.864025
19.9625,18.1172,-0.351469
19.9906,19.139,-0.437504
19.9974,20.098,-0.183743
20.1227,21.1219,-0.355251
20.1904,22.1441,-0.260848
20.1042,23.0513,0.158858
20.0419,24.0448,0.419819
20.1603,24.9066,-0.0892331
20.0201,25.889,-0.0908811
20.0068,26.9044,0.0522935
20.0632,27.8994,0.0551012
20.1661,28.7951,-0.424751
21.0616,2.04837,0.179949
21.0306,2.99118,-0.116254
21.0715,4.00157,-0.166549
21.0699,4.99165,-0.281323
21.007,5.98238,-0.275893
21.1428,6.97314,-0.449663
21.1055,7.98334,-0.33423
21.0086,8.95836,-0.576504
21.1834,9.96542,-0.810837
21.1601,10.9452,-0.726032
21.1089,11.9692,-0.826151
21.018,12.8466,-1.20189
21.1236,13.4719,-2.01429
20.8266,14.0082,-1.19586
21.07,14.7637,-1.86936
21.0695,15.7311,-1.6296
20.9401,16.3659,-0.853679
20.8719,17.3598,-0.760717
20.9432,18.0859,-0.0671194
20.9524,19.1213,-0.152086
21.0134,20.1281,-0.0566027
21.0789,21.205,0.0114719
21.1856,22.0658,-0.484768
21.0816,22.9347,0.0219306
21.0025,23.9365,0.0613483
21.121,24.8302,-0.42728
21.0204,25.7583,0.00193182
20.9767,26.7878,-0.147462
20.9845,27.7385,-0.441884
21.1804,28.7074,-0.250053
21.9913,1.69768,-0.00563982
21.9868,2.70199,-0.263158
22.0748,3.69382,-0.393338
21.9838,4.66862,-0.00936308
21.9872,5.68975,-0.187741
22.1603,6.64031,-0.410135
22.0076,7.59493,-0.245619
21.9684,8.58842,-0.572893
22.1086,9.55826,-0.514304
22.1188,10.5928,-0.597943
22.0803,11.6411,-0.630125
21.9769,12.5775,-1.0908
22.0951,13.4049,-1.62579
21.7911,14.0059,-0.931797
22.1075,14.6324,-1.70099
22.0669,15.532,-1.24713
21.9157,16.2212,-0.517084
21.7977,17.2244,-0.462081
21.9241,18.2552,-0.351042
22.0007,19.1878,-0.132356
22.0449,20.1556,-0.00216376
22.1324,21.1275,-0.089584
22.184,22.0648,-0.359478
22.0904,23.0463,-0.108884
22.0011,24.0384,0.278478
22.1637,24.875,-0.30286
22.0067,25.7242,0.215635
22.0628,26.6232,-0.230787
21.9852,27.6211,-0.455928
22.0916,28.4371,0.129353
23.0151,1.4658,-0.266237
23.0009,2.47004,-0.314225
23.0506,3.47611,-0.214423
22.9747,4.47034,-0.0558763
22.9874,5.46126,-0.211002
23.1425,6.42492,-0.482858
22.9989,7.40419,-0.248567
22.9799,8.36474,-0.552693
23.0879,9.37851,-0.576733
23.0927,10.3363,-0.365831
23.0346,11.3321,-0.420206
22.9355,12.266,-0.765532
23.0679,13.0377,-1.38831
22.8227,13.8568,-0.83245
23.1909,14.4665,-1.60022
23.0191,15.2387,-0.967931
22.8918,16.187,-0.656728
22.8361,17.0885,-0.188229
22.9025,18.1105,-0.167116
22.9101,19.0212,0.300913
22.9694,19.8579,-0.323942
23.0464,20.8308,-0.354707
23.1428,21.8158,-0.0642048
23.0628,22.7745,0.203015
23.009,23.7422,0.156499
23.0868,24.7511,0.130613
23.0185,25.7411,0.198312
23.0129,26.5441,-0.396484
22.9568,27.5572,-0.223347
23.101,28.4118,0.231327
24.0319,1.33651,-0.330903
24.0445,2.33235,-0.466887
24.0433,3.33747,-0.393817
23.985,4.23811,0.0862575
23.9498,5.21628,-0.126643
24.1086,6.15516,-0.507443
23.9978,7.16676,-0.209464
23.9571,8.12965,-0.342045
24.0441,9.12093,-0.424418
24.0724,10.0965,-0.326771
24.0493,11.1035,-0.0932707
23.9074,12.056,-0.403809
24.085,12.754,-1.11845
23.8945,13.659,-0.692236
24.2458,14.3567,-1.36468
24.0047,15.1422,-0.740535
23.9239,16.1277,-0.588217
23.8599,17.086,-0.246806
23.8485,18.0087,0.258583
23.9227,19.0233,0.178198
23.9538,19.8098,-0.40716
24.0449,20.8144,-0.300174
24.0708,21.8558,-0.469259
24.0654,22.8302,-0.117277
24.0142,23.8768,0.0531022
24.0882,24.8467,0.272365
24.0685,25.8828,0.235228
24.0568,26.6904,-0.336293
23.9854,27.7191,-0.20351
24.0941,28.6518,0.247798
25.0122,1.21956,-0.133976
25.0801,2.22845,-0.249318
25.0777,3.23719,-0.265587
24.9429,4.06178,0.360976
24.985,5.06219,0.19971
25.0866,5.87533,-0.364211
25.016,6.86277,-0.215683
24.9071,7.86652,-0.239369
25.045,8.88192,-0.268947
25.1076,9.88851,-0.376571
24.9963,10.8134,-0.0230628
24.9563,11.8051,-0.236674
25.065,12.4489,-1.01757
24.9428,13.3809,-0.615766
25.2225,14.2446,-1.09857
25.0169,15.1484,-0.645784
24.952,16.1359,-0.49284
24.9305,17.088,-0.190161
24.8865,18.0495,0.25099
24.9375,19.0053,0.10795
25.0222,19.8849,-0.363988
25.0547,20.927,-0.283822
25.0236,21.9445,-0.114216
25.0665,22.9972,-0.106134
25.0298,23.9114,0.238661
25.0846,24.9235,0.17333
25.075,25.9037,0.147093
25.0662,26.8321,-0.169781
24.9947,27.8564,-0.0384289
25.119,28.7477,0.402524
25.9393,0.843745,-0.148186
26.0497,1.85838,-0.408493
25.9936,2.81238,-0.160671
25.9177,3.76765,0.206973
25.9986,4.7672,0.162346
26.0949,5.6485,-0.346431
26.0059,6.60486,-0.169234
26.0044,7.71015,-0.194424
26.0341,8.69205,-0.293875
26.0962,9.62744,-0.74865
25.9549,10.5305,-0.205408
25.9842,11.5328,-0.075985
26.0234,12.3904,-0.725263
25.9532,13.3911,-0.63968
26.2326,14.2681,-1.06835
26.0169,15.0758,-0.425559
25.9368,16.0736,-0.17806
25.9788,17.1119,-0.0568499
25.9519,18.0393,0.322474
26.008,18.9795,-0.0306436
25.9956,19.9549,-0.203458
26.0611,20.9775,-0.454744
26.002,21.9743,-0.300897
26.0361,22.9807,-0.34001
26.0133,23.9224,0.0612873
26.0695,24.8669,0.357607
25.973,25.7283,-0.256523
26.0668,26.6846,0.0160222
26.0041,27.7115,0.107111
26.1209,28.6405,0.535221
26.9819,0.642323,-0.0327586
27.014,1.5784,-0.362343
26.9439,2.52984,-0.14774
26.9389,3.52062,0.0353893
26.9765,4.52267,0.13676
27.1143,5.44921,-0.225034
27.0236,6.44201,-0.166622
26.9685,7.44278,0.0414716
27.0477,8.42054,-0.189566
27.106,9.40981,-0.502734
26.9755,10.3194,-0.128758
27.0226,11.3229,-0.0681021
27.0539,12.1571,-0.588263
26.9204,13.1738,-0.460048
27.1826,14.1395,-0.668542
26.9994,15.068,-0.137153
26.9635,16.0598,-0.200922
26.9932,17.04,-0.066628
26.967,18.0361,0.010361
26.9976,18.9955,-0.355354
26.9824,19.9938,-0.289053
27.0384,21.0022,-0.276736
26.9881,21.9686,-0.16101
27.051,22.9507,-0.432008
27.0321,23.8925,-0.0801599
27.0727,24.8671,0.197525
26.9806,25.8335,-0.142314
27.0056,26.8368,-0.190704
26.992,27.8301,-0.145839
27.1235,28.6888,0.361208
27.9771,0.336781,0.0747429
28.0242,1.31029,-0.119071
27.953,2.30851,-0.114753
27.9471,3.27389,0.143443
27.9794,4.28552,-0.0343394
27.9789,5.24982,0.37416
28.0165,6.21454,0.223252
28.0073,7.17964,-0.0814173
27.9925,8.18735,-0.00747398
28.1195,9.10855,-0.343928
27.9453,10.0222,0.0503494
28.011,11.0367,0.0168706
28.0391,12.0319,-0.339091
27.9771,13.0528,-0.301965
28.2005,14.0396,-0.431138
28.0035,15.0211,-0.169491
27.9642,15.995,-0.285818
28.0326,16.9523,0.0879147
28.0175,17.9439,-0.070925
28.0264,18.9917,-0.244444
28.0366,20.0412,-0.18186
27.9908,21.0235,0.0721976
27.9967,22.0406,-0.0587603
28.033,23.0196,-0.0631458
28.0317,24.0351,-0.232902
28.0906,24.9348,0.302353
27.9941,25.9358,0.15464
28.0704,26.8551,-0.223884
27.9916,27.8402,-0.0533403
28.0498,28.8395,-0.0865383
28.9682,0.0520493,0.0933409
29.0247,1.01909,-0.254012
29.0094,2.05797,-0.0581317
29.0245,3.0857,0.0378552
29.0327,4.08243,0.0621204
29.0233,5.06582,0.311142
29.087,6.07594,0.162371
29.0108,7.06062,0.0850795
29.0172,8.05974,0.161843
29.0813,9.04108,0.0172124
29.0257,10.0535,-0.0611011
29.0145,11.0577,0.158843
29.0096,12.0085,-0.141307
29.0127,12.9764,0.00102847
29.093,13.9953,0.125117
29.0024,14.9868,0.0681722
28.9159,15.979,0.137046
29.0179,16.9745,0.0744835
29.0163,17.9079,0.0898801
29.0223,18.9195,0.0235328
29.0139,19.9489,-0.0926908
29.0151,20.9835,-0.0698202
29.0189,21.9691,0.240526
29.0172,22.9699,0.116709
29.0235,23.975,0.147526
29.0343,24.9616,-0.0797082
29.0033,25.9968,0.0105716
29.1052,26.9632,-0.103519
29.0121,28.0032,0.0815241
29.0515,28.9662,-0.108914
