14.3498,-3.65512,-7.85167
1.14655,-8.59237,-0.239821
-3.84879,-3.07602,-6.92295
17.0179,-3.84882,2.3833
7.48401,-9.74069,-16.3103
0.53014,-10.5665,-10.2641
11.2208,-6.35088,5.97237
14.9895,9.76893,2.43807
-0.399951,11.3498,4.7089
-3.5046,10.2256,1.96529
9.15556,-2.87081,-6.08765
4.79178,-4.59657,-3.37645
3.34458,-3.4597,-4.95325
10.3044,-4.21072,-3.01937
7.35199,-6.21838,-8.97021
4.12299,-5.32846,-4.99939
7.13672,-1.42214,1.0701
7.33375,6.17572,2.08375
0.143779,8.43049,1.81781
-6.61961,9.10125,-0.577651
7.69933,0.875552,-7.46112
5.90543,-0.625538,-5.5933
5.12375,-0.714203,-4.49962
7.39019,-1.6033,-3.35989
5.71028,-2.55593,-4.82987
4.08494,-0.606915,-1.84273
3.98085,3.00071,1.67216
2.48444,7.59889,3.85649
-1.59711,10.9163,5.4098
-6.07218,12.9497,5.8984
7.17447,4.74915,-9.65473
5.98072,3.35149,-7.21574
5.25144,2.52962,-4.83022
5.54513,1.54072,-2.70936
4.29086,1.08654,-1.66976
2.99926,3.30839,0.967086
1.79745,6.5767,3.875
-0.131242,10.4121,6.73282
-3.2045,14.0991,9.55606
-6.94978,17.6381,12.2964
7.17588,8.73242,-12.4059
5.86992,7.09591,-8.20043
4.74224,5.71952,-4.59474
3.98194,4.50881,-1.57504
2.95557,4.40135,0.928352
1.93651,6.4355,3.39735
0.571795,9.47099,6.3016
-1.14902,13.1323,9.68917
-3.64176,17.2551,13.6113
-9.25204,23.0637,18.9794
8.06529,12.2193,-17.3097
5.03831,10.4141,-7.19474
3.67429,7.63289,-2.1831
2.3281,6.52835,1.01373
1.50885,7.02907,3.45076
1.61722,8.57616,5.2054
1.85835,10.3146,6.92035
2.09341,12.0748,8.64988
2.49346,12.7403,10.0852
5.99146,8.42184,5.48309
-2.5211,26.3366,-1.79162
2.3264,9.34221,2.67625
2.25261,5.48489,2.6102
0.308246,7.18026,4.52913
-0.173501,9.16557,6.28846
1.36814,10.3912,6.97313
3.31204,11.135,7.48444
5.49947,11.5159,8.13576
8.44527,10.2434,9.35246
11.9422,5.38587,13.6791
10.7988,-24.6298,18.233
6.04657,-7.32245,9.84773
1.59117,1.26922,6.28046
-2.05836,7.79528,7.94881
-2.11849,11.4184,9.20022
0.765856,12.3923,8.59006
4.00503,12.5684,7.48494
7.38506,12.5995,6.07215
10.781,13.0722,3.86966
13.9395,16.0993,-1.64318
-1.69994,-10.9154,-6.06162
4.87438,-5.83012,2.57467
-2.31898,6.62656,1.22948
-6.49669,13.4633,10.498
-4.38337,14.7873,12.055
-0.954973,14.2438,10.5667
2.65608,13.2496,8.78369
6.4672,12.0037,6.81801
10.5076,10.7209,4.70198
14.8567,8.76791,2.49352
6.95746,-12.5314,0.841261
15.9925,-13.8644,7.91863
-7.82965,15.7457,-8.4925
-11.729,21.2575,19.8661
-7.26507,18.064,15.5372
-3.1796,16.0858,12.6553
0.720295,14.4092,10.3735
4.50761,12.943,8.29047
8.01624,11.5311,6.18495
11.1957,10.0309,4.41921
