0.16216,0.628239,-2.55523
0.185156,1.95104,-2.52414
0.19465,3.26493,-2.5644
0.268691,4.5565,-2.52476
0.235133,5.82391,-2.51225
0.291601,7.05127,-2.50877
0.298621,8.28187,-2.47604
0.38927,9.53709,-2.48107
0.638273,10.7466,-2.46519
0.989901,11.9605,-2.39113
1.44125,13.0641,-2.28734
1.19257,14.104,-2.23547
0.51265,14.8815,-2.17943
0.600049,15.8601,-1.72454
0.0561602,16.6342,-1.23295
0.314808,17.4731,-1.8084
-0.204086,17.9847,-1.11243
0.183547,17.0726,-0.986264
-0.109253,18.0002,-0.758876
-0.0133488,18.9407,-0.363652
0.835932,1.50896,-2.535
0.884524,2.71634,-2.50617
1.02801,3.89055,-2.43279
1.08094,5.10807,-2.31921
1.11905,6.30784,-2.40371
1.20986,7.51027,-2.46121
1.27118,8.73285,-2.38053
1.43921,9.9449,-2.32311
1.6732,11.2182,-2.30054
2.06505,12.3843,-2.33179
2.50006,13.5922,-2.27815
2.25258,14.6278,-2.06887
1.49568,15.2598,-1.7919
1.58743,16.2592,-1.65618
1.05994,16.8035,-0.911682
1.34228,17.1755,-1.76877
0.845363,17.9652,-1.38632
1.25482,17.0802,-1.12217
0.948488,18.028,-0.886346
0.921723,19.0645,-0.80455
1.82806,1.88258,-2.54101
1.86608,3.05909,-2.55997
1.98732,4.25382,-2.49703
2.01073,5.42471,-2.42185
2.09933,6.59074,-2.25487
2.13727,7.8763,-2.3144
2.19763,9.1284,-2.28856
2.38099,10.4228,-2.15199
2.64191,11.7116,-2.12946
2.99217,13.0137,-2.39194
3.55785,14.3243,-2.60866
3.0682,15.4811,-2.12773
2.05988,15.9628,-1.32516
2.47782,16.844,-1.83045
1.74616,17.5519,-1.2733
2.32445,16.8684,-1.52385
1.89148,17.8588,-1.3672
2.29732,17.0028,-1.08479
2.03608,17.9795,-0.998184
1.93202,19.077,-0.970278
2.87747,1.59814,-2.52575
2.89762,2.76873,-2.5895
2.91113,3.89057,-2.4782
2.98627,5.06527,-2.51932
3.03171,6.23693,-2.47
3.02542,7.37822,-2.36377
3.06229,8.53461,-2.3872
3.14673,9.7197,-2.2538
3.24248,10.8748,-2.16074
3.4497,12.0706,-2.02921
3.55411,13.277,-2.17574
3.35451,14.3895,-2.14431
2.76121,15.0767,-1.56794
3.14869,16.005,-1.66644
2.44414,16.6938,-1.3576
3.27906,17.1907,-1.71251
2.75624,17.4864,-0.921293
3.01351,17.2438,-1.85285
3.02439,18.1148,-1.34143
2.93132,19.1569,-1.11941
3.8097,1.22781,-2.23948
3.80956,2.36414,-2.31229
3.87405,3.52264,-2.30234
3.89581,4.5803,-2.39656
3.96661,5.65875,-2.46361
3.87798,6.77147,-2.50721
3.88173,7.92397,-2.42579
3.93923,9.03344,-2.42203
3.90693,10.1121,-2.1986
3.99765,11.2206,-2.33864
3.97663,12.3444,-2.23891
3.75316,13.3855,-2.15393
3.63597,14.3854,-1.82523
3.93079,15.3196,-1.74282
3.3732,16.0562,-1.37236
4.12656,16.6609,-1.74064
3.74928,17.2114,-1.01556
4.05204,17.2965,-1.99179
4.03591,18.2253,-1.56018
3.93787,19.1562,-1.22954
4.77126,0.85674,-2.11006
4.80119,2.01285,-2.17754
4.82148,3.10688,-2.16269
4.89656,4.22239,-2.15102
4.90008,5.33905,-2.29477
4.83474,6.41366,-2.17206
4.84425,7.44863,-2.34189
4.80017,8.53388,-2.34336
4.84313,9.59417,-2.29796
4.84705,10.6587,-2.20179
4.76804,11.697,-2.24664
4.55356,12.7094,-2.18993
4.43885,13.6665,-1.9007
4.7019,14.6789,-1.91042
4.34826,15.5452,-1.46789
4.97046,16.1659,-1.94927
4.70629,16.7331,-1.15202
5.039,17.1781,-1.99149
5.03389,18.1244,-1.57037
4.91885,18.9511,-1.04024
5.74136,0.534507,-2.20165
5.79311,1.6483,-2.17699
5.77874,2.73409,-2.30078
5.77652,3.78296,-2.25854
5.78181,4.90051,-2.43237
5.73647,5.89346,-2.15527
5.73916,6.9824,-2.10518
5.67957,8.03862,-2.13047
5.72334,9.0952,-2.30065
5.6886,10.1424,-2.35578
5.63031,11.2154,-2.23845
5.50142,12.1949,-2.05302
5.42629,13.1835,-2.06556
5.62751,14.1962,-1.80877
5.39639,15.0949,-1.41518
5.91527,15.8503,-1.80569
5.75225,16.7416,-1.31841
5.9985,17.4958,-2.00872
6.02144,18.2007,-1.34447
5.92388,19.0759,-0.852861
6.7309,0.153935,-2.10297
6.77627,1.29635,-2.17514
6.74359,2.32545,-2.12829
6.76378,3.43219,-2.00662
6.67734,4.51021,-2.1342
6.72015,5.61346,-2.08628
6.71732,6.64071,-2.1283
6.71461,7.64004,-2.23736
6.68824,8.68218,-2.24331
6.68355,9.7886,-2.28054
6.54536,10.7717,-2.19045
6.44469,11.7648,-2.1217
6.40175,12.7435,-1.95193
6.50163,13.7384,-1.70771
6.38916,14.7479,-1.43403
6.81791,15.4633,-1.98811
6.71589,16.3794,-1.59113
7.02082,17.2573,-1.96225
7.05315,18.1473,-1.53773
6.92053,19.014,-0.990127
7.7101,-0.018189,-1.85076
7.7479,1.04739,-1.85923
7.7971,2.14184,-1.81899
7.7792,3.15787,-2.05024
7.67334,4.21791,-2.01726
7.6279,5.27843,-2.16472
7.73016,6.3045,-2.15637
7.70871,7.35582,-2.12449
7.64288,8.43293,-2.06361
7.62517,9.47764,-2.17325
7.52992,10.4745,-1.88963
7.47228,11.4753,-2.04568
7.41082,12.4646,-1.84059
7.53063,13.4665,-1.85668
7.43055,14.3842,-1.4568
7.78355,15.3197,-1.69043
7.77679,16.3069,-1.58474
8.06856,17.1628,-2.02397
8.0165,17.9746,-1.37234
7.98344,18.8685,-1.01317
8.73802,-0.045967,-1.87948
8.80056,1.01803,-1.80327
8.79192,2.06185,-1.82405
8.75773,3.08324,-1.68322
8.66855,4.06819,-1.94482
8.66301,5.0824,-2.02025
8.71991,6.16762,-2.01904
8.69658,7.23466,-2.07194
8.68803,8.24939,-2.00742
8.62422,9.24152,-2.11709
8.56326,10.264,-1.97851
8.41661,11.2691,-1.88364
8.41652,12.3057,-1.78234
8.58996,13.3193,-1.84457
8.42751,14.2234,-1.46936
8.76425,15.1999,-1.56316
8.86966,16.2193,-1.54534
9.01956,17.2308,-1.72367
9.05345,18.2053,-1.37288
9.00048,19.1491,-1.05534
9.74098,-0.265822,-1.72045
9.76997,0.800452,-1.76012
9.76581,1.83273,-1.68972
9.81682,2.8902,-1.88789
9.68604,3.86799,-1.8572
9.65289,4.92033,-2.04
9.7899,5.87931,-2.01202
9.66716,6.93822,-1.86142
9.70846,8.04973,-1.7449
9.66848,9.11751,-1.86332
9.58207,10.1213,-1.96687
9.43433,11.1394,-1.88066
9.44253,12.1215,-1.66055
9.64529,13.1285,-1.75575
9.51661,14.1709,-1.55319
9.83488,15.1615,-1.54982
9.85911,16.2199,-1.52751
9.99131,17.2204,-1.38942
10.0874,18.2241,-1.28588
9.99556,19.2412,-1.37341
10.7688,-0.202326,-1.81386
10.7602,0.844658,-1.86172
10.7718,1.89335,-1.73096
10.844,2.93525,-1.73456
10.7165,3.96752,-1.77924
10.7134,4.98744,-2.10006
10.7693,5.98595,-1.91769
10.719,7.02804,-1.83772
10.7654,8.01876,-1.85046
10.7079,9.01423,-1.80528
10.602,10.0604,-2.14732
10.4854,11.0457,-1.89767
10.5054,12.0323,-1.64099
10.6651,13.0709,-1.56468
10.5981,14.1265,-1.62564
10.8642,15.1003,-1.53484
10.8522,16.1383,-1.51193
10.9802,17.1147,-1.51851
11.1266,18.1478,-1.25164
11.0233,19.203,-1.26684
11.8404,-0.14011,-1.75993
11.8271,0.927537,-1.7293
11.8445,1.94533,-1.94851
11.8563,2.93956,-1.71599
11.7736,3.92705,-1.96458
11.7225,4.97232,-1.94116
11.8766,6.06595,-2.01264
11.7587,7.07903,-1.90284
11.8304,8.08823,-1.64093
11.7101,9.08222,-1.85668
11.5948,10.1074,-1.87381
11.5104,11.0924,-1.72068
11.5509,12.1214,-1.56928
11.7013,13.1072,-1.63908
11.6157,14.0602,-1.4343
11.8417,15.0625,-1.37875
11.8771,16.1201,-1.4616
12.0307,17.0738,-1.39425
12.1636,18.0735,-1.3288
12.0478,19.1331,-1.3357
12.8836,-0.152501,-1.73313
12.8019,0.896194,-1.65261
12.8072,1.9226,-1.61803
12.8534,2.96821,-1.71738
12.7405,3.97771,-1.70546
12.7798,5.03293,-1.90104
12.897,6.06113,-1.93099
12.7389,7.00593,-1.66758
12.8464,8.01692,-1.74047
12.7114,9.04725,-1.73029
12.629,10.0775,-1.60499
12.6138,11.0883,-1.74769
12.6171,12.1082,-1.65537
12.7027,13.1433,-1.3506
12.6421,14.1441,-1.51586
12.831,15.1629,-1.55446
12.9269,16.1188,-1.27559
13.0353,17.1194,-1.35898
13.1631,18.1271,-1.19886
13.0316,19.1975,-1.20481
13.8694,-0.158885,-1.4976
13.7904,0.865197,-1.50344
13.8838,1.88367,-1.65571
13.8952,2.91032,-1.69242
13.7667,3.9036,-1.47371
13.8153,4.94302,-1.70006
13.9202,5.98494,-1.6472
13.7792,7.03983,-1.66099
13.8118,8.04504,-1.43308
13.7444,9.05404,-1.5806
13.6377,10.1355,-1.50963
13.6544,11.1324,-1.42987
13.6591,12.1921,-1.46275
13.7382,13.2193,-1.52497
13.765,14.2116,-1.61417
13.8327,15.2231,-1.5796
13.9967,16.1981,-1.19841
14.1114,17.2359,-1.31319
14.182,18.1981,-1.11526
14.0675,19.2057,-1.09742
14.9261,-0.244807,-1.45865
14.83,0.82855,-1.58235
14.9434,1.86894,-1.40138
14.9152,2.87331,-1.53841
14.8163,3.91585,-1.44775
14.8572,4.96399,-1.57128
14.9301,5.99416,-1.75714
14.8208,7.0251,-1.73744
14.8029,8.05447,-1.65722
14.7447,9.06616,-1.6224
14.7312,10.0828,-1.46976
14.7491,11.0892,-1.47974
14.6793,12.0752,-1.35661
14.783,13.1101,-1.36215
14.7674,14.1229,-1.55096
14.8716,15.1361,-1.42999
14.9793,16.1719,-1.47382
15.1183,17.1987,-1.45463
15.2359,18.1914,-1.15177
15.0805,19.2015,-1.0293
15.9568,-0.210788,-1.54758
15.8555,0.810303,-1.54545
15.951,1.85174,-1.46258
15.9558,2.87051,-1.60686
15.8361,3.85752,-1.4672
15.8793,4.88816,-1.66879
15.9399,5.97873,-1.7018
15.8467,6.98782,-1.69198
15.819,8.03541,-1.60703
15.8273,9.03021,-1.61572
15.7768,10.0471,-1.4804
15.8333,11.0496,-1.41127
15.6815,12.0658,-1.24387
15.8209,13.1259,-1.18441
15.7953,14.1625,-1.36947
15.9152,15.1511,-1.19027
15.9372,16.1456,-1.1508
16.0932,17.1514,-1.23506
16.2417,18.1882,-1.01032
16.1059,19.1718,-0.962712
17.0545,-0.273254,-1.45564
16.8847,0.763515,-1.44339
17.0229,1.78298,-1.60938
16.9926,2.76337,-1.41656
16.9265,3.79571,-1.41339
16.8618,4.8715,-1.47295
16.9384,5.89275,-1.56694
16.8331,6.9005,-1.56846
16.8165,7.90236,-1.40664
16.8604,8.94376,-1.43954
16.7907,9.99371,-1.43804
16.8867,11.1364,-1.32342
16.7403,12.163,-1.3154
16.8145,13.1625,-1.31512
16.8409,14.1731,-1.26952
16.9286,15.2074,-1.07722
16.9834,16.2842,-1.02801
17.0607,17.2802,-0.899127
17.2716,18.2361,-0.903864
17.0876,19.2676,-0.88497
18.0148,-0.241771,-1.0904
17.9137,0.77954,-1.30503
18.0587,1.79815,-1.49766
18.0151,2.79546,-1.34494
17.9198,3.85887,-1.48912
17.8858,4.87375,-1.58296
17.9815,5.93635,-1.51878
17.8752,6.92824,-1.36408
17.8539,7.95659,-1.41955
17.9254,8.99104,-1.49655
17.8086,9.99708,-1.39737
17.9597,11.0228,-1.29126
17.798,12.0244,-1.16295
17.8215,13.0507,-1.29774
17.9446,14.0609,-1.27075
17.9573,15.0569,-1.23082
18.0154,16.0787,-1.08188
18.0534,17.1248,-0.749132
18.2652,18.1433,-0.779476
18.0403,19.1789,-0.527561
19.0589,0.0566851,-1.24039
18.8795,0.990136,-0.986486
18.9844,1.95083,-1.11498
19.0763,2.97476,-1.30978
18.9314,3.97407,-1.51439
18.8783,4.93541,-1.27859
18.9521,5.92551,-1.47824
18.9153,6.96612,-1.48651
18.9305,8.00569,-1.41032
19.0139,8.98249,-1.33407
18.807,9.98802,-1.29385
18.9875,11.0086,-1.18639
18.8531,12.0644,-1.16272
18.8719,13.1042,-1.40239
18.9295,14.0795,-1.14812
19.0451,15.0841,-1.2426
19.0351,16.0832,-1.15706
19.1178,17.0453,-0.741414
19.2622,18.0852,-0.618113
19.0274,19.0632,-0.279824
