-0.0268593,0.0134739,0.0348308
0.953679,-0.0380871,0.305026
1.89738,-0.0067568,0.0249763
2.93961,-0.00601825,0.0804529
3.94072,0.0528306,0.0437971
4.94572,0.00879849,0.160036
6.0215,-0.00389416,0.0431715
7.02396,0.00476089,0.023249
8.02911,0.00605792,0.0525803
9.01512,-0.0292123,0.0648152
10.0427,0.0121372,0.00583819
11.071,0.0336589,-0.127345
12.0688,-0.0396558,-0.315567
13.053,-0.0191717,-0.102542
13.9837,-0.0361858,0.241093
15.0401,-0.00480056,0.168349
16.0601,-0.0133854,0.150682
17.0564,-0.0676626,0.37242
17.9727,0.00425428,-0.0156682
18.9756,0.0167394,0.110498
-0.0297433,0.9429,-0.23354
0.963375,0.934974,0.00794397
1.9764,0.994067,0.0251839
2.96277,1.01907,0.0326121
3.97594,1.082,0.183959
4.98769,0.997165,0.0630177
6.03789,1.04046,0.0304636
7.04788,1.05456,-0.160598
7.98019,1.00075,0.22375
8.97508,0.980486,0.125541
10.0134,1.01467,0.0968261
10.975,1.0113,-0.0522752
11.984,0.954622,-0.247777
12.9622,1.00456,-0.126759
13.8838,0.996847,0.275011
14.896,0.977001,0.307285
15.9344,1.02828,0.360982
16.9281,0.958641,0.179467
17.9501,0.990374,0.137016
18.9913,0.975301,-0.0873592
0.0438429,1.89571,0.0529862
1.0348,1.91961,0.0648122
2.03809,1.98177,-0.179534
3.04189,1.98818,-0.176696
4.00104,2.09493,0.0645314
5.011,2.03566,0.0978179
6.0403,1.97573,0.323325
6.9966,1.97671,0.235542
8.01613,2.05687,0.129466
9.08359,2.01043,0.193735
9.95813,1.98571,-0.184271
10.943,1.97605,-0.165908
11.9621,1.95153,-0.196225
12.9522,2.0314,-0.153578
13.9352,1.97961,0.175695
14.9554,1.97326,0.328516
15.942,2.01081,0.451314
17.0028,1.97207,0.314701
17.9407,1.99444,0.0198279
18.9843,1.97798,0.082226
-0.0193823,2.84338,-0.203879
0.960445,2.95914,-0.162056
2.00352,2.97595,-0.175848
2.99974,2.94003,0.145439
4.00585,3.12309,-0.0116337
5.03495,3.08268,0.0532395
6.06515,2.93918,0.0610431
7.12049,2.97343,0.151006
8.14232,3.0976,0.332786
9.12378,2.95558,0.50777
10.0317,2.98842,-0.000723289
11.0372,2.89045,0.144905
12.0226,2.9323,-0.100555
13.0325,3.02245,0.0979675
14.0322,2.94172,0.359816
15.0573,2.96955,0.348494
16.038,2.97534,0.671953
16.9524,2.97241,0.353905
18.0218,3.03345,0.219968
18.976,3.00181,-0.145732
0.0261147,3.85473,-0.0514634
1.02329,3.95771,0.0898648
2.02232,3.93115,0.0559771
3.04712,3.96767,0.202451
4.00185,4.20097,-0.0249001
5.0112,4.07041,-0.0298593
5.98948,3.96766,0.0605426
6.96322,3.91897,-0.135786
7.99854,4.05632,0.0159429
9.03186,3.90989,0.11355
10.053,3.98377,0.108945
11.0784,3.95161,0.0446699
12.0939,3.92365,-0.036436
13.1203,3.99657,-0.163811
14.0692,3.99335,0.206854
15.0707,3.94104,0.312903
16.0513,3.95164,0.435774
17.1135,4.00027,0.215741
18.0681,3.96171,-0.158351
19.0521,3.91757,-0.429057
0.00555742,4.89604,-0.0497177
0.977004,5.01367,0.15912
1.97445,4.94614,0.195956
3.00865,4.96164,0.0301431
3.96996,5.17855,-0.142576
4.95052,5.10402,-0.0407361
5.94647,4.96685,-0.0184515
6.94817,4.95966,-0.147191
7.97905,5.03674,0.0499008
8.98769,4.92253,-0.112595
9.92196,4.98339,0.277367
10.8645,4.95174,-0.0336131
11.8865,4.93663,0.141716
12.8581,4.95191,-0.0375072
13.8808,4.93911,0.0727775
14.892,4.95159,0.23282
15.9176,4.93541,0.32946
16.9421,4.96728,0.0617084
17.9365,4.96915,-0.0111881
19.0039,4.90529,-0.103812
0.000476089,5.91692,0.154283
0.951817,5.97578,-0.0919462
1.9922,5.95864,0.043028
3.00869,6.00899,0.0130985
3.97726,6.2173,0.0373516
5.01402,6.13424,0.0441572
6.06601,6.0313,-0.0158849
7.11045,5.9908,-0.0445753
8.10418,5.98907,-0.350432
9.09835,5.92388,-0.407584
10.0199,5.98003,0.040495
10.9975,5.88667,-0.0174688
12.037,5.93912,0.153304
13.0538,5.9197,0.158501
14.0475,5.92705,-0.117542
15.1063,5.95072,0.0921384
16.0421,5.91899,0.296844
16.9923,5.96321,-0.0413251
17.9847,5.96149,-0.235951
19.0251,5.90067,-0.143413
-0.00527055,6.91758,0.0934446
0.956871,7.03682,-0.158129
1.94053,6.95867,0.21998
2.94127,7.06337,-0.0590564
3.95806,7.15219,-0.292349
4.93081,7.13077,-0.233543
5.96894,7.03054,-0.13722
7.02632,7.0441,-0.0937193
8.00856,7.05045,-0.375167
9.04373,6.93599,-0.353163
9.94221,6.99549,0.0640492
10.9752,6.87661,0.191925
11.997,6.97117,0.210834
12.973,6.89992,0.396567
13.9832,6.85132,0.237535
14.9534,6.94853,-0.110227
15.9709,6.92327,0.135078
17.0107,6.99519,0.136894
17.9926,6.83581,0.242952
18.9975,6.86109,0.104089
-0.0179662,7.93395,-0.108618
1.0434,8.10172,-0.169964
1.98678,7.94611,0.290576
2.84485,8.06059,-0.229868
3.84461,8.21322,-0.166692
4.78149,8.04743,-0.560033
5.8136,8.04913,-0.255486
6.85764,8.06648,-0.132243
7.92612,8.07576,-0.196835
8.96883,7.95234,-0.21362
10.0114,8.02227,-0.0555193
11.0124,7.9852,0.259249
12.038,7.99208,0.31706
13.0373,7.92218,0.220325
14.0585,7.86626,0.0930357
15.1008,7.91843,0.13553
16.0564,7.89523,-0.237346
17.0484,8.02332,0.0400494
18.016,7.84709,0.0947874
19.0395,7.86239,0.256978
0.0293191,8.96095,0.0584216
1.05838,9.09907,0.18511
2.05364,9.00473,0.0600452
3.03216,9.03836,0.015186
4.0952,9.13728,0.122938
4.97355,9.04039,-0.404688
5.96858,9.02076,-0.342756
6.98172,9.08864,-0.0257576
7.98248,9.04438,0.103177
8.99228,8.9798,-0.139055
9.99103,9.01729,0.0587603
10.9646,8.96967,0.208133
12.0021,8.96994,0.403616
12.9969,8.9163,0.234721
13.9865,8.90501,0.14594
14.9908,8.92075,0.0997528
15.9756,8.88753,0.115525
16.9915,9.00559,0.203177
17.9489,8.87565,-0.0592029
18.9975,8.84928,0.108621
0.0115909,9.95735,0.179186
0.980972,10.0339,-0.160103
2.00643,10.0557,-0.0324534
3.06134,10.1087,0.0517319
4.07226,10.0884,-0.243721
5.06106,10.1083,-0.355364
6.07701,10.0294,-0.293274
7.0715,10.0759,-0.0168432
8.07721,10.0974,-0.0157689
9.02543,10.0041,-0.273537
10.0257,9.99896,-0.0700308
10.9884,9.99419,0.127277
12.0008,9.9734,0.189077
12.9942,9.99076,0.106537
13.9602,9.93374,0.215104
14.9706,9.97624,0.032136
15.9977,9.87691,-0.0427015
16.9471,10.0027,0.0839045
17.9759,9.92771,-0.0210211
18.9901,9.89726,-0.0474105
-0.0176397,10.9966,0.205036
0.937458,11.0139,-0.160176
2.02323,11.1343,-0.117695
3.0241,11.0924,-0.217658
3.94931,10.9675,-0.590457
4.94535,11.0921,-0.555702
5.98648,11.0103,-0.595212
6.93545,11.0389,-0.235997
7.91536,11.0807,-0.025248
8.88391,11.0104,-0.0478835
9.88646,11.0457,0.179666
10.8933,11.0642,0.126533
11.9146,11.0111,0.328495
12.9373,11.0307,0.213742
13.9405,10.9702,0.336189
14.9615,11.0312,0.109723
15.9528,10.9178,0.000427259
16.9678,10.9966,-0.0550096
17.9506,10.9446,0.0815729
18.98,10.8811,0.20343
0.013477,11.9871,0.247719
1.0131,12.0007,0.102072
1.82732,12.0815,-0.467238
2.86553,12.0616,-0.398483
3.86666,12.0189,-0.545152
4.9115,12.0981,-0.571627
5.90982,11.956,-0.283282
6.94009,12.0428,-0.10195
7.92645,12.0956,-0.203967
8.88877,12.0317,-0.00743431
9.89047,12.0566,0.284924
10.8986,12.0507,0.222413
11.9088,12.0198,0.0552934
12.953,12.0389,0.157173
13.9479,12.0347,0.275414
14.9492,12.0125,0.0141057
15.9215,11.8913,-0.113367
16.8968,12.0287,0.0775903
17.9403,11.939,-0.0481765
18.9766,11.8816,0.0913724
0.0333781,12.9924,0.0295022
1.02944,12.9955,-0.184594
2.01047,13.0374,-0.35894
3.04848,13.0839,-0.507144
4.06737,12.9931,-0.639833
5.07875,13.0878,-0.556029
5.99779,12.9902,-0.215641
6.97399,13.0376,0.093643
7.98443,13.0733,0.110691
8.98502,13.0121,-0.0661916
9.94489,13.0892,0.225254
10.8944,13.0352,0.604382
11.8837,12.9735,0.396396
12.8929,13.0439,0.0741447
13.9516,13.0524,0.146324
14.9286,13.0094,-0.056859
15.9684,12.8802,-0.141575
16.9604,13.0306,0.0637501
17.9595,12.9331,0.113352
19.0077,12.8962,0.0891873
0.056444,14.0643,0.0954894
1.06811,14.0231,-0.132167
2.02391,14.071,-0.454476
2.94453,14.025,-0.165505
3.95264,13.944,-0.281164
4.99137,14.0442,-0.258522
5.97001,14.0209,-0.104712
6.96336,14.0199,-0.220713
7.87805,14.0419,0.316416
8.89974,14.0016,0.138539
9.85241,14.0613,0.448531
10.8778,14.0719,0.553426
11.8014,13.9294,0.194711
12.863,14.0208,0.123493
13.9085,14.0361,0.175939
14.919,14.0193,-0.0403333
15.9492,13.8701,-0.0299936
16.9998,14.0192,0.177926
17.9659,13.9235,-0.0684835
18.9549,13.939,-0.169964
0.0180242,15.0077,-0.304257
1.04123,15.0054,-0.113776
2.00985,15.0895,-0.342201
3.02683,15.0695,-0.0617695
4.00336,14.8936,0.0833857
4.94285,15.0391,-0.182537
5.96681,15.0531,-0.212394
6.98643,15.0243,-0.00181585
7.95329,15.0208,0.390332
8.962,15.0433,0.166039
9.99715,14.9986,-0.012888
10.9578,15.0305,0.311527
11.9893,14.9512,0.112247
12.9898,15.0452,0.121528
14.0313,15.0606,-0.0304178
15.0246,15.0581,-0.0361614
16.0113,14.8956,0.0754814
16.9754,15.0343,-0.139732
17.9676,14.9691,-0.0177648
19.0041,14.92,-0.0111423
-0.0246193,16.0014,-0.224314
0.967333,16.0329,-0.432417
1.97403,16.1156,-0.32259
2.93932,16.0636,-0.0460952
3.90185,15.9618,0.174584
4.81881,16.0496,-0.227451
5.8382,16.0314,-0.296918
6.78415,16.0688,0.12978
7.78104,15.95,0.0873775
8.77665,16.0483,0.241853
9.8277,16.0212,0.316395
10.9426,16.0788,0.353908
11.8864,15.9763,0.0224525
12.8989,16.0004,-0.132606
13.8944,16.1061,-0.076513
14.938,16.0332,-0.180508
15.9594,15.9415,-0.0505997
16.9985,15.9708,0.184982
17.9993,15.9843,-0.032429
19.0089,16.0026,0.0529984
0.0583605,17.0004,-0.154769
1.14381,17.0049,-0.216764
2.04415,16.9615,0.227723
2.98861,17.0515,0.13675
4.00345,16.9943,0.165142
4.99696,17.0109,0.149538
5.97048,17.0392,0.0519974
6.97611,17.018,0.252086
7.94658,16.9286,-0.070745
8.89196,17.1179,0.142622
9.92637,17.0143,0.235777
10.9325,17.1028,0.147056
11.9088,16.9743,-0.060741
12.8625,16.9306,0.229542
13.8667,17.0438,0.233876
14.8423,16.9671,0.107385
15.8537,16.9616,0.09176
16.918,16.9717,0.166124
17.96,16.9801,0.17152
18.9602,17.0342,0.0918821
0.00970794,17.9566,0.072277
1.03314,18.028,-0.022602
2.02845,17.9893,0.156813
3.01855,18.0521,0.313837
3.99091,17.9914,0.00137638
5.00437,18.0196,0.23325
6.01658,18.0293,0.119489
7.04747,17.9918,0.0183386
8.05209,17.9651,-0.031312
9.00953,18.1097,0.264443
10.0328,18.0013,0.41883
11.0556,18.0645,0.443931
12.0266,17.9701,0.118592
13.0165,17.9361,0.218525
13.9788,18.0326,0.41019
14.9889,17.9408,0.232691
15.9882,17.993,0.0619526
17.0127,18.0004,-0.0349406
17.997,18.0008,0.0993988
18.9751,18.0448,-0.18873
-0.0281564,18.999,0.146239
0.990576,19.0118,0.0905667
1.98266,19.0304,0.291522
2.93271,18.9928,-0.0552477
3.9328,19.0145,0.0839045
4.96543,19.0134,0.0382183
5.9724,19.0346,-0.0727073
6.94263,19.0103,0.179189
7.95284,18.9917,0.143541
8.97096,19.017,-0.197653
9.91597,19.0069,0.133894
10.9302,19.0439,0.37734
11.9202,18.9738,0.0893948
12.9304,18.9524,0.0986785
13.9503,18.9927,0.0512619
14.9274,18.9707,0.0325632
15.9272,19.0162,-0.21597
16.9226,18.9825,-0.0871548
17.9287,18.9824,-0.0942076
19.0033,18.999,0.0776635
