13.1149,14.1951,-4.32635
-2.15168,25.6913,-0.975127
-3.88492,9.23047,-11.2559
3.98752,-21.8287,3.12192
-1.59422,3.45878,-20.7761
-2.1729,-24.8559,-15.9068
15.3871,-5.7199,15.2782
-1.1612,-2.88403,11.2852
-10.4017,16.6612,7.92718
4.71218,16.2315,0.728083
6.30631,11.8878,-7.01172
0.279391,13.9169,-4.27486
0.0649586,2.70399,-5.36082
1.84487,-9.43345,-3.16268
0.333918,-4.62895,-11.583
1.78025,-13.1822,-7.05793
7.14325,-6.30884,4.00568
3.74097,3.04241,4.87075
4.87266,13.6833,1.37503
19.7428,15.4251,-6.79191
4.45882,7.56624,-12.3974
1.76869,7.90085,-8.63666
1.62386,2.15082,-7.24856
1.75809,-3.58917,-5.29228
1.14892,-3.59871,-6.76288
2.03753,-5.54747,-2.90229
3.20001,-0.36082,2.10346
2.24616,6.773,4.17861
2.29118,13.771,5.18464
6.96304,18.093,3.23304
3.71175,3.64473,-18.7477
2.44216,4.35299,-13.9803
2.02489,2.24071,-10.3672
1.69549,-0.0910184,-7.16927
1.18803,-0.156914,-4.24653
1.20877,0.506671,-0.437407
0.725321,5.03869,3.20407
-0.777886,10.7517,6.16832
-2.85719,16.4294,9.15187
-5.42814,21.2415,13.1426
3.50469,0.0438948,-25.8642
2.68029,1.69655,-18.8601
1.98862,2.15257,-12.9673
1.35331,2.71329,-7.79583
0.950716,3.48604,-3.29108
0.437504,5.25052,0.901965
-0.752013,9.49816,4.48387
-3.00053,14.6685,7.94594
-7.89322,19.7376,12.525
-17.7862,24.7594,23.434
3.59557,-3.01891,-34.7198
1.60112,0.632398,-16.4506
1.08039,2.01747,-9.16258
0.65157,4.24688,-4.47411
0.814707,6.29465,-1.06227
1.47296,8.10951,1.46409
2.00186,10.5618,3.38554
2.10206,13.4647,4.57545
0.978762,16.0187,2.0448
3.20855,14.5415,-9.95645
-8.33046,22.897,8.27758
-0.401218,4.18758,1.43783
0.5653,2.43375,-2.23263
-0.310108,6.14752,0.247325
0.48587,9.05855,2.1105
2.72045,10.2712,2.96683
5.08515,11.1165,3.10899
7.64374,11.9798,2.30518
11.8147,12.1591,-0.929792
21.8739,10.0316,-5.43959
5.81484,-37.6678,19.7035
6.73896,-13.2548,9.07587
0.716965,0.321195,3.72051
-1.94013,8.86128,4.99965
0.0890378,12.417,5.443
3.9297,12.4397,4.82481
7.94375,11.4713,3.59975
12.1603,9.95173,2.08086
17.3605,7.03669,0.718525
23.7627,0.974636,0.990756
-11.3639,7.50208,-9.27674
19.2063,1.52233,2.16585
-5.30096,12.5571,-1.63159
-5.27795,17.146,7.78641
-1.11083,16.7259,8.48047
3.33135,15.3258,6.9969
8.05823,13.8764,5.30224
12.9613,12.4504,3.57499
18.2156,11.2426,1.91224
24.0832,11.5977,0.508972
22.7279,1.82502,0.634556
56.9419,-3.93171,10.3229
-29.6904,25.7422,-8.11322
-7.71742,25.3986,16.2826
-3.16829,20.8859,12.1769
1.53413,18.0753,9.31227
6.2572,15.978,7.08335
11.0191,14.2775,5.14962
15.6734,13.0349,3.51113
19.9248,12.486,2.10004
