-0.0724723,0.743062,-1.04611
0.00368358,1.08359,-0.0775689
-0.033668,2.0678,-0.269619
-0.0451521,3.07108,-0.0721732
-0.0393353,4.11224,-0.135957
-0.0328928,5.1131,-0.110373
-0.0889187,6.11703,0.0456984
-0.0798334,7.12717,-0.0531358
-0.088876,8.1125,-0.0686544
-0.0553179,9.11139,-0.159832
-0.0383007,10.1436,-0.0480972
-0.0449049,11.1331,-0.22934
-0.0561235,12.1321,-0.0787133
-0.0329814,13.1259,-0.143617
-0.0337474,14.0436,-0.622932
-0.0620563,15.0592,-0.491232
-0.0723563,16.0944,-0.439402
-0.165276,17.0924,-0.0869594
-0.0307749,18.1161,0.149553
0.135627,19.1263,0.140974
-0.016422,19.9593,-0.333509
-0.0732047,20.9902,-0.139814
-0.125358,22.0016,0.000866726
-0.0553148,22.9738,0.174392
-0.0524705,23.9972,0.128266
-0.0234138,24.9876,-0.0582293
-0.0444105,25.9061,0.287503
0.0329295,26.8739,0.0125919
-0.0559801,27.8939,0.22313
-0.0533525,28.9221,0.312027
0.854488,1.0935,-0.983593
0.943165,1.41128,0.032194
0.973986,2.37541,-0.304434
0.951216,3.3706,-0.155733
0.937809,4.37944,0.0376049
0.933106,5.4214,-0.0844905
0.864971,6.42145,-0.0771783
0.935414,7.38325,0.00384838
0.952013,8.33837,-0.170647
1.03055,9.35842,-0.154366
0.962081,10.3845,-0.173055
0.977859,11.3788,-0.351112
0.981295,12.3487,-0.10285
0.982748,13.3599,-0.165975
0.950594,14.0628,-0.895441
0.970144,15.0911,-0.717359
0.885107,16.0957,-0.569607
0.844142,17.0184,-0.140568
0.950212,18.0007,0.0271554
1.07651,19.0101,-0.131089
0.958596,20.0186,-0.203024
0.928095,20.9766,0.0726676
0.885119,21.9855,0.0536851
0.923176,22.9652,0.444652
1.00059,23.9017,0.274136
0.984323,24.9189,0.262493
0.845372,25.8163,-0.156209
0.99725,26.8233,-0.217295
0.891198,27.6259,0.415659
0.962578,28.6586,0.425434
1.84573,1.21144,-0.973101
1.93038,1.69206,-0.0600055
2.01274,2.66411,-0.283718
1.99508,3.60078,0.0827662
1.93301,4.60931,-0.115934
1.97026,5.61709,-0.00739158
1.90002,6.63945,0.0747703
1.93641,7.57855,-0.260872
2.00778,8.57183,-0.274917
2.06073,9.61226,-0.364895
2.00005,10.5153,0.0442793
2.00085,11.4657,-0.382141
1.99417,12.491,-0.350136
1.95473,13.4959,-0.350392
1.92019,14.235,-1.0279
1.96213,15.2198,-0.8691
1.93004,16.2466,-0.622733
1.91528,17.1749,-0.208997
1.95156,18.136,0.0952757
2.05011,19.2016,-0.0521531
1.98584,20.1519,-0.161556
1.87439,21.1363,-0.437877
1.86785,22.1314,-0.189535
1.93439,23.0085,0.263445
2.06181,23.9897,0.315439
1.97863,24.8585,-0.0420209
1.82634,25.8447,0.0686544
2.04387,26.7923,-0.190451
1.93164,27.6652,0.273547
2.00909,28.6949,0.30585
2.79468,1.62038,-0.830805
2.92897,2.16525,0.0383068
3.00819,3.05508,-0.457433
2.98291,3.83503,0.224314
2.95859,4.86284,0.20564
3.00319,5.84233,0.168889
2.93383,6.87061,0.0280374
3.01448,7.74754,-0.507688
2.99582,8.74791,-0.617911
3.0491,9.74098,-0.448375
2.97085,10.7183,-0.217551
3.03445,11.6823,-0.493136
2.93863,12.6646,-0.707422
2.96951,13.6356,-0.519669
2.90944,14.3503,-1.18714
2.99319,15.3036,-0.821769
2.98434,16.299,-0.640257
2.94806,17.1438,-0.127662
2.97443,18.1604,-0.0574725
3.02258,19.135,-0.235392
2.91404,20.1095,-0.461007
2.87929,21.0615,-0.157833
2.87815,22.0862,-0.254891
2.98369,22.947,0.327512
3.03638,23.9038,0.320106
3.03477,24.8139,-0.0892666
2.87606,25.8129,-0.0728996
3.04911,26.7585,-0.214951
2.98137,27.6516,0.196838
3.07357,28.613,0.360012
3.69999,2.03576,-0.81521
3.88174,2.4758,0.0816523
4.01369,3.34407,-0.417484
4.05568,4.08482,0.330836
3.98674,5.06545,0.328126
3.98315,6.05324,-0.0257271
3.96481,7.03729,-0.113593
3.99977,7.92921,-0.560039
4.04463,8.9506,-0.893585
4.04537,9.89477,-0.438374
3.93818,10.9257,-0.41536
4.02473,12.0239,-0.263384
3.96566,12.9072,-0.809964
3.96364,13.949,-0.502973
3.90829,14.3479,-1.40219
3.95802,15.295,-0.955913
4.01794,16.2574,-0.792462
3.95889,17.1521,-0.392914
3.98501,18.1262,-0.329283
4.04113,19.0932,0.0212989
3.84246,20.0715,-0.0744957
3.89686,21.0422,-0.326179
3.88201,22.0994,-0.31916
3.99041,22.9485,0.233265
4.04248,23.9911,0.0524735
4.01111,24.991,-0.0287332
3.7994,25.9596,0.265609
4.10013,26.6762,-0.368471
3.96472,27.4971,0.225376
4.08854,28.4582,0.232328
4.73227,2.05207,-0.691604
4.81868,2.87034,-0.12385
4.96403,3.78867,-0.490204
5.00336,4.45474,0.256792
4.88738,5.47718,0.0753044
4.9466,6.42403,-0.210953
4.96677,7.39139,-0.00133061
5.06936,8.24306,-0.568474
5.03458,9.22001,-0.773992
4.99709,10.2181,-0.450725
4.9641,11.2151,-0.413236
4.96726,12.2478,-0.575845
4.9743,13.1543,-0.996316
4.99669,14.0286,-0.484152
4.91496,14.3206,-1.45932
4.95998,15.1956,-0.950548
5.04577,16.2574,-0.931037
4.96636,17.1864,-0.578808
5.00592,18.1926,-0.444288
5.05283,19.172,-0.15345
4.80349,20.0822,-0.434669
4.87357,21.0012,-0.0899808
4.87101,21.9743,-0.384695
5.00571,22.7427,0.233732
4.96781,23.7717,0.29863
4.96823,24.7596,0.243474
4.79958,25.7476,0.397284
5.08405,26.4931,-0.295953
4.99455,27.4595,-0.0112674
5.13984,28.4288,-0.0221473
5.73,2.36102,-0.644621
5.8647,3.10695,0.0213721
5.98071,3.95676,-0.467501
6.0063,4.7377,0.203745
5.91125,5.71087,0.290103
5.88704,6.67414,0.108454
5.96033,7.6542,-0.160829
5.99869,8.66599,-0.481924
6.00152,9.63817,-0.79042
5.95768,10.6305,-0.648479
5.85862,11.6403,-0.420817
5.89924,12.6061,-0.707126
5.91229,13.3864,-1.34677
6.00478,14.1753,-0.701321
5.95097,14.2765,-1.65838
5.92361,15.1914,-1.30699
6.03757,16.2411,-1.11874
5.90523,17.2564,-1.02473
6.02142,18.0728,-0.485006
6.03774,19.0784,-0.382638
5.80896,20.0464,-0.549126
5.88181,20.9422,-0.132005
5.89426,21.9295,-0.41503
6.04028,22.6999,0.274929
6.05872,23.7558,0.243425
5.98289,24.8015,0.243388
5.83025,25.7702,0.374709
6.08643,26.6326,-0.127247
5.94509,27.4252,0.405301
6.11864,28.3067,-0.0434675
6.71919,2.56584,-0.678951
6.90123,3.40958,-0.118113
6.94329,4.34611,-0.446742
6.99415,5.02685,0.346004
6.92926,6.04615,0.309101
6.89311,6.9749,-0.0998444
6.86762,7.96861,-0.0820399
6.97295,8.94009,-0.511838
6.95604,9.95896,-0.601465
6.94732,10.9364,-0.810688
6.89924,11.944,-0.658065
6.87394,12.915,-0.881784
6.88732,13.4731,-1.76358
6.98264,14.0757,-1.01649
6.94316,14.4967,-1.90783
6.89973,15.417,-1.4635
7.03739,16.4029,-1.27747
6.87157,17.3844,-1.26688
7.06139,18.0645,-0.562941
7.09055,19.0291,-0.673547
6.85137,20.0066,-0.525388
6.87332,21.0142,-0.415409
6.88125,22.0307,-0.521705
7.0017,22.7121,0.250996
7.07715,23.7131,0.384121
7.00027,24.6489,0.0986969
6.81883,25.6395,0.346025
7.09722,26.4975,-0.0699026
6.9983,27.4111,0.266857
7.05981,28.2415,-0.365395
7.71647,2.64765,-0.416678
7.97072,3.57112,-0.118696
7.99072,4.55392,-0.300351
7.96363,5.43732,0.185052
7.936,6.42724,0.358129
7.86955,7.32712,-0.121982
7.78087,8.37909,-0.29574
7.94447,9.28734,-0.66191
7.89522,10.2981,-0.743846
7.91396,11.305,-0.599164
7.84831,12.3346,-0.680401
7.87463,13.2355,-1.12274
7.9083,13.6169,-1.99345
7.94221,14.3071,-1.28942
7.92556,14.7741,-2.19361
7.86207,15.2515,-1.27787
7.96547,16.2224,-1.59301
7.93318,17.22,-1.23971
8.10247,18.0396,-0.660595
8.1847,19.0628,-0.79856
7.93919,20.03,-0.628208
7.8396,20.8929,-0.190027
7.8879,21.8847,-0.219474
8.03438,22.759,0.275887
8.05777,23.7388,0.62884
7.9929,24.7008,0.33564
7.86405,25.7046,0.290616
8.06645,26.6798,0.274545
7.96358,27.662,0.315534
8.05137,28.0208,-0.639467
8.75291,2.80971,-0.474099
9.01001,3.71079,-0.0946409
9.00429,4.72494,-0.00161138
8.94821,5.69011,0.262334
8.9168,6.69101,0.295459
8.83672,7.56616,-0.208567
8.76645,8.55528,-0.523811
8.91105,9.53697,-0.790237
8.90429,10.5641,-0.889749
8.92013,11.611,-0.774288
8.81536,12.6465,-0.815757
8.79623,13.6847,-1.20669
8.82608,13.8423,-2.26494
8.92964,14.6231,-1.50988
8.91438,14.8245,-2.49757
8.7094,15.4494,-1.75146
9.00611,16.3643,-1.67567
8.95093,17.1561,-1.04602
9.0633,18.145,-0.90177
9.15267,19.032,-0.460894
9.02816,20.0918,-0.648512
8.78259,21.0695,-0.417209
8.89995,21.9984,-0.106336
9.01043,22.938,0.155196
9.10927,23.9046,0.525907
8.93208,24.9084,0.591806
8.86384,25.867,0.368624
9.01223,26.7238,-0.123688
8.99156,27.684,0.184887
9.04125,28.1894,-0.675494
9.78943,3.00321,-0.480129
10.0102,3.83345,0.0179601
10.0445,4.82138,0.00839564
9.95524,5.86934,0.109262
9.92474,6.88584,0.259108
9.85678,7.72815,-0.335051
9.82861,8.68019,-0.657006
9.96682,9.74066,-0.64937
9.84246,10.7403,-0.667397
9.91829,11.7407,-0.894287
9.81798,12.7206,-0.995309
9.8148,13.6516,-1.37586
9.853,13.6995,-2.38824
9.91991,14.4664,-1.7269
9.91419,14.8657,-2.62995
9.78015,15.3812,-1.8272
10.0774,16.3555,-1.65293
9.94099,17.174,-1.07745
10.0792,18.1553,-1.12445
10.1378,18.9776,-0.561809
10.0241,20.0135,-0.575939
9.77795,20.9858,-0.40698
9.97044,22.0817,-0.348714
10.067,22.8385,0.32122
10.0845,23.8393,0.185174
9.90583,24.7998,0.47438
9.84048,25.727,0.0678579
10.0532,26.6905,0.0937651
10.0302,27.6719,0.164794
10.0626,28.0537,-0.768731
10.8382,3.17749,-0.284506
10.9653,4.10452,0.0905271
10.9818,5.12712,0.0173742
10.9424,6.08962,-0.226182
10.9575,7.01862,0.174746
10.8992,7.91236,-0.281088
10.8422,8.89722,-0.500562
11.0065,9.91965,-0.489074
10.8873,10.8608,-0.784664
10.9383,11.8738,-0.836393
10.8594,12.8378,-1.0488
10.8013,13.8048,-1.4374
10.8584,13.8659,-2.48676
10.9322,14.6574,-1.83437
10.9565,14.8122,-2.81884
10.7672,15.47,-2.05755
11.1063,16.3478,-1.72688
10.9657,17.1765,-1.14614
11.0752,18.1711,-1.10207
11.1743,19.0324,-0.514435
11.0563,20.0507,-0.574685
10.7701,21.0241,-0.730891
10.9702,22.0002,-0.580743
11.0121,22.7774,0.0316355
11.0897,23.76,0.0672597
10.9056,24.6954,0.471859
10.8911,25.6157,0.0247414
11.0701,26.605,0.353792
10.9879,27.5902,0.0723411
11.07,28.3199,-0.609879
11.8389,3.24273,-0.066332
11.9763,4.24407,-0.0826685
11.996,5.25553,0.0131535
11.9581,6.23593,-0.195453
11.9473,7.19805,0.00430311
11.9112,8.14744,-0.237956
11.8298,9.12705,-0.641115
12.0121,10.0904,-0.368877
11.925,11.0085,-0.816276
11.9474,12.0601,-0.846062
11.8971,13.0177,-1.11777
11.8723,13.9692,-1.45178
11.8773,14.0257,-2.465
11.9201,14.7723,-1.75825
12.0342,14.8841,-2.79022
11.8085,15.4645,-1.97777
12.0736,16.4664,-1.95293
11.9302,17.3498,-1.49647
12.1453,18.2111,-0.972485
12.2031,19.1275,-0.554756
12.115,20.1006,-0.546764
11.7712,21.0502,-0.788031
11.9481,22.086,-0.751854
12.0035,22.6938,0.0473983
12.106,23.6882,0.0903623
11.9029,24.6275,0.282192
11.8561,25.6177,0.31203
12.0708,26.6044,0.166994
11.9291,27.4602,-0.307947
12.1051,28.3836,-0.703778
12.9147,3.2017,0.0376904
12.9609,4.20173,-0.149629
13.0189,5.21559,-0.111188
12.9825,6.18523,-0.433366
13.0012,7.13527,-0.0193579
12.9682,8.11697,-0.300955
12.8688,9.13063,-0.559072
13.0487,10.2152,-0.558202
12.9179,11.186,-0.847594
12.9998,12.216,-0.8068
12.935,13.1688,-1.12728
12.922,14.1239,-1.47733
12.8831,14.1276,-2.4789
12.9008,14.9281,-1.84554
13.025,14.8764,-2.8645
12.8483,15.5572,-2.14987
13.0504,16.4435,-1.69789
12.9795,17.3988,-1.35048
13.1628,18.2915,-0.947237
13.1769,19.2769,-0.704761
13.0953,20.2728,-0.758168
12.7891,21.1994,-0.933781
12.9043,22.0268,-0.427342
13.0077,22.7429,0.234205
13.1488,23.7474,0.0544847
12.8886,24.7459,0.102149
12.8845,25.6835,0.35443
13.1044,26.6044,0.0569018
12.9874,27.4903,-0.430909
13.1147,28.4195,-0.786886
13.951,3.14422,0.141115
13.9843,4.17671,-0.0671712
14.0467,5.14326,-0.259728
14.0038,6.13183,-0.214066
14.0171,7.15538,-0.0298379
14.0116,8.1534,-0.414292
13.9213,9.16248,-0.436012
14.0685,10.1203,-0.683062
13.9912,11.1334,-0.762246
14.049,12.1141,-1.00803
13.9748,13.0966,-1.1522
13.9787,14.0597,-1.40901
13.8968,14.0676,-2.43974
13.9626,14.8298,-1.72441
14.0674,14.972,-2.75398
13.9357,15.6733,-2.04363
14.0694,16.6397,-1.93101
14.0196,17.4843,-1.36809
14.2391,18.4312,-1.18231
14.2074,19.1815,-0.579223
14.1361,20.174,-0.606214
13.8405,21.1587,-0.944447
14.0147,22.0394,-0.498364
14.025,22.6817,0.274313
14.1425,23.7052,0.159883
13.899,24.6649,0.182037
13.9427,25.6516,0.561431
14.0486,26.6216,0.43856
13.9831,27.3712,-0.296405
14.1347,28.3004,-0.723634
14.9184,3.08005,-0.0299173
15.0014,4.10551,-0.235524
15.0364,5.11515,-0.109302
15.0502,6.11081,-0.231654
15.022,7.129,-0.199817
14.9872,8.13701,-0.335511
14.9545,9.14662,-0.344057
15.0902,10.1306,-0.549586
15.0486,11.1016,-0.780642
15.0994,12.1226,-0.930869
15.0076,13.1071,-1.22829
14.9758,14.0739,-1.44951
14.9253,14.1141,-2.46857
14.9554,14.9594,-1.85034
15.0741,14.9548,-2.85275
14.9384,15.5692,-1.99329
15.0702,16.5095,-1.76334
15.0038,17.4725,-1.52459
15.283,18.38,-1.21925
15.2592,19.2004,-0.672716
15.1175,20.2019,-0.451076
14.8776,21.0008,-0.968712
15.0043,21.7943,-0.328227
15.0496,22.6723,0.293573
15.1999,23.689,0.127714
14.8875,24.6533,0.224967
15.0074,25.6073,0.495785
15.0601,26.6296,0.37181
15.0197,27.4162,-0.26791
15.1158,28.2454,-0.801834
15.9221,3.01763,-0.0880795
15.9972,4.05442,-0.176379
16.0672,5.04857,-0.140611
16.1138,6.1285,-0.0906186
16.0209,7.13492,-0.321061
16.015,8.1462,-0.416907
15.9754,9.15792,-0.475079
16.1203,10.1212,-0.69433
16.0963,11.1673,-0.578298
16.1079,12.0915,-0.918549
16.085,13.0811,-1.14694
16.0172,14.0303,-1.46461
15.9999,14.1497,-2.48015
15.954,14.8478,-1.73165
16.084,14.9829,-2.72289
15.9539,15.5309,-1.90534
16.1341,16.5024,-1.53352
15.9968,17.4985,-1.36288
16.2876,18.4468,-1.30609
16.2623,19.2582,-0.685418
16.1223,20.2173,-0.323988
15.7967,21.1703,-0.562386
15.9626,22.1621,-0.39357
16.0624,22.7897,0.411951
16.1806,23.7175,0.0672628
15.9397,24.6759,0.262511
16.0248,25.6552,0.236592
16.0945,26.6493,0.25891
16.0679,27.5165,-0.192969
16.1228,28.2247,-0.894205
16.9205,3.14142,-0.203821
16.9942,4.16237,-0.145769
17.0699,5.13374,0.0112064
17.151,6.14997,0.0133518
17.073,7.13998,-0.270913
17.0457,8.15943,-0.247307
17.0279,9.16108,-0.329664
17.127,10.1296,-0.450005
17.1325,11.1121,-0.712333
17.1676,12.1356,-0.930424
17.1484,13.1014,-1.18122
17.078,14.0761,-1.37502
17.0435,13.9989,-2.35366
17,14.8405,-1.73667
17.1632,15.0327,-2.70499
17.0205,15.5862,-1.8294
17.1202,16.5489,-1.562
17.0297,17.4475,-1.14017
17.3178,18.4565,-1.15466
17.2749,19.3526,-0.754808
17.2006,20.2076,-0.219987
16.7544,20.9764,-0.719736
16.9368,21.9806,-0.482562
17.0613,22.6284,0.316807
17.1767,23.5871,-0.030253
16.9266,24.5524,-0.0237434
16.9817,25.5287,0.0135472
17.0153,26.4881,-0.215665
17.0756,27.5403,-0.196597
17.1401,28.2963,-0.871902
17.9538,3.1384,-0.428162
17.9977,4.00897,0.15244
18.1031,5.00387,0.166927
18.1553,5.98795,-0.129493
18.0661,7.06223,-0.226118
17.9808,8.04879,-0.526835
18.0354,9.02501,-0.472359
18.1352,10.0234,-0.531498
18.1346,11.0386,-0.626899
18.1738,12.1056,-0.775887
18.2327,13.1787,-1.07429
18.1048,14.2523,-1.29667
18.0437,14.3326,-2.29376
18.0568,15.1045,-1.63429
18.1771,14.8443,-2.59709
18.0254,15.4822,-1.75768
18.0829,16.4508,-1.5793
18.0477,17.3933,-1.27259
18.0243,18.1222,-0.543959
18.2423,19.1247,-0.554741
18.2061,20.0868,-0.227409
17.8287,20.9526,-0.610459
17.9408,21.9052,-0.430766
18.0481,22.5721,0.26494
18.1121,23.5503,0.46054
17.9236,24.5249,0.270952
17.9442,25.4588,-0.0988617
18.0428,26.46,-0.100375
18.0706,27.4681,-0.257094
18.1281,28.4007,-0.530393
18.9623,2.93322,-0.182043
18.9864,3.95291,-0.136201
19.1704,4.92239,0.0728568
19.2236,5.90068,-0.279022
19.0778,6.93173,-0.289261
19.056,7.88868,-0.493652
19.0704,8.88691,-0.545265
19.163,9.92391,-0.487738
19.131,10.9218,-0.620136
19.203,11.9804,-0.687951
19.3072,12.9894,-0.968368
19.0864,13.9502,-1.20076
19.0624,14.2262,-2.24043
19.0697,14.827,-1.44825
19.1325,15.0233,-2.41867
18.9748,15.727,-1.68513
18.92,16.487,-1.02758
19.066,17.4883,-1.03338
19.0373,18.2811,-0.391943
19.1975,19.3238,-0.353722
19.1846,20.2354,-0.00962859
18.8827,20.9815,-0.597049
18.9352,21.9597,-0.371221
19.1011,22.6115,0.422327
19.117,23.6331,0.409308
18.8963,24.5371,0.08605
19.0126,25.5261,-0.209818
19.0522,26.5092,-0.27683
19.0907,27.5129,-0.402561
19.1675,28.4692,-0.749232
19.9808,2.66162,-0.0849147
19.9795,3.6904,-0.258446
20.1098,4.68254,-0.36643
20.1957,5.66796,-0.208863
20.0838,6.70623,-0.296609
20.0535,7.64333,-0.492462
20.0634,8.63837,-0.452797
20.1653,9.67837,-0.504315
20.1543,10.6809,-0.554485
20.1961,11.6052,-0.959566
20.2863,12.6148,-1.13225
20.1329,13.6375,-1.05085
20.0792,13.9697,-2.02977
20.0825,14.5733,-1.24146
20.1715,14.8095,-2.183
19.9702,15.5153,-1.4291
19.9534,16.3943,-0.923795
20.1255,17.3925,-0.767653
20.0321,18.4515,-0.646361
20.2271,19.3314,-0.191369
20.155,20.2238,0.303867
19.8409,20.9529,-0.335987
19.9287,21.9841,-0.178451
20.1091,22.769,0.438209
20.0594,23.7286,0.145015
19.8919,24.7048,0.212867
19.9998,25.606,-0.329054
20.1124,26.6014,-0.383786
20.0885,27.651,-0.295706
20.2157,28.6099,-0.555324
20.9355,2.39663,0.149123
20.9983,3.43824,-0.0604572
21.0995,4.36005,-0.421186
21.2121,5.43981,-0.253359
21.0906,6.41959,-0.141142
21.1016,7.43473,-0.220817
21.0787,8.35937,-0.476357
21.1973,9.43744,-0.395499
21.1,10.4631,-0.332929
21.2519,11.3298,-0.916279
21.2771,12.3308,-1.1414
21.119,13.2959,-1.14965
21.1617,13.9914,-1.8701
21.0508,14.3266,-0.919477
21.1099,14.7117,-1.87852
20.9739,15.5074,-1.31313
20.9607,16.4381,-0.886422
21.1087,17.3774,-0.428211
21.0537,18.3798,-0.441694
21.2542,19.2577,-0.0747948
21.2362,20.1643,0.356111
20.8615,20.9776,-0.133393
20.9143,21.953,-0.311679
21.1056,22.8134,0.284481
20.9878,23.792,0.6408
20.9644,24.7517,0.310913
21.0226,25.6209,-0.269353
21.1566,26.6094,-0.443248
21.0779,27.6445,-0.559413
21.2553,28.6514,-0.69881
21.9191,2.24877,0.180425
21.9812,3.20471,-0.123954
22.1376,4.153,-0.391424
22.233,5.13591,-0.287231
22.0747,6.04867,0.00391247
22.0487,7.04326,-0.105191
22.0585,8.01285,-0.288086
22.109,9.01242,-0.106943
22.0875,10.0579,-0.396454
22.163,10.9173,-0.958245
22.2261,11.9197,-1.02949
22.1223,12.9408,-1.10429
22.1764,13.7763,-1.62278
22.0491,14.2028,-0.705493
22.0823,14.5556,-1.65126
22.0167,15.4493,-1.20847
21.972,16.3455,-0.794198
22.1168,17.1941,-0.302002
22.0279,18.1349,-0.52566
22.2351,18.9836,0.116535
22.182,19.9344,-0.0822932
21.943,20.9124,-0.0803522
21.8898,21.9227,0.0282785
22.1444,22.8893,0.229536
21.9986,23.8744,0.63346
21.9936,24.8433,0.294632
22.0296,25.7789,-0.0452864
22.1442,26.6093,-0.616486
22.0897,27.6266,-0.439109
22.2565,28.6549,-0.613062
22.9102,2.00012,0.285308
22.98,2.88853,-0.292605
23.1555,3.85358,-0.315995
23.2464,4.87858,-0.435826
23.1334,5.79387,-0.109769
23.0217,6.79824,-0.208301
23.0773,7.79126,-0.229728
23.114,8.81982,0.170629
23.0708,9.82604,-0.159725
23.0812,10.6115,-0.806189
23.2458,11.6301,-0.865056
23.0792,12.6614,-0.773382
23.1998,13.4162,-1.48153
22.9832,13.8898,-0.536537
23.0681,14.5001,-1.30503
23.0005,15.438,-0.990909
22.9639,16.4127,-0.860228
23.1199,17.0665,-0.0668386
23.0633,18.0876,-0.340846
23.1834,19.0642,-0.332878
23.2057,20.0551,-0.0299509
22.9149,20.9957,-0.1614
22.9645,21.9693,0.00859401
23.1396,22.8734,0.394308
23.0301,23.8532,0.560387
23.0343,24.7478,0.143028
22.9502,25.5843,-0.381689
23.2062,26.5146,-0.666842
23.1198,27.5339,-0.653102
23.228,28.5005,-0.330708
23.9561,1.81646,0.248177
23.9992,2.6126,-0.36903
24.1243,3.60204,-0.319996
24.2244,4.61775,-0.491339
24.2108,5.55708,-0.14676
23.9917,6.53471,-0.0447859
24.0925,7.51178,-0.362615
24.0751,8.4995,0.0120426
24.0642,9.5303,-0.103983
24.0637,10.3647,-0.647349
24.1992,11.3432,-0.700385
24.1083,12.3421,-0.761547
24.1859,13.2816,-1.10099
23.9556,13.8426,-0.271313
24.0302,14.4962,-1.06263
24.0047,15.4831,-1.0311
23.9823,16.5029,-1.02826
24.1391,16.9829,-0.108307
24.0859,18.0119,-0.257491
24.2324,19.0148,-0.17008
24.2495,20.0024,0.0368938
23.9767,20.9089,-0.350563
23.9848,21.8675,-0.0788873
24.0473,22.9023,-0.0633137
23.932,23.9198,0.0904202
24.0722,24.9451,0.0637593
23.9177,25.8473,-0.319022
24.1758,26.8049,-0.514502
24.0708,27.7948,-0.710862
24.2123,28.7809,-0.588162
24.939,1.44054,0.454869
24.9416,2.31681,-0.158696
25.0661,3.21405,-0.5837
25.1557,4.18428,-0.402075
25.1516,5.2193,-0.387371
24.9819,6.16323,-0.0849635
25.0867,7.0978,-0.415036
24.9591,8.02464,-0.0197272
24.9916,9.04751,-0.160158
25.0601,10.0749,-0.347404
25.2054,11.0551,-0.749129
25.0419,12.0346,-0.525788
25.1848,12.9481,-0.904596
24.984,13.7382,-0.350334
25.0118,14.4233,-1.05707
24.9981,15.4411,-0.935777
24.9959,16.4347,-0.953301
24.9781,17.3445,-0.588153
25.0306,18.3308,-0.299658
25.0962,19.0524,0.375515
25.2775,20.028,0.158373
24.9732,20.9473,-0.0971557
25.0004,21.9116,0.164122
25.0715,22.9199,-0.0816553
24.9733,23.9075,0.109387
25.0546,24.8966,0.00277718
24.9389,25.7637,-0.543593
25.2202,26.7388,-0.39639
25.0708,27.705,-0.736998
25.1999,28.654,-0.368178
25.9212,1.19824,0.598605
25.8842,1.95541,-0.0724509
26.0212,2.84993,-0.558916
26.1527,3.90288,-0.439814
26.1226,4.9123,-0.329643
25.9529,5.85038,-0.059273
26.0565,6.7896,-0.244469
25.9799,7.80391,0.00849635
25.9797,8.79088,-0.194772
26.0836,9.75101,-0.487933
26.1197,10.7319,-0.484005
26.1023,11.7383,-0.512876
26.1788,12.7431,-0.680505
26.0362,13.5843,-0.208063
25.9739,14.4628,-0.683544
25.9545,15.4377,-0.492615
26.0026,16.3712,-0.814594
26.004,17.3313,-0.476553
26.0319,18.2988,-0.13964
26.1416,19.1919,0.296435
26.2467,20.0815,-0.18873
25.9796,21.0421,-0.0413068
26.0218,22.0167,0.158669
26.0949,22.9073,-0.241917
26.0312,23.8088,0.107373
26.029,24.8334,0.235917
25.9225,25.7256,-0.218754
26.187,26.6505,-0.293417
26.0543,27.5895,-0.644545
26.1726,28.5165,-0.337001
26.9356,1.01256,0.513465
26.9055,1.77543,-0.145265
27.0746,2.71939,-0.546348
27.0467,3.55206,-0.0283761
27.0691,4.5571,-0.190732
26.9991,5.58284,-0.013068
27.0702,6.64183,-0.0751427
27.0066,7.68645,-0.255025
26.9805,8.64004,0.0797723
27.0223,9.62147,-0.0517838
27.1853,10.5454,-0.470165
27.0909,11.5327,-0.442512
27.1587,12.5081,-0.605081
27.0272,13.3423,0.0269173
26.9208,14.255,-0.407898
26.9561,15.2921,-0.381799
26.9886,16.2529,-0.593307
27.0018,17.2916,-0.403223
27.0376,18.2665,-0.372646
27.1143,19.2396,-0.0560076
27.2908,20.2653,-0.296802
26.9461,21.0393,0.245991
27.0353,22.0107,0.362667
27.0922,22.8452,-0.144447
27.0589,23.8535,0.091995
26.9936,24.8797,-0.103073
26.9404,25.8956,-0.156407
27.1647,26.8906,-0.0904172
27.048,27.7845,-0.545564
27.1694,28.5864,0.0268075
27.9824,0.825993,0.632151
27.9541,1.56168,-0.0329386
28.0734,2.48288,-0.443703
28.0056,3.3482,0.0978301
28.0864,4.37016,0.0299875
27.9952,5.38933,-0.0537828
28.0886,6.39922,-0.0540391
27.9992,7.40701,-0.150923
27.9856,8.3591,0.148048
28.0575,9.31451,-0.170653
28.1318,10.2019,-0.687268
28.1339,11.2395,-0.483911
28.1336,12.2514,-0.41189
28.0398,13.1682,-0.00738243
27.924,14.148,-0.217148
27.9635,15.1602,-0.354698
27.9993,16.1403,-0.712751
27.9413,17.067,-0.258791
28.0344,18.0779,-0.469918
28.0944,19.1293,-0.275439
28.2478,20.1609,-0.490603
27.9453,21.0179,0.0625843
28.027,22.0183,0.0789697
28.1027,22.9266,-0.387271
28.0675,23.9206,-0.122327
27.9854,24.9169,-0.0411084
27.9852,25.9552,-0.0880581
28.1292,26.9701,0.0884976
28.0255,27.8935,-0.227116
28.1439,28.8767,-0.0841823
29.0105,0.50322,0.581353
28.9631,1.3267,0.00264595
29.1001,2.27548,-0.275161
29.0502,3.17298,0.240165
29.0904,4.17666,0.313532
29.0159,5.18448,0.0155248
29.1162,6.20574,-0.166283
28.9904,7.1742,0.069628
29.0354,8.16106,0.116761
29.0973,9.09644,-0.195169
29.0392,10.0824,-0.31467
29.0348,10.9872,0.0989929
29.0374,12.0011,-0.031428
29.0507,12.9687,-0.218662
28.9482,13.9673,-0.0934874
29.0398,14.9876,-0.155916
28.9529,15.9471,-0.33423
28.9814,16.9055,-0.288391
29.0485,17.9249,-0.243931
29.0711,18.9479,-0.0760033
29.2071,20.0289,-0.137754
28.971,21.025,0.0220374
29.0639,22.0281,0.0373455
29.0509,23.0251,0.11399
29.0574,24.0132,0.0708151
29.0787,24.999,-0.174834
28.9605,25.99,0.0443587
29.1378,26.9996,-0.039378
29.0329,28.0448,-0.154048
29.1005,29.0282,0.0214698
