4.0975,4.97078,0.165169
3.4877,5.41049,-0.529743
3.40624,6.08472,0.258818
2.85002,6.24092,1.09859
2.20113,5.66224,0.550356
3.14211,5.6471,0.710611
3.77344,5.41967,1.46973
3.33234,5.89749,0.694479
3.67483,6.03938,-0.236369
3.53536,5.84998,0.727287
3.53802,5.33706,-0.533622
4.46719,5.5744,-0.32288
3.52948,5.34627,-0.466411
3.15425,5.52685,0.44503
2.53709,4.72913,0.393078
2.77016,5.50131,-0.170882
3.25385,5.85108,0.677001
3.52151,6.42886,-0.106638
4.47609,6.50338,0.257781
4.48798,5.61881,0.81792
4.4978,5.30503,-0.235237
4.3018,5.65331,0.701035
4.22842,4.88267,0.0752281
3.40364,4.54801,0.565746
3.00478,4.20257,-0.297595
3.45427,4.99614,-0.673098
3.72217,5.84161,-0.213346
4.37345,6.34439,0.418345
5.3288,5.94972,0.429011
4.52376,6.08766,-0.132746
3.97989,4.47057,-0.447835
4.01263,4.71331,0.564748
3.71847,4.05492,-0.148433
4.3082,4.77864,0.250026
3.67707,4.88104,-0.538139
3.96171,5.78538,-0.274871
3.79077,6.13277,-1.18348
4.59621,6.19161,-0.549394
5.11412,6.81893,0.0473434
4.48857,6.52127,0.808506
3.78469,4.2564,-1.405
3.90497,4.55375,-0.418903
4.48382,4.44375,0.399521
5.28985,5.04332,0.0320322
4.58021,4.39678,-0.243614
4.71407,5.2873,0.204096
4.61503,5.81932,-0.688443
3.63499,6.05945,-0.781979
4.51941,6.03922,-0.261211
4.92514,5.56727,0.543873
4.37538,3.70697,-0.840156
4.90003,4.56677,-0.722306
5.37753,4.94855,0.124528
4.49581,4.45692,0.190063
5.50717,4.69795,-0.0893063
5.10156,5.45485,-0.759349
5.49518,6.27194,-0.379678
4.63326,5.91166,-0.874224
4.93069,5.14228,-0.352867
4.86078,4.56647,0.496271
5.05852,4.22806,-0.344633
5.89104,4.45412,-0.872082
5.43786,3.96163,-0.0904813
5.31843,4.95355,0.116803
5.49671,5.49598,-0.693414
5.20331,4.77366,-0.0390027
5.01809,5.71282,0.260295
4.57632,5.02608,-0.353777
4.492,5.89883,-0.907358
4.68673,5.35463,-0.0420484
5.30407,4.92042,0.392596
5.42174,4.03165,-0.0913755
6.12435,4.54697,-0.650298
6.00816,5.54917,-0.386154
5.32583,6.08457,0.100531
5.14404,5.38849,0.782965
5.76555,5.09395,0.0674642
5.24353,5.7542,-0.541643
4.70179,4.93171,-0.689584
5.39877,5.65346,-0.610321
5.74292,5.01,-0.524088
4.76781,4.80801,-0.19729
5.69824,5.26419,-0.135725
5.72292,6.16748,0.321738
6.02057,5.98681,-0.607718
5.91492,5.205,0.0799127
5.21004,5.67441,-0.529633
4.95009,4.74151,-0.738456
5.15658,4.86244,0.233912
4.96073,4.68274,-0.712253
4.91808,4.99922,-0.0682882
5.72246,4.44214,-0.190194
5.4522,4.85999,-1.04763
5.23985,5.40858,-0.201456
6.00771,4.99586,-0.694467
5.27125,5.6184,-0.576241
4.34945,5.61246,-1.01208
4.96936,5.11342,-1.71733
4.96444,4.84217,-0.727921
4.75877,4.65614,-1.70652
