21.3039,18.1324,-8.73771
-0.412775,4.24152,8.13923
-11.3961,15.9059,-15.0372
10.1254,-16.7903,22.6663
5.12111,-0.647237,-19.6401
-12.3277,-23.0674,-11.0563
21.0915,-11.4052,12.1289
-1.15832,-6.78835,10.2975
4.09041,10.9804,14.6728
10.5698,15.4879,8.25373
12.1545,12.5824,-5.34359
4.05146,7.72609,-0.342842
-2.95989,5.22794,-3.74006
3.9805,-6.54412,7.21953
3.18954,-5.41762,-6.09143
-1.8201,-13.858,-3.43666
8.40607,-9.15307,5.26062
5.3722,0.300534,7.37407
8.77787,11.3902,6.85469
16.817,20.0046,1.90881
6.96738,9.30499,-8.36269
3.68582,6.47798,-5.0337
1.22963,2.76045,-2.23855
2.37142,-1.9414,1.81008
1.77411,-3.77241,-1.49666
0.233656,-6.66815,0.761687
3.06783,-2.22936,5.33141
1.64461,5.18542,7.78588
0.963598,12.8902,9.03888
1.56604,19.9007,8.38146
3.47419,7.71516,-13.6769
2.12232,5.9967,-9.52441
1.25395,3.74686,-5.50443
1.3318,1.24681,-1.77505
0.687191,-0.127982,0.306485
-0.172256,-0.538533,3.50706
-0.365706,3.66774,7.04832
-2.8327,9.44619,9.8537
-6.87659,15.4144,12.4897
-13.5184,20.6803,15.1621
0.954503,7.03779,-20.2589
-0.144295,6.13446,-13.662
-0.664348,4.94796,-8.06772
-0.406595,3.9481,-3.28753
-0.414524,3.59898,0.974752
-1.02806,4.51011,5.02224
-2.61614,8.30239,8.75585
-5.80184,13.1774,12.3846
-12.6195,17.3314,16.6276
-29.1735,22.553,22.3228
-0.123188,7.08383,-28.6857
-4.38914,6.11613,-12.4145
-3.47191,5.07561,-5.26861
-2.15884,5.5637,-0.911502
-1.0973,6.58455,2.56106
-0.153304,7.8915,5.50006
0.533171,10.1819,8.01044
0.819623,12.664,10.3209
3.06532,12.1142,12.2756
16.6205,5.25127,10.609
-22.9158,23.0786,2.27074
-9.24479,5.41358,3.31075
-3.99343,3.67988,1.49038
-2.88376,6.80138,3.14321
-1.38293,9.34446,5.02216
1.17832,10.6123,6.41136
3.95682,11.7905,7.66951
7.38051,12.7278,8.32397
13.3986,12.2484,6.33995
23.801,11.6611,-0.132664
9.53576,-32.9321,23.9985
1.25611,-12.4213,12.3046
-0.86773,0.228587,6.47344
-3.58262,8.70322,6.96449
-1.97697,12.7158,7.54039
2.16008,13.4719,7.71147
6.82849,13.7515,7.73948
11.971,14.344,7.79046
18.2895,15.3546,7.53569
25.4561,17.7635,8.31866
-13.6917,3.1947,-1.46328
5.90397,-6.24437,2.70401
-1.23308,11.1449,0.366771
-6.72861,16.7584,8.06186
-3.92495,17.192,9.42937
0.754244,16.606,8.8295
5.78048,16.1947,8.0517
10.9959,15.8655,7.08409
16.4521,15.4162,6.19431
22.1625,14.9408,5.21926
6.09356,-9.50334,1.71482
26.0358,-21.7807,4.91899
-5.79364,29.3368,-6.54672
-12.9155,25.2241,15.074
-7.43651,21.2862,11.8493
-1.97626,19.1077,10.1686
3.27435,17.7822,8.85686
8.34489,16.829,7.7262
13.2188,16.1216,6.71788
17.5905,15.5329,5.80087
