0.0021424,-0.0106021,-0.0480483
1.04181,-0.0265175,0.0277627
2.03068,-0.0051149,-0.158098
3.00896,-0.0934141,-0.344844
3.95551,0.0127323,0.0494583
4.96711,0.00688498,0.00510269
5.97337,-0.010004,-0.092758
6.92306,0.0528581,0.0229682
7.94352,-0.00137944,0.0531816
9.00959,0.0843623,-0.0677236
9.94745,-0.0344493,-0.373693
10.9322,0.0279122,0.05721
11.9166,-0.0131565,0.227586
12.8921,0.0406323,-0.0412793
13.9099,0.00299997,0.0137913
14.9112,0.028135,0.132441
15.9201,0.00432752,0.112149
16.962,0.0115757,0.170144
17.9883,-0.0353099,0.256453
19.0037,-0.0274178,0.0925199
-0.0249214,0.996545,-0.26039
0.979745,0.983059,-0.131373
1.95178,1.03706,-0.153151
2.94317,0.896683,-0.158153
3.92308,1.05376,0.330851
4.92599,1.09687,0.00355235
5.90529,0.987555,-0.117576
6.88881,1.02735,-0.25009
7.903,1.00289,-0.133125
8.86293,1.11035,0.100128
9.83937,0.884756,-0.0202155
10.8421,1.02875,-0.0646077
11.7782,0.994473,0.281225
12.8142,1.09633,0.14648
13.8204,1.02285,0.221775
14.8942,0.990997,0.184161
15.913,1.00425,0.10792
16.9109,0.951863,0.3558
17.9329,0.987222,0.391317
19.0008,0.940397,0.228974
0.06068,1.97348,-0.119837
1.02237,1.94286,0.161452
2.05267,2.05701,0.167937
3.05714,1.98495,-0.0573138
4.12408,2.07556,0.0931791
5.07872,2.09069,-0.130293
6.08712,2.03254,-0.115949
7.04942,1.973,0.0858425
8.04483,1.95191,0.170852
9.03771,2.10371,-0.0580187
9.9503,1.79296,0.31818
11.0153,1.89627,0.423444
11.8808,1.95506,-0.0652486
12.9245,2.04232,-0.17036
13.9655,1.94706,-0.096762
14.9749,2.04884,0.0494858
16.0133,1.95638,-0.167547
16.9923,1.91923,0.0542192
17.9782,1.96117,0.178375
19.002,1.91337,0.195795
0.0329936,3.00201,-0.184683
1.00791,2.95274,0.0700095
1.99435,3.05797,-0.00360118
2.99101,2.97736,0.0472396
3.97445,3.07398,0.167577
4.97183,3.12779,0.0830073
6.01238,3.07375,-0.116279
7.01313,2.9431,-0.14897
8.03114,2.92505,-0.0546678
9.01865,3.09838,-0.0877407
9.96375,2.81182,0.237681
10.9832,2.9913,0.24557
11.9862,3.04016,0.141136
12.969,3.07258,-0.163833
13.9454,2.97794,0.134111
14.9755,3.04955,0.150932
15.9843,2.98559,-0.120682
17.008,2.87999,-0.110987
17.9681,2.9672,0.0212043
18.9754,2.88445,-0.0477187
0.00612201,4.01882,-0.157646
0.993216,3.93953,-0.00624714
1.9655,4.05672,0.132365
2.97571,4.01006,0.248994
4.04562,4.1089,0.237675
5.00054,4.16451,0.0239296
6.01455,4.02262,0.219877
7.01754,3.88621,0.199149
8.05001,3.86825,0.295242
9.05207,3.94428,0.499017
10.0384,3.82414,0.283828
10.9835,4.03043,-0.0438337
11.9794,4.02093,-0.0305368
12.9624,4.10338,-0.0251289
13.9794,4.05011,-0.0630451
14.9978,4.02964,-0.144349
16.003,3.97321,-0.0222724
17.0245,3.89984,-0.178091
18.0175,3.95178,-0.0865108
19.0404,3.86883,0.145149
0.0224097,4.94612,0.234471
1.02829,4.94069,0.293408
2.02435,5.09792,0.105545
2.99339,4.99552,0.0587268
3.99798,5.10458,0.106552
5.01097,5.16727,-0.095645
6.00325,5.02301,-0.106278
6.94009,4.99699,0.22053
7.9563,4.90069,0.0518235
8.97348,4.99282,0.258504
9.99735,4.82308,0.150966
10.8998,5.03088,-0.151082
11.9289,5.05477,-0.0489639
12.9767,5.08149,-0.224335
13.9876,5.07737,-0.0301492
14.9811,4.99099,0.123994
15.9723,4.96763,0.10582
16.9621,4.9289,-0.27329
17.9711,4.9619,-0.275454
19.0325,4.85076,-0.135444
0.00999481,5.9629,0.0084872
0.996783,5.984,0.13549
2.05898,6.08279,0.0859432
3.0715,5.979,0.0646413
4.06474,6.11657,-0.0744285
5.07741,6.14678,0.037553
6.04973,5.98381,0.0621357
6.94733,5.81238,-0.312931
7.86993,5.89222,0.0333476
8.85922,5.9697,0.147981
9.87265,5.85103,0.155522
10.8867,6.01134,0.0368999
11.912,6.05579,-0.0205145
12.9346,6.10839,-0.183187
13.9311,6.08456,0.0197546
14.985,5.98002,-0.072515
16.0598,5.95449,0.110337
17.0577,5.9149,0.0749962
18.0082,5.95646,-0.0450026
18.9999,5.83236,0.0171636
0.0253121,6.92508,0.27972
1.03956,6.9847,-0.0268197
2.02883,7.0762,-0.0605609
3.06138,6.97392,-0.0533433
4.05326,7.09193,-0.273919
5.03166,7.15024,-0.184466
6.02609,6.99788,0.0713828
6.99354,6.82514,-0.155498
7.94352,6.89288,0.0524369
8.92698,6.97892,0.122355
9.93041,6.83094,-0.145607
10.9149,7.00251,0.130473
11.916,7.04616,0.1133
12.8974,7.13312,-0.0835292
13.9381,7.04725,0.184951
14.9776,6.965,0.138224
15.999,7.02907,0.269451
16.9347,6.92622,-0.136128
17.9912,6.93167,0.108158
18.9554,6.82879,-0.028843
-0.0247108,7.92763,0.118641
0.957134,7.94455,0.400934
2.02696,8.05263,0.136167
3.04674,7.95782,0.050087
4.03742,7.94052,0.260033
5.0384,8.07916,0.218162
6.05977,8.02923,-0.064626
7.08925,7.87265,-0.00832545
8.0727,7.87671,0.184094
9.11439,8.02821,0.299783
10.0625,7.81532,-0.1425
11.0452,8.00826,-0.0686392
11.9557,7.99757,0.449867
12.9607,8.09691,0.446001
13.8878,8.05277,0.165184
14.9142,7.9769,0.128492
15.91,7.95629,-0.15663
16.8966,7.98382,-0.157768
17.9189,7.97677,0.0456465
18.954,7.85997,-0.0387005
0.0139592,8.97244,-0.09335
1.04972,8.97357,0.0946287
1.93358,9.02923,0.52281
2.92922,8.92714,0.29722
3.94289,8.96651,0.241615
4.95891,9.04273,0.0692801
6.00315,9.01459,0.183105
7.01805,8.86827,0.0268166
8.06887,8.85467,-0.0499313
9.08177,9.02391,0.195914
9.99779,8.85231,-0.140101
10.9742,9.04286,0.132194
11.9599,9.02719,0.285842
12.9645,9.17694,0.514954
13.9494,9.06302,0.192721
14.9406,8.98263,0.29057
15.9246,8.97438,0.102026
16.9753,8.96376,0.115973
17.9502,9.03659,-0.0597552
18.9611,8.84254,-0.164336
-0.0227851,9.89671,0.248189
1.01253,9.94222,0.39483
2.0112,10.0455,0.438316
2.98766,9.95431,0.400757
4.025,9.96773,0.453584
5.03963,10.0033,0.348836
6.06255,9.99473,0.401202
7.0758,9.8319,0.271392
8.09258,9.90946,0.0909513
9.06669,10.0502,-0.0136662
10.0495,9.84126,0.19783
11.0285,10.1125,0.123371
12.0255,10.0065,0.169634
12.9928,10.0848,0.0154088
14.0556,10.0778,0.0522629
15.0595,10.0065,0.13047
16.0716,9.99109,0.147462
16.9919,9.90872,-0.212738
17.9875,10.0501,-0.00495621
18.9704,9.85978,-0.063155
0.00570696,10.8923,0.152751
0.96802,10.9911,0.616794
1.99371,11.0395,0.623212
2.98728,10.9749,0.470348
3.91956,11.0059,0.178585
4.93361,11.0081,0.224647
5.94956,11.0039,0.0754601
6.91529,10.8378,0.258852
7.91819,10.8693,-0.0454726
8.91816,11.1188,-0.0890683
9.90561,10.9072,0.0379894
10.9218,11.1202,-0.213797
11.8313,11.0025,0.21149
12.8296,10.9705,0.435179
13.882,11.0033,0.412027
14.9521,10.9796,0.401205
15.8994,10.9991,0.0975341
16.9644,10.924,-0.0212958
17.953,11.0458,-0.13964
18.9293,10.9289,-0.0332926
0.0317362,11.9138,-0.000601215
0.989111,12.0009,0.344328
2.00334,12.0157,0.44659
3.00142,12.0607,0.436949
4.06018,11.9837,0.382092
5.09045,12.0104,0.473824
6.11227,11.9702,0.371545
7.106,11.879,0.353517
8.03833,11.9234,-0.078106
9.00969,12.0776,-0.242561
9.93431,11.9332,0.151469
10.9893,12.0583,0.161473
11.9522,12.0622,0.398465
12.9701,11.9551,0.307529
13.9621,11.9913,0.277557
15.0008,12.0185,0.229844
15.9785,11.9596,0.468169
16.9637,11.931,0.244124
17.9328,12.019,-0.0472274
18.9682,11.9322,0.030604
-0.0847255,12.8079,0.380486
0.871206,12.955,0.668581
1.91697,13.0637,0.635841
2.94374,13.0601,0.454808
3.95214,12.9828,0.523115
4.97357,13.0117,0.417011
5.97411,12.9622,0.255901
6.91231,12.8451,-0.0152135
7.88368,12.9655,-0.187054
8.91492,13.0122,0.0250526
9.92317,12.9442,0.20777
10.9039,13.0657,0.239012
11.9069,13.0427,0.228636
12.9548,12.954,0.161266
14.0061,13.0136,0.281854
15.0662,13.0124,0.358794
16.0682,12.9264,0.124729
17.0619,12.8957,0.366158
18.0608,13.0366,0.133283
19.0144,12.9017,-0.129389
-0.0792566,13.8341,0.34467
0.995868,13.9438,0.444154
1.95231,14.0753,0.641331
2.86709,14.0052,0.171316
3.88726,13.9349,0.244838
4.9328,13.992,0.17561
5.96571,13.9848,0.203195
6.92553,13.8443,0.135585
7.92543,13.9653,0.131605
8.93984,13.9812,0.0392987
10.0003,13.9745,0.110489
10.9727,14.0821,0.475124
11.9246,14.05,0.171096
12.8906,13.992,0.250658
13.9402,13.9979,0.239051
14.9791,13.9563,-0.0592578
15.9918,13.958,0.0972625
16.9888,13.934,0.194638
17.9705,14.0512,0.0332408
18.9966,13.9381,-0.0657002
-0.0359752,14.8538,0.452376
1.00943,14.9803,0.563768
2.05808,15.1258,0.667647
2.92027,14.9783,0.12512
3.93006,14.9188,0.0770226
4.95194,15.0567,0.121699
5.93316,15.0332,0.21843
6.90829,14.8717,0.104816
7.89154,14.9307,-0.0853725
8.89057,14.9666,0.251918
9.89755,14.9842,-0.0194861
10.9053,15.0838,0.186447
11.895,15.0306,-0.0139134
12.9233,14.98,0.0377758
13.9234,15.0219,0.0320414
14.8939,14.9587,0.132487
15.9438,14.9766,0.0420576
16.9675,14.9245,-0.00807825
17.9386,15.0865,-0.16422
18.9472,14.9842,-0.00356456
-0.0385601,15.8942,0.327656
0.970949,15.9687,0.394296
1.96476,16.0257,0.253316
2.95362,15.9744,0.0749657
3.99812,15.9172,0.0284219
5.01279,16.0562,-0.0739189
6.02777,16.0229,0.100415
7.01649,15.8946,0.00225532
8.05171,15.9339,0.108518
9.10174,15.9421,0.107544
10.1114,15.989,0.106937
11.1008,16.0651,0.113828
12.1341,15.9666,-0.102185
13.1456,15.9671,0.090759
14.1275,15.9674,-0.140245
15.0952,15.9933,0.145463
16.1321,15.9962,0.225816
17.1434,15.9164,0.105646
18.0909,16.0602,-0.270626
19.0151,15.9515,0.0913144
0.0116825,16.9383,0.308048
0.998596,16.9725,0.376196
1.99692,17.0129,0.421509
2.94687,16.994,-0.00751671
4.0092,16.9517,-0.0192389
5.01744,17.0736,0.0657979
6.0387,17.039,-0.0691
7.10864,16.8992,0.0603259
8.10176,16.9509,-0.13708
9.12058,16.9383,-0.25479
10.1401,17.026,-0.0255745
11.1611,17.0766,0.220762
12.0885,17.0378,-0.220222
13.1141,17.026,-0.0580615
14.1565,16.9624,-0.158348
15.1279,17.0525,0.123524
16.1259,16.9891,0.0391522
17.1206,16.8868,-0.20979
18.0458,17.0011,0.201755
19.0051,16.9649,-0.167354
0.044673,17.9067,0.198437
1.03883,17.9008,0.0303446
2.07103,17.9864,0.127982
3.09055,17.9787,-0.0588702
4.10772,17.9654,-0.0425459
5.16484,18.0678,0.0960417
6.13663,18.0565,-0.0255348
7.12288,17.9358,-0.168819
8.14772,17.952,-0.117774
9.14339,17.9489,0.0925138
10.1431,17.9801,0.269021
11.1438,18.1193,0.0666128
12.1161,18.0295,-0.0831202
13.0863,18.0279,0.102243
14.0735,17.9855,-0.214457
15.0802,18.0399,-0.00177007
16.037,17.9694,0.256359
17.0592,17.8862,0.0755852
18.0621,18.0046,0.0666341
19.012,17.9944,-0.297385
0.02743,18.987,0.135185
1.0341,18.9658,0.199551
1.99995,19.0394,0.0355083
2.99925,18.9746,0.104633
3.9976,18.9915,-0.0447951
5.03468,19.0169,-0.259224
6.01361,19.0028,-0.223032
7.04666,19.0024,-0.20495
8.07642,18.9528,-0.161144
9.10602,18.9854,-0.184088
10.1264,18.9806,-0.0389904
11.0042,19.0822,0.418299
11.8784,19.0132,-0.111798
12.8797,19.0573,0.212174
13.8818,18.9764,-0.0581439
14.9031,19.012,0.199982
15.9539,18.9736,0.133741
16.9202,18.9578,0.172362
17.9799,18.988,0.0606952
19.0046,18.9678,-0.0241066
