0.00165716,-0.00301218,-0.108551
0.00869167,1.21022,-0.0512162
-0.0233222,2.52276,-0.0551531
-0.0060976,3.77178,-0.0125797
0.0037141,5.04229,-0.0427168
0.00972625,6.34862,-0.148622
-0.00954009,7.58353,-0.152672
0.03661,8.84628,-0.19209
0.0318796,10.0817,-0.345738
0.137837,11.3347,-0.395853
0.12616,12.5576,-0.461583
0.128074,13.7206,-0.828474
0.158687,14.7644,-1.30119
0.132109,15.7941,-1.52951
0.0555406,16.5045,-0.795755
0.146748,17.5188,-0.764998
-0.0120334,17.9038,0.138209
0.00886868,17.887,-0.881265
-0.001236,18.0014,0.123402
-0.0131443,18.9993,0.300452
0.970214,0.24518,-0.0545854
0.957274,1.51122,-0.0837733
0.916575,2.85111,-0.120475
0.909387,4.15894,-0.148927
0.910373,5.47801,-0.25085
0.963863,6.78856,-0.302594
0.895712,8.10141,-0.26014
0.866866,9.36581,-0.367797
0.932255,10.6658,-0.286245
1.01066,11.9706,-0.312461
1.05649,13.2607,-0.360524
1.13385,14.3496,-0.907239
1.17711,15.2836,-1.65481
1.12671,16.3306,-1.71216
0.960042,16.9096,-0.91319
1.11339,17.9163,-0.963671
1.07246,17.8952,0.0530869
0.984024,18.0379,-0.962935
1.02193,18.0636,0.0534593
0.981741,19.0285,0.391525
1.91724,0.51623,-0.0972961
1.90563,1.79951,-0.156609
1.90459,3.0954,-0.165181
1.92316,4.43548,-0.107581
1.90724,5.78423,-0.113144
1.89182,7.11599,-0.146168
1.85096,8.4769,-0.242662
1.78701,9.85952,-0.182751
1.79305,11.2207,-0.167608
1.82359,12.6315,-0.0838588
1.90435,14.1005,0.038081
1.90079,15.3103,-0.895193
1.83874,15.9961,-2.34736
1.92909,17.1407,-1.83987
1.91078,17.2577,-0.618097
2.14823,18.0326,-1.16601
2.04586,17.9835,-0.180621
1.99852,18.0735,-1.14753
2.0384,18.0486,-0.123231
1.96361,18.9291,0.362709
2.87668,0.276019,-0.253191
2.92311,1.55658,-0.231034
2.91068,2.84873,-0.147667
2.88391,4.09331,-0.148354
2.80205,5.37012,-0.212076
2.76565,6.65748,-0.201294
2.73297,7.95373,-0.271874
2.66117,9.23827,-0.242149
2.68126,10.5396,-0.243074
2.54879,11.8093,-0.267794
2.48461,13.0677,-0.384536
2.439,14.2031,-0.844881
2.39215,15.1212,-1.62995
2.41779,16.1575,-1.63875
2.82284,16.672,-0.860588
3.0755,17.6322,-1.07886
2.9419,17.5815,-0.0418806
3.0268,17.9286,-0.988525
3.07522,18.0535,0.0238868
2.93436,19.0527,0.108222
3.9542,0.257988,-0.344527
3.88636,1.43836,-0.445524
3.91405,2.6262,-0.363506
3.80956,3.80056,-0.311002
3.79317,4.99619,-0.178976
3.70034,6.24521,-0.230393
3.64399,7.41813,-0.308237
3.59244,8.62362,-0.315543
3.47024,9.87654,-0.323508
3.29181,11.0375,-0.410721
3.2257,12.2029,-0.517432
3.15394,13.2879,-0.806555
3.09894,14.3052,-1.29709
3.16059,15.3304,-1.36693
3.68831,16.0379,-0.895361
3.87382,17.0015,-0.975509
3.90171,17.0172,0.0579028
3.94681,17.3985,-0.857686
4.05685,18.0757,-0.0475967
3.9452,19.0566,0.11793
4.93775,0.157842,-0.338456
4.91407,1.34642,-0.333015
4.88459,2.43329,-0.303272
4.77751,3.58687,-0.335374
4.779,4.75138,-0.296857
4.70369,5.88609,-0.210221
4.57105,7.04277,-0.185571
4.50701,8.17123,-0.172423
4.40331,9.28017,-0.221488
4.22813,10.4365,-0.367901
4.1088,11.5256,-0.577892
4.01502,12.5606,-0.661473
4.02634,13.6113,-1.00585
4.04061,14.6486,-1.0544
4.5905,15.4538,-0.871484
4.73831,16.4601,-0.933204
4.72999,16.4564,0.0663442
4.93959,17.2236,-0.621937
5.0688,18.0178,-0.00323801
4.95073,19.0254,0.041435
5.97063,0.0835505,-0.220389
5.88762,1.16563,-0.277862
5.85232,2.27123,-0.228672
5.81247,3.37113,-0.296216
5.76209,4.45303,-0.145888
5.67417,5.56025,-0.185394
5.55206,6.6779,-0.285458
5.48752,7.77243,-0.351631
5.39181,8.89646,-0.195596
5.20778,9.98291,-0.194043
5.14813,11.0492,-0.472958
5.03622,12.0849,-0.568255
4.99004,13.1379,-0.777895
5.03265,14.1701,-0.804968
5.49946,15.0717,-0.800122
5.70985,16.1043,-0.755449
5.73744,16.3435,0.224342
5.96764,17.0617,-0.459786
5.97771,18.0548,-0.375558
5.9782,19.0273,-0.071926
7.01212,0.0746727,-0.145006
6.89939,1.14115,-0.023011
6.88294,2.19085,-0.117112
6.7959,3.23952,0.0158055
6.74771,4.27974,-0.0950194
6.70143,5.367,-0.172246
6.55421,6.41416,-0.255699
6.50728,7.4675,-0.199655
6.36135,8.55119,-0.286392
6.27243,9.60306,-0.240114
6.08054,10.6111,-0.327238
6.06474,11.7115,-0.423801
6.00654,12.7441,-0.568511
6.07688,13.7609,-0.678426
6.48601,14.6662,-0.61326
6.67229,15.6385,-0.651164
6.81233,16.2487,0.125459
6.96158,17.055,-0.516877
7.02777,18.0421,-0.251387
6.94258,18.989,0.00364086
8.04153,-0.00236518,0.0037141
7.95749,1.08082,0.0441877
7.89007,2.15736,0.0104678
7.81312,3.15707,-0.0144871
7.73533,4.20556,0.130476
7.72635,5.23793,-0.0681722
7.63397,6.32981,-0.227393
7.51928,7.38037,-0.305048
7.41897,8.41603,-0.423508
7.25653,9.44526,-0.350468
7.12561,10.4462,-0.330039
7.06066,11.4318,-0.518925
7.09111,12.4469,-0.496912
7.10504,13.4928,-0.542015
7.53393,14.3813,-0.63802
7.71728,15.4039,-0.494406
7.81776,16.1356,0.200491
7.91597,17.0111,-0.232792
8.0273,17.9903,0.01713
7.96811,19.0188,0.0879971
9.06432,-0.0364238,-0.0894772
8.97711,0.993609,0.159471
8.88075,2.007,0.0681875
8.84758,3.12737,-0.0416211
8.76893,4.14919,0.000766015
8.78071,5.18827,-0.134895
8.64367,6.19472,-0.227158
8.55957,7.21514,-0.328159
8.47446,8.24712,-0.388827
8.35038,9.25732,-0.306165
8.19972,10.2463,-0.40726
8.17357,11.2446,-0.485589
8.16085,12.2609,-0.530772
8.1525,13.2654,-0.48334
8.562,14.2084,-0.445991
8.63221,15.1508,-0.158712
8.88983,16.1044,0.0941191
8.9524,17.066,-0.153667
8.98513,17.9426,0.40509
8.98177,18.9782,0.226868
10.0857,-0.129102,0.0276833
10.0235,0.850932,0.18218
9.85915,1.87606,0.252193
9.81513,2.97049,0.204889
9.7823,4.03291,-0.0752373
9.77484,5.0972,-0.19798
9.6282,6.08536,-0.188241
9.64627,7.12235,-0.336802
9.48463,8.13485,-0.40304
9.45473,9.20584,-0.182842
9.28285,10.1768,-0.356029
9.27634,11.1196,-0.605887
9.26585,12.1829,-0.600592
9.2965,13.178,-0.52017
9.61903,14.0822,-0.406037
9.65601,15.0882,-0.162523
9.89167,16.0755,0.0530686
9.92246,17.1019,0.235459
10.0007,18.0895,0.373132
9.99968,19.0955,0.354088
11.0981,0.0177465,0.27069
10.9548,0.984375,0.510007
10.8495,1.9469,0.144072
10.8717,2.97704,0.0409558
10.8044,3.96609,-0.248524
10.7798,5.02455,-0.271026
10.6492,5.99743,-0.100043
10.6801,7.04967,-0.201288
10.5452,8.07277,-0.250902
10.5332,9.08644,-0.259801
10.3909,10.0543,-0.430824
10.3433,11.0134,-0.698618
10.4154,12.0384,-0.582788
10.3735,13.0318,-0.491977
10.6756,13.9992,-0.36715
10.685,15.029,-0.173461
10.9051,16.0217,0.0342326
10.9689,17.0004,0.280819
11.0304,17.9899,0.180871
11.0162,19.0006,0.137388
12.1285,-0.00695822,0.223731
12.0211,0.96885,0.631309
11.8752,1.94757,0.318226
11.8665,2.86845,-0.0869808
11.8486,3.85528,-0.21905
11.7661,4.87002,-0.127168
11.6911,5.91331,-0.068804
11.6729,6.90424,-0.0611438
11.5952,7.90161,-0.151405
11.5811,8.96991,-0.18666
11.5132,10.0277,-0.434327
11.4089,11.0469,-0.657143
11.4736,12.0511,-0.601648
11.4756,13.0099,-0.517252
11.7079,13.9989,-0.202402
11.7403,14.9572,0.0991394
11.8944,15.9229,0.238749
11.9694,16.9898,0.184353
12.051,18.0046,0.21001
12.0779,19.0343,0.226734
13.057,0.0213507,0.633009
13.0095,1.03301,0.465206
12.9292,1.9865,0.109751
12.8505,2.96899,0.00316172
12.8789,3.94415,-0.205994
12.8391,4.94622,-0.238005
12.7471,5.94394,0.0649007
12.7064,7.01136,-0.0289346
12.6492,8.01978,-0.0217139
12.5784,9.06062,-0.265065
12.5801,10.0482,-0.33686
12.4667,11.0927,-0.425202
12.5088,12.1121,-0.427125
12.5301,13.1396,-0.489639
12.7073,14.0983,-0.0996918
12.7655,14.9668,0.368133
12.9027,15.9644,0.347679
12.9627,16.9518,0.301999
13.087,18.0124,0.189206
13.0678,19.0283,-0.0325785
14.0203,-0.0521714,0.452348
14.0018,0.932676,0.159087
13.9526,1.96996,0.107062
13.8517,2.99142,0.156072
13.9355,3.97165,-0.069158
13.8726,4.96889,-0.111234
13.8094,5.99978,-0.0167455
13.7799,7.04858,-0.078518
13.7603,8.05817,-0.0374554
13.6417,9.05997,-0.000646992
13.6763,9.99588,-0.36436
13.497,11.0073,-0.200534
13.5702,12.0173,-0.310703
13.6359,13.0859,-0.345891
13.7301,14.0306,-0.172466
13.7534,14.9683,0.0998291
13.9269,15.9925,0.189062
13.9618,16.9873,0.0660421
14.0935,17.9574,0.318656
14.0669,18.9028,-0.0288064
14.9798,-0.00120853,0.185235
15.0037,1.01121,0.103916
14.9984,1.99603,0.0143925
14.9046,2.96612,0.241194
14.9182,3.99678,0.134141
14.9505,4.92879,-0.174279
14.909,5.94575,-0.0691458
14.8744,6.99482,-0.0458693
14.8164,7.98343,-0.196182
14.699,9.0211,-0.101151
14.7866,10.0303,-0.309925
14.559,11.0047,-0.198059
14.644,12.0618,-0.127964
14.6944,13.0371,-0.230952
14.7712,14.0474,-0.0644948
14.8298,15.0643,0.0529435
14.9059,16.017,0.368874
14.9839,17.0524,0.225587
15.0866,18.1065,0.304285
15.0275,19.1495,0.184213
15.9599,-0.0781671,0.0729789
16.0573,0.984686,0.10148
16.0053,1.96284,-0.0731834
15.9059,2.99553,0.0959136
15.9175,3.96083,-0.188998
15.9389,5.00613,-0.108811
15.8745,6.03027,-0.0910886
15.8993,7.07259,-0.173879
15.8861,8.07877,0.0198737
15.824,9.09263,-0.107733
15.8792,10.0848,-0.355779
15.6388,11.0524,-0.20022
15.7354,12.0485,-0.254231
15.7754,13.0449,-0.12739
15.8305,14.0668,0.0819208
15.873,15.1257,0.0394818
15.9096,15.995,0.559615
15.9863,16.9671,0.508036
16.0926,18.0204,0.611295
16.0151,18.9925,0.337754
16.9957,-0.0467147,-0.0112522
17.0448,0.988821,-0.118928
16.97,2.01034,0.00429701
16.9679,3.04611,-0.0404736
16.9208,4.04005,-0.0852443
16.9566,5.08809,-0.0395734
16.9495,6.05876,-0.208615
16.9081,7.12566,-0.180828
16.9564,8.10184,-0.0220496
16.8766,9.09295,-0.0576281
16.8828,10.0773,-0.171682
16.7618,11.1012,-0.230918
16.8234,12.0765,-0.39422
16.8151,13.076,-0.202487
16.848,14.0495,-0.158348
16.8628,15.1162,-0.160781
16.9701,15.9908,0.392248
16.9905,17.0378,0.548524
17.0918,18.0513,0.711951
17.0273,19.0235,0.315961
18.0043,-0.0324656,0.122391
17.968,0.947145,0.337385
17.9588,1.95549,-0.0153905
17.9759,2.98715,0.0541337
17.926,3.96416,0.197195
17.9684,4.97515,0.200784
17.9497,5.97403,-0.0663594
17.9673,7.00641,-0.143236
18.0337,8.02085,-0.0432844
17.9181,9.03855,-0.097998
18.0006,10.0605,-0.206821
17.8343,11.0274,0.00513321
17.9038,12.0462,-0.243059
17.8937,13.0729,-0.145698
17.8925,14.0699,-0.331016
17.9294,15.0573,-0.22692
18.0228,15.9092,0.375906
17.9575,16.9203,0.252504
18.0396,17.966,0.404913
18.0089,18.9477,0.189724
19.0456,0.00768761,0.139875
18.9615,1.04357,0.182992
18.9576,1.98259,-0.212412
18.9791,2.99432,0.0404614
18.9717,3.94896,0.230689
19.0255,4.94094,0.0984283
18.987,5.92987,-0.0636433
19.0276,6.94794,-0.0241005
19.0157,7.99068,0.0321238
18.9825,9.00538,-0.01966
19.0705,10.0183,-0.1592
18.9335,10.9977,-0.0745109
18.9833,12.0226,-0.285635
18.9213,13.023,-0.321262
18.9187,14.0118,-0.332652
18.9661,15.0138,-0.249452
19.055,15.9591,0.0890347
18.9909,16.9911,0.0670675
19.049,17.9787,0.32414
18.9928,18.9737,0.379034
