0,0,0
-0.00276498,1.00665,0.0380505
-0.00396435,2.04692,0.0556139
-0.00529496,3.08452,-0.160091
0.00596026,4.05594,-0.0164342
-0.00533464,5.07769,-0.0214118
-0.00134281,6.16778,0.0233589
-0.000335704,7.25827,0.0201849
0.0118259,8.46181,-0.051738
-0.00545976,9.62445,0.112568
0.0360332,10.8248,0.0371624
0.0158696,11.8053,-0.231849
-0.024662,12.7632,-0.711121
0.0325388,13.8666,-0.860616
0.0129643,14.43,-0.0454604
0.0587054,15.2971,-0.616083
0.00226142,16.0622,0.0678152
-0.00893582,17.0515,-0.217823
-0.00874966,17.9901,0.179482
0,19,0
0.969356,-0.00630818,0.177383
0.984771,1.16312,0.205878
1.00909,2.25556,0.0172796
0.96494,3.37344,0.107639
1.02698,4.49671,0.000631733
0.906757,5.6605,0.0318155
0.88905,6.79288,-0.0175512
0.814557,7.99916,0.151732
0.781372,9.16797,0.165935
0.770595,10.3963,0.228404
0.924842,11.5815,0.182144
0.885217,12.6672,-0.337642
0.871389,13.4466,-1.122
0.982681,14.5187,-1.21
0.880605,15.1419,-0.345738
0.853703,16.0095,-0.809629
0.921378,16.6707,0.0261422
0.822868,17.3096,-0.754189
0.97658,18.0214,-0.0872768
0.985711,19.019,-0.341685
2.01686,0.0156224,-0.0112522
1.96874,1.20895,0.00241707
1.98789,2.40502,0.0374767
1.91482,3.62833,-0.0165136
1.9877,4.85267,0.0431806
1.90859,6.0306,0.121549
1.80403,7.26284,0.167809
1.72705,8.49972,0.18717
1.67033,9.77883,0.295938
1.60914,11.1219,0.450063
1.60981,12.5605,0.57969
1.53384,13.7212,-0.361815
1.51427,14.2342,-1.8295
1.59698,15.5071,-1.55376
1.68097,16.0083,-0.414386
1.63696,16.8308,-1.06608
1.76379,17.3654,-0.127802
1.82133,17.5794,-1.06849
1.98313,17.993,-0.17759
2.00443,19.0088,-0.103623
3.02646,0.00525834,0.069219
2.9593,1.12583,-0.0319437
2.97459,2.28362,-0.047557
2.92914,3.40186,0.0325236
2.96122,4.58947,0.124473
2.87716,5.77494,0.138218
2.83862,6.9773,0.112864
2.7738,8.13863,0.182818
2.65871,9.33013,0.215311
2.46608,10.5135,0.323988
2.32108,11.7063,0.189926
2.24987,12.7153,-0.341643
2.12213,13.5637,-1.07359
2.21203,14.5683,-1.21494
2.51324,15.3673,-0.57691
2.59787,16.3443,-0.746522
2.6032,16.7076,0.169478
2.69727,17.2963,-0.604788
2.91506,17.9647,0.120768
3.00801,19.004,-0.0293283
4.03002,0.00688498,0.124851
3.95858,1.06889,0.0445509
3.97543,2.21733,-0.051265
3.94698,3.336,-0.0552507
3.94473,4.43484,-0.0827509
3.88193,5.51138,0.156587
3.84967,6.58588,-0.0116031
3.73912,7.69096,0.112702
3.61323,8.82976,0.034962
3.42183,9.91211,0.123997
3.25849,11.0013,0.0405225
3.13484,12.0682,-0.245314
3.06492,12.9458,-0.756005
3.12237,13.9687,-0.865908
3.45412,14.8674,-0.515726
3.47904,15.8323,-0.451192
3.56802,16.508,0.275686
3.70282,17.1871,-0.431385
3.93674,17.9308,0.176067
3.97371,18.9941,0.225962
5.04436,-0.00826746,0.0293374
5.0144,1.052,0.0765435
4.97219,2.15116,0.107944
4.95676,3.16622,0.0233161
4.96485,4.23705,-0.0146641
4.84948,5.29726,0.0429456
4.88781,6.3562,0.0786493
4.75239,7.39216,-0.0781091
4.55917,8.4067,0.0922758
4.36799,9.44319,0.0837367
4.2342,10.5163,0.0814173
4.12381,11.5515,-0.108423
4.0751,12.5763,-0.418281
4.18247,13.5815,-0.634831
4.48063,14.4831,-0.236088
4.44206,15.485,-0.211646
4.6009,16.3461,0.337812
4.68527,17.074,-0.387323
4.947,18.0353,-0.119358
4.94652,19.0111,0.0660756
6.06916,-0.00482498,-0.00777306
6.03575,1.08588,0.0796442
5.9603,2.09675,0.196268
5.99651,3.06338,0.0640858
5.98653,4.06621,0.0827815
5.90751,5.11162,0.0923368
5.8638,6.13748,-0.0656941
5.78862,7.20437,0.0157842
5.592,8.18041,0.0849544
5.38103,9.21131,0.101407
5.3354,10.2389,0.0191351
5.18735,11.2544,-0.0712027
5.10457,12.2593,-0.353688
5.21737,13.307,-0.345796
5.52354,14.238,-0.0685629
5.43569,15.2473,0.0477004
5.67849,16.2065,0.31424
5.74515,17.0349,-0.259804
5.98945,17.9833,-0.161821
5.94752,19.0106,0.122974
7.01833,0.00641804,-0.335005
7.03969,0.965511,0.0788812
6.9996,1.97525,0.0919645
7.01536,2.99093,0.000729392
7.01664,3.98307,0.0680868
6.93591,5.0535,0.13094
6.90074,6.05019,-0.0174474
6.76679,7.01615,-0.152776
6.61621,8.02065,-0.0226386
6.4367,9.02589,-0.0654103
6.40825,10.1017,-0.0151463
6.25456,11.1065,0.0133457
6.23294,12.0846,-0.238914
6.3024,13.0723,-0.243815
6.56119,14.008,0.0526811
6.52716,15.0469,0.172158
6.66124,16.0332,0.0564043
6.81164,17.0503,0.0330302
6.97211,17.9933,-0.323157
6.95286,18.988,0.0791772
7.94182,0.00528886,0.0473617
7.99735,1.01605,0.100964
8.0191,2.05008,0.191607
7.96135,3.02774,0.250822
8.0219,4.0383,0.0894406
7.94805,5.02037,-0.0642689
7.90764,6.01271,-0.213587
7.76348,7.04964,-0.0627186
7.68279,8.04681,-0.138224
7.47798,9.06713,-0.0347728
7.43845,10.0924,0.0845576
7.37541,11.0762,-0.0768517
7.36443,12.0664,-0.0613208
7.33682,13.1138,-0.102258
7.66219,14.0465,0.162471
7.59286,15.1175,0.280639
7.62611,16.1426,0.371178
7.84274,17.0535,-0.0539201
8.02607,18.0228,-0.032783
7.99295,19.0072,0.119318
8.95787,0.0135899,-0.0527268
8.97288,1.01397,-0.00347301
9.04662,2.02857,0.0953795
8.95913,3.00894,0.134169
9.03171,4.02446,-0.220286
8.9537,5.01467,-0.00900296
9.00398,5.99391,-0.250108
8.84399,6.98864,0.00966521
8.76583,8.01735,-0.031251
8.54458,9.00646,-0.0132511
8.53638,9.98574,0.148466
8.46659,11.0271,9.15555e-06
8.42748,12.0705,-0.0739799
8.40801,13.0842,-0.034489
8.70455,14.022,0.213651
8.63867,15.0391,0.230558
8.65787,16.0827,0.477606
8.90064,16.9596,0.115922
9.05401,17.9633,0.139927
9.0225,18.9641,0.206079
9.98396,-0.000814844,0.109833
10.0034,0.976769,0.0107974
10.0689,2.00509,0.0724357
9.94742,3.03342,0.0775658
9.92835,4.07635,0.233763
9.9849,5.03661,-0.107172
9.92717,5.9919,0.178896
9.90785,6.99662,0.253694
9.77198,7.98826,-0.01601
9.57183,8.93176,-0.0326426
9.59003,9.95815,0.181948
9.52372,10.9832,0.194946
9.54366,11.9555,0.0256355
9.53582,12.9949,-0.0789239
9.77063,14.0107,-0.0561846
9.68466,15.0169,0.133668
9.63876,16.0142,0.479684
9.92011,17.042,0.322156
10.0969,18.0362,0.306037
10.0071,19.0088,0.258861
11.0357,0.0130009,-0.0135868
10.9697,1.05679,-0.106876
11.0101,1.92201,0.395172
10.9614,2.89821,0.162783
10.9158,3.91518,0.0439711
10.9093,4.96243,0.2455
10.9887,5.95921,0.144896
10.9319,6.9702,0.346175
10.8204,7.92578,0.119977
10.6311,8.87873,-0.0751457
10.6985,9.93386,-0.00414136
10.5958,10.9682,0.184747
10.6482,11.9854,0.0474044
10.5781,12.9846,0.101346
10.8382,13.9653,-0.119413
10.7131,15.0117,-0.111847
10.6513,15.9932,0.184906
10.9669,16.9676,0.063271
11.1037,17.973,0.207361
11.0208,18.9953,0.265432
12.0063,-0.00866115,0.32158
11.9717,0.996207,0.0320475
11.9853,1.97855,0.271484
11.952,2.96681,0.0495285
11.952,3.97008,-0.0953246
11.9252,5.012,0.126136
11.9919,5.99935,0.183309
11.9803,6.98242,0.0994079
11.8276,7.9808,0.0361553
11.6952,8.97954,-0.0495651
11.721,9.99106,-0.105622
11.6626,10.9932,0.234031
11.7425,12.0215,0.121415
11.6843,13.0477,0.111417
11.8789,14.0513,-0.0994385
11.7151,15.0057,0.000912503
11.6776,16.0053,0.221189
11.9711,17.0071,0.0936827
12.1282,18.0286,0.134928
12.0195,18.9979,0.0986969
12.9654,0.00882595,-0.0266976
12.9387,0.963039,0.282739
13.016,1.94694,0.0990844
12.9556,2.93356,-0.00174871
12.9477,3.94299,0.115314
13.0266,4.9507,0.0842402
12.9897,5.93846,0.255315
13.0087,6.97221,0.263591
12.875,7.91751,-0.0467238
12.7098,8.89502,-0.117627
12.7943,9.928,-0.0920377
12.7166,10.9528,0.112745
12.7898,11.9933,0.133375
12.7158,13.0156,0.0607532
12.8783,14.0178,-0.00252693
12.7734,14.9949,0.100989
12.7203,16.0435,0.219367
13.0202,17.0345,0.0353282
13.1253,18.0051,0.165929
13.0148,19.0072,0.177865
14.0197,0.00402844,0.000305185
13.9645,1.01454,0.117658
14.0423,1.98912,0.0816584
13.9465,2.96349,0.0737236
13.9093,3.92402,-0.0938383
14.0297,4.9539,0.0271218
14.0453,5.95119,0.104129
14.0252,6.92158,-0.0712271
13.9463,7.92222,0.146828
13.7932,8.9003,-0.0244392
13.8099,9.93735,-0.189401
13.7629,10.9246,0.0684439
13.8754,11.9846,0.13629
13.7542,12.9918,0.203391
13.9034,13.9553,-0.0556688
13.8007,14.9767,6.71407e-05
13.7574,15.9711,0.0983673
13.9932,16.9586,0.0483566
14.152,17.9886,0.112406
14.01,19.006,-0.0766076
15.0315,-0.00724815,0.121235
14.957,0.999115,-0.116196
15.016,2.03615,-0.220746
14.9721,3.03364,-0.107562
14.9334,4.12317,-0.0663778
14.9854,5.14564,-0.110761
15.037,6.14353,-0.171938
15.0324,7.10129,0.0720267
14.9613,8.10773,0.262322
14.8102,8.95923,-0.223371
14.8969,9.96616,-0.0974792
14.8412,10.9863,0.0855678
14.951,11.9806,0.123276
14.8581,13.0158,0.227146
14.9543,13.9978,0.0808618
14.8962,14.9933,-0.019306
14.7974,16.054,0.0567705
14.9535,17.0261,-0.200629
15.1435,18.0333,-0.187408
15.0133,18.9998,0.00905179
16.0112,-0.00315867,0.178939
15.9684,0.979913,-0.0530534
16.0367,1.9594,-0.258351
15.9863,2.9751,-0.0773156
15.9111,3.99056,-0.14348
16.0001,5.00318,-0.128266
15.9799,5.96839,-0.346275
16.0442,6.95859,-0.0872738
15.9855,7.97319,-0.0512284
15.8448,8.94231,-0.241432
15.902,9.9435,-0.137111
15.8604,10.981,-0.0363872
15.9269,12.0358,0.0577837
15.8935,13.0798,0.153374
15.9298,14.1176,0.230631
15.9791,15.1353,0.0568133
15.85,16.1473,0.118656
15.9743,17.1263,-0.0784051
16.1307,18.0234,-0.456606
16.0513,19.0117,-0.0453108
17.0303,-0.00375378,0.153917
17.0168,0.907859,-0.244771
17.0056,1.92743,-0.341789
16.9865,2.93462,-0.0405957
16.9493,3.9406,-0.266469
16.9952,4.95388,-0.378964
16.9944,6.03938,-0.427989
17.0436,7.02222,-0.191742
17.0101,8.05543,-0.0873562
16.8933,9.02798,-0.215436
16.9447,10.0171,-0.209333
16.9072,10.9948,0.0354991
16.971,12.0096,-0.0149113
16.9166,12.9983,0.00890225
16.9562,14.0155,0.147441
16.985,14.9728,-0.135694
16.873,15.9334,0.0897397
16.9322,16.9622,0.14489
17.0281,17.9818,0.02743
17.0332,19.0028,0.0621296
18.0035,-0.00915555,-0.0902493
18.0019,1.01802,0.0581225
18.0269,1.96376,-0.155074
17.9841,2.90885,0.266625
17.9732,3.8911,-0.0985015
18.0151,4.8841,-0.298367
17.9413,5.87211,-0.120197
17.9804,6.86159,-0.206702
17.99,7.91078,-0.309153
17.9837,8.92563,-0.269137
17.9794,9.99639,-0.177557
17.94,11.011,0.022776
18.0206,12.0263,-0.0995117
17.9412,13.0652,0.0544267
17.995,14.0475,0.227189
17.9539,15.0182,0.0587664
17.9489,15.9924,0.207358
17.9473,16.9966,-0.0395459
18.0131,17.9912,-0.184069
18.0209,19.0123,-0.00944548
19.0067,0.00179144,0.0758232
18.9967,1.00859,0.0862362
18.9938,1.99659,0.173894
18.9832,3.00107,0.09935
18.9973,4.00208,0.117316
19.0047,4.96423,-0.126682
18.9969,5.97991,-0.0542436
19.0062,6.98321,0.159569
18.9998,7.95553,-0.111908
19.0129,8.99916,-0.0973846
19.0292,9.99564,-0.0958037
19.0076,10.9948,-0.00791345
19.0106,12.0198,0.0093112
18.9975,13.0242,0.011362
19.0053,14.0175,-0.0327525
19.0017,15.0164,-0.0794031
19.0039,16.0095,0.194891
18.9995,17.015,-0.0420057
18.9934,18.0019,-0.0704459
19.0024,18.996,0.0591906
