0.162801,0.624363,-2.59767
0.172335,1.91019,-2.48443
0.184637,3.20836,-2.60667
0.247758,4.45706,-2.58877
0.232743,5.74095,-2.5927
0.260189,7.0273,-2.5047
0.290783,8.23506,-2.43068
0.377825,9.49648,-2.35043
0.623316,10.6755,-2.2236
0.957247,11.8437,-2.18048
1.44481,12.9567,-2.19749
1.20323,14.0206,-1.94185
0.496503,14.8512,-1.66794
0.60275,15.8214,-1.47015
0.0560259,16.6835,-1.25267
0.297467,17.5258,-1.78847
-0.197034,17.9779,-1.01263
0.192853,17.0484,-1.10926
-0.0960479,18.0293,-0.80741
-0.0133488,18.9407,-0.363652
0.887796,1.49904,-2.48634
0.937547,2.6885,-2.50465
0.980523,3.87813,-2.36117
1.06265,5.0862,-2.36333
1.03869,6.29051,-2.37401
1.18232,7.51495,-2.34729
1.22836,8.73482,-2.36714
1.35196,9.98456,-2.39185
1.51122,11.2314,-2.44657
1.85416,12.3758,-2.54552
2.20447,13.6075,-2.67812
2.01336,14.6443,-2.31606
1.51889,15.2907,-1.61488
1.46822,16.3518,-1.68954
0.994003,17.0754,-1.17212
1.31691,17.6629,-1.91128
0.904559,18.0671,-1.01078
1.15954,17.1921,-1.40087
0.958705,18.0223,-0.908918
0.891705,19.0525,-0.800095
1.83807,1.86847,-2.46603
1.91234,3.05954,-2.49398
1.96758,4.2169,-2.55964
1.96771,5.43381,-2.42983
2.04381,6.61626,-2.29477
2.12921,7.84906,-2.36569
2.20275,9.11608,-2.39753
2.29399,10.3783,-2.54606
2.45069,11.716,-2.63674
2.59233,13.0468,-2.98974
2.77977,14.4102,-3.42158
2.68112,15.5925,-2.69683
2.29095,16.0595,-1.46701
2.30068,16.9933,-1.95484
1.93415,17.4203,-1.01569
2.37002,17.5349,-1.88622
1.90319,17.924,-1.05835
1.99253,17.5659,-1.95004
1.97045,18.1299,-1.10937
1.87981,19.0675,-1.05808
2.8605,1.57655,-2.52449
2.92885,2.71402,-2.48321
2.9358,3.87861,-2.44328
2.94148,5.02872,-2.36175
2.98131,6.19174,-2.40763
2.99298,7.40348,-2.4808
3.09581,8.61216,-2.47422
3.17497,9.78703,-2.42984
3.18953,10.9549,-2.52049
3.27579,12.2352,-2.59996
3.27799,13.418,-2.80265
3.2314,14.5281,-2.38814
3.01861,15.2281,-1.62862
3.02001,16.2124,-1.77558
2.71948,16.7357,-0.956813
3.31594,17.1505,-1.66337
2.90284,17.6303,-0.857491
3.11065,17.5271,-1.88545
3.02998,18.1774,-1.08083
2.92852,19.1646,-1.00497
3.85205,1.21459,-2.51203
3.86185,2.37779,-2.40814
3.89552,3.58101,-2.39722
3.88827,4.6959,-2.33765
3.92041,5.80189,-2.48149
3.89075,6.87476,-2.3773
3.94999,8.0062,-2.29027
3.92644,9.15173,-2.19496
3.94309,10.2533,-2.26448
3.97596,11.4157,-2.27302
3.89603,12.5429,-2.24054
3.87389,13.6129,-2.16423
3.78508,14.4981,-1.5222
3.85314,15.513,-1.68736
3.58661,16.1942,-0.969286
4.26529,16.7762,-1.4615
3.8592,17.3985,-0.795932
4.09954,17.2411,-1.74857
4.01679,18.1445,-1.33694
3.97796,19.1292,-0.995907
4.76201,0.851146,-2.3679
4.80288,1.94105,-2.33659
4.73175,3.03758,-2.31153
4.7556,4.17852,-2.35505
4.84667,5.27039,-2.43448
4.77205,6.36059,-2.27078
4.80696,7.39962,-2.16678
4.80151,8.51891,-2.16518
4.74485,9.58176,-2.15235
4.70641,10.6613,-2.07924
4.59838,11.7183,-2.00712
4.65593,12.8046,-1.9221
4.60919,13.7647,-1.55055
4.68495,14.8304,-1.64646
4.54166,15.6456,-1.03231
5.12771,16.1914,-1.57992
4.84458,17.0024,-0.999631
5.07611,17.3251,-1.9337
4.98691,18.0001,-1.1911
4.98778,18.9689,-0.913593
5.72431,0.512143,-2.20496
5.7405,1.59798,-2.1999
5.66712,2.66987,-2.25152
5.7156,3.75802,-2.29207
5.73364,4.82231,-2.16414
5.72728,5.83477,-2.27563
5.70444,6.8672,-2.20576
5.71662,7.99091,-2.25348
5.73308,9.10751,-2.17541
5.65622,10.095,-1.99865
5.45674,11.0932,-1.93041
5.51068,12.0862,-1.75523
5.50566,13.0966,-1.59015
5.40753,14.0657,-1.4273
5.44173,15.0656,-1.21784
6.09124,15.7557,-1.54227
5.7722,16.6265,-1.16707
6.06702,17.3651,-1.81302
6.01531,18.1878,-1.19108
5.98221,19.0835,-0.8279
6.65701,0.165047,-2.1098
6.65614,1.19972,-1.8717
6.62227,2.30346,-1.99523
6.68586,3.37219,-2.10086
6.68647,4.4083,-2.16668
6.71283,5.4461,-2.21205
6.71983,6.51521,-2.183
6.6531,7.56912,-2.07898
6.60877,8.59996,-1.86415
6.58656,9.66344,-1.87569
6.43651,10.6775,-1.7385
6.42592,11.6708,-1.74142
6.43641,12.6849,-1.6463
6.3917,13.6481,-1.38641
6.40122,14.6568,-1.20432
6.98206,15.5221,-1.16093
6.74414,16.5544,-1.36623
7.12752,17.3352,-1.93238
6.99683,18.0215,-1.18154
6.99882,19.0168,-0.974297
7.68207,-0.0099826,-1.94711
7.67936,1.04248,-1.89403
7.66366,2.15411,-2.02319
7.71452,3.19091,-2.09725
7.69192,4.24104,-1.99224
7.7106,5.27113,-2.07344
7.65917,6.32972,-1.92973
7.64719,7.35777,-2.04515
7.69387,8.39336,-1.89171
7.65655,9.46734,-1.87409
7.44127,10.4427,-1.67261
7.49839,11.4972,-1.86303
7.46602,12.4977,-1.5366
7.45126,13.5325,-1.5565
7.39626,14.4911,-1.30225
7.90246,15.3192,-1.5712
7.7476,16.2928,-1.27015
8.09257,17.1363,-1.68262
8.00912,17.8644,-1.0016
7.98349,18.8608,-0.708341
8.71863,-0.0494766,-1.80438
8.73772,0.917673,-1.95183
8.68823,1.95695,-1.81154
8.7295,2.97274,-2.06827
8.68976,3.96958,-2.05163
8.72217,5.08156,-2.11022
8.63704,6.16097,-2.02517
8.60971,7.1929,-1.94569
8.73685,8.20472,-1.9118
8.66973,9.21063,-1.86855
8.49563,10.1879,-1.74573
8.5401,11.266,-1.73114
8.47308,12.2393,-1.52458
8.47214,13.3233,-1.46815
8.43863,14.3171,-1.45624
8.84039,15.2125,-1.19397
8.76377,16.2383,-1.10568
9.04539,17.1512,-1.32439
8.97373,18.1246,-1.15808
8.9378,19.1234,-0.954228
9.74404,-0.266524,-1.79418
9.74888,0.805631,-1.85649
9.74748,1.85251,-1.70487
9.75234,2.95169,-1.80352
9.70516,4.0158,-1.8401
9.72383,5.04024,-1.83428
9.6555,6.04416,-1.83319
9.64845,7.10273,-1.8
9.74012,8.09977,-1.94555
9.71158,9.15903,-1.94324
9.52634,10.1381,-1.8907
9.58433,11.1423,-1.72692
9.47688,12.1857,-1.54328
9.51682,13.2317,-1.48264
9.50867,14.2552,-1.39158
9.86526,15.191,-1.25231
9.80568,16.1732,-1.09182
10.0548,17.1803,-1.16159
10.0403,18.1746,-1.26684
9.93882,19.251,-1.1978
10.7777,-0.20029,-1.98567
10.7669,0.806861,-1.77104
10.7398,1.8647,-1.70703
10.8156,2.92349,-1.74341
10.7747,3.97285,-1.68894
10.7239,5.01476,-1.76242
10.674,6.04636,-1.81453
10.6612,7.06947,-1.73765
10.7613,8.061,-1.74353
10.7379,9.11464,-1.77771
10.5681,10.1115,-1.82031
10.6223,11.1297,-1.68699
10.546,12.1421,-1.54008
10.575,13.1352,-1.472
10.6014,14.1246,-1.47893
10.8605,15.0708,-1.24425
10.8558,16.1024,-1.10483
11.0375,17.0608,-1.27348
11.0815,18.1538,-1.39019
10.9689,19.1937,-1.34671
11.8038,-0.125587,-1.98415
11.7545,0.927387,-2.04492
11.7714,1.86964,-1.65029
11.7968,2.91572,-1.62551
11.8472,3.93363,-1.5485
11.8131,4.99057,-1.66545
11.668,6.06348,-1.60652
11.7395,7.05384,-1.90346
11.7589,8.08991,-1.74342
11.7774,9.1542,-1.72119
11.6137,10.1311,-1.75737
11.6763,11.109,-1.54966
11.562,12.1492,-1.43409
11.5857,13.1868,-1.293
11.6482,14.1642,-1.51892
11.8793,15.1139,-1.22864
11.9186,16.1467,-1.13844
12.0576,17.1097,-1.36469
12.0988,18.1137,-1.35085
11.9883,19.1315,-1.18133
12.8205,-0.175848,-1.76243
12.6962,0.820853,-1.76861
12.808,1.87653,-1.71288
12.8231,2.88199,-1.6286
12.8657,3.88544,-1.54429
12.8312,4.9584,-1.67688
12.6879,6.01393,-1.49932
12.7768,7.04671,-1.83023
12.7882,8.08469,-1.86686
12.7586,9.09337,-1.60014
12.6279,10.1211,-1.45031
12.7341,11.1655,-1.36743
12.5808,12.175,-1.31469
12.6593,13.1804,-1.25601
12.7077,14.1681,-1.58899
12.8712,15.0594,-1.09559
12.9491,16.0788,-1.07439
13.0436,17.1091,-1.20764
13.1036,18.1439,-1.15707
13.0255,19.1923,-1.13417
13.8893,-0.166811,-1.57144
13.7903,0.883026,-1.64302
13.84,1.90876,-1.73699
13.8593,2.9344,-1.55535
13.871,3.94681,-1.36738
13.8314,4.93531,-1.52445
13.725,5.91496,-1.41141
13.7578,6.97151,-1.47052
13.7099,8.03836,-1.28556
13.7753,9.06347,-1.38286
13.6966,10.0818,-1.41426
13.7645,11.0904,-1.35113
13.6335,12.1097,-1.34216
13.7115,13.0992,-1.19012
13.7358,14.1147,-1.31487
13.8266,15.1333,-1.36929
13.954,16.0899,-1.14457
14.0313,17.1284,-1.28767
14.1005,18.1697,-1.18847
14.0396,19.2054,-0.984097
14.9127,-0.251189,-1.46435
14.838,0.807721,-1.57357
14.8433,1.83482,-1.49008
14.9109,2.84888,-1.4096
14.9047,3.87498,-1.35301
14.8602,4.8748,-1.62411
14.8126,5.89524,-1.51696
14.7976,6.9243,-1.30657
14.7107,7.91147,-1.39629
14.7792,8.91322,-1.39756
14.7172,9.94503,-1.36895
14.8252,10.9658,-1.32006
14.6979,12.0178,-1.33458
14.7299,13.066,-1.04396
14.7453,14.0624,-1.28083
14.8629,15.1269,-1.23453
14.99,16.1458,-1.16209
15.0578,17.1871,-1.27906
15.1693,18.2286,-1.08737
15.0922,19.2205,-0.999072
15.969,-0.210651,-1.22205
15.8362,0.823508,-1.31375
15.8307,1.8697,-1.22796
15.981,2.85275,-1.36456
15.942,3.83434,-1.58043
15.8868,4.8775,-1.771
15.8214,5.88798,-1.40648
15.8209,6.92271,-1.28855
15.765,7.9772,-1.33441
15.8185,8.97419,-1.48889
15.7666,10.0171,-1.36116
15.8459,10.9965,-1.25439
15.7523,12.0426,-1.19997
15.7803,13.0423,-0.984384
15.848,14.043,-1.19423
15.8614,15.035,-1.0331
15.9547,16.0981,-1.01358
16.0662,17.112,-1.22754
16.1686,18.1668,-1.10899
16.1196,19.1635,-0.844417
17.0046,-0.292947,-1.26443
16.8676,0.747014,-1.25918
16.8924,1.76001,-1.20396
17.0323,2.73879,-1.31263
16.9045,3.79923,-1.36977
16.8416,4.83554,-1.3742
16.8806,5.86557,-1.39069
16.8563,6.87605,-1.29694
16.8095,7.86422,-1.5019
16.8741,8.92009,-1.37816
16.8347,10.0026,-1.34253
16.9387,11.0615,-1.23336
16.7684,12.0343,-1.49491
16.7737,13.0454,-1.30893
16.8684,14.1142,-1.29346
16.9032,15.1248,-1.05883
16.9691,16.1623,-1.02198
17.1057,17.2032,-1.04943
17.2595,18.234,-1.03834
17.1732,19.2666,-0.854164
18.0845,-0.236583,-1.18751
17.8834,0.785678,-1.18434
17.9615,1.84743,-1.15754
18.0326,2.90704,-1.24754
17.9618,3.91857,-1.40467
17.9158,4.9141,-1.21994
17.9304,5.94746,-1.4294
17.9432,7.00547,-1.49179
17.862,7.99017,-1.61917
17.9696,8.97403,-1.44143
17.8044,9.95862,-1.17986
17.9446,10.9947,-1.23774
17.8309,12.0229,-1.35328
17.8553,13.1372,-1.33275
17.9167,14.184,-1.38832
17.9295,15.1752,-1.19825
17.9733,16.1371,-0.917551
18.0897,17.1988,-0.973055
18.2542,18.1639,-0.741783
18.034,19.1714,-0.360784
19.0589,0.0566851,-1.24039
18.8707,1.02251,-1.00563
18.9835,2.02566,-0.969631
19.0773,3.01042,-1.12525
18.9303,3.99171,-1.2594
18.8823,4.97203,-1.49599
18.9549,5.95837,-1.4938
18.9248,6.99734,-1.43421
18.9446,8.02752,-1.5711
19.0241,9.03704,-1.39686
18.7622,10.0595,-1.40169
18.9911,11.063,-1.2646
18.8402,12.106,-1.2823
18.8609,13.0741,-1.46933
18.9492,14.0994,-1.14919
19.048,15.0943,-1.26706
19.0386,16.0701,-1.04708
19.1134,17.0443,-0.808368
19.2588,18.0876,-0.616843
19.0274,19.0632,-0.279824
