-0.00787072,0.0383953,0.030961
1.02598,0.0463515,0.0946745
2.06637,0.0445601,0.066625
3.08838,-0.0331339,0.178872
4.02728,0.0124638,-0.220704
5.01728,-0.0597736,-0.429261
6.05781,-0.0763817,-0.337541
7.03578,-0.0232459,-0.304578
7.8843,-0.0148747,0.266579
8.88118,0.00596942,0.203088
9.94299,-0.0478683,0.21901
10.8949,0.0563524,-0.19039
11.8935,0.0156072,-0.184179
12.8584,-0.0387982,0.171047
13.852,-0.0103854,0.0346843
14.8297,0.00279855,0.200888
15.872,0.0188208,0.105615
16.9186,-0.0213996,0.163244
17.9276,0.00209967,-0.0252693
18.9827,-0.0183752,0.110407
-0.0168401,1.04975,0.2704
1.02714,1.01493,0.252846
2.03335,1.07521,0.299512
3.01175,0.976672,0.21775
3.99427,1.02192,-0.170946
4.97114,0.96502,-0.362432
5.93846,0.893484,-0.181524
6.95494,1.02478,-0.342918
7.96481,0.897781,-0.106851
8.96847,0.93144,-0.115705
9.94404,0.919169,0.0544023
10.9458,1.10021,-0.166192
11.9735,1.01169,-0.0818659
12.9523,0.98446,0.192889
13.9385,0.976528,-0.119538
14.9348,0.985888,-0.0148198
15.9422,0.954347,-0.102673
16.9302,1.0003,0.0790033
17.9226,0.97929,0.148741
18.9683,1.00345,0.239259
0.0352031,2.018,-0.0156835
1.02861,1.90499,-0.15818
2.03793,1.95945,-0.110743
3.05278,2.01367,0.0197821
4.06215,2.0099,-0.279833
5.05122,2.0135,-0.32927
6.05203,1.91384,-0.383413
7.02867,2.01822,-0.4395
7.95054,1.91447,-0.0155522
8.96449,1.99152,-0.238395
9.97777,1.91173,-0.0748863
11.0115,2.05369,-0.0164037
12.027,2.01682,0.0473678
13.0203,1.96637,-0.0840632
14.0063,2.02187,-0.00787072
14.9684,1.94209,0.269631
16.008,1.92471,0.0712241
17.0186,2.06868,0.0890255
18.0488,1.96244,-0.0857204
19.024,1.98578,0.0852321
0.0273934,3.01859,-0.0870876
1.0091,2.84948,0.007416
2.06631,2.98016,-0.116276
3.04364,3.02433,0.162099
4.01027,3.00595,-0.183181
5.00546,3.06209,-0.333158
6.01805,2.93658,-0.430921
7.02865,3.04898,-0.179934
8.00722,2.92334,-0.111359
9.03145,3.01344,-0.0866237
10.0527,2.98611,-0.0792077
10.979,3.04525,0.248259
11.9743,2.98325,0.0892453
12.9655,2.96396,0.0335459
13.9619,3.04074,-0.187674
14.9772,2.91539,0.0207617
15.9845,2.93554,0.162813
16.9905,3.05105,0.128938
17.9608,2.97762,-0.150829
18.9784,2.98375,0.193899
0.0633076,4.03482,-0.00968047
1.05954,3.91112,-0.0253853
2.01205,4.0144,0.0377606
3.01387,4.06736,0.168834
3.92536,3.98431,-0.265578
4.96239,4.03976,-0.16512
5.99328,3.93702,-0.120814
6.96838,4.0411,-0.0851955
7.97562,3.9466,-0.289441
8.98185,3.97414,-0.301859
9.97048,3.97199,-0.110312
10.9569,4.02828,0.0756493
11.985,3.99648,-0.036372
12.9758,4.01307,0.115763
14.0091,3.99273,0.117743
15.0421,3.90096,0.0930265
16.0209,3.93771,0.294052
17.0171,4.06311,0.314927
18.0075,3.96051,0.188137
19.0245,3.97133,0.291995
-0.0120365,5.04704,0.0631977
0.972735,4.90064,-0.141533
1.96477,5.01773,-0.161946
2.96253,5.05667,0.119233
3.96321,4.94011,-0.0568316
4.97539,5.03779,0.0927885
5.95462,4.93976,-0.127409
6.93545,5.05222,-0.321824
7.90483,4.98457,-0.153047
8.98375,4.92676,-0.185238
10.0098,4.99173,-0.0706534
10.9752,5.02256,0.186105
12.0243,4.94302,0.134577
12.9944,5.01679,0.13079
14.034,5.02965,0.222565
14.9911,4.97309,0.142357
16.0295,4.91538,0.104318
17.0235,4.98504,-0.0833369
17.9753,5.01964,0.238731
18.9957,4.97117,0.129978
-0.0371227,6.03361,-0.193872
0.979986,5.91411,0.030665
1.95337,5.99037,0.132255
2.9283,6.05374,0.10398
3.99072,5.93987,0.0375805
4.97719,6.05957,0.27463
5.98188,6.00401,0.00106204
6.99183,6.09079,-0.149644
8.016,5.98382,-0.195135
9.04582,5.91892,-0.156294
10.059,5.93989,-0.38135
11.0231,6.0057,-0.0511093
11.9895,5.93169,0.234504
12.9331,5.92958,0.51724
13.878,6.03776,0.083108
14.8859,6.00601,0.028486
15.9796,5.93784,0.00197455
16.9812,6.02548,-0.0826991
17.9921,5.96072,-0.0983459
19.0016,5.97124,-0.0299631
0.0203467,7.04839,0.0542161
1.01482,6.93363,0.102933
2.06573,6.96331,-0.0941343
3.06141,7.13748,0.0137791
4.03266,6.97721,0.15381
5.03655,7.07573,0.181399
6.04679,6.98999,0.185397
7.03269,7.0385,0.203598
8.04262,6.9442,0.191693
9.03702,6.91013,-0.0323588
10.074,6.9401,-0.168352
11.003,7.02787,0.108798
12.0039,6.96187,0.395599
13.025,6.962,0.523231
13.93,7.04952,0.1524
14.905,7.00434,-0.0441939
15.9093,6.9499,0.0166326
16.9475,7.06683,-0.0385937
17.9526,6.93993,0.165551
18.972,6.98045,0.0658467
-0.0357372,8.05278,-0.146001
0.94236,7.91617,-0.238139
1.94791,7.97586,-0.197375
2.98004,8.14461,-0.013126
4.02424,7.95963,-0.117231
5.03723,8.07921,-0.0246162
6.04708,8.00372,-0.0482345
7.07065,8.04595,0.091937
8.07896,7.94436,-0.036021
9.06203,7.93441,0.124812
10.0446,7.97519,-0.114823
10.998,7.96409,-0.39928
11.9287,7.91827,0.0768151
12.885,7.92527,0.370916
13.8947,8.07854,0.190399
14.9442,8.0006,0.209622
15.9493,7.99244,0.0905301
16.9117,8.04568,-0.13899
17.9348,8.0158,0.144688
18.9614,7.94911,-0.0128544
-0.00539262,9.04663,-0.0387677
1.0377,8.96927,-0.245708
2.04096,9.00702,-0.174453
3.03125,9.18433,-0.148903
4.01462,8.99955,-0.258052
5.00292,9.0761,-0.17199
6.0015,9.02836,-0.139073
6.89648,9.01385,0.342262
7.87075,8.8714,0.206592
8.85601,8.94465,0.126124
9.91185,8.9695,-0.0491134
10.9524,8.9901,-0.0809595
12.0006,8.89481,0.0538347
12.9916,8.93327,0.362322
13.9986,9.10055,0.383013
15.0217,9.03281,0.477175
16.0535,9.05549,0.179855
17.0305,9.04997,0.03502
18.0362,8.95193,-0.270144
18.9879,8.96041,-0.00903043
0.0245643,10.054,-0.199832
0.993536,9.978,-0.174651
1.96896,10.0178,-0.3198
2.92025,10.1934,-0.0927549
3.92604,9.96365,-0.230262
4.87005,10.0525,-0.0206397
5.83003,9.98878,0.19675
6.83411,10.0219,0.0918119
7.85831,9.89298,0.0147984
8.91808,9.95748,-0.125987
9.9374,9.93941,-0.170324
10.9815,10.0269,-0.072045
11.9575,9.90038,0.113666
12.9763,9.93911,0.335359
13.9661,10.1212,0.549037
15.0174,10.0573,0.449696
16.0225,10.0415,0.206079
16.9845,10.0502,0.000585955
17.9972,9.96568,-0.0670949
19.0184,10.0413,-0.0563433
0.0146641,11.0571,-0.135084
1.02289,11.0313,-0.213855
2.04556,11.0344,-0.405667
3.08627,11.1657,-0.330747
4.04542,10.9675,-0.109647
5.03467,11.0124,-0.308686
6.06669,10.9074,-0.0565905
6.98984,10.9865,0.211798
8.00124,10.9222,0.0637623
8.98751,11.0292,-0.159285
9.98161,10.975,0.0766717
10.9823,11.0567,-0.0359478
11.9701,10.9392,0.00218207
12.937,10.9683,0.32805
13.9685,11.1631,0.245561
14.9788,11.0331,0.131526
16.0351,11.0198,0.1519
16.9638,11.0796,-0.17513
17.9722,10.9793,-0.124198
18.9823,11.0515,-0.0522355
0.00365001,12.0974,0.12642
1.00313,12.075,-0.0662954
1.96802,12.0772,-0.269854
2.95336,12.0924,-0.00502945
3.93132,12.0029,-0.0320353
4.95859,11.9325,0.0680074
5.94129,11.9026,-0.0117405
7.00481,11.9692,-0.21616
8.02617,11.928,-0.150676
8.99173,12.0005,0.121751
10.0288,11.9824,-0.0806238
11.0278,12.0912,-0.0538163
12.0571,11.9768,0.149626
13.0446,11.9488,0.252593
13.9848,12.1961,0.405222
14.9373,12.0394,0.118107
15.9411,12.0192,0.00772423
16.9575,12.0643,0.0451186
17.9809,11.885,0.303543
19.0076,11.9346,0.340944
-0.0088168,13.1263,0.0849422
0.954833,13.1039,-0.163628
1.95586,13.1037,-0.406928
2.94447,13.033,-0.319599
3.90905,12.9924,-0.0371105
4.95281,12.9313,0.0290902
5.96987,12.8962,-0.335218
6.99365,12.9528,-0.472787
8.00729,12.904,-0.2962
9.03708,12.9536,-0.131501
10.0175,12.8962,-0.467544
10.9963,13.0771,-0.312381
11.9281,12.9776,0.164574
12.9214,12.952,0.0845302
13.9046,13.1293,-0.0594226
14.9557,13.0349,-0.0428144
15.9408,13.0253,0.160854
16.9603,13.0618,0.158773
17.9881,12.8721,0.0286447
18.9904,12.8989,0.130091
0.011948,14.0754,-0.175961
1.00623,14.0764,-0.36538
1.9751,14.0937,-0.348595
2.95383,14.0379,-0.117756
3.90909,14.035,0.167598
4.97333,13.9232,0.0955412
6.00376,13.9009,-0.124235
6.99249,13.9566,-0.321177
8.03421,13.9127,-0.0521561
9.00714,13.9851,-0.248775
10.0087,13.7881,-0.00789209
10.9934,13.9863,0.0822047
12.0165,13.9737,-0.0244697
13.0095,13.9965,0.0432295
13.9999,14.096,0.0114963
15.0063,14.0489,-0.203885
15.9995,14.0046,0.0264534
16.9791,14.0705,0.26249
17.9852,13.8512,-0.0644887
18.9813,13.9051,0.0539537
0.0558611,15.0583,-0.193872
0.996521,14.9601,0.132658
2.01619,15.0197,0.100046
3.0031,15.0244,0.0299509
3.99006,15.0312,0.300107
4.92908,14.9233,-0.0546556
5.88495,14.918,-0.266958
6.91955,14.9454,-0.289029
7.94879,14.9306,-0.247063
8.98647,14.9914,-0.0972411
9.98239,14.8381,-0.212271
10.9563,15.0573,0.121119
11.9445,14.9888,-0.139836
12.9796,15.0171,0.0246529
13.9465,15.0741,0.233735
15.0203,14.969,0.204077
16.0144,15.0612,0.137883
17.0109,15.0625,0.00465712
17.977,14.897,-0.153734
18.9514,14.9147,-0.115772
-0.0175024,16.0597,-0.0883236
0.962041,16.0137,0.0883023
2.00361,16.016,0.196979
3.01868,16.0031,0.277371
4.00348,15.9751,-0.0687338
5.00404,15.9167,-0.0623005
6.02246,15.9461,-0.00293588
7.00668,15.9238,-0.178509
8.03448,15.9861,-0.204379
9.02437,16.0141,-0.315659
10.0232,15.8692,-0.288659
11.0064,15.9838,-0.226624
12.0486,16.0158,-0.204538
13.0165,16.0484,0.14629
13.9915,16.0914,0.126069
15.0465,15.9918,-0.117164
16.0124,16.0681,0.222791
17.0674,16.0297,0.324644
18.0003,15.9215,-0.153059
18.9694,15.9075,0.0131596
-0.0237037,17.0143,0.229637
1.01749,17.0153,0.269198
1.98701,17.0435,0.246889
3.00374,16.9937,0.340666
3.98326,16.9779,0.171203
4.95421,17.0076,-0.0833949
5.95271,16.9394,0.183145
6.95608,16.9919,-0.0280679
7.9643,16.9519,-0.00451674
9.03348,16.9687,-0.0222022
10.0408,16.9225,-0.221427
11.0055,17.0024,-0.330284
11.8962,16.9991,0.066628
12.8858,17.0285,0.17337
13.9113,17.0694,0.0311533
14.9249,16.9865,-0.0413007
15.9712,17.0896,0.106299
16.9562,16.9524,-0.085107
17.9479,16.8914,-0.145787
18.9703,16.9036,-0.0474776
0.0390728,18.0367,0.296228
1.00547,18.0002,0.473431
2.00529,18.0484,0.406153
2.9811,17.9758,0.135902
4.00107,18.0187,0.389251
4.95366,17.9962,-0.12537
5.92926,17.9693,0.0308206
6.9277,18.0147,0.00721458
7.97779,17.9645,0.0949339
8.96861,18.0268,-0.0555376
10.0273,17.9414,-0.103272
11.0203,17.9921,-0.0554918
11.9856,18.006,-0.0888485
12.97,18.02,0.284646
13.9564,18.084,0.0234718
14.9903,18.0157,0.0728202
15.9325,18.0414,-0.261095
16.9497,18.013,-0.28442
17.9564,17.896,-0.0826838
18.9649,17.9592,-0.022776
-0.0186529,19.0463,0.244765
1.03903,19.0068,0.365032
2.05402,19.0448,0.347047
3.0867,19.011,0.220515
4.08317,19.0025,0.173922
5.03768,19.0211,-0.14149
6.06135,19.0028,0.0565355
7.06332,19.0086,-0.224348
7.99972,18.9789,0.0439436
8.97534,19.0124,-0.18027
9.93934,18.9652,0.065099
10.9755,18.9874,0.039732
12.0137,18.9786,0.0752861
13.0363,18.9847,0.0489151
13.9521,19.0581,-0.408795
14.8983,18.9894,-0.0382824
15.9259,19.0306,-0.332557
16.9443,19.0168,-0.163039
17.9776,18.9307,-0.020307
19.0238,18.9861,-0.172338
