0.151106,0.502301,-2.25658
0.118189,1.79899,-2.29278
0.151021,3.06294,-2.36763
0.210483,4.3306,-2.36883
0.220179,5.61426,-2.39229
0.195953,6.89091,-2.35031
0.190497,8.14635,-2.33301
0.320234,9.34467,-2.32427
0.496344,10.5487,-2.24353
0.822419,11.7138,-2.1119
1.26703,12.7714,-1.93576
1.16172,13.8688,-2.13443
0.597232,14.7327,-2.09604
0.582983,15.7573,-1.99401
0.053444,16.5845,-2.03758
0.45891,17.4234,-1.64008
-0.1936,18.1815,-1.70083
0.119633,17.3631,-1.25171
-0.0233955,18.3165,-0.939982
-0.0252419,18.9434,-0.15251
0.737489,1.42447,-2.32506
0.728437,2.58612,-2.37549
0.908457,3.77698,-2.39766
1.02003,4.97476,-2.48192
1.04811,6.16176,-2.43917
1.12523,7.34157,-2.34785
1.19483,8.5341,-2.35075
1.30638,9.75581,-2.13442
1.50988,10.9758,-1.95697
1.9039,12.1672,-1.80962
2.42328,13.276,-1.70495
2.18564,14.337,-1.78937
1.46126,15.1348,-1.77568
1.62233,16.1157,-1.95863
1.02828,16.9179,-2.09396
1.55211,17.535,-1.53444
0.892889,18.2873,-1.62562
1.07414,17.2492,-1.64022
0.97318,18.1317,-1.16495
0.814307,19.0469,-0.695401
1.72534,1.74999,-2.34299
1.81685,2.88078,-2.38223
1.90667,4.06029,-2.50892
1.97844,5.25821,-2.56326
2.0271,6.45979,-2.48435
2.07712,7.67901,-2.27273
2.20192,8.88929,-2.11878
2.28859,10.1208,-1.91865
2.53691,11.4124,-1.80463
2.90342,12.7568,-1.65427
3.35014,14.1014,-1.87225
3.03263,15.2296,-1.97644
2.01984,15.8738,-1.40089
2.45528,16.7812,-1.90436
1.73152,17.5605,-1.57736
2.53134,17.1493,-1.76789
1.94015,18.0934,-1.61647
2.13779,17.1208,-1.5589
1.95995,18.1439,-1.38275
1.7747,19.0687,-0.992196
2.74134,1.38203,-2.42614
2.77504,2.52627,-2.33662
2.84546,3.64292,-2.45217
2.91959,4.85669,-2.40313
2.92457,5.95126,-2.23846
2.98003,7.14264,-2.25549
3.01797,8.25759,-2.18131
3.03837,9.40504,-2.041
3.08566,10.5676,-1.86655
3.22603,11.7579,-1.64721
3.22159,12.9215,-1.598
3.29016,14.0872,-1.64415
2.74677,14.9786,-1.65648
3.04615,15.9428,-1.75259
2.52344,16.7954,-1.70872
3.41628,17.1378,-1.35392
2.95069,18.0206,-1.16817
3.08424,17.359,-1.99207
2.98354,18.2678,-1.59832
2.80329,19.0736,-1.01327
3.73899,1.16559,-2.22579
3.73167,2.23297,-2.29973
3.82159,3.29019,-2.17532
3.83702,4.42315,-2.16786
3.88012,5.51434,-2.2041
3.82011,6.59851,-2.15014
3.9308,7.735,-2.04928
3.9597,8.85304,-2.04311
3.94629,9.93742,-1.96865
3.93111,11.0355,-1.82821
3.8675,12.1428,-1.82454
3.90011,13.2129,-1.90378
3.57577,14.2239,-1.83001
3.77095,15.2347,-1.73791
3.42378,16.219,-1.7726
4.17237,16.8663,-2.03547
3.66345,17.2947,-1.27922
4.10258,17.4198,-2.19724
4.00734,18.3029,-1.60657
3.85997,19.1106,-0.989215
4.72434,0.816263,-2.14334
4.69678,1.88846,-1.98988
4.73706,2.952,-2.02174
4.77256,4.00677,-2.09446
4.81485,5.06282,-2.15266
4.7628,6.10993,-2.11527
4.82583,7.20577,-2.11456
4.8466,8.31195,-1.96113
4.84638,9.39739,-2.07149
4.8004,10.5047,-1.96394
4.75269,11.5591,-1.89467
4.77021,12.6868,-1.97563
4.44968,13.662,-1.97452
4.60296,14.6495,-1.75853
4.29127,15.6023,-2.0259
5.02093,16.3176,-2.14103
4.68415,16.9855,-1.41077
5.16417,17.4574,-2.17095
5.03044,18.2072,-1.53096
4.90876,18.9693,-0.9112
5.61316,0.366628,-1.94514
5.6398,1.40492,-1.968
5.70749,2.51976,-1.95629
5.68267,3.59009,-1.90418
5.7014,4.61553,-1.92407
5.69604,5.70731,-2.11264
5.7383,6.76394,-2.14028
5.75343,7.82761,-2.19965
5.7375,8.91106,-2.1905
5.70299,9.99593,-2.0642
5.71359,11.0523,-1.87473
5.59047,12.079,-1.90425
5.36216,13.0741,-1.81704
5.4645,14.1159,-1.79602
5.19387,15.0687,-1.92218
5.77307,15.9031,-1.68482
5.71817,16.8144,-1.27292
6.21838,17.3368,-2.00578
6.06997,18.1919,-1.37694
5.90038,19.0663,-0.967986
6.65069,0.143175,-2.01633
6.6437,1.23936,-1.97184
6.67059,2.29375,-1.84323
6.6351,3.33633,-1.9105
6.68715,4.3875,-1.96909
6.70253,5.45748,-2.05085
6.70822,6.4518,-2.05193
6.69921,7.55206,-2.03804
6.70654,8.58636,-2.09315
6.69513,9.59201,-1.98884
6.65631,10.6458,-1.79658
6.54051,11.6828,-1.96672
6.35783,12.7069,-1.72308
6.47776,13.7344,-1.71986
6.27815,14.7612,-1.78884
6.72228,15.6764,-1.56949
6.67935,16.5726,-1.10119
7.17293,17.3008,-1.64468
7.09915,18.253,-1.43148
6.90832,18.9944,-0.78442
7.62774,-0.0123692,-1.8745
7.65379,1.0492,-1.76609
7.64291,2.11212,-1.57442
7.64808,3.12688,-1.65667
7.67635,4.19507,-1.89055
7.63917,5.22231,-1.71429
7.69168,6.30735,-1.88356
7.66887,7.33816,-1.78889
7.63685,8.31863,-1.96858
7.69335,9.31225,-2.12127
7.64104,10.2989,-1.80397
7.52337,11.3169,-1.83248
7.34099,12.3368,-1.68094
7.42436,13.355,-1.49512
7.33067,14.3653,-1.67716
7.68235,15.3529,-1.49483
7.69562,16.3092,-1.16222
8.09272,17.0405,-1.81455
8.0578,17.8446,-1.19308
7.97648,18.8281,-0.970208
8.65934,-0.0761467,-1.68507
8.6795,0.988577,-1.74867
8.66675,1.97805,-1.60453
8.7044,3.01299,-1.70371
8.6808,4.04808,-1.62111
8.71994,5.10924,-1.78415
8.68738,6.17304,-1.79598
8.68022,7.19677,-1.624
8.66969,8.16836,-1.87896
8.65541,9.18347,-1.79572
8.65069,10.1983,-1.77212
8.50846,11.1558,-1.66285
8.41746,12.1967,-1.69921
8.43651,13.2343,-1.72316
8.38423,14.2366,-1.50089
8.6799,15.2051,-1.59745
8.68358,16.2012,-1.47674
8.94607,17.1498,-1.30467
9.00093,18.1107,-0.868453
8.99601,19.0923,-1.03216
9.70831,-0.269951,-1.66964
9.73085,0.784179,-1.60874
9.66623,1.8564,-1.5836
9.71678,2.89361,-1.6083
9.69263,3.94254,-1.68094
9.67901,4.97494,-1.56984
9.65572,6.0194,-1.67232
9.66169,7.04853,-1.59953
9.64803,8.08475,-1.54163
9.62532,9.0643,-1.53092
9.64364,10.0909,-1.39666
9.55787,11.1339,-1.51849
9.47367,12.1792,-1.50129
9.49955,13.1826,-1.52569
9.45796,14.2105,-1.50162
9.66576,15.225,-1.49124
9.72909,16.2458,-1.24719
9.97291,17.2014,-1.16331
10.0036,18.2222,-0.985464
10.0063,19.2316,-0.796912
10.7288,-0.176629,-1.48353
10.7533,0.845799,-1.46985
10.708,1.8928,-1.4753
10.6982,2.9445,-1.43731
10.6896,3.93439,-1.54098
10.6919,4.9728,-1.54835
10.6554,5.98788,-1.58701
10.6007,7.02847,-1.34043
10.6666,8.03475,-1.40843
10.6526,9.03851,-1.37224
10.6492,10.0433,-1.28429
10.5669,11.029,-1.39611
10.5408,12.0768,-1.36
10.5246,13.0909,-1.52598
10.5245,14.1182,-1.50365
10.7067,15.0958,-1.27542
10.7708,16.1327,-1.15164
10.9723,17.1504,-1.01613
11.0304,18.1784,-0.779934
10.9858,19.1531,-0.707279
11.8154,-0.0833735,-1.37073
11.7592,0.871795,-1.70876
11.7913,1.86691,-1.50428
11.761,2.84018,-1.49846
11.6745,3.85936,-1.40159
11.6347,4.84442,-1.26319
11.6917,5.90106,-1.3775
11.6344,6.9397,-1.28472
11.7178,7.99888,-1.37491
11.6798,9.01306,-1.44653
11.6529,10.0621,-1.41868
11.5572,11.0467,-1.40337
11.5906,12.0908,-1.25675
11.5048,13.0865,-1.43443
11.5668,14.1315,-1.27619
11.7051,15.1889,-1.31387
11.8149,16.1138,-1.10137
11.9794,17.1195,-0.914042
12.0321,18.1099,-1.02337
11.9817,19.0569,-0.618204
12.8389,-0.131001,-1.63118
12.8053,0.825898,-1.86466
12.817,1.80658,-1.54507
12.771,2.80451,-1.37607
12.7267,3.82541,-1.45043
12.669,4.87742,-1.37288
12.7584,5.89885,-1.29402
12.7219,6.93269,-1.11706
12.7769,7.92527,-1.44289
12.7691,8.98824,-1.48491
12.6669,10.0169,-1.42849
12.5982,11.051,-1.43917
12.6282,12.0787,-1.27553
12.5771,13.1244,-1.4876
12.6288,14.1245,-1.09334
12.7563,15.1093,-1.18254
12.8609,16.1525,-1.13279
12.9716,17.1889,-0.967354
13.0787,18.2052,-0.920505
12.9589,19.1624,-1.12559
13.8929,-0.165899,-1.54361
13.8235,0.903272,-1.64429
13.8538,1.9151,-1.79274
13.8111,2.85105,-1.34651
13.7949,3.87666,-1.43132
13.7085,4.91098,-1.21776
13.7755,5.89375,-1.25338
13.765,6.95114,-1.28953
13.8368,7.9564,-1.57501
13.7585,9.03788,-1.3716
13.6848,10.0528,-1.26773
13.6349,11.0878,-1.31215
13.6402,12.0733,-1.14299
13.6426,13.0691,-1.24934
13.6845,14.1052,-1.05932
13.8432,15.1483,-1.1564
13.9353,16.1741,-1.0269
13.9936,17.156,-0.994522
14.0768,18.2093,-0.890857
13.9987,19.2411,-0.872152
14.8836,-0.25797,-1.14862
14.8437,0.755608,-1.44098
14.8467,1.81698,-1.56102
14.8413,2.81546,-1.41054
14.7975,3.86424,-1.25675
14.7102,4.8418,-1.19165
14.8361,5.87147,-1.25163
14.7854,6.94328,-1.53967
14.8569,7.98314,-1.34524
14.8139,8.97915,-1.3169
14.7179,9.992,-1.19713
14.7343,11.0526,-1.30963
14.7226,12.0782,-1.21454
14.7079,13.133,-1.19274
14.7425,14.1424,-1.02443
14.8895,15.133,-1.16824
15.0165,16.1592,-1.06287
14.9999,17.1664,-0.921033
15.1183,18.1893,-0.930604
15.0181,19.1968,-0.882705
15.9266,-0.244273,-1.24789
15.866,0.722349,-1.49412
15.9031,1.75679,-1.43339
15.879,2.7912,-1.31433
15.8653,3.83907,-1.31705
15.7739,4.84466,-1.25942
15.8776,5.86335,-1.14919
15.8602,6.90325,-1.46693
15.8837,7.93056,-1.43113
15.8631,8.89447,-1.21165
15.7247,9.89263,-1.10193
15.7248,10.9447,-1.04
15.7625,12.0266,-1.169
15.7553,13.1025,-1.40334
15.8196,14.0861,-1.01957
15.9048,15.0909,-1.02792
16.0096,16.1279,-0.818534
15.9934,17.1659,-0.93784
16.1037,18.1831,-0.715189
16.0443,19.1653,-0.724986
17.0116,-0.25511,-1.22909
16.8944,0.786795,-1.35667
16.9289,1.81246,-1.39327
16.9311,2.8485,-1.33517
16.8717,3.86372,-1.39501
16.8504,4.89439,-1.15665
16.9149,5.89466,-1.18106
16.8194,6.95655,-1.1071
16.8671,7.95101,-1.25631
16.9236,9.01125,-1.26043
16.7178,9.99687,-1.24121
16.7859,11.0165,-1.12427
16.7607,12.0475,-1.13588
16.7325,13.1013,-1.18251
16.9058,14.1735,-1.04346
16.9245,15.1807,-1.02248
17.0423,16.1823,-0.717978
16.9979,17.1814,-0.921311
17.1286,18.1621,-0.690374
17.0479,19.2471,-0.631358
18.0219,-0.253249,-1.26326
17.9203,0.786831,-1.17709
17.9763,1.87336,-1.34295
17.9699,2.88603,-1.44909
17.9222,3.93721,-1.47406
17.8927,4.96929,-1.35358
17.935,5.96813,-1.22782
17.8867,6.98755,-1.15072
17.9166,8.045,-1.09243
17.9469,9.06201,-1.12144
17.7119,10.0746,-1.02407
17.8214,11.0705,-1.15723
17.8011,12.0752,-1.18489
17.8145,13.1729,-1.14189
17.9537,14.1583,-1.21081
17.9764,15.1401,-1.05426
17.9873,16.1252,-0.964089
18.1158,17.1205,-0.952217
18.2013,18.083,-0.621079
17.9861,19.0745,-0.311972
19.0617,0.0574633,-1.12502
18.9113,1.04045,-1.21344
18.9629,2.09201,-1.17469
18.9751,3.08591,-1.2964
18.939,4.0747,-1.21975
18.9023,5.05361,-1.23576
18.991,6.03389,-1.2695
18.9079,7.0333,-1.0706
18.947,8.08074,-0.976083
18.9887,9.11467,-0.985672
18.7431,10.1007,-1.12853
18.8693,11.1269,-0.991375
18.8922,12.156,-1.1589
18.852,13.1863,-1.02521
18.9381,14.2055,-0.873791
19.0142,15.2214,-1.04021
18.9825,16.2163,-1.06068
19.0861,17.1606,-0.728724
19.251,18.1645,-0.568844
19.0183,19.0714,-0.0517533
