0.0252602,0.00231635,-0.080578
1.02078,0.0666829,-0.022425
2.03877,0.0331187,0.0225898
3.07015,0.0154515,-0.0608081
4.09052,-0.00085757,-0.111219
5.07342,0.039024,-0.159755
6.0373,0.0189978,0.0529954
7.04172,0.0449232,0.0810816
8.03284,-0.010889,-0.155004
8.98903,0.0018067,0.0893216
10.0384,-0.0169012,-0.0145878
11.0833,0.0240486,-0.0908475
12.1258,-0.0508072,-0.235597
13.0992,0.0448042,0.0278115
14.1081,-0.0503311,0.192578
15.147,0.0046968,0.0655751
16.1573,0.0403577,0.0260018
17.1528,0.0342112,0.0515213
18.1041,-0.0348033,-0.355132
18.9777,0.0244911,0.116639
0.00896939,0.986166,-0.0496628
1.00722,1.06281,0.18226
2.01841,1.02302,-0.112033
2.97653,0.982827,-0.369832
3.96997,1.05487,-0.187701
4.9535,1.01524,-0.0386578
6.01005,1.02515,0.0051973
7.02075,1.0699,0.176009
8.03448,1.02994,0.0157414
9.10217,0.980041,-0.00854518
10.1407,1.00883,-0.140794
11.1358,1.03781,-0.065865
12.1187,1.01525,-0.128709
13.1319,1.06225,0.127079
14.1316,0.950716,0.248436
15.071,1.03681,0.0476394
16.0262,1.01974,0.304047
16.9598,0.984393,-0.104459
17.9958,0.988253,-0.0867489
18.9919,0.990167,-0.159789
0.00212714,1.96094,0.194974
1.04318,2.09971,0.246471
1.99902,2.05228,-0.00860317
2.99657,2.02974,-0.314057
4.00091,2.02954,-0.313684
5.01421,1.99607,-0.303681
6.0277,1.99855,-0.174236
7.04713,2.04812,-0.0883541
8.01707,2.05315,0.13039
9.01669,1.98091,0.266161
10.0191,2.04924,-0.0246498
11.0451,2.03343,0.188754
11.9661,2.00795,-0.118699
12.9533,2.03529,0.0503769
13.9689,1.92469,-0.0431043
14.9519,2.03766,-0.0640614
15.9424,2.02244,-0.0158391
16.9922,1.97677,-0.24882
17.9821,1.96491,-0.244194
19.0083,2.00465,0.113794
-0.0288888,2.99193,-0.069631
1.02953,3.0698,0.059566
1.99053,3.0817,-0.19696
3.01599,3.03525,-0.25435
4.03669,3.01562,-0.468789
5.05376,2.97612,-0.584753
6.01484,3.08025,-0.23346
6.97946,3.07922,0.0513077
7.98629,3.07055,0.283999
9.06323,3.01758,0.174285
10.0024,3.05263,-0.166903
10.9997,2.98812,-0.190042
12.0369,2.9822,-0.324799
13.0257,2.99019,-0.278591
14.0178,2.99678,-0.174154
15.0449,3.02904,-0.163454
16.0162,3.05724,-0.143107
17.0242,3.02188,-0.117649
18.0527,2.96911,-0.301721
19.0199,3.03486,-0.0760796
0.051381,4.01563,0.0175481
1.04816,4.06534,0.154265
1.93514,4.08214,-0.309024
2.97178,4.06717,-0.158559
3.98083,4.0187,-0.421738
4.99129,4.0047,-0.340321
5.95819,4.05745,-0.112717
6.92932,4.07674,0.120783
7.94838,4.06164,0.107389
9.00082,4.01554,0.117725
10.0226,4.06691,0.161846
11.0174,3.97062,-0.0886258
12.0084,3.95834,-0.000466933
13.0535,4.03674,-0.0449019
14.0516,4.02762,-0.0319559
15.0351,4.00676,-0.45735
16.0442,4.05096,-0.340873
17.0504,4.05316,-0.282037
18.0758,3.99029,-0.271239
19.0142,4.05278,0.097354
-0.0172826,5.01394,0.0907773
1.01129,5.02476,-0.00422376
2.04718,5.07505,-0.304541
3.05254,5.05204,-0.22595
4.0316,5.01129,-0.410852
5.01136,5.02853,-0.272835
6.01283,5.01816,0.0693625
7.01502,5.06135,0.0855403
8.00677,4.9848,-0.21203
8.93542,5.01848,0.134208
9.97686,5.06636,0.0282815
10.9782,4.98493,-0.0216407
11.9936,4.92477,-0.337077
12.9451,5.02455,-0.0224372
13.8868,5.00003,-0.399609
14.875,5.009,-0.287167
15.9068,5.08923,-0.430891
16.9054,5.04351,-0.108167
17.8941,4.94504,-0.0527299
18.937,5.10915,0.0809534
0.00968047,5.99021,-0.170287
0.950075,6.01836,0.169735
1.97291,6.03098,0.0403943
3.01858,6.04687,0.0150121
3.99404,6.04592,-0.336811
4.99207,6.03052,-0.468639
5.97118,6.03312,-0.154234
6.97163,6.0928,-0.0277017
8.00207,5.9839,0.0390393
8.99362,5.96726,0.332698
10.0057,6.08497,0.199631
11.0048,5.99589,0.0890957
12,5.97829,-0.157897
12.944,6.01687,0.136525
13.9309,6.04512,-0.147346
14.9681,6.00577,-0.22346
15.9655,6.06552,-0.127796
16.9387,6.03043,0.202124
17.976,5.94039,0.204529
19.0313,6.14069,0.21438
-0.0140538,6.97462,-0.128297
0.948894,6.98489,-0.180181
2.01199,7.00987,-0.147453
3.00928,7.05822,-0.0838588
3.97969,7.06197,-0.288644
4.99247,6.98543,-0.0893094
6.02037,7.05346,0.0520035
7.04329,7.10874,-0.199414
8.03149,6.92316,-0.351381
8.97985,6.89284,-0.0872555
9.95222,7.10872,0.0689383
10.934,7.02113,0.0801141
11.9265,6.99527,-0.149687
12.9382,6.98012,-0.203095
13.9857,7.02989,-0.277599
15.0123,7.00702,-0.376302
16.0367,7.11037,-0.142998
16.9892,7.00619,0.152257
18.0509,6.96676,0.120716
19.0629,7.11352,0.36621
0.0147252,7.9289,0.181863
0.986233,7.95284,-0.232603
1.904,7.99458,0.161391
2.99711,8.03171,0.104581
4.04736,8.00027,0.153188
5.03859,7.97562,-0.0389416
6.06357,8.04749,-0.123417
7.04291,8.10022,-0.529112
8.00866,7.94801,-0.440648
8.99175,7.88969,-0.0497818
9.95589,8.14501,-0.052617
10.9507,8.0358,0.0795404
11.9634,8.02611,0.0647206
12.9977,7.97556,-0.15005
13.9588,8.10157,-0.504587
14.9245,8.04855,-0.105405
15.9522,8.09969,-0.138701
16.9612,8.04281,0.151936
17.9581,7.9494,0.395199
18.9604,8.05639,0.141722
0.0571734,8.93641,0.0092288
1.06396,8.91131,0.0355052
2.03987,9.00722,0.309888
3.01099,9.04696,0.158312
3.99831,9.01749,-0.00752586
5.0274,9.06164,-0.0881863
6.02142,9.06749,-0.279736
7.03017,9.14068,-0.496887
7.91761,8.87936,-0.0548814
8.94418,8.90569,-0.0608325
9.95442,9.13979,-0.192224
10.9861,9.00959,-0.133689
12.0099,9.0115,-0.276605
13.1076,9.01088,-0.088815
14.1031,8.89379,0.0827967
15.0838,9.08277,-0.238527
15.9355,8.97646,0.305319
17.0159,9.03752,0.162191
18.0195,8.90459,0.189972
19.0171,9.03778,0.172463
0.0468215,9.95087,-0.0589007
1.04888,9.90438,0.0920103
2.04347,9.99845,0.295111
3.06695,10.0455,0.163866
4.01725,9.99553,-0.281057
5.00168,10.0556,-0.0509384
6.024,10.0754,-0.213425
7.00121,9.97477,0.0800623
8.02286,9.9317,-0.140071
8.97544,9.93679,0.164534
9.9152,10.1757,-0.0808588
10.9019,10.0179,0.166466
11.9576,9.93874,0.216852
13.0268,9.94729,0.229722
14.0552,9.94769,-0.018775
15.0436,10.1123,0.0298776
15.9094,9.95355,0.559111
16.965,9.94355,0.565392
17.9245,9.88391,0.15486
18.922,10.008,-0.0708975
0.0136692,10.9707,0.17496
1.08919,10.942,0.0337046
2.06482,10.8769,-0.182122
3.08606,11.0377,-0.0923978
4.07924,11.0171,-0.301108
4.99108,11.0641,0.157109
5.98185,11.0083,0.186917
7.08368,10.9416,0.327555
8.05196,10.9221,0.138707
9.07193,10.992,0.192926
10.0546,11.0167,0.412265
11.0187,11.0098,0.310706
12.0708,10.9247,0.352803
13.0338,10.9816,0.000323496
14.0516,11.0102,0.0403424
15.0643,11.0893,-0.136876
15.9153,11.0157,0.422224
16.9386,10.9564,0.359801
17.9643,10.8567,0.16119
18.988,11.0665,0.146333
0.0240669,11.8788,-0.181555
1.08199,11.9806,-0.0165899
2.06626,11.8786,-0.0933103
3.0803,12.0577,-0.0286233
4.11245,12.0179,-0.375076
5.06604,12.0596,-0.0350963
6.09517,12.0017,-0.0436048
7.07276,11.9347,0.120975
8.06683,11.9688,0.0642079
9.05748,11.918,0.456505
10.0809,12,0.538456
11.0238,12.0158,0.123328
12.0344,11.9374,0.298526
12.9851,12.0159,-0.00588092
13.9882,12.0064,0.201111
14.998,11.964,0.322733
16.0482,12.0533,0.26903
17.0346,11.9712,0.50166
17.9597,11.9235,0.0675741
19.0206,12.0381,-0.106406
-0.0109287,12.9317,-0.258531
1.01495,12.9828,-0.15038
2.05363,12.9026,-0.148012
3.01559,13.0657,-0.00872219
3.95884,13.024,-0.303922
4.94589,13.1249,0.0103366
5.9815,13.021,0.0440992
6.99511,12.9562,0.0629902
7.99229,12.9655,0.126881
8.94577,12.9346,0.557707
9.93279,13.0177,0.641398
10.8648,12.9979,0.241902
11.8916,12.9578,0.267226
12.8936,13.0666,0.139427
13.9429,12.9727,0.00197455
14.9648,12.981,0.0840144
16.0201,12.9734,-0.166894
16.8915,12.9505,0.346754
17.8804,12.9486,0.131028
18.9368,13.0487,0.0346385
0.0212897,13.9329,-0.222346
1.03396,13.9979,-0.311075
2.03617,13.9362,-0.235417
3.03806,14.1041,-0.00561541
4.06749,14.019,-0.0619495
5.04654,14.1101,-0.0148595
6.03597,14.0347,-0.0340526
7.02252,14.0216,0.0582812
8.04362,13.9791,0.209793
9.04695,13.978,0.354054
10.0334,13.9835,0.414023
11.0083,14.0001,0.39541
11.9593,13.9482,0.0289438
12.9862,14.0325,-0.127308
13.9826,13.9789,-0.0990783
14.9429,13.9987,0.254811
15.9459,13.9981,0.0205847
16.9309,13.9334,0.266329
17.9873,13.9302,-0.0503647
18.9816,14.0454,0.0573229
-0.0286447,14.9885,-0.271603
0.940028,14.9903,-0.0868831
1.94084,14.9242,-0.240547
2.95284,15.1043,-0.128581
3.98592,15.0095,-0.222694
4.9959,15.1139,-0.250838
5.95005,15.0724,-0.217231
6.96204,15.0947,-0.0760552
7.94461,14.9975,0.0806909
8.9489,14.9645,0.116175
9.9622,14.997,0.20202
10.9556,14.9512,0.157363
11.9493,14.9083,0.17513
12.9187,15.0573,-0.0573412
13.9584,14.9777,-0.130064
14.9179,15.0226,0.198578
15.9412,14.9176,0.374612
16.9812,14.9413,0.413846
18.0354,14.9041,0.36928
18.9923,15.0323,0.122697
-0.00555742,15.9643,-0.124964
1.06314,15.9606,-0.0557604
2.00651,15.9281,-0.361345
2.96803,16.1216,-0.153468
4.02725,15.9969,-0.115296
4.99997,16.1061,-0.292145
6.0455,16.0771,-0.518021
7.00947,16.0742,-0.186828
8.00201,15.9745,-0.264647
9.01652,15.9453,-0.0512833
10.0852,16.006,0.0568072
11.0761,15.9682,0.212198
12.0891,15.9105,0.114933
13.0724,16.0228,0.246364
14.0408,15.9629,0.13509
15.0012,15.947,-0.223115
15.8796,15.9423,0.219449
16.9167,15.9491,0.300262
17.9299,15.9636,0.129627
18.9734,16.036,0.0314371
0.023835,16.9822,-0.0377453
1.02172,16.937,0.0112217
2.00467,16.8627,-0.00260323
2.94152,17.1481,-0.206369
3.91503,16.9957,-0.0731162
4.94247,17.1046,-0.122968
5.98351,17.0058,-0.179083
7.03765,17.0812,-0.0286508
8.02927,17.0086,-0.0291269
8.96546,16.9509,0.240886
9.96067,17.0177,0.0218574
10.9626,16.9587,0.112903
11.9574,16.9624,-0.00795618
13.0539,17.0061,0.0941374
14.0721,16.9663,0.195987
15.0191,16.992,-0.164098
16.0095,16.9671,-0.0174535
17.0078,16.922,-0.0481948
18.0058,16.9539,0.15454
18.9985,17.0354,-0.0495163
0.0056093,17.9554,0.122105
1.03993,17.9987,-0.00644856
2.02319,17.8941,0.0323801
3.01818,18.1189,0.0554216
4.05735,18.0159,-0.076046
5.05866,18.084,-0.279162
6.05944,17.9887,-0.282678
7.08445,18.0258,-0.397916
7.92841,18.0348,0.126655
8.95713,17.9771,0.332456
9.98864,18.0111,0.206384
11.0436,17.9579,0.0729148
12.0827,17.9676,0.211408
13.0966,18.0462,0.264837
14.0065,17.9313,-0.18876
14.9983,17.9831,-0.00544755
15.9862,18.0065,-0.0330271
17.0026,17.9293,-0.115552
17.9867,17.9502,-0.0641285
19.0212,18.0128,-0.238234
0.062447,19.0037,-0.0103824
1.06127,19.0272,-0.0975433
2.07208,18.985,-0.0836329
2.97433,19.0676,0.387179
3.9528,18.9953,0.135917
4.95543,19.0067,0.128922
5.95482,19.0013,-0.162102
6.97432,18.9696,-0.0351787
7.9865,19.018,-0.113855
8.93992,18.9826,0.278033
9.96866,18.9798,0.276193
10.9719,18.9945,0.0578204
11.9916,18.9816,0.146449
13.0357,19.0029,0.0707419
14.0238,18.9325,-0.0533403
15.0173,18.9817,-0.0039613
16.0043,18.992,0.186047
16.9912,18.9692,-0.0643818
18.0006,18.9877,-0.0342448
19.0063,18.9999,-0.0816736
