0.0990722,0.248912,-1.89268
0.00762352,1.53605,-1.95433
-0.0192389,2.8243,-2.1091
0.0775658,4.06269,-2.23785
0.111841,5.31422,-2.26685
0.116456,6.52301,-2.3519
0.123243,7.77273,-2.41964
0.209519,9.01391,-2.56286
0.213712,10.2548,-2.49973
0.451921,11.44,-2.40633
0.728135,12.5507,-2.32667
0.822587,13.5995,-2.34777
0.429991,14.5774,-2.23621
0.36259,15.4947,-1.76061
0.117463,16.4509,-1.50684
0.215744,17.4542,-1.38809
-0.0950468,18.3267,-1.01417
0.07275,17.3547,-0.983447
0.102161,18.2437,-0.483782
-0.0342998,19.0043,0.120289
0.865212,1.02606,-1.98746
0.863985,2.20669,-2.04634
0.877892,3.40698,-2.19076
0.906116,4.59231,-2.21314
1.01657,5.81367,-2.2907
1.04599,6.97376,-2.38759
1.09646,8.19372,-2.43307
1.12712,9.42617,-2.56161
1.18687,10.662,-2.70165
1.40439,11.8614,-2.80463
1.65823,13.0136,-2.99441
1.72918,14.1025,-2.69333
1.38775,14.918,-2.18697
1.38,15.887,-1.7828
1.04645,16.6276,-1.14831
1.40615,17.4678,-1.53619
1.00611,18.2229,-0.949239
1.07173,17.2172,-1.00566
1.13517,18.0728,-0.539793
0.988858,19.0266,-0.195798
1.84259,1.34519,-2.04662
1.82865,2.50725,-2.10304
1.9089,3.69311,-2.20951
1.93259,4.94468,-2.23306
1.96155,6.16684,-2.29319
2.00868,7.36286,-2.39191
1.99801,8.61804,-2.57434
2.06817,9.86172,-2.60735
2.12914,11.1506,-2.89743
2.28008,12.4797,-3.16007
2.55199,13.8302,-3.54053
2.39692,15.0831,-2.90576
1.84777,15.5987,-1.63009
2.21418,16.578,-1.86774
1.74274,17.4567,-1.31403
2.32381,16.8636,-0.971181
2.01268,17.9032,-1.11549
1.97928,17.1538,-0.565899
2.08604,18.0939,-0.866231
2.00124,19.032,-0.495462
2.81612,1.04315,-2.17594
2.81661,2.17075,-2.10124
2.87586,3.36096,-2.01572
2.91151,4.54334,-2.07248
2.87924,5.74151,-2.11576
2.9339,6.91231,-2.1548
2.86462,8.0964,-2.36221
2.94117,9.30359,-2.43035
2.92868,10.4773,-2.61769
2.91578,11.7227,-2.76304
2.86977,12.9125,-2.9493
2.77965,14.0345,-2.64733
2.64656,14.8354,-1.9204
2.82882,15.8296,-1.95557
2.45127,16.5438,-1.35871
3.01723,17.3022,-1.73263
3.01249,17.931,-0.952324
2.70696,17.0961,-1.38214
3.05946,18.044,-1.1207
2.99896,19.006,-0.663265
3.76906,0.826634,-1.96606
3.83009,1.94366,-2.14925
3.90169,3.03278,-2.12497
3.8182,4.17414,-2.03713
3.88351,5.29727,-2.03501
3.82042,6.49077,-1.98137
3.77176,7.61404,-2.10827
3.7911,8.7248,-2.25997
3.76657,9.82902,-2.44563
3.58837,10.934,-2.51299
3.53534,12.0605,-2.5963
3.47044,13.1184,-2.39954
3.47731,14.1309,-2.01322
3.55007,15.1396,-1.98783
3.40747,16.009,-1.4241
3.93332,16.8447,-1.46893
3.83745,17.3454,-0.6125
3.74008,17.3238,-1.59232
4.02885,18.2304,-1.12159
3.98705,19.1898,-0.66379
4.82741,0.521638,-1.89204
4.72563,1.55619,-1.90681
4.8505,2.65627,-1.90956
4.74878,3.72944,-1.89373
4.76313,4.84796,-1.9994
4.71818,5.96842,-2.09432
4.69958,7.0786,-2.12274
4.60589,8.13341,-2.09111
4.53804,9.22792,-2.08625
4.48571,10.3057,-2.19705
4.36574,11.3908,-2.28228
4.27694,12.4488,-2.17281
4.36748,13.4859,-1.83269
4.38386,14.5129,-1.6518
4.38718,15.4878,-1.49159
4.83902,16.3758,-1.44075
4.78822,16.9582,-0.635505
4.78852,17.3522,-1.5206
5.00579,18.3231,-1.37862
4.97132,18.9574,-0.590432
5.79626,0.242256,-1.56172
5.66543,1.30236,-1.59358
5.80425,2.42038,-1.58655
5.7485,3.50276,-1.75206
5.75067,4.57359,-1.84963
5.6976,5.63001,-1.87887
5.65151,6.66431,-1.93045
5.5634,7.73468,-1.94865
5.49359,8.78228,-1.96873
5.43523,9.83846,-1.93646
5.27319,10.8595,-1.9201
5.21832,11.9214,-1.92991
5.26677,12.9322,-1.75305
5.24022,13.9613,-1.53547
5.31667,15.0004,-1.43524
5.66549,15.8679,-1.06876
5.76611,16.7978,-0.799832
5.87737,17.3716,-1.58878
6.02631,18.3399,-1.41133
6.00358,19.0292,-0.669463
6.80892,0.063152,-1.41545
6.76076,1.13812,-1.4657
6.81628,2.2199,-1.50475
6.75195,3.30168,-1.66173
6.7602,4.36315,-1.76245
6.73845,5.45394,-1.67526
6.64459,6.47948,-1.9005
6.59872,7.46429,-1.91036
6.49749,8.49828,-2.04431
6.46106,9.52573,-1.89366
6.35123,10.5433,-1.90287
6.15839,11.5145,-1.80855
6.30508,12.5206,-1.67361
6.17468,13.553,-1.46836
6.29672,14.5934,-1.3951
6.61876,15.5839,-1.3042
6.76732,16.4884,-0.848756
6.85359,17.3978,-1.33478
7.08188,18.3655,-1.32095
6.98397,18.8479,-0.407682
7.79328,0.0122776,-1.22129
7.79491,1.03185,-1.28822
7.81409,2.08309,-1.38947
7.78977,3.14599,-1.44731
7.77369,4.21015,-1.76941
7.75419,5.26527,-1.68193
7.59982,6.25569,-1.69561
7.57703,7.33999,-1.66614
7.52547,8.35789,-1.8032
7.49695,9.35632,-1.86745
7.38144,10.3609,-1.7663
7.23288,11.3729,-1.76613
7.34819,12.3984,-1.70027
7.19837,13.3537,-1.31923
7.34551,14.3871,-1.2904
7.48661,15.2857,-0.844234
7.74356,16.2801,-0.865267
7.86599,17.2778,-1.15528
8.05525,18.25,-1.10242
8.02782,18.9197,-0.244285
8.81646,-0.105823,-1.15792
8.85849,0.95645,-1.25932
8.89035,2.01543,-1.37162
8.7911,3.06833,-1.325
8.76888,4.04631,-1.49634
8.70252,5.09183,-1.49214
8.58621,6.15554,-1.49012
8.63643,7.1501,-1.63581
8.59355,8.18492,-1.73854
8.49817,9.18,-1.63506
8.46066,10.2217,-1.65497
8.30277,11.2536,-1.73291
8.38186,12.2713,-1.68742
8.27415,13.2214,-1.26343
8.40348,14.183,-1.20997
8.54834,15.1458,-0.889523
8.78461,16.0987,-0.87839
8.83313,17.1111,-0.925867
8.89536,18.0534,-0.583523
8.98113,19.0936,-0.544261
9.8477,-0.18002,-1.01
9.91622,0.873748,-1.24231
9.88264,1.91054,-1.2738
9.78709,2.91846,-1.22665
9.80175,3.98706,-1.34006
9.71473,5.01335,-1.37772
9.70033,6.06875,-1.51893
9.71953,7.11579,-1.64699
9.67074,8.16861,-1.73504
9.55917,9.21291,-1.75636
9.54175,10.2165,-1.64082
9.40684,11.2504,-1.65033
9.44051,12.2603,-1.77967
9.35505,13.178,-1.42341
9.4251,14.1258,-1.12937
9.61446,15.1073,-0.912171
9.85427,16.0901,-0.797894
9.78459,17.1069,-0.832054
9.91731,18.0753,-0.527042
9.97155,19.051,-0.348585
10.8784,-0.0992462,-1.03811
10.9762,0.92038,-1.1759
10.8667,1.97622,-1.01034
10.7881,2.96712,-1.20094
10.8449,3.99138,-1.24288
10.7329,4.9926,-1.17026
10.7267,6.01926,-1.33388
10.7801,7.02477,-1.45345
10.6823,8.0703,-1.57972
10.5805,9.08024,-1.64872
10.5897,10.0894,-1.47122
10.4016,11.0993,-1.26258
10.3936,12.1415,-1.31189
10.4641,13.153,-1.22148
10.4606,14.162,-1.08221
10.6822,15.1635,-0.922138
10.8554,16.1085,-0.774975
10.8717,17.1304,-0.644581
10.913,18.1442,-0.495331
10.9748,19.1189,-0.286438
11.8919,0.0338115,-0.920106
11.99,1.08422,-1.09596
11.8851,2.10873,-0.954085
11.7113,3.08368,-0.791327
11.8217,4.06988,-0.974029
11.7526,5.04671,-1.06273
11.7342,6.0041,-1.40305
11.8554,6.99905,-1.30707
11.7306,8.01279,-1.35043
11.6197,9.01763,-1.36206
11.6439,10.0183,-1.24012
11.4803,11.0821,-1.12634
11.4199,12.1068,-1.11631
11.5331,13.1239,-1.24164
11.5124,14.105,-0.98084
11.7483,15.0882,-0.72794
11.8331,16.1291,-0.870589
11.8975,17.0684,-0.510666
11.9367,18.104,-0.653322
11.9352,19.0722,-0.562926
12.9314,0.00224616,-1.06227
13.011,1.02255,-1.01707
12.8979,1.98783,-0.769051
12.757,2.99031,-0.774291
12.8094,3.94957,-1.04472
12.7894,4.95066,-1.14606
12.7648,6.01475,-1.27196
12.8594,6.98695,-1.05604
12.7523,7.98651,-1.30233
12.6448,8.98429,-1.25924
12.6963,9.99348,-1.28491
12.538,10.974,-1.108
12.561,12.0016,-1.03422
12.5842,13.0321,-1.19716
12.616,14.0535,-1.0484
12.7796,15.0239,-0.706888
12.9029,16.0726,-0.620243
12.9459,17.1214,-0.647749
12.8709,18.0925,-0.319538
12.9397,19.1058,-0.455809
14.0177,-0.155525,-1.00425
14.0055,0.890207,-0.843501
13.9284,1.90301,-0.698685
13.8084,2.9054,-0.760253
13.8046,3.88368,-0.985464
13.8069,4.88065,-0.985305
13.7121,5.89401,-0.977218
13.8739,6.90311,-0.982788
13.8273,7.87393,-1.31515
13.7315,8.88511,-1.30582
13.79,9.95455,-1.25596
13.6291,10.9462,-1.07342
13.6205,11.9855,-1.02861
13.6798,13.0124,-1.11828
13.657,14.0219,-0.884533
13.8055,15.0373,-0.725977
14.0182,16.0618,-0.705237
13.9872,17.0476,-0.352235
13.9017,18.0535,-0.393814
13.939,19.114,-0.337953
15.0725,-0.246519,-0.704334
15.0092,0.774044,-0.846452
14.9628,1.76213,-0.618055
14.7977,2.82508,-0.593716
14.8363,3.75455,-0.976952
14.8522,4.81333,-0.842329
14.7641,5.82574,-0.922077
14.875,6.87716,-0.935038
14.8175,7.89009,-1.04552
14.7291,8.92669,-1.01135
14.7695,9.95889,-1.04071
14.6997,10.9722,-0.94973
14.6932,11.9793,-0.844829
14.6924,13.0186,-0.920585
14.6782,14.0698,-0.944276
14.8113,15.0919,-0.725971
14.9952,16.1088,-0.518519
15.0186,17.1047,-0.300931
14.9497,18.1691,-0.307831
14.9427,19.1845,-0.159429
16.1065,-0.237397,-0.62085
15.9979,0.798016,-0.548241
15.9734,1.80202,-0.483956
15.8305,2.85425,-0.466478
15.7919,3.84951,-0.627204
15.8715,4.8877,-0.654744
15.8389,5.90701,-0.784158
15.8545,6.97458,-0.854006
15.8248,8.03431,-1.00581
15.7617,8.97419,-0.814417
15.8089,9.95687,-0.786361
15.756,10.9887,-0.719373
15.7857,12.0108,-0.73318
15.7479,13.0248,-0.72642
15.7496,14.0573,-0.701718
15.8689,14.995,-0.576669
15.9966,16.018,-0.423615
16.019,17.1032,-0.530586
16.0123,18.1064,-0.159478
15.9579,19.1748,-0.0567705
17.1755,-0.127934,-0.545085
17.0475,0.919886,-0.670446
16.9749,1.90196,-0.438099
16.8842,2.92318,-0.450795
16.8305,3.92687,-0.70369
16.8797,4.93843,-0.512033
16.8994,5.92463,-0.672033
16.9283,6.91614,-0.706854
16.8604,7.96096,-0.890545
16.8114,8.94841,-1.0222
16.8487,9.99066,-0.915183
16.8606,10.9852,-0.659941
16.8454,12.0128,-0.63881
16.7604,13.0353,-0.447307
16.754,14.0634,-0.584701
16.9153,15.0678,-0.487515
17.0604,16.1068,-0.494778
16.9925,17.1462,-0.217637
17.0532,18.1334,-0.191775
16.9092,19.0333,0.241682
18.1319,-0.146071,-0.740956
18.0964,0.8626,-0.510605
18.0514,1.89581,-0.394461
17.9356,2.94986,-0.403757
17.8307,3.96668,-0.397354
17.9311,4.89516,-0.779647
17.9368,5.91739,-0.660427
17.8992,6.91725,-0.652016
17.899,7.93268,-0.953975
17.8941,8.93517,-0.871181
17.8912,9.97216,-0.78873
17.9064,11.0163,-0.646715
17.9073,12.0276,-0.643525
17.8231,13.0266,-0.370574
17.8721,14.0832,-0.407288
17.9615,15.045,-0.643568
18.1156,16.0381,-0.33354
18.0065,17.0688,-0.284854
18.0984,18.0628,-0.0807459
17.9367,18.9472,0.331751
19.1319,0.0216041,-0.635411
19.0887,1.06594,-0.599286
19.0545,2.08944,-0.540037
18.9607,3.10064,-0.519883
18.8535,4.05747,-0.254314
18.9503,4.89548,-0.777184
18.9859,5.87726,-0.482727
18.9463,6.91932,-0.669051
18.9034,7.90326,-0.865444
18.9587,8.93985,-0.832105
18.8995,9.98925,-0.788177
18.9456,10.94,-0.503525
18.9248,11.9715,-0.39256
18.8699,12.9773,-0.23527
18.952,14.006,-0.474413
18.9866,15.0447,-0.485305
19.1128,16.0654,-0.43455
19.0207,17.0394,-0.0801355
19.1287,18.0113,0.0457198
18.9287,18.9601,0.267501
