0.054564,0.00353099,0.0178259
1.06047,-0.00141911,0.128065
2.0544,0.0639363,0.0393567
3.03874,0.0350841,-0.213471
3.98543,0.07163,0.111145
4.98644,0.00929594,-0.0230476
6.00857,0.0392804,-0.0889889
6.94323,-0.0525987,0.239201
7.96753,0.00651875,0.216041
8.93213,0.0533555,0.0446394
9.97483,-0.0189001,-0.0237342
10.977,0.00523698,0.283859
11.9684,-0.0182134,0.314927
12.9921,0.000631733,0.090112
14.0079,-0.0897732,0.337724
14.9337,-0.267241,0.685876
15.7852,-0.076165,0.265447
16.8065,0.0108219,0.0705527
17.8942,0.0186071,0.122419
18.9997,-0.0118107,0.06274
0.00142827,1.04008,0.191925
0.968133,1.0176,0.0555864
1.94574,1.05483,0.243596
2.96329,0.924827,0.274606
4.00543,1.10047,0.242952
4.99597,0.9931,0.371157
5.91709,1.0246,-0.0365886
6.95652,0.954552,0.18872
7.95744,1.01229,0.231547
8.99037,1.03675,0.292254
9.96854,1.00566,0.212653
10.9689,0.982745,0.220606
11.9962,0.974282,0.159902
13.0028,1.03855,-0.0163366
14.0336,0.888534,0.229005
14.9867,0.792553,0.47969
15.9865,0.934693,0.388021
17.0023,0.941801,0.397266
17.979,1.04885,0.181286
18.9568,0.993262,-0.16375
-0.0216712,2.02264,0.0268166
0.9661,2.02813,-0.0442946
1.96709,2.065,0.078927
2.97266,1.97657,0.244429
3.99178,2.08019,0.141658
4.96455,1.93536,-0.147893
5.92892,1.94573,0.260857
6.91663,1.91905,0.3266
7.96528,1.95489,0.476864
8.96091,2.06973,0.398834
9.95197,2.01882,0.251119
10.9592,2.00479,0.360707
11.9404,1.96118,0.0971343
12.978,2.04493,0.0478408
13.9639,1.91926,0.289203
14.9502,1.7698,0.381719
15.931,1.96189,0.140843
16.9465,1.9175,0.155657
17.9655,2.01655,-0.0640278
18.9983,1.99207,-0.207187
0.023188,3.03768,-0.054091
1.01456,2.98799,-0.299185
2.05369,3.02073,-0.147185
2.93353,3.00547,0.380819
3.96506,3.11564,0.293777
4.98722,2.91825,0.195004
5.99915,2.92868,0.143934
7.03486,2.91628,0.110456
8.0916,2.91909,0.145494
9.11962,3.01991,0.231587
10.0133,2.95349,-0.109473
11.0161,2.99617,0.121668
12.0199,2.95392,-0.0406781
12.9534,3.0507,0.245061
13.9476,2.96589,0.477978
14.9118,2.79617,0.234919
15.9386,2.98726,0.192669
16.9815,2.89741,0.261476
17.9793,2.99979,0.122068
18.9308,2.99615,-0.056972
-0.046437,4.08747,-0.243654
0.979305,4.04608,-0.0999268
1.98945,4.02286,-0.0784936
2.95894,3.99576,0.242335
3.99917,4.11501,0.22338
4.94191,3.96602,0.0133335
5.95751,3.91406,-0.00439467
6.94995,3.93652,0.110465
8.00133,3.95393,0.136225
8.94696,3.94256,-0.180764
10.0544,3.95787,-0.0971831
10.9949,4.04063,0.243223
12.0232,4.0084,0.257433
13.0484,4.01492,0.475921
14.0798,3.98492,0.5009
15.0054,3.83353,0.16925
16.0048,3.98286,-0.0362682
17.044,3.9102,-0.0148839
18.0329,3.97436,-0.190643
18.9731,4.00292,0.112967
-0.0690878,5.09138,-0.380944
0.952077,5.00333,-0.330586
1.89971,5.0494,-0.0247719
2.93322,4.90844,-0.170238
3.96709,5.11945,-0.0800348
4.98557,4.99364,-0.0207556
5.98408,4.9421,-0.100534
6.97481,4.92122,-0.118845
7.93396,4.98003,0.180148
8.96762,4.94012,0.101709
9.94716,4.93557,-0.172936
10.9861,4.93318,-0.246193
12.0091,4.99523,0.0574999
12.9646,5.0378,0.307483
13.9731,4.92083,0.214377
14.9932,4.85028,0.0114994
15.9837,4.9656,0.0603168
16.9592,4.90421,-0.107102
18.0146,5.02033,-0.122022
18.9986,5.00986,0.112772
-0.00969268,6.08523,-0.34799
0.965029,6.02017,0.00795007
1.96245,6.06722,-0.0492569
2.96597,5.95795,-0.236134
3.98667,6.12628,-0.156566
4.97913,6.00343,-0.149702
5.99938,5.96754,-0.282836
6.98625,5.91189,-0.246605
7.94254,6.02747,0.0857387
8.92271,5.91116,-0.166738
9.93857,5.9431,-0.107273
10.9135,5.86807,0.106558
11.8908,6.00011,-0.116211
12.9277,5.9422,-0.12971
13.9175,5.95685,0.0824122
14.9198,5.90185,-0.0263192
15.9252,5.96261,-0.146315
16.9274,5.90072,-0.198639
17.9905,6.01677,-0.157921
18.9775,5.95594,-0.0831751
-0.0195166,7.02673,0.131318
1.01162,7.01773,0.0331034
2.00339,7.06306,-0.153246
2.9533,6.87242,0.211686
3.96522,7.00009,0.441673
4.97271,7.00215,0.0351146
5.97142,6.9953,0.0721641
6.96443,6.98826,-0.213569
7.96681,6.9563,-0.243068
8.96646,6.93587,-0.15016
9.86017,6.90565,0.297095
10.8308,6.92844,0.0837764
11.8555,6.99853,-0.020426
12.8585,6.97152,-0.167495
13.9027,6.9764,-0.0671987
14.9421,6.90527,-0.0674917
15.9472,6.95638,0.15808
16.9517,6.93969,-0.117405
18.0072,6.98526,0.0635212
18.9996,6.94501,0.0149388
-0.0219642,8.08639,0.0508286
0.984771,8.02289,0.0798914
2.03518,8.05452,0.242915
3.0454,7.89686,0.208908
4.08577,7.97281,0.163298
5.10524,8.03315,0.179144
6.08604,8.02445,0.003296
7.09381,8.0029,-0.0959258
8.06638,7.94692,-0.128544
9.05158,7.9395,-0.33032
9.9578,7.94764,0.180355
10.9601,7.95214,0.219614
11.9706,7.97622,0.159935
13.014,7.94577,0.0201788
14.0073,7.94398,-0.244792
15.0019,7.93079,0.0529283
16.0146,8.00139,-0.0493851
17.0053,7.93639,-0.148299
17.9709,8.00373,0.0224036
19.0019,7.98488,-0.158141
0.0733207,9.11768,-0.055266
1.06216,9.08533,-0.0741508
2.03126,9.07612,0.259258
3.03328,8.91935,0.176708
4.01817,8.93613,-0.0381207
5.01018,9.01795,-0.012302
6.00342,9.035,-0.0677572
7.01701,8.99392,-0.194565
8.00657,8.96585,-0.236103
9.01469,8.95911,-0.0991943
10.0002,8.99832,-0.148891
10.9929,8.93469,0.0473739
11.9883,9.00145,0.195331
12.9935,8.93356,0.072805
14.0089,8.90786,-0.178668
15.0401,8.88555,-0.238829
15.9516,8.97927,0.220063
17.0238,8.9487,0.10202
18.06,8.93661,0.365572
19.0105,8.94037,0.0561602
-0.0286905,10.1066,-0.238426
1.01312,10.0351,-0.232844
1.95191,10.145,0.173788
2.8713,9.89772,0.000872829
3.89049,9.92997,-0.0817438
4.89924,10.0324,0.0922178
5.88398,10.0528,0.0510331
6.86901,10.001,-0.235459
7.85131,9.97544,-0.399872
8.86634,9.91487,-0.366485
9.86577,9.98666,-0.0467849
10.9052,9.92167,0.077691
11.9391,10.0013,-0.0714774
12.9268,9.94136,-0.265075
13.9263,9.93005,-0.0718589
14.9428,9.89931,-0.161449
15.963,9.97808,-0.00992767
16.9676,9.95713,0.182928
18.0222,9.88942,0.0368847
19.0029,9.91781,-0.0684347
-0.0112156,11.1355,-0.158419
0.982507,11.0512,-0.151988
1.98835,11.0274,-0.290335
2.96226,10.939,-0.155596
3.96364,10.924,-0.303113
4.96149,11.0641,-0.0111454
5.91991,11.1062,0.361257
6.81616,11.0125,-0.211838
7.85039,10.9579,-0.0968566
8.79989,10.9429,-0.425608
9.7592,11.0019,-0.14409
10.7967,10.9196,-0.0227973
11.7947,10.9823,-0.236088
12.7993,11.0016,-0.419401
13.8453,10.9362,-0.205463
14.8235,10.853,0.150066
15.832,10.9812,0.121055
16.9323,10.9969,0.146879
17.9487,10.9589,-0.00381481
18.9952,10.9106,-0.0588794
-0.0265908,12.1424,-0.148817
0.952959,12.0446,-0.0683432
1.92746,12.0074,-0.217475
2.8891,11.9364,-0.411023
3.8871,11.9264,-0.387252
4.83621,12.0461,-0.0568072
5.88601,11.9702,-0.157277
6.90327,12.003,0.0702139
7.86393,11.9809,-0.0997528
8.94403,11.8793,-0.105371
9.93636,12.0003,-0.249428
10.9047,11.8138,-0.433839
11.8853,11.9879,-0.321729
12.8807,11.9779,-0.293811
13.9226,11.9772,-0.317377
14.9395,11.8127,-0.157167
15.9862,11.9859,-0.0549821
16.9659,11.993,0.0448256
18.0114,12.0525,0.0615314
19.0105,11.9802,-0.0324229
0.0268441,13.0985,0.0527299
0.924503,12.9976,-0.378747
1.9242,13.0119,-0.475729
2.94319,12.9731,-0.349437
3.96529,12.9589,-0.232881
4.99353,13.0958,-0.291229
5.96384,13.0079,-0.114863
6.94678,12.9936,0.142106
7.96427,12.9094,0.262996
8.94342,12.9325,-0.0348125
9.91733,12.9878,-0.250868
10.9445,12.85,-0.337819
11.9305,12.9703,-0.0829646
12.9702,12.9578,-0.0490951
14.0014,13.0318,-0.201694
14.9604,12.8178,0.0212287
15.9493,13.0224,-0.0565874
16.919,12.986,0.16483
17.923,13.0439,0.0472884
18.9456,12.9961,0.106217
-0.00276498,14.0176,-0.365361
0.993735,13.9934,-0.143873
1.97974,14.0256,-0.110077
3.00147,14.0274,-0.198648
3.93102,13.9183,0.076278
4.89194,14.076,-0.147783
5.92593,14.0051,-0.0463149
6.96054,14.0053,0.0564104
7.98293,13.9251,-0.120682
8.98742,13.9467,-0.181841
10.0233,13.971,-0.10022
11.0457,13.8708,-0.387924
11.9939,13.996,-0.0439405
13.0789,13.9602,-0.00595416
14.0529,13.9341,0.238862
15.0281,13.8604,-0.0608325
16.008,13.9815,0.243547
17.006,14.0728,0.0494858
18.0107,14.0808,0.125575
18.9995,14.0299,-0.0165044
0.0296457,15.0281,-0.109854
1.01975,15.0143,-0.267251
2.02541,15.0364,-0.233787
3.0871,15.0672,-0.0641346
4.08766,14.9313,0.102008
5.0694,15.0308,0.0236457
6.0868,14.9881,-0.124403
7.06232,14.9419,-0.349602
8.07433,14.8797,-0.372652
9.07827,14.974,-0.252687
10.0155,14.981,0.153288
10.9213,14.881,-0.238823
11.9842,14.9508,-0.299857
12.9599,14.9466,0.0781732
13.9715,14.866,-0.153948
14.9755,14.8173,-0.312473
15.9251,14.9634,-0.0586108
16.9169,15.0474,-0.122159
17.9445,15.0438,-0.146129
18.9454,14.9896,0.0762261
0.0145146,16.0018,0.0714072
0.995199,16.031,-0.0127354
2.01457,15.9847,0.0670644
2.98536,16.009,0.258895
4.00322,15.9509,0.276962
4.94783,16.0084,-0.119132
5.92549,15.9577,0.0251228
6.89374,15.9117,-0.241493
7.93493,15.8987,-0.290988
8.94163,16.015,-0.121192
9.96114,15.9828,-0.0431471
10.9477,15.9649,-0.0941679
11.9581,15.947,-0.0419904
12.972,15.9197,0.00596942
13.9576,15.9052,-0.288656
14.9755,15.862,-0.231349
15.9657,15.9581,0.0468245
16.9572,16.0028,0.137907
17.9302,16.0241,-0.0496506
18.9377,16.0539,0.112387
0.0316416,17.0283,-0.0483779
1.05974,17.0627,0.0358379
1.98278,16.9956,0.380026
2.93624,17.004,0.0896725
3.9333,16.9331,0.0972076
4.87417,17.0007,-0.344719
5.8275,16.9668,-0.153249
6.79518,16.9464,-0.149336
7.80772,16.916,-0.0604602
8.86159,17.0093,0.0730125
9.87043,16.987,0.108069
10.9005,16.9924,-0.00628071
11.8595,16.9434,-0.281994
12.8713,16.9101,-0.129832
13.8663,16.9376,-0.199863
14.8942,16.9115,0.0366863
15.9079,16.9965,0.0325846
16.9369,17.0062,0.0430738
17.9587,17.0346,-0.0509842
19.0034,17.0823,0.090231
0.0190741,18.0413,0.141789
1.03156,18.0319,0.321519
2.02958,18.0193,0.266219
2.98362,18.0141,-0.033723
3.95708,17.9861,0.13975
4.96929,17.9108,0.155425
5.96458,17.9732,-0.140916
6.93127,17.9269,0.125846
7.95101,17.9602,0.0088168
8.96309,17.9688,-0.230552
9.96424,18.0134,-0.0277017
10.9726,18.0033,0.0203803
11.9478,17.9376,-0.101685
12.973,17.9116,-0.114972
13.9781,17.9686,-0.0940306
15.0259,17.9359,-0.133137
16.0148,18.0203,-0.0447859
17.0082,18.0274,-0.122251
18.0109,18.0335,0.072924
19.0324,18.065,0.263344
-0.042378,19.0017,0.197101
1.01679,19.0151,0.108753
2.01721,19.0141,0.210639
2.99233,19.012,0.0680319
3.95884,18.997,-0.0945097
5.0234,18.9388,0.210321
5.99493,19.0386,0.00775781
7.00664,18.9118,0.0215705
8.05533,18.9733,0.0636769
9.02844,18.997,-0.241087
9.97536,18.9824,0.210233
10.9777,19.0243,0.0795557
12.0105,18.9719,-0.0154302
13.0497,18.9937,-0.0276498
14.0403,18.9976,-0.113547
15.0663,18.9479,-0.120603
16.0832,19.0088,0.0480453
17.0713,19.0212,0.00426038
18.0895,19.0201,0.234104
19.0875,19.0614,0.421873
