1.90397,1.74899,-0.392334
1.31109,2.53877,-0.371349
1.71853,3.4238,-0.568267
0.783905,3.53072,-0.155882
0.432426,4.5135,-0.24528
0.234083,5.47256,-0.463552
0.769976,6.2281,-0.0660482
0.745097,7.26785,-0.0146794
1.5595,7.28508,0.562346
1.97602,8.21106,0.594888
2.79391,1.48953,0.00762658
2.34805,2.412,-0.245668
2.60863,3.1358,-0.88974
1.65107,3.34688,-0.633271
1.32038,4.38353,-0.629963
1.19717,5.29851,-0.264821
1.61492,5.91701,0.390454
1.6116,6.8363,0.0176519
1.4775,7.69464,-0.382403
1.91659,7.19643,0.423505
3.18603,1.2058,0.86596
3.14439,1.97446,0.182775
3.27594,2.92646,-0.166988
2.67188,3.2925,-0.864455
2.36381,4.33082,-0.736366
2.23016,5.24773,-0.36455
2.32877,6.231,-0.19921
2.47147,7.25139,-0.351912
1.91954,7.32717,0.455107
2.76249,7.67063,0.0556108
3.97293,0.598575,0.960012
3.60043,1.52389,0.962896
3.1066,2.33774,0.656832
3.2179,2.78534,-0.205524
2.95588,3.75804,-0.173513
3.04003,4.76664,-0.122373
3.16145,5.73476,-0.348747
3.22674,6.66353,-0.0166845
2.74847,7.63551,0.0268746
3.75704,7.77554,-0.0454421
4.54311,0.514823,0.110282
4.14379,1.44427,0.0739677
3.90519,2.475,0.0636891
4.03913,3.07864,-0.722492
3.94268,3.88437,-0.0976257
4.0627,4.88289,-0.134288
4.09165,5.89869,0.0108158
4.16715,6.92011,-0.0772118
3.73048,7.83151,-0.269652
4.70869,8.02576,-0.358431
5.20301,1.16422,0.488537
5.0639,1.62598,-0.394998
4.36027,2.26244,-0.780178
4.99035,3.04157,-0.834782
4.68042,4.00131,-0.761937
5.04625,4.80034,-0.233021
5.02698,5.82434,-0.493387
5.14379,6.70121,-0.0248268
4.56327,7.49043,0.115238
5.18495,8.22937,0.517911
5.9755,0.662856,-0.0732017
6.04816,1.57608,-0.534666
5.3663,2.26307,-0.777725
5.96673,3.02988,-0.582452
5.70526,3.9971,-0.63892
6.02402,4.91788,-0.296869
6.03049,5.81444,-0.712256
6.16458,6.59488,-0.132081
5.61779,7.35262,0.184857
4.66365,7.32851,0.671377
6.88512,0.990637,-0.303189
6.6436,1.78181,0.282937
6.42068,2.34654,-0.537089
6.97294,3.20021,-0.549379
6.65699,4.11235,-0.283233
6.90327,4.89323,-0.841047
7.02875,5.83704,-0.575903
7.11368,6.8797,-0.498691
6.19046,7.27282,-0.627555
5.43854,7.3566,0.0795465
7.87267,1.29582,-0.505533
7.61623,1.64957,0.394736
7.28505,2.47451,-0.0584826
7.80152,3.33442,-0.0110996
7.63696,4.28947,-0.28684
7.71616,5.31973,-0.337165
7.38023,5.99013,0.339833
8.00313,6.61025,-0.138011
6.97696,6.73175,-0.27456
6.29335,6.9619,0.443239
7.68221,2.13693,0.0556261
7.89092,2.41009,0.9867
8.05447,3.01459,0.205454
8.25858,3.88844,0.680612
7.94395,4.83023,0.50361
8.53123,5.55193,0.16126
8.11642,6.46104,-0.13759
8.52651,7.21619,-0.751576
7.60756,7.50303,-0.507471
7.33712,7.21111,0.459935
