2.49228,3.243,1.40449
2.38213,3.37435,0.445729
2.05959,4.31367,0.37228
2.18011,5.25471,0.685879
2.21391,5.95893,-0.055855
1.40023,6.41086,-0.47955
0.626814,6.58503,0.158757
1.40627,6.47618,0.821778
1.54453,7.25543,0.169973
2.46838,7.15413,0.594089
2.94294,3.32178,0.516953
2.6638,2.67158,-0.174169
2.62327,3.53582,0.320524
2.93773,4.49863,0.614023
2.49972,5.00236,-0.206293
2.23648,5.94262,-0.0597919
1.61008,6.57406,0.470696
2.35871,6.52507,1.16477
1.38029,6.84666,1.05846
2.22241,6.33656,1.10128
3.2648,4.16553,0.053267
3.48093,3.16442,0.0758843
3.52408,3.98284,0.57571
3.4393,4.52381,-0.243892
3.34857,5.51131,0.0227973
2.47088,4.96645,-0.173309
1.74018,5.72687,0.02884
2.49819,6.40262,0.155086
2.2585,6.34442,1.10607
2.55886,6.8255,0.278674
3.77225,3.4597,0.566485
3.92,2.39954,0.478158
4.16536,3.32613,0.130021
4.29626,4.30315,0.331501
3.67179,4.64155,-0.361211
3.31462,5.38093,0.207508
2.57906,5.50374,-0.46513
3.38203,6.01308,-0.135594
3.23884,6.20313,0.810697
3.5502,6.99734,0.194324
4.39546,2.72242,0.222083
4.78318,2.17799,0.925208
4.63006,2.43425,-0.0754479
4.17858,3.32523,-0.0359661
3.8835,3.81589,-0.905017
3.64969,4.61719,-0.359209
3.6309,5.58668,-0.371944
4.40801,6.13624,-0.187466
3.94644,6.81593,0.385122
3.28253,6.80198,1.16447
4.43752,1.9583,-0.426048
5.22363,2.41224,0.0497574
4.9311,3.35592,0.204965
4.54211,4.30759,0.144826
4.67718,4.43957,-0.871499
4.49669,5.1671,-0.259243
4.3392,5.96413,0.301404
5.34544,6.02755,0.162755
4.91759,6.85028,0.537159
4.00648,7.29528,0.630702
5.13623,2.40895,0.106153
5.91654,1.85322,0.622669
5.35088,2.44805,0.0362224
4.98955,3.39142,0.154085
5.49108,4.1204,-0.275686
5.34812,4.94497,0.292541
5.21354,5.81879,-0.178112
5.44189,6.76138,-0.511899
4.47865,6.48294,-0.29971
4.98407,7.0302,0.35909
5.94197,1.83786,0.257253
6.18519,2.78476,0.41648
5.30475,3.06102,0.807862
5.60163,4.02779,0.637565
5.499,4.98771,0.265126
5.25532,5.94254,0.195346
5.95692,6.48728,-0.355898
5.23087,6.32118,0.331538
5.33915,6.24912,-0.695077
5.59978,7.17147,-0.415433
6.33123,2.85127,0.167721
6.47213,3.65276,0.779034
5.62301,3.92166,0.344435
5.29432,4.82061,0.0331523
5.18322,5.85329,-0.121256
5.869,6.56089,-0.293777
6.47952,7.15053,-0.859386
6.01469,6.76227,-0.0692129
5.54713,7.23934,-0.782757
5.9607,8.14769,-0.529392
5.40234,2.73959,-0.190808
6.36467,3.00253,0.00537126
5.48242,2.918,0.549019
5.43831,3.81746,0.0460158
5.32881,4.79134,0.0661824
5.29606,5.8126,0.0276101
5.95909,6.54042,-0.289145
6.17212,7.38628,-0.891687
6.04912,6.44215,-1.2349
5.63034,7.37568,-1.17375
