0.0205847,0.0136753,-0.0235328
0.969381,0.0306558,0.310761
2.04259,-0.0061861,0.218308
3.02692,0.00634785,0.116251
4.03665,0.0341227,-0.0483993
5.06044,0.0258187,-0.137297
6.05194,-0.0283303,-0.282031
7.07475,-0.0540208,-0.345882
8.05597,-0.0463851,-0.327284
9.03254,0.0402905,-0.0489456
9.95817,-0.0155522,0.2485
10.8717,0.035905,-0.225834
11.9052,0.0370037,0.00307321
12.8901,0.0421705,0.0791223
13.9004,-0.00835902,0.0892148
14.9204,0.00917081,-0.0658193
15.9452,0.0141362,0.0581317
16.9087,0.00985137,-0.237391
17.9497,0.00200201,-0.303067
18.9918,-0.00186468,-0.143336
-0.0215155,1.05501,0.0327525
0.970843,1.04746,0.207526
1.97394,1.01018,0.0721854
2.96218,1.02958,-0.00378735
3.99656,1.05441,-0.149681
4.99682,1.05557,-0.072045
5.97432,0.969005,-0.146269
6.97529,0.93683,-0.0242958
7.96161,0.991836,-0.275829
8.9613,1.07393,-0.280129
9.97613,0.942174,-0.0248115
10.9786,1.08739,-0.0320566
12.0186,1.06175,-0.161748
13.0182,0.985614,-0.319626
14.0547,0.960497,-0.13914
15.072,0.983181,-0.34405
16.0679,0.987329,-0.184289
17.0592,0.975295,-0.177944
18.0441,0.977355,-0.268538
18.9877,1.05166,0.024662
0.0452559,2.05181,-0.0520371
0.999173,2.0533,0.362087
1.98821,2.02032,0.103433
2.99552,2.02777,0.00812708
4.0209,2.0977,0.0464644
5.00499,2.04257,-0.138865
6.05629,1.97193,-0.070806
7.0243,1.98659,-0.202689
8.0248,1.93854,0.0636219
8.97323,2.01434,0.179507
10.0539,1.96223,0.0653005
11.0684,2.07764,-0.0130192
12.1138,2.09059,-0.0650868
13.1021,1.98697,-0.425074
14.1011,1.94479,-0.25793
15.0953,1.97161,-0.375704
16.092,2.00317,-0.109033
17.0623,1.95932,-0.293817
18.0515,1.98726,-0.189737
19.0643,1.98468,-0.387524
-0.0330149,2.94665,0.386102
0.964818,3.07101,0.316495
1.95132,3.05184,0.0735313
3.05233,3.05185,0.0480972
4.05377,3.08516,0.0745354
5.04568,2.99355,0.191656
6.07259,2.94356,0.00285348
7.11973,2.98546,-0.0922391
8.08856,2.94687,0.180328
9.11834,3.00143,0.0573626
10.1059,2.9731,-0.137028
11.0784,3.09189,-0.0289834
12.0987,3.07386,0.0758934
13.0485,2.96636,-0.406412
14.0481,2.99842,-0.301444
15.0634,2.93886,-0.150697
16.0891,2.9317,-0.357308
17.0982,2.9537,-0.22801
18.0952,3.02344,0.0135075
19.0462,3.01604,-0.297958
-0.00278939,3.93497,0.12139
1.042,4.00896,-0.0534898
2.02524,4.02463,-0.135856
3.01551,3.98159,-0.335887
3.98717,4.10538,-0.036903
4.99183,3.99232,0.00679342
5.98549,3.92835,0.139085
7.03715,4.01427,0.1069
8.10191,3.99261,0.0638722
9.10293,4.02394,0.135716
10.123,4.03475,-0.118613
11.1311,4.09541,-0.0253853
12.1461,4.07567,0.0166021
13.1163,3.91277,0.014948
14.1182,3.90983,0.197134
15.0406,3.97473,-0.201157
16.0721,3.92557,-0.219346
17.0448,4.0034,-0.318003
17.9572,4.02036,0.148354
18.962,3.89826,0.166961
0.0199438,4.97185,0.162178
1.01134,4.98763,0.170684
1.94914,5.01217,-0.0884945
2.94077,5.00274,-0.203375
3.92267,5.10285,-0.00228889
4.93184,4.99808,-0.0542741
5.95618,4.95755,-0.0360027
6.95533,4.99061,0.0149541
7.93086,4.95211,-0.0233528
8.93684,5.02755,0.169335
9.93102,5.07287,-0.00803858
10.9018,5.09907,-0.286181
11.8511,4.99746,0.217051
12.8694,4.90117,0.0934355
13.889,4.90998,0.0409314
14.9158,4.97995,-0.117518
15.9158,4.94149,-0.249712
16.9081,5.00095,-0.304318
17.9264,5.06389,0.05627
18.9928,4.93282,-0.0528977
0.0727256,5.99233,0.0485366
1.10119,5.95731,0.150606
1.972,6.03582,-0.327854
2.98764,6.00146,-0.270837
3.96927,5.98484,-0.483499
4.91317,5.99514,-0.189087
5.93934,5.98985,-0.225031
6.95513,6.03728,0.0688345
7.99376,5.94644,-0.239241
8.99254,6.02405,-0.189871
10.0158,6.06086,-0.296686
10.8945,6.02017,0.19143
11.9051,5.98706,0.290875
12.9508,5.91286,0.0539872
13.9314,5.9486,-0.152687
14.9331,6.01988,-0.0482925
15.9577,5.95428,-0.187179
17,5.97351,0.00287484
17.9942,6.00631,-0.272417
18.9676,5.95025,-0.0405316
0.0552385,6.99962,-0.0932707
1.06879,6.95426,-0.10278
1.95636,7.01531,-0.521824
2.99777,7.05102,-0.258129
4.01005,6.96783,-0.289135
5.00931,6.9938,-0.0918394
6.03369,6.98595,0.0886959
7.01751,7.00209,-0.0672903
7.99622,6.9892,-0.156636
8.99662,7.0121,-0.341081
9.98244,7.01114,-0.0956542
10.9112,7.02777,0.299484
11.9233,7.01698,0.186709
12.9138,6.95019,0.0925993
13.8965,6.98376,-0.208625
14.9185,7.0778,-0.203302
15.9246,6.9418,-0.160652
16.9384,6.99808,-0.0877712
17.9647,6.99366,-0.197861
19.0059,6.96022,-0.157643
-0.052385,7.97524,-0.360652
0.929453,7.99127,-0.0769921
1.93084,8.02997,-0.128816
2.97223,8.08159,-0.145656
3.98335,7.92001,-0.0153966
4.98729,8.00929,-0.0999725
5.996,7.91621,-0.199832
7.02334,7.97707,0.0804804
7.98872,7.98158,-0.179519
8.98426,8.03864,-0.279482
10.0001,8.07062,-0.0275155
11.0374,7.9937,-0.010886
12.0261,8.04602,0.224049
12.9144,7.89009,-0.201822
13.8452,7.92047,0.138093
14.8405,7.98527,0.12331
15.8849,7.91066,0.0316446
16.8344,7.99076,-0.196899
17.8841,7.9614,-0.00052797
18.9806,7.96866,-0.0274148
-0.00177923,8.94676,-0.239598
0.996939,8.96966,-0.187228
1.97121,9.04612,0.159975
2.98077,9.04238,0.200165
3.98038,8.9666,0.02013
4.9499,9.00871,-0.260143
5.95921,8.90359,-0.260585
6.88864,8.96866,0.107001
7.93322,8.92987,0.0984161
8.80594,9.03655,-0.34178
9.85007,9.12899,-0.207926
10.873,9.04523,-0.205142
11.8678,8.83666,-0.366881
12.8604,8.8684,-0.0888302
13.8743,8.93287,0.193988
14.8662,9.03444,0.0480728
15.8524,8.90964,-0.089816
16.8724,9.0017,-0.144511
17.9294,8.90867,-0.276809
18.9782,8.98625,-0.228739
0.0255776,9.91538,-0.196756
1.05985,9.97277,-0.369393
2.0316,10.0454,-0.0905484
2.98184,10.1004,0.227934
4.00209,9.96153,0.146974
5.0124,9.88186,0.178716
6.00653,9.91275,0.0723594
6.95602,9.89602,-0.283077
7.96091,9.92671,-0.0553636
9.01189,9.95231,0.00285958
9.93099,10.1073,-0.347801
10.9491,10.0786,-0.0502762
11.9392,9.86191,-0.21641
12.8665,9.86092,0.201389
13.8703,9.97265,0.06816
14.8452,10.0777,-0.0431928
15.8739,10.0144,-0.236985
16.9239,9.9951,-0.326933
17.9578,9.98452,-0.161861
18.98,10.0144,-0.00804163
0.0100528,10.885,-0.0720786
0.961693,11.0041,-0.376287
1.96693,11.0207,-0.312085
2.95603,10.9892,-0.271541
3.95721,10.9311,-0.0468337
4.95465,10.9698,0.31861
5.96536,10.969,0.0379742
6.93689,10.9403,-0.126811
7.91287,10.91,-0.328205
8.92214,10.9754,-0.127955
9.92817,11.1117,-0.330045
10.9953,11.068,-0.196585
11.9724,10.8955,-0.319691
12.9768,10.8247,-0.164501
14.0068,10.9577,-0.00896939
15.008,11.1119,0.0574328
16.0003,10.9969,-0.204132
17.004,10.9489,-0.0346751
18.0032,11.0141,0.170067
19.0094,11.0238,-0.0131352
-0.0064272,11.9112,0.0119633
1.02028,11.9825,-0.142988
2.0094,11.992,-0.342772
2.99979,12.012,-0.137828
3.97438,11.9501,-0.144139
4.97118,11.9213,-0.0204047
6.01883,11.9807,-0.179812
7.07961,11.954,-0.0570025
8.06717,11.9694,-0.254253
9.05817,12.0153,-0.0845637
10.0549,12.1284,-0.268865
11.0454,12.0502,-0.0585925
12.0583,11.8652,-0.0991394
13.0412,11.8563,-0.132856
14.0316,11.9549,-0.13983
15.0062,12.1063,-0.124213
16.0129,12.0224,-0.061153
17.0128,11.9972,-0.0495956
17.9815,12.0199,0.255058
18.9744,12.0093,-0.053618
-0.0236366,12.9238,-0.095642
1.02405,13.0384,0.120753
2.02398,12.9428,-0.0601611
3.06234,13.0108,0.0339244
4.05501,12.9454,-0.227241
5.02243,12.9763,-0.112461
6.00195,13.0244,-0.0261025
6.88996,12.8692,-0.421558
7.93803,12.9655,-0.43354
8.89172,13.0448,-0.00237129
9.91414,12.9721,0.253142
10.9526,13.0565,0.0570238
11.9373,12.8939,-0.180709
12.9365,12.8739,-0.0548631
13.9764,12.991,-0.188333
14.9864,13.1429,-0.194186
16.0282,13.0343,-0.235063
17.003,13.0178,-0.0784082
18.0155,13.0573,-0.0197607
18.9995,13.005,-0.0148808
-0.0166326,13.9645,-0.163005
0.946205,14.0722,0.174453
2.00818,13.9274,0.117618
3.05589,14.0034,0.297085
4.05972,13.9397,0.120905
4.99039,13.9851,-0.189666
5.94816,14.049,0.0540574
6.88439,13.8647,-0.246425
7.94818,13.9748,-0.148946
8.97695,14.0117,-0.0785089
9.99537,14.0205,0.0852565
10.9864,14.0548,0.16241
11.9454,13.8885,-0.147169
12.9366,13.9353,-0.0154881
13.9616,13.9757,0.00556963
14.9502,14.1476,-0.148457
15.9514,13.9842,-0.0979492
16.9208,14.0461,0.0713736
17.9493,14.0692,-0.143434
18.9851,13.9821,-0.164916
0.0359478,14.9683,-0.157527
1.06273,15.0516,-0.011063
2.06532,14.9669,-0.0357707
3.08316,14.9843,0.0851894
4.06953,14.9829,-0.125614
5.0491,14.8818,0.20871
6.02078,15.0412,0.131944
6.99312,14.8515,-0.166594
8.01548,14.9742,-0.201144
8.96333,15.0764,0.00802026
9.97389,15.0388,-0.109705
11.0128,15.0496,0.0415845
11.9641,14.8881,-0.193939
12.9514,14.9836,-0.091644
13.9234,14.9915,0.0443159
14.9357,15.0374,0.319874
15.8557,15.0188,-0.0514664
16.8601,15.0363,-0.128697
17.8729,15.1095,-0.207825
18.9178,14.9797,-0.100275
-0.04185,15.9594,0.212076
0.981735,16.0575,0.163118
2.01756,15.9605,0.270214
3.02664,16.0157,0.15891
4.02186,15.9893,0.0156072
5.03142,15.9272,0.0749657
6.03339,16.0205,-0.0254707
7.08014,15.9169,-0.0561998
8.08531,15.9683,-0.223386
9.06518,16.0737,0.075277
10.0784,16.0122,-0.127805
11.0769,16.0065,0.223426
12,15.9153,-0.0900204
13.0067,15.981,-0.203995
13.9906,15.9873,0.0599261
15.033,16.024,0.0140934
15.9913,16.0275,-0.2343
16.9743,16.0791,-0.255272
17.9281,16.113,0.0406201
18.986,16.0201,0.126969
-0.0451064,17.02,0.399487
1.02024,17.0388,0.428373
1.96206,16.9854,0.0595996
2.99548,17.0134,0.102173
4.0489,17.0052,0.193469
4.99682,16.9353,-0.133796
6.03105,16.9867,0.0421216
7.05152,16.9463,-0.173119
8.04169,16.9895,-0.110123
9.05101,17.079,0.0218635
10.0369,17.0351,-0.0688925
11.0699,17.0311,0.0471847
12.0806,16.9713,-0.111652
13.0405,16.9737,-0.47763
14.0233,16.9426,-0.004532
15.0134,17.0581,-0.139714
16.0195,17.0093,-0.325864
17.0346,17.0646,-0.294192
18.086,17.0638,-0.176626
19.0341,16.9865,0.270873
0.0379437,17.9706,0.01124
1.02442,18.0092,0.20405
1.92195,17.9721,-0.257955
2.95839,18.0097,-0.201309
4.01338,17.9988,-0.110511
5.04342,17.9266,0.135719
6.02256,17.9707,-0.125501
7.11362,17.9643,-0.27391
8.14679,17.9885,-0.261882
9.15941,18.1012,-0.116706
10.2129,18.027,-0.11615
11.1968,18.0215,0.0154546
12.2139,17.9957,0.0132664
13.0924,18.0236,-0.390661
14.0812,18.0056,-0.00483718
15.0501,18.0806,-0.129417
16.004,18.0516,-0.358357
17.0204,18.0833,-0.45887
17.9983,18.1109,-0.166091
18.9909,18.0141,-0.072927
0.00460829,18.9829,-0.0397961
0.967971,18.9949,0.255126
1.97676,18.9441,0.100424
3.02397,18.9804,0.19819
3.95274,19.0021,-0.189575
4.93922,18.9961,0.0309122
5.97163,19.0081,-0.167696
6.96112,18.9901,-0.151875
7.98005,19.0078,-0.232154
8.9587,19.0626,-0.364257
9.9831,18.9974,-0.110871
10.9693,19.0258,-0.00891751
12.029,18.97,0.141646
13.0237,18.9748,-0.0707846
14.0506,19.0075,0.0782464
15.0032,19.0739,-0.286938
16.0154,19.0428,-0.288839
17.0407,19.0945,-0.45851
18.0757,19.0842,-0.440996
19.0287,18.9799,-0.0820978
