0.00896939,-0.00675375,0.0406171
1.00051,-0.00598468,-0.0132054
2.01539,-0.0416944,0.0983612
3.00292,0.0340526,-0.192499
3.95784,0.00856349,-0.00202033
4.96378,-0.00141911,0.0699759
5.95726,0.00853603,-0.115943
6.91314,0.00768456,0.118534
7.94402,0.00734886,0.0948271
8.92313,0.0490524,-0.0189001
9.91535,0.0496902,-0.0203742
10.9361,-0.00643941,0.262966
11.9206,0.00880764,0.0380016
12.9181,-0.00350352,-0.0865383
13.9356,0.0163488,0.0853572
15.0041,-0.0104251,0.167101
16.0114,-0.0448897,0.363033
16.9748,0.0480056,0.140245
17.9623,0.0328135,-0.0571551
18.9786,-0.0241585,0.0764733
0.044731,1.019,0.0680532
1.05054,1.00666,-0.0142338
2.05033,0.959734,0.0550127
3.02679,1.00909,0.101691
4.00591,1.02609,0.126624
5.01731,1.02874,0.186535
6.04124,1.00594,0.192673
6.99882,0.938212,0.488766
7.97,0.996353,0.139796
8.98075,1.0988,0.139186
9.97743,1.06348,0.00101932
11.0204,0.966146,0.0201086
12.0377,1.02812,0.190829
13.0036,1.02888,0.0294809
14.0838,0.998221,-0.012772
15.0612,0.948283,0.375781
16.0271,0.946068,0.317722
16.9686,1.04792,-0.0453566
17.9836,1.06501,0.104315
19.0007,0.989434,-0.00307016
0.0163945,2.05405,-0.151067
1.01946,2.06786,-0.0866085
2.04552,1.97331,0.0246803
3.06082,2.04532,0.0919126
4.04164,2.05345,0.31015
5.07161,2.05179,0.328629
6.065,2.01589,0.342808
7.11362,1.89592,0.19714
8.06393,1.95789,-0.162923
9.00168,2.1342,0.121986
9.96405,2.11069,-0.133979
11.015,1.98636,0.146788
11.976,1.97685,0.490194
13.0181,1.97683,0.305622
14.0032,1.96392,0.33647
15.0422,1.99433,0.482006
16.0099,1.97016,0.192965
16.9973,2.0117,0.303369
17.9458,2.0483,-0.0587512
18.9453,1.9744,0.100784
0.0537065,3.05964,-0.0985321
1.03321,3.04205,-0.0225288
2.10259,2.97385,-0.0866451
3.08996,3.10833,0.136592
4.10597,3.0304,0.163305
5.1259,2.99011,0.00117496
6.16302,3.07996,0.293088
7.12456,2.90313,0.174221
8.20961,2.92501,0.0941374
9.18999,3.11198,-0.111609
10.1548,3.04614,0.118946
11.093,2.93663,0.471462
12.0179,2.89127,0.101111
13.0605,3.01014,0.163161
14.0268,2.96189,0.365514
15.0686,3.02282,0.362502
16.1007,2.95869,0.306549
17.0645,3.00702,0.0372539
18.012,2.97273,0.273611
19.0098,2.98572,0.0959044
0.0276833,4.10785,-0.111847
1.00339,4.12465,-0.0584765
2.02592,3.95345,-0.108133
3.07618,4.0082,-0.315018
4.01509,4.06814,0.0939543
5.09149,4.03076,-0.0466628
6.07273,4.05684,0.266082
7.04131,3.90891,0.210013
8.06863,3.91666,0.0218787
9.04491,4.10311,-0.0892422
9.9613,4.02311,0.37069
10.936,3.91624,0.480328
11.9216,3.9089,0.188635
12.9586,3.99069,0.187716
13.9698,3.94816,0.438673
14.9717,4.01411,0.578597
15.9548,3.9431,0.315204
16.8778,3.98235,-0.0438673
17.9047,3.91089,-0.00727561
18.9678,4.0218,0.0195074
0.0608661,5.09741,-0.163756
1.02129,5.11415,0.0329814
2.037,5.02412,-0.128425
3.0382,5.0251,-0.283261
4.07319,5.01154,-0.284219
5.08615,5.05925,-0.0453047
6.04672,5.03896,0.133079
7.02891,4.97693,0.190902
8.07015,4.91594,-0.0219733
9.01093,5.02653,0.282229
10.0724,5.06338,0.252788
11.0308,4.95005,0.537724
12.0433,4.87901,0.397555
13.0522,5.05732,0.321744
14.0761,4.92171,0.246693
15.0661,4.98725,0.415415
16.0795,4.92769,0.383676
17.006,5.04925,0.069573
18.0055,4.92438,0.249031
19.0205,5.03951,0.068572
0.027192,6.10736,-0.0316416
1.02876,6.12662,0.0403851
2.03735,6.02648,0.00755028
3.01061,6.01427,-0.0598163
3.97151,6.05373,-0.289077
4.99797,6.03889,-0.187414
5.93972,6.0121,0.235899
6.93454,5.99761,0.0417493
7.97906,5.91978,-0.00963164
8.92677,5.99788,0.386456
9.95521,6.07408,0.417551
10.9533,5.97211,0.376479
11.9834,5.922,0.377548
12.9413,6.03255,0.208014
13.9672,5.96487,0.131397
14.9767,5.95734,0.315943
15.9825,5.92584,0.500803
17.0049,5.9749,0.48869
18.0077,5.97898,0.334034
18.959,6.04082,0.0515427
-0.0471511,7.07381,0.247572
0.900723,7.06493,-0.201477
1.86312,7.07402,0.112845
2.88186,7.05192,-0.0062685
3.90929,7.04803,-0.0010773
4.93862,7.01734,0.0341014
5.93571,7.02516,0.239668
6.95102,7.00903,0.0304758
7.96236,6.93412,-0.14507
8.88701,7.00132,0.308075
9.92944,7.04447,0.194378
10.9224,6.93546,0.0814447
11.9119,6.91265,0.258751
12.9357,7.02945,0.193033
13.9699,7.00965,0.16494
14.9314,6.95889,0.359691
15.944,6.90755,0.42599
16.9083,7.01192,0.239506
17.8962,6.9638,0.0693411
18.9287,7.02585,0.0576342
0.0101779,8.06912,-0.0147923
0.993185,8.0728,-0.193429
1.97124,8.06,0.107324
2.9367,8.04204,-0.115867
3.96538,8.08368,-0.0174108
4.97181,7.99293,0.231541
6.00371,8.02762,0.273623
6.95204,8.02535,-0.072103
7.92618,7.90006,-0.225791
8.89785,8.03897,0.116996
9.95601,8.05152,0.130909
10.9903,7.97539,-0.0379192
12.0014,7.91499,0.16328
13.0207,8.05309,0.168361
14.0382,8.05139,-0.0397992
14.9461,7.9568,0.423951
15.9896,7.8961,0.405448
16.998,8.02443,0.16032
18.0307,7.9793,0.228031
19.0136,7.99353,0.18728
0.00312815,9.07956,-0.0456282
0.956307,8.99695,0.18591
1.98174,9.0877,0.128758
2.94697,8.99873,0.134193
3.93312,9.10932,0.12703
4.92635,8.97891,-0.0820765
5.93744,8.98374,-0.0510361
6.92671,9.02935,0.0291025
7.94521,8.94418,-0.252272
8.92533,9.00925,-0.0207495
9.95249,8.96599,-0.245863
11.0018,8.95931,-0.107694
12.0211,8.95305,0.0705161
13.0264,9.06915,0.0604846
14.0633,9.01255,0.297357
15.0979,8.9828,0.429344
16.0079,8.87952,0.134211
16.9948,9.03673,0.0212836
18.0385,8.99559,0.130924
19.0423,8.95979,-0.198163
-0.0173193,10.0605,0.166469
0.984167,10.0217,0.116337
1.94249,10.0659,-0.0372417
2.94228,9.93773,-0.176232
3.95571,10.0824,-0.161849
4.94872,9.97284,0.0897214
5.96013,9.96458,0.258196
6.96644,10.0205,0.107517
8.01731,9.94377,-0.0342357
9.02337,9.96792,0.047441
9.99446,10.0045,-0.315305
11.0284,9.96763,-0.399402
12.046,9.91696,-0.353392
13.0107,10.0507,0.0712912
14.0016,10.0328,0.183615
14.9704,9.98512,0.423643
15.9469,9.93041,0.237684
16.9937,10.0382,0.060625
17.9311,9.96662,-0.179153
18.9804,9.98943,-0.112076
0.0094821,11.0769,0.161946
1.01654,11.1181,0.000836207
2.08257,10.9999,0.133326
3.00241,10.9763,-0.300809
3.98882,11.0781,0.134098
4.95806,10.9919,-0.00877102
5.97189,10.9536,0.264141
6.95017,11.0816,0.207773
7.98597,10.9337,0.275317
8.9623,11.0344,0.14492
9.9319,10.9759,-0.118918
10.9631,10.9277,-0.157118
12.0016,10.9039,-0.110395
12.8862,11.0514,0.313996
13.8911,11.1017,0.284613
14.8994,10.9816,0.310987
15.8794,10.9135,0.245528
16.9363,11.0353,0.208835
17.9261,10.9858,-0.0508774
18.9423,11.0011,0.093527
0.0136692,12.0942,0.233311
1.00529,12.1317,0.11236
1.99823,11.9574,-0.107587
3.03654,11.9643,-0.0556169
3.99856,12.0618,0.193179
5.01362,12.0134,0.0746117
6.0757,11.9913,0.192483
7.01747,12.0754,-0.103427
7.93511,11.9542,0.257549
8.91995,12.0668,0.272784
9.91491,11.9514,0.342717
10.8991,11.9415,-0.0682272
11.9735,11.9718,-0.0717582
12.9272,11.9864,0.121216
13.9465,12.0885,0.104266
14.9425,11.9991,0.0549181
15.9604,11.9268,0.0345744
16.9475,12.0192,0.000146489
17.9815,11.9722,-0.258565
19.0131,11.9875,-0.0896878
-0.0154027,13.1251,0.308594
1.03153,13.1847,0.320725
1.96128,12.9571,-0.0163427
3.02191,12.9927,-0.0969665
4.03645,13.0434,0.0201697
4.99301,12.97,-0.343544
6.03732,13.0578,-0.0371105
7.08413,13.0823,0.104413
8.05299,12.9762,0.174593
9.07993,13.0304,-0.0212439
10.1023,12.9692,0.0757958
11.1123,12.9451,0.2704
12.085,12.9853,-0.0137577
13.1007,12.9426,-0.0529344
14.0839,13.0532,-0.124134
15.0542,12.9451,-0.276833
15.9698,12.9314,0.175878
16.9458,13.0608,-0.193381
18.0175,13.0025,-0.149406
18.9975,12.9993,-0.283248
0.00356151,14.11,-0.00801721
1.0011,14.1798,0.193866
1.98382,13.9609,0.312445
2.91008,14.0166,-0.0309366
3.87597,14.0217,0.197064
4.9154,13.9473,0.0224372
5.97002,14.0047,0.292087
6.94249,14.0152,0.478375
7.9341,14.0266,0.34301
8.96602,13.9381,0.280657
9.98102,14.0086,0.200726
10.9806,13.909,0.425761
11.9502,13.9703,0.106119
12.9114,13.9614,0.0229286
13.927,14.0176,0.0892209
14.9216,13.9871,-0.202252
15.9481,13.9282,0.0455153
16.9375,14.063,-0.0872127
17.9833,14.0067,-0.0551927
18.9629,13.9486,0.160738
-0.0101138,15.1074,0.129087
0.995087,15.1706,0.222822
2.02469,14.9768,0.177593
2.98558,15.1026,0.004944
3.9989,15.0331,0.109293
4.96961,14.9727,-0.120783
5.96772,14.9411,-0.044676
6.93412,15.0548,0.179806
7.94293,15.0602,0.296973
8.96819,14.9817,0.273092
9.89438,14.9588,-0.121122
10.8927,14.8577,0.0741905
11.8542,14.9934,-0.125861
12.8549,14.9303,-0.085284
13.8954,14.9991,0.0216132
14.8779,14.9778,-0.0758049
15.915,14.987,-0.0342998
16.9272,15.0177,0.202634
18.0098,14.9828,0.0290902
18.9916,14.9774,0.0153081
-0.0128574,16.1432,0.0554918
0.99707,16.1728,0.161406
1.9902,16.0349,0.136265
2.9616,16.162,0.201621
3.88032,16.0132,-0.13914
4.88868,15.9688,-0.144758
5.95271,15.9795,-0.118912
6.90595,16.1458,0.159786
7.87525,16.0355,-0.0291635
8.94133,15.9815,0.10361
9.91233,15.9985,-0.243126
10.9185,15.875,-0.133689
11.8786,16.0384,-0.34474
12.8416,15.9328,-0.0121158
13.8563,15.999,-0.0290201
14.884,16.032,-0.0754936
15.9004,15.9904,-0.117484
16.9363,15.9918,-0.154439
17.9384,15.9846,-0.101654
18.9517,16.0209,0.015479
0.00712607,17.1467,-0.0444014
1.01283,17.1309,-0.108856
1.94352,17.122,0.19129
2.92947,17.1759,0.0343455
3.94065,17.0204,-0.0353343
4.91756,17.0057,0.0385632
5.88965,16.9772,-0.122901
6.92472,17.0609,-0.263457
7.92726,17.0596,-0.175823
8.91197,17.0177,0.0302835
9.93011,16.9039,0.174065
10.9106,16.9739,-0.0197363
11.9151,17.026,-0.0592547
12.898,16.9221,0.13722
13.921,17.0205,-0.126176
14.876,17.0562,0.0670614
15.8838,17.0176,0.00199286
16.9567,16.9817,0.124619
17.9321,17.0183,-0.230747
18.9485,17.0263,-0.138179
0.0135502,18.1531,0.336918
1.06095,18.0522,0.322465
2.06048,18.068,0.509568
3.06034,18.1374,0.172085
4.05355,18.0184,-0.119599
5.00725,18.059,0.114686
6.01028,17.9638,0.0540208
6.93486,18.0818,-0.399332
7.97226,18.0321,-0.283578
8.93063,18.037,0.0166723
9.93487,17.9011,0.160558
10.9502,17.986,-0.070159
11.971,18.0281,0.168673
12.9556,17.954,0.0318918
13.9994,18.0262,-0.104801
15.0197,18.0322,0.216517
16.054,17.9983,0.118775
17.065,17.9689,0.25772
18.065,17.9622,0.112647
19.0296,18.0869,-0.178158
0.0149205,19.0386,-0.209995
1.04075,18.9581,-0.0739708
2.02825,19.0375,0.144786
2.97019,19.0463,-0.310184
4.02197,19.0456,-0.274783
5.03288,19.0284,-0.16874
5.98585,18.944,0.00492874
6.97787,18.9798,0.033549
7.99087,18.9774,-0.00773034
8.97032,19.004,-0.195437
9.93019,18.9501,0.127705
10.9982,18.9734,-0.0119053
11.9997,19.0213,0.0792749
13.0424,18.9838,-0.0837519
14.0352,19.0208,-0.235072
14.9482,19.0273,0.235395
15.9641,18.9887,0.330671
16.9736,18.9744,0.0794275
17.9952,19.0154,0.147499
19.0346,19.0309,0.255129
