-0.170885,1.01146,-1.13518
0.0242836,1.37144,-0.206064
0.019953,2.34191,-0.248268
0.00658589,3.40315,-0.159148
-0.181094,4.31311,-0.646489
-0.0880795,5.30322,-0.477142
-0.114917,6.22796,-0.0420637
-0.123078,7.29015,-0.272582
-0.135899,8.31697,-0.347069
-0.135029,9.339,-0.434428
-0.116984,10.3662,-0.397858
-0.11941,11.3158,0.0642567
-0.27496,12.2106,-0.40622
-0.144325,13.2144,-0.769735
-0.0770837,14.2422,-1.03439
-0.087878,15.1803,-0.682812
-0.12779,16.1446,-0.345656
-0.248262,17.1034,-0.0271126
-0.111673,18.1016,0.0451125
0.107932,19.086,-0.0143681
0.068865,20.0417,-0.36028
-0.1786,20.956,0.0617512
-0.176006,21.9094,0.346348
-0.0959929,22.9374,0.324113
-0.116468,23.9215,0.000881985
-0.154988,24.966,-0.169759
-0.0440504,25.9485,0.17384
-0.000582904,26.7938,-0.398868
-0.0522874,27.7695,-0.0775018
-0.164736,28.7809,-0.205661
0.669836,1.44259,-0.791049
0.872942,1.81111,0.15522
0.938279,2.73829,-0.280166
0.997003,3.72213,-0.199805
0.769558,4.6595,-0.46679
0.866793,5.6353,-0.480032
0.831443,6.5758,-0.197311
0.876922,7.56202,-0.460979
0.892453,8.57155,-0.35172
0.895117,9.54481,-0.347249
0.915445,10.5569,-0.374248
0.906796,11.5254,-0.132646
0.76198,12.4392,-0.43697
0.85136,13.2405,-1.04076
0.945473,14.2402,-1.16023
0.901666,15.2124,-0.867449
0.943297,16.0957,-0.432105
0.76064,17.05,-0.203873
0.847081,18.0582,-0.323731
1.13819,18.9818,-0.0522385
1.11359,19.9826,-0.277456
0.862136,20.9465,-0.158776
0.869933,21.9142,0.204801
0.940056,22.8441,0.636085
0.853572,23.8026,0.245186
0.892367,24.7976,-0.0277413
0.972747,25.789,0.10419
1.06465,26.6935,-0.392166
0.942235,27.6783,-0.0501114
0.85367,28.645,-0.253627
1.67924,1.41532,-0.690963
1.93841,1.93266,0.117692
1.89841,2.9601,-0.0331278
1.99568,3.94598,-0.155992
1.7377,4.90611,-0.227186
1.89738,5.90349,-0.432658
1.87868,6.8734,-0.232212
1.86968,7.7705,-0.737739
1.88524,8.66717,-0.319504
1.95891,9.63787,-0.619422
1.99194,10.5837,-0.278738
1.91542,11.5738,-0.188885
1.7822,12.5166,-0.479354
1.83575,13.4022,-0.980319
1.92509,14.3983,-1.24759
1.90612,15.2962,-0.730598
1.95297,16.1897,-0.328523
1.71806,17.1446,-0.497928
1.87081,18.175,-0.45775
2.02342,19.2011,-0.412851
2.06868,20.1653,-0.602219
1.87854,20.957,-0.0380566
1.84138,21.9081,0.325208
1.95838,22.9158,0.460949
1.89971,23.8296,0.100702
1.92444,24.8447,0.193054
1.97284,25.8625,0.163887
2.09055,26.5326,-0.636155
1.86361,27.4057,-0.184585
1.88433,28.4193,-0.327284
2.67396,1.7004,-0.87225
2.90893,2.12247,0.00892361
2.89609,3.10263,0.101941
2.98258,4.01302,-0.390036
2.79719,5.01793,-0.298962
2.94946,6.04283,-0.552422
2.8808,7.06063,-0.439891
2.93262,7.93143,-0.929218
2.9118,8.79325,-0.443101
2.99774,9.7833,-0.596316
3.02535,10.7798,-0.368905
2.91848,11.7603,-0.263659
2.78565,12.6058,-0.823823
2.85047,13.4345,-1.38278
3.00242,14.458,-1.27264
2.92498,15.4338,-0.904962
2.96959,16.2513,-0.395853
2.69606,17.196,-0.708457
2.80293,18.2166,-0.782217
3.03503,19.1355,-0.291015
3.05982,20.1389,-0.398834
2.89592,20.9657,0.170028
2.82493,21.9452,0.196033
2.92224,22.9672,0.216337
2.94895,23.9778,0.0976714
2.94854,24.9518,0.30426
3.01731,25.9417,0.360543
3.12504,26.4922,-0.458058
2.84396,27.4671,-0.467086
2.87609,28.4838,-0.165694
3.66755,1.63132,-0.683383
3.8836,2.43386,-0.0788903
3.86826,3.43722,0.0554643
3.94216,4.34272,-0.34453
3.77473,5.29412,-0.117634
4.00537,6.14456,-0.584451
3.98002,7.12344,-0.605829
3.90839,8.13484,-0.693789
3.92975,9.13322,-0.642744
3.99252,10.0927,-0.475295
4.02936,11.1255,-0.514063
3.94865,12.0983,-0.364031
3.70791,12.5323,-1.2253
3.92988,13.4492,-1.52781
3.87419,14.3838,-1.771
3.90042,15.3316,-1.28206
3.91039,16.1515,-0.719382
3.71628,17.1036,-0.924769
3.82009,18.1174,-0.778979
4.01206,19.0826,-0.641166
4.10396,20.1326,-0.59122
3.88643,21.0513,-0.221503
3.8836,22.0164,0.0820765
3.92616,23.0342,0.0488845
3.94184,23.9334,0.518116
3.95961,24.9111,0.245076
4.04368,25.9241,0.39458
4.12773,26.4498,-0.455144
3.8836,27.4008,-0.577212
3.88383,28.3286,-0.138255
4.68741,1.83395,-0.591162
4.84409,2.72622,-0.137342
4.85283,3.70884,0.0517502
4.82414,4.69487,-0.00938444
4.72734,5.67833,-0.154103
4.94945,6.49053,-0.680938
4.90713,7.4273,-0.335249
4.93122,8.35092,-0.704895
4.92096,9.42768,-0.555184
4.92405,10.4337,-0.401477
5.02037,11.3974,-0.616034
4.96279,12.4838,-0.512671
4.71635,12.7721,-1.48029
4.94683,13.7396,-1.3434
4.85499,14.5162,-1.98181
4.87581,15.3177,-1.34175
4.95915,16.1484,-0.757268
4.79554,17.1614,-0.859853
4.8399,18.1826,-0.862719
5.03523,19.1384,-0.780389
5.07173,20.0414,-0.347722
4.90528,21.0245,-0.216532
4.85869,22.0362,-0.125013
4.92956,23.065,-0.08399
4.95431,23.8142,0.605524
4.9517,24.7048,0.111014
5.06423,25.6582,0.406211
5.16407,26.4999,-0.112912
4.85765,27.4342,-0.354094
4.95987,28.377,-0.0776055
5.70703,2.12567,-0.515815
5.85072,2.93739,0.0843623
5.82973,3.88349,-0.203943
5.86002,4.88716,-0.104819
5.76216,5.90305,-0.249281
5.94552,6.8578,-0.571911
5.85144,7.85987,-0.505527
5.8025,8.89375,-0.595578
5.79145,9.92354,-0.68153
5.89095,10.8397,-0.353429
5.94726,11.6664,-0.881796
5.90001,12.6748,-0.891769
5.71593,13.0262,-1.83874
5.95393,13.9536,-1.57562
5.82521,14.7132,-2.287
5.86042,15.3809,-1.52306
5.94653,16.2552,-1.02436
5.85152,17.2499,-0.941627
5.81077,18.2048,-1.15709
6.06491,19.1915,-1.00275
6.03792,19.7373,-0.180291
5.89838,20.7628,-0.048912
5.80109,21.7698,0.0834864
5.88413,22.7851,0.00220649
5.93684,23.7304,0.339219
5.8914,24.76,0.542067
5.95,25.5282,-0.139241
6.21212,26.5106,-0.0343699
5.88081,27.416,-0.423035
5.95643,28.3165,0.0822504
6.71662,2.25401,-0.390179
6.78457,3.26775,-0.225614
6.75245,4.21003,-0.498434
6.89814,5.1264,-0.0118686
6.78117,6.10407,-0.25895
6.95958,7.00659,-0.620896
6.86847,8.07254,-0.641353
6.79763,9.1388,-0.636137
6.78967,10.1613,-0.741987
6.91112,11.1496,-0.42443
6.91973,11.8718,-1.10275
6.90093,12.934,-1.08909
6.72882,13.3077,-1.96163
6.88945,14.3524,-1.80833
6.76258,14.9867,-2.59159
6.84443,15.3352,-1.65129
6.99437,16.0951,-1.04448
6.8748,17.1046,-1.14515
6.79176,18.0854,-1.41056
7.02496,19.0825,-1.17941
6.95991,19.8432,-0.519916
6.88952,20.834,-0.447639
6.79456,21.8127,-0.182015
6.95391,22.8236,-0.0564867
6.9241,23.6776,0.452635
6.91684,24.702,0.305426
6.95156,25.489,-0.359188
7.25822,26.4144,-0.125376
6.7478,27.2654,0.099469
6.99867,28.2182,-0.0742912
7.7614,2.42673,-0.303842
7.76736,3.41461,-0.363768
7.7858,4.4254,-0.473714
7.86319,5.37623,-0.255431
7.74222,6.42117,-0.393457
7.89074,7.42813,-0.533222
7.85175,8.447,-0.67235
7.72876,9.42434,-0.855635
7.74362,10.4057,-0.805277
7.88353,11.3933,-0.702472
7.89358,12.288,-1.11629
7.83525,13.3162,-1.28378
7.71658,13.5305,-2.27157
7.9024,14.4978,-1.98137
7.7244,15.1663,-2.70139
7.86488,15.3646,-1.69829
7.99762,16.2929,-1.33508
7.897,17.2475,-1.11867
7.8412,18.1904,-1.44188
8.06117,19.002,-0.961156
7.96596,19.8423,-0.424219
7.93734,20.8376,-0.380996
7.84856,21.7791,-0.145009
8.00995,22.8046,-0.110205
7.97487,23.7615,0.253697
7.9685,24.7643,0.343959
7.89658,25.6471,-0.149684
8.22313,26.5176,0.144438
7.74312,27.3349,-0.0610431
7.92959,28.2095,-0.431358
8.78072,2.60735,-0.250441
8.78287,3.61828,-0.292712
8.83388,4.59206,-0.604819
8.85355,5.51879,-0.15389
8.776,6.54273,-0.242155
8.95219,7.58531,-0.494668
8.84787,8.55754,-0.752181
8.74358,9.56967,-0.941127
8.74263,10.5996,-0.939225
8.82147,11.5933,-1.05556
8.78326,12.6535,-1.3131
8.73765,13.7159,-1.49405
8.73293,13.7677,-2.51023
8.93931,14.5778,-1.95464
8.72681,15.1187,-2.74828
8.84713,15.3736,-1.78182
9.01868,16.3072,-1.3919
8.91227,17.2641,-1.00662
8.82049,18.1893,-1.33065
9.07715,18.9697,-0.764888
8.97687,19.8412,-0.299719
8.98935,20.8054,-0.65649
8.91185,21.7626,-0.265761
9.02089,22.7675,-0.292386
8.98111,23.7123,-0.0189611
8.97301,24.6623,0.379467
8.8823,25.4462,-0.213038
9.16756,26.4131,-0.177285
8.7553,27.3385,-0.131291
8.93019,28.3294,-0.312851
9.76294,2.84023,-0.0693838
9.8165,3.79097,-0.296707
9.79334,4.84137,-0.281957
9.81467,5.81697,-0.214594
9.85461,6.80195,-0.29892
9.94403,7.79732,-0.338472
9.89249,8.74073,-0.73806
9.749,9.7576,-0.794238
9.75436,10.7191,-1.12969
9.83672,11.7386,-1.0191
9.82571,12.7326,-1.26909
9.77798,13.6411,-1.63734
9.78749,13.9378,-2.62761
9.96813,14.4906,-1.80772
9.71417,14.8927,-2.68736
9.83816,15.2288,-1.71872
10.0302,16.1507,-1.44243
9.96375,17.1078,-1.15614
9.85213,18.123,-1.37536
10.0672,19.0715,-1.05004
10.0537,19.7647,-0.381167
9.97736,20.7454,-0.422617
9.95504,21.7341,-0.29566
10.0291,22.7141,-0.0798639
10.0177,23.7195,0.0134068
10.0518,24.6623,0.377209
9.90521,25.5639,-0.0794458
10.1667,26.5412,-0.0523118
9.73591,27.4479,-0.0363628
9.98624,28.3276,-0.373785
10.7362,2.91664,-0.0252022
10.8487,3.88939,-0.166088
10.843,4.82962,-0.33647
10.8161,5.79346,-0.179714
10.9166,6.75126,-0.430018
10.939,7.80322,-0.479208
10.9476,8.76321,-0.737434
10.7816,9.73657,-0.735035
10.7957,10.7162,-1.03142
10.8885,11.7307,-1.12512
10.8426,12.711,-1.54373
10.7954,13.7478,-1.7183
10.8122,13.9124,-2.71804
10.971,14.5466,-1.98096
10.692,14.7216,-2.96609
10.8264,15.2604,-2.13348
11.026,16.1068,-1.59579
10.9373,17.0301,-1.30912
10.8934,18.0265,-1.37562
11.0543,18.9853,-1.10006
11.0887,19.7987,-0.548344
10.9773,20.7336,-0.221891
10.9829,21.6963,-0.388589
11.0569,22.67,-0.140431
11.069,23.7147,-0.0760857
11.0497,24.6405,0.321186
10.9223,25.5395,-0.104306
11.2119,26.4951,0.0443342
10.6788,27.2767,-0.303024
11.0138,28.2705,-0.415064
11.7853,3.01268,0.228459
11.8548,3.94714,-0.158007
11.8597,4.92163,-0.243733
11.8368,5.89809,-0.0150853
11.9912,6.85144,-0.468822
11.9258,7.81697,-0.635722
11.9266,8.8456,-0.643278
11.8373,9.76929,-0.952171
11.8463,10.7724,-1.06207
11.9663,11.7671,-1.33681
11.919,12.6995,-1.68944
11.8745,13.6905,-1.75142
11.8689,13.7465,-2.73723
11.9994,14.5428,-2.0854
11.7063,14.5823,-3.05554
11.8189,15.1237,-2.22149
11.9864,16.0463,-1.89379
11.9872,16.9198,-1.30348
11.9404,17.9265,-1.32299
11.9662,18.7639,-0.726746
12.0931,19.7354,-0.559969
11.9708,20.6692,-0.222202
12.0097,21.6046,-0.53282
12.1108,22.6308,-0.334175
12.0523,23.631,-0.0726188
12.0253,24.5718,0.293472
11.9352,25.5197,0.105814
12.203,26.4786,0.0931364
11.7481,27.2595,-0.339616
12.0542,28.278,-0.428178
12.8443,2.95362,0.15356
12.8854,3.96238,-0.0414655
12.8687,4.94208,-0.0470931
12.8718,5.94682,-0.0920011
12.9912,6.92981,-0.395734
12.9972,7.85321,-0.774602
12.9806,8.84378,-0.71388
12.8187,9.85822,-0.93553
12.845,10.8532,-1.33663
12.9654,11.8758,-1.22761
12.9642,12.8107,-1.56387
12.8957,13.8473,-1.62622
12.8692,13.9573,-2.58429
12.9539,14.7301,-1.89265
12.7199,14.7979,-2.90997
12.8521,15.5126,-2.20407
12.8866,16.4962,-2.02065
13.008,16.9937,-1.1835
12.8936,17.9903,-1.0669
13.0242,18.8247,-0.494992
13.1225,19.8237,-0.394525
12.9034,20.8063,-0.632835
13.0194,21.7653,-0.413996
13.1183,22.7805,-0.337257
13.054,23.7167,-0.0892575
13.0005,24.7382,-0.0438795
12.9061,25.6652,0.2566
13.1487,26.5299,-0.219895
12.7383,27.4059,-0.176186
13.0435,28.3479,-0.265374
13.8796,2.99858,-0.0874538
13.9164,3.98415,-0.268426
13.9003,4.97127,-0.201965
13.9552,5.97653,-0.171856
14.1126,6.93694,-0.472231
14.0261,7.87594,-0.790439
13.9945,8.85448,-0.80683
13.8935,9.83919,-1.03681
13.8833,10.8105,-1.45018
14.0309,11.8709,-1.47073
14.0022,12.8942,-1.52021
13.959,13.8662,-1.69692
13.9076,13.8923,-2.70703
13.9121,14.7337,-2.10509
13.7774,14.991,-3.08262
13.9007,15.5235,-2.23974
13.8656,16.4757,-1.84918
13.954,16.8318,-0.867492
13.8903,17.8256,-0.863918
14.0436,18.705,-0.402802
14.1336,19.7673,-0.557906
13.9486,20.765,-0.428907
14.0373,21.8494,-0.580779
14.1229,22.724,-0.0772271
14.0431,23.7642,-0.0385327
13.931,24.6903,0.403824
13.9528,25.6983,0.221982
14.1335,26.5783,-0.257826
13.724,27.4782,-0.365233
14.0717,28.4034,-0.269167
14.8677,2.90806,-0.21561
14.9211,3.94317,-0.343797
14.9502,4.93119,-0.225483
14.9651,5.95948,0.0202246
15.1699,6.80396,-0.457085
15.0438,7.77567,-0.733985
15.0178,8.83469,-0.766784
14.9718,9.81198,-1.00901
14.9347,10.7232,-1.42438
15.0668,11.7492,-1.50549
15.008,12.8119,-1.45959
15.0218,13.8047,-1.78612
14.9502,13.8982,-2.77753
14.9786,14.6564,-2.11631
14.7826,14.8016,-3.10009
14.9501,15.4255,-2.31422
14.9536,16.2684,-1.70161
14.8757,17.154,-1.30225
14.8992,17.9175,-0.667998
15.0631,18.8381,-0.277148
15.1907,19.8356,-0.49021
15.014,20.8624,-0.479052
15.0472,21.8981,-0.638615
15.0786,22.8309,-0.268001
15.1024,23.7831,0.0814203
14.8762,24.7678,-0.031251
15.0149,25.6849,0.341108
15.1236,26.648,0.0291696
14.7169,27.5067,-0.25678
15.0971,28.4516,-0.0973083
15.8892,3.03757,-0.057625
15.8905,4.01195,-0.146501
15.9843,5.01638,-0.134788
15.9535,5.98142,-0.296081
16.2069,6.98181,-0.550151
16.0462,7.94908,-0.520792
16.0188,8.86994,-0.901724
16.0433,9.91462,-1.05288
15.9549,10.9628,-1.32336
16.0771,11.8878,-1.67006
16.0395,12.9074,-1.50369
15.986,13.8285,-1.88821
15.955,14.0187,-2.86785
16.1249,14.6173,-2.06275
15.8528,14.8288,-3.00657
15.9962,15.321,-2.18203
15.9992,16.2362,-1.7388
15.8914,17.1061,-1.24834
15.9045,18.0273,-0.908878
16.0688,18.7473,-0.259203
16.1633,19.7762,-0.381314
16.0285,20.8214,-0.277181
16.0403,21.7956,-0.368374
16.1284,22.7772,-0.0908109
16.174,23.6386,0.361327
15.8999,24.6108,0.0684622
16.0243,25.5592,0.345952
16.1266,26.495,-0.0157994
15.7842,27.4611,-0.151588
16.1472,28.3752,-0.170534
16.893,3.09344,-0.116266
16.9086,4.06421,-0.116929
16.9662,5.04214,-0.360097
16.9725,6.03233,-0.4433
17.2477,6.94736,-0.596753
17.0706,7.92008,-0.566393
17.0146,8.88366,-0.914814
17.0406,9.90996,-1.04281
17.0073,10.8718,-1.25991
17.108,11.9269,-1.41044
17.0632,12.9774,-1.48415
16.9816,13.9502,-1.73684
17.0147,14.0425,-2.75477
17.1099,14.836,-2.10528
16.9323,14.7945,-3.07825
17.0254,15.4433,-2.29384
17.0376,16.301,-1.78912
16.8806,17.2176,-1.42035
16.9536,18.0817,-0.921122
17.0868,18.9464,-0.457997
17.084,19.9167,-0.0604144
17.0481,20.9138,-0.159539
17.0486,21.8919,-0.36773
17.119,22.8703,-0.0405377
17.168,23.8219,0.305844
16.9634,24.7379,0.0385083
16.9704,25.7792,0.0598041
17.1359,26.7477,-0.205152
16.6945,27.5756,-0.597528
17.1996,28.3156,-0.0741111
17.8963,2.94326,0.0484756
17.9046,3.85459,-0.368297
18.0073,4.87852,-0.378784
18.0312,5.87876,-0.574718
18.278,6.83728,-0.596066
18.1076,7.86793,-0.684381
18.1078,8.86506,-0.859447
18.0358,9.83327,-1.03478
18.0386,10.8828,-1.16181
18.2184,11.8346,-1.49828
18.0938,12.8118,-1.55818
17.9494,13.7566,-1.76655
18.02,13.9918,-2.73471
18.086,14.6183,-1.93792
17.9663,14.615,-2.95875
18.007,15.3414,-2.14365
18.0291,16.1788,-1.56402
17.8958,17.1223,-1.21127
17.9878,18.0287,-0.854628
18.1522,18.8776,-0.297491
18.0755,19.8917,-0.356407
18.0671,20.9024,-0.200558
18.0446,21.9523,-0.184429
18.143,22.9445,-0.30969
18.1757,23.7155,0.377905
18.0044,24.6736,0.0794427
17.9766,25.6605,-0.16296
18.1253,26.6313,-0.343406
17.6912,27.5089,-0.651299
18.1533,28.4163,-0.456441
18.913,2.95232,0.45594
18.9321,3.79376,-0.130143
19.0403,4.66686,-0.544905
19.0016,5.70243,-0.831928
19.2826,6.66836,-0.663793
19.1289,7.67157,-0.684909
19.1754,8.69857,-0.841084
19.0313,9.71997,-0.878747
19.0307,10.7228,-1.04179
19.1844,11.6992,-1.1924
19.1585,12.6509,-1.51949
18.9294,13.7145,-1.54333
18.997,13.9312,-2.59062
19.0777,14.6491,-1.76913
19.0025,14.6176,-2.77266
18.9937,15.3147,-2.05376
19.0791,16.1326,-1.47755
18.8977,17.1032,-1.2332
18.9464,17.9604,-0.68233
19.173,18.8979,-0.307349
19.0571,19.8844,-0.0287942
19.0944,20.8637,-0.17814
19.0975,21.803,0.0351878
19.158,22.7615,-0.263646
18.9814,23.7344,-0.176766
19.0547,24.6528,0.184536
18.9779,25.6747,0.0352702
19.1427,26.6427,-0.1288
18.7805,27.5244,-0.59411
19.1846,28.4118,-0.414814
19.9599,2.77294,0.525486
19.9096,3.58285,-0.102362
20.0654,4.51221,-0.452373
20.0502,5.46538,-0.639238
20.3013,6.42821,-0.797098
20.1421,7.42513,-0.668963
20.1126,8.49956,-0.544041
19.9899,9.4559,-0.75783
20.0339,10.4443,-0.955571
20.1948,11.4233,-1.0452
20.1522,12.3774,-1.41046
19.8977,13.3407,-1.49491
19.9938,13.7946,-2.36411
20.0476,14.4032,-1.50534
20.0159,14.3782,-2.49097
20.0311,15.3179,-1.97615
20.0625,16.3112,-1.64953
19.8747,17.1699,-1.13168
19.9246,18.0912,-0.786886
20.0992,19.09,-0.605582
20.0348,20.0199,-0.275845
20.1203,20.8949,0.140867
20.1469,21.8744,0.125715
20.1538,22.8982,-0.0403394
20.016,23.8734,-0.0214515
20.0882,24.8624,0.0772881
19.9865,25.8261,-0.101926
20.1124,26.7753,0.180264
19.6629,27.5817,-0.156792
20.203,28.3942,-0.498309
20.9581,2.52222,0.515296
20.9183,3.35235,-0.0743614
21.1072,4.34186,-0.225666
21.0867,5.19157,-0.747221
21.3045,6.17554,-0.696414
21.1303,7.16754,-0.493457
21.1584,8.19638,-0.527232
20.9825,9.18863,-0.613529
20.999,10.1419,-0.962316
21.0668,11.1301,-0.598883
21.1258,12.0293,-1.07662
20.8668,13.0315,-1.13068
20.9781,13.6249,-1.98516
21.0091,14.4346,-1.27652
21.0217,14.2094,-2.22597
21.0389,15.1752,-1.91073
21.1007,16.1969,-1.51277
20.9182,17.1636,-1.30196
20.9245,18.0956,-0.831901
21.0655,19.0294,-0.454857
21.0289,20.0063,-0.0783349
21.0988,20.9363,0.416923
21.1971,21.9561,0.249794
21.1094,22.9879,0.250414
21.009,24.0337,0.20268
21.0865,24.908,-0.289636
20.9154,25.6874,0.277822
21.1044,26.7092,0.121281
20.681,27.5063,-0.313175
21.1936,28.3195,-0.556487
21.9765,2.52821,0.667043
21.8575,3.06756,-0.106891
22.0608,4.03513,-0.113849
22.0837,4.97287,-0.525642
22.3507,5.94165,-0.676592
22.1415,6.88783,-0.517106
22.1459,7.89444,-0.411539
21.9938,8.85047,-0.670074
22.0309,9.85149,-0.787613
22.0792,10.8685,-0.648717
22.1461,11.8255,-0.890167
21.9225,12.7821,-0.948732
21.9444,13.4377,-1.72286
22.0139,14.2256,-1.10007
22.0411,14.5038,-2.06466
22.0349,15.3885,-1.66043
22.1271,16.3613,-1.76108
21.9157,17.1568,-1.14994
21.8915,18.106,-0.660302
22.0731,19.0727,-0.385531
22.073,20.1162,-0.244426
22.0818,20.9966,0.211371
22.2078,21.9866,0.1279
22.1301,22.9354,0.460265
21.993,23.8814,0.159774
22.061,24.7365,-0.381817
21.9134,25.6206,0.127042
22.1288,26.6402,0.0171484
21.7652,27.5443,-0.312485
22.2477,28.4192,-0.357897
22.9251,2.27314,0.907672
22.8648,2.7154,0.0306558
23.0079,3.64914,-0.255089
23.0366,4.6687,-0.358705
23.2499,5.62685,-0.262758
23.157,6.59758,-0.613031
23.1519,7.63421,-0.475088
23.037,8.62166,-0.57268
23.0572,9.62292,-0.635905
23.1081,10.6219,-0.590408
23.111,11.5809,-0.937324
22.9297,12.5781,-1.01063
22.9931,13.4211,-1.60433
23.0537,14.1906,-0.90701
23.0524,14.5456,-1.82439
23.0687,15.4536,-1.39685
23.1372,16.4282,-1.57614
22.928,17.2278,-1.00288
22.9178,18.2277,-0.724921
23.0777,19.1192,-0.362774
23.1388,20.0996,-0.396118
23.0609,21.0602,-0.0414655
23.2184,21.9219,0.414527
23.0414,22.8653,0.0491562
23.0306,23.8764,0.21156
23.0747,24.833,-0.279189
22.8997,25.5246,0.393249
23.0971,26.5271,0.0998718
22.8208,27.413,-0.301502
23.2388,28.3308,-0.0972167
23.974,2.23261,1.14517
23.8798,2.51139,0.201978
23.9646,3.36972,-0.331651
24.029,4.431,-0.242393
24.2474,5.38319,-0.284661
24.1132,6.39813,-0.277847
24.1663,7.36894,-0.483969
24.0299,8.39646,-0.541981
24.0781,9.38177,-0.666582
24.1512,10.3681,-0.399588
24.1033,11.3702,-0.689654
23.9625,12.3535,-0.862535
23.9819,13.2373,-1.41428
24.0215,13.8843,-0.65522
23.9811,14.621,-1.34712
24.0222,15.6118,-0.993979
24.1504,16.4877,-1.45606
23.9297,17.2739,-0.842875
23.971,18.2691,-0.792853
24.1629,19.1069,-0.200745
24.1906,20.0853,-0.391885
23.9603,20.767,0.323521
24.204,21.7727,0.244392
24.027,22.7498,0.411481
23.9964,23.7263,0.264815
24.0132,24.7215,0.111777
23.8648,25.7057,0.256966
24.0987,26.6551,0.323606
23.897,27.4466,-0.235496
24.2034,28.3094,0.198294
24.9882,2.04331,0.992666
24.871,2.31693,-0.0108676
25.0243,3.26185,-0.403534
25.0118,4.25342,-0.293518
25.2829,5.2146,-0.118741
25.0868,6.20533,-0.0945189
25.2005,7.15752,-0.471322
25.0488,8.14902,-0.415125
25.0617,9.17653,-0.299756
25.1681,10.1613,-0.307105
25.1233,11.1094,-0.64355
25.0002,12.1009,-0.658257
25.0182,13.046,-1.10254
25.0489,13.941,-0.612079
24.9536,14.8369,-1.11877
25.0524,15.7617,-0.738221
25.1646,16.525,-1.50589
24.967,17.1836,-0.772286
24.9779,18.2094,-0.825706
25.1294,19.1604,-0.478381
25.2325,20.095,-0.239009
24.9764,20.9376,0.301715
25.2313,21.8896,0.118204
25.0004,22.872,0.0988403
25.0363,23.8645,0.194821
25.0156,24.8745,-0.0578082
24.8756,25.8655,0.140391
25.0898,26.8127,0.415601
24.9706,27.5284,-0.284646
25.2243,28.4583,0.0124546
26.036,1.99687,1.06397
25.9173,2.1556,0.0902799
26.0834,3.0647,-0.301868
26.0494,4.06339,-0.458684
26.255,4.95108,-0.074926
26.1129,5.93336,-0.124229
26.1708,6.94208,-0.0937468
26.0071,7.90655,-0.202326
26.0451,8.8832,-0.450707
26.1451,9.83505,-0.256191
26.133,10.7961,-0.531388
26.0153,11.8108,-0.747917
26.0137,12.7612,-1.04581
26.0432,13.7474,-0.834623
26.0086,14.7738,-1.00685
26.0067,15.5857,-0.422102
26.1106,16.3726,-1.04354
25.9437,17.173,-0.441728
25.9262,18.1767,-0.505106
26.1031,19.1355,-0.194003
26.2294,20.111,-0.182983
25.966,20.9389,0.314493
26.1654,21.8179,-0.190933
26.0531,22.8374,0.0889126
26.0723,23.8247,0.0926206
26.0487,24.832,-0.0825861
25.9001,25.8117,0.145033
26.1806,26.7651,0.357457
25.9814,27.6839,0.0413129
26.2135,28.6183,-0.232505
27.0829,1.86941,1.18694
26.8923,2.01207,0.168389
27.0969,2.88368,-0.398584
27.0631,3.85237,-0.165258
27.1734,4.71194,0.282595
27.0729,5.61319,-0.132112
27.1565,6.64885,-0.183627
27.0334,7.64058,-0.35468
27.0601,8.64697,-0.20173
27.1319,9.66586,-0.0215491
27.1385,10.6049,-0.392773
27.0155,11.6105,-0.662911
27.0485,12.5848,-0.828636
27.129,13.5903,-0.833149
27.0399,14.5571,-1.02775
26.9988,15.4568,-0.682717
27.0621,16.3711,-1.08367
26.9792,17.094,-0.348302
26.9153,18.0835,-0.375701
27.111,19.0573,-0.147575
27.2848,20.1022,-0.141496
26.935,20.9508,0.343428
27.1686,21.8483,-0.0645589
27.1138,22.8832,0.126051
27.1302,23.8525,-0.105875
27.0769,24.8941,-0.143171
26.9518,25.8813,-0.0537461
27.0807,26.8971,-0.183996
26.9896,27.8836,-0.212256
27.1614,28.843,0.0474166
28.0794,1.64453,1.28109
27.8797,1.76134,0.271642
28.0534,2.53966,-0.466808
28.0613,3.50792,-0.111963
28.1327,4.39155,0.324021
28.0864,5.39403,0.026249
28.1577,6.43506,-0.120185
28.035,7.38817,-0.425282
28.0676,8.38912,-0.257628
28.2176,9.35219,-0.0245003
28.1239,10.3541,-0.262209
27.9489,11.3288,-0.548457
28.029,12.2817,-0.696344
28.129,13.3121,-0.814164
28.0084,14.3364,-0.833738
28.0729,15.3567,-0.761538
28.0768,16.349,-0.796951
27.9955,17.1461,-0.160698
27.9605,18.0995,-0.474322
28.1299,19.0144,-0.158364
28.3052,20.0025,-0.217283
27.9373,20.9213,0.0902646
28.1452,21.9232,0.107495
28.0877,22.8948,-0.074044
28.1087,23.8774,-0.0107852
28.0334,24.8409,0.137281
27.9432,25.8353,0.104569
28.1774,26.7684,-0.242427
28.0263,27.7421,-0.0202734
28.1857,28.7181,-0.042732
29.0957,1.49794,1.24832
28.9076,1.62212,0.259658
29.1202,2.40006,-0.375222
29.1045,3.30138,0.0669454
29.1274,4.24204,0.344987
29.1322,5.21086,0.120954
29.125,6.21901,0.0233955
29.0149,7.17085,-0.194876
29.0867,8.15629,-0.317896
29.2111,9.09263,-0.0668905
29.1483,10.1219,-0.167745
28.9483,11.1825,-0.336601
29.1097,12.1364,-0.590658
29.1301,13.1294,-0.5863
29.0157,14.1799,-0.548518
29.098,15.1558,-0.697339
28.9858,16.1165,-0.403259
28.9985,17.0949,-0.239225
29.0188,18.0447,-0.510291
29.1834,19.013,-0.206201
29.3292,19.9863,-0.273357
28.9842,20.8938,0.0657979
29.1255,21.9075,0.173153
29.125,22.8951,-0.0409436
29.1167,23.8787,0.0612781
29.0309,24.9033,0.051677
29.0151,25.9355,-0.0993194
29.1814,26.9388,-0.335774
29.0624,27.9108,-0.236769
29.1885,28.9197,-0.013477
