0.162142,0.604202,-2.64087
0.151531,1.91585,-2.62632
0.183816,3.23472,-2.64975
0.246406,4.47692,-2.5959
0.233869,5.74365,-2.70622
0.249669,7.00035,-2.65281
0.283999,8.26785,-2.64138
0.363247,9.53427,-2.61432
0.619269,10.7793,-2.62242
0.911109,11.9508,-2.547
1.34121,13.0463,-2.44919
1.207,14.0932,-2.40291
0.48135,14.7644,-2.12119
0.574062,15.6689,-1.66069
0.108557,16.5178,-1.68951
0.287014,17.5237,-1.6954
-0.20625,18.2125,-1.15522
0.181497,17.2515,-1.37268
-0.102274,18.0733,-0.812146
-0.0126743,18.9399,-0.351961
0.810517,1.4834,-2.53835
0.887091,2.63453,-2.59593
0.996793,3.84852,-2.6361
1.11219,5.07407,-2.57132
1.2162,6.30039,-2.68445
1.22371,7.51854,-2.68351
1.283,8.69707,-2.60124
1.39569,9.93632,-2.66422
1.69133,11.1726,-2.67898
1.99275,12.37,-2.66822
2.4993,13.4964,-2.60478
2.29063,14.5546,-2.28
1.49896,15.1209,-1.9775
1.58693,16.0795,-1.73286
1.03096,16.8025,-1.2908
1.4364,17.5873,-1.74572
0.864232,18.0932,-1.11509
1.24836,17.1798,-1.27006
0.950447,18.0914,-0.919391
0.963161,19.069,-0.553652
1.78506,1.83993,-2.56049
1.87926,2.99677,-2.59142
1.92266,4.18433,-2.5761
2.06896,5.38733,-2.52542
2.13926,6.60414,-2.54863
2.1611,7.81701,-2.55206
2.23823,9.11492,-2.63896
2.40145,10.3683,-2.62228
2.64313,11.681,-2.64665
2.98033,12.9851,-2.72486
3.50967,14.3204,-2.79013
3.01934,15.4399,-2.39277
2.04172,15.8346,-1.47972
2.48983,16.7517,-1.7315
1.81943,17.5007,-1.12467
2.43457,17.0288,-1.57769
1.93176,17.8916,-1.20899
2.3012,17.0079,-1.01859
1.99507,18.0152,-0.868752
1.99573,19.0639,-0.693042
2.80978,1.58039,-2.48032
2.93276,2.73229,-2.57098
2.9157,3.8678,-2.55994
3.04749,5.0445,-2.57048
3.09978,6.20688,-2.55635
3.05993,7.37156,-2.58226
3.10137,8.54618,-2.60524
3.21542,9.66006,-2.64676
3.29283,10.9103,-2.65609
3.42022,12.0652,-2.57418
3.53893,13.2282,-2.51605
3.33005,14.3064,-2.26402
2.89319,15.1029,-1.82053
3.20289,16.045,-1.68802
2.60578,16.8052,-1.38878
3.45029,17.3441,-1.60291
2.90397,17.9401,-0.983441
3.07122,17.2255,-1.67338
2.89718,18.1781,-1.35228
2.94434,19.1687,-1.04279
3.7922,1.20376,-2.44173
3.84923,2.35211,-2.45463
3.87162,3.46962,-2.48332
3.96517,4.55139,-2.67745
3.94644,5.68312,-2.58932
3.98249,6.81725,-2.55137
3.98407,7.9355,-2.50531
4.0512,9.02635,-2.55128
4.0135,10.1377,-2.59051
3.98574,11.1898,-2.43578
3.97622,12.3109,-2.22934
3.99648,13.4162,-2.17464
3.74611,14.4199,-2.01455
3.97736,15.3469,-1.70569
3.57098,16.2677,-1.50289
4.32022,16.8955,-1.74217
3.80186,17.4074,-1.06972
4.08321,17.347,-2.02494
3.89792,18.2771,-1.5731
3.95671,19.1465,-1.06172
4.76984,0.8198,-2.43921
4.75998,1.88872,-2.44319
4.83804,3.05691,-2.34761
4.89411,4.15384,-2.45345
4.85928,5.27772,-2.33659
4.86911,6.35302,-2.40402
4.88054,7.41454,-2.45682
4.91306,8.50655,-2.54982
4.81746,9.56517,-2.41169
4.81231,10.5679,-2.23843
4.79721,11.6775,-2.15452
4.69687,12.683,-1.94804
4.57888,13.7355,-2.01162
4.76925,14.6893,-1.83091
4.42672,15.6429,-1.65161
5.10313,16.3301,-1.5874
4.76517,16.9337,-0.850322
5.06832,17.1934,-1.7345
4.94494,18.2262,-1.62579
4.96437,18.9852,-0.987829
5.71993,0.491287,-2.2827
5.76104,1.62154,-2.31626
5.77943,2.68036,-2.2516
5.78937,3.71296,-2.32148
5.77112,4.791,-2.19375
5.77238,5.85771,-2.28616
5.74178,6.92355,-2.46224
5.80444,8.01171,-2.40613
5.75596,9.05795,-2.41911
5.71074,10.0821,-2.12355
5.74287,11.186,-2.15543
5.61797,12.2225,-2.02212
5.4887,13.213,-2.0519
5.71811,14.2013,-1.91315
5.40312,15.1878,-1.5653
6.0339,15.9192,-1.78262
5.69586,16.5806,-1.14452
6.13623,17.1865,-1.79381
6.01349,18.2106,-1.61224
5.959,19.0779,-1.0951
6.67195,0.147096,-2.2532
6.71818,1.17199,-2.10331
6.6454,2.20162,-2.02456
6.70636,3.25769,-2.12361
6.64085,4.3574,-2.13274
6.7077,5.44631,-2.10794
6.68182,6.50331,-2.26954
6.72365,7.54259,-2.24223
6.61527,8.58734,-2.13773
6.61512,9.63399,-2.05183
6.64494,10.6752,-2.19217
6.50932,11.6357,-1.83238
6.44133,12.7085,-1.92163
6.6581,13.72,-1.89393
6.34984,14.6323,-1.62053
6.91668,15.4592,-1.42306
6.70912,16.4434,-1.47199
7.15107,17.21,-1.9942
7.00763,18.0843,-1.49777
6.96641,19.0161,-1.16211
7.65694,-0.0562487,-2.00485
7.74895,1.02287,-1.9858
7.63563,2.02806,-2.00569
7.7396,3.1071,-2.11542
7.65547,4.16407,-1.88386
7.69118,5.13018,-2.18263
7.67158,6.22985,-2.11753
7.68142,7.25476,-2.31795
7.66015,8.3,-2.18206
7.62701,9.34112,-2.10813
7.60667,10.3782,-1.94142
7.51679,11.4679,-2.01482
7.46438,12.4712,-1.94614
7.63886,13.4996,-1.731
7.38778,14.4262,-1.52255
7.8957,15.3493,-1.6831
7.72867,16.3296,-1.45576
8.12714,17.1751,-1.74613
8.03874,18.1523,-1.59336
7.97554,18.8624,-0.920911
8.65108,-0.0675527,-1.94377
8.75678,0.99852,-1.9856
8.66397,2.02601,-1.88592
8.72667,3.10933,-1.9148
8.72775,4.14252,-1.92298
8.68558,5.16729,-1.92188
8.75943,6.19155,-1.98873
8.74428,7.16741,-2.11494
8.65333,8.18767,-2.1279
8.62687,9.13842,-1.76448
8.61223,10.1991,-1.82634
8.54247,11.2281,-1.89181
8.50438,12.2639,-1.77635
8.64291,13.2529,-1.81128
8.48739,14.2436,-1.5477
8.8351,15.1971,-1.40751
8.79442,16.2216,-1.28813
9.0987,17.1465,-1.47078
8.9562,18.1167,-1.21632
8.96262,19.0978,-1.02503
9.67541,-0.260192,-1.56237
9.78331,0.813041,-1.83937
9.68629,1.86249,-1.81205
9.72273,2.91006,-1.8266
9.73909,3.96181,-1.78423
9.66047,4.98914,-1.67602
9.75217,5.99789,-1.76176
9.77132,7.03169,-1.91152
9.61145,8.0309,-1.77591
9.62089,9.10533,-1.65665
9.62507,10.1277,-1.73332
9.60599,11.1844,-1.77859
9.57255,12.2236,-1.72593
9.59966,13.2119,-1.45305
9.5272,14.2577,-1.46341
9.76534,15.2631,-1.73303
9.84702,16.2017,-1.3953
10.0894,17.2274,-1.31422
9.97698,18.2184,-1.15187
10.0326,19.2444,-1.06082
10.7327,-0.205939,-1.66439
10.8178,0.793155,-1.78015
10.7383,1.86075,-1.61302
10.8114,2.89844,-1.67544
10.7866,3.96436,-1.4351
10.7239,4.97643,-1.63066
10.7997,6.0302,-1.713
10.8407,7.09823,-1.82126
10.6959,8.10441,-1.80319
10.6859,9.09297,-1.68676
10.6269,10.0828,-1.80644
10.6819,11.115,-1.73678
10.5866,12.1688,-1.7944
10.6495,13.1623,-1.52801
10.5724,14.1721,-1.41448
10.7445,15.1998,-1.55254
10.963,16.225,-1.4314
11.1051,17.2193,-1.31733
11.0139,18.1539,-0.999274
11.0356,19.1871,-1.215
11.7749,-0.0919065,-1.61618
11.8213,0.969189,-1.60142
11.7972,1.986,-1.48936
11.8124,2.97162,-1.55795
11.8432,4.00025,-1.37791
11.7476,4.99775,-1.41355
11.8237,5.99183,-1.56351
11.8773,6.96281,-1.75413
11.7397,7.98646,-1.73015
11.7049,9.00593,-1.6858
11.6741,10.0287,-1.84786
11.6942,11.0214,-1.71519
11.6903,12.0419,-1.7921
11.6437,13.1057,-1.75216
11.6513,14.0246,-1.38221
11.7007,15.0771,-1.30027
11.939,16.0423,-1.46316
12.0829,17.0421,-1.39352
12.0446,18.1004,-1.24801
12.0802,19.1174,-1.16019
12.8251,-0.158992,-1.37813
12.8513,0.862795,-1.46676
12.7892,1.87365,-1.50583
12.8186,2.92818,-1.52146
12.8344,3.9063,-1.61189
12.7543,4.89614,-1.52499
12.827,5.94071,-1.52468
12.8672,6.98235,-1.50862
12.8153,7.94914,-1.87503
12.7104,9.02215,-1.61268
12.6792,10.0512,-1.79807
12.7689,11.0612,-1.68167
12.7034,12.0842,-1.69715
12.6804,13.1444,-1.60695
12.7069,14.0434,-1.20792
12.7641,15.0334,-1.35423
12.9497,16.0949,-1.37626
13.0609,17.1524,-1.49434
13.0578,18.143,-1.21017
13.0871,19.1751,-1.00185
13.8787,-0.140248,-1.39136
13.8987,0.915802,-1.49207
13.8396,1.93527,-1.44546
13.8254,2.91964,-1.56268
13.8868,3.92731,-1.56514
13.7708,4.92064,-1.40202
13.8557,5.95107,-1.4716
13.9011,6.93527,-1.68911
13.8647,7.97331,-1.66716
13.7438,8.96964,-1.42518
13.6591,10.0292,-1.53059
13.8511,11.0322,-1.69039
13.7387,12.0213,-1.55027
13.7198,13.0556,-1.37763
13.7595,14.1063,-1.36235
13.8332,15.1379,-1.29818
13.9482,16.1736,-1.29705
14.0686,17.1539,-1.27257
14.0847,18.1504,-1.29471
14.1124,19.2227,-1.15483
14.9025,-0.233097,-1.34501
14.9064,0.852062,-1.39121
14.8866,1.92039,-1.38627
14.8276,2.92804,-1.29121
14.8326,3.9261,-1.24411
14.8301,4.90759,-1.45976
14.9008,5.95251,-1.51791
14.9316,6.93822,-1.70473
14.8816,7.98068,-1.55511
14.8253,8.97441,-1.45256
14.7162,9.97756,-1.70384
14.8412,11.0285,-1.55626
14.7579,12.0368,-1.54016
14.7665,13.0318,-1.21015
14.8239,14.0619,-1.30125
14.8918,15.1,-1.24877
15.0185,16.175,-1.34729
15.0289,17.2099,-1.43356
15.1272,18.2182,-1.30641
15.1106,19.2044,-1.13697
15.9419,-0.176986,-1.17636
15.941,0.844246,-1.39682
15.9352,1.89872,-1.47588
15.9279,2.89043,-1.43332
15.8852,3.92989,-1.46469
15.8164,4.97859,-1.41366
15.924,5.98852,-1.41903
15.9549,7.01203,-1.43418
15.9285,8.00681,-1.42541
15.8756,9.02263,-1.5224
15.7606,10.0212,-1.61551
15.8938,11.0149,-1.64108
15.7788,12.0111,-1.61727
15.7772,13.0228,-1.285
15.8497,14.0285,-1.16431
15.9699,15.0676,-1.22625
16.0548,16.0825,-1.1593
16.06,17.1049,-1.33496
16.1654,18.1251,-1.30374
16.1205,19.1706,-1.20772
17.0231,-0.319471,-1.13038
16.9796,0.719144,-1.27996
16.9655,1.81009,-1.23765
16.9637,2.8449,-1.31445
16.8661,3.89555,-1.20829
16.8011,4.89777,-1.42154
16.9112,5.93215,-1.43171
16.9482,6.92785,-1.28948
16.9609,7.95071,-1.29065
16.8883,8.95129,-1.40961
16.7844,9.96084,-1.52593
16.9457,10.9896,-1.59808
16.8252,12.0464,-1.44294
16.8298,13.0299,-1.07524
16.826,14.0278,-1.41713
16.9826,15.0567,-1.25277
17.0417,16.1367,-1.10265
17.1156,17.2114,-1.22904
17.1939,18.1668,-1.06868
17.1174,19.2619,-1.07107
18.0337,-0.246345,-1.10672
17.9666,0.743452,-1.11144
18.0433,1.79789,-1.20598
18.0346,2.84817,-1.22928
17.924,3.91613,-1.22729
17.8708,4.91602,-1.46887
17.9408,5.91887,-1.36366
17.9143,6.91449,-1.18754
17.9758,7.93314,-1.34747
17.9734,8.90745,-1.30999
17.7678,9.94153,-1.4018
17.9664,10.9627,-1.53937
17.8567,11.9725,-1.38966
17.8476,13.0479,-1.32723
17.877,14.053,-1.26461
18.0357,15.0802,-1.26597
18.0647,16.1035,-1.2487
18.1305,17.1288,-1.0537
18.1972,18.1326,-0.839247
18.1007,19.1584,-0.889453
19.0621,0.0635762,-1.28765
18.8738,1.05537,-1.3805
18.9902,2.05665,-1.38021
19.0569,3.08827,-1.39799
18.9235,4.04062,-1.07021
18.897,4.99292,-1.37288
18.9679,5.98135,-1.29457
18.9301,6.97915,-1.3719
18.9702,8.03934,-1.23648
19.0455,9.05099,-1.16308
18.713,9.98688,-1.05526
18.9965,10.9914,-1.2036
18.8496,12.0327,-1.39037
18.8846,13.0677,-1.35302
18.9451,14.0301,-1.04472
19.0627,15.0468,-1.05613
19.0359,16.0808,-0.915452
19.1363,17.0929,-0.924949
19.2543,18.0803,-0.743648
19.0227,19.0657,-0.417365
