3.12646,4.89942,0.23072
2.51767,4.17661,-0.121628
3.43571,3.80695,0.283377
2.82633,4.6803,0.377917
2.19677,4.05014,0.92288
2.5471,4.71594,1.56475
2.34925,5.69517,1.47357
2.75426,5.89223,0.599329
3.55092,6.26134,0.115516
3.73843,7.1042,-0.389666
3.98544,5.14968,-0.235649
3.22756,4.73945,0.376962
2.63789,4.16885,-0.177172
2.8302,3.73442,0.720829
2.92213,4.31569,1.56107
3.25012,4.97604,0.89277
2.78343,5.80467,0.546202
3.1473,6.74791,0.304059
3.63115,7.01419,-0.536442
3.01433,7.80549,-0.48749
4.14193,4.57141,0.606009
3.97804,5.12331,-0.202988
3.41922,4.53711,0.358751
3.78473,3.63084,0.66317
3.53633,4.61245,0.844426
3.35831,4.94418,-0.109128
3.58924,5.90025,-0.0689077
4.13387,6.61557,0.24673
3.22438,6.96164,0.389801
3.92051,7.46971,-0.0863857
5.17186,4.37069,0.75736
4.87221,5.18327,0.234245
4.37623,4.36298,0.145506
4.75453,3.75196,0.827784
4.40479,4.59185,0.38815
4.2406,5.50349,-0.110901
3.43996,4.99522,-0.530232
4.09552,5.7384,-0.345958
3.77464,6.18388,0.502783
3.53761,7.11185,0.782568
4.82091,3.91915,-0.0888607
4.32761,4.6451,-0.500647
5.03438,5.18319,-0.0310373
4.79605,4.17743,-0.119749
4.74659,5.13225,-0.369039
4.96352,5.36888,0.593289
4.41093,5.14306,-0.245402
4.76953,5.62838,-1.09096
4.48407,5.87682,-0.0994995
4.30849,6.8058,0.261357
5.61149,3.90289,-0.722175
4.85582,4.25188,-1.26689
4.74948,5.18011,-0.979855
4.57841,5.22501,0.031077
5.51138,4.86723,0.249532
5.68469,5.86718,0.0532365
5.28983,4.89896,0.0828486
4.92585,5.85307,-0.0886929
4.74652,4.92272,-0.261028
4.71482,5.92108,-0.0544176
6.34441,3.54363,-1.29862
5.57629,3.75058,-0.68544
4.82821,4.35101,-0.440092
5.5153,4.83565,0.149538
5.59971,5.78576,0.552275
5.29124,6.73026,0.298544
5.65334,5.85456,-0.0985656
5.27734,4.9523,-0.357454
5.1954,4.771,0.656526
5.41898,5.234,-0.210883
5.94358,4.34042,-1.81463
5.32086,4.70316,-1.0801
5.77934,4.64305,-0.191049
6.27368,4.33576,0.613468
6.34733,5.19518,0.0810663
5.70251,5.92945,-0.224506
6.56079,5.41357,-0.184841
5.91604,5.35288,-1.00671
5.36026,5.4082,-0.102457
4.65734,5.60456,-0.756383
6.09067,5.28235,-1.47536
5.59127,5.54249,-0.568029
5.46186,5.40327,0.400766
6.36242,5.18629,0.101477
6.54573,4.97534,1.0916
5.89539,5.17106,0.370083
6.43488,4.41879,-0.0505387
6.87473,4.89868,-0.836006
6.28469,5.59029,-0.391031
5.56575,5.85014,-1.02445
5.78413,5.40859,-0.526179
5.27363,4.80078,0.0761254
4.45171,5.26944,0.344844
5.42628,4.83781,0.313913
5.97635,5.66689,0.657466
6.80553,5.4044,0.0787713
6.6948,5.04422,-0.836988
6.48364,4.41654,-1.62445
6.00309,5.28874,-1.29971
5.6954,5.93312,-2.03103
