-0.0844508,0.735698,-0.984521
0.00163579,1.16365,-0.0989105
-0.0389325,2.14825,-0.299548
-0.0648701,3.14391,-0.333262
-0.0491531,4.12793,-0.154387
-0.0292428,5.13926,0.060567
-0.11789,6.17792,-0.0301553
-0.0884945,7.18141,-0.280041
-0.113422,8.19831,-0.122089
-0.0766289,9.16613,-0.468004
-0.0554399,10.097,-0.0958159
-0.06133,11.1087,-0.000341807
-0.0675771,12.1383,-0.211661
-0.0926206,13.1801,-0.143678
-0.0252846,14.1238,-0.483111
-0.0657033,15.1185,-0.312543
-0.0886105,16.1823,-0.26256
-0.18215,17.2242,-0.351643
-0.0537431,18.1383,0.049971
0.127549,19.1191,0.118644
-0.0265786,19.9776,-0.371047
-0.0964507,20.9908,-0.326652
-0.141868,21.9943,-0.0583575
-0.0658437,23.0233,-0.0617664
-0.0766228,24.0005,0.0940916
-0.114792,25.0051,-0.00656758
-0.0462142,25.8961,0.431767
0.0225349,26.8592,0.0798486
-0.0651082,27.8375,0.246388
-0.0727012,28.8392,0.384729
0.803363,1.2291,-1.01002
0.969298,1.59289,-0.0873928
0.898175,2.57473,-0.0663442
0.902326,3.55624,-0.150276
0.8798,4.53483,0.118436
0.908209,5.54662,0.279791
0.819251,6.54893,0.0718589
0.903018,7.38954,-0.405072
0.916233,8.39913,-0.202881
0.893448,9.31897,-0.576861
0.917737,10.3242,-0.314777
1.00593,11.3574,-0.149873
0.916095,12.2396,-0.665429
0.916303,13.1815,-0.353212
0.968123,14.2111,-0.539247
0.941621,15.2631,-0.367391
0.918531,16.2637,-0.450475
0.838487,17.2897,-0.422581
0.961922,18.2801,-0.0515854
1.16418,19.2626,0.172259
0.9691,20.205,-0.20452
0.97546,21.19,-0.423136
0.897348,22.054,0.046382
0.90647,23.0483,0.111884
0.939384,24.0286,0.0195196
0.85594,24.9778,-0.308713
0.875747,25.9432,-0.0684286
1.06296,26.9583,-0.0505814
0.900696,27.9637,0.295508
0.895389,28.9339,0.408502
1.83977,1.34036,-0.891266
1.89589,1.88255,-0.0188238
1.86825,2.89208,-0.0228584
1.90281,3.90538,-0.171099
1.86713,4.8224,0.236619
1.93641,5.80035,0.234501
1.83851,6.70301,-0.314029
1.88121,7.73167,-0.393899
1.8878,8.76754,-0.157353
1.85912,9.62737,-0.651122
1.94334,10.5138,-0.251628
1.98943,11.4813,-0.452116
1.8581,12.3382,-0.915192
1.96649,13.1953,-0.377215
1.95514,14.1642,-0.895373
1.94229,15.1369,-0.466015
1.93411,16.1729,-0.510193
1.81369,17.1444,-0.240709
1.96349,18.1521,-0.192492
2.20796,19.1548,-0.0514115
1.95137,20.1412,-0.0374004
1.98016,21.1339,-0.206751
1.9217,22.1088,0.0316752
1.86148,23.05,0.320695
1.99429,23.9921,-0.0712699
1.88837,24.9321,-0.455571
1.89111,25.8192,-0.0176824
2.02311,26.8053,-0.148634
1.84794,27.8203,-0.133747
1.91725,28.813,0.146141
2.7694,1.83012,-0.975835
2.96163,2.07111,-0.000830103
2.87835,3.05942,-0.157653
2.92318,4.09794,-0.379659
2.9,5.03781,0.0950957
2.94976,6.04557,0.0691092
2.88343,7.01839,-0.337507
2.90142,8.00233,-0.187191
2.94395,9.01903,-0.0981719
2.88692,9.89369,-0.693146
2.91538,10.8572,-0.422724
2.98729,11.809,-0.707852
2.79531,12.5965,-1.36476
2.92908,13.3835,-0.759267
2.92435,14.3223,-1.20204
2.89238,15.241,-0.804398
2.92976,16.1819,-0.504654
2.90383,17.1798,-0.272698
2.97019,18.1803,-0.228532
3.24579,19.1999,-0.214374
2.94974,20.1159,0.0456221
2.91849,21.1137,0.228947
2.92401,22.1405,0.184451
2.83913,23.0384,0.677142
2.99851,23.7778,-0.0235206
2.99982,24.7573,-0.408118
2.8191,25.7804,-0.354122
2.98256,26.7189,0.0785516
2.85034,27.7093,0.0351512
2.95203,28.7277,0.247588
3.73485,1.9953,-0.919706
3.92046,2.39268,0.0169225
3.84867,3.25264,-0.477874
3.90899,4.23294,-0.0770074
3.90634,5.2068,0.105704
3.93799,6.16417,-0.127808
3.94786,7.14535,-0.291708
3.8743,8.17248,-0.34738
3.95794,9.15747,-0.473876
3.93603,10.1496,-0.594946
3.87169,11.1604,-0.650957
3.94696,12.1628,-0.553838
3.88569,12.7025,-1.48154
3.97949,13.4992,-0.837715
3.99221,14.4049,-1.21786
3.93648,15.2602,-0.774368
3.93366,16.2068,-0.38171
3.95745,17.2077,-0.427979
3.97693,18.2165,-0.275942
4.21231,19.2023,0.00666829
3.90755,20.0863,-0.406623
3.88603,20.9312,0.128321
3.89789,21.9218,0.309168
3.83304,22.957,0.431733
3.99765,23.9749,0.226554
3.99663,24.8067,-0.273486
3.8167,25.78,-0.156627
3.94871,26.7581,-0.26896
3.85465,27.7686,-0.094528
3.91059,28.7945,-0.197305
4.80885,2.10533,-0.776629
4.92288,2.64478,0.0381664
4.81091,3.53806,-0.437614
4.91892,4.5367,-0.230796
4.85506,5.53001,-0.0522233
4.9327,6.53546,-0.139961
4.88098,7.56507,-0.0779992
4.83282,8.5551,-0.305066
4.91883,9.50547,-0.678878
4.88683,10.4905,-0.913794
4.87009,11.4699,-0.619248
4.95765,12.4681,-0.623463
4.93038,13.028,-1.48609
4.93972,13.7975,-0.878759
4.91716,14.4495,-1.62162
4.9069,15.308,-0.992148
4.97388,16.2253,-0.591806
4.97353,17.2149,-0.806806
4.97926,18.0654,-0.371346
5.22902,19.001,-0.100101
4.89897,19.9911,-0.119242
4.92919,20.9922,0.129493
4.93306,22.0051,0.0528611
4.79734,22.9907,0.143025
5.00042,23.9706,-0.0488144
5.01198,24.9116,-0.447667
4.82721,25.7977,0.0111881
4.9736,26.796,-0.0389721
4.85534,27.7917,-0.0884243
4.87852,28.6546,-0.58171
5.83226,2.45412,-0.711072
5.89785,2.86153,0.23585
5.79244,3.85903,-0.168847
5.91723,4.88918,-0.125101
5.84405,5.9159,-0.110498
5.91182,6.85913,-0.493597
5.90928,7.82629,-0.180477
5.85335,8.86216,-0.350533
5.85927,9.82507,-0.639817
5.82651,10.8176,-0.696637
5.81366,11.842,-0.682397
5.93504,12.8129,-0.915345
5.92733,13.1476,-1.86595
5.95884,13.7924,-1.11701
5.94457,14.4782,-1.87072
5.9317,15.1779,-1.18665
5.98279,16.1528,-0.877627
5.99946,17.1822,-0.680197
6.01639,18.1247,-0.480065
6.34412,19.0415,-0.177505
5.90612,20.0094,-0.12851
5.98858,20.9986,0.0611682
5.96483,21.9914,-0.0927549
5.85831,23.0076,-0.058739
6.02418,24.0072,-0.12841
6.03014,24.9128,-0.624989
5.86626,25.7818,-0.0461348
5.99997,26.7737,-0.0341716
5.85177,27.759,-0.0146886
5.9054,28.491,-0.686862
6.78313,2.55149,-0.50159
6.90678,3.21244,0.197723
6.81163,4.17551,-0.0818567
6.86946,5.14897,0.0252693
6.81607,6.07703,-0.355074
6.85693,7.09309,-0.149074
6.94851,8.09287,-0.219654
6.86942,9.09367,-0.454323
6.8512,10.0889,-0.533805
6.84742,11.0933,-0.82653
6.87503,12.0984,-0.869164
6.86722,13.0324,-1.27977
6.86899,13.5173,-2.22946
6.8264,14.1714,-1.45562
6.84814,14.8379,-2.26811
6.95027,15.2794,-1.38231
7.00934,16.2511,-1.14287
7.0241,17.1297,-0.628574
7.08154,18.0951,-0.436329
7.26782,19.0775,-0.569292
6.95998,19.9808,-0.237373
6.95914,21.003,-0.35913
6.96499,21.9773,-0.136741
6.85642,22.9864,0.00984527
7.03677,24.0171,-0.0431562
7.06572,24.8661,-0.603757
6.91433,25.727,0.0195929
6.957,26.6656,-0.310718
6.86217,27.6547,-0.107874
6.87549,28.3846,-0.801895
7.78276,2.77604,-0.36071
7.85907,3.65862,0.14958
7.73106,4.61252,-0.241499
7.78849,5.57599,0.0363628
7.79973,6.51594,-0.313804
7.80701,7.52663,-0.369073
7.8111,8.56674,-0.389877
7.82811,9.56238,-0.570617
7.75274,10.4793,-0.920536
7.80656,11.4748,-0.631629
7.83821,12.4061,-0.971822
7.93043,13.2582,-1.49679
7.89941,13.6934,-2.44387
7.82969,14.3539,-1.71025
7.85896,14.8442,-2.56442
7.90631,15.3699,-1.73747
8.05631,16.1789,-1.15735
8.0403,17.1122,-0.742338
8.14926,18.0786,-0.536402
8.28858,19.0861,-0.696591
8.01563,20.0895,-0.333845
7.98581,21.0752,-0.204041
7.95879,22.1362,-0.169082
7.82512,23.1316,0.0372875
8.05536,24.0943,-0.166018
8.0884,24.872,-0.83816
7.94102,25.6893,-0.212818
7.96958,26.7021,-0.141853
7.89254,27.6371,0.0790948
7.89152,28.116,-0.80144
8.79569,3.01905,-0.275781
8.86728,3.96682,0.0976165
8.73381,4.73697,-0.508069
8.76699,5.74505,-0.298718
8.8454,6.72524,-0.386062
8.77739,7.74682,-0.510215
8.7891,8.77206,-0.654039
8.8027,9.80211,-0.718012
8.74175,10.745,-1.06015
8.81758,11.745,-0.799802
8.83436,12.6659,-1.13518
8.88284,13.6116,-1.54423
8.8762,13.8259,-2.51422
8.83264,14.4999,-1.7339
8.86728,14.9027,-2.67772
8.9696,15.3766,-1.75492
9.03839,16.3831,-1.39791
8.94122,17.3233,-1.16095
9.14616,18.1855,-0.635093
9.31965,19.201,-0.594485
9.03669,20.1297,-0.336567
9.01149,21.0866,0.0432966
8.97397,22.0524,-0.294711
8.89864,23.0633,-0.0705008
9.10508,24.0796,-0.168822
9.07981,24.8733,-0.783013
8.94004,25.6996,-0.257735
8.96394,26.6939,-0.342558
8.83711,27.6657,-0.213575
8.89467,28.251,-1.02835
9.81368,3.1239,-0.147142
9.86435,4.1109,0.0677389
9.70666,5.05773,-0.416041
9.82451,6.01756,-0.240437
9.81629,6.98524,-0.540809
9.77868,7.96669,-0.769012
9.74984,8.95151,-0.856655
9.84836,9.9632,-0.770327
9.72152,10.9669,-0.76838
9.78586,11.9585,-0.666952
9.87281,12.735,-1.30776
9.92593,13.6327,-1.82917
9.90197,13.9528,-2.78106
9.78283,14.4631,-1.93792
9.9381,15.0782,-2.71959
10.0018,15.3072,-1.75926
10.0615,16.2429,-1.52662
9.96947,17.1106,-0.984359
10.176,17.9692,-0.588144
10.2642,18.9519,-0.452205
10.0398,19.9716,-0.469127
9.98659,20.9277,-0.0685781
9.95556,21.9927,0.0677267
9.87909,23.005,-0.119047
10.163,23.9339,0.0790307
10.0423,24.7235,-0.495071
9.96949,25.6841,-0.352428
10.0099,26.7498,-0.364489
9.84619,27.7031,-0.195969
9.96709,28.3016,-1.00888
10.8649,3.01594,0.0146214
10.8726,4.03331,-0.0231086
10.7248,4.96822,-0.3241
10.8906,5.98291,-0.542708
10.8595,6.98778,-0.728642
10.8107,7.99354,-0.810407
10.7836,9.02305,-0.988455
10.8857,9.9972,-0.811704
10.7632,10.9638,-0.85761
10.7503,11.9828,-1.12576
10.8785,12.9637,-1.32124
10.9755,13.6319,-2.04837
10.8856,14.1991,-2.88426
10.7736,14.4672,-1.9153
10.9355,14.9622,-2.81459
11.004,15.3588,-1.89991
11.1073,16.3058,-1.58004
10.9586,17.1759,-1.06478
11.1848,18.0937,-0.69451
11.1264,19.0558,-1.01413
11.0575,19.8825,-0.455879
11.027,20.8353,-0.057268
10.9565,21.8711,0.102417
10.9461,22.8572,-0.197977
11.2275,23.8289,-0.0104465
11.0842,24.7312,-0.501047
11.0075,25.717,-0.282562
11.0458,26.7281,-0.59161
10.8255,27.6629,-0.3631
10.9948,28.4417,-0.959886
11.8915,3.25607,-0.0500381
11.8798,4.24418,-0.066155
11.7747,5.23264,-0.265923
11.9085,6.25354,-0.379986
11.8396,7.12009,-0.903452
11.8477,8.12504,-0.931376
11.8358,9.11327,-0.989163
11.9677,10.1016,-0.855119
11.804,11.1238,-0.929215
11.8594,12.1079,-1.11094
11.898,13.0582,-1.44452
11.9472,13.9517,-1.87883
11.8881,14.4562,-2.78107
11.8181,14.8378,-1.83424
11.9138,14.6815,-2.80499
11.9922,15.3685,-2.08886
12.0759,16.3646,-1.85691
11.9729,17.1791,-1.26916
12.15,18.1651,-1.06438
12.1254,19.2163,-0.927058
12.0865,19.9674,-0.223377
12.0623,20.9248,0.142949
12.0132,21.9088,0.0245338
11.9356,22.9294,0.0931852
12.2091,23.9131,0.155239
12.0868,24.6526,-0.497024
11.992,25.6929,-0.42805
12.0719,26.6499,-0.63625
11.7978,27.5561,-0.297525
12.0075,28.2999,-0.883511
12.9427,3.26288,-0.111222
12.8898,4.23895,0.00564592
12.8498,5.25923,-0.173977
12.9015,6.2359,-0.293509
12.7571,7.26514,-0.531742
12.9184,8.05623,-1.11451
12.892,9.08393,-0.901895
13.0007,10.0958,-0.902264
12.8729,11.0833,-1.03294
12.8557,12.0878,-1.19362
12.8772,12.9206,-1.68937
12.9666,13.9128,-2.02652
12.9665,14.5191,-2.83861
12.898,14.7101,-1.88971
12.9334,14.7141,-2.90615
13.0236,15.5754,-2.27347
13.0832,16.4925,-1.94672
12.9817,17.188,-1.24293
13.1141,18.1464,-1.24583
13.1251,19.0722,-0.781542
13.1041,19.9309,-0.221366
13.0769,20.7782,0.337101
12.9898,21.7818,0.360183
12.9121,22.7772,0.163213
13.2355,23.7477,0.0564501
13.0449,24.7034,-0.138649
12.9908,25.6277,-0.524351
13.0943,26.6708,-0.50708
12.8204,27.5863,-0.107569
13.0244,28.2861,-0.802173
14.0006,3.25634,-0.0759972
13.8768,4.24205,0.123951
13.9172,5.25823,-0.0432051
13.9225,6.23945,-0.177459
13.7331,7.18481,-0.48544
13.9706,8.01887,-1.05194
13.9364,9.02479,-0.983392
14.067,10.0748,-0.939
13.9051,11.0895,-0.955321
13.8827,12.0855,-1.15019
13.8971,13.0322,-1.47579
13.9519,13.9655,-1.82367
13.9641,14.3961,-2.71779
13.9567,14.708,-1.78678
13.9648,14.8669,-2.81057
14.0765,15.5627,-2.08826
14.1713,16.5785,-1.91472
13.9923,17.3205,-1.28252
14.0631,18.2478,-0.96263
14.0812,19.0959,-0.455516
14.0783,19.9528,0.0481246
14.0978,20.9399,0.229966
14,21.9261,0.159191
13.9219,22.9408,0.243474
14.2403,23.9332,0.0890652
13.985,24.8648,0.253945
14.0633,25.3878,-0.596561
14.0943,26.4418,-0.491159
13.7896,27.3689,-0.283764
13.9975,28.3316,-0.434233
15.0484,3.36999,0.0962767
14.9451,4.34286,0.337773
14.9277,5.33408,0.126084
14.9624,6.33937,-0.131779
14.7758,7.33262,-0.276272
14.9894,8.03139,-0.941438
14.9821,9.04719,-0.907285
15.0826,10.0605,-1.06735
14.9523,11.0893,-1.13201
14.9093,12.0944,-1.2486
14.9197,13.0616,-1.47758
15.0591,14.0357,-1.74597
14.9939,14.3558,-2.71826
15.0364,14.8458,-1.84146
14.9753,14.9238,-2.88761
15.0689,15.7185,-2.25991
15.1831,16.6632,-1.93819
14.9724,17.279,-1.1224
15.0157,18.1554,-0.720179
15.0577,19.1318,-0.410566
15.0877,19.9687,0.169808
15.146,20.9586,0.273519
15.017,21.9474,0.21276
14.9596,22.9796,0.389731
15.2463,23.9398,0.4009
15.0724,24.9359,0.13336
15.0513,25.415,-0.787954
15.1182,26.4108,-0.505768
14.8602,27.4377,-0.454988
14.9961,28.4219,-0.64217
16.0806,3.34528,-0.0994842
16.0274,4.30401,0.13632
16.0091,5.37213,0.127125
15.961,6.29986,-0.172826
15.7299,7.23457,-0.542775
15.9901,8.16455,-0.905988
16.0408,9.18785,-0.82407
16.0613,10.203,-0.77908
15.9794,11.1652,-0.915799
15.9538,12.1034,-1.28553
16.024,13.103,-1.45802
16.0413,14.1493,-1.62568
16.0026,14.2314,-2.6237
16.0792,14.9703,-1.94037
16.0448,14.9017,-2.91001
16.0609,15.5738,-2.17412
16.2056,16.5411,-1.74375
15.8997,17.4911,-1.42676
15.8694,18.4683,-1.09221
16.0956,19.0824,-0.296536
16.1304,19.9382,0.228175
16.1076,20.9619,0.466552
16.0264,21.9738,0.297699
15.9671,22.9584,0.161663
16.3226,23.9311,0.296179
16.1319,24.9295,0.19823
16.0475,25.4801,-0.619712
16.0631,26.5315,-0.673208
15.9074,27.4586,-0.315931
16.0612,28.4057,-0.59107
17.0783,3.27418,-0.154543
17.0163,4.20922,0.208844
17.0372,5.22166,0.166857
16.9885,6.17893,-0.165136
16.8315,7.1059,-0.645344
17.0057,8.08426,-0.681826
17.0663,9.11058,-0.625083
17.0864,10.1039,-0.875939
17.0177,11.1226,-0.9558
17.0129,12.1706,-1.12558
17.0744,13.1893,-1.26856
17.0821,14.2223,-1.58439
17.0487,14.3615,-2.62039
17.1576,15.125,-1.9866
17.0869,14.949,-3.05369
17.0568,15.6512,-2.32486
17.2471,16.6251,-1.97883
16.9368,17.3787,-1.3022
16.8406,18.2468,-0.753224
17.0768,19.2213,-0.596225
17.1397,20.0473,-0.0410138
17.1497,20.8598,0.510276
17.0351,21.8213,0.205051
16.9506,22.793,0.406223
17.2883,23.7476,0.347673
17.1326,24.783,0.493976
16.9448,25.4537,-0.203317
17.0028,26.4469,-0.325428
16.9714,27.4864,-0.141157
17.1097,28.3196,-0.68497
18.1614,3.22389,0.0351665
18.0554,4.2276,0.340797
18.1103,5.21438,0.155098
18.0458,6.15702,-0.278225
17.8505,7.12463,-0.378045
18.0099,8.1079,-0.469808
18.093,9.14458,-0.492813
18.1307,10.068,-0.851347
18.1077,11.0465,-0.893518
18.0103,12.0369,-1.08477
18.1065,13.0628,-1.18803
18.0852,13.9908,-1.49152
18.0952,14.3162,-2.50928
18.0776,14.8766,-1.67942
18.0852,14.7804,-2.73685
18.083,15.5483,-2.15101
18.2657,16.4727,-1.82428
17.9447,17.2363,-1.20675
17.8406,18.0898,-0.649165
18.075,19.1056,-0.476244
18.1702,20.029,-0.183728
18.176,20.8896,0.324641
18.0087,21.8756,0.0901212
17.9526,22.9179,0.41214
18.2669,23.9071,0.399844
18.1473,24.8613,0.657454
17.9639,25.7017,0.0230964
18.0163,26.6694,-0.0618183
17.9899,27.6367,0.115659
18.1268,28.4583,-0.43079
19.1571,3.13255,0.013535
19.0549,4.0261,0.549379
19.0798,4.96939,0.19187
19.0349,5.93027,-0.0995361
18.8161,6.94447,-0.101648
19.0649,7.85532,-0.397345
19.1024,8.89795,-0.385461
19.0915,9.92281,-0.521824
19.1215,10.8673,-0.921479
19.1231,11.9016,-1.13546
19.0969,12.9875,-1.24095
19.1016,13.9794,-1.36689
19.1077,14.0531,-2.39422
19.1334,14.8456,-1.69066
19.1205,14.8648,-2.72151
19.1083,15.687,-2.15843
19.2649,16.3913,-1.48091
18.9567,17.273,-1.07036
18.869,18.1487,-0.551088
19.0727,19.0366,-0.0760155
19.0248,19.9144,0.341032
19.0843,20.7889,-0.0871212
19.0346,21.7527,0.161534
18.9872,22.7733,0.312598
19.1945,23.7117,0.678777
19.1402,24.7459,0.438728
18.9444,25.5657,-0.165624
19.0427,26.5404,0.0602954
19.0115,27.5656,0.076278
19.0916,28.3041,-0.638615
20.1111,2.9121,-0.0281655
20.0124,3.7978,0.447237
20.1153,4.82341,0.354497
20.0597,5.7157,-0.0383709
19.821,6.67113,-0.136012
20.0524,7.642,-0.293353
20.1654,8.65065,-0.396915
20.077,9.66619,-0.552257
20.1139,10.6374,-0.751689
20.1216,11.6755,-0.839845
20.0734,12.6328,-1.06678
20.1523,13.6285,-1.19768
20.1645,14.0001,-2.16056
20.1272,14.694,-1.46552
20.0856,14.82,-2.42836
20.1055,15.7122,-2.02896
20.2291,16.4756,-1.37503
19.9306,17.2402,-0.734803
19.8682,18.2588,-0.781243
20.0857,19.1238,-0.238752
20.0481,19.8771,0.36155
20.0794,20.6698,-0.228471
20.0027,21.6581,-0.00694601
19.9975,22.6556,0.240062
20.1041,23.6672,0.236949
20.1592,24.67,0.147026
19.9237,25.5076,-0.360567
20.0038,26.4349,0.0974303
20.0185,27.4744,-0.00519425
20.0862,28.1528,-0.735594
21.117,2.72622,-0.143388
21.0713,3.53529,0.465725
21.1011,4.56701,0.333296
21.1229,5.55024,0.0706503
20.8893,6.55746,-0.164415
21.0912,7.53727,-0.227622
21.1723,8.51301,-0.26007
21.1008,9.46034,-0.637144
21.0777,10.4968,-0.630863
21.188,11.4851,-0.76812
21.0517,12.5045,-0.897681
21.1031,13.4715,-0.861953
21.1921,13.6389,-1.8818
21.1352,14.508,-1.26524
21.0571,14.8227,-2.23689
21.1292,15.7077,-1.78117
21.2262,16.719,-1.57203
20.9409,17.4127,-0.921802
20.8309,18.2005,-0.307108
21.1056,19.1477,-0.296683
21.0438,20.0608,0.130754
21.0404,20.9297,-0.367809
20.9679,21.8227,0.171581
20.9676,22.8018,0.41431
21.076,23.7639,0.525745
21.191,24.6875,0.15515
20.9377,25.6317,-0.20108
21.0224,26.6415,0.0555651
20.982,27.6233,0.1528
21.0411,27.8781,-0.830528
22.0799,2.48636,0.131181
22.0215,3.31797,0.619617
22.0512,4.16343,0.0734336
22.1017,5.22734,-0.0300211
21.8771,6.21524,-0.0716117
22.0833,7.18894,-0.248766
22.1683,8.20409,-0.331706
22.1423,9.16858,-0.518845
22.0731,10.1439,-0.591168
22.1907,11.1879,-0.615159
22.0494,12.1583,-0.899411
22.095,13.2232,-0.837706
22.1054,13.2139,-1.82314
22.0592,14.0148,-1.20816
21.9474,14.9017,-1.66491
22.1656,15.8305,-1.79872
22.2066,16.8196,-1.62488
21.9758,17.3846,-0.862584
21.8404,18.0665,-0.11095
22.0922,19.047,-0.299734
22.0412,20.0322,0.00476394
22.0521,21.0251,-0.187527
22.0248,21.9589,0.262392
21.994,22.9036,0.507791
22.0723,23.9303,0.391485
22.1321,24.8046,-0.0602069
21.9663,25.7624,-0.271746
22.0034,26.7551,-0.0727165
22.0423,27.7626,0.179134
22.0387,28.1866,-0.730079
23.0724,2.10779,0.235435
22.9901,3.0607,0.384146
23.0974,4.0112,0.162508
23.118,5.01156,0.0819819
22.9313,5.98726,0.083346
23.0801,6.90298,-0.28366
23.1507,7.87246,-0.501154
23.1886,8.85819,-0.379339
23.1186,9.87887,-0.494061
23.171,10.9204,-0.471026
23.0134,11.8807,-0.58634
22.9943,12.8546,-0.485943
23.02,12.8764,-1.48304
23.0039,13.7409,-0.988952
22.9211,14.7011,-1.34188
23.13,15.6716,-1.522
23.2228,16.6548,-1.49252
22.9227,17.126,-0.654234
22.8241,18.1361,-0.521537
23.1163,19.1002,-0.512412
23.0022,20.1131,-0.245637
23.0296,21.0931,-0.292734
23.0411,22.0606,0.0939543
23.034,23.0858,0.388086
23.0743,24.0892,0.395093
23.1179,25.0658,0.232337
23.0351,25.8777,-0.356987
22.9606,26.8542,0.112958
23.0487,27.8624,0.0096408
23.0729,28.4928,-0.780789
24.0097,1.71041,0.400522
23.9536,2.69036,0.244374
24.0524,3.68999,0.194879
24.1208,4.70165,0.251289
23.9628,5.69415,0.0860897
24.0762,6.59771,-0.35866
24.1541,7.61775,-0.53683
24.1523,8.59825,-0.615064
24.0528,9.52832,-0.197278
24.1525,10.5142,-0.378158
23.9838,11.523,-0.528483
23.966,12.5216,-0.298425
24.0225,12.7359,-1.2613
24.0166,13.657,-0.887701
23.8966,14.5988,-1.08
24.103,15.5648,-1.25646
24.1952,16.5714,-1.32226
23.9165,16.9578,-0.386624
23.8412,17.9308,-0.484988
24.1183,18.9338,-0.366262
24.0382,19.9222,-0.412867
24.0695,20.9574,-0.252693
24.0212,21.9965,0.0358226
24.019,23.0149,0.277114
24.0789,24.0528,0.0980529
24.0582,24.9835,0.452229
23.9924,25.7727,-0.148671
23.9999,26.7606,-0.0207984
24.0232,27.734,0.237925
24.1393,28.2787,-0.641426
24.9775,1.50283,0.676183
24.9994,2.45337,0.245491
25.0905,3.45378,0.25388
25.085,4.44703,0.118061
25.0561,5.42509,0.0949095
25.1119,6.35588,-0.258626
25.1613,7.35934,-0.462883
25.1658,8.35415,-0.451036
25.0616,9.31331,-0.0700766
25.191,10.2765,-0.281552
25.0439,11.2738,-0.497336
24.9544,12.2352,-0.0868587
25.0459,12.4512,-1.05836
24.9743,13.3831,-0.731483
24.9573,14.3473,-1.08805
25.0275,15.3105,-0.792563
25.0842,16.3272,-0.939097
24.9433,17.0752,-0.307575
24.8539,18.0478,-0.516199
25.0404,19.0114,-0.677429
25.0908,20.0145,-0.404999
25.0939,21.0237,-0.428047
25.0153,21.8131,0.160106
24.9775,22.8375,0.0306955
25.0851,23.8188,0.0817255
25.1234,24.797,0.280477
24.9946,25.7328,-0.114185
25.0256,26.6934,0.20517
25.0513,27.6594,0.274892
25.1913,28.2976,-0.519858
26.0517,1.47404,0.934559
25.9987,2.26887,0.29664
26.1018,3.22928,0.272588
26.1665,4.22217,0.130848
26.0895,5.20558,0.32841
26.0831,6.01469,-0.302594
26.1487,6.97366,-0.467046
26.1185,7.97231,-0.515491
25.992,8.92821,-0.152669
26.1483,9.89577,-0.121241
26.0215,10.8609,-0.537019
25.9148,11.7293,0.0224769
26.0799,12.3097,-0.826395
26.0271,13.3203,-0.514237
25.951,14.3168,-0.755513
26.0659,15.3409,-0.801138
26.0362,16.2938,-0.588021
25.9153,17.1574,-0.104492
25.8556,18.0895,-0.417585
26.083,19.0499,-0.484579
26.1495,20.0112,-0.263005
26.0037,20.9759,0.0424055
26.0661,21.9592,0.028428
25.9343,22.9568,0.116511
26.0608,23.9323,0.321824
26.1795,24.9671,0.342482
25.9831,25.6773,-0.358364
26.098,26.5499,0.162261
26.0707,27.647,0.0772942
26.2281,28.551,-0.3494
27.0769,1.28776,0.983386
26.9345,2.0001,0.209803
27.1144,2.9502,0.103412
27.0837,3.87349,0.46852
27.0958,4.86902,0.347566
27.0661,5.61516,-0.29295
27.1045,6.67586,-0.329246
27.1102,7.68766,-0.35981
26.925,8.60581,0.0684439
27.1587,9.55133,-0.151289
27.0252,10.556,-0.395297
26.9744,11.4943,-0.0218238
27.0982,12.2608,-0.621918
27.0338,13.262,-0.445817
26.968,14.2889,-0.443162
27.044,15.2787,-0.618375
26.9609,16.2092,-0.215305
26.9148,17.2107,-0.0270272
26.8912,18.1127,-0.390091
27.079,19.0959,-0.526298
27.1365,20.0939,-0.2129
26.9681,21.0646,-0.162532
27.0053,21.9191,0.349657
26.9359,22.9506,0.16115
27.0565,23.9436,0.368908
27.0716,24.8051,-0.166842
27.0063,25.8166,-0.352901
27.0801,26.8411,-0.0431928
27.038,27.8312,0.00923185
27.162,28.8781,-0.0404218
28.0086,0.856755,0.884527
27.9846,1.81023,0.368465
28.0896,2.71862,-0.136433
28.0959,3.61139,0.290326
28.1089,4.60657,0.380023
28.1058,5.50226,-0.132685
28.1262,6.53878,-0.162136
28.1286,7.47143,-0.474535
27.9614,8.35779,0.0180914
28.1411,9.28341,-0.198834
28.0181,10.2764,-0.489386
27.993,11.13,0.0835719
28.0681,12.0289,-0.424512
28.0406,13.0499,-0.333888
27.9052,14.0912,-0.199261
28.0098,15.086,-0.22002
27.9842,16.1005,-0.0972167
27.9926,17.1202,-0.00689718
27.9505,18.0936,-0.349776
28.0721,19.0932,-0.35479
28.1892,20.0666,-0.0629536
27.9591,21.0593,-0.227619
28.0018,22.032,0.0497757
28.0087,23.0224,0.248375
28.063,24.0404,0.183065
28.0936,24.9864,-0.175643
28.0483,25.9918,-0.395029
28.1279,26.9876,-0.0760094
28.0638,27.9493,0.208918
28.125,28.9539,0.35454
29.0352,0.88432,1.0796
28.999,1.65636,0.435649
29.1039,2.42857,-0.244096
29.0675,3.31287,0.22667
29.102,4.31612,0.403442
29.0832,5.20769,0.0302652
29.0901,6.17736,-0.176089
28.9967,7.17015,0.0123783
29.0438,8.19472,0.0670522
29.1744,9.18484,-0.063564
29.0498,10.0821,-0.469427
29.0404,10.9637,0.0549211
29.0839,11.968,-0.137761
29.0507,12.9687,-0.218662
28.9622,13.9971,-0.174282
29.0499,15.0093,-0.127427
28.9689,15.9916,-0.391379
29.0357,17.0037,-0.155626
28.9981,17.9956,-0.333381
29.0895,18.9765,-0.134474
29.219,20.0042,-0.161232
28.9353,20.9917,-0.111765
29.069,21.9745,-0.0208045
29.0624,23.0037,0.12385
29.0895,24.0251,0.060802
29.0798,25.0117,-0.136839
28.9834,25.986,0.0808985
29.1513,26.9913,-0.110434
29.0443,27.9885,-0.0621448
29.1321,28.9449,0.200943
