0.0881771,0.0411176,-0.391458
0.00528581,1.31757,-0.413532
-0.0397595,2.61467,-0.438417
0.0337657,3.87627,-0.369494
-0.0138554,5.12925,-0.32429
0.0258889,6.37082,-0.341206
0.11536,7.60804,-0.421912
0.0734001,8.83818,-0.458806
0.124635,10.0976,-0.632054
0.19049,11.293,-0.6652
0.251112,12.5056,-0.878848
0.242695,13.5617,-0.777087
0.377319,14.5254,-0.663088
0.206793,15.5613,-0.567992
0.0980895,16.5602,-0.649803
0.227717,17.5517,-0.696005
-0.0861324,18.2782,-0.103302
-0.025956,17.2437,-0.0288125
0.129588,18.0329,0.543333
-0.018305,19.0062,0.2206
0.842055,0.738768,-0.380218
0.848225,1.92447,-0.443428
0.838826,3.11512,-0.398859
0.895972,4.36736,-0.324177
0.895944,5.5719,-0.420624
0.96942,6.78633,-0.533958
1.01146,8.03543,-0.677706
0.970077,9.25953,-0.693994
1.10599,10.4605,-0.65894
1.25059,11.6906,-0.70856
1.44098,12.8683,-0.608625
1.38011,13.8686,-0.52103
1.23168,14.8391,-1.02036
1.30971,15.7351,-0.444118
0.975054,16.5982,-0.031135
1.37469,17.3204,-0.562832
0.923295,18.0445,-0.0802515
0.999649,17.0132,0.0812922
1.12872,18.0566,0.257695
1.06838,19.0588,0.243941
1.83438,0.957396,-0.349327
1.8436,2.19915,-0.399686
1.77958,3.40174,-0.511307
1.84065,4.69359,-0.466192
1.8246,5.91238,-0.581182
1.95859,7.1299,-0.677154
1.98296,8.37429,-0.745564
1.99616,9.597,-0.751991
2.12249,10.8923,-0.737147
2.23228,12.1701,-0.477264
2.45934,13.3227,0.164882
2.25368,14.64,-0.0123539
1.82425,15.6448,-0.79892
2.1802,16.3077,-0.0100375
1.66257,17.285,-0.392502
2.21196,16.9001,0.205905
1.9196,17.8828,-0.0737846
1.98569,16.8852,-0.202927
2.13834,17.8957,-0.0163701
2.03993,18.9237,0.0953185
2.79531,0.655226,-0.403766
2.7869,1.824,-0.467931
2.73732,3.02028,-0.405322
2.7979,4.22115,-0.577535
2.78843,5.43422,-0.548906
2.81486,6.6014,-0.553984
2.8075,7.82172,-0.63899
2.79048,8.9346,-0.681021
2.82687,10.136,-0.724335
2.81979,11.2676,-0.764071
2.7644,12.4498,-0.515763
2.67009,13.6091,-0.498453
2.47658,14.6303,-0.694855
2.73591,15.5837,-0.533146
2.33811,16.4832,-0.468276
3.15066,17.0421,-0.327613
2.90811,17.9198,0.112339
3.00735,16.9842,-0.190835
3.11605,18.0129,-0.143916
3.0497,19.0078,-0.0873959
3.79196,0.465712,-0.364324
3.75192,1.59857,-0.296786
3.69467,2.7212,-0.335163
3.68552,3.82512,-0.486282
3.69354,4.97008,-0.499884
3.6696,6.05588,-0.556703
3.64986,7.21638,-0.603186
3.57826,8.33055,-0.464315
3.62293,9.47384,-0.543187
3.54751,10.5821,-0.590481
3.45183,11.6824,-0.615326
3.37893,12.7552,-0.545399
3.32595,13.8471,-0.64637
3.34437,14.8316,-0.273153
3.26751,15.8687,-0.413007
3.7547,16.4562,0.203525
3.86178,17.4726,0.300891
3.96253,17.1096,-0.647349
4.06219,18.0835,-0.38598
4.03579,19.1238,-0.118857
4.83038,0.301633,-0.220942
4.76734,1.385,-0.321772
4.70106,2.52853,-0.277715
4.68583,3.65768,-0.412217
4.67993,4.75352,-0.46101
4.67345,5.86409,-0.44134
4.60284,6.95445,-0.348039
4.5942,8.03544,-0.386428
4.52677,9.07531,-0.312271
4.48836,10.1631,-0.315162
4.41105,11.2094,-0.413746
4.28881,12.2408,-0.632252
4.21359,13.3306,-0.493796
4.24966,14.3228,-0.333528
4.20711,15.3009,-0.304291
4.69366,16.1059,0.150691
4.82873,17.0904,0.243284
4.97346,17.1794,-0.713968
5.07425,18.084,-0.30853
5.03225,19.0703,-0.215488
5.86096,0.150682,-0.139433
5.7512,1.26021,-0.135951
5.71486,2.32502,-0.254698
5.69987,3.40957,-0.250707
5.74761,4.46629,-0.414087
5.65198,5.54701,-0.367888
5.57524,6.62018,-0.32345
5.56857,7.72407,-0.28959
5.57582,8.82323,-0.369805
5.45234,9.82059,-0.494775
5.37669,10.8108,-0.429283
5.25394,11.8833,-0.382
5.17014,12.9116,-0.430815
5.206,13.9299,-0.326456
5.1874,14.93,-0.114798
5.71043,15.7906,-0.0868801
5.77323,16.7061,0.291778
5.98891,17.2407,-0.550966
6.01778,18.277,-0.610428
5.96847,19.0171,0.0471358
6.86122,0.132411,-0.358852
6.79301,1.19602,-0.325602
6.74493,2.29477,-0.272622
6.68336,3.29961,-0.288934
6.73897,4.32211,-0.516028
6.67549,5.39413,-0.485455
6.62644,6.4195,-0.254582
6.51043,7.40147,-0.226975
6.5277,8.41496,-0.386764
6.40589,9.43385,-0.494461
6.32623,10.4632,-0.341548
6.22897,11.5183,-0.316138
6.23134,12.602,-0.360503
6.19803,13.5928,-0.393918
6.28519,14.6191,-0.244255
6.71857,15.5313,-0.033549
6.80121,16.5186,0.259224
6.9717,17.0548,-0.629835
7.07801,18.0335,-0.458223
6.98159,18.9527,-0.0343028
7.86481,0.0151219,-0.455547
7.80513,1.00377,-0.212922
7.8098,2.10796,-0.386743
7.71873,3.1369,-0.20651
7.76677,4.14315,-0.254106
7.6509,5.15527,-0.237886
7.60582,6.16654,-0.326743
7.52869,7.17124,-0.342363
7.58503,8.23244,-0.420521
7.40565,9.29159,-0.287753
7.38237,10.3223,-0.406235
7.25212,11.3338,-0.350526
7.22657,12.3455,-0.358397
7.22786,13.3526,-0.198822
7.27032,14.3277,-0.165978
7.70931,15.2677,0.112195
7.73347,16.2296,0.116007
7.91559,17.0956,-0.337892
8.03237,18.0478,-0.00223701
7.98495,19.0394,0.220447
8.84058,-0.0662618,-0.206458
8.84296,0.93914,-0.118516
8.77591,2.05082,-0.0711661
8.76081,3.04212,-0.0333872
8.75916,4.06739,-0.0711753
8.66615,5.07375,-0.181851
8.63207,6.13475,-0.151045
8.5478,7.12895,-0.376519
8.58153,8.15489,-0.403983
8.49067,9.14709,-0.401547
8.39277,10.2125,-0.428086
8.32736,11.2155,-0.313507
8.28025,12.1985,-0.166668
8.25104,13.2036,-0.297473
8.3047,14.1634,-0.163991
8.72173,15.0391,0.0461776
8.71374,16.0287,-0.172594
8.86969,17.0362,-0.0227851
9.04654,18.0587,-0.0303079
8.98117,19.0335,0.0577013
9.85335,-0.121714,-0.273434
9.83821,0.927979,-0.0630909
9.78211,1.98281,-0.0614582
9.79973,3.01339,-0.139427
9.781,4.05129,-0.288018
9.72726,5.07541,-0.362954
9.6352,6.11982,-0.331321
9.57529,7.16138,-0.520667
9.60215,8.21618,-0.654299
9.4939,9.12894,-0.19367
9.47025,10.1405,-0.430671
9.40262,11.1559,-0.385076
9.32295,12.1648,-0.448305
9.28124,13.1099,-0.154311
9.42031,14.1184,-0.255611
9.73671,15.0398,-0.123075
9.76399,15.9981,0.0237861
9.88404,17.0234,-0.0432173
10.1072,18.0047,-0.0481002
9.97501,19.0482,-0.130845
10.8499,-0.0374859,-0.161007
10.8456,0.940709,0.103928
10.8048,1.9838,-0.022306
10.7964,3.01984,0.070748
10.8067,3.99101,-0.213483
10.7394,4.98491,-0.455123
10.6908,6.0136,-0.358989
10.5652,7.02511,-0.445158
10.5909,8.0781,-0.370324
10.5551,9.07048,-0.407584
10.5039,10.0992,-0.438749
10.4045,11.0447,-0.35595
10.4197,12.0824,-0.392889
10.3894,13.0842,-0.149608
10.4595,14.1072,-0.0446394
10.7456,15.0946,-0.0244514
10.799,16.0701,0.102951
10.9036,17.0964,0.0698965
11.0824,18.0638,0.319813
10.9832,19.0731,0.364501
11.8398,0.0229591,-0.0563585
11.8701,1.03298,0.00103153
11.8611,2.06127,-0.126121
11.8607,3.05944,-0.204926
11.8289,4.0486,-0.331947
11.7946,5.03602,-0.361238
11.7671,6.01666,-0.429722
11.597,7.01825,-0.325968
11.5949,8.04251,-0.254601
11.5587,9.04788,-0.313279
11.5513,10.1041,-0.393954
11.4223,11.0896,-0.318989
11.4162,12.0638,-0.183538
11.5045,13.0926,-0.111579
11.497,14.1177,0.0238746
11.7586,15.1488,-0.0250099
11.7953,16.1313,0.0127384
11.9479,17.0828,0.338057
12.1468,18.0849,0.329749
11.9926,19.0587,0.166695
12.8523,0.0137333,-0.224622
12.8983,1.00964,-0.0615589
12.9028,1.99705,-0.175658
12.91,3.03087,-0.219019
12.8856,4.02322,-0.421351
12.8531,5.03369,-0.398901
12.8069,6.03592,-0.442653
12.6588,7.03949,-0.328574
12.6964,8.08166,-0.364339
12.6053,9.10224,-0.354479
12.6,10.0573,-0.337107
12.4877,11.0842,-0.277795
12.4697,12.107,-0.166362
12.5621,13.1302,-0.104837
12.6049,14.1306,0.110773
12.805,15.0802,-0.0360149
12.8174,16.0609,0.0992431
12.9455,17.086,0.148271
13.1238,18.0851,0.189026
13.0053,19.0774,0.101248
13.8563,-0.066274,-0.386175
13.9037,0.900235,0.101669
13.955,1.86908,-0.188641
13.938,2.89825,-0.243635
13.8664,3.90172,-0.280398
13.8832,4.86903,-0.50932
13.8187,5.91197,-0.390985
13.6682,6.96068,-0.441826
13.7218,7.97342,-0.554051
13.6413,8.99401,-0.378838
13.6404,10.0219,-0.233506
13.5487,11.0685,-0.260466
13.5678,12.094,-0.229408
13.6042,13.064,0.0767144
13.6593,14.114,0.000662252
13.8237,15.1547,-0.142759
13.7692,16.0034,0.400961
14.0145,16.9754,0.0859951
14.1369,17.9584,0.204019
14.0069,18.926,0.0927824
14.892,-0.0101993,-0.264132
14.8849,0.991321,-0.0435987
14.9328,1.99293,0.200012
14.895,2.92977,-0.122663
14.8777,3.97604,-0.10444
14.9231,4.95795,-0.352074
14.8489,5.96576,-0.640223
14.7356,6.96598,-0.600769
14.7694,7.96659,-0.563707
14.6777,8.95741,-0.432981
14.6836,10.0084,-0.154759
14.6763,11.0511,-0.242833
14.628,12.0788,-0.0322184
14.6197,13.0825,0.135456
14.6905,14.1045,0.0024781
14.8495,15.1594,-0.131974
14.7981,16.16,0.186493
15.0579,17.1277,0.033375
15.1691,18.0897,0.280581
15.0187,19.1482,0.266527
15.9033,-0.141911,-0.190613
15.9491,0.887173,-0.0428724
15.9084,1.97224,-0.106464
15.8915,2.97302,-0.333015
15.874,3.96977,-0.217176
15.9073,5.00647,-0.30788
15.8983,6.00313,-0.518418
15.7311,6.97775,-0.588916
15.784,7.9719,-0.510291
15.7167,8.98746,-0.590484
15.7687,9.98104,-0.164452
15.7493,10.9972,-0.149364
15.7345,11.9956,-0.0857418
15.6892,13.0317,-0.0685781
15.7826,14.0334,0.0536882
15.8304,15.0748,-0.0340434
15.8612,16.084,0.165404
16.0214,17.0528,0.267043
16.1605,18.035,0.128874
16.0429,19.0113,0.348695
16.9875,-0.025959,-0.143242
17.0247,0.987857,-0.110547
16.8926,2.00427,-0.205387
16.9105,3.06659,-0.379546
16.8698,4.07274,-0.253365
16.9475,5.09379,-0.15826
16.9636,6.05294,-0.44698
16.7122,7.00987,-0.506482
16.8291,8.04977,-0.55793
16.7638,9.0514,-0.530567
16.839,10.0695,-0.512384
16.8415,11.0383,-0.0955138
16.7613,12.0476,-0.194665
16.792,13.0358,-0.0171545
16.8374,14.0583,0.00454421
16.8905,15.0343,-0.100058
16.9581,16.0002,0.211063
17.0164,17.0847,0.204941
17.0688,18.0069,0.566207
17.0309,19.0604,0.582684
18.0805,-0.141493,-0.160329
17.9589,0.880157,0.0776482
17.9231,1.9177,-0.0750877
17.9029,3.01743,-0.0321848
17.873,4.02722,-0.073513
17.9522,5.05388,-0.0787805
17.9902,6.07233,-0.19505
17.7976,7.02477,-0.467077
17.9318,8.01924,-0.565554
17.8331,9.04559,-0.617045
17.8805,10.0444,-0.466802
17.8931,11.0435,-0.318509
17.8902,12.0584,-0.298859
17.8114,13.04,0.0784082
17.898,14.0337,0.182916
17.9006,15.0667,0.0530992
17.9979,16.0036,0.211469
17.9993,16.9557,-0.071453
18.1334,17.8251,0.371746
17.9988,18.867,0.244389
19.1361,0.0137272,-0.195477
18.9817,0.981777,0.102136
18.9496,2.00646,0.193945
18.9726,3.01281,0.0116794
18.9412,4.00253,-0.110477
18.9705,4.99092,-0.0222999
19.029,5.98271,-0.281011
18.859,6.9515,-0.498132
19.0246,7.95432,-0.523869
18.9513,8.97446,-0.478274
18.9581,10.0094,-0.343934
18.8821,10.9922,-0.219184
18.957,12.041,-0.218467
18.9034,12.982,0.111277
18.9307,14.0001,0.257677
18.9512,15.0083,0.0236183
19.0616,16.0086,0.107633
19.0115,17.0061,-0.0489364
19.124,17.9836,0.107636
18.9989,18.9871,0.090286
