-0.166155,0.999145,-0.888461
0.0146825,1.46034,-0.0208533
-0.00368358,2.45705,-0.223325
-0.0345408,3.44213,-0.0985809
-0.216626,4.42785,-0.246449
-0.113907,5.42508,-0.229139
-0.0988891,6.48253,-0.147432
-0.166436,7.47193,-0.22367
-0.0888546,8.47987,-0.307117
-0.225977,9.45537,-0.546782
-0.145311,10.4486,-0.628315
-0.0922269,11.4291,-0.533219
-0.251146,12.3908,-0.515418
-0.195428,13.3639,-0.629987
-0.182772,14.2828,-1.10032
-0.113681,15.2974,-0.85229
-0.175402,16.2636,-0.559404
-0.269015,17.2406,-0.116037
-0.122837,18.1776,0.193207
0.0690054,19.1054,-0.14565
0.0473128,20.116,-0.254131
-0.206644,21.0337,0.0102145
-0.147316,22.026,0.230113
-0.116776,23.0302,0.385205
-0.149596,23.8617,-0.242622
-0.185183,24.8821,0.108924
-0.0572619,25.8675,0.14153
0.0182836,26.6975,-0.42946
-0.0869961,27.66,-0.18197
-0.209909,28.648,-0.395865
0.844331,1.03463,-0.779205
0.991614,1.80436,-0.151878
0.985965,2.78704,0.00883511
0.93965,3.81111,-0.103253
0.736271,4.79009,0.15244
0.873534,5.76889,-0.130152
0.893106,6.7508,-0.21402
0.800665,7.71469,-0.286111
0.889966,8.71048,-0.412503
0.807978,9.60204,-0.846205
0.883837,10.6175,-0.713306
0.929084,11.6051,-0.73401
0.789767,12.6437,-0.839903
0.841328,13.5947,-0.599194
0.833729,14.3493,-1.30653
0.89917,15.2785,-0.870208
0.848622,16.1765,-0.379974
0.772411,17.1464,-0.1035
0.904794,18.1194,0.0819361
1.0294,18.9987,-0.379904
1.03227,20.0096,-0.206882
0.801871,20.959,0.0707327
0.798029,21.946,-0.0293893
0.889483,22.9699,0.141267
0.950627,23.8779,-0.219654
0.833125,24.7644,0.220264
0.945717,25.7567,0.274346
1.0351,26.4967,-0.378912
0.946098,27.498,-0.350462
0.821424,28.4703,-0.468752
1.79541,1.13354,-0.382397
1.95338,2.1199,-0.0830012
1.93987,3.12313,0.217493
1.92385,4.02331,-0.210422
1.68924,5.04332,-0.13289
1.83021,6.05311,-0.268334
1.8629,7.03877,-0.10509
1.81775,7.99724,-0.437687
1.818,9.01411,-0.404013
1.784,9.89306,-0.903519
1.86634,10.9154,-0.630976
1.89546,11.8708,-0.895593
1.70393,12.8356,-1.21825
1.85663,13.679,-0.708954
1.82012,14.3638,-1.49783
1.966,15.1505,-0.819141
1.87728,16.1212,-0.586026
1.76069,17.0888,-0.375533
1.92344,18.061,-0.0860927
2.06452,18.9923,-0.421055
2.09457,19.9142,-0.0462477
1.79513,20.8678,-0.104672
1.79818,21.8666,-0.131562
1.95228,22.8826,0.134758
1.97599,23.791,-0.281481
1.85995,24.6331,0.26527
1.97362,25.6725,0.154823
2.02945,26.6472,-0.2142
1.97663,27.6338,-0.401709
1.84518,28.5936,-0.380599
2.72738,1.35697,0.0469924
2.89192,2.33739,0.199231
2.96261,3.39668,0.0779839
2.97822,4.36229,-0.25389
2.66265,5.3541,-0.335609
2.77404,6.29208,-0.669039
2.89695,7.17697,-0.172152
2.84833,8.17703,-0.322251
2.80376,9.15839,-0.665606
2.81905,10.1541,-0.820203
2.89043,11.1252,-0.586679
2.89866,12.1043,-0.72093
2.75907,12.727,-1.48006
2.80943,13.6797,-1.09326
2.82699,14.5237,-1.61134
3.00254,15.0857,-0.798556
2.91465,16.0962,-0.543797
2.73276,17.0772,-0.712363
2.97714,17.9884,-0.254875
3.05552,18.9666,-0.402496
3.13823,19.9151,-0.142027
2.81614,20.8498,-0.393674
2.78837,21.698,0.167931
2.98947,22.6947,-0.0479232
3.01504,23.7307,-0.245979
2.84245,24.6246,0.202292
3.01086,25.658,0.101987
3.06297,26.6125,-0.183792
2.96682,27.4878,-0.717762
2.91596,28.4999,-0.379601
3.75,1.67727,-0.0896756
3.88927,2.64488,0.190609
3.93951,3.64682,0.081106
3.95437,4.64168,0.0818842
3.72409,5.55395,-0.34731
3.80227,6.52083,-0.637236
3.88693,7.42931,-0.264037
3.82058,8.41793,-0.499554
3.78576,9.46245,-0.558458
3.87096,10.3787,-0.997339
3.77861,11.384,-1.15567
3.88188,12.3538,-0.754949
3.78925,12.8493,-1.59903
3.86446,13.6729,-1.03556
3.90113,14.5577,-1.57262
4.04184,15.0826,-0.749843
3.89398,16.0484,-0.466854
3.76816,17.0417,-0.454329
3.97481,17.976,-0.159377
4.10437,18.93,-0.424448
4.17928,19.9301,-0.204041
3.80589,20.864,-0.476891
3.83939,21.7194,0.127036
3.95659,22.6601,-0.21139
4.02293,23.6729,-0.471429
3.83157,24.5395,0.0190283
4.0537,25.5452,0.0503525
4.05299,26.5056,-0.279489
3.97919,27.424,-0.633872
3.96536,28.3946,-0.333131
4.71833,1.87225,-0.101599
4.89127,2.84073,0.153859
4.97194,3.85525,0.281295
4.91292,4.82734,0.314454
4.76389,5.63688,-0.232035
4.85413,6.64816,-0.453389
4.93606,7.66596,-0.36588
4.84764,8.63723,-0.634037
4.70031,9.59026,-0.914743
4.90979,10.5224,-1.26096
4.81129,11.576,-1.26355
4.82512,12.5589,-1.07089
4.77536,13.2735,-1.77912
4.89307,13.7967,-0.913471
4.93641,14.3931,-1.75862
5.00518,15.072,-1.03616
4.93137,16.0658,-0.739683
4.78931,17.0652,-0.578436
4.97094,17.9894,-0.104712
5.15706,18.8567,-0.572701
5.16996,19.8552,-0.378973
4.78065,20.7665,-0.254003
4.92498,21.6711,0.147511
4.97609,22.597,-0.29505
5.01483,23.5607,-0.463564
4.88557,24.5393,-0.115833
5.04151,25.5292,-0.0797601
5.04447,26.531,-0.37506
5.04659,27.5429,-0.523917
4.98534,28.5028,-0.272332
5.69947,2.09599,0.0816156
5.84564,3.09299,0.296768
5.94582,4.04768,-0.0131779
5.89608,4.99113,0.261788
5.77704,5.89852,-0.166317
5.82059,6.89338,-0.377181
5.90816,7.90758,-0.371096
5.88786,8.8273,-0.728581
5.74852,9.76344,-1.02606
5.9193,10.7152,-1.20241
5.84096,11.6998,-1.33368
5.83695,12.6886,-1.12229
5.78542,13.14,-1.99732
5.8573,13.7501,-1.21423
5.92005,14.3707,-2.00795
5.92896,15.2995,-1.55377
5.91399,16.2522,-1.11945
5.79244,17.1746,-0.763195
5.9702,17.9411,-0.105661
6.16336,18.788,-0.653911
6.15725,19.7646,-0.55862
5.81272,20.6931,-0.342039
5.9747,21.5409,0.146641
5.99876,22.3841,-0.367638
5.99632,23.3833,-0.0556505
5.8345,24.3894,-0.0131169
6.03348,25.3846,-0.149318
6.03928,26.3865,-0.152129
6.09055,27.3456,-0.667714
5.96496,28.3334,-0.501819
6.70958,2.28557,-0.0384503
6.84615,3.23441,0.170766
6.98405,4.25732,-0.0701895
6.93514,5.1935,0.244053
6.75976,6.17671,-0.0570818
6.89207,7.11019,-0.387561
6.94293,8.11244,-0.330854
6.93236,8.98329,-0.867553
6.77982,10.0185,-1.04282
6.89888,11.0066,-1.32093
6.79424,12.0458,-1.33426
6.81632,13.0075,-1.18112
6.76485,13.452,-2.07649
6.87389,14.0321,-1.19198
6.93746,14.516,-2.08023
6.91099,15.3245,-1.4684
6.91305,16.3045,-1.26523
6.7899,17.1243,-0.669906
6.98568,17.9006,-0.0600452
6.99829,18.8739,-0.0947447
7.22104,19.7701,-0.464278
6.85178,20.6663,-0.648531
6.94462,21.4711,-0.0591876
7.02238,22.4537,-0.30723
7.00461,23.4559,-0.162658
6.74676,24.3856,-0.453844
7.08047,25.3608,-0.136802
7.07154,26.3729,-0.0169622
7.01809,27.3533,-0.23534
7.01021,28.3362,-0.550758
7.73352,2.72377,-0.045201
7.74592,3.54376,0.512925
8.0047,4.32177,-0.0669607
7.91762,5.34377,0.0363231
7.77874,6.39245,-0.157958
7.915,7.40549,-0.248762
7.89629,8.38628,-0.414032
7.87026,9.24511,-0.935322
7.81804,10.2672,-1.00114
7.88418,11.2179,-1.41279
7.80768,12.2035,-1.4031
7.82868,13.1687,-1.26633
7.84945,13.475,-2.27252
7.82529,14.0748,-1.49153
7.92249,14.658,-2.28195
7.90477,15.0892,-1.40339
7.91346,16.1283,-1.49552
7.78397,16.853,-0.745836
7.92919,17.6259,-0.139723
7.99728,18.6694,-0.103241
8.23171,19.6365,-0.32551
7.89262,20.5462,-0.300378
7.96664,21.4866,0.0610736
7.93137,22.486,0.200766
7.99732,23.4598,0.054207
7.72174,24.3747,-0.193484
8.06984,25.3467,-0.122193
8.11278,26.4178,-0.0773614
8.03594,27.4171,0.00801111
8.03979,28.3443,-0.429084
8.71414,2.77151,0.34745
8.75691,3.76898,0.416437
9.00273,4.4993,-0.214264
8.8947,5.51782,-0.202414
8.83922,6.52164,-0.218259
8.9543,7.51886,-0.342747
8.88475,8.50579,-0.522736
8.75856,9.47391,-0.643162
8.84927,10.4418,-0.854573
8.86213,11.3232,-1.25069
8.85367,12.37,-1.36605
8.91148,13.3911,-1.23412
8.87619,13.5464,-2.21331
8.90652,14.2339,-1.43582
8.90975,14.6323,-2.39213
8.95066,15.2312,-1.4948
8.93059,16.2247,-1.43872
8.80296,16.8248,-0.654152
8.91013,17.677,-0.168081
9.03629,18.7155,-0.0871029
9.15149,19.6964,0.0722678
8.98143,20.6083,-0.287057
9.00556,21.5023,0.107294
8.98139,22.5342,0.159279
9.02885,23.554,0.160411
8.73807,24.4632,-0.185669
9.05095,25.4233,-0.119016
9.10345,26.436,-0.180419
9.06189,27.4701,-0.129524
9.02044,28.4973,-0.243315
9.77325,2.71468,0.179852
9.77416,3.72804,0.270351
10.0417,4.5647,-0.36198
9.89062,5.60391,-0.160994
9.85669,6.63689,-0.13115
9.98452,7.61428,-0.197546
9.91234,8.5287,-0.713843
9.84257,9.55313,-0.713178
9.83771,10.5728,-0.91146
9.89925,11.5404,-1.3065
9.88139,12.4975,-1.10418
9.96823,13.4446,-1.32573
9.92356,13.6535,-2.29532
9.91912,14.3756,-1.47497
9.86182,15.0291,-2.21352
9.9481,15.2514,-1.22897
9.98057,16.2227,-1.49413
9.814,16.9343,-0.714628
9.93154,17.6328,0.0079989
10.0412,18.6341,-0.0507157
10.1757,19.6326,-0.147462
10.0102,20.621,-0.00390332
10.021,21.6042,0.198807
9.98128,22.563,-0.157949
10.035,23.5305,-0.0385449
9.76336,24.4617,-0.428526
10.0997,25.4147,-0.15374
10.12,26.425,-0.0357036
10.0558,27.4208,-0.00724815
10.0176,28.3606,-0.359761
10.7463,2.67431,0.523624
10.833,3.6604,0.334031
10.9676,4.61128,0.0286477
10.9032,5.64986,-0.00672018
10.9078,6.65258,-0.224586
11.0576,7.6317,-0.295047
10.9706,8.56242,-0.681884
10.9253,9.58473,-0.584606
10.858,10.6112,-0.772689
10.9394,11.5557,-1.2048
10.9442,12.5267,-1.01933
10.9307,13.3975,-1.55815
10.9049,13.8836,-2.48516
10.8876,14.2953,-1.55598
10.9309,14.9745,-2.366
10.961,15.1014,-1.39786
11.0185,16.131,-1.49499
10.7893,16.9667,-0.961507
10.9309,17.6769,-0.174276
11.1167,18.6535,-0.16389
11.1155,19.6807,-0.375243
10.8791,20.6139,-0.493823
10.9976,21.4272,0.114902
10.9588,22.4485,-0.0184362
10.9935,23.4214,-0.355132
10.7618,24.443,-0.284136
11.1518,25.3585,-0.283688
11.0895,26.312,0.148799
11.0399,27.3611,0.150145
11.0822,28.217,-0.479202
11.7225,2.80056,0.207865
11.8497,3.77638,0.0881771
12.0287,4.73388,-0.026896
11.9048,5.727,-0.0277017
12.0078,6.68694,-0.267861
12.0383,7.67551,-0.145546
12.0006,8.61177,-0.606232
11.9803,9.60287,-0.634675
11.9221,10.6071,-0.791928
11.9992,11.6306,-0.95428
12.0008,12.6209,-0.959014
11.9323,13.3177,-1.68431
11.8775,14.0479,-2.47207
11.9223,14.1613,-1.46512
11.9744,14.7385,-2.25361
11.9646,14.9943,-1.28308
12.0972,16.0211,-1.36529
11.8583,16.9787,-0.971056
11.9511,17.6916,-0.268722
12.1466,18.6684,-0.218937
12.0565,19.6693,-0.0130375
11.8403,20.6614,-0.191443
11.9903,21.6516,-0.127995
11.9949,22.5993,0.121345
11.9883,23.4922,-0.363713
11.7631,24.4409,-0.111832
12.1102,25.3855,0.108954
12.1,26.3836,0.126093
12.0147,27.4053,0.121741
12.0618,28.34,-0.180444
12.7417,2.78142,0.0565874
12.8723,3.81874,0.18515
13.0501,4.7411,-0.10589
12.9203,5.74214,-0.13473
13.0489,6.71663,-0.238691
13.0641,7.73837,-0.287298
13.0632,8.66518,-0.623978
13.0079,9.65892,-0.553932
12.9251,10.6571,-0.631217
13.018,11.5411,-1.12168
13.0246,12.5359,-1.22504
12.9323,13.4867,-1.44251
12.9151,13.9395,-2.34866
12.9494,14.3359,-1.40425
13.0728,14.8833,-2.21426
12.9722,15.1452,-1.25201
13.0811,16.1903,-1.41879
12.8843,17.115,-0.99414
12.8606,18.045,-0.616724
13.2212,18.7496,-0.00109256
13.0753,19.7501,-0.147246
12.874,20.7401,-0.0345378
13.0044,21.7261,-0.106851
13.0432,22.711,0.171133
13.0401,23.6535,-0.190069
12.7033,24.5298,0.219312
13.1398,25.4651,0.257424
13.1314,26.4826,0.196735
13.0191,27.4703,0.116968
13.0395,28.4449,-0.28077
13.7376,2.89014,0.11673
13.9818,3.83192,0.0689993
14.0529,4.81522,-0.0445173
13.9654,5.85974,-0.238743
14.0968,6.86133,-0.120344
14.105,7.83779,-0.221375
14.0519,8.77917,-0.567412
14.0518,9.78733,-0.306513
13.951,10.718,-0.662157
14.0433,11.7158,-0.880328
14.0821,12.5725,-1.3461
13.9717,13.5571,-1.46791
13.9031,13.975,-2.35514
14.0363,14.5063,-1.41129
14.1076,15.0107,-2.25035
13.9735,15.3581,-1.28584
14.1157,16.3364,-1.45769
13.8943,17.0715,-0.825935
13.8996,18.041,-0.665999
14.2319,18.7873,-0.0373272
14.0742,19.7678,-0.0554918
13.8817,20.7778,-0.233659
13.9472,21.7694,-0.411371
14.0526,22.6934,0.0335398
13.9687,23.6994,0.194366
13.6961,24.6642,0.260491
14.1288,25.559,0.130747
14.1202,26.4979,0.49628
14.0202,27.2848,-0.118857
14.1043,28.2808,-0.322636
14.7549,2.95994,-0.070687
15.0459,3.851,0.277526
15.0975,4.78515,-0.00451369
14.9636,5.76691,-0.110428
15.0811,6.75926,-0.358489
15.1636,7.77359,-0.222224
15.1008,8.78113,-0.44547
15.0691,9.77521,-0.562621
15.027,10.7709,-0.803763
15.0502,11.7974,-0.992618
15.0555,12.8066,-1.11799
14.9478,13.7236,-1.61276
14.9351,14.3415,-2.40903
15.0776,14.5166,-1.39716
15.1718,14.8567,-2.37049
15.0377,15.3764,-1.4426
15.0909,16.3849,-1.66166
14.8627,17.2759,-1.16677
14.9147,18.0947,-0.581921
15.2528,18.8186,0.0107578
15.125,19.7598,-0.253786
14.9325,20.7505,-0.30246
14.8967,21.7456,-0.0101321
15.0232,22.6969,0.213993
14.9712,23.6823,0.161031
14.6806,24.6341,0.0384472
15.0796,25.4398,0.453786
15.087,26.4072,0.132017
15.034,27.3244,-0.275372
15.0991,28.3445,-0.305423
15.8088,3.12694,-0.140986
16.0223,3.95773,0.441411
16.0518,4.96115,0.103571
15.9979,5.96162,0.12497
16.122,6.89785,-0.256899
16.1697,7.89003,-0.282415
16.1093,8.87494,-0.489627
16.0617,9.88294,-0.547667
16.0134,10.8374,-0.876788
16.0912,11.8243,-1.13936
16.0797,12.8168,-1.34729
15.9979,13.7707,-1.69652
16.0335,14.4347,-2.43746
16.076,14.659,-1.42868
16.1933,14.7777,-2.40083
15.9953,15.4632,-1.66152
16.0894,16.4623,-1.49365
15.9074,17.2687,-0.96209
15.8849,18.0852,-0.366356
16.2284,18.8559,0.224537
16.1663,19.8013,-0.164864
15.9411,20.8076,-0.242549
15.9337,21.8266,-0.0843379
16.0094,22.6813,0.462764
15.9724,23.5684,0.0122898
15.6737,24.5129,-0.103153
16.0916,25.4289,0.18609
16.113,26.4272,-0.0703665
16.0125,27.4226,-0.367113
16.1255,28.3628,-0.573446
16.8421,3.21274,0.129209
17.0905,4.17704,0.431465
17.1051,4.98387,-0.10333
17.0136,5.94286,-0.0386486
17.1671,6.97061,-0.222782
17.1204,7.88701,-0.682742
17.1692,8.88843,-0.492996
17.0507,9.85266,-0.742506
17.0611,10.8463,-0.948775
17.1331,11.7987,-1.2468
17.0927,12.8001,-1.26695
17.0475,13.8138,-1.47529
17.0394,14.1089,-2.47233
17.0881,14.6931,-1.6543
17.2239,14.847,-2.62394
17.0159,15.3176,-1.76327
17.0419,16.2299,-1.27796
16.9575,17.2259,-0.965523
16.889,18.0917,-0.336528
17.2335,18.8954,0.185495
17.2253,19.8074,-0.207535
16.9376,20.7783,-0.216822
16.9727,21.7734,0.0275643
17.1246,22.7704,0.235871
17.0059,23.7561,0.0157201
16.6716,24.6747,0.305951
17.0642,25.5603,0.132386
17.1281,26.4826,-0.228919
17.0465,27.4854,-0.277898
17.1567,28.4426,-0.622562
17.8463,3.07375,0.197238
18.0713,3.99837,0.428672
18.1193,4.90401,0.0409558
18.0095,5.92349,0.0446821
18.206,6.88138,-0.261614
18.1936,7.82983,-0.645442
18.2355,8.82375,-0.598965
18.0934,9.78287,-0.866756
18.0914,10.7515,-1.05136
18.2147,11.7615,-1.19228
18.0865,12.7747,-1.3338
18.095,13.8014,-1.48469
18.0654,13.7828,-2.53192
18.1179,14.5867,-1.93273
18.1571,15.1228,-2.77494
18.0233,15.3172,-1.75216
18.0534,16.2772,-1.35561
17.9554,17.2358,-1.01005
17.925,18.0861,-0.491815
18.2018,19.0151,-0.14087
18.305,20.0116,-0.245296
17.9357,20.9163,-0.209259
17.9635,21.8068,0.201025
18.1355,22.8102,0.335636
18.1022,23.7953,0.222465
17.6791,24.686,0.298053
18.0692,25.467,-0.195843
18.1892,26.5208,-0.10809
18.0456,27.3602,-0.626115
18.1781,28.351,-0.524418
18.8348,2.88256,0.515714
19.1391,3.83036,0.466381
19.1087,4.75838,-0.0253609
19.0526,5.78502,0.0431623
19.2759,6.74229,-0.236048
19.2235,7.74515,-0.501779
19.2848,8.76747,-0.551622
19.1361,9.76513,-0.884021
19.0394,10.803,-0.763414
19.2733,11.8195,-1.01131
19.1728,12.7748,-1.406
19.0757,13.7763,-1.5853
19.0853,13.8376,-2.6121
19.153,14.6143,-1.9569
19.1574,15.0987,-2.84395
19.032,15.4622,-1.92307
19.031,16.3939,-1.52117
18.9688,17.3823,-1.27329
18.9278,18.206,-0.697778
19.0411,19.1789,-0.666768
19.2909,20.1194,-0.52794
19.0049,21.0246,-0.124131
18.9764,21.8777,0.379934
19.1194,22.8775,0.450786
19.1596,23.8309,0.148106
18.6595,24.7038,0.122623
19.0834,25.6078,-0.00111393
19.2331,26.6115,0.0471969
19.0457,27.5037,-0.459728
19.0935,28.4133,-0.114072
19.8109,2.75774,0.395767
20.1503,3.68544,0.426347
20.1638,4.56484,-0.0598956
20.0659,5.56713,0.153365
20.3103,6.46929,-0.332945
20.1417,7.47074,-0.223957
20.23,8.44823,-0.606369
20.0906,9.42577,-0.813962
19.9674,10.4441,-0.828187
20.1797,11.3961,-0.965947
20.142,12.4426,-1.08993
20.0024,13.343,-1.55021
20.1046,13.702,-2.47959
20.1776,14.4963,-1.88376
20.1966,14.9325,-2.80258
20.0572,15.3728,-1.88484
20.0311,16.323,-1.43065
20.0073,17.3196,-1.28803
19.9655,18.2584,-0.86794
20.0553,19.2633,-0.881579
20.2324,20.236,-0.914652
20.0483,20.9519,-0.180816
19.9811,21.8782,0.29035
20.0588,22.8771,0.0614551
20.1772,23.8182,0.261766
19.7012,24.6702,0.0120853
20.0658,25.5906,0.160363
20.2262,26.5538,-0.0359294
20.0655,27.4984,-0.408856
20.0994,28.4935,-0.185778
20.8043,2.62235,0.390466
21.0722,3.53564,0.0843684
21.2549,4.51971,-0.118656
21.0054,5.46222,-0.237168
21.3498,6.38803,-0.474837
21.1376,7.27925,-0.0350444
21.1983,8.20281,-0.39668
21.081,9.19227,-0.642625
21.0257,10.2139,-0.712989
21.1462,11.2096,-0.845833
21.1206,12.1842,-1.04091
20.9544,13.1126,-1.31884
21.1569,13.5834,-2.21318
21.192,14.4352,-1.70624
21.188,14.7787,-2.65173
21.0794,15.3611,-1.84774
20.9813,16.1286,-1.18658
20.9988,17.181,-1.23893
21.042,18.1958,-0.987869
21.0889,19.1988,-1.10507
21.1752,20.0545,-0.542616
21.0596,20.916,-0.0529923
20.9627,21.8639,0.205841
21.0929,22.8606,0.139021
21.1305,23.8526,-0.0231574
20.7254,24.7209,0.293161
21.0467,25.5713,-0.0800012
21.2654,26.5553,0.0998566
21.0776,27.4758,-0.189135
21.1355,28.4909,-0.149593
21.8112,2.51237,0.601096
22.0697,3.2107,-0.0518967
22.1599,4.17819,-0.326441
21.996,5.20802,-0.0984008
22.3596,6.05445,-0.47546
22.1914,7.03633,-0.160173
22.1828,7.9887,-0.503818
22.0777,8.93741,-0.355669
22.06,9.96063,-0.499649
22.1571,10.8504,-0.99881
22.1246,11.8594,-0.939222
21.9325,12.7928,-1.22806
22.1412,13.4452,-2.00558
22.1907,14.4066,-1.66197
22.1938,14.865,-2.58207
22.0628,15.4566,-1.75223
22.0253,16.268,-1.19384
22.0147,17.3052,-1.39015
22.1001,18.2186,-0.988299
22.128,19.2841,-1.06786
22.2021,20.2321,-0.752345
22.0405,20.7515,0.0564257
21.9595,21.7477,0.261428
22.142,22.771,0.218183
22.1485,23.7365,-0.138951
21.7976,24.6449,0.137553
21.9802,25.6188,0.252602
22.2432,26.5876,-0.0489975
22.1116,27.5912,-0.143455
22.1245,28.5524,0.192541
22.817,2.17714,0.455187
23.071,3.01916,-0.0433638
23.1735,3.97706,-0.411182
23.0212,4.9325,-0.137065
23.3662,5.8426,-0.418171
23.2349,6.8111,-0.0899197
23.1309,7.8243,-0.0684591
23.1013,8.75989,-0.468032
23.0652,9.7358,-0.576592
23.1819,10.6021,-1.08835
23.097,11.6237,-0.942882
22.9425,12.5385,-1.19486
23.1869,13.4206,-1.75622
23.1249,14.3069,-1.28743
23.1394,14.5874,-2.28727
23.1603,15.4194,-1.72555
23.0433,16.3983,-1.36949
23.0784,17.3796,-1.3759
23.1077,18.3194,-0.971145
23.116,19.3127,-0.974899
23.2284,20.3024,-0.666485
23.0432,20.8543,0.174114
23.0022,21.8883,0.0494339
23.1893,22.9058,0.0480422
23.1383,23.8348,-0.322321
22.8341,24.6282,0.235063
22.969,25.6528,0.227528
23.2364,26.6383,0.306674
23.1095,27.4672,-0.242695
23.1342,28.4506,-0.0583697
23.8759,1.99332,0.591409
24.0137,2.97417,0.335212
24.1853,3.62176,-0.416904
23.9967,4.55019,0.000860622
24.2466,5.54705,0.0459761
24.2465,6.54118,-0.204663
24.1529,7.53976,0.0269936
24.1081,8.46421,-0.479824
24.0945,9.44732,-0.68905
24.1571,10.3592,-1.16153
24.1493,11.343,-0.885281
23.924,12.3133,-1.0824
24.1891,13.1701,-1.58354
24.0654,13.9462,-1.01528
24.1446,14.4582,-1.96806
24.1946,15.4571,-1.65974
24.0624,16.386,-1.2976
24.056,17.375,-1.02055
24.1104,18.4091,-1.15397
24.1539,19.3132,-0.754332
24.3116,20.3024,-0.663472
24.0501,20.8754,0.138719
24.0408,21.8478,0.146031
24.2043,22.8266,0.136396
24.136,23.7479,-0.17926
23.8485,24.6383,0.147087
23.9926,25.5917,0.384811
24.2156,26.5226,0.116111
24.1591,27.4632,-0.303992
24.1327,28.468,-0.185775
24.8974,1.82134,0.665917
25.0042,2.74051,0.293731
25.2092,3.38554,-0.480132
25.0239,4.28937,-0.0754021
25.273,5.26545,0.155296
25.1822,6.30425,0.155394
25.1677,7.28687,-0.0833277
25.1164,8.275,-0.281124
25.0717,9.2246,-0.576925
25.1518,10.1973,-0.895199
25.1657,11.1588,-0.713663
24.924,12.0741,-1.11169
25.2105,13.0703,-1.3734
25.1502,13.9564,-0.931507
25.2056,14.4233,-1.78584
25.2043,15.4502,-1.44617
25.086,16.4649,-1.21467
25.0269,17.3584,-0.78247
25.0462,18.3364,-0.787701
25.1487,19.3011,-0.957683
25.3157,20.1945,-0.495746
24.9982,21.0697,-0.159001
25.0267,22.0195,0.236024
25.1516,23.0546,0.313779
25.1627,23.8818,-0.29697
24.9154,24.6907,0.233702
25.0535,25.6753,0.271606
25.2095,26.4964,-0.251869
25.2075,27.4866,-0.133793
25.1954,28.5709,-0.0884518
25.936,1.85194,0.913492
26.013,2.52256,0.127091
26.2132,3.24739,-0.537974
26.0175,4.05262,0.0323771
26.2404,5.01641,-0.0503922
26.1927,6.0023,0.119532
26.1291,7.04315,0.183294
26.1217,7.91614,-0.35143
26.0287,8.90778,-0.521339
26.1006,9.88815,-0.560555
26.1129,10.9045,-0.455934
25.9256,11.8151,-0.881384
26.1689,12.755,-1.22326
26.1768,13.7706,-1.08215
26.2117,14.649,-1.56338
26.1283,15.4893,-1.06954
25.9894,16.3778,-0.727226
26.0506,17.3615,-0.766555
26.0358,18.4071,-0.753755
26.1297,19.3933,-0.87781
26.2839,20.2744,-0.325446
25.9847,21.2216,-0.0795618
26.0117,22.2068,0.107526
26.1581,23.1589,0.304627
26.1653,23.786,-0.467815
25.952,24.5417,0.157054
26.0744,25.5851,0.138319
26.2408,26.5075,-0.236702
26.2234,27.5143,-0.201407
26.2187,28.5099,-0.13946
26.9638,1.7497,1.00233
27.0307,2.44042,0.281301
27.1834,3.04598,-0.514405
27.0783,4.01453,-0.1429
27.1615,4.90063,0.320994
27.2492,5.9137,0.205744
27.1547,6.91396,0.107144
27.1479,7.7031,-0.580654
27.0298,8.67369,-0.576177
27.1181,9.65455,-0.640269
27.1915,10.6426,-0.472359
26.8857,11.5661,-0.700687
27.1698,12.4807,-1.05008
27.1044,13.4457,-0.762133
27.0567,14.393,-1.04088
27.1163,15.4192,-0.937599
27.0699,16.4215,-0.572768
27.0733,17.3921,-0.659148
27.0842,18.3791,-0.675808
27.1616,19.3761,-0.758202
27.2959,20.1525,-0.193124
26.9985,21.1323,0.11536
27.0384,22.2039,-0.00541704
27.1591,23.1798,-0.00931425
27.1562,24.0437,-0.568896
27.0433,24.6606,0.201166
27.0507,25.6415,-0.00661031
27.2076,26.6266,-0.0609912
27.1283,27.5713,0.180111
27.2521,28.5689,0.106534
28.0133,1.54346,1.11691
27.9442,1.9403,0.209702
28.157,2.69619,-0.426661
28.0851,3.69884,-0.336094
28.1212,4.51287,0.289871
28.1686,5.51748,0.44409
28.1423,6.48744,0.198807
28.0548,7.39085,-0.180581
28.0512,8.40558,-0.464061
28.1637,9.43643,-0.49765
28.1684,10.4081,-0.562365
27.9438,11.3799,-0.696109
28.125,12.3077,-0.902271
28.1078,13.3234,-0.788577
28.0593,14.347,-0.866036
28.1585,15.4008,-1.00884
28.0433,16.3875,-0.75425
28.0789,17.3227,-0.428202
28.0864,18.3112,-0.55298
28.1908,19.2934,-0.621207
28.33,20.2089,-0.199771
27.9708,20.9576,0.355965
28.0651,21.9529,0.036906
28.1272,22.9521,-0.218973
28.1622,23.9512,-0.34293
28.0572,24.8015,0.16603
28.0494,25.719,-0.266964
28.2343,26.6836,0.062154
28.1077,27.6844,-0.0629078
28.2724,28.6844,0.0643788
29.0532,1.49456,1.22402
28.9253,1.89732,0.262911
29.1774,2.54135,-0.471239
29.1286,3.5587,-0.250237
29.1473,4.33163,0.383886
29.1532,5.30877,0.22367
29.152,6.3359,0.265273
29.0524,7.27035,-0.0697897
29.0973,8.23593,-0.428666
29.1799,9.22947,-0.338838
29.1245,10.2002,-0.20285
28.9605,11.1884,-0.474548
29.1592,12.1744,-0.646089
29.142,13.1727,-0.652684
29.0361,14.1784,-0.720664
29.1272,15.1725,-0.603949
29.0191,16.141,-0.564589
29.0858,17.1129,-0.334352
29.1212,18.0686,-0.587573
29.1664,19.0598,-0.485684
29.3847,20.0594,-0.314338
29.0313,20.8265,0.298532
29.0948,21.7721,0.000299081
29.1557,22.8164,-0.144011
29.1451,23.826,-0.204297
29.0639,24.8029,-0.0640126
29.0528,25.8417,-0.117313
29.2135,26.811,-0.189261
29.1111,27.8033,-0.0755577
29.2893,28.6402,0.455281
