-0.0660787,0.67571,-0.94973
0.0043611,1.11663,0.0424909
-0.0337382,2.05544,-0.30141
-0.0385876,3.02413,-0.106986
-0.0321085,4.07942,-0.109375
-0.0255013,5.09344,-0.147984
-0.0890622,6.11192,0.045146
-0.0814997,7.14537,-0.0973083
-0.0820612,8.17281,-0.00989715
-0.0499252,9.16167,-0.302271
-0.0288369,10.1303,-0.0931028
-0.0390179,11.1176,-0.0760735
-0.0470595,12.1232,-0.0786889
-0.0328318,13.1487,-0.172015
-0.0292947,14.0769,-0.539534
-0.0614185,15.0887,-0.467418
-0.0646504,16.0818,-0.403088
-0.0687551,17.0168,-0.118738
-0.0176275,18.0344,-0.0393628
0.151277,18.9874,0.103534
-0.016422,19.9593,-0.333509
-0.068218,20.9247,-0.0689261
-0.110501,21.9529,-0.115824
-0.0553148,22.9738,0.174392
-0.0494461,23.9765,0.053151
-0.0168218,24.96,-0.0618
-0.0444105,25.9061,0.287503
0.038731,26.8746,0.0800226
-0.0525254,27.8998,0.109601
-0.048793,28.9029,0.245204
0.867553,1.07984,-1.15181
0.886941,1.48168,-0.236323
0.911945,2.51705,-0.307874
0.86176,3.44164,-0.066863
0.951396,4.40104,0.115659
0.976211,5.39256,0.040379
0.829756,6.40479,0.0606525
0.926145,7.38012,-0.192077
0.826023,8.38674,-0.356642
0.942238,9.3297,-0.127265
1.03445,10.3157,-0.210071
0.977093,11.3088,-0.252089
0.946141,12.2891,-0.313163
1.06136,13.3283,-0.146156
0.989236,14.2172,-0.72248
0.908557,15.2304,-0.68554
0.932951,16.2037,-0.47991
0.919053,17.1187,-0.100949
1.02391,18.1232,-0.268081
1.12468,19.1168,-0.24351
0.890002,20.0215,0.135713
0.888324,20.9326,-0.357369
0.917512,21.8607,0.0245888
0.932402,22.8592,-0.0951445
0.988034,23.83,0.0458357
0.963271,24.8245,0.0252113
0.969469,25.7998,0.284164
1.05192,26.8365,0.26144
0.956746,27.8185,0.311805
0.925361,28.721,-0.0869625
1.77181,1.40796,-0.96813
1.88037,1.75563,-0.083993
1.96259,2.71304,-0.329829
1.9351,3.68971,-0.20611
1.89192,4.724,-0.167623
1.95804,5.72069,-0.0383496
1.77943,6.69991,0.20716
1.98172,7.61353,-0.126807
1.89833,8.61676,-0.477593
1.91252,9.57186,-0.260671
1.97259,10.596,-0.266909
1.93952,11.5855,-0.336421
1.88964,12.4497,-0.82515
1.98108,13.4392,-0.550142
2.01772,14.3796,-0.975979
1.89153,15.3363,-0.688961
1.96155,16.334,-0.403748
1.80652,17.3386,-0.566683
2.07056,18.0859,0.0871181
2.12777,19.0571,-0.0773431
1.90232,20.0376,-0.0982421
1.87342,21.0458,0.0458937
1.85444,22.0571,-0.263619
1.92688,22.9608,0.113791
2.02121,23.9311,0.142097
1.89848,24.8991,0.381475
1.95597,25.8817,-0.000128178
2.0923,26.7626,0.34275
1.91792,27.699,-0.0337443
1.93393,28.6947,0.0631977
2.8231,1.28011,-1.04407
2.89971,2.00383,-0.309595
2.95171,2.9418,-0.0362651
2.95428,3.96524,-0.0651753
2.86156,5.01042,-0.259285
3.00221,5.94223,0.0395611
2.80774,6.92112,0.101416
2.91904,7.85636,-0.213883
2.9863,8.83142,-0.541685
2.8892,9.8415,-0.483309
2.95538,10.8092,-0.258098
2.96592,11.7751,-0.540764
2.86518,12.7092,-0.920264
2.98099,13.6958,-0.682281
2.9982,14.5803,-1.16801
2.91463,15.3651,-0.548183
2.99889,16.3533,-0.573104
2.77491,17.3439,-0.756297
3.06133,18.0663,-0.155794
3.14554,19.0255,0.194418
2.91821,19.9995,-0.0231452
2.85726,21.0619,-0.145308
2.88067,22.0485,-0.229106
2.94682,22.8757,0.348018
3.06715,23.8509,0.11128
2.95082,24.8266,0.364412
2.91675,25.9015,0.333613
3.16579,26.8833,0.367742
2.91399,27.7212,-0.137184
2.95651,28.7975,0.000427259
3.88853,1.45771,-0.986142
3.92124,2.20619,-0.235084
3.97461,3.17942,0.0110141
4.01482,4.21308,-0.0891232
3.96424,5.22845,-0.170791
4.02547,6.17511,0.173986
3.88034,7.14967,-0.0269906
3.92098,8.16793,-0.10007
3.99631,9.07917,-0.577096
3.91993,10.059,-0.516511
3.97586,11.0539,-0.3858
3.98594,12.0343,-0.576766
3.87663,12.8869,-1.07276
4.0509,13.7488,-0.575915
4.03461,14.4914,-1.23066
3.92377,15.2922,-0.652715
3.95448,16.2666,-0.877123
3.79431,17.2812,-0.850163
4.01719,18.198,-0.424274
4.1105,19.1107,-0.0152745
3.97559,20.0923,-0.0235542
3.9105,21.0258,-0.312491
3.87094,22.0407,-0.309256
3.99931,22.8668,0.205835
4.07029,23.8715,0.310791
3.96765,24.8385,0.49306
3.9068,25.8081,0.151048
4.12815,26.7707,0.104294
3.936,27.8043,-0.0313334
4.03319,28.7798,0.205445
4.95074,1.66379,-1.02012
4.85548,2.57841,-0.490152
5.00197,3.53523,-0.226109
4.98219,4.46083,0.131129
4.92317,5.4779,-0.210169
5.03461,6.41825,0.257457
4.91477,7.32293,-0.0687643
4.97434,8.3217,-0.189267
4.99086,9.26557,-0.497037
4.97185,10.2387,-0.238185
4.98504,11.2297,-0.568667
4.99915,12.2111,-0.692349
4.88865,13.033,-1.23147
5.06289,13.9208,-0.809616
5.08585,14.5783,-1.54664
4.82106,15.3883,-1.04805
4.94195,16.3465,-0.781155
4.77124,17.3198,-0.688705
5.01666,18.1879,-0.352409
5.0963,19.2223,-0.178076
4.90486,20.1979,-0.356709
4.89832,21.1594,-0.511545
4.92842,22.1303,-0.296432
5.01046,22.8932,0.374438
5.08624,23.8684,0.1532
5.07292,24.7914,0.56567
4.91336,25.6927,0.167815
5.15843,26.6896,0.140507
4.92255,27.6541,-0.119324
5.09352,28.6416,0.0641469
5.84311,2.12409,-1.09755
5.85123,2.80244,-0.344035
5.97894,3.87203,-0.280035
5.95193,4.8528,0.0584429
5.91794,5.89084,-0.185733
6.07193,6.75287,0.217933
5.92224,7.71235,-0.0488571
5.86505,8.69451,-0.28432
5.95116,9.55578,-0.783535
5.94215,10.5516,-0.571386
5.95815,11.5467,-0.487002
5.97007,12.5396,-0.821195
5.88261,13.3783,-1.35619
5.97727,14.3004,-0.853652
6.04681,14.7964,-1.71438
5.79407,15.6519,-1.21619
5.97927,16.4016,-0.576562
5.82953,17.3439,-0.879516
6.06228,18.246,-0.512195
6.11557,19.2673,-0.224689
5.9009,20.1445,-0.561602
5.89731,21.1585,-0.591998
5.93498,22.0107,-0.107236
6.09295,22.975,0.358089
6.05621,23.9884,0.364669
6.11742,24.8908,0.726148
5.86223,25.8439,0.502634
6.21764,26.616,-0.15923
5.86154,27.5046,0.230769
6.13049,28.423,-0.0519364
6.81704,2.21074,-0.982354
6.89022,3.04026,-0.361904
7.00011,4.00923,-0.235292
6.92995,5.04164,-0.186737
6.92702,6.01654,-0.101938
7.07213,6.94953,0.289962
6.93747,7.85088,-0.152919
6.88746,8.86659,-0.274358
6.96184,9.81901,-0.637989
6.95763,10.8149,-0.659197
6.88381,11.8652,-0.654015
6.96276,12.9241,-0.850639
6.86463,13.5653,-1.65981
6.90135,14.4728,-1.23596
6.97103,14.8786,-2.14364
6.78041,15.5129,-1.39465
6.97177,16.3359,-0.798972
6.85789,17.3025,-0.83939
7.07966,18.3123,-0.828214
7.14377,19.1153,-0.263143
6.90333,20.0676,-0.516431
6.938,21.0605,-0.444847
6.97621,22.0272,-0.120405
7.13246,22.9256,0.3417
7.07135,23.9205,0.191803
7.13086,24.8346,0.612796
6.86274,25.8091,0.530311
7.1692,26.7119,0.220264
6.86038,27.6742,0.344322
7.12593,28.3056,-0.395196
7.75712,2.47175,-0.689337
7.88235,3.38022,-0.27955
7.95136,4.39288,-0.33599
7.90654,5.34086,0.016776
7.96436,6.3194,-0.267278
8.04834,7.32293,0.0969909
7.85512,8.30356,-0.277822
7.83636,9.31492,-0.275475
7.96706,10.2464,-0.662734
7.85692,11.2432,-0.894098
7.83807,12.2366,-0.807593
7.95401,13.1669,-1.06425
7.89442,13.6186,-2.05429
7.91662,14.4283,-1.43153
8.01353,14.9138,-2.33976
7.80184,15.2155,-1.34391
7.96662,16.1988,-1.0776
7.86383,17.2402,-1.12921
8.0889,18.2678,-0.963195
8.13074,18.9821,-0.314023
7.91295,19.9568,-0.3266
7.96473,20.9891,-0.560414
8.08117,21.9804,-0.212165
8.15637,22.8843,0.204962
8.0892,23.9069,0.168117
8.07856,24.897,0.417777
7.81573,25.8704,0.275878
8.07948,26.7065,-0.221064
7.91063,27.5981,0.270986
8.12333,28.1099,-0.564098
8.78542,2.67491,-0.442067
8.83481,3.6876,-0.55757
8.96617,4.65868,-0.23101
8.84913,5.61134,-0.0552019
8.98218,6.59387,-0.328889
8.95132,7.59722,-0.269707
8.83252,8.63005,-0.196463
8.76904,9.65321,-0.38374
8.95481,10.5393,-0.724165
8.85498,11.5378,-0.895004
8.85585,12.5377,-0.853887
8.91573,13.6016,-1.03454
8.92237,13.725,-2.06102
8.97153,14.4106,-1.33217
8.98397,14.7277,-2.34255
8.88468,15.2406,-1.39807
8.99183,16.2806,-1.34921
8.86127,17.2847,-1.30031
9.09638,18.2406,-1.00529
9.12755,19.0268,-0.350771
8.93175,20.0045,-0.247777
8.98231,20.9692,-0.472552
9.09659,21.8866,-0.133345
9.15314,22.7754,0.355855
9.01588,23.7664,0.504764
8.99912,24.6718,-0.00764489
8.85441,25.6362,0.278594
9.05441,26.6108,0.0855159
8.93656,27.5736,0.380889
9.1587,27.9831,-0.519184
9.73266,2.79713,-0.194412
9.87215,3.75267,-0.466277
9.98846,4.7554,-0.435005
9.93917,5.74721,-0.0683889
10.0402,6.72777,-0.234687
9.93332,7.68892,-0.333982
9.84192,8.73297,-0.471233
9.7897,9.70579,-0.589492
9.93799,10.7343,-0.650523
9.8318,11.7053,-0.70672
9.85422,12.7303,-0.846107
9.9805,13.7135,-1.01038
10.0196,13.8834,-2.05189
10.0723,14.61,-1.36228
9.97388,14.7136,-2.36748
9.89908,15.3744,-1.58232
10.0083,16.3232,-1.19734
9.92727,17.3406,-1.32496
10.1495,18.2482,-1.01937
10.1172,18.9508,-0.3343
9.99636,19.9138,-0.122971
9.94339,20.9765,-0.201856
10.1361,21.9472,-0.342344
10.126,22.6331,0.375204
10.098,23.6405,0.562358
9.97436,24.5783,0.230409
9.84909,25.5639,0.16368
10.0903,26.6016,0.114414
9.96927,27.5487,0.409644
10.0206,27.5015,-0.572097
10.7689,2.89748,-0.283609
10.9035,3.90773,-0.442097
11.0521,4.93085,-0.283148
10.9948,5.88675,-0.0352245
11.0299,6.86457,-0.316849
10.977,7.85328,-0.322892
10.8508,8.86603,-0.333973
10.8511,9.85354,-0.267766
10.9764,10.8157,-0.652574
10.8601,11.7875,-0.888797
10.9192,12.841,-0.938197
10.9341,13.9654,-1.19258
11.0123,14.1544,-2.21093
11.0174,14.9528,-1.54575
10.9447,14.8967,-2.52816
10.8394,15.5906,-1.80001
11.0512,16.4246,-1.25868
10.9129,17.4448,-1.25765
11.134,18.2249,-0.637757
11.0876,19.1082,-0.165734
11.0179,20.1011,-0.245033
10.9268,21.0614,-0.551186
11.1142,22.0868,-0.511789
11.1556,22.7649,0.202896
11.1073,23.7795,0.297806
10.9925,24.7742,0.194165
10.8482,25.6695,-0.168795
11.1516,26.5962,0.0501267
11.0253,27.5393,0.359673
11.0512,27.4458,-0.676415
11.8144,3.03106,-0.307358
11.8822,4.04048,-0.379522
12.0608,4.98871,-0.177926
11.9949,6.01848,-0.301413
11.9702,6.96597,-0.112812
11.9997,7.90387,-0.460356
11.8953,8.94976,-0.483679
11.8751,9.9931,-0.462459
11.986,10.9903,-0.635316
11.8832,12.0389,-0.804868
11.9569,13.1166,-0.884985
11.9974,14.1489,-1.20351
12.0913,14.2164,-2.19496
11.9746,14.9974,-1.46
12.007,14.8792,-2.46942
11.8789,15.7096,-1.85257
12.1077,16.5104,-1.29231
11.9282,17.5036,-1.4508
12.1904,18.3006,-0.861821
12.1122,19.0434,-0.210852
12.0589,20.0678,-0.360805
11.9707,21.002,-0.716697
12.1093,21.9764,-0.426008
12.2088,22.8707,0.0352733
12.1098,23.7645,0.432966
11.9739,24.804,0.269988
11.8161,25.7525,0.08605
12.1543,26.7408,0.0881893
11.975,27.7429,0.0501816
11.9898,27.6902,-0.967168
12.8573,3.13474,-0.30358
12.9276,4.17212,-0.436387
13.0906,5.09542,-0.153591
13.05,6.05739,-0.573177
12.9901,7.00129,-0.186547
13.0001,8.00157,-0.302612
12.9516,9.03074,-0.382015
12.9579,9.98213,-0.653236
13.0286,10.9793,-0.760704
12.9259,12.0063,-0.722132
12.9978,13.0328,-0.916834
13.0592,14.0031,-1.20753
13.0827,14.025,-2.20472
12.9974,14.8226,-1.62902
13.0149,14.7996,-2.61585
12.9082,15.6344,-1.91166
12.9553,16.5908,-1.79395
12.9364,17.4604,-1.29591
13.1626,18.3913,-1.00828
13.166,19.1096,-0.291437
13.0356,20.0838,-0.557561
12.9901,21.0687,-0.702615
13.128,22.0513,-0.508814
13.1827,22.6949,0.350957
13.0279,23.629,-0.016071
13.019,24.6384,0.203043
12.839,25.642,-0.0249123
13.1526,26.6327,-0.0346904
12.9894,27.6261,0.0318461
12.982,28.0172,-0.925059
13.8484,3.17627,-0.453151
14.0181,4.20989,-0.378021
14.0956,5.11838,0.153688
14.122,6.0521,-0.345952
14.035,7.06426,-0.201215
14.0347,8.06782,-0.268313
13.9541,9.09644,-0.420817
14.0145,10.0793,-0.644652
14.031,11.1107,-0.732734
13.9573,12.1233,-0.743345
13.9965,13.1376,-1.08578
14.0662,14.1164,-1.25062
14.1118,14.1501,-2.26531
13.9826,14.9605,-1.62614
13.983,14.9637,-2.69595
13.9108,15.757,-2.0716
13.9734,16.6636,-1.68442
13.8814,17.4387,-1.04698
14.1544,18.398,-0.867983
14.1442,19.1662,-0.214249
13.9905,20.1319,-0.286837
14.0141,21.0784,-0.603192
14.1405,22.0644,-0.376858
14.1541,22.671,0.45902
14.0059,23.6704,0.219947
14.0212,24.6838,0.257085
13.8621,25.6478,0.0547044
14.1548,26.6081,-0.0301553
14.0054,27.5876,0.143562
13.9606,28.2265,-0.682971
14.833,3.2133,-0.359004
14.9969,4.16734,-0.0906674
15.1452,5.17174,0.133894
15.1162,6.10449,-0.142201
15.0426,7.08283,-0.225428
15.076,8.12802,-0.213889
14.98,9.163,-0.499432
14.9978,10.1586,-0.565197
15.0737,11.1652,-0.621131
15.0082,12.1588,-0.91511
15.0712,13.1618,-0.922233
15.1036,14.126,-1.27645
15.1007,14.2034,-2.28189
14.9745,14.9424,-1.57816
14.9757,14.9335,-2.57345
14.9638,15.681,-1.94469
14.9475,16.5827,-1.49691
14.8794,17.4872,-1.01163
15.1803,18.4236,-0.984063
15.1656,19.0985,-0.237834
15.0654,20.1299,-0.364681
14.9872,21.1537,-0.511377
15.1421,22.1269,-0.542296
15.2138,22.7232,0.249559
15.093,23.7048,0.312839
15.0104,24.6601,0.0109622
14.8958,25.6701,-0.0158788
15.1881,26.6551,0.00388501
15.0041,27.6507,0.190951
15.0364,28.3393,-0.589267
15.8319,3.23125,-0.555934
16.0291,4.18385,-0.173397
16.2079,5.20066,0.00458083
16.2053,6.16043,-0.217493
16.0092,7.16019,-0.40499
16.1045,8.16726,-0.0199072
16.0559,9.10494,-0.396948
16.0494,10.0831,-0.583242
16.1154,11.0621,-0.503928
16.0693,12.0318,-0.781271
16.1367,13.0791,-0.884738
16.1212,14.0169,-1.32181
16.1112,14.0248,-2.32521
16.027,14.8091,-1.75302
15.9629,15.1005,-2.68653
15.9789,15.659,-1.79587
15.9134,16.6219,-1.3855
15.8636,17.484,-0.865719
16.1726,18.4553,-0.999954
16.2074,19.2237,-0.337132
16.1082,20.2098,-0.489666
16.0396,21.1811,-0.466741
16.091,22.1453,-0.196738
16.18,22.7558,0.633778
16.1144,23.6932,0.249928
15.9922,24.5555,-0.245293
15.9609,25.5496,-0.2417
16.1747,26.4891,-0.0310007
15.9977,27.4507,0.0108646
16.0434,28.1161,-0.750072
16.912,3.15805,-0.428861
17.0456,4.12727,-0.204108
17.0682,5.09528,-0.506885
17.1951,6.10307,-0.308905
17.0698,7.11805,-0.429414
17.0749,8.09376,-0.150758
17.0932,9.11378,-0.210251
17.0509,10.0887,-0.480599
17.09,11.1153,-0.772625
17.1727,12.1248,-0.713797
17.2173,13.1217,-0.879022
17.0899,14.011,-1.34862
17.1005,14.0379,-2.33248
17.0567,14.8602,-1.73406
17.0018,14.995,-2.75589
16.9667,15.675,-1.97648
16.907,16.6048,-1.63056
16.9243,17.3317,-0.872283
17.1304,18.2395,-0.624833
17.2119,19.2409,-0.473128
17.1213,20.2599,-0.405084
17.0282,21.26,-0.624253
17.1109,22.1661,-0.229313
17.177,22.6647,0.607321
17.1782,23.6225,0.261806
16.844,24.5716,0.239509
17.0023,25.4426,-0.202564
17.1939,26.4432,-0.150154
16.9869,27.4111,-0.178411
17.026,28.2263,-0.740071
17.9545,3.14452,-0.320481
18.0845,4.11521,-0.164751
18.093,5.07189,-0.41916
18.2279,6.03542,-0.237028
18.1092,6.98107,-0.303189
18.1134,8.06588,-0.237791
18.1254,9.12442,-0.161614
18.0526,10.1009,-0.467077
18.0857,11.0878,-0.527131
18.2019,12.0635,-0.584017
18.2442,13.1244,-0.855245
18.1335,14.0241,-1.31333
18.1537,14.08,-2.35369
18.1214,14.9309,-1.73691
18.0008,15.0013,-2.7389
17.971,15.7024,-1.99234
17.9231,16.5688,-1.47298
17.9564,17.3899,-0.921116
18.1767,18.3628,-0.61026
18.1561,19.3508,-0.718149
18.1231,20.2624,-0.239958
18.0662,21.1246,-0.682003
18.0541,22.1119,-0.567104
18.0719,22.8921,0.113111
18.1291,23.8424,-0.102152
17.8875,24.6996,0.41189
18.0039,25.5913,-0.048262
18.2166,26.6154,-0.264156
17.9966,27.5336,0.0378246
18.0873,28.2137,-0.740391
18.9252,2.84775,-0.03726
19.0654,3.85434,-0.188876
19.0951,4.85493,-0.34771
19.2139,5.85789,-0.265548
19.1685,6.85641,-0.282723
19.1615,7.84624,-0.261422
19.1307,8.83963,-0.334239
19.0714,9.84582,-0.493402
19.1036,10.8754,-0.51345
19.2185,11.8717,-0.705405
19.2723,12.969,-0.854735
19.1508,13.9388,-1.18606
19.1855,13.9858,-2.18044
19.1919,14.8479,-1.60099
19.0311,14.8914,-2.60716
18.9448,15.575,-1.82025
18.8745,16.3127,-1.11715
18.9608,17.3191,-0.84503
19.1772,18.3514,-0.716654
19.1904,19.3612,-0.849196
19.1492,20.0884,-0.204654
19.0666,20.9673,-0.716947
19.0196,21.8458,-0.194842
19.0768,22.7225,0.202963
19.0692,23.7008,0.215625
18.8939,24.6374,0.616248
19.0302,25.4941,0.0828455
19.241,26.4796,-0.108603
19.0488,27.473,-0.0474471
19.0731,28.3311,-0.513263
19.9017,2.77194,0.296313
20.1506,3.61367,-0.204251
20.1315,4.58704,-0.482711
20.2842,5.5767,-0.352257
20.1837,6.59326,-0.251009
20.0974,7.57689,-0.450587
20.1278,8.5686,-0.408069
20.0435,9.55713,-0.5695
20.0604,10.5214,-0.282046
20.1474,11.4739,-0.548961
20.1836,12.5419,-0.724781
20.0769,13.5288,-0.926545
20.1228,13.8565,-1.92951
20.1278,14.6663,-1.29807
19.9987,14.846,-2.23874
19.9287,15.7852,-1.95768
19.7878,16.6864,-1.47347
19.9575,17.4349,-0.752379
20.1418,18.3973,-0.469317
20.228,19.3683,-0.760982
20.1492,20.2016,-0.13889
20.1025,21.167,-0.57026
20.0323,22.0443,-0.0475082
19.9907,23.0388,-0.175063
20.0262,23.9256,0.356987
19.9165,24.901,0.676247
20.0079,25.6598,0.0266305
20.1662,26.5318,-0.418769
20.054,27.4996,-0.187475
20.0601,28.466,-0.392651
20.8999,2.58235,0.289679
21.1244,3.51557,0.0211127
21.1437,4.39877,-0.443464
21.2498,5.39122,-0.361675
21.1424,6.42913,-0.474789
21.1147,7.36885,-0.131901
21.1801,8.34623,-0.237251
21.0853,9.34051,-0.441548
21.0835,10.3304,-0.393909
21.1013,11.2652,-0.720627
21.2898,12.2332,-0.822541
21.0423,13.1948,-0.761956
21.1217,13.6326,-1.69492
20.9735,14.2532,-0.940272
20.9651,14.8083,-1.81011
21.0233,15.7933,-1.87335
20.8419,16.6175,-1.31166
20.9611,17.3881,-0.657299
21.1423,18.3186,-0.462423
21.2522,19.2876,-0.64546
21.1394,20.0985,-0.0636891
21.0898,21.1031,-0.398846
21.045,22.0347,-0.100766
20.9749,23.029,0.0859462
21.0679,23.9859,0.0482406
20.9656,24.9019,0.495596
21.0878,25.6506,-0.166738
21.1826,26.6525,-0.370717
21.0485,27.6065,-0.0105441
21.0882,28.5868,-0.326313
21.9241,2.1972,0.286157
22.062,3.17373,-0.126414
22.1341,4.11018,-0.442766
22.2307,5.0955,-0.300348
22.1262,6.06732,-0.562471
22.0569,6.99695,-0.196667
22.1706,8.01347,-0.0764458
22.0492,8.99614,-0.232221
22.092,10.0144,-0.0361309
22.1262,10.9817,-0.494388
22.2369,11.9653,-0.864974
22.0795,13.0076,-0.661873
22.1571,13.5263,-1.51593
22.0224,14.1754,-0.760906
21.9269,14.9545,-1.3672
22.0939,15.8293,-1.88419
21.9072,16.4884,-1.16741
21.9704,17.329,-0.587246
22.0991,18.3017,-0.721805
22.1902,19.2067,-0.333216
22.1558,20.0899,0.0888821
21.8893,21.0591,0.183294
22.0542,22.0526,-0.00403455
22.0296,23.0367,-0.00877712
22.0862,24.0161,-0.0426344
21.9584,24.9608,0.358647
22.0563,25.7975,-0.240114
22.1246,26.7196,-0.644932
22.0624,27.5384,-0.0372997
22.0955,28.5127,-0.424986
22.9514,2.15198,0.508866
23.071,2.89796,-0.181741
23.1316,3.87486,-0.384167
23.1438,4.79719,-0.00255745
23.0735,5.77655,-0.350633
23.0239,6.81906,-0.312967
23.1824,7.74326,0.0379955
23.0158,8.68759,-0.246324
23.0874,9.6516,-0.188009
23.0723,10.6736,-0.305976
23.1638,11.6491,-0.588134
23.0501,12.6267,-0.656185
23.1552,13.4813,-1.22516
23.0096,14.0733,-0.441774
22.8822,14.7608,-1.22832
23.0472,15.6792,-1.65505
22.8734,16.2773,-0.853993
22.9746,17.2304,-0.351973
23.115,18.2403,-0.54489
23.191,19.1948,-0.193576
23.1746,20.0703,0.271758
22.8872,21.0119,0.120469
23.087,21.9957,-0.044264
23.0337,22.9479,0.179015
23.1033,23.98,0.0334086
23.0231,24.973,0.261296
23.1084,25.7754,-0.329502
23.1051,26.5598,-1.03783
23.012,27.3925,-0.415293
23.1447,28.4098,-0.554967
24.0145,1.98094,0.461196
24.0655,2.67916,-0.296417
24.1893,3.6522,-0.44752
24.1559,4.54588,-0.0177221
24.1149,5.50006,-0.289685
24.0049,6.46172,-0.158388
24.1793,7.4709,-0.0100162
23.9955,8.41805,-0.185873
24.1241,9.44084,-0.121464
24.075,10.4063,-0.485357
24.1925,11.3914,-0.488922
24.0736,12.364,-0.646364
24.1435,13.2621,-1.08003
24.039,13.9486,-0.382354
23.9424,14.6081,-1.1429
24.1107,15.5709,-1.48808
23.8478,16.1512,-0.67803
23.994,17.094,-0.377734
24.1022,18.1098,-0.523624
24.1744,18.999,-0.102878
24.1705,20.0185,-0.00652486
23.8016,20.8845,-0.243019
24.0899,21.8522,-0.102429
24.0022,22.8896,-0.00281075
24.0948,23.8964,-0.0401532
24.0364,24.9092,0.124726
24.1181,25.6756,-0.527061
24.1156,26.6048,-0.86039
24.0383,27.4979,-0.363356
24.215,28.4849,-0.321287
25.0533,1.78847,0.439479
24.9946,2.33255,-0.468572
25.2441,3.31159,-0.452614
25.1206,4.27001,-0.0571947
25.1512,5.21492,-0.40983
24.9999,6.10083,0.0232185
25.0846,7.11408,0.0547563
25.0271,8.08931,-0.24275
25.0663,9.09764,-0.0410535
25.0644,10.0734,-0.349184
25.0778,10.9511,-0.877386
25.0181,11.9209,-0.529212
25.0527,12.8661,-0.904965
25.0897,13.6914,-0.307312
24.9616,14.5155,-0.922141
25.0605,15.4867,-1.06959
24.838,16.3944,-0.608206
24.9205,17.119,0.0301889
25.1514,18.0487,-0.379714
25.2042,18.9581,0.0146825
25.1765,20.0045,0.196997
24.7846,20.9123,0.0221259
25.0788,21.874,-0.148408
25.0399,22.9021,0.0100528
25.1007,23.9275,-0.0448561
25.0356,24.9438,-0.208121
25.0987,25.6887,-0.847636
25.0988,26.6775,-0.757778
25.0082,27.6474,-0.420255
25.2375,28.6028,-0.30213
26.0333,1.64202,0.471306
26.0186,1.95403,-0.512598
26.1781,2.94706,-0.569069
26.0559,3.86665,-0.185546
26.0574,4.84102,-0.0167547
26.026,5.81886,-0.139357
26.0709,6.83612,-0.123124
26.0423,7.86695,-0.109876
26.0927,8.87334,0.0261971
26.0598,9.79748,-0.468041
26.0722,10.7592,-0.858974
26.0318,11.6133,-0.293808
25.9736,12.5642,-0.55866
26.0744,13.5401,-0.230219
25.976,14.3149,-0.882357
26.0669,15.3063,-0.79718
25.8708,16.1724,-0.338362
25.9845,17.1325,-0.0860927
26.1427,18.0697,-0.278805
26.1816,19.057,-0.0185278
26.1843,19.9897,0.398999
25.8092,20.9405,0.30181
26.0717,21.915,0.167431
25.9357,22.7371,-0.391446
26.111,23.6964,-0.160991
26.007,24.6964,-0.12822
26.0697,25.6975,-0.356914
26.0863,26.7054,-0.563707
25.9992,27.6525,-0.204346
26.16,28.6076,0.0838038
26.9655,1.05406,0.547478
26.9442,1.70931,-0.252733
27.1763,2.67968,-0.360103
27.0382,3.53193,0.118952
27.0632,4.53653,0.211377
26.9935,5.53107,0.0785119
27.0778,6.51814,0.0522385
26.9682,7.51222,0.0382153
27.0355,8.5052,-0.0658223
27.0019,9.40555,-0.569033
27.0406,10.4233,-0.578689
27.0673,11.3797,-0.168865
27.0388,12.3535,-0.515561
27.0696,13.268,-0.0961425
26.975,14.1608,-0.567104
27.067,15.151,-0.533174
26.8638,16.0867,-0.284075
26.9854,17.0058,0.0782891
27.1698,18.0249,-0.213654
27.1968,19.0007,0.0558275
27.1963,19.9424,0.350124
26.8312,20.8618,0.10755
27.107,21.8436,0.101505
26.9525,22.8237,-0.214423
27.1543,23.7826,-0.407282
27.0128,24.8276,-0.24843
27.0814,25.8103,-0.500293
27.139,26.7964,-0.626283
26.9947,27.6978,-0.148329
27.0826,28.6657,-0.32757
28.012,0.944713,0.649782
27.9449,1.35843,-0.29957
28.0821,2.34637,0.00284433
28.0266,3.32924,0.107218
28.0908,4.31654,0.280178
27.9669,5.27574,0.0455061
28.0773,6.30399,-0.12537
27.9375,7.25818,0.135029
27.9928,8.28207,0.0958403
28.0076,9.16677,-0.360543
28.0184,10.1569,-0.392331
28.0569,11.1407,-0.156868
28.0056,12.1231,-0.488281
28.0425,13.0671,-0.20936
27.9789,14.0763,-0.286425
28.0029,15.0959,-0.137651
27.8828,16.1208,-0.261577
27.9703,17.106,-0.142119
28.1656,18.0517,0.173992
28.1215,19.0755,0.385305
28.1842,20.0265,0.101028
27.9015,21.017,0.0231269
28.0727,21.9628,0.257292
28.0064,22.9078,-0.0902554
28.1207,23.8927,-0.213636
28.0445,24.8867,-0.102744
28.1009,25.8039,-0.536674
28.1405,26.788,-0.283593
28.0002,27.7861,-0.0526078
28.0403,28.8218,-0.10228
28.9995,0.612864,0.692352
28.954,1.25093,-0.184481
29.0976,2.25134,-0.158126
29.0477,3.16581,0.267122
29.0904,4.17666,0.313532
29.0057,5.14198,0.109967
29.1104,6.10695,-0.0383557
28.9883,7.10939,0.0180456
29.0312,8.11557,0.113959
29.0906,9.06493,-0.234385
29.0366,10.0694,-0.206555
29.0299,11.0304,0.0779046
29.0283,12.0263,-0.226106
29.048,13.0298,-0.255153
28.9354,13.9758,0.010831
29.0279,14.9599,0.0188238
28.9408,15.9349,-0.181448
28.9745,16.9607,-0.174679
29.0458,17.9917,-0.303754
29.0643,18.9077,0.00867031
29.1959,19.959,0.140104
28.959,20.991,0.0191015
29.0602,22.0224,0.00333567
29.0457,23.0088,0.031782
29.0558,24.0196,0.137989
29.0579,25.0265,-0.0677725
28.9582,26.0501,0.0104617
29.1345,27.0351,-0.106958
29.0329,28.0448,-0.154048
29.0858,29.0544,-0.0826685
