-0.0408307,0.0117954,0.271612
0.851482,-0.0237403,-0.214829
1.88907,0.0176733,-0.00893887
2.93275,-0.0045381,0.0936399
3.90042,0.037846,-0.0160375
4.84751,-0.0370769,-0.2142
5.80794,-0.023368,0.104535
6.84359,-0.00943937,0.0735771
7.8629,0.000628681,0.112186
8.88287,-0.0405744,-0.00108951
9.93037,0.0177282,0.00924406
10.9335,0.0241066,0.179952
11.9837,0.0588733,0.0551805
12.9921,-0.0314737,-0.125037
14.0261,-0.00396435,-0.13368
15.0113,0.00120243,-0.105997
15.997,0.013477,0.0120975
16.9787,-0.0235359,0.110623
17.9735,0.000967437,0.00344554
18.9878,0.0160588,0.117154
-0.0372051,0.867718,-0.268639
0.961519,0.997775,-0.232109
1.90854,0.997211,0.130241
2.92145,0.986129,0.276482
3.8711,1.03622,-0.133622
4.93243,0.997378,-0.100317
5.94151,1.06088,0.102286
6.93417,1.00993,-0.013065
7.97068,0.969668,-0.101581
8.97814,0.940809,-0.19985
9.90632,0.987878,0.215461
10.9538,1.02688,0.126829
11.9627,1.08894,0.0371319
12.8974,0.962035,-0.265798
13.8857,1.00763,-0.112714
14.9229,0.993652,-0.228291
15.9449,1.08076,-0.146352
16.9656,1.00332,0.0527207
17.9699,1.00982,0.0708182
18.985,0.981796,0.0848201
0.0280953,1.88857,-0.0778771
1.04186,1.98515,-0.315848
2.07133,1.94142,-0.235157
3.07283,1.99403,0.0753868
4.07407,2.0072,-0.0385846
5.07611,1.95472,0.110318
6.00242,2.03726,-0.30112
7.00757,1.96225,-0.240812
8.02066,1.99046,-0.0818842
9.00655,2.0027,-0.150121
9.98271,1.98239,0.168886
10.9674,2.02552,0.329969
11.8513,2.07328,-0.127842
12.9069,1.94195,0.0236366
13.9516,2.05531,-0.25768
14.9925,1.98593,-0.15298
15.9426,2.0118,0.16682
16.9392,2.00244,0.29219
18.0139,1.99635,0.309635
19.0052,1.98558,0.137242
-0.0597156,2.87893,0.246733
0.964357,2.94274,-0.0484054
1.96318,2.9388,-0.308615
2.89,2.98131,0.0943907
3.88113,3.04701,0.155815
4.86815,2.99905,-0.07416
5.87393,3.07416,-0.208554
6.88251,2.95231,-0.248973
7.85529,2.96412,0.21706
8.81559,2.97584,0.00772118
9.82918,3.01003,0.136171
10.8082,2.96223,-0.055443
11.818,3.07863,-0.248622
12.8678,2.95115,-0.123643
13.9367,3.04291,-0.162746
14.9351,3.00582,-0.177401
15.923,3.01424,0.0209418
16.9,3.03824,0.18132
17.9179,3.00924,0.253673
18.962,2.99652,0.176809
-0.00773644,3.92534,0.108789
0.979919,3.96479,-0.12042
1.95183,3.90223,-0.161953
2.99951,3.93335,-0.218244
3.95682,4.11369,0.122138
4.92739,4.01899,-0.0105014
5.92926,4.00958,0.189377
6.93859,3.94385,-0.0141331
7.96556,3.96487,-0.0586932
8.97312,3.96484,0.039433
9.99494,4.0655,-0.000146489
10.8781,3.93133,-0.422153
11.8875,4.06775,-0.333894
12.8634,3.93594,-0.0381359
13.8807,4.05185,-0.0212012
14.9187,4.06309,-0.0689077
15.9604,4.00199,-0.0813776
16.9489,3.92603,-0.2344
17.9464,3.95734,-0.0601123
18.9597,4.01677,0.15584
-0.0491531,4.922,-0.140397
0.95511,4.95958,0.12544
1.98232,4.95725,-0.0559374
2.95829,4.93437,0.11756
3.98107,5.08692,0.313315
5.00667,5.03525,0.157045
6.02099,5.00314,0.228333
7.01232,4.90351,-0.0497147
7.98744,4.99855,0.0286264
8.99073,4.94078,0.187872
9.90908,5.08629,-0.179159
10.9023,4.97642,-0.423899
11.9447,5.04878,-0.615418
12.9214,4.90962,-0.286288
13.9187,4.94366,-0.397327
14.9384,4.96069,-0.473992
15.9854,5.06839,-0.333818
16.9546,4.95543,-0.154463
17.9641,5.00955,-0.20636
18.9707,4.94269,-0.136927
-0.0395886,5.88636,0.27275
0.949858,5.98587,0.0765648
1.98415,5.93809,0.155861
3.02731,5.97369,-0.0509964
3.89614,6.06941,0.382659
4.92396,6.07082,0.242204
5.9591,6.02098,0.260356
7.02997,5.89592,0.174105
7.98632,6.01188,-0.0845454
9.05635,5.92157,0.0443342
10.014,6.09457,-0.147511
10.9155,6.04007,-0.600687
11.896,6.0235,-0.242558
12.9324,5.94939,-0.44879
13.962,5.93392,-0.332496
15.0433,5.94561,-0.1417
16.0421,6.02696,-0.0223823
17.0237,5.98652,-0.2064
18.013,6.01009,-0.194015
19.0268,5.93446,-0.211911
-0.000390637,6.88569,0.115787
0.985296,6.98221,0.268166
2.01923,6.92859,-0.0293222
2.97182,6.9568,0.364727
3.987,7.0342,0.299725
5.00185,7.07878,0.125849
6.04996,6.98963,0.263445
7.00485,6.92959,-0.0925138
7.99963,7.0248,-0.0836055
9.0078,6.91044,-0.0661855
9.95131,7.12719,-0.233671
10.9548,7.08228,-0.430461
12.0096,7.00073,-0.405762
13.0007,6.93,-0.151674
14.0124,6.93338,-0.0342326
15.0197,6.9837,-0.0976775
16.0685,7.02687,-0.212555
17.107,7.03336,-0.286438
18.015,6.94702,0.245372
19.0169,6.95227,0.0240364
0.05721,7.90749,0.0722251
1.05661,8.01152,0.178317
2.03659,7.89778,0.176647
3.03026,8.00323,0.28142
4.01839,8.02003,0.257994
5.00868,8.04891,0.471612
6.0007,8.00999,0.357469
7.02894,7.88051,0.193249
8.01775,7.96729,0.212146
9.01135,7.93905,0.0130345
10.0266,8.13285,-0.0658864
10.9722,8.0846,-0.500586
11.9455,8.02566,-0.251329
12.9406,7.98029,-0.114533
13.9219,7.91775,-0.159273
14.9587,8.05253,-0.144844
15.9579,8.02115,-0.0681906
16.9919,8.01701,0.11916
17.9734,7.99227,0.0477004
18.9905,7.9669,0.0230842
0.0151677,8.88157,-0.170257
1.08869,8.9512,-0.149901
2.02918,8.87545,0.162862
3.00755,9.03527,0.143559
3.98004,9.01149,0.302506
5.00749,9.02589,0.13932
6.01311,9.02325,0.296472
7.00655,8.85629,0.311338
8.00638,8.90159,0.511405
8.96552,8.95122,0.199466
9.95178,9.1289,-0.0286233
10.9751,9.03988,-0.124369
12.0157,9.02582,-0.209839
13,8.96155,-0.252068
13.9935,8.89791,-0.0994079
14.9374,9.0261,0.167855
15.9188,9.0629,-0.15623
16.9556,9.02442,-0.0534776
17.9889,8.99322,-0.189511
18.9579,8.98752,0.0517991
-0.00962859,9.87355,-0.175173
1.00118,9.9436,-0.219736
2.01307,9.92015,0.0678457
3.03425,10.0216,0.0425184
4.02866,9.91236,-0.183917
5.02502,9.99268,-0.144136
6.01119,10.0102,0.0773156
6.98609,9.83051,0.255235
8.01824,9.87732,0.227787
9.00114,9.92444,0.24676
9.997,10.0561,0.389169
10.9598,10.0398,0.074752
12.0137,9.99091,0.0547777
13.012,9.93133,0.0521683
13.9863,9.85999,0.163247
14.982,10.0321,0.33567
15.9536,10.0371,0.133091
16.9968,10.0282,0.100519
18.0187,9.99588,-0.0227607
18.9871,9.93173,-0.183325
-0.0538591,10.8977,-0.299222
0.983264,10.9932,-0.333055
1.98577,10.944,-0.209418
3.00681,11.0387,-0.177651
3.9737,10.924,0.13639
4.98997,10.9903,0.0312174
6.01545,11.0406,0.047792
7.05032,10.8182,0.016776
8.04736,10.8909,0.0536332
8.99263,10.9571,0.447032
9.94713,11.0691,0.180184
10.9437,11.0698,0.0159795
11.9455,11.0052,0.101737
12.9909,10.9546,0.0724906
13.9748,10.8162,0.202042
14.9494,11.0307,0.195074
15.9162,11.0012,-0.0485122
16.9028,10.9719,-0.216788
17.9388,10.969,-0.297293
18.9859,10.9658,-0.0706656
-0.00201727,11.9039,-0.0567858
1.01274,11.9315,-0.0142094
2.0079,11.9879,-0.163604
2.96091,12.0708,0.0637226
3.98824,11.8844,-0.167806
5.00338,11.9827,0.0736412
6.01249,12.0739,0.111164
6.98942,11.8173,0.0102054
7.94255,11.9156,0.137907
8.92507,11.8548,-0.0318949
9.94768,11.9946,-0.199573
10.9022,12.0591,0.0175939
11.9114,12.0402,0.199478
12.9362,11.9534,0.109943
13.9522,11.8165,0.194998
14.9221,12.0276,0.258388
15.8438,12.0368,-0.233601
16.903,11.9901,-0.11897
17.9603,11.9643,-0.0288186
18.9737,11.9606,0.0796808
0.032902,12.9121,0.057622
1.05033,12.929,-0.0485183
2.03049,12.9866,-0.0794641
3.05032,13.053,-0.0994232
4.03155,12.8902,-0.172381
5.0323,12.9649,-0.207791
6.01875,13.0541,-0.0889065
6.99992,12.8301,-0.0189428
8.00195,12.9104,-0.14264
9.01296,12.8199,0.0521226
10.0251,12.962,-0.00229804
11.0024,13.0754,0.0277291
12.0181,13.0633,0.0429456
13.0434,12.9819,0.0563189
14.0725,12.8319,-0.0376995
15.0788,12.9799,0.0656423
16.0788,12.9014,0.227058
17.016,12.9792,-0.172265
18.0468,13.018,-0.141304
19.0265,12.989,0.0947508
0.0411054,13.9841,0.14897
0.97633,13.9551,-0.104532
1.98148,14.0015,-0.237251
3.02953,14.0718,-0.112622
4.05468,13.9051,-0.15146
5.03446,13.9681,-0.364855
6.08599,14.0401,-0.339354
7.09234,13.8047,-0.2549
8.09121,13.8703,-0.383612
9.03976,13.8443,-0.00327158
10.0135,13.9501,-0.128871
10.9871,14.1107,0.171035
12.0266,14.0968,0.172088
13.0523,13.9959,-0.0196387
14.0319,13.8492,-0.189383
15.0705,14.0091,-0.144456
16.0145,13.9671,0.109015
16.985,13.9504,-0.197101
17.9984,14.051,0.0216163
19.026,14.0345,0.0371197
0.00167852,14.9899,0.261007
0.960326,14.9384,0.00872219
2.01891,15.0124,0.0407025
2.9608,15.0737,-0.365905
3.98822,14.971,-0.357192
5.05517,14.9715,-0.255379
6.07019,15.0345,-0.254939
7.03117,14.7947,-0.0374615
8.05456,14.7852,0.0515671
9.04997,14.9035,0.00373852
10.0826,14.9239,-0.0030549
11.0829,15.0921,0.109378
12.0682,15.1059,0.173745
13.0434,14.9794,0.0425062
14.0697,14.8907,-0.107117
15.0309,15.0146,0.102591
16.0762,14.9787,0.170522
17.0761,14.9506,-0.0169408
18.0289,15.036,-0.277816
19.0201,15.0462,-0.0496597
0.0231269,15.9286,-0.0108097
0.993561,15.9178,0.262117
2.02141,16.0165,-0.0465682
3.02084,16.0085,0.055443
4.02171,15.8783,0.105951
5.04768,15.9486,0.0978454
6.09174,15.9914,0.0764306
7.05979,15.8246,-0.200714
8.03458,15.8386,0.000756859
9.05627,15.9236,-0.0803583
10.0552,15.9555,0.00637226
11.0756,16.0864,0.135093
12.1518,16.0659,0.297687
13.146,15.968,0.0975097
14.0963,15.8664,-0.08352
15.017,16.0004,0.197995
15.9628,15.9552,-0.0882565
17.0104,15.8998,-0.306915
17.9833,16.0292,-0.144871
19.0143,16.048,-0.0683493
-0.00911283,16.9211,0.00133061
0.94268,16.9108,0.398828
1.94835,17.0194,0.0776879
2.96493,17.0106,-0.0421583
3.94906,16.8733,0.103836
5.00458,16.9526,0.289038
5.93697,16.9904,-0.0975707
7.01145,16.8713,-0.091287
8.05487,16.8865,-0.0516312
9.06937,16.9481,0.0613971
10.068,16.938,0.10665
11.105,17.0945,0.0111759
12.1467,17.0747,0.192807
13.1063,16.9746,-0.047084
14.1114,16.9412,-0.0225013
15.1222,17.0274,0.0570269
16.102,16.9651,-0.269616
17.12,16.8916,-0.371123
18.0705,17.0462,-0.108826
19.0318,17.0351,0.269646
0.00638142,17.9468,0.0339946
1.04907,17.9502,0.238655
2.09496,18.0127,0.196176
3.04679,17.98,-0.224046
4.0271,17.9687,0.112986
5.03047,17.9211,0.0116611
5.98948,17.9805,-0.269466
7.01887,17.9025,-0.0614338
8.03993,17.9012,0.148872
9.02215,18.0084,0.0943754
10.017,17.9583,0.0996246
10.9511,18.0578,-0.288006
11.9815,18.1016,-0.0170568
13.0004,18.0186,-0.112189
13.9975,17.938,0.101447
15.0734,18.0142,0.0612201
16.078,17.9663,-0.0943144
17.0814,17.8944,-0.163903
18.0319,18.0552,-0.514307
19.0026,17.9072,-0.230436
-0.00540788,18.9878,0.158605
0.960271,18.957,-0.0669637
2.00394,18.993,-0.108509
3.0151,19.0058,0.00259102
4.03922,18.9653,-0.0337077
5.0413,18.9352,0.0637379
6.02158,18.9857,-0.135496
7.03332,18.9518,-0.110437
8.02664,18.9351,-0.00688803
9.03801,18.9991,0.152467
10.0402,19.0006,0.166558
10.9664,19.0341,-0.302249
11.9849,19.0482,-0.389419
13.0538,19.0104,-0.237971
14.0218,18.9849,0.041615
15.0189,18.999,0.0860652
16.0544,18.9605,0.117951
17.0461,18.9085,-0.0256203
18.0325,19.0157,-0.269918
19.0302,18.9883,-0.233268
