0.0883877,0.05038,-0.355309
0.0141209,1.32885,-0.431358
-0.0222755,2.58007,-0.432731
0.0320597,3.86582,-0.527351
-0.0293313,5.10171,-0.502252
0.0052797,6.35306,-0.505643
0.122669,7.56353,-0.523591
0.10025,8.79623,-0.627506
0.0912198,9.96296,-0.603711
0.184075,11.1793,-0.674026
0.317115,12.3426,-0.922541
0.266286,13.4438,-1.03419
0.391284,14.4448,-0.663424
0.23104,15.4851,-0.548195
0.125977,16.4309,-0.259233
0.232249,17.359,-0.701105
-0.100955,18.2555,-0.352892
-0.00752281,17.2299,-0.119514
0.132237,18.0553,0.487594
-0.0191229,19.0032,0.205341
0.859062,0.754152,-0.472692
0.842537,1.93274,-0.509708
0.889453,3.13759,-0.52956
0.965807,4.34462,-0.503256
0.903919,5.54827,-0.612149
0.971355,6.77424,-0.634883
1.04117,7.9538,-0.690545
1.03879,9.1793,-0.723563
1.07281,10.3701,-0.890591
1.15201,11.5431,-1.12969
1.3981,12.7165,-1.40669
1.34583,13.8323,-1.34395
1.36109,14.6306,-0.764657
1.2883,15.7499,-0.771856
1.09644,16.5026,-0.0341105
1.34085,17.1639,-0.727921
0.949919,18.1071,-0.432276
1.06024,17.0957,-0.224891
0.993573,18.0693,0.00905179
0.942405,19.0719,-0.102982
1.85034,0.977953,-0.330912
1.86163,2.19794,-0.36686
1.86338,3.4175,-0.539256
1.90699,4.6449,-0.450194
1.91445,5.89687,-0.565755
1.91032,7.12218,-0.584845
1.95596,8.34309,-0.695608
2.02488,9.57361,-0.95128
1.96976,10.8013,-1.22223
2.07413,12.0767,-1.55936
2.40809,13.4087,-1.94307
2.28126,14.6999,-1.47854
1.63882,15.5948,-0.568172
2.25076,16.3748,-0.890817
1.67869,17.284,-0.428312
2.34744,16.6942,-0.61261
1.98915,17.7785,-0.463686
2.04116,16.8683,-0.174712
2.03619,17.9147,-0.127769
1.96428,18.9102,-0.0967162
2.84379,0.684896,-0.384021
2.8271,1.88257,-0.3777
2.8344,3.0646,-0.363952
2.82952,4.27571,-0.345729
2.87692,5.46485,-0.5146
2.8389,6.65906,-0.5417
2.85262,7.78663,-0.660298
2.89243,8.93621,-0.854866
2.81791,10.146,-0.969457
2.70931,11.318,-1.07151
2.66327,12.5051,-1.28765
2.60472,13.6383,-1.19333
2.3219,14.6364,-0.635911
2.73591,15.559,-0.55501
2.44646,16.5193,-0.255522
3.26369,17.07,-0.392523
2.91472,17.8875,0.0389203
3.00085,17.0202,-0.525086
2.95667,18.0762,-0.490106
2.97116,19.0221,-0.0651448
3.83009,0.480111,-0.334062
3.79985,1.62618,-0.264837
3.81944,2.73543,-0.415564
3.79712,3.86643,-0.515433
3.7466,5.00517,-0.503681
3.74468,6.16325,-0.458992
3.7399,7.23239,-0.559801
3.6707,8.33617,-0.507572
3.59757,9.45951,-0.582107
3.49556,10.5925,-0.823981
3.31712,11.668,-0.933091
3.27362,12.7768,-0.924946
3.2245,13.8336,-0.663573
3.43611,14.8615,-0.482586
3.37188,15.847,-0.364815
4.00073,16.5194,-0.0209937
3.87535,17.4714,0.159398
4.03154,17.1502,-0.778069
3.9777,18.1201,-0.394885
3.97116,19.1105,-0.133525
4.86508,0.307993,-0.419404
4.80934,1.38296,-0.410483
4.7955,2.48647,-0.42902
4.77215,3.58699,-0.565233
4.69809,4.67718,-0.562065
4.60441,5.71511,-0.438795
4.6248,6.79728,-0.35746
4.60063,7.91371,-0.350301
4.56875,8.99856,-0.485775
4.46264,10.1122,-0.602658
4.26592,11.211,-0.598141
4.18681,12.2714,-0.706513
4.18515,13.3069,-0.601279
4.3169,14.3368,-0.390182
4.30327,15.3691,-0.43235
4.91154,16.091,-0.0820978
4.81173,17.0535,0.15016
5.06119,17.2093,-0.84044
5.018,18.113,-0.374523
5.00089,19.0777,-0.141829
5.86123,0.155339,-0.50712
5.79911,1.23456,-0.44481
5.81053,2.31641,-0.40813
5.78512,3.39425,-0.615958
5.68763,4.45047,-0.440306
5.63285,5.50615,-0.437883
5.70613,6.59452,-0.469811
5.52795,7.66717,-0.606195
5.52354,8.75025,-0.523231
5.4504,9.7535,-0.386666
5.27452,10.7846,-0.457494
5.1566,11.8027,-0.49631
5.15952,12.8359,-0.383938
5.26794,13.8621,-0.413858
5.26572,14.8876,-0.480349
5.83355,15.6636,-0.184225
5.74678,16.6622,-0.0730247
6.07479,17.3116,-0.757036
6.00136,18.2762,-0.552962
6.00329,19.0002,0.131611
6.8883,0.147862,-0.480142
6.83208,1.18322,-0.48341
6.82488,2.2611,-0.475622
6.7857,3.28613,-0.387829
6.75665,4.33264,-0.480624
6.67175,5.40829,-0.422849
6.6679,6.42341,-0.515384
6.5211,7.46399,-0.493344
6.53846,8.49431,-0.516565
6.45788,9.53829,-0.543431
6.35275,10.5789,-0.414884
6.27871,11.6011,-0.551915
6.23254,12.6065,-0.336637
6.29503,13.6235,-0.419791
6.30779,14.6123,-0.29013
6.82304,15.5156,-0.467882
6.68782,16.302,0.122852
7.02685,17.1648,-0.449907
7.04561,18.1988,-0.652614
7.03492,18.9439,0.12638
7.89276,0.0252144,-0.346574
7.82622,1.13243,-0.220392
7.80076,2.06749,-0.525578
7.77547,3.08786,-0.593814
7.7131,4.12667,-0.381741
7.67332,5.14875,-0.385128
7.65422,6.17185,-0.461077
7.52385,7.21662,-0.437593
7.54635,8.27094,-0.538936
7.46335,9.36245,-0.561248
7.33341,10.322,-0.373189
7.31511,11.3165,-0.412442
7.23854,12.3021,-0.248042
7.28832,13.3458,-0.264708
7.38025,14.3484,-0.109021
7.83369,15.2405,-0.434886
7.7347,16.1448,-0.0377819
7.99767,17.123,-0.167379
8.01455,18.1281,-0.234599
8.0456,19.0368,0.154152
8.89472,-0.0742485,-0.41912
8.87607,0.954353,-0.224155
8.83823,2.01787,-0.488479
8.71726,3.03593,-0.205823
8.77051,4.06894,-0.355693
8.73109,5.0773,-0.269353
8.69221,6.11976,-0.375845
8.57557,7.11521,-0.324314
8.54977,8.13102,-0.436097
8.45392,9.17437,-0.570772
8.35418,10.2112,-0.397885
8.36394,11.2542,-0.2987
8.31299,12.2276,0.00333872
8.31596,13.2211,-0.231492
8.46287,14.2004,-0.155123
8.83538,15.1349,-0.354711
8.7512,16.1485,-0.105792
8.97346,17.0823,0.111682
8.98388,18.0592,-0.0925169
9.03723,19.0414,0.0946806
9.91062,-0.129881,-0.463912
9.94415,0.894858,-0.38131
9.89158,1.90182,-0.29794
9.73353,2.95218,-0.164507
9.75649,4.00108,-0.318223
9.71861,4.98494,-0.127787
9.65901,6.01166,-0.19761
9.60485,7.01668,-0.401782
9.58755,8.10131,-0.359243
9.50154,9.11252,-0.572732
9.42642,10.1275,-0.506034
9.3967,11.1743,-0.472845
9.34743,12.1576,-0.164809
9.36637,13.1772,-0.214124
9.50463,14.1631,-0.0589465
9.7958,15.1193,0.0321726
9.79347,16.1426,-0.0468947
9.92814,17.2023,-0.0907254
10.0139,18.1751,-0.304892
10.0677,19.0527,0.221046
10.8756,-0.0526841,-0.0725883
10.9322,1.019,-0.178719
10.865,2.03767,-0.0877346
10.7492,3.0901,-0.124509
10.794,4.11809,-0.223264
10.7497,5.10315,-0.075338
10.7904,6.10231,-0.239912
10.6805,7.06855,-0.556926
10.6208,8.01508,-0.417637
10.5124,9.05947,-0.346519
10.4425,10.0965,-0.393017
10.4276,11.1046,-0.293661
10.432,12.092,-0.195004
10.4919,13.1423,-0.166359
10.5588,14.1222,-0.10629
10.7654,15.0691,-0.310395
10.8037,16.0948,-0.16263
10.9019,17.0919,0.0091525
11.0075,18.112,-0.0412946
11.0862,19.0657,0.155037
11.902,0.0196905,-0.0744346
11.9112,1.02356,0.0874477
11.8739,2.05311,-0.133216
11.7774,3.05118,-0.0874355
11.8581,4.09537,0.0355113
11.7449,5.07899,0.0294809
11.8653,6.0249,-0.247523
11.7042,7.00366,-0.369857
11.6851,8.059,-0.33845
11.5834,9.07974,-0.496899
11.4568,10.1129,-0.397894
11.5127,11.0901,-0.24554
11.482,12.0568,-0.081518
11.549,13.0502,-0.363179
11.6327,14.0503,-0.304773
11.7553,15.0776,-0.196182
11.7898,16.0882,-0.0786126
11.8658,17.0993,-0.173373
12.0141,18.0756,0.0604633
12.0353,19.0772,-0.0433699
12.9506,0.0250374,-0.105637
12.9624,0.981716,0.104468
12.8927,2.02273,-0.0460555
12.8364,3.05113,0.114289
12.9138,4.02661,-0.155739
12.7704,5.04624,-0.0847621
12.8845,6.13361,-0.0709494
12.7833,7.03576,-0.467153
12.6946,8.04534,-0.326551
12.6087,9.09018,-0.459261
12.4532,10.09,-0.470223
12.5854,11.0416,-0.101392
12.5422,12.0427,-0.163103
12.6151,13.0331,-0.312809
12.6895,14.0271,-0.0475478
12.7734,15.0314,-0.252239
12.8014,16.059,-0.177548
12.8976,17.0069,0.0236549
13.0136,18.016,-0.016831
13.0504,19.0861,-0.0670583
13.9743,-0.0680197,-0.271828
13.9692,1.00508,0.0312449
13.9407,2.02615,0.134379
13.9018,3.08496,0.19002
13.9327,4.03587,-0.068923
13.7897,5.03353,-0.0560076
13.9001,6.0352,-0.191946
13.7797,7.04918,-0.282119
13.7422,8.05468,-0.2356
13.6366,9.07022,-0.222938
13.5267,10.0591,-0.254656
13.6479,11.0733,-0.0822687
13.6219,12.0595,-0.208847
13.6639,13.037,-0.0486892
13.6776,14.0704,-0.142363
13.8055,15.0472,-0.241636
13.8864,16.0076,-0.192178
13.931,16.984,-0.0130528
14.0139,17.988,0.121958
14.0518,18.9351,-0.0922971
14.9869,-0.0148137,-0.255635
15.0199,0.990085,-0.0635914
14.9323,2.04072,0.00122074
14.8803,3.05951,-0.12248
14.9205,4.0708,-0.379348
14.855,5.01667,-0.208292
14.9169,6.04036,-0.318732
14.8244,7.01413,-0.178219
14.8068,8.05002,-0.282049
14.6735,9.04206,-0.511945
14.5746,9.98836,-0.169811
14.7054,11.0244,-0.124155
14.6756,12.0402,-0.140153
14.7118,13.0401,-0.168465
14.7285,14.0851,0.0591998
14.7635,15.0949,0.0475936
14.8729,16.1201,0.0703207
14.926,17.1539,0.145054
15.0152,18.1415,0.316349
15.0361,19.1434,-0.0292581
16.0106,-0.166768,-0.116614
16.0033,0.934046,-0.213242
15.9394,1.90227,0.0244057
15.8869,2.94813,-0.0850032
15.8947,4.01555,-0.00971709
15.8824,5.00779,-0.182134
15.937,6.02804,-0.148576
15.8088,6.95329,-0.543226
15.8858,7.9702,-0.490878
15.772,8.94087,-0.456108
15.691,9.91318,-0.204028
15.7961,10.9639,-0.227216
15.7462,11.9622,-0.125617
15.7284,12.9852,-0.171953
15.8375,13.9892,0.0212592
15.7493,15.0548,-0.188861
15.9571,16.0982,-0.0241737
15.9066,17.0494,0.212552
16.075,18.0322,0.319111
16.066,19.0499,0.239433
17.0209,-0.0259285,-0.0924406
17.0246,0.973067,-0.0648549
16.942,1.97622,0.156392
16.912,2.91714,-0.18901
16.9048,3.88455,-0.168126
16.8948,4.87406,-0.0491348
16.9472,5.88892,-0.267675
16.7817,6.88419,-0.2691
16.9334,7.91995,-0.478961
16.8322,8.87632,-0.342463
16.7333,9.8722,-0.335582
16.7769,10.9475,-0.347221
16.8097,11.9956,-0.27076
16.8001,13.0025,-0.0492965
16.8376,14.0534,-0.161861
16.8279,15.0946,-0.0172216
16.9569,16.0984,0.00777306
16.9668,17.037,0.339888
17.0978,18.0318,0.249937
17.0606,19.0785,0.257866
18.0836,-0.150362,-0.123969
18.012,0.877459,-0.163015
17.9607,1.91686,0.0762383
17.9722,2.9536,-0.139619
17.8938,3.92932,-0.258916
17.9222,4.90739,-0.0748833
17.9804,5.91979,-0.235655
17.8679,6.93737,-0.349599
17.9623,7.99168,-0.502246
17.8624,9.00702,-0.414515
17.8569,10.0085,-0.337352
17.8378,11.0868,-0.418067
17.8783,12.0668,-0.444285
17.8713,12.9492,0.0484573
17.8611,13.9867,-0.00643941
17.8965,15.0375,0.00366527
17.9807,16.0233,-0.00850246
17.9834,16.911,0.402304
18.1235,17.8737,0.261705
18.0629,18.8538,0.440898
19.1361,0.0137272,-0.195477
18.9958,1.00619,-0.132905
18.9502,2.05511,-0.131037
18.9636,3.06351,-0.303641
18.9307,4.07971,-0.161422
18.9543,5.07901,-0.0415693
19.0204,6.04807,-0.320902
18.876,6.98127,-0.598636
19.0206,7.99833,-0.597607
18.9489,8.97859,-0.530653
18.9301,10.0403,-0.414579
18.8763,11.0865,-0.379461
18.9721,12.1094,-0.453191
18.8779,12.9053,0.150667
18.9293,13.9407,0.140043
18.9412,14.9545,-0.0314798
19.0655,15.9621,0.0539628
18.9879,16.9712,0.0483474
19.1315,17.9848,0.10466
18.9973,18.988,0.153008
