5.37081,-4.13683,2.30867
-8.57706,-17.4976,1.23278
0.146095,7.0412,-9.93454
17.5892,0.1644,11.4129
7.04504,-0.916053,-7.75574
-8.65351,-2.40541,1.37844
6.80437,6.24579,2.09895
-1.61134,12.9604,-2.79121
10.2043,1.65896,-16.5283
2.63753,3.68992,-10.9685
1.15041,-5.37067,0.267672
-2.80735,-8.6367,-0.486984
2.11905,-0.314109,-2.5363
9.55973,-0.125941,3.97771
5.13221,-0.362975,-1.09232
-1.37031,-0.0909879,0.163128
2.19073,4.43163,-0.523017
0.968761,7.53495,-4.5617
2.96602,4.46584,-9.57924
-4.80885,5.31258,-5.06773
1.39203,-1.63541,-1.42953
-0.1129,-3.99194,-0.880709
2.77434,-1.49818,-0.162062
5.93307,-0.441353,1.83498
3.82,0.653655,0.615287
1.23744,1.64527,0.496698
1.37562,4.22102,-0.135334
1.36264,6.38574,-1.81585
1.16023,6.54395,-4.06679
-2.01683,7.89187,-1.46173
2.2579,2.3618,-3.18369
1.55712,0.213965,-1.72714
3.04102,0.864531,-0.280908
4.33338,1.10017,1.31205
3.59558,2.17021,1.81449
2.21884,3.14844,1.97184
1.98135,4.98054,1.70567
1.7672,6.82902,1.08055
0.850514,8.3135,1.07535
-1.5071,10.4861,3.59301
3.1544,6.58341,-5.15222
2.83731,4.24921,-2.49601
3.59025,3.37122,-0.249519
4.1162,3.13266,1.62898
3.86738,3.50568,3.16518
2.8172,4.14754,3.81768
2.55975,5.62013,3.52885
2.49993,7.37866,3.80355
1.94203,9.33244,5.80311
-1.26176,13.8772,9.22385
4.22761,11.0116,-7.86673
4.2607,7.64159,-1.89506
4.56746,5.48693,0.569585
4.4999,4.65679,2.8573
4.19525,4.58524,4.83384
3.32928,4.78651,5.80345
3.28971,5.69133,5.23652
4.34659,6.27991,4.89436
6.46574,5.25385,5.81829
11.1267,1.31596,5.96676
-0.091171,13.751,3.50141
4.98408,5.43397,4.20478
5.73999,4.53784,2.86615
5.01126,4.9027,4.92021
4.3576,5.29765,7.08039
3.51195,5.40998,7.93655
3.91473,5.75812,6.87987
4.80763,5.48498,5.94628
5.54437,4.41195,5.29248
5.1364,2.49338,4.65618
14.8233,-12.3773,12.5313
9.78212,-3.12677,7.1437
7.75026,3.22759,3.1617
5.54993,5.3401,6.84805
4.15847,5.99192,9.79435
3.3826,6.0203,10.0269
4.23544,6.06641,8.57035
5.25771,6.02087,7.06853
6.46351,6.15679,5.2833
8.47819,6.94077,3.0998
-0.443312,-9.93713,-2.3696
7.43313,-2.81772,1.49643
7.10733,8.76246,-2.165
3.64783,7.46339,10.1544
2.90999,6.69122,13.3251
3.21099,6.41697,12.2245
3.93352,6.2958,10.4677
4.69204,6.24027,8.74654
5.36604,6.20364,7.0898
4.54627,6.26991,6.08599
7.1414,-8.92708,2.56191
14.8297,-8.85459,7.46644
9.16507,18.0113,-14.4151
0.154781,6.49119,22.4454
1.48558,6.79574,17.5714
2.57257,6.66188,14.631
3.41781,6.48035,12.3167
4.20657,6.46356,10.4009
4.8016,6.32878,8.67789
4.75754,6.41165,7.40953
