0.0883877,0.05038,-0.355309
0.0141209,1.32885,-0.431358
-0.0219184,2.61269,-0.425532
0.0360759,3.83933,-0.503522
-0.0285043,5.08661,-0.497922
0.022721,6.33713,-0.550508
0.129084,7.50882,-0.601822
0.103159,8.72278,-0.576971
0.0912198,9.96296,-0.603711
0.184106,11.1468,-0.678365
0.308023,12.298,-0.643751
0.263729,13.4895,-0.555351
0.383105,14.4638,-0.662001
0.22844,15.48,-0.623783
0.125977,16.4309,-0.259233
0.236064,17.3543,-0.617649
-0.102557,18.223,-0.324171
-0.0118015,17.256,-0.0764519
0.139305,18.0569,0.524174
-0.0196265,19.0061,0.24304
0.868749,0.756252,-0.480444
0.858757,1.90954,-0.472491
0.905451,3.10086,-0.490057
0.956026,4.26863,-0.580093
0.926157,5.49077,-0.594287
0.992483,6.70705,-0.631437
1.03341,7.93453,-0.58699
1.01702,9.15185,-0.508115
1.0885,10.3396,-0.317762
1.18649,11.5422,-0.211432
1.46235,12.6955,-0.119187
1.4137,13.8413,-0.303394
1.11609,14.8582,-0.133082
1.22592,15.8473,-0.412616
1.02567,16.6488,0.150328
1.28021,17.0895,-0.717151
0.932093,18.0342,-0.339845
0.892413,17.0918,-0.600461
1.03501,17.9847,-0.0335643
0.954283,19.0669,-0.0442946
1.88263,0.980865,-0.356633
1.80731,2.1734,-0.271404
1.90171,3.39698,-0.409186
1.88395,4.65641,-0.412314
1.87964,5.88254,-0.424967
1.89266,7.06339,-0.379626
1.92412,8.33759,-0.318287
1.94529,9.59189,-0.288971
1.96449,10.8289,-0.0433332
2.15146,12.0844,0.0467391
2.69488,13.2762,0.0620655
2.48318,14.5103,-0.31312
1.82568,15.5029,0.274017
2.19342,16.3568,-0.453288
1.79886,17.28,0.148274
2.33679,17.041,-0.623426
1.88318,17.8248,-0.166881
1.91432,16.9668,-0.60647
2.00795,17.8815,-0.186761
1.97946,18.9055,0.00167852
2.83238,0.676229,-0.318247
2.81454,1.83093,-0.315278
2.82485,3.01113,-0.373089
2.86593,4.23051,-0.327586
2.82475,5.43258,-0.371288
2.76457,6.58906,-0.399994
2.74558,7.76695,-0.42548
2.80867,8.9398,-0.415174
2.67087,10.0609,-0.233909
2.62969,11.2282,-0.244697
2.63342,12.2508,-0.0600909
2.59894,13.4015,0.0987274
2.36218,14.4342,-0.102097
2.63027,15.4926,-0.136863
2.34257,16.4356,-0.327113
3.02816,17.0067,0.168413
2.89075,17.9417,-0.0634571
2.91461,17.0988,-0.66335
3.07436,18.0288,-0.289883
2.97939,19.0189,-0.0423353
3.82546,0.46878,-0.347951
3.80456,1.61312,-0.381497
3.80294,2.74974,-0.322208
3.78377,3.89988,-0.336927
3.77118,5.02127,-0.436915
3.70985,6.16135,-0.446345
3.63462,7.27021,-0.442808
3.6563,8.41208,-0.43159
3.60068,9.52036,-0.336631
3.53209,10.6359,-0.339918
3.45524,11.7016,-0.201553
3.25619,12.7515,-0.349205
3.13421,13.8063,-0.407016
3.36314,14.7982,-0.342045
3.32151,15.796,-0.412815
3.90403,16.6596,-0.204218
3.77334,17.5425,0.154253
3.9581,17.2117,-0.801538
4.09854,18.1079,-0.257402
3.99481,19.1062,-0.132041
4.82952,0.306339,-0.473171
4.83968,1.35474,-0.382858
4.74996,2.46951,-0.400845
4.76524,3.60636,-0.565621
4.70683,4.65977,-0.611954
4.66641,5.77962,-0.625468
4.53857,6.85029,-0.443385
4.54558,7.91922,-0.50538
4.48742,8.96703,-0.463637
4.42318,10.0458,-0.391824
4.30092,11.1079,-0.240562
4.17699,12.1676,-0.348775
4.02823,13.2057,-0.533235
4.2487,14.2393,-0.415891
4.32709,15.2562,-0.469778
4.74636,16.045,-0.0981872
4.65109,17.0389,0.0787011
4.95803,17.242,-0.902045
5.11386,18.0743,-0.396432
5.03937,19.0678,-0.258712
5.85671,0.150783,-0.50741
5.88093,1.24756,-0.366384
5.81318,2.33987,-0.425025
5.75749,3.4438,-0.475109
5.72196,4.51128,-0.371166
5.66823,5.56482,-0.437648
5.57335,6.60561,-0.518131
5.51883,7.62774,-0.580367
5.45984,8.67589,-0.491287
5.44125,9.71872,-0.453468
5.26469,10.7654,-0.4017
5.12006,11.833,-0.383889
5.11725,12.8406,-0.665047
5.2752,13.8457,-0.463921
5.34275,14.8904,-0.345909
5.70996,15.8077,-0.429987
5.63215,16.729,0.121888
6.00085,17.3807,-0.571926
6.054,18.3864,-0.660918
5.99014,18.9971,0.178661
6.85858,0.145674,-0.403989
6.91532,1.19101,-0.301141
6.83747,2.24331,-0.384313
6.78025,3.2617,-0.193728
6.73278,4.2826,-0.431089
6.68394,5.35976,-0.485229
6.56981,6.37545,-0.505976
6.46795,7.44701,-0.38461
6.51126,8.53765,-0.338505
6.49195,9.57085,-0.465825
6.2857,10.5922,-0.553691
6.16032,11.5854,-0.453151
6.20491,12.5941,-0.631083
6.24349,13.5533,-0.309729
6.37156,14.5308,-0.284518
6.66546,15.4576,-0.475332
6.61625,16.3688,-0.0882443
6.98549,17.2368,-0.418049
7.07824,18.2093,-0.514811
7.02917,18.9432,0.178973
7.88209,0.023603,-0.293918
7.92778,1.09238,-0.450096
7.80832,2.09087,-0.540333
7.73759,3.09942,-0.26654
7.70909,4.12495,-0.535606
7.63877,5.15552,-0.394696
7.67162,6.2143,-0.497223
7.54621,7.25152,-0.407749
7.54897,8.3099,-0.327635
7.53753,9.33551,-0.470989
7.30337,10.3823,-0.467785
7.20863,11.3767,-0.282852
7.2297,12.4016,-0.346455
7.24983,13.3822,-0.169402
7.40872,14.3645,-0.2652
7.71238,15.3147,-0.381393
7.62285,16.3386,-0.190539
7.96275,17.2199,0.0733726
8.06659,18.163,-0.326035
8.01602,19.041,0.17054
8.88469,-0.0724387,-0.459713
8.93999,0.990951,-0.546547
8.79647,2.02397,-0.404578
8.71181,3.03101,-0.269619
8.65047,4.03577,-0.196539
8.65341,5.11737,-0.15974
8.72556,6.11603,-0.365197
8.59618,7.11205,-0.456227
8.55572,8.19949,-0.612735
8.55011,9.209,-0.575695
8.31407,10.1971,-0.479302
8.28312,11.17,-0.239405
8.32585,12.192,-0.259505
8.28619,13.1977,-0.184237
8.47365,14.2139,-0.133241
8.69389,15.2623,-0.0742454
8.69452,16.2917,0.0675405
9.00255,17.2201,0.264089
9.06564,18.0815,-0.272008
9.07154,19.0384,0.162258
9.88108,-0.12786,-0.392242
9.99197,0.937321,-0.321537
9.83465,1.95109,-0.288311
9.74247,3.00733,-0.347423
9.66996,4.06294,-0.34026
9.72933,5.06476,0.00485549
9.76588,6.00837,-0.341798
9.65999,6.9961,-0.350011
9.6491,8.06732,-0.42794
9.52401,9.0292,-0.560579
9.39696,10.0157,-0.531938
9.34444,11.0557,-0.228462
9.37945,12.05,-0.0770196
9.31435,13.056,-0.0866024
9.57444,14.0993,-0.0996429
9.69026,15.0786,-0.0302805
9.70756,16.1706,-0.0216773
9.96468,17.1754,-0.0124363
10.0778,18.1296,-0.266436
10.07,19.0505,0.134672
10.868,-0.0566424,0.0219489
11.0265,0.963918,-0.159297
10.8931,1.95384,-0.150941
10.7485,3.00063,-0.197708
10.7135,3.98178,-0.335527
10.6776,4.99378,-0.192093
10.8361,5.96703,-0.449983
10.6577,6.96974,-0.563506
10.6965,8.04499,-0.405359
10.5335,9.05028,-0.680996
10.4727,10.096,-0.480218
10.447,11.0999,-0.194604
10.4534,12.0626,0.00122074
10.4225,13.0535,-0.110489
10.6461,14.1004,-0.106116
10.722,15.132,-0.142668
10.7817,16.1402,-0.0603931
11.0369,17.1265,0.00773949
11.1005,18.1083,-0.0191351
11.051,19.0767,0.110434
11.8904,0.0253548,-0.0195318
12.0719,0.965679,-0.273061
11.9271,2.06532,-0.230988
11.76,3.02842,-0.00225837
11.7688,4.05066,-0.115003
11.7434,5.07134,-0.311612
11.8354,6.03909,-0.496918
11.6696,7.07026,-0.495459
11.7749,8.0653,-0.436763
11.5936,9.05717,-0.639412
11.5679,10.0593,-0.559978
11.4973,11.0607,-0.336189
11.5248,12.0274,-0.0512345
11.4448,13.0511,-0.223682
11.6811,14.0213,-0.215799
11.7176,15.0842,-0.442805
11.8616,16.0953,-0.152791
12.061,17.0626,-0.0622028
12.1768,18.0552,-0.0267098
12.0527,19.0767,-0.12013
12.9175,0.0252602,-0.154506
13.0533,1.00521,-0.0209967
12.8692,1.98824,0.0892056
12.8052,2.97351,0.0599384
12.7593,4.0275,0.0370739
12.8232,5.02654,-0.17438
12.8182,6.03638,-0.127747
12.6621,6.98585,-0.417954
12.8202,8.01561,-0.36093
12.6832,9.05697,-0.460607
12.5919,10.1299,-0.412922
12.4962,11.1506,-0.420808
12.5649,12.12,-0.159951
12.5477,13.1074,-0.205817
12.7462,14.0697,-0.101981
12.7361,15.0935,-0.421235
12.8562,16.179,-0.344523
13.0555,17.1137,-0.00986053
13.24,18.1063,-0.0356731
13.0737,19.0841,-0.081991
13.9187,-0.0688742,-0.151091
13.9908,0.97821,-0.315201
13.9595,1.94439,0.0531419
13.8154,2.93984,-0.0726127
13.7938,3.97856,-0.0552263
13.8674,4.99688,-0.185794
13.8499,6.00498,-0.212796
13.6787,6.97345,-0.431828
13.8026,8.00669,-0.263152
13.7252,9.04476,-0.458745
13.6228,10.1026,-0.291302
13.5215,11.1287,-0.441295
13.6456,12.0805,-0.127351
13.7037,13.1086,-0.10683
13.7823,14.1072,-0.125138
13.8029,15.1427,-0.280471
13.8347,16.1446,-0.0853572
14.0297,17.0184,0.339964
14.1874,17.8977,-0.220914
14.1252,18.9327,-0.0123692
14.9649,-0.0213721,-0.15248
14.9684,0.985791,-0.045143
14.9384,1.95598,0.199322
14.852,3.00821,-0.0435499
14.8529,4.04805,-0.0950743
14.9196,5.00784,-0.448582
14.8478,5.98591,-0.190899
14.7337,6.97668,-0.413486
14.8209,7.99333,-0.380392
14.7824,9.0221,-0.493085
14.6828,10.0257,-0.41543
14.5726,11.0982,-0.358013
14.7126,12.0826,-0.369985
14.7449,13.1082,-0.0617542
14.7842,14.1203,-0.063216
14.8321,15.1602,-0.0837336
14.9034,16.2,-0.0678854
14.9971,17.1471,0.224064
15.1173,18.1376,0.207801
15.0986,19.1433,-0.0228004
15.9805,-0.158873,-0.214185
16.0275,0.819303,0.0405927
15.9734,1.83951,0.0386883
15.8792,2.91714,-0.153938
15.8908,3.9296,-0.122376
15.93,4.89498,-0.234248
15.9231,5.97763,-0.342573
15.7566,6.95329,-0.559734
15.905,7.9505,-0.342164
15.843,9.0102,-0.386239
15.7163,10.036,-0.412131
15.7014,11.0573,-0.41174
15.7595,12.046,-0.45164
15.7583,13.0285,-0.15255
15.8309,14.0211,-0.127232
15.8924,15.0464,-0.0416425
15.9026,16.103,-0.0323832
16.017,17.0596,0.384469
16.1056,18.003,0.0126499
16.0732,19.046,0.131159
17.0371,-0.0267983,-0.130232
17.0467,0.999512,-0.168688
16.9057,1.96824,-0.353056
16.9413,2.97018,-0.211499
16.9048,4.01115,-0.180172
16.9305,5.00814,-0.10839
16.9981,5.96361,-0.30137
16.8242,6.93238,-0.475604
16.9293,7.99652,-0.485144
16.9118,9.02087,-0.314896
16.756,9.99472,-0.23621
16.7553,11.0288,-0.196155
16.8348,12.0425,-0.215662
16.8624,13.0839,-0.13625
16.8558,14.0841,-0.0448988
16.9385,15.0803,0.0778314
16.9771,16.0858,-0.152239
16.9854,17.056,-0.016129
17.1531,18.0371,0.144533
17.0606,19.0785,0.257866
18.0798,-0.141539,-0.0468642
18.0457,0.842228,-0.117994
17.9319,1.87233,-0.240126
17.97,2.94346,-0.150636
17.9341,3.98381,-0.247035
17.953,4.97405,-0.0891507
17.99,5.98977,-0.330988
17.8366,6.97737,-0.390316
17.9681,7.98259,-0.478387
17.9557,8.99986,-0.340953
17.825,10.0285,-0.394775
17.7979,11.0187,-0.225196
17.9077,12.0188,-0.287295
17.8912,13.0126,0.0979156
17.8602,13.9987,-0.0678182
17.9249,14.97,-0.159004
18.0489,16.0192,-0.250804
17.959,16.923,0.12934
18.168,17.8646,0.330754
18.0322,18.861,0.46307
19.1361,0.0137272,-0.195477
19.0047,1.04534,-0.164806
18.9462,2.01905,0.0395489
18.9842,2.99382,-0.173339
18.9323,3.99568,-0.317298
18.942,5.00804,-0.222282
19.0198,6.03778,-0.273687
18.8701,7.01633,-0.443129
19.0299,7.9863,-0.660964
18.9491,9.00366,-0.576318
18.9284,10.0472,-0.45251
18.8763,11.0865,-0.379461
18.9637,12.1056,-0.390396
18.8781,12.9288,0.169131
18.923,13.9693,0.0854732
18.9408,14.9422,-0.0815455
19.0611,15.9436,0.143837
18.9903,16.946,-0.0506912
19.1288,17.9405,0.109867
18.9973,18.988,0.153008
