4.36763,5.88735,0.741844
3.45857,6.1255,1.07751
3.13043,5.11438,0.883505
2.5937,5.97551,1.25837
2.29513,5.43036,0.467364
2.38959,4.76006,-0.299557
2.69359,5.38202,0.467901
3.31667,5.97126,0.962706
4.09348,6.56028,1.0903
3.80502,6.15463,0.230482
3.58544,5.66764,0.130845
3.38864,5.14406,0.913196
3.46556,4.37732,0.307791
2.92673,5.21032,0.647536
2.4426,4.53876,0.042497
2.55729,5.44858,0.412622
2.74235,6.39019,0.600534
3.50083,6.96941,0.751225
3.79202,6.07554,0.280486
3.97159,5.25291,-0.262001
4.39206,5.23077,-0.237864
4.09628,5.80974,0.581838
4.394,4.88742,0.305353
3.51778,4.46716,0.27224
3.10292,4.09771,-0.560933
2.79063,5.0216,-0.436195
3.28168,5.85176,-0.0521226
4.03021,6.50883,0.0329234
4.56534,6.30126,0.876031
4.66193,5.96439,-0.000326548
4.10103,4.31992,-0.59227
4.30705,4.9135,0.164098
3.55583,4.28349,0.458269
4.54902,4.22332,0.289016
4.05785,4.32556,-0.575234
3.77586,5.2127,-0.28449
3.80615,5.93942,-0.965487
4.71047,6.03885,-0.570757
5.25837,6.42878,0.182974
4.39549,6.66752,0.636088
3.93982,5.14061,-0.085107
4.56158,4.84376,-0.805658
4.57569,4.45105,0.20806
5.27924,4.47123,0.915235
4.83877,4.16806,0.0591723
4.48741,5.07132,0.39574
3.99872,5.85437,0.0164068
3.79062,5.89948,-0.959746
4.38892,6.01519,-0.193558
5.08058,5.91734,0.540892
4.41265,4.16644,-0.0129124
5.33119,4.32084,-0.51904
5.01664,5.22046,-0.247768
4.87738,4.25147,-0.000811792
5.30081,4.87042,0.62859
5.28378,5.4539,-0.169875
4.75312,6.16107,-0.632496
4.60173,5.45777,-1.35989
4.36452,5.02358,-0.451366
4.60107,5.95948,-0.334227
4.9109,4.49601,-0.888562
5.1145,3.55092,-1.14223
4.90304,4.26886,-0.432612
5.79771,4.61848,0.00260018
5.24357,5.51694,-0.151476
5.73518,5.22365,0.726334
5.02491,5.67881,0.203482
5.16377,5.11214,-0.584219
4.57412,5.98655,-0.475918
5.22309,5.21375,-0.605792
4.90339,4.98473,0.00126652
4.93391,4.01944,-0.299042
5.91527,4.38612,-0.323289
6.74734,4.89182,-0.11586
6.22492,5.77721,0.0881832
5.9467,6.15866,1.01906
6.01661,5.89914,0.0571673
5.78242,5.89903,-0.968264
5.14871,5.17093,-0.618131
5.02046,5.70619,-1.46077
4.08361,4.33114,-0.29158
4.69544,4.63959,0.478732
5.44492,5.17211,0.10231
6.28386,5.77549,0.0990356
6.06806,6.45643,-0.617249
5.64041,5.99306,0.140202
5.59508,5.6899,-0.817158
5.86802,5.06294,-1.57267
6.12937,4.99097,-0.570507
5.83815,5.09382,-1.49539
5.05898,4.53475,-0.209055
5.24907,5.44179,0.236702
5.07738,5.38087,-0.81348
6.10691,5.52639,-0.833091
6.11958,6.18032,-1.56459
5.44718,5.91509,-0.83263
5.01264,5.5492,-1.63765
5.04435,4.68286,-1.18989
5.18696,5.4447,-0.544688
4.92364,5.48836,-1.50072
