0.148527,0.454817,-2.17971
0.14854,1.72782,-2.19561
0.111869,3.01728,-2.25313
0.161333,4.31335,-2.31101
0.159062,5.5721,-2.31222
0.134639,6.78791,-2.24781
0.0974151,8.02886,-2.17276
0.284024,9.25266,-2.13601
0.404846,10.4784,-2.03236
0.762581,11.537,-1.82252
1.17925,12.5641,-1.49775
0.999191,13.706,-1.46236
0.504007,14.5878,-1.57002
0.456743,15.5655,-1.42522
0.0885403,16.543,-1.37071
0.436485,17.4377,-1.05511
-0.188183,18.2204,-1.20162
0.0993408,17.2871,-0.976455
0.0136448,18.2535,-0.742268
-0.0144719,18.9936,-0.0586383
0.87214,1.25213,-2.22745
0.909217,2.41699,-2.28173
1.02046,3.59259,-2.15108
1.05545,4.7887,-2.10971
1.03613,5.99517,-2.05445
1.07708,7.18247,-2.05442
1.14031,8.39355,-2.00022
1.2845,9.55463,-1.96238
1.50544,10.727,-1.7685
1.81087,11.8217,-1.42823
2.2146,12.9252,-1.00561
2.05545,14.0683,-1.09886
1.4639,14.8664,-1.39182
1.49815,15.8697,-1.18607
1.07197,16.7343,-1.5405
1.51981,17.2769,-0.837321
0.89613,18.0082,-1.16735
1.11278,16.973,-1.08876
0.961574,17.9598,-0.683666
0.870339,19.0101,-0.515397
1.79803,1.61275,-2.34291
1.89884,2.7185,-2.26014
1.99857,3.92309,-2.27145
2.01306,5.09097,-2.23746
1.98248,6.30042,-2.10138
2.00623,7.48623,-2.01174
2.13908,8.72643,-1.92107
2.28385,9.96351,-1.71758
2.42463,11.187,-1.48273
2.76869,12.3902,-0.986419
3.22556,13.5261,-0.353386
2.8216,14.8469,-0.549223
2.10069,15.7019,-1.43387
2.39589,16.4742,-0.711261
1.83367,17.4092,-1.18448
2.56384,17.0189,-0.757732
2.03141,17.9348,-1.01638
2.15864,16.9788,-1.00674
1.91155,18.009,-1.03223
1.81314,19.0451,-0.974175
2.76375,1.30427,-2.18836
2.8955,2.42863,-2.26369
2.96778,3.51838,-2.14015
2.95214,4.67771,-2.1001
2.89273,5.83013,-2.04378
2.9787,6.99926,-1.97983
3.04124,8.17271,-1.8613
3.04292,9.34249,-1.70461
3.19098,10.4968,-1.63182
3.26506,11.6752,-1.58298
3.23294,12.7372,-1.1556
3.16397,13.9104,-1.1274
2.80132,14.8826,-1.43665
3.10674,15.729,-0.913361
2.56101,16.5271,-1.14464
3.36959,17.112,-1.41318
3.00768,17.8068,-0.776461
2.97804,17.1461,-1.56881
2.89117,18.0026,-1.06799
2.81555,18.9868,-1.23376
3.76085,1.05088,-2.32269
3.86737,2.12913,-2.16308
3.95139,3.2494,-2.14472
3.89633,4.32196,-2.18935
3.90923,5.37167,-2.05962
3.83454,6.40061,-1.93123
3.81776,7.52943,-1.9862
3.81107,8.65334,-1.85028
3.85122,9.75154,-1.80182
3.93692,10.8382,-1.5899
3.83293,11.9424,-1.52277
3.77633,13.0195,-1.44591
3.45555,14.0121,-1.34119
3.73085,14.9901,-1.1075
3.59945,16.0592,-1.17302
4.32528,16.6574,-1.32923
4.02208,17.4067,-0.758885
3.92767,17.3764,-1.72785
3.87345,18.126,-1.02016
3.82238,19.2071,-1.06977
4.75298,0.782473,-2.14627
4.80414,1.86658,-1.95225
4.85734,2.86531,-2.1206
4.89558,3.89249,-2.18343
4.82749,4.9059,-1.99025
4.78989,6.0225,-2.00916
4.84105,7.11045,-2.06648
4.7494,8.17891,-1.98569
4.72967,9.22143,-1.93878
4.75833,10.2734,-1.83141
4.70153,11.3218,-1.56532
4.6066,12.3849,-1.44283
4.35937,13.4051,-1.40039
4.6087,14.4118,-1.28049
4.38984,15.4026,-1.25023
5.12517,16.0833,-1.36058
4.97259,16.9628,-0.932838
4.94039,17.3785,-1.88991
4.88132,18.007,-1.11168
4.82633,18.9977,-1.22714
5.70018,0.342695,-2.07922
5.71479,1.41956,-2.00246
5.83625,2.50638,-2.10577
5.86781,3.56656,-2.16547
5.78831,4.56912,-2.05685
5.78602,5.63746,-2.12641
5.76606,6.66695,-2.06898
5.67974,7.6759,-1.92638
5.66811,8.71756,-1.88405
5.69615,9.83934,-1.88402
5.6335,10.8802,-1.7195
5.52785,11.895,-1.56707
5.40685,12.9805,-1.42547
5.52482,13.9495,-1.4887
5.2891,14.8703,-1.1841
5.98231,15.5609,-1.31252
5.92211,16.5943,-1.14919
5.95118,17.2855,-1.83673
5.93971,18.0019,-1.08049
5.79989,18.9843,-0.958708
6.78506,0.193744,-1.9829
6.77117,1.26071,-1.98293
6.74839,2.33208,-1.76633
6.80792,3.36225,-1.84912
6.82802,4.42746,-1.92548
6.80623,5.49662,-1.9814
6.79342,6.47906,-2.02251
6.75233,7.4938,-1.92885
6.68519,8.51608,-1.80291
6.71073,9.58274,-1.69643
6.6173,10.5938,-1.61924
6.54528,11.6405,-1.46145
6.4084,12.6423,-1.66675
6.44592,13.5543,-1.27239
6.34594,14.5523,-1.0876
6.96796,15.2917,-1.48369
6.88637,16.3155,-1.24915
6.95972,17.1932,-1.69729
6.96757,17.9927,-1.07808
6.82781,18.9155,-0.772265
7.81509,-0.010062,-1.91512
7.8062,1.04272,-1.91384
7.75796,2.04916,-1.66073
7.79133,3.09876,-1.67421
7.76186,4.1743,-1.6616
7.80312,5.17194,-1.70227
7.78354,6.20918,-1.8757
7.75379,7.26776,-1.88291
7.62123,8.23323,-1.65138
7.69604,9.30437,-1.58702
7.62977,10.3866,-1.61037
7.49627,11.4116,-1.60018
7.443,12.3835,-1.463
7.46152,13.3806,-1.33618
7.33732,14.3595,-1.18208
7.93177,15.1213,-1.38574
7.90308,16.1427,-1.25915
7.95809,17.0939,-1.59833
7.95201,17.8119,-0.935569
7.87974,18.8573,-0.726811
8.86829,-0.097821,-1.71629
8.82377,0.951091,-1.66381
8.8843,1.97694,-1.68295
8.85564,3.02277,-1.68146
8.79171,4.07849,-1.67151
8.80504,5.08966,-1.71578
8.77085,6.16368,-1.63389
8.73072,7.17675,-1.50181
8.69175,8.13003,-1.64247
8.69177,9.15065,-1.57747
8.60961,10.1848,-1.71525
8.50658,11.1959,-1.36659
8.4257,12.1929,-1.46525
8.47323,13.2012,-1.37522
8.35716,14.187,-1.17062
8.93038,15.0396,-1.18069
8.90018,16.1059,-1.26532
8.94999,17.0976,-1.25061
8.91493,18.0605,-0.896677
8.9292,19.0387,-0.759853
9.86196,-0.274053,-1.53765
9.89897,0.850948,-1.56116
9.90846,1.93593,-1.54391
9.90069,2.99611,-1.58333
9.82003,4.06208,-1.51628
9.79366,5.08774,-1.50353
9.77903,6.06406,-1.75377
9.75632,7.08885,-1.72051
9.66587,8.12114,-1.58252
9.71829,9.0982,-1.7129
9.615,10.0837,-1.51096
9.55652,11.0985,-1.39115
9.47258,12.086,-1.1971
9.47854,13.1351,-1.29143
9.3685,14.158,-1.06096
9.90101,15.0119,-0.893909
9.93258,16.0643,-1.05876
9.94905,17.0701,-1.24254
9.94313,18.0399,-0.919843
9.92645,19.0856,-0.947343
10.8674,-0.170327,-1.22417
10.9301,0.84742,-1.3747
10.919,1.85773,-1.36648
10.9183,2.94617,-1.35894
10.8831,3.96011,-1.45253
10.8249,4.98704,-1.54424
10.8253,5.99377,-1.66316
10.7476,7.0142,-1.53538
10.7279,8.01002,-1.63933
10.7209,8.99465,-1.49771
10.7204,10.0514,-1.52053
10.6652,11.1118,-1.47417
10.5164,12.0644,-1.2005
10.5047,13.1474,-1.27732
10.4281,14.1742,-1.2637
10.8936,15.0509,-1.11908
10.9095,16.0767,-1.30411
10.9628,17.075,-1.0275
10.9461,18.0975,-1.04036
10.9501,19.1201,-0.880605
11.9016,-0.0165227,-1.2503
11.9003,0.960854,-1.0624
11.9182,1.93897,-1.37146
11.9642,2.96832,-1.44926
11.8688,3.94888,-1.37302
11.8698,4.97166,-1.66378
11.8381,5.97831,-1.60143
11.7991,7.00392,-1.46069
11.7654,7.99793,-1.65621
11.7449,9.00697,-1.51566
11.7769,9.99063,-1.34046
11.67,11.0017,-1.50594
11.5626,11.9914,-1.19412
11.51,13.0231,-1.22607
11.489,14.0698,-1.25668
11.8754,14.9699,-1.3296
11.9428,15.9781,-1.05495
11.9695,16.9898,-0.969301
11.9896,18.0603,-0.986004
12.0071,19.0422,-0.752467
12.9272,-0.0758171,-1.37636
12.9578,0.921476,-1.10966
12.9199,1.93999,-1.11375
12.9965,2.90819,-1.39335
12.8613,3.89858,-1.60429
12.8121,4.90428,-1.38166
12.9135,5.95474,-1.461
12.8201,6.9604,-1.69004
12.8422,7.97761,-1.5287
12.8077,8.97482,-1.4328
12.8272,9.99102,-1.28755
12.7557,10.9945,-1.50245
12.6287,12.002,-1.26964
12.523,13.0533,-1.14866
12.5445,14.0743,-1.2425
12.9004,15.0562,-1.23873
12.9942,16.1208,-1.20018
12.9982,17.1439,-1.07119
13.0099,18.1418,-0.97871
13.0533,19.1532,-0.885443
13.9407,-0.223835,-1.18457
13.9486,0.837465,-1.39506
13.9346,1.8435,-1.17357
14.0128,2.85421,-1.21325
13.8752,3.85062,-1.49447
13.8402,4.83684,-1.35281
13.9317,5.91732,-1.4024
13.8072,6.95329,-1.46524
13.871,7.97372,-1.47504
13.8669,9.00785,-1.3097
13.8669,10.0114,-1.17043
13.7607,11.0352,-1.33227
13.6853,12.0627,-1.25549
13.6341,13.1294,-1.06724
13.5987,14.1451,-1.12976
13.9266,15.1308,-1.08184
14.0365,16.1277,-1.16335
14.0773,17.1057,-0.86845
14.0477,18.1741,-0.745439
14.0741,19.2517,-0.770287
14.9785,-0.266445,-1.10895
14.9453,0.795093,-1.1902
15.0101,1.83552,-1.22851
15.0124,2.8467,-1.22629
14.8906,3.83696,-1.34567
14.8722,4.90119,-1.33136
14.9625,5.88636,-1.467
14.8283,6.88097,-1.27905
14.8912,7.90818,-1.24028
14.9084,8.97439,-1.36781
14.8694,10.051,-1.23328
14.7784,11.0435,-1.19772
14.7733,12.067,-1.22824
14.695,13.0659,-1.10814
14.6463,14.0834,-1.15991
14.9355,15.1227,-1.20346
15.0485,16.1516,-1.12873
15.1038,17.169,-0.873455
15.0637,18.1534,-0.679003
15.0809,19.2094,-0.778411
16.0207,-0.213501,-1.12922
15.9506,0.814454,-1.39678
16.0705,1.83165,-1.37706
15.9931,2.82821,-1.34987
15.8948,3.82026,-1.32765
15.9477,4.89152,-1.36676
15.9631,5.91958,-1.23703
15.8536,6.93138,-1.22016
15.8599,7.96768,-1.02408
15.9115,9.01471,-1.11453
15.8151,10.0005,-0.860259
15.8215,11.0951,-0.918928
15.8032,12.0729,-1.06358
15.7708,13.1201,-1.123
15.7132,14.1167,-1.18993
15.9468,15.0938,-1.17661
16.0417,16.0631,-0.961199
16.0797,17.1126,-0.99985
16.1041,18.1252,-0.934587
16.1165,19.1489,-0.803247
17.0389,-0.241649,-1.06503
16.9555,0.793744,-1.10401
17.0455,1.84274,-0.985833
16.9973,2.82587,-1.13028
16.8236,3.85284,-1.01442
16.9356,4.83149,-1.33977
16.9746,5.87237,-1.20384
16.8804,6.93745,-1.09435
16.8512,7.94676,-0.922806
16.9254,8.98564,-0.944704
16.8258,10.0086,-0.875286
16.8648,11.061,-0.948024
16.8155,12.0606,-1.10252
16.8232,13.1045,-1.10731
16.7761,14.1224,-1.02931
16.978,15.1178,-0.939604
17.0583,16.1557,-0.808441
17.1193,17.1522,-1.12438
17.2213,18.1548,-0.95204
17.0867,19.1366,-0.598871
18.0851,-0.242344,-1.18943
17.9576,0.815174,-1.12444
18.0286,1.8576,-1.07879
18.0225,2.85583,-1.1112
17.8085,3.89189,-1.10211
17.9675,4.87285,-1.25979
18.0204,5.86245,-1.05495
17.917,6.92218,-1.00236
17.8553,7.92885,-1.06036
18.0046,8.94336,-0.916169
17.799,9.91127,-1.06179
17.9163,10.9915,-1.24179
17.8954,12.0302,-1.19231
17.875,13.0134,-0.961623
17.8216,14.1257,-0.943889
17.9969,15.095,-0.877728
18.0807,16.1574,-0.800226
18.0282,17.1772,-0.678484
18.2124,18.1879,-0.707697
18.01,19.0346,-0.195202
19.0665,0.0641011,-0.92432
18.9382,1.01892,-1.28675
19.0126,2.05544,-1.18421
19.01,3.03413,-0.97792
18.8475,4.01984,-1.05507
18.8834,5.06833,-0.916095
19.0824,5.9961,-1.20462
18.8997,6.99092,-1.11075
18.9053,8.02194,-1.04287
19.0499,9.01847,-0.99599
18.8435,10.0477,-1.08911
18.9477,11.0712,-1.0972
18.9365,12.1261,-1.11735
18.8773,13.1914,-1.09404
18.9292,14.1747,-0.88359
18.9829,15.135,-0.663478
19.0906,16.1501,-0.624702
19.043,17.1752,-0.538646
19.2084,18.1935,-0.42317
19.0216,19.0729,0.0592486
