3.36884,5.09664,1.47734
3.26276,5.14015,0.487045
3.66039,4.44051,1.18854
3.3213,3.67341,0.531086
2.53554,4.17663,0.902612
2.83049,4.45381,-0.0058504
3.33078,5.39535,0.215986
3.58609,6.25386,-0.231706
3.60411,6.6793,0.666607
3.7043,5.75383,0.265203
3.41121,4.10509,1.1973
3.5434,4.24657,0.23723
2.75095,4.59437,0.789782
2.88822,3.89489,1.51747
3.5393,4.3144,0.8626
3.31035,5.19269,0.444368
2.89635,6.01511,0.852504
2.82521,6.74011,0.197061
3.24881,7.59969,0.469695
3.22437,6.60473,0.306961
3.62236,3.91914,0.264272
4.50136,4.31793,-0.0344218
3.5698,4.57083,0.248692
3.79635,4.28716,1.20254
4.25759,5.11416,0.849779
3.96423,6.00695,0.438832
3.18265,6.35152,-0.110532
3.76619,7.09015,0.177215
3.19383,6.72367,0.947237
3.25726,7.59947,0.404248
4.39778,4.13562,-0.362322
3.6871,4.82506,-0.380697
4.5708,4.44725,-0.0257118
3.61554,4.15421,0.230686
4.55387,4.18759,0.580795
4.19661,5.06876,0.115506
3.87283,5.70685,-0.584429
3.22795,6.44202,-0.343474
3.8987,6.25767,0.371117
3.96151,7.07257,0.986373
4.70535,3.67133,-1.20875
4.49722,4.21382,-0.378405
5.44592,4.52383,-0.518607
4.56359,4.24681,-0.237693
4.18605,5.05589,0.239772
4.89197,5.66471,0.557173
4.34953,4.98531,0.0120853
3.78415,5.7961,0.158214
4.74362,5.6424,0.386462
4.39294,6.56104,0.149449
5.64859,3.51888,-0.846446
5.36226,4.46812,-0.784777
4.53838,4.19131,-0.20951
4.16751,5.13997,-0.0215186
4.84279,5.86865,0.347804
4.4803,5.24184,-0.332899
5.24707,5.25136,0.363021
4.7609,6.10851,0.146312
5.25154,5.46708,-0.462288
5.39048,6.36541,-0.0169713
5.0381,3.74651,-0.00888394
4.57712,4.60942,-0.168142
5.48526,4.36187,0.0422315
5.12868,5.27339,0.334297
5.66702,5.9622,-0.25237
4.66182,6.17615,-0.520121
5.63135,6.03847,-0.232127
4.94645,5.28613,-0.419395
5.47772,4.6524,-0.9738
5.19998,5.58606,-0.643095
4.84166,4.65223,0.447432
5.5015,4.18555,-0.137632
6.18062,4.84011,-0.525544
6.17178,5.29866,0.38637
5.28254,5.63453,0.651274
5.61052,6.04098,-0.228144
5.37496,5.09132,-0.140263
5.73778,5.94396,-0.644609
4.88588,5.43356,-0.587729
5.22479,6.04281,0.238725
5.53715,5.40103,0.438826
5.62075,4.49587,0.841853
6.11632,5.29019,0.3832
6.66465,4.48114,0.0653188
6.22481,5.41854,0.302359
6.62565,6.00374,-0.431632
6.41043,5.08267,-0.0717795
6.71662,5.95856,-0.373913
5.84983,5.63047,-0.876171
4.89977,5.73068,-0.644383
5.28887,4.54516,-0.131059
6.20292,5.0081,0.130006
5.58066,5.44593,-0.482427
6.38692,5.47267,0.183724
6.3446,4.60615,-0.281857
6.0705,5.26738,-0.926634
6.70596,5.9588,-0.551241
7.41987,6.65658,-0.707971
6.70945,5.9902,-0.56867
5.84523,5.45102,-0.678967
