0.101172,0.232115,-1.86515
0.00984527,1.49675,-1.92698
-0.00773644,2.75953,-2.03132
0.0735618,4.02249,-2.0984
0.0977111,5.28734,-2.28333
0.109088,6.56844,-2.30041
0.150529,7.81777,-2.47742
0.216016,9.03887,-2.52532
0.223197,10.2256,-2.61074
0.427232,11.4386,-2.64844
0.704782,12.6254,-2.68379
0.763771,13.6979,-2.52748
0.413382,14.6042,-2.08038
0.336464,15.628,-1.92343
0.111155,16.39,-1.33619
0.188302,17.3619,-1.201
-0.109275,18.3145,-0.922648
0.0627186,17.2985,-0.769967
0.0823542,18.2439,-0.456328
-0.0318491,19.001,0.234925
0.816681,0.98305,-2.13437
0.839607,2.13006,-2.16344
0.88218,3.32843,-2.14967
1.00523,4.51328,-2.16585
1.02448,5.69641,-2.27492
1.08223,6.91975,-2.30047
1.12731,8.16069,-2.40262
1.16918,9.36261,-2.57572
1.23212,10.6056,-2.70993
1.51269,11.8777,-2.8318
1.79462,13.0639,-3.01799
1.71769,14.1661,-2.84003
1.40161,14.9833,-2.22152
1.31175,15.9971,-1.98632
1.18214,16.4836,-1.16549
1.28292,17.426,-1.55119
0.952666,18.2591,-1.11094
1.14583,17.2609,-0.910883
0.919584,18.2781,-0.965783
0.91981,19.0044,-0.18175
1.82596,1.27689,-2.09917
1.80907,2.50751,-2.13667
1.85387,3.66517,-2.13671
1.9287,4.84208,-2.36619
1.98562,6.09634,-2.43898
1.98247,7.34089,-2.45929
2.03804,8.55763,-2.5578
2.05814,9.84904,-2.67722
2.21713,11.159,-2.90231
2.39688,12.4837,-3.18015
2.70377,13.8496,-3.60309
2.49631,15.0997,-2.92464
1.97547,15.6648,-1.689
2.24766,16.6869,-1.97224
1.78109,17.535,-1.24786
2.37505,16.9788,-1.49554
1.95643,18.0041,-1.31148
2.197,17.1566,-0.915799
1.93361,18.1329,-0.881399
1.94431,19.0511,-0.533573
2.89061,0.989816,-2.06012
2.83716,2.18117,-1.9808
2.81821,3.36732,-1.99985
2.90823,4.53228,-2.11402
2.92393,5.74818,-2.15911
2.91468,6.89233,-2.3468
2.94731,8.07118,-2.31023
2.97573,9.29309,-2.48429
2.96251,10.4699,-2.55427
2.99054,11.6271,-2.80494
2.9958,12.8376,-2.99142
2.94977,13.9793,-2.65535
2.76837,14.8378,-1.98711
2.83916,15.8937,-1.83719
2.55499,16.7017,-1.29493
3.2617,17.4456,-1.53709
2.83127,17.8719,-0.664617
3.15978,17.2413,-1.40384
2.90901,18.2323,-1.23912
2.94937,19.0246,-0.681033
3.87145,0.771493,-1.98308
3.83883,1.92755,-2.02033
3.81354,3.0316,-2.01619
3.87678,4.16507,-1.97821
3.8325,5.26059,-2.01428
3.78058,6.41426,-2.09236
3.83548,7.54508,-2.11847
3.85078,8.70666,-2.22741
3.75461,9.81505,-2.33113
3.7107,10.9119,-2.51827
3.65114,12.0154,-2.59696
3.60276,13.0883,-2.38553
3.60909,14.1065,-2.1079
3.57183,15.1185,-1.77687
3.4632,16.1063,-1.52986
4.16358,16.8759,-1.42311
3.73661,17.3888,-0.666219
4.15111,17.3281,-1.59405
3.93596,18.1946,-1.10237
3.93287,19.2119,-0.848204
4.84272,0.480676,-1.82355
4.85113,1.58027,-1.92184
4.78707,2.69563,-1.8493
4.79162,3.78846,-1.88831
4.7866,4.90753,-1.74612
4.71643,6.00154,-1.84313
4.75451,7.13419,-1.93766
4.76045,8.16135,-2.06305
4.67432,9.24363,-2.11243
4.56912,10.3168,-2.22694
4.43552,11.3859,-2.31324
4.46711,12.469,-2.13711
4.50044,13.5035,-1.96271
4.44156,14.4882,-1.66111
4.38574,15.5018,-1.47946
4.98411,16.276,-1.58314
4.69687,16.9229,-0.858681
5.13841,17.355,-1.67825
4.88731,18.0077,-0.900641
4.85905,18.9704,-0.593713
5.85202,0.244725,-1.71278
5.79116,1.27858,-1.67948
5.74193,2.38082,-1.70592
5.75417,3.49745,-1.65247
5.78367,4.58871,-1.70034
5.69877,5.69305,-1.68353
5.68693,6.73252,-1.83667
5.7117,7.78954,-1.97534
5.61903,8.82063,-1.94292
5.49161,9.84626,-2.00619
5.36461,10.944,-2.02608
5.35903,11.97,-1.81947
5.46882,13.0443,-1.81252
5.34321,14.0489,-1.61991
5.31475,15.028,-1.39977
5.88686,15.8864,-1.41314
5.72167,16.8034,-1.10577
6.17551,17.4174,-1.72214
5.91057,18.005,-0.933708
5.95998,19.0203,-0.703656
6.87349,0.0743919,-1.45268
6.78358,1.17867,-1.3624
6.78524,2.22889,-1.605
6.7175,3.23013,-1.5018
6.76689,4.33154,-1.69314
6.69526,5.34181,-1.79855
6.65635,6.39506,-1.68979
6.65472,7.50726,-1.63528
6.59663,8.54305,-1.70397
6.46156,9.5962,-1.85646
6.34874,10.6703,-1.734
6.34919,11.6694,-1.63229
6.41721,12.6799,-1.59795
6.34928,13.6724,-1.42817
6.34903,14.7346,-1.46986
6.88727,15.5836,-1.43877
6.71464,16.5463,-1.08065
7.18655,17.3385,-1.57239
6.92683,18.1763,-1.08614
7.00179,18.8683,-0.413596
7.91617,0.0206244,-1.42805
7.76335,1.02999,-1.34697
7.78313,2.03605,-1.54617
7.74462,3.07652,-1.65036
7.75689,4.14588,-1.64021
7.74828,5.16024,-1.76369
7.68139,6.19358,-1.51418
7.66626,7.24505,-1.49594
7.60636,8.31516,-1.51342
7.46578,9.37982,-1.59988
7.33614,10.4006,-1.5491
7.37916,11.4551,-1.40012
7.45791,12.5078,-1.53628
7.40321,13.4758,-1.41706
7.35935,14.5042,-1.37116
7.82681,15.3521,-1.10876
7.75778,16.3646,-1.12625
7.92494,17.3071,-0.873299
7.91912,18.3281,-0.928043
8.02395,18.9335,-0.166323
8.94475,-0.0779382,-1.24515
8.83898,0.969356,-1.19605
8.81743,2.0047,-1.32911
8.72723,3.05293,-1.3706
8.78138,4.09192,-1.45424
8.75805,5.11968,-1.48961
8.71769,6.12345,-1.68934
8.73561,7.19242,-1.597
8.60919,8.19076,-1.74495
8.54626,9.19613,-1.72855
8.43097,10.1857,-1.65914
8.37603,11.1918,-1.59685
8.46456,12.2468,-1.49302
8.47073,13.2776,-1.28353
8.41129,14.3448,-1.3316
8.81774,15.2379,-1.17155
8.79433,16.2995,-1.24107
8.97037,17.2618,-1.00728
8.95422,18.3036,-0.929334
9.00403,19.0918,-0.298257
9.89627,-0.166948,-0.933445
9.8557,0.869671,-1.17941
9.80714,1.94605,-1.18549
9.76869,3.0304,-1.19681
9.78378,4.02283,-1.28905
9.76045,5.01494,-1.35917
9.70293,6.05861,-1.31603
9.67358,7.12101,-1.30411
9.56565,8.18202,-1.3635
9.55818,9.1388,-1.68345
9.52131,10.1257,-1.56217
9.46675,11.1082,-1.3905
9.47087,12.1437,-1.51012
9.51307,13.1447,-1.24069
9.42726,14.1206,-1.10088
9.81619,15.0837,-1.19193
9.83683,16.1591,-1.22865
9.97902,17.146,-1.1225
10.0017,18.0935,-0.796142
9.95973,19.0701,-0.628358
10.9108,-0.0839534,-0.936683
10.866,0.938328,-0.92407
10.8021,1.98023,-0.986944
10.7907,3.00276,-1.23721
10.8143,4.03836,-1.22836
10.7683,5.09397,-1.27653
10.7279,6.13864,-1.35839
10.6817,7.1314,-1.25205
10.558,8.10663,-1.56037
10.6429,9.10851,-1.58176
10.5896,10.1026,-1.50018
10.5319,11.1606,-1.38526
10.5115,12.2054,-1.31495
10.5309,13.1969,-1.17977
10.4578,14.2214,-1.00239
10.7511,15.1513,-0.730958
10.7996,16.1366,-0.820362
11.0087,17.1585,-0.930277
10.9724,18.1299,-0.661397
10.9963,19.1098,-0.408158
11.9759,0.0839625,-0.904386
11.8589,1.05692,-0.678054
11.9004,2.07462,-0.857704
11.829,3.03255,-1.22873
11.862,4.045,-1.21971
11.7822,5.06494,-1.12144
11.7535,6.06651,-1.17807
11.7546,7.07316,-1.34457
11.6525,8.09127,-1.45977
11.6984,9.09879,-1.51632
11.6154,10.0665,-1.31464
11.6229,11.1099,-1.28003
11.5293,12.1277,-1.19721
11.5534,13.1556,-0.990341
11.5436,14.1401,-0.863274
11.8205,15.057,-0.744939
11.8631,16.0472,-0.606137
11.8824,17.0453,-0.41431
11.9153,18.1143,-0.243913
12.0058,19.0949,-0.214966
12.9587,0.0375134,-0.662532
12.9089,1.04466,-0.811759
12.9447,2.05573,-0.754231
12.8375,3.02263,-1.10562
12.9447,4.03013,-1.11897
12.7692,5.03525,-0.858831
12.7927,6.01586,-1.15343
12.7848,7.08375,-1.09194
12.7016,8.02576,-1.29305
12.6717,9.1015,-1.25172
12.6327,10.0994,-1.0397
12.6461,11.1121,-1.19987
12.5928,12.1061,-1.24416
12.5672,13.1326,-0.884854
12.6508,14.1507,-0.881353
12.8483,15.1528,-0.796966
12.8533,16.0344,-0.306317
12.9563,17.0227,-0.33394
12.9494,18.0414,-0.065688
12.9787,19.0626,-0.0601489
13.9363,-0.128596,-0.455925
13.9139,0.869561,-0.758962
13.9335,1.93418,-0.688241
13.8233,3.02416,-0.810956
13.9143,4.02202,-0.881722
13.8621,5.02204,-0.799973
13.8201,6.03464,-1.15564
13.7865,7.03417,-1.15538
13.7704,8.12761,-1.22385
13.6685,9.13668,-1.10208
13.6436,10.1346,-0.92093
13.7189,11.1366,-1.0918
13.6214,12.1391,-0.97579
13.5906,13.1029,-0.807682
13.7065,14.0968,-0.700812
13.8091,15.1096,-0.42573
13.9094,16.1242,-0.266735
13.9398,17.1467,-0.225929
13.9588,18.1114,0.045674
14.0117,19.1137,0.0350047
14.9999,-0.219065,-0.553133
14.9432,0.811649,-0.631645
14.9553,1.85143,-0.548897
14.8669,2.86515,-0.581466
14.8566,3.85173,-0.641234
14.8719,4.90275,-0.772201
14.835,5.9395,-0.937147
14.8349,6.96319,-0.95396
14.8012,8.01065,-0.971609
14.7565,9.0841,-1.16143
14.7067,10.0523,-0.875921
14.8005,11.1161,-0.978417
14.6524,12.072,-0.952806
14.6714,13.1166,-0.845112
14.7802,14.1046,-0.599677
14.7994,15.0445,-0.30882
14.9313,16.0565,-0.220637
14.9524,17.1062,-0.0605243
14.9961,18.1433,0.128034
14.999,19.1803,0.114908
16.0339,-0.218949,-0.528437
16.011,0.833506,-0.601596
15.9621,1.84841,-0.683065
15.8353,2.8937,-0.635844
15.8962,3.87879,-0.467086
15.8792,4.90695,-0.619932
15.883,5.93291,-0.813178
15.8891,6.98504,-0.841234
15.7951,7.98679,-0.788095
15.8168,9.00295,-0.946028
15.7169,10.0479,-0.899002
15.8423,11.0344,-0.635472
15.7351,12.0316,-0.888076
15.7454,13.0566,-0.679711
15.8041,14.0493,-0.510245
15.8404,15.1028,-0.474432
15.9463,16.0649,-0.165178
15.9972,17.1133,-0.0216468
16.0072,18.1358,0.219678
16.0328,19.19,0.234635
17.0526,-0.139186,-0.484527
17.0978,0.877044,-0.492242
16.9701,1.9037,-0.578545
16.9058,2.93804,-0.669494
16.8897,3.90052,-0.487838
16.9397,4.92127,-0.52389
16.9054,5.89815,-0.719861
16.8739,6.96494,-0.527772
16.8608,7.96326,-0.811246
16.8679,8.95447,-0.808844
16.7981,9.95917,-0.895614
16.8899,10.9457,-0.629209
16.7437,11.9493,-0.702722
16.7954,12.9944,-0.646574
16.8675,14.019,-0.599817
16.9104,15.0172,-0.474303
16.9688,16.0355,-0.245399
16.9872,17.0591,-0.107425
17.0717,18.0421,0.0974303
16.9985,19.0263,0.411609
18.0922,-0.1566,-0.650395
18.1488,0.864663,-0.532267
18.0738,1.86419,-0.41626
17.906,2.87709,-0.572515
17.9101,3.88246,-0.452248
17.9765,4.92085,-0.613953
17.9316,5.93514,-0.755058
17.9399,6.94083,-0.500995
17.9026,7.95617,-0.822117
17.9135,9.02413,-0.855358
17.8437,10.0136,-0.762316
17.9191,10.9932,-0.550853
17.8349,12.0327,-0.568435
17.8417,13.0222,-0.503763
17.8733,14.0478,-0.62204
17.9267,14.988,-0.305271
18.0703,15.989,-0.250923
17.9788,16.9884,-0.0261177
18.0925,17.9616,-0.165169
17.9341,18.9361,0.0223334
19.135,0.0246193,-0.598685
19.1231,1.01979,-0.460689
19.0272,2.02391,-0.648973
18.9464,3.01211,-0.585037
18.8799,3.95767,-0.237565
18.9678,4.93664,-0.439985
18.9732,5.87854,-0.718763
18.9295,6.89979,-0.562694
18.9309,7.9675,-0.696756
18.9415,9.00841,-0.692633
18.8786,10.044,-0.694836
18.949,11.0359,-0.559911
18.9342,12.0573,-0.561946
18.879,13.0646,-0.718903
18.966,14.0222,-0.51106
18.9679,15.0425,-0.423496
19.0942,16.0604,-0.378112
19.0105,17.0538,-0.191656
19.107,18.0596,-0.217093
18.9303,18.9614,0.276428
