0.00061037,0.000634785,-0.165307
0.00748924,1.2252,-0.194104
-0.0272256,2.54571,-0.190432
-0.0036317,3.84562,-0.160314
-0.00575579,5.12719,-0.152928
0.0203314,6.43242,-0.108835
0.00636921,7.7024,-0.193643
0.0577685,8.95599,-0.180538
0.0412152,10.2081,-0.262615
0.17036,11.458,-0.271194
0.158635,12.6739,-0.377374
0.177502,13.824,-0.701144
0.194409,14.8671,-1.20648
0.181332,15.8899,-1.38878
0.0648488,16.6893,-0.815629
0.156526,17.7078,-0.803952
-0.0219275,17.6815,0.231266
0.00986663,17.6813,-0.781204
0.0114353,17.9879,0.190335
-0.0131443,18.9993,0.300452
0.886822,0.406681,-0.432145
0.902817,1.65634,-0.333299
0.886682,2.98789,-0.353774
0.899261,4.25073,-0.282464
0.890896,5.54855,-0.335112
0.906906,6.83585,-0.326286
0.951326,8.09678,-0.29281
1.02785,9.39455,-0.25736
1.04721,10.6976,-0.293377
1.1019,12.0177,-0.275365
1.18295,13.2747,-0.383264
1.12095,14.4715,-0.830552
1.19744,15.3483,-1.57895
1.2328,16.3829,-1.54827
0.992322,16.9601,-0.751195
1.14103,17.9314,-0.903385
0.965157,17.9481,0.0693106
1.01041,17.5503,-0.874517
1.034,18.0757,-0.0745018
1.00425,19.0173,0.274328
1.89587,0.62103,-0.253569
1.86517,1.92932,-0.250026
1.8977,3.22567,-0.377499
1.8611,4.53541,-0.349458
1.88402,5.84016,-0.229643
1.86388,7.201,-0.193573
1.87132,8.54572,-0.153893
1.9049,9.90738,-0.142875
1.8587,11.2966,-0.0927915
1.83881,12.7461,-0.029017
1.79272,14.2111,0.0949705
1.86627,15.4205,-0.827546
1.92994,16.1237,-2.235
1.99604,17.2203,-1.731
1.9053,17.3405,-0.573275
2.14374,17.9219,-1.28606
1.9228,18.1588,-0.278753
2.05002,17.6452,-1.09997
2.10577,18.1426,-0.228001
2.0469,18.929,0.352263
2.87256,0.375484,-0.248881
2.8653,1.679,-0.223588
2.86237,2.93852,-0.183593
2.85561,4.1994,-0.149113
2.82933,5.45724,-0.238414
2.77153,6.73232,-0.259554
2.73887,8.02152,-0.313651
2.73884,9.27913,-0.294226
2.62383,10.5728,-0.323164
2.5007,11.8574,-0.263387
2.38219,13.176,-0.321595
2.35688,14.2906,-0.83661
2.40228,15.2176,-1.50785
2.61334,16.2409,-1.56176
2.82227,16.7059,-0.706253
3.10623,17.5923,-1.13458
2.89475,17.7158,-0.174923
3.02618,17.7068,-1.12877
3.14561,18.0323,-0.172967
2.97859,19.0395,-0.0323008
3.89029,0.314023,-0.295083
3.872,1.49676,-0.226246
3.86793,2.71791,-0.233384
3.89135,3.93358,-0.36599
3.80607,5.08957,-0.315738
3.744,6.2575,-0.318497
3.6463,7.51552,-0.436451
3.6133,8.73295,-0.344963
3.49492,9.9235,-0.374401
3.34996,11.1027,-0.446529
3.0994,12.208,-0.561675
3.01613,13.2914,-0.907974
3.12861,14.3429,-1.1696
3.36486,15.3909,-1.37213
3.57894,15.9414,-0.55533
3.81867,16.9352,-0.807349
3.88785,17.4715,0.0201575
4.09733,17.6954,-0.992349
4.16984,18.0763,-0.0851619
4.01514,19.0662,-0.0669332
4.88285,0.180651,-0.220844
4.85795,1.33082,-0.389517
4.84829,2.41379,-0.269668
4.83633,3.56878,-0.377825
4.77975,4.71928,-0.225513
4.7121,5.89013,-0.338807
4.56304,7.02455,-0.279717
4.44226,8.14085,-0.360521
4.36641,9.3134,-0.450267
4.18538,10.4057,-0.471184
4.00659,11.4873,-0.631373
3.92389,12.5487,-0.815595
3.92351,13.6351,-0.928953
4.09096,14.6207,-1.2091
4.49837,15.3695,-0.664183
4.57366,16.3775,-0.570891
4.87446,17.236,-0.138331
5.1147,17.6141,-1.02189
5.24458,18.0491,-0.136747
5.00371,19.0336,-0.151357
5.88543,0.0616504,-0.104529
5.79625,1.13663,-0.0231758
5.81929,2.264,-0.160839
5.82134,3.35781,-0.192975
5.78269,4.50598,-0.225297
5.73103,5.61881,-0.42981
5.54891,6.69929,-0.356468
5.43873,7.77079,-0.414905
5.36057,8.8932,-0.531541
5.17997,9.95644,-0.480166
5.01632,10.9865,-0.644243
4.88954,12.0339,-0.664806
4.8883,13.0234,-0.854592
5.06669,14.0435,-1.02202
5.41596,14.9785,-0.790808
5.57786,15.9654,-0.634877
5.83868,16.7339,0.0286843
6.0314,17.2412,-0.8622
6.29167,18.0589,-0.245543
6.02771,19.0395,-0.159847
6.91153,0.136888,-0.0564226
6.81012,1.18072,-0.273205
6.85335,2.24373,-0.269985
6.82228,3.28243,-0.426981
6.80574,4.39033,-0.400195
6.74301,5.43322,-0.414444
6.58782,6.44891,-0.392505
6.46816,7.52792,-0.413858
6.35893,8.59122,-0.47824
6.22696,9.59851,-0.396585
6.05293,10.5333,-0.594366
5.9276,11.6275,-0.529084
5.9687,12.7077,-0.715354
6.03776,13.6626,-0.88771
6.41366,14.5783,-0.714319
6.56504,15.6085,-0.575835
6.85193,16.4988,-0.187152
7.02756,17.3839,-0.605747
7.24866,18.4023,-0.511972
6.96853,18.9982,0.212467
7.90602,0.0124454,-0.180242
7.83239,1.04305,-0.0884487
7.81388,2.03699,-0.159987
7.82457,3.10036,-0.220362
7.81606,4.1822,-0.335987
7.75547,5.20678,-0.331681
7.61801,6.25795,-0.252455
7.50011,7.30429,-0.296319
7.4031,8.36258,-0.489462
7.22527,9.39104,-0.53874
7.1217,10.4101,-0.586465
7.01457,11.5028,-0.437565
7.05954,12.4882,-0.676763
7.03295,13.4948,-0.84648
7.46973,14.426,-0.581573
7.60064,15.4966,-0.622214
7.86463,16.2982,-0.0708579
8.05358,17.1632,-0.513315
8.06077,18.0689,-0.0666189
7.96914,19.0378,0.223609
8.95068,-0.0476272,-0.0720542
8.79379,0.942399,-0.0244392
8.86104,1.9639,-0.262966
8.86424,3.03096,-0.181683
8.80352,4.05559,-0.10958
8.80408,5.09077,-0.0870754
8.68688,6.14155,-0.268584
8.57742,7.14406,-0.250697
8.40473,8.18003,-0.411057
8.29881,9.20376,-0.494983
8.20803,10.2396,-0.532081
8.08686,11.2415,-0.514087
8.1347,12.3176,-0.740559
8.15872,13.3852,-0.705841
8.48911,14.3876,-0.550954
8.6256,15.3758,-0.572665
8.9062,16.1849,0.02425
9.02307,17.1168,-0.254781
9.07471,18.1417,-0.193258
8.96977,19.0037,0.247877
10.0231,-0.133366,0.0225166
9.84463,0.973794,0.0305399
9.87662,2.00597,-0.123963
9.92358,3.01311,-0.246925
9.79638,4.03362,-0.272576
9.78412,5.10011,-0.288842
9.74013,6.0837,-0.302472
9.59038,7.12555,-0.229124
9.51906,8.17383,-0.313773
9.41022,9.16828,-0.382092
9.25828,10.1563,-0.575326
9.11721,11.1504,-0.620231
9.20255,12.1857,-0.55135
9.17489,13.2025,-0.594302
9.51109,14.1762,-0.531755
9.64749,15.1493,-0.478762
9.8864,15.9964,-0.0524155
10.027,17.0282,-0.0917631
10.0234,18.0024,0.161293
10.0156,19.0385,0.390435
11.0488,-0.00285653,-0.0832301
10.8545,1.02544,0.0748527
10.9376,2.04437,0.0773705
10.9124,3.04022,0.0274361
10.8197,4.09903,-0.0313303
10.7915,5.0796,-0.23979
10.7497,6.1343,-0.210584
10.6281,7.1129,-0.333961
10.5985,8.11652,-0.41362
10.4244,9.05329,-0.32653
10.3391,10.05,-0.477557
10.23,11.0405,-0.620597
10.2965,12.074,-0.702426
10.3017,13.1204,-0.668636
10.5582,14.0714,-0.400171
10.6806,15.0359,-0.358757
10.8996,16.012,-0.222559
11.0098,16.9835,0.0612384
11.0749,18.0232,-0.0339732
10.9701,19.028,-0.0412702
11.9973,-0.0140324,0.179473
11.9247,1.03142,0.10968
11.936,2.02768,0.165279
11.8998,3.08827,0.40933
11.8563,4.06034,0.067101
11.8189,5.03124,-0.140065
11.7624,6.02122,-0.143004
11.6519,7.02532,-0.135041
11.665,8.02407,-0.192761
11.5333,9.07363,-0.297864
11.4943,10.0508,-0.390429
11.3061,11.024,-0.506122
11.3836,12.045,-0.685733
11.3733,13.0525,-0.556447
11.5976,14.0758,-0.381942
11.7222,15.062,-0.315744
11.9626,16.0726,-0.256566
11.9321,17.0673,-0.444475
11.9967,18.0819,-0.469213
11.9925,19.0431,-0.0374737
12.9927,0.00719016,0.485464
12.8907,1.01278,0.337657
12.9544,2.04273,0.103284
12.9215,3.00094,0.3347
12.8791,4.04693,0.16411
12.8892,5.10604,0.0692618
12.8177,6.07053,-0.148787
12.7078,7.10543,-0.161064
12.7166,8.1354,-0.178085
12.5771,9.05138,-0.547157
12.6214,10.0472,-0.482687
12.3755,11.0338,-0.425886
12.4391,12.0124,-0.453056
12.4698,13.0715,-0.59183
12.675,14.0544,-0.485333
12.7666,15.0747,-0.293826
12.9575,16.0494,-0.315952
12.8806,17.0331,-0.209491
13.0019,18.0506,-0.198221
13.0334,19.0388,-0.113675
14.0192,-0.0277657,0.356145
13.958,0.98573,0.328434
13.9413,1.97445,0.160686
13.8547,2.95582,-0.031785
13.896,3.97934,-0.0568682
13.9254,5.01554,-0.0415906
13.8104,6.03074,0.0861629
13.7191,7.00838,-0.139564
13.7864,8.05267,-0.256551
13.6128,9.03676,-0.44944
13.6901,10.0494,-0.681451
13.4943,11.0242,-0.408594
13.5588,12.0438,-0.324119
13.5464,13.0854,-0.437989
13.7623,14.0569,-0.473879
13.7867,15.0263,-0.279733
14.0458,15.959,-0.320075
13.9143,16.9424,-0.215806
13.9649,17.9165,0.0175146
14.0563,18.9275,-0.125086
15.059,7.93481e-05,0.316471
14.932,1.00255,0.233784
14.9784,2.01617,0.206046
14.9064,2.99771,0.109461
14.9088,4.0191,0.0144963
14.9806,5.01285,0.133967
14.8476,6.04579,0.0133396
14.809,6.96728,-0.276565
14.8669,8.04428,-0.292499
14.6938,9.04414,-0.469723
14.773,10.1016,-0.505118
14.614,11.1132,-0.350792
14.664,12.1244,-0.308405
14.585,13.0853,-0.373147
14.8119,14.0655,-0.565398
14.8601,15.0798,-0.392651
15.0266,16.0807,-0.223692
14.9021,17.0672,0.117344
14.9614,18.0749,0.186016
14.9905,19.1497,0.112186
16.0331,-0.0986084,-0.0174535
15.9293,0.888061,0.222745
16.0175,1.9762,0.256258
15.9209,3.0236,0.168334
15.976,4.03077,0.0653951
15.9956,5.06266,0.0448866
15.862,6.03743,0.133341
15.8801,6.99117,-0.141929
15.8911,7.98775,-0.307538
15.7407,9.03152,-0.559325
15.814,9.98491,-0.316413
15.6867,10.9607,-0.196948
15.7605,12.0469,-0.314612
15.6897,13.0308,-0.295148
15.868,14.0067,-0.43137
15.8458,14.9956,-0.359615
16.0453,16.0122,-0.10719
15.8997,17.0372,-0.0421735
16.0153,18.0131,0.19057
15.9813,19.017,0.0795831
17.0076,0.0605792,0.172619
16.9196,1.06607,0.29668
16.9869,2.06051,0.172759
16.9385,3.08372,0.147969
16.9659,4.13959,0.314048
16.999,5.10877,0.0686911
16.8866,6.06676,0.252071
16.8957,7.05859,-0.024247
16.9469,8.02184,-0.34561
16.8091,8.99677,-0.484899
16.8767,9.97196,-0.19667
16.7427,10.9685,-0.088934
16.8401,12.0089,-0.156056
16.7778,13.0503,-0.0349345
16.868,14.026,-0.43032
16.9012,15.0365,-0.298016
17.0673,16.0507,-0.0582415
16.872,17.0363,0.217844
17.0559,18.0183,0.154353
17.009,19.0549,0.043086
18.0023,-0.0418165,0.124387
17.9804,1.03811,0.161504
17.9624,2.06588,-0.0065981
17.952,2.91297,0.476531
18.0107,3.97845,0.522422
17.9543,4.97247,0.20224
17.9339,6.01612,0.211866
17.9384,7.01603,0.00150456
17.9761,7.9895,-0.0528977
17.8946,9.01789,-0.396353
17.9937,10.003,-0.218201
17.8658,11.0323,-0.140602
17.8911,12.0563,-0.0182775
17.8652,13.0537,-0.162151
17.8806,14.0906,-0.153236
17.8886,15.0999,-0.0786065
18.0221,16.0408,0.287921
17.9798,17.0116,0.317948
18.0986,17.985,0.279992
17.9662,18.9695,0.350945
19.0456,0.0121342,0.114115
18.9719,1.0003,0.281509
18.9741,1.97696,0.0462416
18.9544,2.89885,0.404337
18.9902,3.92844,0.269018
19.0049,4.95486,0.0915922
18.9988,6.01039,0.0230354
19.0208,6.9914,0.00184332
19.0225,8.04044,-0.169524
18.9084,9.04584,-0.50224
19.0635,9.93475,-0.0616993
18.8984,10.9171,-0.25472
18.9884,11.9359,-0.0637623
18.937,12.985,-0.0145512
18.9503,14.0317,-0.0981506
18.952,15.0284,-0.047145
19.0395,16.0003,0.244026
18.9916,16.994,0.374541
19.0582,17.9867,0.462899
18.9932,18.9783,0.327824
