0.0117374,0.018543,-0.107407
1.06948,-0.0171239,-0.111048
2.08621,0.00821558,-0.15623
3.09102,0.0152165,-0.00614032
4.07647,-0.0150395,0.0861721
5.09376,0.0614856,0.0813715
6.08517,0.0396466,0.0918027
7.11078,0.0295358,0.0388867
8.14284,0.0471358,-0.208585
9.10376,0.0123112,0.220533
10.0787,-0.0269662,0.205567
11.0201,-0.02331,-0.24687
12.0462,0.0511521,-0.0660146
13.0467,0.0355419,-0.118107
14.0793,0.0270425,0.0102695
15.0845,0.0378887,-0.164895
16.078,0.0377453,-0.0315806
17.0523,0.0121616,-0.220701
17.9844,-0.00314951,0.0710654
18.9947,-0.0148228,0.106952
-0.00454421,1.04477,0.0151463
0.9743,0.965188,-0.0546495
1.9985,1.01264,0.079516
2.97181,0.938759,0.359743
3.97011,0.983334,0.272515
4.96844,1.06397,0.0849483
6.01464,1.03131,0.128718
7.029,1.00978,0.0300333
8.02886,1.01174,0.156444
8.97703,0.993396,-0.016364
10.0009,0.99686,0.265752
10.9699,0.990378,-0.110962
11.9776,1.08915,0.0320872
12.9748,1.00724,0.200821
13.9303,1.01913,-0.0670095
14.9542,1.043,-0.0549516
15.9522,1.04454,-0.09017
17.003,0.990487,-0.19346
18.0166,0.994101,-0.208579
18.9396,1.00376,0.137892
0.0263802,2.03483,-0.155974
1.06456,1.97638,-0.0805628
2.03879,1.9919,0.0891415
3.11293,1.95042,0.110688
4.09394,1.96417,0.183868
4.98635,2.0413,-0.284787
6.00231,2.02408,-0.224287
6.99504,2.00091,-0.0528062
8.0338,2.05416,0.243834
9.06258,1.98021,0.0753685
10.0647,1.99414,0.0775689
11.0215,1.96833,-0.178246
12.0566,2.0895,-0.154012
13.0481,2.04122,-0.0482864
14.0632,2.00641,-0.171337
15.0206,2.06221,-0.342882
15.9807,2.09305,-0.0728385
16.9395,1.94902,0.0912168
17.9337,1.98962,-0.0538774
18.9533,2.00875,0.0468276
0.0128727,3.00328,0.0780358
0.994324,3.00103,-0.0181219
1.99446,2.9624,-0.124454
2.97393,2.94083,0.149293
3.97644,2.9838,0.00992767
4.99335,3.04452,-0.186871
6.00043,3.03291,-0.372781
6.99988,2.98636,-0.283193
7.98448,3.07432,0.0411206
8.95556,2.9671,-0.176772
10.0547,2.95598,-0.0691092
11.0597,3.0024,-0.0751366
12.0639,3.12713,0.0113529
13.0591,3.03489,-0.187902
14.0657,2.9883,-0.097824
15.0893,3.07066,-0.0632771
16.0578,3.0855,0.224628
17.0252,2.91834,0.37839
17.9997,2.98803,0.183609
19.0008,3.0357,0.221235
-0.0321635,3.96486,-0.262639
1.0107,3.96416,-0.288897
1.95104,3.93814,0.00323191
2.96719,3.98518,0.176992
4.01979,3.96624,0.0306833
4.97009,4.10633,-0.141362
6.01324,4.04437,-0.205197
7.01187,3.99428,-0.319507
8.04555,4.02889,-0.311982
9.07212,3.97568,0.0255013
10.0622,3.95096,0.0201544
11.0607,3.9946,-0.193344
12.1071,4.08006,-0.245375
13.1176,4.02032,0.0322977
14.1034,3.9838,-0.150023
15.0555,4.05883,0.0852046
16.0666,4.08504,0.066921
17.029,3.85181,0.0074984
18.0099,3.96301,-0.244734
18.977,4.07931,0.179183
0.0312784,4.9585,-0.258159
1.07869,4.93957,-0.23571
2.08105,4.95983,-0.0674429
3.05266,4.97574,0.0985382
4.0503,4.95794,0.0919675
5.03047,5.10452,0.164721
6.02841,5.0689,-0.189001
7.04901,4.99205,-0.106149
8.0351,5.05444,-0.222086
9.05448,4.96604,-0.0491134
10.0949,4.93369,-0.0849849
11.119,5.00874,-0.261299
12.0477,5.04304,-0.0405347
13.0902,5.02766,0.0466506
14.072,4.99171,-0.154659
15.1019,5.01875,-0.394714
16.1177,5.02656,-0.230708
17.1311,4.88302,-0.12374
18.1361,4.96858,-0.045793
19.0783,5.03396,0.444926
-0.0352275,6.01661,-0.275323
1.01965,5.97713,-0.0904965
2.00807,5.91638,-0.334516
3.02223,5.93292,-0.264165
4.01421,5.9649,0.0176122
5.03197,6.12017,-0.219309
6.02069,6.03139,0.0198553
7.0333,5.976,-0.0732414
8.03465,6.04931,0.041905
9.04838,5.93798,-0.216874
10.0018,5.83485,-0.454872
10.983,6.05836,-0.300928
12.0175,6.06807,-0.193158
13.0195,6.00207,-0.147499
13.9933,5.97544,-0.377087
15.0137,6.01403,-0.29498
16.0782,6.05008,-0.264196
17.0286,5.89872,-0.196896
17.9809,5.96405,0.20239
18.9737,5.97581,0.0545946
-0.0268838,6.9105,0.129841
0.942741,6.95723,-0.0739036
1.97764,6.89621,-0.106156
3.01328,6.92483,-0.109665
4.0425,6.98524,-0.113935
4.9776,7.13947,-0.406973
5.92482,7.0354,-0.173321
6.89505,6.92936,0.0419019
7.90791,6.96022,-0.262673
8.89421,6.89816,-0.0503586
9.9316,6.82221,-0.0674398
10.8907,6.9762,0.13405
11.8908,7.07252,-0.165108
12.8776,7.03651,-0.280718
13.8935,7.00569,-0.308856
14.9265,7.04546,-0.261968
15.9016,7.04133,-0.0324229
16.9068,6.90191,-0.0621204
17.9304,6.93105,-0.175848
18.9746,6.97565,-0.0580462
0.0112369,7.99031,0.0201849
0.988992,8.00217,-0.20134
2.01679,7.91318,0.0268746
3.04158,7.94412,-0.145015
4.05058,8.00202,0.00199896
5.10529,8.14711,-0.140156
6.08283,7.99235,-0.294827
6.94646,7.92843,0.139625
7.89121,8.01449,-0.277645
8.91487,7.9534,-0.162172
9.93717,7.9004,-0.16299
10.9612,7.99476,0.00170293
11.8758,8.02311,-0.414042
12.9009,8.09918,-0.261052
13.9153,8.02168,-0.316358
14.9518,8.0873,-0.351891
15.9352,8.05225,-0.0215461
16.9165,7.91672,0.0702292
17.9458,7.94303,-0.13903
18.9625,8.02579,-0.0299997
-0.0010773,8.98505,-0.0767998
1.01299,8.98873,-0.121958
2.02962,8.95437,-0.141325
3.03616,8.93526,-0.0212409
4.05095,8.97592,-0.185519
5.06683,9.18412,-0.172372
6.05721,8.99726,-0.333467
6.92782,8.94782,0.102066
7.88226,9.03437,-0.154286
8.88477,8.99725,-0.154308
9.88779,8.96859,-0.152492
10.8817,8.99822,-0.0890378
11.9052,9.00557,-0.241569
12.8666,9.05969,0.051265
13.9013,9.00021,0.055858
14.9236,9.04234,-0.160286
15.9163,9.07876,-0.128156
16.9296,8.89193,0.0683706
17.9745,8.91024,0.173885
18.9546,9.02648,-0.062981
0.032316,9.9776,-0.133088
1.01225,9.98886,-0.0772393
2.00179,10.0026,-0.229212
2.99773,9.93356,-0.0802118
4.00853,9.96389,-0.249889
5.02003,10.1504,-0.387545
6.05361,9.99694,-0.442274
7.02528,9.92475,-0.149568
8.03311,10.0634,-0.132981
9.00862,9.95317,-0.450514
10.0349,10.0387,-0.40441
11.0292,10.0038,-0.186435
12.0292,9.98661,0.0380993
13.0233,10.0172,0.17962
14.011,9.98963,0.0561754
14.989,10.0407,-0.0547227
16.0277,10.0663,0.0846889
17.032,9.91698,0.205835
18.051,9.8944,0.212064
19.0136,9.99827,0.0750267
0.0723869,10.9954,-0.00577715
1.05336,10.9896,-0.0802789
2.03758,11.0818,-0.346724
2.93793,10.9397,0.135957
3.93724,10.9331,0.0177618
4.95023,11.0925,-0.091937
5.93861,11.0134,-0.496295
6.95585,10.913,-0.365969
7.95441,11.0416,-0.248009
8.97504,10.9671,-0.289474
9.99778,11.0263,-0.190799
11.0255,11.0257,-0.0435652
11.9932,10.9781,0.0942808
12.9816,10.9694,0.372188
13.9733,10.9967,0.215567
14.9326,10.977,0.371584
15.9494,11.0571,0.221735
16.9646,10.8988,0.0890286
17.994,10.893,0.13198
18.9835,11.0074,-0.111548
0.00792566,12.003,-0.169118
0.98041,11.9638,-0.338606
1.90652,11.9942,0.0505448
2.96954,11.969,0.187671
4.02959,11.9441,0.0862056
5.02043,12.1006,-0.102426
6.00318,12.0554,-0.454045
6.94481,11.879,-0.0844661
7.92701,12.0559,-0.256566
8.9196,12.0061,-0.186709
9.93471,12.0314,-0.0961547
10.9726,12.0799,-0.101953
11.9685,11.9704,-0.162944
12.9958,11.9189,-0.0882504
13.9698,11.9823,0.159456
15.0231,11.9775,-0.0251228
16.0543,12.0077,-0.0704794
17.0463,11.9156,0.092642
18.0593,11.9236,0.145244
18.9888,12.0369,-0.228968
0.0241554,13.0064,0.0639943
1.05654,12.8928,0.0224006
2.02251,12.9805,0.27524
2.97636,12.9517,-0.115061
3.96987,12.9495,-0.148827
4.97451,13.1197,-0.0714316
5.93471,13.048,-0.359294
6.93683,12.9234,0.00144963
7.95032,13.0601,-0.000830103
9.00409,13.0342,-0.0240089
9.98202,13.0074,-0.298276
11.0207,13.0521,-0.435646
11.99,12.938,-0.150182
12.9754,12.9621,-0.235273
13.9005,13.0547,0.127342
14.864,12.9793,0.273989
15.8504,12.9928,0.0856655
16.8503,12.9752,-0.0691488
17.9101,12.9544,0.0394513
18.9563,13.0176,0.0174108
-0.0077456,14.0405,0.133702
0.967293,13.8992,0.15616
2.00145,13.9701,0.0119449
2.99044,13.9349,-0.0910489
4.00449,13.9863,-0.280929
5.04798,14.1045,-0.192611
6.09104,14.0017,-0.115598
7.07907,13.8882,0.0815455
8.07366,14.0483,0.073162
9.13739,14.049,-0.115647
10.1049,14.029,-0.387445
11.0845,14.0523,-0.301947
12.0528,13.9855,-0.340214
13.0349,13.9725,-0.12118
14.0243,13.9888,-0.250063
14.932,13.965,0.185015
15.9402,14.0202,-0.0132939
16.9147,13.9648,0.0766778
17.935,13.9806,0.112549
18.9683,14.0558,0.148549
-0.0192114,14.9894,-0.222514
0.991864,14.9218,-0.0102725
1.99845,14.937,-0.107511
3.03511,14.9827,-0.135813
4.07489,15.0275,-0.218171
5.07771,15.0324,0.0418683
6.13519,15.0282,-0.100354
7.1296,14.9112,-0.181704
8.08749,15.0621,0.0558611
9.06001,15.1038,-0.110147
10.1348,15.0003,-0.0278603
11.1002,15.0248,0.0184515
12.0713,15.0512,-0.251729
13.0816,14.993,-0.155364
14.056,14.9765,-0.460576
14.9647,14.9921,0.112256
16.0394,14.9571,0.169942
17.0146,14.9505,0.0817042
17.9915,14.9641,-0.103827
18.9936,15.039,-0.0101993
-0.000866726,15.9924,-0.14041
1.02586,15.9641,-0.106348
2.0535,15.9329,0.0136204
3.08374,16.0009,-0.0459181
4.10322,16.0403,-0.15819
5.13753,16.0642,-0.0319346
6.1525,16.0298,-0.0654256
7.16854,15.9034,-0.0342387
8.19068,15.991,-0.286096
9.10662,16.0604,0.203958
10.0471,15.9982,-0.00462966
11.0552,16.0468,-0.0121006
12.0654,16.048,-0.136879
13.0596,16.0411,-0.168453
14.0512,15.9933,-0.184078
15.092,15.9607,-0.0821253
16.0857,15.9772,0.123231
17.1144,15.997,0.0293283
18.103,15.9982,-0.0476455
19.0891,16.0041,-0.307495
-0.0465224,17.0031,-0.402918
0.965374,16.9902,-0.32534
2.03789,16.9414,-0.159355
3.1067,16.999,-0.196912
4.08995,17.0211,0.0850337
5.05216,17.0476,-0.29078
6.0758,17.0171,-0.274349
7.02401,16.9388,0.0328562
8.04365,16.9192,0.0925565
9.0113,17.0344,0.416822
9.97174,17.0004,0.0540635
11.0354,17.0451,0.180526
12.0566,17.0578,-0.032017
13.0539,17.04,0.125541
14.0998,16.9593,0.132801
15.0859,16.99,-0.0489364
16.0536,17.0361,0.166164
17.025,17.0366,-0.0979064
18.0038,16.9651,0.0783044
18.9783,16.9733,-0.0818018
0.00200507,18.0543,-0.255425
1.0308,17.9751,-0.238224
2.02498,17.9921,-0.0620319
3.02848,17.9673,0.0958678
4.0377,18.0144,0.0711264
5.03546,18.0238,-0.111979
5.99757,17.9764,0.182208
7.01144,17.9685,0.217444
8.05929,17.9311,0.21442
9.04148,18.0346,0.325971
10.0185,18.0058,0.056856
11.013,17.9989,-0.170687
12.0004,18.0294,-0.297195
12.9954,17.9879,-0.305615
13.999,17.9372,-0.114841
14.9648,18.0214,-0.322233
15.9321,17.9945,-0.0639241
16.9873,17.9927,-0.172045
18.0048,17.9323,-0.186587
18.993,18.0203,0.0541124
0.0199591,19.0346,-0.117338
1.06379,18.9758,-0.00282907
2.0568,18.9962,0.0116855
3.03242,18.9835,0.253053
4.06053,19.0083,0.268307
4.95139,19.0157,-0.201389
5.91586,18.9334,-0.0139348
6.94181,19.0089,0.243251
7.95174,18.9815,0.251765
8.99205,18.9819,0.0753563
9.96643,19.0054,0.0961303
10.9715,18.9811,-0.0482162
12.0498,18.9943,-0.036256
12.9997,19.0468,-0.283572
13.9994,18.9981,-0.176522
15.0188,19.0007,-0.219892
15.9718,18.9848,0.0567614
16.9775,18.9733,0.0110385
17.9815,18.9836,-0.108832
18.9368,19.005,0.096231
