3.23862,5.07559,0.818314
2.84637,4.69745,-0.0818171
2.01439,4.50751,0.445134
2.29315,5.32587,-0.145735
2.32254,5.92932,0.596268
1.88861,5.07973,0.763353
1.93058,6.02675,1.11703
2.13302,6.55443,0.210321
2.62269,6.65139,-0.638002
3.40907,6.20714,-0.218564
3.89633,4.32968,0.709052
3.62094,4.07171,-0.262957
2.95956,4.74483,0.051793
2.69358,5.37693,0.82956
3.1923,5.84435,0.0745201
2.39907,5.25508,-0.131303
2.58633,6.08669,0.389572
2.30611,6.63956,1.21881
2.11979,6.66463,0.249403
3.1093,6.81425,0.476263
4.0961,3.36484,0.402161
3.37844,3.12642,-0.206858
3.63766,3.98385,0.295392
2.8734,4.62716,0.242726
3.53222,5.19406,0.780599
2.51879,5.47043,0.840794
3.43046,5.57396,0.481527
2.58508,5.6776,0.959432
3.04376,6.48734,0.715744
3.10355,5.94328,-0.1103
3.22115,2.92775,0.735981
4.17628,2.87102,0.351094
4.18414,3.54515,-0.421851
3.52442,4.35314,-0.478094
2.90019,4.84541,0.110703
3.25695,5.79857,0.226222
3.55914,5.07507,-0.425739
3.35344,5.7077,0.362099
4.02165,6.42486,0.599551
3.06796,6.25262,0.881762
4.14909,2.73979,1.12471
4.73077,2.05306,0.701227
4.58493,2.67432,-0.0999756
4.04156,3.48809,-0.299518
3.48493,4.04567,0.321888
3.8433,4.99539,0.0992981
4.54028,5.05339,-0.586154
4.32574,5.73768,0.101123
4.96606,6.09298,0.774984
4.08468,6.53957,0.9635
4.29087,2.43597,0.134919
5.0737,2.96577,0.434544
5.54278,2.46944,-0.283242
4.9457,3.24013,0.118714
4.45148,4.09293,0.026664
4.76228,4.96641,-0.303986
4.44342,5.9243,-0.0847865
5.40751,5.69753,-0.159279
5.47572,6.66585,0.0658101
4.97197,6.99471,0.854625
5.1018,3.05616,0.0114963
5.88944,2.42725,0.189288
5.79813,3.3835,-0.065978
5.09843,3.86393,-0.624986
5.43142,4.44918,0.159246
5.30483,5.44867,0.414927
5.21859,5.4956,-0.5704
5.07599,6.50997,-0.628941
4.97474,7.48415,-0.373986
4.84845,7.93049,0.54427
5.23629,3.74671,0.755947
6.12895,3.36648,0.468944
5.95204,4.32254,0.230024
6.05135,4.24579,-0.729743
5.54495,5.08322,-0.595642
6.15024,5.725,-0.0607288
5.40144,6.37018,-0.105875
4.45524,6.12763,0.0727531
4.98683,6.97612,0.474364
5.6547,7.64092,0.0724235
5.65133,4.15893,-0.119303
6.14634,3.33345,-0.525855
6.04755,4.30359,-0.791379
6.17815,4.83557,0.0685263
6.06882,5.81929,-0.277963
5.78208,6.59025,0.347948
5.52244,7.37183,-0.141945
5.46439,6.41266,0.104828
5.63545,7.31429,-0.256075
6.57349,7.60013,-0.4022
6.3238,3.6124,-0.610913
7.03562,2.83909,-0.539036
6.13167,3.37828,-0.449721
5.71067,4.28953,-0.659038
6.32282,4.88313,-0.0875942
6.43696,5.80222,0.227418
5.70671,6.51831,0.367763
5.69284,7.34892,-0.235032
6.5765,6.92767,-0.213868
7.46335,7.13986,-0.611838
