3.63385,3.37555,0.323948
3.68435,4.25114,-0.225813
3.80908,3.91088,0.742781
3.80526,3.53653,-0.172527
3.76832,4.29158,0.530741
3.51425,4.84042,-0.29964
2.91729,5.71794,-0.41521
2.59619,6.05784,0.497977
3.34321,6.69182,0.658266
3.6664,7.43734,1.28416
3.80825,4.34306,0.0916837
3.84643,3.36307,0.204584
3.83511,3.00522,1.11654
3.31861,3.82058,0.6837
2.97025,4.76681,0.843693
3.58168,5.46518,0.51334
3.35349,6.40771,0.17709
2.60525,7.04314,0.0913327
2.98096,7.66991,0.769585
3.84444,8.16866,0.650938
3.24233,3.60039,0.425947
3.57692,4.13958,-0.365786
3.83773,3.86562,0.574725
3.46516,4.4625,-0.112226
3.82311,5.18558,0.53209
4.21957,5.71977,-0.202976
3.79124,6.46231,-0.713105
3.42084,6.45826,0.207944
3.67526,6.9954,1.07192
4.49637,7.54156,1.21266
3.02998,3.51357,-0.539323
3.84093,3.50322,-1.1311
4.01656,4.20251,-0.388754
3.66197,3.57705,0.347917
4.34853,4.2903,0.485919
3.80452,4.82023,-0.153319
3.99665,5.77609,-0.0202399
3.05624,5.54182,0.385464
3.82267,6.01392,0.768487
3.79824,6.82387,1.34048
3.97326,3.2056,-0.339216
4.05021,4.18542,-0.384622
5.02963,4.32669,-0.282376
4.10529,4.47947,0.0373455
4.75372,5.24569,0.433769
3.86271,5.7171,0.250249
4.86627,5.60081,0.472222
3.94718,5.52092,0.903229
4.51878,5.80898,0.113065
4.32929,6.04055,1.08821
4.24212,4.13309,-0.00974761
4.80891,4.80771,-0.517017
5.13947,4.16856,-1.25007
4.90178,4.83932,-0.488336
5.70506,5.15976,-0.0244209
4.74595,5.43536,-0.204495
5.75024,5.51642,-0.009241
4.79157,5.64982,0.403882
5.39305,5.76793,-0.3888
5.17957,6.08337,0.577285
4.67605,4.80508,-0.665645
4.06529,4.1402,-0.203674
4.9258,4.67047,-0.410071
5.45329,5.16925,0.290503
6.22246,5.84887,0.511313
5.39264,5.20465,0.500198
4.84454,5.92673,0.144478
5.70325,5.41745,0.0302713
6.25681,6.2661,-0.166301
6.09731,6.38546,0.812601
4.65273,4.80825,0.344646
5.01141,3.8825,0.181854
5.82547,4.31986,-0.209574
6.41765,4.99318,0.223252
5.74126,5.53008,-0.313706
5.39553,6.16066,0.414612
5.59797,5.43615,-0.260964
6.0987,6.29405,-0.223023
5.85981,6.26415,0.718372
6.47886,5.4636,0.513306
4.97395,3.83014,0.201578
5.85539,3.9408,0.749782
5.60906,4.96892,0.597073
5.771,5.58135,-0.197705
5.87704,4.65059,0.126014
6.22646,5.5886,0.178616
6.06293,6.30478,-0.534083
7.07945,6.48009,-0.326255
6.51598,5.75789,0.11348
7.35647,5.89374,0.692346
5.8168,4.06046,0.660451
6.45358,3.76965,-0.0471084
6.39947,4.79289,-0.0577258
6.25021,5.46575,0.671072
6.45249,5.30996,-0.319144
6.07603,6.18497,-0.717399
6.14808,7.12974,-1.15721
7.17454,7.28442,-0.965944
6.70524,6.51805,-0.538853
7.35848,5.76673,-0.32739
