0.118894,0.148332,-1.10019
0.0690115,1.40345,-1.17608
0.00122379,2.72213,-1.22751
0.0749596,3.97641,-1.26927
0.0838801,5.22413,-1.40618
0.0970428,6.44368,-1.65376
0.179479,7.66385,-1.7798
0.168346,8.87619,-1.82694
0.169301,10.1074,-1.94683
0.322773,11.2884,-1.99958
0.604288,12.4301,-2.20448
0.523881,13.5585,-2.14214
0.385339,14.6149,-2.00936
0.257402,15.5746,-1.68686
0.138166,16.3688,-1.08079
0.224512,17.416,-0.937449
-0.144435,18.2925,-0.522028
-0.0202857,17.2976,-0.886126
0.16093,18.1598,-0.39986
-0.00396741,18.9844,0.26036
0.871996,0.897497,-1.23912
0.879061,2.05244,-1.32126
0.878494,3.22159,-1.41245
0.987069,4.42044,-1.47895
0.962267,5.68156,-1.56469
1.06016,6.86632,-1.64643
1.11552,8.07093,-1.74368
1.12713,9.28847,-1.95801
1.17698,10.5065,-2.18654
1.30217,11.6875,-2.41573
1.47437,12.8847,-2.74082
1.50941,13.9964,-2.48787
1.37995,14.8936,-1.94895
1.24237,15.9519,-1.85203
1.15721,16.6073,-1.02094
1.11823,17.4739,-1.5022
0.952574,18.1836,-0.813526
1.06288,17.1848,-0.915888
1.11739,18.2332,-0.724125
0.977648,19.0285,-0.12045
1.82949,1.20781,-1.40136
1.82914,2.36928,-1.48251
1.80625,3.58446,-1.575
1.91516,4.76786,-1.57744
1.88921,5.96972,-1.74671
1.9989,7.19405,-1.84249
2.04279,8.45533,-1.95462
2.10125,9.69447,-2.18858
2.05381,10.9568,-2.51919
2.09361,12.298,-2.91838
2.20741,13.6566,-3.42091
2.15945,14.9295,-2.83318
2.09476,15.4612,-1.46634
2.01602,16.6382,-1.78871
1.86762,17.345,-0.835728
2.13145,16.9989,-1.64952
1.99592,17.964,-1.02869
2.08069,17.0634,-0.717835
2.09665,18.0541,-0.725358
1.99634,18.9222,-0.224277
2.86813,0.924149,-1.41857
2.88488,2.09798,-1.41712
2.82758,3.30024,-1.51611
2.87925,4.46762,-1.54209
2.87849,5.67214,-1.66878
2.94303,6.82568,-1.84305
2.96713,8.00953,-1.93171
2.98685,9.16756,-2.05484
2.85083,10.3549,-2.20059
2.82249,11.5751,-2.47277
2.79502,12.7733,-2.75711
2.70768,13.8542,-2.48906
2.65029,14.697,-1.96214
2.57872,15.7055,-1.64582
2.4131,16.403,-0.939308
3.01046,17.1847,-1.23307
2.851,17.7437,-0.413794
2.94225,17.4024,-1.33303
3.09581,18.2156,-0.75099
2.98987,18.9866,-0.0923917
3.84455,0.558361,-1.21381
3.80687,1.69853,-1.26606
3.7879,2.86131,-1.34628
3.82791,4.02107,-1.49124
3.82221,5.24365,-1.38146
3.78633,6.34654,-1.56307
3.80442,7.44937,-1.63656
3.73568,8.57597,-1.61654
3.63627,9.65701,-1.94611
3.63845,10.8471,-2.17429
3.5036,11.9193,-2.28929
3.5223,13.0464,-2.19958
3.45902,14.0296,-1.88251
3.43377,15.0127,-1.63174
3.39128,15.9164,-1.1441
3.90976,16.764,-1.07791
3.84942,17.3407,-0.247371
3.96224,17.4855,-1.22418
4.0837,18.2184,-0.464879
3.94434,19.1744,-0.297778
4.81108,0.418937,-0.942732
4.82184,1.52368,-1.10161
4.8359,2.64938,-1.09805
4.8374,3.72634,-1.29349
4.79915,4.85374,-1.4545
4.74896,5.99674,-1.32723
4.69756,7.03878,-1.35048
4.67026,8.11528,-1.48796
4.57244,9.19514,-1.61285
4.38014,10.2366,-1.70529
4.31689,11.3122,-1.90354
4.39142,12.3902,-2.01164
4.29455,13.4373,-1.70618
4.36445,14.425,-1.52233
4.33865,15.3382,-1.03701
4.76634,16.2592,-0.899139
4.77888,16.9713,-0.192495
5.02122,17.4518,-1.00648
5.09806,18.1521,-0.281747
4.88809,19.0258,0.181689
5.82798,0.145119,-0.978097
5.82542,1.25403,-0.995877
5.85181,2.35202,-1.00093
5.76686,3.42746,-1.12825
5.68805,4.45362,-1.2707
5.68744,5.54655,-1.23195
5.67692,6.64761,-1.32007
5.60186,7.69948,-1.43949
5.53868,8.77734,-1.47627
5.38476,9.81193,-1.60438
5.31884,10.8775,-1.69928
5.33478,11.9352,-1.68025
5.28657,12.9881,-1.54463
5.28242,13.9211,-1.17611
5.27983,14.8963,-1.00476
5.6205,15.8183,-0.829951
5.72216,16.4572,-0.0499374
5.9346,17.1879,-0.699268
6.10276,18.0494,-0.177902
5.76699,18.9962,-0.277181
6.88004,0.104917,-0.995984
6.83441,1.16444,-1.03831
6.82976,2.21852,-1.18841
6.80017,3.26753,-1.30797
6.70879,4.31462,-1.08279
6.7358,5.38181,-1.13336
6.66547,6.40514,-1.25754
6.59326,7.44162,-1.36763
6.53902,8.45743,-1.47473
6.39705,9.48247,-1.55557
6.33726,10.5479,-1.48789
6.3352,11.5767,-1.3175
6.27799,12.6084,-1.3383
6.32917,13.6102,-1.06762
6.26969,14.5943,-0.892016
6.62976,15.5283,-1.06993
6.68537,16.0751,-0.236274
6.8826,17.0426,-0.307227
7.03013,18.0375,-0.589917
6.75349,18.8952,-0.0822291
7.90816,0.0386517,-0.714795
7.77481,1.08472,-0.684747
7.81411,2.10056,-0.838304
7.83039,3.12195,-0.962517
7.76889,4.12908,-0.995547
7.75843,5.15421,-1.17797
7.69751,6.26584,-1.17861
7.54295,7.24451,-1.27001
7.57113,8.2659,-1.37302
7.41458,9.2839,-1.36504
7.45199,10.3014,-1.37545
7.39907,11.3405,-1.43251
7.32187,12.3357,-1.16063
7.4162,13.2981,-0.918726
7.34515,14.2546,-0.79465
7.52629,15.2167,-0.648708
7.70852,16.1257,-0.157237
7.88222,17.1043,-0.307587
8.00774,18.1022,-0.4442
7.77299,19.0279,-0.185827
8.91747,-0.105124,-0.626984
8.77159,0.895959,-0.592795
8.845,1.95714,-0.731944
8.86575,2.93602,-0.812967
8.85003,3.97028,-0.998709
8.80122,5.04227,-0.98041
8.73213,6.11869,-1.04044
8.61029,7.14775,-1.10069
8.64205,8.16572,-1.243
8.47743,9.17651,-1.28738
8.45763,10.1465,-1.07524
8.42984,11.1447,-1.18307
8.34596,12.1758,-1.16362
8.46633,13.1498,-0.794076
8.34539,14.17,-0.736476
8.5856,15.1971,-0.471783
8.75154,16.1261,-0.319517
8.88013,17.1465,-0.293359
8.98417,18.1574,-0.302673
8.77266,19.1277,-0.164562
9.94618,-0.187115,-0.529936
9.75034,0.859746,-0.644084
9.87794,1.86477,-0.756914
9.88962,2.88807,-0.580541
9.86996,3.94171,-0.800748
9.7973,4.96508,-0.755422
9.74397,5.96092,-0.766015
9.69684,7.06056,-0.875536
9.65025,8.07328,-0.940266
9.5288,9.09263,-1.0218
9.48674,10.1169,-1.01017
9.45721,11.1403,-0.922941
9.43197,12.1105,-1.03298
9.50254,13.0998,-0.853334
9.40262,14.1558,-0.70517
9.5726,15.0859,-0.332734
9.76442,16.0931,-0.266051
9.87813,17.0644,-0.0998688
9.96074,18.0581,-0.0913999
9.84851,19.0708,-0.184848
10.9688,-0.0545335,-0.508759
10.783,0.994824,-0.423389
10.8367,1.98443,-0.553694
10.8916,3.00895,-0.536952
10.9263,3.96959,-0.751753
10.8175,4.98911,-0.822666
10.7908,6.02156,-0.759441
10.7243,7.01214,-0.66823
10.6888,8.05553,-0.835209
10.545,9.04518,-0.804205
10.5029,10.0761,-0.869198
10.4564,11.0709,-0.911463
10.4947,12.0798,-0.91363
10.5737,13.1041,-0.703363
10.4592,14.0816,-0.655391
10.5643,15.0867,-0.579077
10.7813,16.0825,-0.31167
10.9046,17.0684,-0.144893
10.9918,18.068,-0.108008
10.8739,19.0466,-0.171029
11.944,0.0711509,-0.31091
11.832,1.00454,-0.692022
11.8322,1.98644,-0.48833
11.8902,2.96057,-0.65681
11.876,4.00885,-0.460259
11.8301,4.99468,-0.83169
11.8298,5.98318,-0.65858
11.7281,6.97607,-0.624366
11.7392,8.01534,-0.734275
11.6413,9.01657,-0.805585
11.581,10.0368,-0.787378
11.5469,11.0653,-0.895587
11.5337,12.0739,-0.836412
11.6266,13.072,-0.768834
11.5514,14.1147,-0.591589
11.6428,15.0989,-0.54564
11.8421,16.0445,-0.156716
11.8958,17.0977,-0.143406
12.0042,18.0828,-0.0650929
11.9187,19.0848,-0.126334
12.9565,-0.000204474,-0.241099
12.8355,0.972124,-0.272884
12.873,1.98298,-0.454424
12.8918,3.01036,-0.634306
12.8842,4.01741,-0.482458
12.8368,5.01662,-0.626554
12.8068,6.02937,-0.494186
12.742,7.02007,-0.558754
12.815,7.98719,-0.749928
12.6466,8.96501,-0.799597
12.6456,10.0033,-0.807056
12.6119,11.012,-0.793976
12.5188,12.0125,-0.828495
12.6529,13.0048,-0.597653
12.6516,14.0674,-0.592019
12.7058,15.0604,-0.285492
12.8602,16.0609,0.0251808
12.9066,17.076,0.027427
13.0408,18.1132,-0.019013
12.9334,19.1369,-0.0735679
13.971,-0.128343,-0.308615
13.8881,0.921577,-0.354665
13.9284,1.96586,-0.449074
13.8573,2.96465,-0.365371
13.9671,3.96071,-0.634962
13.8714,4.98289,-0.595697
13.7797,6.00176,-0.59996
13.7361,6.99037,-0.704617
13.8256,8.00115,-0.901614
13.7097,9.01742,-0.695434
13.691,10.0307,-0.78822
13.6482,11.0285,-0.744954
13.5478,12.0016,-0.59714
13.6834,13.0499,-0.618274
13.7437,14.087,-0.618497
13.7191,15.0795,-0.327659
13.857,16.066,-0.0448378
13.9003,17.0365,0.174401
14.0119,18.0486,0.0782556
13.9544,19.1185,0.0243721
15.0054,-0.0813074,-0.444661
14.9349,0.908942,-0.304535
14.9064,1.89659,-0.565481
14.8973,2.93194,-0.429768
14.9772,3.98601,-0.574834
14.879,5.05021,-0.409043
14.8117,6.05665,-0.657451
14.7993,7.02822,-0.68677
14.9023,8.06899,-0.724586
14.7411,9.06254,-0.665648
14.794,10.0636,-0.647047
14.7381,11.0722,-0.640132
14.5489,12.0274,-0.503424
14.7151,13.0819,-0.596936
14.8029,14.0662,-0.624842
14.7377,15.0557,-0.133192
14.9271,16.0205,0.0605853
14.9163,17.0424,0.0935667
15.0312,18.0805,0.154192
14.9908,19.1428,0.0317759
16.0483,-0.1794,-0.423225
15.9917,0.868239,-0.364275
15.9522,1.88243,-0.386792
15.9383,2.87865,-0.486703
15.9891,3.93853,-0.436857
15.8882,4.93801,-0.478561
15.8906,5.9508,-0.634275
15.8853,6.94645,-0.61167
15.9111,7.96144,-0.703415
15.798,9.02459,-0.731858
15.8148,10.0717,-0.836296
15.8149,11.0585,-0.762172
15.6279,11.9976,-0.353984
15.786,12.9518,-0.5317
15.8459,14.0042,-0.392389
15.8307,15.0408,-0.122413
15.9749,16.057,-0.0561235
15.927,17.0718,0.187674
16.0979,18.1097,0.0331217
15.978,19.1487,0.117423
17.111,-0.160155,-0.392383
17.0211,0.884661,-0.308209
16.9903,1.90732,-0.308161
16.9562,2.94725,-0.371343
16.9704,3.93583,-0.680865
16.8711,4.95588,-0.622263
16.9556,5.96011,-0.52219
16.9126,6.99332,-0.507065
16.9263,7.98633,-0.654491
16.8342,8.97895,-0.610233
16.8006,9.98411,-0.789331
16.9029,10.9504,-0.527818
16.7397,11.9293,-0.387301
16.8564,12.9372,-0.37861
16.8437,13.9188,-0.17329
16.8731,14.9154,-0.107196
17.0262,15.9255,-0.0712973
16.9127,16.9579,0.133726
17.0706,17.9813,0.264135
17.0113,18.9811,0.136348
18.1361,-0.167959,-0.27409
18.0493,0.924265,-0.305747
18.0436,1.94064,-0.340559
17.9597,2.94204,-0.467739
17.9161,3.97598,-0.297253
17.8737,4.96965,-0.469442
17.9642,5.95716,-0.512351
17.9343,6.95973,-0.780087
17.9406,7.95114,-0.628269
17.8763,8.97838,-0.628336
17.8632,9.97017,-0.514505
17.9645,10.9836,-0.394485
17.8445,11.9775,-0.261812
17.8808,12.9729,-0.191787
17.8573,13.9558,0.106433
17.923,14.9163,-0.071218
18.0642,15.928,0.178304
17.976,16.9965,0.37716
18.0959,17.9738,0.178896
17.903,18.8671,0.641044
19.1427,0.0206946,-0.302216
19.1061,1.00567,-0.539286
19.0346,2.01777,-0.393597
18.9432,3.02882,-0.522883
18.8997,3.99423,-0.139494
18.9594,4.99302,-0.387378
19.0083,5.95577,-0.736729
18.9139,6.98128,-0.592166
18.9893,7.99538,-0.682992
18.9332,9.01955,-0.692978
18.9159,10.0201,-0.573962
18.9684,10.9702,-0.269015
18.9388,11.9923,-0.293368
18.8793,13.008,-0.0898587
18.9269,14.0176,0.0342784
18.9888,15.0354,-0.127204
19.0609,16.0652,-0.106601
18.9859,17.073,0.14423
19.0859,18.0752,-0.0608203
18.9212,18.9616,0.330952
