0.0147252,-0.0298318,0.0813593
0.93535,-0.0103153,-0.254274
1.92495,0.0130345,-0.205191
2.91531,0.0385754,-0.108927
3.92434,-0.0033845,0.061388
4.97214,0.030842,0.0687094
5.98676,0.0235755,0.126551
6.99261,0.0346873,-0.0455214
8.02802,0.015009,-0.0336375
8.99843,-0.0240822,0.0332255
9.99018,-0.0300699,0.0164464
10.9808,0.0173742,0.142366
11.9927,0.0504868,-0.0111545
12.9893,0.0356761,0.00276498
13.9746,-0.006592,0.132633
14.9699,0.0146031,-0.0473312
15.9645,-0.00256355,-0.162468
17.002,-0.00310068,-0.27167
17.9949,-0.058272,-0.332865
18.989,0.0468307,-0.107477
0.0540605,0.974981,-0.11312
1.06165,0.994958,-0.0582415
2.04568,1.03633,-0.127314
3.08042,1.039,-0.273067
4.08133,0.976525,-0.102036
5.06032,1.03276,0.0460829
6.05357,0.994983,-0.0423536
7.05806,1.00881,-0.179714
7.99361,1.05408,0.119572
8.97349,0.98413,-0.0747765
10.0069,0.985067,-0.0789239
10.9738,1.02435,0.172881
11.993,1.09652,0.0154851
13.0248,1.01616,0.118824
14.001,0.965722,0.324839
15.0382,0.973458,0.134657
16.0638,0.972973,0.176812
17.0676,0.993683,-0.0873989
18.077,0.963048,-0.205469
19.0537,0.983438,-0.45584
0.0671438,1.98007,0.0178991
1.11548,1.99586,0.183648
2.0714,2.04114,-0.0433088
3.10312,2.02501,0.0273263
3.97909,1.9361,-0.437571
4.95529,2.06909,-0.101971
5.97588,2.04754,-0.143458
6.9993,1.99292,0.092114
7.97554,2.08249,-0.0815394
8.98156,1.98979,-0.0568407
9.98071,1.99021,0.0114322
10.9703,2.06321,-0.050441
11.982,2.10235,0.00342418
12.9956,1.95893,-0.124213
13.9947,1.97913,0.202109
14.9911,1.95674,0.370525
15.9379,1.95661,-0.0681478
16.9949,2.04021,0.043318
18.0152,1.99682,-0.141798
19.0271,1.97789,-0.375729
0.0204474,2.98576,-0.0738975
0.96513,3.04702,0.192297
1.93781,3.00643,0.113471
2.92556,3.06373,0.064153
3.92214,2.92375,-0.182434
4.92084,3.06023,0.00858791
5.9381,3.0444,-0.100943
6.96523,2.98259,0.12374
7.9647,3.02649,0.302988
8.9302,2.99579,0.0149968
9.9762,2.99998,-0.0620624
10.9518,2.9944,-0.388986
12.0088,3.06576,-0.361983
12.9797,2.9729,-0.131788
13.978,2.95396,-0.0943175
14.9949,2.92892,-0.0517899
16.0291,2.98943,0.0165227
17.0177,3.01532,-0.176473
18.0228,3.02441,-0.140446
19.0219,2.92571,-0.0853389
-0.0289987,3.96688,-0.353081
0.965099,4.02727,0.00509049
1.97286,3.98981,-0.281478
2.93669,4.13937,0.0461196
3.95938,3.93776,-0.00488907
5.00044,4.06717,-0.135063
6.01116,4.02853,-0.158831
7.04047,4.00069,-0.00477309
8.00763,3.91363,-0.141221
9.0436,3.99199,0.138661
10.012,3.98112,-0.194125
11.0078,4.0197,-0.301193
12.0685,4.09912,-0.231611
13.0958,3.97865,-0.130757
14.0878,3.9785,-0.317347
15.0452,3.89862,-0.00784326
16.0503,4.08313,-0.0941527
17.0702,4.03879,-0.236174
18.0151,4.03814,0.193713
18.981,3.91249,0.00852992
0.0164495,4.91002,0.02013
0.984927,5.04376,0.0529649
1.98905,5.0098,-0.00144658
3.05887,5.12512,-0.0826838
4.04246,4.91292,-0.0583392
5.00044,5.04121,0.258678
6.0162,4.94021,0.31286
7.0355,5.05601,0.0999573
8.02832,4.96533,0.0180822
9.05837,4.95578,-0.259365
10.045,4.97695,-0.355242
11.0663,5.04007,-0.301804
12.1,5.10074,-0.124125
13.0806,4.91199,-0.200064
14.1589,5.00931,-0.238197
15.1149,4.91684,-0.00820948
16.0835,5.07939,-0.201007
17.0852,4.98505,0.195941
18.0348,5.06307,0.00345164
18.991,4.94169,-0.178161
-0.00654927,5.92985,-0.220154
0.871767,6.0268,0.310135
1.83823,6.02062,-0.0918241
2.83899,6.09049,0.178829
3.84353,5.92586,0.0791223
4.83791,6.02588,0.208597
5.83335,5.92332,0.0626026
6.83656,6.03269,0.0633686
7.89581,5.96723,-0.0361126
8.95076,5.94965,-0.166784
9.99806,5.9219,0.0662374
10.9564,6.03662,-0.106427
11.9945,6.08943,0.0177465
12.9998,5.89383,-0.165477
13.9972,5.99437,-0.0667806
15.0039,5.89901,-0.0484451
16.0168,6.04879,-0.0549211
17.0068,5.93979,-0.0215918
18.0336,6.08645,0.0183142
18.9877,5.93198,-0.111585
-0.00356761,6.90528,-0.102149
1.04794,6.92435,-0.0796075
2.02792,6.98974,0.137696
3.03839,7.08109,0.015302
4.03363,6.91509,0.0487075
4.99982,7.04853,0.159227
5.96918,6.93186,0.135325
6.92302,7.00908,-0.166091
7.88188,6.93837,0.142454
8.88107,6.94213,0.0660329
9.86578,6.90736,-0.0638813
10.885,7.04635,-0.318711
11.9303,7.04733,-0.266182
12.933,6.84638,-0.381976
14.0095,6.93732,-0.334663
15.0223,6.91885,-0.154967
16.0063,7.00641,-0.330387
17.0171,7.00395,-0.143861
18.0197,7.10725,0.0247078
18.9897,6.95174,-0.122687
0.0417585,7.92107,-0.15497
0.996173,7.92519,0.0354259
1.9963,7.96863,-0.161534
2.9853,8.03741,-0.249751
3.97521,7.89842,-0.0849208
4.94748,8.09781,0.14543
5.89818,7.91093,-0.0506485
6.89601,8.01956,-0.234138
7.90874,7.90485,-0.15609
8.91823,7.96976,0.175948
9.90976,7.90454,0.0037965
10.8282,8.03213,-0.38786
11.8724,8.00955,-0.45642
12.8897,7.89885,-0.339692
13.9076,7.92074,-0.299033
14.9145,7.957,-0.282315
15.8982,7.96753,-0.135685
16.8659,7.98606,0.00854213
17.9111,8.12409,-0.064098
18.9727,7.95487,-0.0232917
-0.0128819,8.91489,0.0989746
1.02852,8.90847,0.0552446
2.06081,8.93819,0.0223579
3.06289,9.01506,-0.0657918
4.03681,8.91566,-0.283352
4.9731,9.01287,-0.262014
6.00314,8.93638,-0.113047
7.00601,9.0157,-0.0875637
7.93904,8.87262,-0.407321
8.92236,8.97302,-0.170779
9.90553,8.96541,-0.120988
10.8693,9.05185,-0.449776
11.9547,8.9695,-0.232835
12.9495,8.87421,0.00347301
13.9578,8.91691,-0.352507
14.9488,8.97706,-0.111399
16.0153,8.95014,-0.153127
17.0559,8.96346,0.111911
18.0652,9.12951,-0.18692
19.0143,8.96428,-0.19917
-0.0796991,9.90603,0.321082
0.883383,9.91056,0.0289499
1.9181,9.98937,0.0396161
2.98033,10.0278,0.105316
3.9202,9.91032,-0.261553
4.91128,10.0117,-0.402264
5.94586,9.97227,-0.331062
6.92532,10.051,-0.0841762
7.88572,9.89408,-0.408768
8.80364,9.99887,-0.0255379
9.82944,9.99827,-0.0458876
10.9006,10.0358,-0.248668
11.908,9.9773,-0.234831
12.8835,9.84916,-0.122089
13.883,9.94014,-0.313691
14.8839,9.96569,-0.204465
15.9092,9.9351,-0.0227729
16.9231,9.92781,-0.205316
17.9185,10.0738,-0.348698
18.935,10.0071,-0.124781
-0.0408826,10.9313,0.32338
0.962206,10.9087,0.145433
1.91264,10.9601,-0.130372
2.90706,11.0294,-0.0480819
3.96561,10.9165,-0.133229
4.94688,10.9405,-0.0532762
5.9504,11.0094,-0.310395
6.95339,11.0744,-0.115244
7.93825,10.8993,-0.266732
8.93348,10.9396,-0.313379
9.96537,10.9542,-0.198108
11.0034,11.0047,0.00511795
12.0282,10.96,-0.122379
13.0642,10.8735,-0.267943
14.085,10.9338,-0.231123
15.1125,10.9324,0.0591784
16.0827,10.8619,-0.37781
17.0086,10.9742,-0.0323191
18.026,11.0082,-0.104566
18.9951,10.9956,-0.215412
-0.0185949,11.9483,0.165444
0.972057,11.9412,0.186889
2.00994,11.9769,0.0680563
2.93523,12.0194,-0.355239
3.90668,11.9415,-0.135508
4.87545,11.9405,0.121116
5.91145,11.978,-0.0822047
6.88328,12.0338,0.21272
7.75305,11.8611,-0.310956
8.79468,11.9323,-0.568523
9.82217,11.9508,-0.37163
10.8602,11.9498,-0.257137
11.8572,11.9747,-0.31171
12.88,11.9063,-0.214081
13.9434,11.9582,-0.174407
14.9473,11.9022,-0.0801843
15.9692,11.8057,-0.152
16.9685,11.9858,-0.172329
17.9973,12.0163,-0.186728
18.9753,11.9335,0.133824
0.016715,12.9485,0.186966
1.04745,12.9657,0.234281
2.0307,12.9778,0.0903745
2.99206,12.9964,-0.168001
3.89065,12.8573,0.283319
4.93996,12.963,-0.0181066
5.91859,13.0013,-0.260891
6.90381,12.9959,-0.163268
7.91287,12.9176,-0.230662
8.89073,12.8928,-0.331358
9.95822,12.8878,-0.066802
11.0189,12.999,-0.111005
11.9495,12.9355,-0.477374
12.9406,12.9556,-0.229371
13.9069,12.9998,-0.0610492
14.897,12.9278,-0.171496
15.9162,12.8286,0.00508438
16.9432,13.0262,-0.0641774
17.9623,13.0161,-0.160848
18.9874,12.8848,-0.0314554
-0.0251137,13.9514,-0.0239479
0.986511,13.9654,0.129704
1.99061,13.982,0.26961
3.00912,13.8914,0.253563
4.00852,13.8409,0.0581805
5.00031,13.9242,0.0455763
5.95206,14.0278,-0.202457
6.93467,14.0672,-0.108383
7.92842,13.8966,0.042143
8.94289,13.9043,-0.215143
9.92175,13.8884,-0.0512314
10.922,13.9666,-0.0548418
11.9776,13.9217,-0.147386
12.951,13.9844,-0.202478
14.0246,14.0389,-0.16343
15.031,13.9255,-0.0338115
16.0918,13.8803,-0.178063
16.9792,13.9418,0.334135
18.0226,13.9892,0.118232
18.9926,13.9409,-0.128169
-0.0280099,14.953,-0.10972
0.973324,14.9737,-0.049321
2.05011,14.9502,-0.0507645
3.05448,14.8968,0.00587786
4.04226,14.846,0.0933653
5.03341,14.9624,0.122147
6.02481,15.039,0.0571551
7.0257,15.0515,0.100577
7.98793,14.8883,-0.0360607
8.959,14.9181,-0.234703
9.95814,14.9479,0.0711356
10.9769,14.953,-0.0341472
11.9997,14.9091,0.0376659
13.0294,14.9904,-0.0293558
13.9986,15.0296,-0.362377
14.9949,14.92,-0.154817
16.0418,14.9074,-0.121949
16.9622,14.9386,0.231031
17.9984,15.0279,0.1313
18.9663,14.9612,-0.0249306
0.0354656,15.9824,-0.170412
1.06025,15.9705,-0.0587573
2.11618,15.935,0.0257485
3.10117,15.9785,-0.0466933
4.03431,15.8794,0.187661
5.03428,16.0319,0.089581
6.03417,16.0286,0.0961058
7.04187,16.0256,-0.119575
8.0057,15.8738,0.0626514
9.0107,15.9052,-0.186151
9.94066,15.9686,0.182394
10.9214,16.0051,0.0514328
11.9569,15.9099,-0.0252297
12.9295,15.9991,-0.0579546
13.9061,16.0029,-0.152501
14.8964,15.956,-0.0380169
15.8813,15.9155,0.114496
16.8969,15.9271,0.149495
17.877,16.0391,-0.0168767
18.9645,15.9869,0.11261
0.0221229,16.9489,0.0898801
1.01185,16.9696,-0.0476821
2.0032,16.9377,0.0211158
2.97966,16.9677,0.185519
4.01409,16.9472,0.0764214
5.00514,17.0355,-0.217679
5.96901,17.0789,0.129041
7.00168,16.9924,0.131867
7.99977,16.9167,0.0365429
9.02105,16.9219,-0.0393597
9.97616,16.9975,0.161354
10.9198,17.0072,-0.22241
11.928,16.9117,-0.317939
12.9037,16.9763,-0.0140019
13.9104,17.0312,-0.136021
14.903,16.9362,-0.254872
15.905,16.8929,-0.102374
16.915,16.9517,0.211982
17.9657,17.0187,0.00127873
18.9758,16.9565,-0.0979827
-0.0265053,17.9405,0.367244
0.941633,17.9924,0.125111
1.94837,17.9359,-0.0904538
2.94018,17.9864,0.0531388
3.95007,17.9712,-0.0405835
4.92903,17.9464,0.248079
5.95407,18.0442,0.0474349
6.95626,18.0255,0.0756584
7.97501,17.925,0.227894
8.91893,17.9708,-0.0983856
9.88195,17.9889,0.0901273
10.8988,18.0173,-0.0364422
11.9423,17.9217,-0.0862209
12.9396,17.9864,-0.183807
13.9161,18.0863,-0.0208319
14.9051,17.9665,-0.269787
15.8955,17.9288,-0.239128
16.9217,17.9172,-0.323698
17.933,18.0245,-0.252
18.9537,17.9838,-0.26169
-0.00160527,18.9701,0.105893
1.01008,18.9956,-0.0546495
2.01493,18.9642,0.0618793
2.99711,18.9846,0.181268
3.97687,18.957,0.269994
5.0375,19.0102,0.199396
6.03469,19.0146,0.297769
7.0504,18.994,0.272808
8.01157,18.9253,0.0614612
8.98454,19.0055,-0.156627
9.99461,18.9812,-0.0190161
11.0062,18.9586,0.152559
12.0012,18.9362,0.0365795
12.981,18.9746,-0.196979
13.94,19.0129,-0.297424
14.8714,18.9827,0.0287484
15.9006,18.9497,-0.0408521
16.9159,18.9345,-0.0752525
17.9417,18.987,0.0236457
18.9816,18.989,-0.154521
