3.44989,4.84134,-0.702402
2.89601,5.63544,-0.399005
3.70587,5.25694,0.111014
3.16356,4.63132,0.723634
3.35371,5.60315,0.871599
3.33021,5.40522,1.84496
3.64968,5.26085,0.901651
3.09584,6.05896,0.823786
3.03807,6.2954,-0.186605
2.99908,7.02922,0.482089
4.47696,4.79521,-0.577044
3.57381,4.95965,-0.0923643
3.05682,4.78272,0.752358
2.39276,3.98109,0.742116
2.95511,4.72818,1.09076
3.53596,5.49962,0.888852
3.03433,5.1783,0.0657796
3.26023,6.15256,-0.198138
3.26046,7.19977,-0.501105
3.42155,7.92253,0.203662
5.42862,4.55845,-0.64684
4.55516,4.86474,-0.372381
4.02744,5.00738,0.501086
3.29521,4.35856,0.879357
3.72712,5.22008,0.70087
4.14654,6.11577,0.328983
3.44363,5.99403,-0.346657
3.6905,6.98816,-0.523133
3.62662,7.24329,0.472964
3.49871,7.29644,-0.562654
4.83207,4.4952,0.207813
4.20717,5.30108,0.462954
4.90815,4.57057,0.471383
4.23921,4.11654,1.06557
4.67285,4.82799,0.433863
4.69618,5.54949,-0.278008
4.07104,5.638,-1.02734
3.72231,5.96831,-0.147804
4.27193,6.84354,-0.20625
3.50443,7.06299,0.427821
4.80934,3.51968,0.130976
4.4676,4.47074,-0.0647237
5.02711,5.26937,-0.280215
4.901,4.67403,0.525254
5.05643,4.7525,-0.498822
5.25425,5.09977,0.396796
4.84172,5.68968,-0.356597
4.08355,5.62395,-1.03773
4.70933,5.93578,-0.266707
4.4417,6.81426,0.176772
4.26623,4.13872,-0.412375
4.96655,4.76654,-0.897705
4.09424,4.82076,-0.367782
4.77215,5.53446,-0.0662954
5.68705,5.07136,0.162673
5.44964,6.03933,0.0284127
4.93244,5.46416,0.639705
4.57711,5.92234,-0.147987
5.53614,5.53574,0.081811
4.59602,5.80922,0.399628
4.67288,4.175,-1.37046
4.63586,3.97702,-0.384286
4.69756,4.55761,0.409207
5.53709,5.09696,0.364892
5.2327,5.92394,-0.0973937
5.3082,6.7886,-0.609806
5.54348,5.97634,-0.0186071
5.17534,5.11948,-0.37513
4.94584,4.79208,0.526441
5.22212,5.31684,-0.252821
5.53641,3.78478,-1.68152
5.32189,4.46843,-0.954961
5.68152,4.68983,0.0164037
6.17067,4.5067,0.870022
5.82083,5.18166,0.195355
5.88305,6.13855,-0.101706
6.30799,5.34531,0.266625
6.09302,4.91666,-0.645375
5.0885,4.96385,-0.466988
4.68494,5.74408,-0.947041
5.24032,4.22632,-0.824284
5.84435,4.62199,-0.107703
6.27812,4.83228,0.811304
6.38637,4.29986,-0.0982086
6.35598,5.18249,-0.658434
6.604,5.5015,0.277273
6.77165,4.73244,-0.367849
6.76722,4.85578,-1.38423
5.86897,5.18235,-1.07981
5.13905,5.42056,-1.77279
5.7964,4.61832,-0.0338511
6.30657,4.85708,0.771239
6.78997,5.73201,0.629435
6.04638,5.20087,0.17658
7.02567,5.35362,0.0608722
6.77667,6.0341,-0.609549
7.31265,5.31086,-1.03803
6.8906,5.75851,-1.86453
5.90193,5.95316,-1.77764
5.03748,6.40345,-1.5532
