3.69168,5.39199,-0.752113
2.96164,5.35952,-0.0588
3.01291,4.50536,0.417884
3.25199,5.23255,-0.21399
3.03095,5.98763,-0.878738
3.86148,5.61813,-0.400763
3.85375,6.15821,0.448683
2.94043,6.31706,0.0705252
3.40543,6.67697,0.909964
2.40705,6.68131,0.96462
4.23399,4.8214,-0.0498581
3.4568,4.87982,0.668572
3.94581,4.08675,0.214313
2.95568,4.32745,0.164632
3.15469,5.11499,-0.36389
3.71333,5.15791,0.514582
2.90422,5.80125,0.519456
1.98824,6.15872,0.15894
2.41443,6.62549,0.971352
3.02861,6.5269,1.79352
3.56978,4.12127,0.17344
3.9798,4.14565,1.09024
3.24187,3.55624,0.670998
3.19993,4.46687,1.14896
3.71514,4.74721,0.355077
2.76731,4.94067,0.0951292
3.0691,5.69479,-0.471923
2.93909,6.3974,0.233128
3.21387,5.99576,1.09353
3.99162,6.42059,1.52782
4.47919,3.80888,-0.348738
4.45109,3.3989,0.576757
3.76187,3.68206,-0.148619
3.09435,4.41165,0.133567
3.43957,5.13712,-0.507685
3.69855,4.87917,0.430668
3.90956,5.76418,0.0406629
3.03975,5.46438,0.446083
4.0423,5.71137,0.655458
3.39695,6.45163,0.711161
4.64247,3.83158,0.660219
3.79446,3.98014,0.092346
4.73745,3.88595,-0.40968
3.85456,4.32462,-0.520948
3.73087,4.79477,0.381045
3.77325,5.8383,0.108344
4.46995,6.57738,0.102441
3.51517,6.26107,0.105606
4.37911,6.00233,-0.232893
3.93975,5.62719,0.562587
3.8166,3.26646,0.459319
4.6939,3.53421,0.0629322
5.6581,3.5279,-0.416034
4.85118,4.11633,-0.458647
4.42543,5.04192,-0.300281
4.7916,5.86062,0.149815
5.48671,6.60813,0.217734
4.50551,6.46561,0.0235572
4.82091,6.64255,-0.926075
4.59759,6.14769,0.00241401
4.70088,2.92017,0.747786
5.05745,2.6147,-0.183346
5.58999,3.07935,0.530476
5.70899,3.92261,0.0501236
5.25094,4.52707,-0.639125
5.56504,5.20868,0.0165716
6.25524,5.94483,-0.00591449
5.5018,6.61374,0.23723
4.66902,6.11068,-0.0506943
5.03672,7.06191,-0.237669
5.26996,3.43648,0.148659
6.01775,2.77013,0.334159
6.23557,3.7309,0.134977
6.26596,4.63762,0.498892
5.527,5.1504,0.131135
5.844,5.7029,0.91583
5.39438,6.42281,0.290362
6.33224,6.16055,0.503858
5.53684,6.62644,-0.0257729
5.88628,7.30546,-0.710138
5.37038,3.57955,-0.843611
6.05484,3.69695,-0.0857906
5.96409,4.71059,0.236503
6.56235,5.46453,-0.00314341
5.7708,5.68964,-0.69989
5.53032,6.18004,0.119971
6.28061,6.60343,0.655699
6.24665,6.6167,-0.405356
6.01005,7.51021,-0.0047853
6.18294,6.51099,-0.148274
5.59734,2.83086,-1.46482
5.93335,3.76486,-1.14664
6.05027,3.73047,-0.156456
6.67329,4.48802,-0.213578
6.73295,5.48768,-0.367055
6.55161,6.43439,-0.0391797
5.53841,6.37492,0.0638966
5.46969,7.29598,-0.353346
5.9219,8.09191,-0.799799
5.66298,7.348,-0.134034
