-0.170885,1.01146,-1.13518
0.0242836,1.37144,-0.206064
0.019953,2.34191,-0.248268
0.00658589,3.40315,-0.159148
-0.181094,4.31311,-0.646489
-0.0880795,5.30322,-0.477142
-0.117692,6.28117,-0.105582
-0.123078,7.29015,-0.272582
-0.135899,8.31697,-0.347069
-0.138066,9.33332,-0.353136
-0.116984,10.3662,-0.397858
-0.11941,11.3158,0.0642567
-0.27496,12.2106,-0.40622
-0.144325,13.2144,-0.769735
-0.0770837,14.2422,-1.03439
-0.087878,15.1803,-0.682812
-0.12779,16.1446,-0.345656
-0.248262,17.1034,-0.0271126
-0.111673,18.1016,0.0451125
0.107932,19.086,-0.0143681
0.068865,20.0417,-0.36028
-0.1786,20.956,0.0617512
-0.176006,21.9094,0.346348
-0.0959929,22.9374,0.324113
-0.116889,23.8781,0.0229286
-0.154988,24.966,-0.169759
-0.0440504,25.9485,0.17384
-0.00122074,26.8114,-0.366027
-0.0560991,27.7758,-0.16801
-0.164736,28.7809,-0.205661
0.700046,1.42123,-0.788232
0.912632,1.77848,0.119242
1.01712,2.72393,-0.292175
0.982119,3.7802,-0.0738639
0.750746,4.63527,-0.522071
0.965432,5.65751,-0.444841
0.846999,6.57055,-0.108902
0.895065,7.5054,-0.423328
0.849416,8.54845,-0.349681
0.898962,9.54055,-0.41901
0.896927,10.5848,-0.265017
0.87691,11.6103,-0.143757
0.673681,12.3511,-0.733686
0.877709,13.2952,-0.884216
0.927415,14.2243,-1.24113
0.941053,15.1145,-0.705628
0.879711,16.1519,-0.544673
0.752593,17.0932,-0.225813
0.826994,18.0456,-0.499939
1.04768,19.0707,-0.351854
1.06826,20.0714,-0.256005
0.880505,20.9886,0.187973
0.853258,22.0101,0.2197
0.867473,22.9558,0.56274
0.853423,23.8589,0.201083
0.858846,24.905,-0.0481094
0.957625,25.8928,0.064452
1.02672,26.6634,-0.561327
0.954778,27.5738,-0.135228
0.873501,28.5516,-0.369048
1.70208,1.58745,-0.837681
1.88204,1.93675,0.113028
1.9927,2.90625,-0.0541246
1.98445,3.90042,-0.00412915
1.78074,4.86353,-0.376611
1.9567,5.83114,-0.199759
1.85381,6.89099,-0.199814
1.81516,7.70881,-0.824876
1.84956,8.63104,-0.381109
1.97077,9.61837,-0.406662
1.91998,10.6542,-0.277819
1.99313,11.6763,-0.152782
1.69349,12.4102,-0.806272
1.88007,13.4087,-1.09889
1.93418,14.4311,-1.17277
1.92705,15.3784,-0.809452
1.86524,16.2475,-0.273965
1.68459,17.1886,-0.604651
1.818,18.1618,-0.69259
2.02662,19.1283,-0.544758
2.04666,20.1042,-0.566832
1.91442,20.8491,0.111035
1.8553,21.8713,0.266802
1.8925,22.8358,0.476965
1.9353,23.8336,0.182189
1.84375,24.8636,0.166164
1.92846,25.8368,0.25063
2.03808,26.5324,-0.504376
1.97711,27.4514,-0.12313
1.9003,28.4253,-0.290735
2.76918,1.71508,-0.836747
2.89672,2.11397,0.106104
2.95315,3.09941,0.0490982
3.01597,4.06015,-0.206555
2.81108,5.05355,-0.227561
2.94763,6.00354,-0.411823
2.90645,6.96726,-0.473989
2.81285,7.9553,-0.665816
2.92827,8.87738,-0.417338
2.97209,9.91583,-0.363271
2.95377,10.8756,-0.359212
3.01631,11.9125,-0.18779
2.7428,12.5338,-0.980285
2.98017,13.5158,-0.990176
3.00652,14.4492,-1.34295
2.95547,15.3527,-0.841908
2.87179,16.2545,-0.453798
2.71152,17.2046,-0.759435
2.81833,18.198,-0.90195
3.05145,19.1704,-0.670565
2.98856,20.066,-0.231672
2.91458,20.9449,0.207147
2.87699,21.9416,0.396283
2.91954,22.9452,0.346879
2.89922,23.9155,0.368868
2.86974,24.912,0.0628101
2.99538,25.9303,0.236772
3.14451,26.5734,-0.459841
2.92029,27.5319,-0.628211
2.89039,28.4563,-0.204154
3.73717,1.96968,-0.725831
3.90166,2.40024,0.138487
3.97899,3.3734,-0.158467
4.0021,4.35251,-0.264782
3.77625,5.35602,-0.284619
3.94136,6.25867,-0.647774
3.88149,7.25114,-0.397986
3.83759,8.25564,-0.776223
3.92915,9.12766,-0.341392
4.0404,10.1248,-0.382669
3.92583,11.1249,-0.49216
4.02236,12.1195,-0.37373
3.76551,12.4548,-1.28746
3.99656,13.4063,-1.41739
3.94384,14.3811,-1.76134
3.93757,15.1803,-1.14667
3.79812,16.1356,-0.851613
3.74205,17.1433,-0.785571
3.91661,18.1393,-0.89964
4.06984,19.134,-0.759453
4.03643,20.0547,-0.332411
3.88366,21.0343,-0.202841
3.79327,22.0633,-0.087878
3.89388,23.0909,0.101868
3.91765,24.0352,0.475518
3.87143,24.9703,0.12056
4.00408,25.8868,0.496182
4.17477,26.5001,-0.280398
3.91793,27.4406,-0.550752
3.9198,28.3144,-0.0607135
4.79304,2.03348,-0.685638
4.87296,2.60472,0.201355
4.98202,3.59147,-0.150285
4.99798,4.62926,-0.14792
4.75495,5.59362,-0.272689
4.92553,6.47995,-0.733079
4.85801,7.4488,-0.710263
4.83871,8.47991,-0.634233
4.85922,9.4592,-0.623869
5.04701,10.4441,-0.395599
4.92923,11.4089,-0.653673
4.99063,12.4105,-0.56708
4.70651,12.8253,-1.44268
4.92102,13.7792,-1.36336
4.9101,14.5539,-2.03903
4.93403,15.1729,-1.21154
4.81158,16.128,-0.948747
4.82937,17.1336,-0.702582
4.92479,18.1386,-0.864293
5.13383,19.1379,-0.868908
5.06917,19.959,-0.297833
4.86397,20.9213,-0.0465102
4.89769,21.9936,-0.176907
4.93434,23.0035,-0.0726218
4.96227,23.8126,0.581512
4.83295,24.7553,0.247487
4.99329,25.6931,0.429798
5.23179,26.4015,-0.278039
4.91389,27.3433,-0.473031
5.01956,28.29,-0.049556
5.76064,2.42921,-0.681732
5.88464,2.953,0.179492
5.90374,3.89923,-0.20495
5.96104,4.91441,-0.0359661
5.77319,5.92563,-0.296469
5.83578,6.92523,-0.503937
5.81182,7.86442,-0.852754
5.81383,8.85988,-0.591937
5.83731,9.85006,-0.770522
6.00204,10.7823,-0.355162
5.95754,11.6419,-0.920347
6.03613,12.6299,-0.831642
5.68017,13.0154,-1.709
5.90286,14.0074,-1.58921
5.88096,14.7285,-2.26151
5.87532,15.3421,-1.49531
5.79577,16.1856,-0.962181
5.84013,17.1734,-0.755196
5.96367,18.1644,-0.7905
6.12967,19.067,-1.18431
6.04883,19.9275,-0.592291
5.84096,20.8916,-0.335963
5.86677,21.8823,-0.214847
5.95061,22.8723,-0.182064
5.9483,23.7437,0.344118
5.84127,24.7163,0.463918
5.90661,25.5727,-0.0870571
6.24559,26.4581,-0.322214
5.83347,27.3654,-0.0612171
5.99842,28.3371,-0.149324
6.73724,2.56135,-0.363588
6.83859,3.4383,0.0981719
6.80518,4.29431,-0.377416
6.89043,5.24575,0.00332652
6.74248,6.24389,-0.259175
6.8522,7.23999,-0.526997
6.84783,8.20465,-0.840577
6.83178,9.19908,-0.704733
6.81542,10.1669,-0.941371
6.92563,11.1229,-0.480532
6.94897,11.8533,-1.14707
7.0167,12.8353,-1.07667
6.73406,13.1505,-1.99119
6.90764,14.1568,-1.81273
6.84052,14.8489,-2.55921
6.89778,15.4426,-1.75603
6.87259,16.1292,-0.963305
6.87129,17.1514,-0.924824
6.94514,18.1426,-1.09849
7.13598,19.1055,-1.19333
7.06985,19.8366,-0.484625
6.8889,20.8392,-0.59122
6.90409,21.7771,-0.241288
6.98199,22.7118,-0.0600299
6.99109,23.6987,0.213327
6.87184,24.7373,0.399322
6.93975,25.4432,-0.350844
7.25377,26.3117,0.0203497
6.82963,27.2208,-0.109943
7.01179,28.1968,-0.217237
7.73621,2.59796,-0.310547
7.85497,3.52539,0.0280313
7.79326,4.46995,-0.419044
7.80905,5.46332,-0.305518
7.73207,6.43742,-0.537605
7.87625,7.41587,-0.343391
7.82049,8.40275,-0.591684
7.89055,9.3961,-0.677996
7.82199,10.381,-0.881817
7.89677,11.3774,-0.617795
7.92571,12.2958,-1.04698
7.88051,13.2799,-1.32243
7.68262,13.5029,-2.33019
7.89934,14.3743,-1.87838
7.81989,15.0202,-2.68458
7.89629,15.4045,-1.7696
7.93772,16.1192,-1.06869
7.89065,17.1123,-1.06513
7.93955,18.0433,-1.41637
8.07815,18.8984,-0.912616
8.09139,19.8344,-0.555843
7.92258,20.8161,-0.48211
7.89329,21.8437,-0.258693
7.98956,22.8326,-0.304282
8.04301,23.6047,0.360103
7.91871,24.6095,0.31258
7.87113,25.6032,0.09017
8.22522,26.5363,-0.207221
7.73093,27.2907,0.307291
7.99803,28.1187,-0.152098
8.72479,2.55771,-0.336384
8.87129,3.50899,-0.0692282
8.77392,4.52193,-0.0784143
8.84139,5.54544,-0.249474
8.7578,6.53277,-0.166799
8.88696,7.47478,-0.531779
8.88594,8.55266,-0.690017
8.85761,9.55205,-0.986193
8.82973,10.5994,-1.00089
8.82699,11.5857,-1.02039
8.87378,12.6453,-1.24562
8.77814,13.6279,-1.59648
8.7478,13.666,-2.62603
8.91689,14.4863,-1.99815
8.82831,15.1447,-2.78747
8.88901,15.2861,-1.79713
8.97959,16.1761,-1.2522
8.85295,17.1862,-1.35111
8.9599,18.1689,-1.47848
9.18387,18.9393,-0.810324
9.06973,19.7835,-0.220392
8.88539,20.8099,-0.444957
8.91364,21.8059,-0.245363
9.00183,22.7804,-0.357332
9.04714,23.5677,0.337886
8.94386,24.5618,0.433793
8.84125,25.4417,0.0181066
9.206,26.3755,-0.115891
8.65728,27.2167,-0.243544
9.05629,28.1263,-0.134297
9.73862,2.74499,-0.199652
9.8007,3.73095,-0.414975
9.76272,4.66594,-0.138649
9.82486,5.70388,-0.0871456
9.80567,6.69779,-0.278655
9.928,7.65463,-0.648967
9.9275,8.67858,-0.80325
9.84366,9.72959,-0.86014
9.83219,10.7531,-0.828794
9.85291,11.6974,-1.28513
9.85597,12.7193,-1.31153
9.79626,13.6705,-1.56331
9.80792,13.9766,-2.53789
9.85915,14.5998,-1.68641
9.69937,14.6207,-2.72896
9.92809,15.3223,-2.0108
9.95002,16.2163,-1.57058
9.85309,17.0682,-1.1
9.95417,18.0323,-1.37819
10.1356,19.0451,-1.10019
10.0453,19.7685,-0.415442
9.91233,20.757,-0.380816
9.93681,21.7388,-0.308963
10.0005,22.7899,-0.300787
10.0349,23.6327,0.227094
10.0136,24.6277,0.355293
9.87182,25.517,-0.179308
10.1787,26.4419,-0.0622913
9.69732,27.3714,-0.241908
10.049,28.357,-0.317014
10.8276,2.72314,-0.260366
10.8274,3.72566,-0.165007
10.7819,4.76341,-0.317982
10.8468,5.78277,-0.141639
10.8172,6.75075,-0.431608
11.0152,7.71849,-0.693338
10.9563,8.76801,-0.7009
10.8296,9.77237,-0.764226
10.8421,10.7765,-0.99208
10.8747,11.7311,-1.30762
10.883,12.7453,-1.4754
10.8001,13.7981,-1.59729
10.8389,13.6891,-2.61367
10.8057,14.3813,-1.93024
10.6728,14.5285,-2.92586
10.9282,15.1278,-2.18783
11.0012,16.0925,-1.83283
10.7754,17.0154,-1.4538
10.9539,18.0038,-1.46307
11.1332,19.0046,-1.15615
11.0534,19.8485,-0.613443
10.9134,20.8015,-0.311515
10.9253,21.8034,-0.462889
11.0587,22.8021,-0.452626
11.0418,23.6474,0.129554
11.0611,24.6232,0.368331
10.9281,25.525,-0.0561724
11.1769,26.4932,0.0323405
10.7007,27.2289,-0.40296
11.0611,28.1664,-0.435847
11.7992,2.95,-0.310532
11.808,3.86319,0.0760582
11.7992,4.87335,-0.194003
11.8726,5.88404,0.122935
11.8497,6.79482,-0.350758
12.0637,7.76024,-0.593115
11.9548,8.79189,-0.575741
11.8583,9.75296,-0.912024
11.8626,10.8113,-1.02973
11.8862,11.7464,-1.49358
11.9279,12.7391,-1.51867
11.8439,13.7911,-1.66651
11.8658,13.6933,-2.72435
11.8573,14.4139,-2.05861
11.6521,14.7715,-2.98393
11.9369,15.1048,-2.04594
12.0025,16.1163,-1.76591
11.8044,17.0287,-1.32966
12.0322,18.0055,-1.30045
12.0597,18.82,-0.680462
12.0842,19.8185,-0.364415
11.8947,20.8044,-0.517014
11.9493,21.8368,-0.506861
12.0921,22.8596,-0.330634
11.9986,23.5391,0.38829
12.0981,24.5305,0.44149
11.9522,25.4681,0.110184
12.2006,26.4234,-0.0678091
11.7325,27.298,-0.446608
12.0996,28.21,-0.423121
12.7877,3.06394,-0.292508
12.8251,4.02565,0.0817743
12.8055,4.99741,-0.132279
12.9095,5.99069,0.0726585
12.9252,6.87478,-0.486355
13.0395,7.86437,-0.73654
13.0351,8.86142,-0.485205
12.8966,9.81358,-0.82494
12.9022,10.845,-1.19921
12.9454,11.8469,-1.40266
12.9667,12.8961,-1.57939
12.8918,13.8992,-1.75155
12.8853,13.885,-2.75365
12.9406,14.6116,-2.0451
12.7297,14.8516,-2.97786
12.9073,15.4157,-2.13676
13.0052,16.3198,-1.65727
12.7841,17.0521,-0.993994
12.977,18.0244,-1.01828
13.0188,18.7852,-0.376547
13.0876,19.7705,-0.31587
12.9751,20.735,-0.56057
13.0001,21.7151,-0.280554
13.0977,22.7228,-0.273354
13.0445,23.6449,0.203403
13.0428,24.6368,0.107895
12.962,25.6378,0.116019
13.1466,26.4605,-0.435722
12.7242,27.3738,-0.406302
13.109,28.3441,-0.3172
13.8289,3.05082,-0.310221
13.8,4.02619,-0.144398
13.7885,5.01052,-0.22772
13.9645,5.92523,0.088464
14.0287,6.77243,-0.428254
14.015,7.75933,-0.639238
14.0725,8.81311,-0.711499
13.9861,9.82783,-0.928593
13.9509,10.856,-1.26595
13.9423,11.9018,-1.59583
13.976,12.99,-1.66863
13.9489,14.0459,-1.78928
13.897,14.0598,-2.77961
13.9949,14.8268,-2.13664
13.7645,14.7881,-3.15253
13.888,15.4221,-2.40617
14.0301,16.0685,-1.62097
13.7966,16.817,-0.979351
13.9633,17.8031,-0.950859
14.0003,18.7751,-0.514554
14.0759,19.786,-0.512064
13.9632,20.8191,-0.473629
14.0158,21.8126,-0.354683
14.0868,22.8209,-0.278436
14.0666,23.7347,0.0982147
14.0174,24.7269,0.333012
14.0005,25.6951,0.120078
14.1374,26.6525,-0.290091
13.6986,27.4756,-0.655651
14.107,28.2349,-0.155345
14.8008,2.99507,-0.0178442
14.8578,4.02221,0.0647633
14.775,5.03099,-0.126371
14.9788,6.00988,0.0267922
15.089,6.83937,-0.5138
15.0295,7.84018,-0.632502
15.0635,8.75011,-1.05912
15.0026,9.71347,-1.27822
14.9713,10.7565,-1.35867
14.9892,11.7824,-1.54636
15.0446,12.8238,-1.66322
14.9576,13.881,-1.81019
14.9334,14.1306,-2.77234
15.0194,14.7998,-2.00249
14.8375,14.663,-3.04783
14.9121,15.3929,-2.32912
15.0102,16.0994,-1.56728
14.7978,16.9643,-1.14556
14.9115,17.8141,-0.632121
15.0084,18.7506,-0.356578
15.116,19.8146,-0.444929
14.9797,20.8009,-0.434501
15.081,21.8122,-0.589004
15.1294,22.8516,-0.402066
15.0978,23.6557,0.238697
15.0523,24.6804,0.39035
15.0453,25.698,0.309189
15.1053,26.68,0.0360607
14.6907,27.5032,-0.335453
15.104,28.4134,-0.312564
15.8426,3.05903,0.0175176
15.9235,4.04472,-0.0584552
15.8244,5.0279,-0.349281
15.9373,6.0308,-0.231455
16.1387,6.93111,-0.636329
16.104,7.96142,-0.610623
16.0737,8.8703,-1.03842
15.9952,9.89519,-1.16859
15.9827,10.826,-1.51773
16.0358,11.8334,-1.5282
16.0908,12.8272,-1.71562
15.9876,13.8622,-1.87813
16.0265,14.1501,-2.79913
16.0718,14.7547,-1.98273
15.8982,14.6628,-2.97452
15.963,15.2743,-2.15525
15.9834,15.9812,-1.43934
15.8568,17.006,-1.09481
15.886,18.0158,-0.846263
16.0088,18.8459,-0.302603
16.1414,19.8464,-0.432725
15.9641,20.8697,-0.408725
16.1199,21.8703,-0.528452
16.1657,22.7971,-0.169756
16.1245,23.7015,0.304575
15.9911,24.6984,0.0380566
16.0664,25.6538,0.306671
16.1005,26.5417,-0.162801
15.6913,27.4865,-0.337471
16.2012,28.3369,-0.406421
16.9455,3.00096,-0.00128483
16.9126,3.95244,-0.233396
16.8649,4.97198,-0.284564
16.9853,5.96537,-0.259999
17.1928,6.92228,-0.428282
17.143,7.87702,-0.692532
17.1254,8.85789,-1.07645
16.9858,9.89497,-1.12522
16.972,10.926,-1.37727
17.0739,11.9201,-1.52131
17.0994,12.9011,-1.49628
17.057,13.9121,-1.80165
17.0784,13.9836,-2.82285
17.104,14.7563,-2.12841
16.8922,14.9182,-3.08093
16.9297,15.5194,-2.27613
16.9983,16.1463,-1.46595
16.8868,17.1327,-1.20353
16.9338,18.0331,-0.786248
16.9865,18.8273,-0.11825
17.0715,19.8759,-0.0248726
17.0432,20.7987,-0.431214
17.139,21.8207,-0.258318
17.2187,22.833,-0.0931822
17.1056,23.7606,0.324375
17.0283,24.7028,0.0571154
17.0502,25.7214,0.139824
17.0981,26.6949,0.0370586
16.7388,27.5323,-0.435926
17.1902,28.459,-0.557555
17.996,2.95829,0.136824
17.9451,3.94438,-0.0825983
17.9378,4.93095,-0.307501
17.9751,5.87287,-0.62526
18.2088,6.83964,-0.5966
18.0912,7.86767,-0.381692
18.1003,8.85742,-0.757036
18.0212,9.83299,-1.11437
18.0518,10.8698,-1.31928
18.1145,11.8738,-1.20715
18.1453,12.8284,-1.48387
18.0768,13.7881,-1.73807
18.0358,14.0986,-2.67401
18.0328,14.6835,-1.8275
17.8904,14.7249,-2.8953
18.002,15.4331,-2.21644
18.0491,16.225,-1.58323
17.9457,17.0737,-1.05032
17.9443,18.0642,-0.762511
18.0187,18.9658,-0.259865
18.0908,19.9576,-0.115653
18.0665,20.8787,-0.455269
18.1697,21.7984,-0.114188
18.1877,22.7948,-0.275616
18.0966,23.7288,0.263189
18.0798,24.6867,0.0149815
18.0601,25.6842,0.0526383
18.1133,26.7251,0.0696707
17.755,27.3976,-0.597171
18.2131,28.3513,-0.528516
19.0161,2.9488,0.448619
18.9474,3.775,-0.0822108
18.9838,4.78376,-0.440779
19.0069,5.79873,-0.598996
19.2977,6.76569,-0.70405
19.1831,7.75467,-0.298193
19.154,8.72416,-0.590368
19.0139,9.68907,-0.83234
19.0199,10.6864,-1.02702
19.1634,11.7126,-1.20667
19.1636,12.719,-1.41228
19.0782,13.7705,-1.53181
19.0805,13.9957,-2.50693
19.0573,14.5614,-1.74393
18.9668,14.7928,-2.71928
19.0241,15.3248,-1.8498
19.0436,16.3603,-1.77332
18.9779,17.0213,-0.97654
18.9281,17.9482,-0.654088
19.0718,18.8821,-0.226078
19.1204,19.8953,-0.0968047
19.0439,20.9193,-0.139821
19.1551,21.8635,0.142021
19.1684,22.8467,0.00201727
19.0973,23.8378,0.00666219
19.0732,24.799,0.209888
19.0919,25.7878,0.0622211
19.1771,26.8084,0.0420667
18.745,27.508,-0.508023
19.2332,28.3916,-0.590588
20.0203,2.72948,0.347444
19.9393,3.69631,0.134556
19.9712,4.54963,-0.343623
20.0513,5.52509,-0.449669
20.2738,6.51391,-0.534507
20.127,7.49043,-0.386544
20.1332,8.48819,-0.555382
20.0194,9.4542,-0.658446
20.0558,10.4316,-0.926356
20.1286,11.4316,-1.05213
20.1808,12.4013,-1.29897
20.0072,13.4228,-1.29207
20.0355,13.8266,-2.20702
20.0833,14.5579,-1.48763
20.0209,14.6141,-2.54941
20.0349,15.2821,-1.77978
20.0645,16.2561,-1.59998
20.0259,17.108,-1.0709
19.9355,18.0184,-0.649873
20.0546,18.9863,-0.583288
20.0923,19.9665,-0.177404
20.0961,20.9305,0.135655
20.1816,21.9279,0.25013
20.1909,22.9308,0.0285012
20.1371,23.9016,0.0768456
20.0008,24.8919,-0.136155
20.1335,25.8469,0.10972
20.1357,26.8243,0.188504
19.7654,27.6603,-0.406699
20.2406,28.4936,-0.562899
20.9979,2.41937,0.423865
20.9254,3.40927,0.336903
20.9493,4.22279,-0.389224
21.0482,5.26539,-0.487304
21.2177,6.2208,-0.823701
21.1428,7.1623,-0.451329
21.0956,8.1949,-0.377297
21.0374,9.18652,-0.589929
21.1309,10.1464,-0.769308
21.0855,11.1726,-0.742354
21.1295,12.0285,-1.21146
20.9237,12.9875,-1.11113
21.001,13.6026,-1.90683
21.1052,14.4395,-1.34859
21.0519,14.3071,-2.33402
21.041,15.287,-1.90438
21.0616,16.1505,-1.46407
20.9838,17.2145,-1.40519
20.9139,18.1515,-0.947603
21.0775,19.0069,-0.438218
21.1617,19.9568,-0.0883602
21.1328,20.9447,0.0869655
21.1712,21.9415,0.038084
21.1548,22.8626,0.427119
21.1473,23.8969,0.346489
21.0286,24.7938,-0.201337
21.1265,25.7494,0.194104
21.1748,26.7407,0.149483
20.7071,27.3762,-0.544667
21.1886,28.1946,-0.22736
21.9816,2.28152,0.44116
21.8234,3.10203,-0.102637
21.981,4.07533,-0.211893
21.9969,4.96752,-0.681753
22.1051,5.98424,-0.383432
22.1169,6.97311,-0.505457
22.0582,7.95767,-0.664629
21.957,8.92504,-0.251973
22.1229,9.84062,-0.692953
22.122,10.8831,-0.462804
22.1451,11.7364,-1.05336
21.9371,12.7314,-0.959313
22.0226,13.4447,-1.64627
22.1371,14.318,-1.15734
22.0708,14.3804,-2.17791
22.022,15.2122,-1.52272
22.1013,16.2758,-1.66493
21.9844,17.2888,-1.27205
21.9013,18.1144,-0.754128
22.0848,19.0694,-0.512391
22.1762,20.0093,-0.216565
22.151,20.933,0.168087
22.1586,21.9561,0.231977
22.2093,22.8392,0.654994
22.1247,23.8159,0.311219
22.0256,24.6364,-0.24789
22.1536,25.5361,0.133769
22.1371,26.5258,-0.0808496
21.6942,27.431,-0.311481
22.1995,28.2854,-0.230839
22.9767,2.19511,0.856542
22.7981,2.69852,-0.0277047
22.9398,3.66213,-0.215769
22.9527,4.67831,-0.4124
23.1417,5.6411,-0.445323
23.1174,6.67021,-0.328834
23.0266,7.68383,-0.346028
22.9261,8.66842,-0.440641
23.1262,9.66141,-0.46006
23.1428,10.6507,-0.425706
23.1493,11.5195,-0.884527
23.0013,12.5193,-0.982714
23.0418,13.3312,-1.58086
23.0559,14.0985,-0.908283
23.0603,14.5907,-1.79611
22.9805,15.4804,-1.32916
23.0907,16.4572,-1.5714
22.9621,17.3308,-1.02443
22.9085,18.1698,-0.49183
23.1099,19.1457,-0.462468
23.192,20.1169,-0.245894
23.0973,21.1187,-0.144075
23.1584,21.9346,0.452254
23.1495,22.9247,0.279669
23.1157,23.9144,0.207062
23.0664,24.8509,-0.0993835
23.1056,25.6058,0.567486
23.153,26.5702,0.223746
22.7549,27.4104,-0.272369
23.1972,28.2874,-0.389029
23.899,1.80889,0.921854
23.8062,2.40851,0.061507
23.9756,3.42223,-0.244328
23.9646,4.38263,-0.156041
24.1754,5.40946,-0.182076
24.076,6.42216,-0.101187
24.0649,7.4029,-0.258092
23.9372,8.41054,-0.232136
24.2081,9.38173,-0.465816
24.1362,10.407,-0.467605
24.2154,11.4054,-0.667254
24.0121,12.4195,-0.858464
24.0788,13.2198,-1.4049
24.1025,14.0154,-0.754112
23.9758,14.6936,-1.45499
23.9576,15.6058,-0.9661
24.0845,16.4237,-1.48263
23.961,17.2897,-1.02527
23.9512,18.2231,-0.616803
24.1172,19.1909,-0.695169
24.2416,20.1591,-0.35002
23.9208,20.7371,0.385318
24.1341,21.7691,0.256276
24.1603,22.7632,0.263457
24.1171,23.7422,0.330537
24.0749,24.7188,-0.00544755
23.9707,25.6842,0.0853816
24.161,26.6607,0.313804
23.8023,27.3131,-0.386544
24.2373,28.19,-0.375701
24.9851,1.81112,0.869884
24.8247,2.257,-0.0199072
25.0329,3.22078,-0.277523
25.0046,4.24972,-0.226081
25.1756,5.22707,-0.0907682
25.0783,6.23355,0.0417249
25.0859,7.17369,-0.200818
24.9673,8.20359,-0.0664968
25.1778,9.18165,-0.262004
25.1318,10.2246,-0.265639
25.255,11.2308,-0.495746
25.0394,12.2121,-0.830076
25.0882,13.0773,-1.28083
25.1191,13.9663,-0.744646
24.9284,14.8027,-1.21671
24.9493,15.6522,-0.708646
25.0436,16.43,-1.28515
24.9691,17.3029,-0.789187
24.9585,18.2988,-0.706357
25.1844,19.2547,-0.551943
25.3177,20.203,-0.288977
24.9151,20.9495,0.315647
25.0995,21.9249,0.284158
25.2046,22.9034,0.299542
25.1157,23.9128,0.561867
25.0663,24.8872,0.345195
24.9276,25.9017,0.331834
25.1738,26.8622,0.446336
24.8089,27.5017,-0.263964
25.2605,28.4081,-0.391531
25.9707,1.70551,1.12832
25.8418,2.13165,0.204831
26.0765,2.98039,-0.325095
26.1034,4.01184,-0.31793
26.1106,4.91695,0.167833
26.0697,5.923,-0.00950346
26.073,6.94364,-0.0259957
25.8828,7.92839,-0.351842
26.1478,8.90364,-0.235798
26.1541,9.92153,-0.259334
26.193,10.9176,-0.399707
26.0129,11.8336,-0.750941
26.032,12.7756,-1.0726
26.151,13.6974,-0.826017
25.9571,14.6445,-0.987567
25.9679,15.6187,-0.627689
26.071,16.3944,-1.23397
25.9475,17.0422,-0.467656
25.9111,18.0496,-0.642381
26.1195,18.9803,-0.280029
26.2893,20.0188,-0.078103
25.9194,20.8997,0.275222
26.1081,21.8615,0.0928068
26.1721,22.8642,-0.0967895
26.0572,23.8536,0.214393
25.9954,24.8203,-0.0114872
25.9482,25.8397,0.251854
26.1741,26.8455,0.323936
25.8651,27.668,-0.136351
26.2204,28.6063,-0.20679
27.0545,1.65622,1.13145
26.84,2.03855,0.224943
27.114,2.78679,-0.414377
27.0588,3.79944,-0.202762
27.0804,4.66507,0.325373
27.0828,5.67633,0.111908
27.0531,6.63935,-0.206485
26.8897,7.61114,-0.345836
27.1051,8.65907,-0.443861
27.1373,9.61168,-0.0851497
27.2197,10.6312,-0.294336
26.9743,11.5629,-0.63769
27.0293,12.5198,-0.858989
27.1071,13.5166,-0.955467
27.0048,14.4838,-0.792447
26.9739,15.4565,-0.482537
27.0398,16.4085,-0.921351
26.9385,17.2139,-0.262822
26.9434,18.2343,-0.544127
27.1891,19.0369,-0.0249855
27.2574,20.0342,-0.161171
26.9376,21.0186,0.0713584
27.113,21.9908,0.0961119
27.1083,22.932,0.377999
27.0439,23.9054,0.00548723
26.9869,24.8805,-0.0855525
27.0012,25.8305,0.0853145
27.1351,26.8294,0.0218238
26.9128,27.81,-0.0266274
27.1505,28.7952,0.115046
28.0574,1.48194,1.28597
27.9094,1.94804,0.309189
28.0856,2.59702,-0.450484
28.0351,3.53706,-0.120127
28.0477,4.47349,0.314731
28.0995,5.42574,0.0379772
28.1107,6.4067,-0.168831
27.9557,7.37677,-0.155705
28.0836,8.40114,-0.249141
28.1608,9.35535,-0.0971007
28.1837,10.3597,-0.25732
27.9493,11.3217,-0.403888
28.0714,12.2564,-0.708292
28.1119,13.263,-0.77962
28.0035,14.2956,-0.774435
28.0315,15.2626,-0.666771
28.0389,16.2866,-0.759563
27.9733,17.1632,-0.22555
27.9724,18.0987,-0.584771
28.1889,19.0983,-0.25464
28.3447,20.1227,-0.114759
27.9857,20.9718,0.328376
28.1101,21.9098,0.015305
28.0944,22.8929,0.264397
28.0604,23.8553,-0.0376354
27.9782,24.8439,0.153624
27.9941,25.8764,-0.0484878
28.2068,26.8868,-0.0611499
27.9722,27.8966,-0.0271645
28.1887,28.8723,-0.138652
29.0957,1.49794,1.24832
28.9076,1.62212,0.259658
29.1202,2.40006,-0.375222
29.1045,3.30138,0.0669454
29.1274,4.24204,0.344987
29.1322,5.21086,0.120954
29.1252,6.17596,0.0425153
29.0149,7.17085,-0.194876
29.0867,8.15629,-0.317896
29.2127,9.12254,-0.123634
29.1483,10.1219,-0.167745
28.949,11.1327,-0.34966
29.1105,12.1492,-0.63545
29.1301,13.1294,-0.5863
29.0157,14.1799,-0.548518
29.098,15.1558,-0.697339
28.9858,16.1165,-0.403259
28.9985,17.0949,-0.239225
29.0188,18.0447,-0.510291
29.1834,19.013,-0.206201
29.3292,19.9863,-0.273357
28.992,20.8325,0.199158
29.1255,21.9075,0.173153
29.125,22.8951,-0.0409436
29.1167,23.8787,0.0612781
29.0309,24.9033,0.051677
29.0151,25.9355,-0.0993194
29.1814,26.9388,-0.335774
29.0624,27.9108,-0.236769
29.1897,28.88,-0.0241554
