8.73276,-0.898373,4.50129
-10.3083,-15.1932,-3.13477
-3.3287,3.41152,-7.72359
22.8756,3.54468,6.67895
11.2465,-5.01795,-12.2807
-6.45297,-7.68457,0.585711
6.42987,8.87104,6.06274
7.03544,7.54426,1.66339
0.217344,10.6736,-5.85809
-0.808991,11.0298,-4.48652
3.02964,-3.7219,0.67983
-2.60446,-7.63249,-2.2143
3.39794,-0.761599,-2.60593
12.9296,0.774422,1.172
8.2688,-2.52055,-4.23046
1.01975,-2.88878,-0.503436
3.49602,3.42343,2.25311
3.3151,7.10491,0.690826
0.616367,9.42071,-1.76476
-1.98215,11.2625,-3.40054
1.83955,-1.19369,-2.26858
0.69367,-3.59907,-2.35598
4.45128,-1.47035,-1.40782
8.36484,-0.0138585,-0.229527
5.8928,-0.455654,-1.60168
2.74689,0.496512,-0.0869045
1.88271,3.84449,1.09442
0.786209,7.11353,1.55945
-1.05773,9.98779,1.39575
-3.26905,12.2816,1.01804
1.29396,2.00529,-4.98137
1.57853,0.0150395,-3.60324
3.57868,0.444234,-2.19217
5.54323,0.751006,-0.736601
4.13855,1.40787,0.0273568
2.21835,2.99959,1.18011
0.787533,5.57157,2.36909
-0.791849,8.36228,3.45773
-2.78842,11.2308,4.35213
-5.24516,14.1894,5.15942
0.538557,5.36044,-7.71358
1.76814,3.32214,-4.8883
3.04031,2.56197,-2.57858
3.73099,2.11629,-0.328886
2.88086,2.74872,1.53621
1.50834,4.3634,2.8439
0.150044,6.48234,4.22228
-1.34251,8.7731,5.84783
-3.44295,11.3748,7.71879
-7.98202,17.0781,8.97776
-0.90727,8.87678,-11.2561
2.71871,5.98318,-4.75091
3.6305,3.69729,-1.15355
3.2839,2.82069,1.52604
2.39226,2.89165,3.61451
1.38664,3.98104,4.70772
0.796356,5.46403,5.27666
0.489383,6.7071,6.14696
0.849767,5.74177,7.55393
4.83249,0.489245,8.17435
3.25424,13.1879,-2.874
6.17054,3.68546,1.32386
4.95609,1.56583,2.14797
3.21458,1.97326,4.17325
1.7036,2.59196,5.98907
0.859368,3.68296,6.66378
1.2878,4.64413,6.47676
2.33066,5.03497,6.47836
4.08475,3.5039,6.88817
7.09034,1.08347,6.46282
15.4609,-15.2757,14.8383
10.4836,-6.00806,7.21485
6.54778,-1.36584,4.83815
2.66208,1.14419,6.98391
0.424958,2.64517,8.73016
0.0491928,3.7369,8.62965
1.30429,3.96648,7.76479
2.98065,4.09649,6.50982
4.75167,4.51737,4.86316
6.70097,6.87786,2.62492
0.387469,-10.091,-5.21754
8.75746,-7.62045,1.08383
5.05984,1.5871,1.05743
-0.85389,3.00508,9.55685
-1.95762,3.38939,11.6296
-1.07271,3.83968,10.5586
0.320487,3.79548,9.28493
1.7125,3.588,8.05328
3.03591,2.83945,6.98567
1.88553,0.665352,8.77708
9.11169,-11.5575,-0.0314158
17.9676,-13.4112,4.78671
7.17243,8.62246,-7.25805
-7.23271,4.8546,18.3226
-4.44729,4.16094,14.6338
-2.50282,3.98274,12.4624
-0.864177,3.75899,10.758
0.632279,3.53051,9.38001
1.79329,2.90856,8.32469
2.06287,1.89731,8.77377
