-0.00235908,-0.00168157,-0.124555
-0.0086581,1.24398,-0.0886837
0.00451979,2.45063,-0.0375591
-0.0128056,3.6937,-0.0126652
-0.00169988,4.94701,0.00834071
-0.0152257,6.18517,-0.103601
-0.0172552,7.42076,-0.0944487
0.0223426,8.68953,-0.0634754
0.0147526,9.96522,-0.0866054
0.145842,11.2044,-0.203754
0.106836,12.426,-0.357509
0.110138,13.5848,-0.662365
0.144313,14.6177,-1.12783
0.101489,15.6528,-1.51528
0.0612598,16.2984,-0.746931
0.144792,17.2903,-0.632905
-0.0242836,17.5671,0.334248
0.0254677,17.6347,-0.68667
0.00373547,18.0017,0.284921
-0.0099826,19.0011,0.126301
1.01935,0.179617,-0.00296335
1.00083,1.48059,0.00124821
0.993753,2.79701,0.0568285
0.91887,4.11087,-0.079751
0.921674,5.42897,-0.0334025
0.874923,6.68382,-0.135246
0.87293,7.99491,-0.0706473
0.918659,9.26515,-0.106647
0.935481,10.5338,-0.137745
0.995669,11.8368,-0.103156
1.00128,13.1061,-0.189895
1.09004,14.2375,-0.708881
1.13381,15.1675,-1.43459
1.11538,16.2411,-1.50986
0.990976,16.7558,-0.64503
1.05973,17.7439,-0.84474
0.998502,17.5459,0.15179
1.02629,17.6826,-0.847877
0.983297,18.0147,0.109223
0.96834,19.0444,0.226746
2.02186,0.359163,-0.141163
1.99889,1.67068,-0.124433
1.98531,2.99897,-0.201941
1.90457,4.32521,-0.157744
1.89958,5.65065,-0.0803308
1.88006,6.97662,-0.087814
1.83726,8.33762,-0.0969237
1.8763,9.73576,-0.0787866
1.84649,11.1293,-0.0176275
1.82135,12.5347,0.0366405
1.75214,13.9937,0.226969
1.78527,15.2222,-0.688986
1.84674,15.9902,-2.11017
1.92597,17.0968,-1.53305
1.93543,17.1101,-0.312659
2.06627,17.9518,-0.780618
2.01651,17.6574,0.181896
2.03299,17.8718,-0.832884
1.99135,17.9827,0.213462
1.94582,18.9697,0.0329875
3.00947,0.204343,-0.0490158
3.00137,1.48249,-0.126481
2.95285,2.77993,-0.133955
2.90575,4.05042,-0.192895
2.84033,5.32561,-0.213477
2.79698,6.59365,-0.248604
2.7218,7.88334,-0.256554
2.69352,9.16785,-0.283813
2.61396,10.4365,-0.247285
2.51859,11.715,-0.184167
2.36071,12.9787,-0.186489
2.4055,14.1459,-0.636485
2.38135,15.0679,-1.43501
2.44251,16.105,-1.28921
2.71507,16.5202,-0.446516
3.00808,17.4201,-0.790548
3.05983,17.6596,0.169338
3.00412,17.533,-0.821171
3.0084,18.0612,0.03455
2.98818,19.0534,-0.203467
4.02067,0.189544,0.0277657
4.00604,1.38083,-0.00314646
3.93061,2.54871,-0.0826655
3.86041,3.75637,-0.130522
3.75677,4.9834,-0.0968291
3.72761,6.21035,-0.180691
3.67389,7.41829,-0.24723
3.5851,8.62097,-0.149602
3.44343,9.81744,-0.250166
3.29358,10.9277,-0.215275
3.17688,12.1152,-0.367364
3.08158,13.2305,-0.627171
3.08919,14.2665,-1.00473
3.22202,15.3004,-1.17855
3.54946,15.9759,-0.537019
3.94459,16.9156,-0.734535
3.98287,17.291,0.232868
4.02506,17.4043,-0.77828
4.05286,18.0537,-0.0406568
4.03798,19.0401,0.0267281
5.05079,0.0961882,-0.195727
4.99585,1.25283,-0.103577
4.95059,2.3945,-0.0978545
4.89644,3.55052,-0.123817
4.75683,4.73294,-0.165853
4.67945,5.87071,-0.174255
4.59124,6.99544,-0.143214
4.48059,8.12157,-0.218702
4.34848,9.24456,-0.264211
4.25227,10.3746,-0.336003
4.10333,11.4453,-0.417957
3.9605,12.5253,-0.544884
3.98459,13.5699,-0.700339
4.01011,14.5636,-0.930482
4.51303,15.4711,-0.665816
4.83063,16.4081,-0.649614
4.8816,16.7852,0.302371
4.99288,17.1794,-0.59747
5.058,18.0423,-0.0447829
5.02241,19.0367,0.0996612
6.04263,0.0527573,-0.41605
5.97383,1.19137,-0.239521
5.98978,2.31192,-0.241511
5.91835,3.3909,-0.177566
5.80632,4.50055,-0.194613
5.65148,5.54628,-0.119031
5.55497,6.61408,-0.239277
5.45949,7.72398,-0.256215
5.34812,8.8564,-0.301779
5.22747,9.90856,-0.379269
5.13672,11.0151,-0.406641
4.94096,12.0427,-0.447838
4.96796,13.0486,-0.551482
4.993,14.0686,-0.657369
5.45321,14.9756,-0.635823
5.77119,15.9819,-0.648628
5.90008,16.487,0.217237
6.01047,17.1726,-0.563979
6.04592,18.0327,0.0389782
5.91869,19.0625,-0.264046
7.02838,0.071981,-0.234773
6.97191,1.1697,-0.385452
7.01607,2.1978,-0.187786
6.90459,3.28084,-0.247652
6.78399,4.31636,-0.119178
6.6676,5.43773,-0.0348003
6.64276,6.48085,-0.148695
6.44131,7.51755,-0.228428
6.3812,8.5906,-0.263976
6.28561,9.63226,-0.127442
6.21256,10.6177,-0.391025
6.01247,11.6642,-0.343889
5.96706,12.7044,-0.541023
5.98824,13.6885,-0.425367
6.43717,14.6189,-0.509467
6.74731,15.5799,-0.562084
6.94462,16.3212,0.134227
7.02516,17.0502,-0.536415
7.03323,17.9981,-0.244899
6.8771,18.9728,0.0216407
8.06235,0.0247902,-0.205356
7.983,1.05746,-0.295721
8.03041,2.0858,-0.36238
7.92624,3.15674,-0.11832
7.77153,4.20061,-0.0961211
7.66674,5.23574,-0.102658
7.62867,6.28578,-0.245103
7.46572,7.32618,-0.239033
7.48464,8.4621,-0.285559
7.37921,9.48924,-0.180474
7.23166,10.4571,-0.388379
7.07282,11.4593,-0.349651
7.01408,12.4881,-0.489163
7.09898,13.5485,-0.520173
7.45722,14.4488,-0.459987
7.74775,15.3769,-0.292679
7.96053,16.1669,0.221393
7.95794,17.1462,-0.0683706
7.87394,18.0501,0.346352
7.87492,19.0104,0.183544
9.0623,-0.0478866,-0.031138
9.00681,1.00324,-0.192593
9.00412,2.02422,-0.071221
8.89499,3.0491,-0.000625629
8.83232,4.08358,-0.173849
8.70778,5.15588,-0.142347
8.61608,6.19478,0.0261666
8.56373,7.20111,-0.0837489
8.51728,8.21399,-0.263451
8.41788,9.27095,-0.255318
8.26257,10.3107,-0.20636
8.17515,11.2698,-0.412513
8.10054,12.3207,-0.441881
8.16733,13.3007,-0.371661
8.39815,14.2691,-0.162276
8.74738,15.2107,-0.44528
8.97884,16.0783,0.0433515
8.96953,17.0726,0.119306
8.86738,17.9898,0.46126
8.92779,18.9615,0.164995
10.0859,-0.110297,-0.0942869
10.0069,0.898788,-0.00159917
9.96947,1.94506,0.161989
9.90147,2.9574,0.123478
9.86925,4.00438,-0.00467544
9.75584,5.0299,-0.126017
9.69825,6.0545,-0.00664388
9.59823,7.09263,-0.126002
9.53112,8.15239,-0.141731
9.49072,9.19317,-0.245134
9.32514,10.1674,-0.262175
9.22432,11.182,-0.358794
9.17413,12.17,-0.492438
9.23407,13.1928,-0.303983
9.44621,14.1903,-0.287774
9.81978,15.1151,-0.438511
9.98047,16.1155,-0.127018
9.93827,17.0639,0.148894
9.83023,18.0696,0.128562
9.99708,19.0829,0.272085
10.8924,0.0165532,0.478146
10.9435,1.0419,0.237584
10.9446,2.0607,0.367815
10.9021,3.0981,0.295874
10.8265,4.11544,0.399762
10.7914,5.03547,0.0129795
10.7311,6.05965,0.145402
10.6452,7.07696,0.0399945
10.5837,8.06826,-0.170342
10.5535,9.06642,-0.23086
10.4342,10.1595,-0.204929
10.3921,11.1298,-0.332667
10.2765,12.1573,-0.474136
10.3174,13.1016,-0.128996
10.4778,14.1424,-0.0957579
10.775,15.1338,-0.154051
10.9781,16.0514,0.124143
10.9543,17.0283,-0.0841395
10.8519,17.9709,0.262813
10.981,18.9682,0.235575
11.9059,-0.003708,0.422336
11.9486,1.01344,0.314777
11.9353,2.03791,0.46408
11.8943,3.03712,0.491418
11.8309,4.02413,0.344719
11.8154,5.0605,0.143556
11.7938,6.07101,0.215006
11.6498,7.08385,0.0158727
11.6772,8.11479,-0.139067
11.6041,9.08672,-0.209745
11.5165,10.0634,-0.205866
11.4723,11.06,-0.172588
11.357,12.0978,-0.267684
11.4138,13.1052,-0.22685
11.5088,14.1049,-0.0714011
11.7587,15.1414,-0.117307
12.017,16.0137,0.328147
11.9957,16.9851,0.0323099
11.8967,18.0301,0.214618
12.0301,19.027,0.200073
12.9735,0.0361736,0.354738
12.9707,1.00144,0.226075
12.939,1.99649,0.447465
12.9731,3.02231,0.305387
12.8245,4.04879,0.178033
12.8365,5.09483,0.112345
12.7999,6.08273,0.261711
12.6374,7.07281,0.260021
12.7475,8.07129,-0.11149
12.6618,9.08169,-0.189434
12.6159,10.1087,-0.213651
12.5248,11.1224,-0.21077
12.4227,12.1538,-0.181722
12.475,13.1161,0.0154118
12.5452,14.1075,0.00350963
12.7696,15.0311,-0.311628
12.9584,16.0624,-0.0448592
12.9604,17.0934,0.100839
12.8793,18.027,0.436244
13.0278,19.0103,0.326487
13.983,-0.0447981,0.195566
14.0134,0.949236,0.187579
13.9127,1.93254,0.190921
13.9137,2.93832,-0.0590228
13.843,3.92235,0.0362163
13.9391,4.92707,0.178985
13.768,5.93295,0.0798029
13.6966,7.00735,0.075808
13.7714,8.01422,-0.0919523
13.7326,9.06805,-0.182949
13.6563,10.0783,-0.014478
13.6354,11.1544,-0.131928
13.4974,12.1956,-0.163915
13.5606,13.1755,-0.0385662
13.6092,14.1741,0.0278726
13.7802,15.1652,-0.129838
13.9736,16.1141,0.11977
13.9624,17.1196,0.0871853
13.9125,18.1343,0.465447
14.0059,19.0041,0.00927763
14.9444,-0.00177007,0.266182
14.9708,0.899213,-0.156136
14.8665,1.87384,-0.232783
14.942,2.87316,-0.104266
14.8749,3.88189,0.183087
14.9301,4.85531,-0.0425764
14.8361,5.93743,-0.0520096
14.7495,6.94885,-0.0353771
14.8389,8.00052,-0.105457
14.7764,9.03882,-0.199814
14.7419,10.0306,-0.0934202
14.6905,11.0462,-0.0377697
14.6056,12.0831,-0.0474258
14.6061,13.0573,0.1343
14.7035,14.0904,-0.00240181
14.8384,15.059,0.156957
14.9945,16.0567,0.245183
14.9251,17.0494,0.273
14.9597,18.0793,0.291867
15.0083,19.0461,0.0312876
15.9824,-0.0642994,0.149483
15.973,0.914356,-0.187729
15.8985,1.91138,-0.177825
15.9501,2.95957,-0.0325449
15.8843,3.96561,0.00323191
15.9794,5.00439,-0.0336894
15.9035,5.99657,0.107791
15.8135,6.99481,-0.0708914
15.9058,7.9909,0.104901
15.8643,9.00816,-0.0859523
15.7951,10.0438,-0.0814905
15.8099,11.0489,-0.0910245
15.7205,12.063,0.0962493
15.6846,13.1168,0.0248115
15.782,14.116,0.012772
15.8307,15.167,-0.0188116
16.0019,16.1761,-0.0495895
15.9794,17.1368,0.244588
15.9678,18.1063,0.478698
16.0258,19.027,0.0268471
16.9848,-0.0297555,0.197601
16.9754,0.949983,-0.136354
16.934,1.97949,-0.017655
16.9641,2.95117,0.0970397
16.9408,3.96688,0.0139897
16.9822,4.997,-0.00290536
16.9468,5.9731,-0.0230659
16.8642,6.95796,-0.0491684
16.9266,7.97745,0.213898
16.9082,8.993,0.0519761
16.8824,10.0802,-0.0032136
16.8374,11.0985,-0.00372326
16.7978,12.076,0.0917844
16.7712,13.0956,-0.0776147
16.8185,14.0903,0.189126
16.8904,15.0685,-0.0681539
17.0027,16.0774,0.0455123
16.9884,17.0757,0.263707
17.0198,18.0782,0.467394
17.0182,19.0195,0.188845
18.0095,-0.0125248,0.00487686
18.0038,0.958538,0.031196
18.0045,1.93758,-0.152257
17.9781,3.0116,-0.0485733
17.991,4.00426,0.0331034
17.991,4.98714,-0.0230964
17.9579,5.99893,-0.152782
17.894,7.01066,0.0418653
17.9711,8.00949,0.248103
17.9253,8.99858,-0.113272
17.976,10.0079,0.0562792
17.8981,11.0064,0.0170232
17.8803,11.997,-0.0704672
17.8618,13.015,-0.128422
17.9497,14.013,0.0365856
17.9422,15.0565,0.0770623
18.057,16.0685,-0.0408032
17.9597,16.9712,0.36404
18.0204,17.9972,0.483346
18.0045,18.9274,0.165871
19.0388,0.00589923,0.00785241
18.9733,1.01241,0.217753
18.9719,1.88966,-0.348466
18.9775,2.84852,-0.12345
18.9834,3.9555,-0.0434828
19.0125,4.98459,0.0335246
19.0113,6.01402,-0.0956969
18.9688,7.04211,-0.111859
19.0156,7.9957,0.163915
18.9846,8.98928,-0.116587
19.069,9.98409,0.0402692
18.9517,10.9803,-0.0205969
18.9933,11.969,-0.089407
18.9305,13.0101,-0.192148
18.9473,13.9312,0.186029
18.9566,14.9378,0.209915
19.0434,15.9253,-0.115302
18.975,16.9534,0.126048
19.0179,17.9272,0.381668
18.9915,18.9869,0.30181
