-0.0136052,0.00400403,0.123826
0.950777,-0.113862,0.44528
1.91327,-0.0013184,0.253224
2.92984,0.0645894,0.104501
4.0034,0.0139775,-0.0668172
5.02351,0.0204016,-0.0588
6.04592,-0.0104862,-0.0152776
7.01765,-0.0515854,-0.300793
8.03873,0.00481582,-0.174084
9.07556,0.00177313,-0.0936216
10.0628,0.00372631,-0.0134861
11.0561,0.0794336,-0.213996
11.9872,0.0125889,0.173727
12.9795,0.0495987,0.0610736
13.9556,-0.0408185,-0.0679128
15.015,0.0402203,-0.0866268
15.9849,0.0129429,-0.0346538
16.9698,-0.000302133,0.266167
17.9367,0.0108951,-0.033314
18.9739,0.000436415,-0.0853999
0.00133061,1.05692,0.161028
0.990567,0.843736,0.247526
1.98501,0.979183,0.226298
2.97078,1.09498,-0.0689383
4.02959,1.10226,-0.0638539
5.00456,1.03662,0.294412
5.98098,0.977871,0.0729911
7.02168,0.919935,0.0503342
7.9895,1.01399,0.202152
8.97018,0.971014,0.0445143
10.0041,1.02055,0.200729
11.0222,1.06688,-0.0402539
12.0188,1.04934,0.106894
13.0307,1.10401,-0.06686
14.0615,0.927515,0.0754082
15.0539,1.04834,0.115876
16.0716,1.03311,-0.0934843
17.0649,0.947935,-0.114109
18.024,1.00486,-0.322816
19.0066,1.00455,-0.0773827
-0.00986053,2.02927,0.0918577
0.938041,1.86168,0.36925
1.9264,2.03088,0.207105
2.93562,2.07895,-0.0271187
3.91092,2.09685,0.119349
4.93596,2.0675,0.219944
5.91494,2.04019,8.54518e-05
6.97189,1.95426,0.194305
8.03014,2.06583,0.238615
9.06215,2.03777,-0.0404218
10.0147,2.03288,0.254588
11.0431,2.07434,0.156758
12.0624,2.04722,-0.00755333
13.0738,2.18503,-0.0312021
14.0828,1.96948,-0.195944
15.0709,2.02416,-0.0409497
16.0654,2.10388,-0.183129
17.076,2.01494,0.0192267
18.0939,2.02168,-0.178985
19.0477,1.95971,-0.419358
-0.0502457,3.04218,0.330332
0.934309,2.91584,0.135688
1.93586,2.98614,-0.0103977
2.96691,3.06873,0.132749
4.00206,3.09862,0.368657
5.03065,3.03532,0.399506
6.01747,3.06842,0.345726
7.01299,2.95287,0.333177
7.91923,2.99083,-0.150285
8.94015,2.99692,-0.106922
9.95193,3.04916,0.0220313
10.9661,3.06457,0.187674
11.9695,3.06687,-0.109507
12.9887,3.17393,-0.176644
13.9386,2.95162,-0.493075
14.8976,3.00572,-0.0863399
15.9227,3.08757,0.0518418
16.9557,3.03367,-0.185931
17.9714,2.96156,-0.285482
18.9755,2.8982,-0.0749229
0.00481277,4.00243,-0.0318888
1.04004,3.98928,0.148314
1.99429,3.88516,0.435627
3.01688,4.03967,0.320591
4.0524,4.09936,0.272515
5.01804,4.01144,0.540605
6.05154,4.06898,0.238011
7.01225,3.89469,-0.122529
7.96797,3.98223,-0.327973
9.04606,3.97947,-0.245546
10.0161,4.06723,-0.399887
11.0384,4.05445,-0.127924
12.0852,4.05976,-0.0188116
13.0473,4.13649,-0.427067
13.9874,3.95299,-0.193576
15.0585,3.98831,-0.253655
16.1058,4.09366,-0.00351268
17.0753,4.03428,-0.0355449
18.0634,4.00538,-0.170519
19.029,3.88141,-0.237577
0.0229072,5.00301,0.0567644
1.05888,5.0517,0.136305
2.02656,4.90917,0.485211
3.01561,4.93357,0.74113
3.88254,5.07936,0.292969
4.89382,5.02922,0.442607
5.87728,5.02971,0.0970977
6.89733,4.91841,-0.0436262
7.88014,4.94567,0.0997589
8.87467,4.9994,-0.1077
9.86484,5.08403,-0.23585
10.9177,5.01704,0.0616321
12.0301,5.15776,-0.0416517
13.0738,5.09907,-0.0566912
14.0911,4.97249,-0.216852
15.0813,4.95971,-0.23227
16.0489,5.09473,-0.19364
17.0442,5.05214,-0.326096
17.9828,5.02566,-0.00705893
18.9888,4.87264,0.107193
0.0296426,6.02505,0.0538316
0.943028,6.03747,0.547911
1.93526,5.95742,0.247169
2.89443,5.94488,0.582122
3.96702,6.04716,0.56343
5.02593,6.05499,0.493085
6.04943,5.98691,0.463805
7.07828,5.88961,0.251628
8.04129,5.90953,-0.0893155
9.027,6.03364,-0.000769066
10.0423,6.05516,-0.0600391
11.0205,5.96218,-0.201593
12.0086,6.10255,-0.37553
13.0109,6.08975,-0.182336
14.0373,5.97541,-0.163369
15.0174,5.99863,-0.0160039
16.0253,6.14941,-0.23249
16.9829,6.06454,-0.0543016
17.9942,6.07853,-0.0473495
18.9913,5.89938,0.205588
0.0350993,7.03101,0.0378521
0.940828,7.07027,0.449101
1.92735,6.92296,0.526481
2.96817,6.91042,0.418799
3.97016,7.0153,0.334196
4.97749,7.10934,0.419459
5.9377,7.0227,0.177273
6.96426,6.87097,0.141179
7.98052,6.91523,-0.0128727
8.94612,7.01589,-0.232405
9.94449,7.08288,-0.265944
10.8755,6.92462,-0.0521348
11.8989,7.10574,-0.144288
12.917,7.06093,-0.157247
13.9027,7.00502,0.0104129
14.9012,7.00429,-0.199289
15.919,7.13389,-0.0818354
16.9327,7.08866,0.152742
17.9518,7.09829,0.0649678
18.9798,6.89703,0.209348
-0.0353343,8.04379,0.175591
0.956023,8.05075,0.183001
1.92344,7.93556,0.231825
2.96337,7.93657,0.383447
3.90552,7.97719,0.0686941
4.92112,8.08359,0.262798
5.91677,8.07696,0.127628
6.90598,7.85798,-0.007004
7.94016,7.91589,-0.0808161
8.92057,8.00798,-0.054387
9.96359,8.05947,-0.118812
10.9772,7.97547,0.146861
11.8634,8.15391,-0.226319
12.8147,8.03303,0.177895
13.7892,8.04363,0.0828578
14.8483,8.04763,-0.12837
15.9099,8.07749,0.113193
16.9386,8.06228,0.0509995
17.9605,8.09216,0.127958
18.9903,7.92023,0.249428
-0.0119388,9.06309,0.0300913
1.01927,9.06542,0.241496
2.05372,8.95433,0.303568
3.04403,8.93192,0.57272
3.99354,9.03365,0.175179
4.99771,9.06386,0.387494
6.0177,9.0634,0.216376
6.9172,8.84512,-0.12179
7.91633,8.90014,0.141078
8.91921,9.04966,0.0286477
9.88972,9.03783,0.173226
10.8804,8.97568,0.1519
11.8733,8.9812,0.338469
12.8919,9.0616,0.344319
13.9255,9.0149,0.326579
14.8996,9.03534,0.014774
15.9009,9.00376,-0.137318
16.9246,8.97624,-0.319102
17.9143,9.05143,-0.126826
18.9561,8.98673,0.0273904
0.0545579,10.0371,-0.145479
1.04267,10.0766,0.245817
2.02399,9.99882,0.4978
3.02283,9.91784,0.397119
3.99935,10.0683,0.25753
5.02774,10.1125,0.379086
6.0273,10.0448,0.253575
7.01896,9.87045,0.263561
8.02722,9.92218,0.103696
8.96087,10.0416,0.331898
9.98639,10.0338,0.214518
11.0317,9.97757,0.160652
12.009,9.93642,0.0768761
13.0375,10.0468,0.239494
14.0209,10.0002,0.227284
15.0419,9.92848,0.423099
15.9145,9.99215,0.0140385
16.9194,10.0106,-0.00125431
17.9844,10.0481,-0.044792
19.0094,10.0013,0.108719
0.0116276,10.9944,0.126566
1.03028,11.0574,0.361315
1.99372,10.9662,0.128034
2.99739,10.9176,0.216892
3.98279,11.1138,0.352922
5.03165,11.0945,0.284072
6.03488,10.9893,-0.124369
7.03197,10.8335,-0.100403
7.99992,10.9256,0.219141
8.99205,11.041,0.312345
9.98239,11.0071,0.473226
10.988,10.9949,0.144182
12.0036,10.9381,0.398932
13.0278,11.0755,0.475228
14.0363,11.048,0.188711
15.0109,10.995,0.449565
15.9878,10.965,0.255251
17.0213,10.9445,0.312915
18.0086,11.0203,0.276083
18.9514,10.9482,-0.0970458
-0.00285043,11.9967,0.21485
0.95974,12.0042,-0.0339915
1.98143,11.9553,0.146037
2.98975,11.8979,-0.0347697
4.00566,12.0332,-0.151955
5.01361,11.9794,-0.203299
6.02424,11.993,-0.336595
7.03389,11.8499,-0.304743
8.03547,11.9417,0.0163427
9.04577,12.0308,0.109903
10.0684,11.9898,0.329063
11.0155,12.0267,0.0996124
12.0364,11.9129,0.261809
13.053,12.0567,0.0775811
14.0776,11.9893,-0.0235084
15.0759,11.986,0.161623
16.0285,11.8758,-0.158614
16.9461,11.9467,0.311438
17.9805,12.0027,0.180233
18.9804,11.9738,0.0411176
0.0526841,13.0014,0.198459
1.01336,13.0221,-0.125492
1.98336,12.9368,0.0336375
2.96661,12.9799,-0.202945
3.97869,13.0181,-0.240455
4.96331,13.0134,-0.0590777
5.97046,12.9723,-0.252083
6.98531,12.8952,-0.0725089
7.97437,12.9963,0.0153752
8.98404,13.0392,-0.013123
9.96699,12.9597,0.0946684
10.9564,12.9923,-0.105649
11.9036,12.9664,0.231581
12.905,13.0449,-0.00205084
13.8767,12.9735,0.170968
14.9087,13.0041,0.133662
15.9293,12.85,0.131947
16.9529,12.9621,0.215616
17.9937,12.9741,0.338728
18.9719,12.9963,0.0823847
0.035905,13.9412,-0.141395
1.00878,14.0418,0.057152
1.94576,13.9389,-0.18453
2.9989,14.0167,-0.153966
3.97073,14.02,0.0831538
4.97961,14.0323,-0.0815851
5.99652,13.9896,-0.283648
7.05755,13.9223,-0.18254
8.02931,13.9885,0.0110355
9.07401,14.0527,-0.100775
10.0672,13.9375,-0.106992
11.0524,13.9975,-0.366457
12.0478,13.9478,-0.0913663
13.0674,14.0305,-0.0503159
14.0819,13.9168,-0.130924
15.0233,14.0251,0.215177
15.9956,13.9077,0.202734
17.0095,13.981,0.100296
18.0377,13.9813,0.119706
19.085,13.955,0.394134
0.0272591,14.8897,0.150279
0.987738,15.0547,-0.15811
1.99932,14.9464,-0.139167
2.99439,15.0084,0.0707633
3.99622,15.016,0.0547868
4.96576,15.0825,-0.153047
5.96529,14.9757,-0.0212897
6.98277,14.9657,-0.194607
8.03674,14.9895,-0.335029
9.03042,14.9968,-0.380575
10.083,14.9411,-0.39509
11.0801,15.0444,-0.272857
12.057,15.0045,0.00205695
13.0959,15.0211,-0.0940977
14.0573,14.9021,0.0857173
15.0696,15.012,0.224604
16.0496,14.9666,0.355776
17.0319,15.0359,0.184973
18.0405,14.9835,0.259847
19.0219,14.9698,0.390725
-0.0307962,15.8836,0.108045
0.928367,16.0564,-0.156218
1.95773,15.9495,-0.0848842
2.99952,16.0226,-0.248167
4.03952,15.9931,-0.279388
5.04768,16.089,0.0771813
6.03666,15.9355,0.154393
7.03256,15.9112,-0.0664541
8.03607,16.0402,-0.172442
8.97027,16.0006,-0.487103
9.97016,15.9351,-0.245933
10.9794,16.0149,0.0230934
11.9723,16.0712,0.0470717
12.9789,15.9997,0.274361
14.0069,15.9279,0.177853
15.0341,16.023,0.0111026
16.0016,15.9988,0.24568
16.9935,16.0481,0.415867
18.011,15.9813,0.427036
18.9785,15.9587,0.185928
-0.00826136,16.9251,0.205863
0.993011,17.0268,0.163268
1.93834,16.9455,-0.233195
2.98026,17.0639,-0.21934
3.978,17.0023,-0.29114
4.98639,17.065,-0.114957
6.0035,16.9723,0.11962
6.94845,16.9227,-0.162017
7.92293,17.0663,-0.195224
8.93077,16.9617,-0.19834
9.96455,16.9658,-0.103674
10.9678,16.9953,0.166698
11.9294,17.0237,0.367522
12.948,17.0053,0.43292
13.9257,16.9785,0.181698
14.9599,16.9795,0.318671
15.9592,16.9833,0.242732
16.9657,17.0648,0.111124
18.0128,16.9784,0.285385
19.0228,16.9473,0.406574
0.00580767,17.89,-0.207523
1.00793,17.9744,-0.263121
1.97763,17.9481,-0.193222
2.97917,18.0511,-0.334623
3.96262,17.9965,-0.149901
4.9341,18.039,-0.253642
5.98077,17.9732,-0.140129
6.9885,17.9919,-0.199789
8.02109,18.0235,-0.0474441
9.03019,17.9848,-0.213831
10.1052,17.9956,-0.111359
11.0474,18.0108,0.150017
11.9962,17.9266,-0.10116
12.9916,18.0035,0.239677
13.9923,18.0082,0.219593
15.0001,18.0145,0.202725
16.0027,17.9435,-0.0967956
16.9907,18.1375,0.144044
17.9931,18.0095,0.315052
19.0439,17.9573,0.243382
0.00904569,18.951,-0.0758446
0.999646,18.9922,-0.133787
1.97751,18.9816,-0.0143193
3.02731,18.9632,0.0195257
3.99782,19.0172,-0.0513657
4.99956,19.0657,-0.358187
5.94873,18.9803,-0.0763085
6.96679,18.9538,-0.0918546
8.02734,19.0181,-0.211863
9.02008,18.9627,-0.0555925
10.0198,18.9835,-0.202029
10.9797,19.0107,0.14004
11.9855,18.9248,-0.101556
12.9838,18.9752,0.0377087
13.9878,19.0513,0.192212
14.9385,19.0144,-0.0583483
15.9633,18.9845,-0.302457
16.9891,19.0348,-0.224482
17.9838,18.9963,0.127125
18.9974,19.005,0.165477
