0.142082,0.354613,-1.91457
0.135649,1.64245,-1.89337
0.0454268,2.93417,-1.80022
0.127625,4.22238,-1.83614
0.106848,5.49631,-1.80848
0.0961272,6.72576,-1.65517
0.0991424,7.96757,-1.62877
0.257643,9.14755,-1.60527
0.401779,10.3473,-1.70113
0.62298,11.5246,-1.7472
0.999902,12.6528,-1.76666
0.91952,13.7334,-1.70597
0.506803,14.6559,-1.276
0.447374,15.7275,-1.18311
0.0753014,16.5063,-0.629823
0.335191,17.3792,-1.0026
-0.0740989,18.0966,-0.462215
0.0590289,17.1348,-0.670492
0.0334086,18.0224,-0.145405
-0.0273812,18.9997,0.0337962
0.818574,1.15334,-1.86295
0.895892,2.34277,-1.76547
0.956777,3.54148,-1.70197
0.987448,4.76817,-1.77711
0.97947,6.0068,-1.6303
1.01514,7.20939,-1.67739
1.07585,8.40239,-1.77421
1.2108,9.59972,-1.8856
1.31318,10.7843,-2.03605
1.52398,11.9747,-2.28193
1.84346,13.1137,-2.48252
1.80214,14.2381,-2.17924
1.50094,15.0107,-1.50312
1.44341,16.0726,-1.46806
1.14791,16.7955,-0.770748
1.21054,17.4812,-1.56701
0.947029,18.1035,-0.805625
0.986303,17.1254,-1.05111
0.928684,18.0431,-0.627546
0.98511,18.9785,-0.175399
1.79732,1.55144,-1.75195
1.91175,2.71306,-1.73287
1.92418,3.83954,-1.66563
1.96542,5.04901,-1.70683
1.99925,6.27105,-1.69419
2.0257,7.47538,-1.75755
2.08085,8.74173,-1.84901
2.19546,9.99588,-2.01757
2.25493,11.2553,-2.32051
2.40341,12.5466,-2.67574
2.64518,13.8872,-3.11765
2.61076,15.14,-2.46675
2.19483,15.7349,-1.24419
2.28546,16.7363,-1.71397
1.94647,17.4249,-0.879116
2.20913,17.1477,-1.72259
1.97283,17.9118,-1.01469
1.77063,17.156,-1.64392
1.79894,18.0361,-1.12411
1.87453,19.0387,-0.747316
2.78653,1.20985,-1.67512
2.87596,2.34812,-1.6388
2.87666,3.48956,-1.60375
2.90646,4.6304,-1.76927
2.89048,5.83591,-1.69602
2.91378,7.00986,-1.74633
3.00736,8.23944,-1.8198
3.09749,9.42336,-1.88401
3.05958,10.6236,-2.10246
3.06352,11.7677,-2.26912
2.98214,12.9294,-2.48362
2.93996,14.004,-2.07223
2.80811,14.8485,-1.53648
2.92366,15.8807,-1.50476
2.46638,16.5166,-0.900421
3.19225,17.0041,-1.36803
2.90025,17.667,-0.642442
2.77253,17.0132,-1.42475
2.75598,18.0356,-1.37197
2.82459,18.9804,-0.996185
3.74758,0.967916,-1.49565
3.88939,2.07771,-1.40264
3.87642,3.18355,-1.42091
3.85989,4.28417,-1.50925
3.83512,5.39443,-1.58246
3.78935,6.51327,-1.56949
3.86447,7.64592,-1.56917
3.85458,8.81369,-1.6336
3.91308,10.0052,-1.76938
3.87726,11.0706,-1.91969
3.65494,12.1388,-2.00996
3.61078,13.172,-1.89806
3.58527,14.1267,-1.5326
3.66008,15.0959,-1.28949
3.29017,15.9334,-0.850636
4.08652,16.5756,-1.03523
3.8631,17.3566,-0.372631
3.7829,17.2669,-1.3991
3.74251,18.2743,-1.40482
3.83855,19.1731,-0.977712
4.74127,0.597656,-1.29453
4.88156,1.65768,-1.30462
4.79188,2.7959,-1.23863
4.74699,3.7911,-1.4895
4.71051,4.9014,-1.40866
4.67126,6.03887,-1.3536
4.68562,7.15585,-1.27374
4.70908,8.19377,-1.42116
4.65373,9.32531,-1.63794
4.59994,10.3392,-1.64977
4.44662,11.4097,-1.80673
4.4316,12.4996,-1.67216
4.4614,13.4841,-1.34415
4.47114,14.4877,-1.08743
4.28884,15.4433,-0.783502
5.02485,16.0788,-1.09017
4.75219,16.8448,-0.54152
4.84129,17.1877,-1.45778
4.78094,18.2051,-1.29392
4.82009,18.9847,-0.650752
5.71941,0.263124,-1.24122
5.8255,1.31894,-1.21374
5.72557,2.42341,-1.3631
5.69352,3.51127,-1.22683
5.68872,4.60365,-1.34816
5.63865,5.64613,-1.3303
5.65504,6.69491,-1.24914
5.70034,7.7528,-1.28452
5.60802,8.80151,-1.53899
5.53511,9.8556,-1.53602
5.365,10.8934,-1.68056
5.3757,11.9452,-1.48996
5.33601,12.9186,-1.324
5.33271,13.8975,-1.05947
5.16985,14.8642,-0.92075
5.89679,15.5454,-1.11266
5.6876,16.4817,-0.577566
5.88227,17.1216,-1.36458
5.86234,18.1298,-1.18063
5.81281,18.9861,-0.64785
6.72608,0.0905118,-1.32454
6.81896,1.15247,-1.33711
6.7511,2.2228,-1.52811
6.70746,3.3197,-1.31228
6.66093,4.3531,-1.40889
6.63771,5.40265,-1.27565
6.64723,6.48984,-1.06797
6.71531,7.47344,-1.19528
6.6168,8.47766,-1.41202
6.50127,9.50609,-1.51017
6.32918,10.6135,-1.38588
6.33815,11.5961,-1.17417
6.34147,12.6316,-1.29291
6.32096,13.5638,-0.823603
6.21009,14.5714,-0.911231
6.92301,15.3434,-1.05605
6.71514,16.2592,-0.684802
6.94069,16.9835,-1.38222
6.81126,17.8932,-0.869781
6.83978,18.8859,-0.619855
7.74067,-0.0258858,-1.13385
7.80927,0.991147,-1.03052
7.68629,2.01999,-1.15118
7.7391,3.0916,-1.20617
7.70016,4.14043,-1.33641
7.60711,5.15049,-1.42325
7.63283,6.13685,-1.14057
7.66381,7.19673,-1.29417
7.62709,8.22932,-1.42865
7.53951,9.27886,-1.39772
7.42262,10.2928,-1.19962
7.36949,11.3336,-1.00808
7.34998,12.3469,-1.08462
7.38737,13.3543,-0.958745
7.22956,14.3833,-0.878011
7.87692,15.1302,-0.767226
7.759,16.1127,-0.818137
7.93301,17.0405,-1.195
7.83291,17.9245,-0.69198
7.82184,18.9026,-0.483444
8.79245,-0.0383374,-1.35376
8.80707,0.96672,-1.13447
8.72918,2.07198,-1.18578
8.75014,3.04833,-1.18572
8.72966,4.0879,-1.28266
8.58884,5.06246,-1.08313
8.64426,6.03299,-1.01733
8.67125,7.04767,-1.27331
8.65001,8.04242,-1.27922
8.60678,9.08415,-1.24587
8.46429,10.0669,-1.00351
8.40079,11.0933,-0.982403
8.36029,12.144,-0.89302
8.4401,13.2371,-1.01349
8.30051,14.1977,-0.832017
8.85476,15.0363,-0.907712
8.7562,16.0697,-0.888882
8.94803,17.0626,-0.968194
8.85924,18.0677,-0.864971
8.80879,19.0097,-0.561657
9.83118,-0.267055,-1.25742
9.82982,0.790683,-1.24346
9.75346,1.83349,-1.29324
9.78438,2.9311,-1.10901
9.73316,3.95584,-1.14948
9.67275,4.95685,-1.2203
9.6935,5.99271,-1.10214
9.72444,7.03096,-1.0815
9.64922,8.04284,-1.2016
9.57994,9.04222,-0.980996
9.50362,10.0416,-0.81153
9.50389,11.0295,-0.967476
9.43255,12.0577,-0.925031
9.48556,13.08,-0.928162
9.40344,14.0808,-0.908786
9.82758,15.0467,-0.89581
9.76714,16.0878,-0.791253
9.96913,17.128,-0.726337
9.85733,18.1105,-0.781463
9.79107,19.0934,-0.891888
10.8696,-0.154588,-1.19278
10.8395,0.852535,-1.26383
10.8019,1.87834,-1.21535
10.7733,2.958,-1.12204
10.7747,3.97901,-0.995679
10.662,5.01039,-0.96325
10.7526,5.99192,-1.16817
10.7498,6.99949,-1.28805
10.6678,8.06826,-1.24994
10.6431,9.0765,-1.12368
10.5518,10.0797,-0.907956
10.5401,11.0635,-0.793268
10.5173,12.0637,-0.982794
10.5011,13.1108,-1.08029
10.4993,14.15,-0.922269
10.8534,15.08,-1.01449
10.8395,16.0493,-0.76675
10.9768,17.0835,-0.83336
10.8786,18.0761,-0.804196
10.8277,19.1274,-0.720145
11.8841,0.0365459,-0.912201
11.7902,1.03131,-1.2075
11.8612,2.01831,-1.35065
11.7973,2.98074,-1.07587
11.8002,4.01841,-1.04017
11.6739,5.06574,-1.14472
11.7332,6.06152,-1.04742
11.7475,7.06221,-1.10693
11.7231,8.05133,-1.17862
11.7363,9.03567,-1.10292
11.5987,10.0414,-0.861391
11.6065,11.0425,-0.850993
11.5488,12.1009,-0.971072
11.5479,13.077,-0.958535
11.5109,14.0807,-0.828941
11.8535,15.041,-0.767244
11.8968,16.0462,-0.666259
11.9886,17.016,-0.656127
11.934,18.0528,-0.792511
11.82,19.0629,-0.593985
12.9428,-0.0379284,-1.07602
12.8268,0.939222,-1.12955
12.9642,1.94924,-1.25522
12.8249,2.98143,-1.21526
12.853,3.96484,-1.001
12.7398,4.99022,-1.0574
12.7869,6.02746,-0.924857
12.7969,7.02245,-1.08719
12.6868,8.04608,-0.958791
12.8213,9.05979,-1.14022
12.5916,10.0341,-0.942039
12.6632,11.0466,-1.09361
12.5947,12.0275,-0.919095
12.557,13.0377,-1.01371
12.6433,14.0907,-0.872897
12.9162,15.0293,-0.661147
12.8825,16.0549,-0.392547
13.0242,17.0876,-0.749663
12.9961,18.1197,-0.750188
12.8668,19.1147,-0.611295
13.9568,-0.160363,-1.277
13.8838,0.855156,-1.10732
13.9719,1.88454,-1.1753
13.9072,2.94302,-0.99957
13.7979,3.90607,-1.17499
13.7737,4.93712,-1.13926
13.8099,5.95255,-1.00884
13.7943,6.97646,-1.11299
13.7999,7.97309,-0.988372
13.8142,9.01516,-0.927485
13.6443,10.0363,-0.91745
13.7438,11.0179,-1.04186
13.6515,11.9823,-0.936308
13.5607,13.0255,-1.01641
13.703,14.0787,-0.885073
13.91,15.1081,-0.829557
13.9347,16.0757,-0.541923
13.9994,17.1247,-0.594717
14.0128,18.1838,-0.564824
13.8748,19.162,-0.712128
14.9602,-0.341365,-1.0715
14.8551,0.701227,-0.941908
15.0085,1.71427,-1.12236
14.8742,2.80642,-1.08649
14.8563,3.8249,-0.995837
14.7906,4.87162,-1.04355
14.8595,5.95392,-1.08213
14.8652,7.00263,-1.16545
14.8418,7.93142,-0.799573
14.8571,8.9624,-0.88229
14.7158,9.96574,-0.948961
14.7601,10.9973,-1.03708
14.702,12.0171,-0.884509
14.6101,13.068,-0.852611
14.7766,14.1131,-0.814634
14.9499,15.1242,-0.694583
15.0137,16.1456,-0.642869
14.9613,17.1052,-0.868334
15.0925,18.1666,-0.795038
14.9062,19.1779,-0.521558
15.9968,-0.194723,-1.01916
15.9307,0.843324,-1.0373
16.0325,1.85267,-1.07561
15.8825,2.89858,-1.06465
15.8568,3.91497,-1.18928
15.8515,4.92451,-1.0362
15.894,5.94346,-1.12992
15.8882,6.96742,-1.10419
15.8098,7.97299,-1.07674
15.8845,8.98383,-0.880721
15.7851,9.99023,-0.957732
15.8025,11.0276,-0.884503
15.8352,12.0862,-0.880526
15.6789,13.0629,-0.833457
15.8248,14.099,-0.775246
15.9803,15.1037,-0.544481
16.0502,16.1067,-0.575179
16.0165,17.157,-0.592544
16.0949,18.1599,-0.659264
15.9699,19.1861,-0.572121
17.0911,-0.165157,-1.02031
17.0302,0.864531,-0.934364
17.0143,1.85592,-0.908512
16.9246,2.90529,-0.963549
16.8387,3.90002,-0.991394
16.8821,4.94215,-0.932124
16.9081,5.95372,-0.915729
16.8973,7.0301,-1.05592
16.8596,8.04101,-1.03586
16.9059,9.09349,-0.853807
16.8343,10.0923,-1.11574
16.8442,11.0857,-0.915101
16.8448,12.112,-0.73376
16.6907,13.1238,-0.843129
16.896,14.0824,-0.697613
17.0028,15.1219,-0.612281
17.0697,16.1671,-0.68543
17.0514,17.2262,-0.785925
17.0399,18.1637,-0.363549
16.9533,19.1464,-0.223518
18.1273,-0.239491,-0.881655
18.0314,0.792962,-1.06757
18.0842,1.81109,-1.07186
17.9921,2.92669,-1.02658
17.8635,3.9429,-0.940303
17.9201,4.93345,-0.843318
17.9564,5.9256,-0.967046
17.9369,6.95288,-1.06195
17.8732,8.04669,-1.0646
17.9888,9.05515,-0.879513
17.8485,10.0478,-0.856905
17.9047,11.0581,-0.960311
17.9007,12.0598,-0.750362
17.744,13.0447,-0.845357
17.9166,14.0483,-0.811499
17.9849,15.0127,-0.577218
18.0736,16.0443,-0.716047
18.0454,17.0532,-0.640175
18.0876,18.0353,-0.382305
17.9535,18.9546,0.0448561
19.1334,0.0413831,-0.846919
19.0389,0.97384,-1.18683
19.0751,1.88294,-0.734233
18.9686,2.95083,-0.816068
18.8395,3.93365,-0.670904
18.8813,4.9803,-0.590228
19.0447,5.97556,-0.750017
18.9662,6.98613,-0.83556
18.851,8.03316,-0.748424
19.0735,9.06604,-0.783648
18.8773,10.0386,-1.01199
18.9447,11.0693,-1.01414
18.9179,12.0734,-0.98493
18.847,13.0795,-0.826106
18.9295,14.0713,-0.86935
19.0011,15.0917,-0.771697
19.122,16.1252,-0.785415
19.0481,17.1241,-0.463002
19.1233,18.0346,-0.0548326
18.9344,18.9504,0.392303
