-0.0157659,-0.00662252,-0.0352
1.01091,0.0185308,0.12927
2.00584,-0.00142827,-0.135166
3.01703,0.0174657,0.144569
4.01922,0.00722068,0.0121769
5.10596,0.00229804,0.0392987
6.11161,0.0370312,0.0265694
7.09757,-0.0135929,-0.0222053
8.14157,0.0299539,0.231431
9.12329,0.0165105,0.243703
10.061,-0.027546,-0.131523
11.0947,0.106253,-0.0905545
12.044,-0.0457259,-0.358992
12.9174,0.0534745,0.0751427
13.9472,-0.00547502,-0.0602618
14.9641,0.0488876,-0.0716971
15.9509,0.0255806,0.0201056
16.9671,0.0388195,-0.121177
17.9965,-0.0219581,-0.259764
18.9695,-0.0323954,-0.0742607
0.0323313,1.03296,0.0384655
1.04317,1.04006,0.117524
2.00147,1.03392,-0.141493
2.94828,1.08391,0.235231
3.98422,1.05875,0.222532
4.96942,0.958269,-0.156261
5.96208,1.02602,-0.010303
6.98761,1.01489,0.125547
8.0244,1.01836,0.0657521
9.0267,1.00623,0.141581
9.9602,0.945146,-0.327036
10.9667,1.08064,-0.287533
11.9923,0.959429,-0.230683
12.9229,1.10581,0.117414
13.8792,1.00202,-0.118848
14.9522,1.07266,-0.0774316
16.0618,1.06561,0.0390942
17.0691,1.04745,-0.0757775
18.011,0.96812,-0.394702
19.0302,0.933155,-0.444786
0.0713187,2.01418,-0.0153783
1.06471,2.06228,-0.031727
2.04153,2.0628,-0.226597
2.98817,2.10143,0.183267
3.98381,2.03826,0.248824
4.97443,1.98639,0.0639515
5.98424,2.04413,0.0980407
6.97174,2.01366,-0.108734
7.90339,1.99479,0.202561
8.80338,1.92051,-0.313147
9.81003,1.94087,-0.0986999
10.8716,2.02318,-0.0437483
11.8666,1.92107,-0.0650777
12.886,2.0843,0.0608142
13.8633,2.0549,-0.0572344
14.9057,2.11713,-0.0458602
15.957,2.04915,-0.0318827
16.942,1.9931,-0.189593
17.9453,1.92774,-0.237104
18.9969,1.93431,-0.15479
-0.0403912,3.04769,0.252849
0.963591,3.04431,0.213031
1.99001,3.08034,-0.084048
2.93568,3.12137,0.243733
4.01584,3.0579,0.0509842
5.01393,2.99272,0.199359
6.00025,3.09236,-0.00788598
6.98327,3.00201,-0.359239
7.9569,2.98089,-0.00971404
8.93226,2.86355,0.149272
9.93941,2.92571,0.225867
10.9845,3.01352,0.0147984
11.9855,2.93469,-0.0365612
12.9875,3.12558,-0.0158757
13.965,3.09643,-0.156069
14.9642,3.07511,-0.419822
15.931,3.04624,-0.2339
17.0026,3.05056,-0.206433
17.9933,2.92129,-0.412641
19.0159,2.93479,-0.208206
-0.0588488,4.03813,0.362795
0.954378,4.07702,0.439256
1.9233,4.14301,0.0513779
2.92797,4.11199,0.28186
3.88361,4.10182,0.0147588
4.91948,4.02226,0.0766655
5.96099,4.12997,0.146037
6.95556,3.85334,0.18334
7.8875,3.95033,-0.0883755
8.93991,3.84493,0.0880612
9.91369,3.93629,0.223551
10.9118,4.02088,0.0821284
11.9065,3.94354,-0.123231
12.9035,4.12694,-0.0843287
13.9087,4.11313,-0.0372021
14.9333,4.13674,-0.195315
15.9835,4.06278,-0.33925
17.0465,4.05676,-0.160985
18.0591,3.91873,-0.314307
19.0666,3.98763,-0.32486
0.00191656,5.02213,0.208222
1.03532,5.05469,0.148793
2.01227,5.11225,-0.10275
3.01263,5.03212,-0.102084
4.03372,5.06861,-0.164129
5.03642,4.99662,-0.0185156
6.00442,5.03041,-0.278643
6.96244,4.90213,0.142192
7.95099,4.95702,0.207074
9.05464,4.85839,0.259886
10.0801,4.92552,0.35985
11.0448,5.01345,0.113242
12.098,4.97795,0.0202155
13.1669,5.08139,-0.0103458
14.1948,5.04668,0.160732
15.1959,5.03843,0.13592
16.1541,5.06844,-0.240889
17.0808,5.03146,0.0744896
18.0443,4.94962,-0.0675771
19.0437,5.00015,-0.393561
-0.005356,6.08201,0.169973
1.02021,6.06592,0.153548
2.01561,6.12691,0.0628315
3.00489,6.06639,-0.00377209
4.00657,6.08867,0.0851924
4.9919,6.05652,-0.0582018
6.00733,5.96046,0.0716575
7.03553,5.95854,0.155748
8.0268,5.99189,0.101462
9.02997,5.8949,0.163314
9.99839,5.91319,0.310532
10.9791,6.05468,0.119712
11.9505,5.9743,0.0529374
12.9398,6.03793,-0.0593341
14.0027,6.03439,-0.147041
15.0323,5.96524,-0.258525
16.0476,6.07775,-0.209842
17.0551,5.98895,-0.0705222
18.0329,5.90948,0.24554
18.9871,5.94904,-0.0658712
-0.00800195,7.10146,0.191455
1.04227,7.06088,0.0902738
2.00439,7.0778,0.400812
2.91102,7.08997,-0.0525437
3.87161,7.10523,0.207584
4.86652,7.03767,0.10441
5.8704,7.01757,0.0251961
6.91946,6.99285,0.100913
7.92415,7.02417,0.235911
8.90741,6.94012,-0.00891751
9.95176,6.85416,-0.200485
10.8262,7.07771,0.262258
11.8831,6.98862,0.119303
12.9193,7.04259,0.0794397
13.9149,7.0348,-0.194665
14.9168,6.99098,-0.0969359
15.9485,7.06905,-0.123722
16.9928,7.05122,-0.202979
17.9795,6.88178,-0.110837
18.9998,6.93924,-0.181024
-0.0386181,8.08451,-0.0497635
1.04484,8.06903,0.0110294
2.07129,8.05605,0.139497
3.06625,8.0826,0.0324168
4.07077,8.1318,-0.0327158
5.06658,8.09958,0.114686
6.04954,8.01082,-0.0209296
7.04953,7.98248,-0.0122562
8.03518,7.98658,0.13784
9.01726,7.94271,0.00127873
9.99784,7.76383,0.203653
10.9526,8.06784,0.271969
11.9886,8.07179,0.212085
13.0112,8.04944,-0.019953
14.0262,8.01369,-0.200888
14.9889,8.01385,-0.0243233
15.9287,7.98406,0.325141
16.9449,7.99519,0.248219
17.9278,7.9324,-0.0100711
18.9887,7.95424,0.0478439
0.0159246,9.04346,-0.124546
1.03273,9.04501,-0.132133
2.02984,9.05362,0.0453475
3.02835,9.0919,0.17705
4.01417,8.98106,0.48479
4.98052,9.08612,0.267452
5.95801,8.98943,0.0751244
6.99593,9.00799,0.106888
7.96549,8.94848,0.364431
8.98351,8.91454,0.202979
10.0255,8.81567,0.216129
10.9992,9.07104,0.152113
12.0218,9.0621,0.119691
13.0028,9.0109,0.0728294
14.007,8.95559,0.169042
14.9893,9.0478,0.0783349
15.9934,8.90899,-0.0723045
17.0199,8.96216,-0.0192877
18.0222,8.9722,-0.031312
19.0151,8.95155,0.0637928
-0.00744041,10.079,-0.0446669
1.01958,10.0252,0.151204
2.03164,10.0097,0.346275
3.01537,10.0064,0.568947
3.98258,9.9934,0.361428
5.02693,10.1016,0.304175
5.96524,9.99505,0.00673849
6.94986,10.0056,0.248082
7.96204,9.86354,-0.00940275
8.99651,9.94416,0.169097
9.99731,9.80866,0.137822
10.9626,10.0881,-0.11171
11.9344,10.0401,-0.096411
12.9266,10.055,-0.0207343
13.9765,10.0064,0.230766
14.9486,10.0449,0.257985
15.9226,9.90676,-0.0233833
16.9417,9.96184,0.0737449
17.9873,9.97803,0.0421003
19.0228,10.0307,0.0923643
-0.0161351,11.1155,0.0521165
0.999927,11.0837,0.105063
2.02634,11.0532,0.261831
2.96374,11.0368,0.730711
3.95846,10.9782,0.490561
4.94545,11.1132,0.296045
5.95708,10.986,0.120145
6.98581,11.0234,0.237809
7.9541,10.887,-0.0125584
8.97937,10.9482,0.0873318
9.95454,10.8072,0.186905
10.9475,10.9201,0.403708
11.9719,10.9992,0.2455
12.997,11.0414,0.256401
14.0277,11.0167,0.277404
15.0355,11.015,0.513507
15.9972,10.9212,0.19678
17.0208,10.8978,0.41999
18.0261,10.9783,0.14883
19.0365,11.0832,0.00984222
0.0152257,12.0986,0.170327
1.03258,12.1137,0.226106
1.96308,11.9799,0.575063
2.96547,11.9885,0.484326
4.03231,11.9859,0.349028
5.05232,12.0635,0.0167913
6.03596,11.9951,0.0783654
7.05617,11.9678,0.0103397
8.04248,11.8856,0.133683
9.0871,11.9402,0.239213
10.0528,11.8273,0.201679
11.0838,11.9132,0.314399
12.0728,12.047,0.230476
13.0545,12.1364,0.102832
14.076,12.0291,0.234138
15.0728,11.9976,0.465822
16.0693,11.9347,0.442357
17.0666,11.9225,0.424104
18.0348,11.9852,0.348292
19.0017,12.0737,0.192898
0.00470901,13.0979,0.0241615
1.02451,13.108,0.186642
2.00912,13.0128,0.385647
3.01687,13.0019,0.384103
4.00372,12.99,0.179348
5.02576,13.0251,0.0369213
6.01864,13.051,0.153713
7.00674,12.9664,-0.0136418
8.01166,12.9385,0.0882687
9.02495,12.9334,0.0882839
9.98561,12.8835,0.33715
10.9943,12.9121,0.137837
12.0039,13.0973,0.111093
13.0034,13.114,0.368432
13.985,12.9997,0.357576
15.014,13.0261,0.28652
16.0415,12.9935,0.378188
17.0228,12.8982,0.0950987
18.0029,12.977,0.193384
18.9722,13.0865,0.0679037
-0.0326914,14.0596,-0.266372
1.03334,14.1097,-0.227232
1.98329,14.0015,0.162474
3.00222,14.0155,0.366845
4.01678,13.9702,0.262029
4.98763,13.9977,-0.1159
5.99893,14.0098,-0.103525
7.00699,14.0041,-0.0644948
7.99781,13.974,0.0288064
8.99942,13.9197,0.0710074
10.0232,13.9002,0.332398
10.9856,13.902,0.125266
11.9755,14.0692,0.333653
12.9607,14.14,0.531141
13.9771,13.9912,0.450902
15.0254,14.0165,0.402747
16.0812,14.0311,0.384832
17.0323,13.9697,0.137587
18.0194,13.9795,-0.143135
19.0008,14.0666,0.0368023
-0.00332652,15.0716,-0.239357
0.965035,15.0943,-0.374306
1.85879,15.0388,0.131739
2.88907,15.0156,0.28439
3.94243,14.9684,0.176342
4.92388,15.0301,0.00838343
5.96534,14.9987,-0.260222
6.98859,14.9582,-0.277203
7.88729,15.0058,0.124085
8.97002,14.8808,-0.115024
9.98475,14.9085,0.257509
10.9855,14.893,0.0935453
12.012,15.1003,0.2979
13.0159,15.1327,0.591913
14.035,14.992,0.508219
14.9272,15.0195,0.0416334
15.9608,14.9739,0.0793756
16.9516,15.0127,0.2211
17.9906,15.04,0.135826
19.0112,15.0604,0.0716178
0.00302438,15.9179,0.223362
1.0406,16.019,0.0029664
2.05646,16.0075,-0.237162
3.00761,16.0401,0.23394
4.03311,15.9397,0.0352977
5.00866,16.0606,-0.160381
6.0037,16.0233,-0.422761
7.03269,15.9826,-0.186459
8.0445,15.9998,-0.0721885
8.99258,15.9159,-0.284405
9.98526,15.9041,0.03773
10.9769,15.9693,-0.0275887
11.968,16.0805,0.252858
12.9555,16.1261,0.705893
13.9457,16.0155,0.541856
14.9041,16.0205,0.141533
15.9533,15.9696,0.166619
16.9751,16.0117,0.0146397
17.9738,16.0258,0.0879086
19.0045,16.0576,-0.0283761
-0.0105991,16.8967,-0.0173437
1.03587,17.0249,-0.117783
2.04585,17.0259,-0.116449
3.02023,17.0824,0.198431
4.0423,16.9727,0.0286203
5.03482,17.0632,0.164959
5.9672,16.9947,-0.306488
7.00352,16.9863,-0.281216
7.9983,17.0022,0.0666341
8.97283,16.9234,-0.185638
10.005,16.9403,-0.0712882
11.0367,16.9299,-0.224305
12.0504,17.0565,-0.0764183
13.0517,17.0656,0.344295
14.0506,17.0494,0.315967
14.959,16.9893,-0.171044
15.8999,17.0049,0.0696402
16.9201,17.0055,-0.0222877
17.9684,17.0519,0.119877
19.0011,17.0756,0.131236
0.0207495,17.9481,0.0232643
0.992117,18.0066,-0.258177
2.01483,18.0128,-0.139817
3.0091,17.9823,-0.327921
3.96344,17.9446,-0.00854518
4.9847,17.9686,-0.183782
5.96136,17.9668,-0.479116
6.94625,17.9365,-0.0289499
7.94006,18.0091,-0.106149
8.95251,17.9421,0.00731223
9.96991,17.9633,-0.0458846
11.0693,17.9691,-0.12487
12.0796,18.0776,-0.0226753
13.0339,18.0542,0.302338
13.9599,17.9613,-0.0584521
14.946,18.0124,-0.0136082
15.9375,17.9942,0.13057
16.9788,18.0114,0.213605
18.0462,18.0931,0.232432
18.9631,18.034,-0.184494
-0.0230781,18.9642,0.0433912
1.00983,19.013,-0.0270882
2.01498,19.0082,-0.289621
3.02501,18.9987,-0.25627
4.00825,18.9552,-0.0338969
5.06536,18.9419,0.089526
6.02545,18.9889,-0.226887
6.9765,18.9422,0.0501816
8.02689,18.9987,-0.0992462
9.03173,18.9587,0.0788781
10.023,18.9494,0.0152287
11.0788,18.9859,0.0110904
12.0249,19.044,0.280633
13.0187,18.9969,-0.0461806
13.9815,18.9841,0.0476241
14.9992,18.985,0.158177
16.0342,18.9703,0.0791589
17.0263,19.0113,0.316639
18.0347,19.0797,0.440632
19.0218,18.9913,0.134318
