-0.0528703,0.344163,-0.568426
-0.0102634,1.14282,-0.0145482
-0.0261971,2.05477,-0.393536
-0.0263802,2.97798,-0.0312754
-0.0095645,3.98688,-0.15609
-0.0116214,5.03466,-0.026368
-0.019071,6.0633,0.100299
0.00931425,7.07755,0.160479
-0.0425031,8.07132,-0.176528
-0.0250679,9.04335,-0.481228
-0.0179693,10.0208,-0.121421
-0.0161077,11.0467,-0.266103
-0.0199927,12.009,0.0254494
-0.0081637,13.02,-0.00118717
-0.0197607,13.9929,-0.435209
-0.044908,15.0063,-0.241337
-0.0166875,15.9832,-0.0323496
-0.0305918,17.0552,-0.140501
-0.00575884,18.0225,0.20427
0.0757408,19.0108,0.00343638
-0.0119907,19.9918,-0.196023
-0.052208,21.0163,-0.125391
-0.00550859,22.0471,0.0224769
-0.0218055,23.0487,-0.0341166
-0.0499557,24.0295,0.00409864
-0.00767235,25.0076,-0.204755
-0.0200903,25.9874,0.17828
-0.0129521,26.9523,0.00195929
-0.0294198,27.9323,0.107791
-0.0471145,28.8868,0.314164
0.962166,0.637535,-0.611539
0.951994,1.46536,0.0305002
1.03539,2.35963,-0.360378
0.988787,3.33667,-0.107346
0.958647,4.34425,-0.088229
0.962044,5.39377,-0.188949
0.951161,6.34329,0.144307
0.999405,7.31801,-0.0319315
1.00853,8.29616,-0.214466
0.949733,9.31639,-0.421079
1.09749,10.2532,-0.0699393
1.01613,11.2158,-0.434092
1.06435,12.2268,-0.0792352
0.984451,13.2052,-0.245524
0.944435,14.164,-0.502673
0.997195,15.1423,-0.339943
0.980349,16.1092,-0.228391
0.904483,17.0471,0.111081
0.986065,18.0451,0.0673177
1.06961,19.03,-0.152956
1.02001,20.0566,-0.424781
0.956087,21.033,-0.22595
1.02283,22.0358,-0.109006
0.988147,22.9801,0.234297
0.969301,23.9415,0.0608814
0.970305,24.9459,0.0663289
0.972564,25.8663,0.424445
0.987423,26.8896,0.0250832
0.932658,27.8691,-0.197961
0.954564,28.7847,0.203833
1.96379,0.654433,-0.511405
1.95359,1.5825,-0.187515
1.99996,2.62481,-0.383554
1.94448,3.59113,-0.098468
1.91395,4.67101,-0.20163
1.95388,5.64583,-0.172716
1.87357,6.65347,-0.169793
1.98388,7.62995,-0.0801874
2.0618,8.60312,-0.128144
1.95736,9.53555,-0.500256
2.08469,10.4726,-0.130555
2.01701,11.4622,-0.534123
2.18522,12.408,-0.206558
1.96156,13.3818,-0.219416
1.94908,14.2505,-0.828993
2.00587,15.1483,-0.38016
2.02747,16.1518,-0.244612
1.84169,17.116,-0.122901
2.02685,18.0981,0.0665273
2.02862,19.1152,0.034312
2.04515,20.027,-0.450993
1.97002,20.9646,-0.144108
1.99904,22.0027,-0.395627
1.96715,22.8958,0.0731742
1.92246,23.8596,-0.233476
1.97828,24.7896,0.0564837
1.98854,25.773,0.45273
2.0037,26.7044,0.13314
1.91581,27.6481,-0.264037
1.89879,28.6538,-0.132713
2.90698,1.01771,-0.367434
2.89004,1.94758,0.0152287
2.9908,2.88652,-0.354451
2.93385,3.8666,-0.132023
2.94523,4.8924,-0.161376
2.94008,5.92582,-0.199692
2.85448,6.86605,-0.570855
2.95225,7.84549,-0.236503
3.08856,8.83984,-0.186123
2.97856,9.74107,-0.538404
3.0105,10.7648,-0.409009
2.97768,11.5911,-0.904819
3.11775,12.5085,-0.558153
2.91077,13.4738,-0.542076
2.95932,14.3994,-1.02393
3.04582,15.1605,-0.367635
2.97414,16.1487,-0.555458
2.91483,17.165,-0.241877
3.03445,18.0428,0.238856
3.04711,19.0406,0.00629292
3.03786,20.0271,-0.3056
2.97772,21.064,-0.167858
2.99836,22.0288,-0.549522
2.96352,22.8351,0.0348247
2.9212,23.8636,0.0551622
2.99,24.8856,0.24944
2.89861,25.8579,0.0589251
2.9636,26.8571,0.190698
2.91783,27.6184,-0.433259
2.98122,28.5962,-0.0750511
3.91559,1.08547,-0.388934
3.90006,2.07518,-0.0832392
4.01183,3.12543,-0.280743
3.95269,4.13579,-0.265966
3.90819,5.1479,-0.296771
3.92477,6.1469,-0.127998
3.89471,7.09972,-0.508158
3.99752,8.05319,-0.237587
4.13948,9.03118,-0.181372
3.98694,9.95246,-0.517722
4.05852,10.9387,-0.391308
4.06669,11.8211,-0.922645
4.07596,12.8511,-0.769958
3.90699,13.7985,-0.475014
3.9581,14.5468,-1.22035
3.95897,15.4212,-0.768685
3.99944,16.3105,-0.268032
3.89578,17.316,-0.236012
4.03999,18.2253,0.123551
4.00033,19.1074,-0.403604
4.08076,20.1237,-0.262178
3.97574,21.149,-0.328651
4.02657,22.1556,-0.583187
3.95359,22.9374,0.0219428
3.96197,23.9017,0.266619
3.95964,24.869,0.574236
3.90255,25.8193,0.154274
3.96725,26.8221,0.00991241
3.90963,27.7019,-0.474056
4.0008,28.6247,-0.135133
4.89747,1.43739,-0.237049
4.86887,2.40616,-0.030311
5.00565,3.34734,-0.383438
4.9783,4.31126,-0.117429
4.92853,5.27839,-0.396924
4.95413,6.27858,-0.221863
4.96734,7.32974,-0.243083
4.96274,8.33542,-0.373748
5.16272,9.28531,-0.15349
4.98936,10.1215,-0.72768
5.00475,11.1242,-0.63788
5.1109,12.1198,-0.836128
5.00269,13.0351,-1.22641
4.93411,13.8883,-0.674383
4.93009,14.62,-1.36763
4.99404,15.4963,-0.873128
4.85201,16.4796,-0.722248
4.89684,17.429,-0.3794
5.00859,18.4145,-0.0680136
4.90233,19.1174,-0.807474
5.09269,20.0361,-0.448827
4.95873,21.0138,-0.214344
5.05911,22.0282,-0.414872
4.96409,22.8509,0.130384
4.97269,23.856,0.17861
4.80329,24.8205,0.0300058
4.92625,25.7889,0.175759
4.93437,26.8117,0.171587
4.89333,27.7103,-0.239393
5.00893,28.6913,-0.0983276
5.90111,1.6783,-0.282138
5.83011,2.71582,-0.225364
6.00507,3.67746,-0.324485
5.96116,4.62505,-0.141609
5.89898,5.63869,-0.158672
5.92305,6.60891,-0.362597
5.98755,7.59577,-0.0892026
5.977,8.53598,-0.379019
6.22191,9.54188,-0.256676
5.95998,10.4037,-0.697037
6.01108,11.4056,-0.804593
6.12341,12.381,-0.841014
5.98725,13.2014,-1.4281
5.94819,14.0385,-0.815201
5.90507,14.7539,-1.52441
5.99799,15.4579,-0.817817
5.85651,16.4559,-0.866485
5.87997,17.4447,-0.778051
6.01576,18.277,-0.305005
5.78449,19.2572,-0.306177
6.15474,20.1959,-0.324476
5.92229,21.1513,-0.486569
6.07382,22.1168,-0.691635
6.0103,22.8966,-0.0516617
6.01011,23.8211,0.296426
5.79103,24.8553,0.0877651
5.94308,25.8245,0.170385
5.85009,26.8001,-0.159508
5.93537,27.7658,-0.118366
6.0207,28.7246,-0.36165
6.84581,2.11004,-0.397766
6.74977,3.08745,-0.281826
6.91457,4.04942,-0.513547
6.90572,4.99517,-0.17196
6.85423,5.99988,-0.186328
6.92276,6.99256,-0.351952
6.96621,7.93968,-0.00504776
6.93909,8.90192,-0.280215
7.06206,9.77701,-0.826908
6.93902,10.7555,-0.782095
6.96018,11.7668,-0.676989
7.06982,12.8301,-0.929987
6.91014,13.5547,-1.64229
6.98704,14.1641,-0.835151
6.98325,14.7276,-1.67751
7.05931,15.4692,-0.970241
6.87629,16.4299,-1.0792
6.91058,17.426,-1.06175
6.96333,18.2943,-0.570345
6.77647,19.2799,-0.519575
7.09386,20.2687,-0.639607
6.92001,21.2999,-0.354274
7.07721,22.2568,-0.650438
7.03929,23.0031,0.0141148
6.99626,23.9053,0.388015
6.81968,24.8976,0.161769
6.904,25.8692,-0.125483
6.81795,26.871,-0.245003
6.95227,27.8668,-0.41485
7.06717,28.8509,-0.171874
7.84545,2.33346,-0.520832
7.78051,3.32539,-0.359267
7.93358,4.32853,-0.405478
7.86011,5.31533,-0.144264
7.85241,6.30535,-0.337922
7.88112,7.29583,-0.214817
7.92601,8.30445,-0.119517
7.8847,9.28017,-0.393274
7.99978,10.2411,-0.733445
7.82384,11.2147,-0.699698
7.89877,12.1762,-0.913788
8.05744,13.1205,-1.17958
7.86243,13.6512,-1.95739
8.00919,14.335,-1.21366
7.93467,15.0238,-1.95365
8.09136,15.4174,-1.01472
7.91184,16.3933,-1.25161
7.85479,17.2116,-0.682601
7.91977,18.2071,-0.778085
7.80375,19.1834,-0.526157
8.05253,20.1388,-0.543266
7.97867,21.1611,-0.527995
8.05095,22.2156,-0.462236
8.08287,23,0.170135
8.02334,23.9668,0.522547
7.81427,24.9047,0.25761
7.90219,25.8443,-0.0855281
7.87828,26.8418,-0.00615558
7.94389,27.7353,-0.435496
8.11158,28.734,-0.354894
8.83363,2.54758,-0.266018
8.82437,3.5256,-0.377996
8.91134,4.62092,-0.315729
8.82217,5.63424,-0.487515
8.8755,6.59145,-0.48478
8.87814,7.53754,-0.268416
8.89857,8.56534,-0.27546
8.92046,9.61984,-0.298886
8.97487,10.5449,-0.632533
8.82725,11.5429,-0.772399
8.86771,12.5701,-0.999084
8.99379,13.5893,-1.12793
8.89955,13.678,-2.10745
9.08115,14.4315,-1.41925
8.9418,15.0396,-2.20274
9.07999,15.25,-1.19596
8.93125,16.2699,-1.13713
8.89613,17.1574,-0.594897
8.95144,18.1729,-0.742729
8.81453,19.0953,-0.407184
9.02366,20.0428,-0.448506
9.03298,21.0467,-0.490252
9.07294,22.0888,-0.290622
9.11139,23.0224,0.15645
8.97181,24.0232,0.21034
8.81714,25.0048,0.0236457
8.87451,26.0116,0.195651
8.88005,27.0074,0.13328
8.84645,28.0095,-0.096173
9.10836,28.9974,-0.312061
9.86962,2.6702,-0.161364
9.86467,3.68793,-0.263894
9.92557,4.68275,-0.495294
9.86473,5.70274,-0.389364
9.91547,6.69094,-0.493866
9.87372,7.67845,-0.445454
9.84506,8.71673,-0.470275
9.99472,9.75441,-0.371062
10.0008,10.7833,-0.524558
9.84079,11.7361,-0.846879
9.87451,12.7799,-1.13591
10.0023,13.7788,-1.29843
9.90993,13.8773,-2.38298
10.1209,14.6377,-1.68559
9.90021,15.22,-2.53286
10.0707,15.2433,-1.5631
9.95061,16.2132,-1.34131
9.67463,17.1826,-1.23482
9.93736,18.0983,-0.747185
9.86528,19.0059,-0.282315
10.0617,20.023,-0.396255
10.0408,21.02,-0.463808
10.0991,21.9753,-0.203003
10.0875,22.9648,-0.0425825
9.99366,23.9056,0.25956
9.8409,24.8027,-0.110651
9.87514,25.8007,-0.132655
9.89301,26.8174,-0.00611286
9.8425,27.8417,0.127802
10.0553,28.7499,-0.21879
10.9229,2.7485,-0.130305
10.9354,3.7477,-0.0703207
10.9789,4.7772,-0.305832
10.9131,5.78387,-0.48572
10.9167,6.77758,-0.399493
10.9355,7.7492,-0.484115
10.9138,8.86466,-0.442201
10.9856,9.88951,-0.389242
10.9811,10.8958,-0.511502
10.9091,11.8788,-0.941414
10.9227,12.8646,-1.17715
10.9905,13.8669,-1.54415
10.9458,13.8694,-2.52458
11.1143,14.7028,-1.88237
10.9009,15.3512,-2.68795
11.1135,15.4005,-1.70389
10.973,16.2271,-1.13014
10.6888,17.2043,-1.2467
10.904,17.8801,-0.558357
10.871,18.9299,-0.55818
11.0279,19.9057,-0.484515
11.0426,20.8755,-0.264296
11.0679,21.8454,0.0292001
11.0306,22.8692,0.280291
11.0291,23.8602,0.135755
10.8828,24.8234,-0.296899
10.8849,25.8135,-0.116654
10.8649,26.8145,-0.210105
10.8853,27.7988,0.0258522
11.0913,28.763,-0.212354
11.9603,2.79322,-0.0272591
11.9661,3.80468,-0.118983
11.9916,4.83182,-0.125083
11.9735,5.83969,-0.471786
11.9145,6.89865,-0.430592
11.9728,7.8662,-0.348857
11.953,8.88406,-0.385769
12.0373,9.9713,-0.381365
12.0077,10.9072,-0.745753
11.9361,11.9127,-1.01401
11.9952,12.8986,-1.36985
12.0062,13.8827,-1.60009
12.0194,13.9173,-2.64751
12.1793,14.6432,-1.96097
11.975,15.3043,-2.70573
12.1445,15.1784,-1.67296
11.9725,16.1218,-1.34557
11.6805,17.138,-1.50295
11.8706,17.8994,-0.867028
11.8592,18.9202,-0.963546
11.9695,19.8919,-0.847407
12.0124,20.7976,-0.465297
12.1046,21.7237,-0.0563372
12.0231,22.722,0.152654
12.0876,23.7153,-0.100311
11.897,24.6899,-0.0520676
11.9203,25.7271,-0.0477737
11.8589,26.7366,-0.0402661
11.8517,27.7042,-0.306851
12.0687,28.6851,-0.0945402
13.0002,2.93026,-0.288351
12.9733,3.9653,-0.132313
13.0002,4.95077,-0.392563
13.0041,5.93414,-0.461638
12.9049,6.91741,-0.294876
12.9791,7.89854,-0.531855
12.9528,8.92012,-0.287149
13.0334,9.91839,-0.559316
13.0254,10.907,-0.723441
13.0262,11.9796,-0.732151
13.0222,12.8787,-1.26081
13.0536,13.791,-1.67319
13.0331,13.8576,-2.70613
13.1932,14.638,-2.07255
13.0208,15.3465,-2.78081
13.1581,15.2405,-1.74758
12.9913,16.1153,-1.34229
12.7074,17.0732,-1.51987
12.9186,17.8777,-0.942204
12.9216,18.869,-0.958412
12.9545,19.7972,-0.595224
13.0346,20.7218,-0.33231
13.0577,21.7401,-0.329334
12.9886,22.7487,-0.178271
13.1145,23.7025,0.0728294
12.8942,24.6489,0.169463
12.8948,25.6628,0.128993
12.9049,26.6409,0.0513474
12.9127,27.6607,-0.268557
13.0605,28.6349,-0.0931822
14.0227,3.01074,-0.161223
14.0035,4.01864,0.0524766
14.0643,4.98225,-0.308936
14.0551,5.95944,-0.5575
13.9118,6.98642,-0.359877
13.9869,8.01268,-0.328434
13.992,9.00368,-0.472204
14.0449,9.96973,-0.850755
14.0478,10.957,-0.753413
14.0711,11.966,-0.695459
14.0474,12.8818,-1.19793
14.0524,13.9502,-1.46545
14.0238,14.118,-2.53337
14.1535,14.7998,-1.78108
14.0156,14.9547,-2.79142
14.0121,15.6233,-1.9945
13.9554,16.1399,-1.10594
13.745,17.1965,-1.28428
13.9375,18.0454,-0.824299
13.8982,19.0356,-0.913425
13.9336,20.0131,-0.621558
14.0015,20.7717,0.024662
14.0783,21.7252,-0.225477
14.0208,22.7314,-0.11684
14.1306,23.7462,-0.122697
13.96,24.64,0.270684
13.9312,25.624,0.0906278
13.9574,26.6719,0.088702
13.9296,27.6554,-0.0952116
14.0632,28.6552,0.13126
15.0168,3.04055,-0.301053
15.0208,4.04746,-0.168789
15.1541,4.99592,-0.347823
15.0811,6.01155,-0.607401
14.963,7.0178,-0.387179
15.0331,8.01087,-0.478549
15.0038,8.99013,-0.404587
15.0383,9.93354,-0.813324
15.0633,10.9442,-0.797473
15.1087,11.9871,-0.928996
15.1053,12.9342,-1.32363
14.9924,13.778,-1.83804
15.0159,14.3599,-2.61843
15.1462,14.5992,-1.64111
15.0485,14.7109,-2.68957
14.9927,15.4958,-2.07407
14.831,16.2988,-1.51349
14.7261,17.2036,-1.18524
14.9247,18.2283,-1.04944
14.9217,19.1779,-0.733128
14.8677,20.2021,-0.81691
15.0126,20.9991,-0.188455
15.0524,22.0142,-0.0899686
15,23.0103,-0.137666
15.1108,23.9959,-0.254796
14.9134,24.7742,0.387997
14.9462,25.6583,-0.0699026
14.9449,26.6433,-0.201376
14.9154,27.6759,-0.275353
15.0658,28.574,0.156813
16.023,2.98531,-0.0719901
16.0567,3.97779,0.0592486
16.1813,4.95052,-0.369958
16.0919,5.91759,-0.647468
15.9689,6.90058,-0.464187
16.0835,7.94126,-0.433348
16.056,8.96561,-0.501965
16.0854,9.96935,-0.637898
16.102,10.9721,-0.773278
16.1547,11.9643,-1.09322
16.1128,12.9917,-1.28288
16.0983,13.9804,-1.643
16.0494,14.2507,-2.60664
16.1875,14.8193,-1.75357
16.0879,14.7283,-2.78925
16.0491,15.3869,-2.05576
15.8721,16.3283,-1.62317
15.7768,17.2532,-1.1358
15.9333,18.2063,-0.916663
15.9398,19.2229,-0.63321
15.8686,20.2291,-0.640922
16.0408,21.1392,-0.202683
16.0635,22.1286,-0.341881
15.9962,23.0745,-0.0231391
16.0448,24.0255,0.17351
15.9492,24.9879,0.42259
15.9397,25.8671,0.0251442
15.9243,26.8946,-0.324403
15.8952,27.8738,-0.0122074
16.0427,28.8419,0.238725
17.0639,2.98916,-0.333784
17.0546,3.9659,0.0713309
17.2233,4.93248,-0.238801
17.0876,5.91198,-0.411054
16.9756,6.89151,-0.247548
17.1071,7.8325,-0.548607
17.054,8.83043,-0.617804
17.0978,9.84719,-0.598846
17.1062,10.8799,-0.856566
17.1773,11.8247,-1.18884
17.1737,12.8375,-1.24254
17.1212,13.8232,-1.61558
17.1062,14.3285,-2.52002
17.1706,14.6442,-1.52014
17.0529,14.7345,-2.50785
17.0264,15.4249,-1.78069
16.8813,16.3576,-1.39898
16.8463,17.3396,-1.10167
16.9672,18.3174,-0.849965
16.9261,19.2192,-0.435047
16.9749,20.2256,-0.499008
17.0526,21.2432,-0.117576
17.0892,22.2692,-0.127119
16.9615,23.1241,0.36711
17.0532,24.1068,0.200159
16.9616,25.087,0.484283
16.9896,25.9133,-0.0581011
16.9708,26.8689,-0.409729
16.8864,27.7828,-0.0461165
17.1615,28.7077,0.251064
18.1114,2.90417,-0.428153
18.0368,3.81727,-0.101654
18.2108,4.79466,-0.174105
18.0829,5.76158,-0.465328
18.0609,6.72076,-0.142265
18.1179,7.72367,-0.433436
18.1424,8.76674,-0.615091
18.1314,9.8284,-0.740428
18.1559,10.8148,-0.739439
18.178,11.845,-1.10074
18.2599,12.8884,-1.09519
18.139,13.8802,-1.32194
18.0701,14.0653,-2.32596
18.2221,14.7232,-1.53707
18.0854,14.7949,-2.5226
18.0427,15.4527,-1.78931
17.9432,16.3603,-1.27419
17.8359,17.3069,-1.03786
17.9432,18.3043,-1.03842
17.9744,19.1339,-0.459181
18.0005,20.1609,-0.415751
18.0258,21.1356,-0.315387
18.1323,22.1396,-0.369021
17.9833,22.97,0.194928
18.127,23.9632,0.217566
18.0524,24.9973,0.357112
18.0146,25.96,0.0825526
17.999,26.8563,-0.343107
17.9457,27.8176,0.00199286
18.1612,28.8479,0.135643
19.1746,2.82733,-0.467959
19.0731,3.71716,0.0342448
19.2679,4.69937,-0.116221
19.1257,5.66619,-0.312329
19.0912,6.64247,-0.334764
19.1573,7.62541,-0.554427
19.1891,8.63514,-0.499313
19.1484,9.64386,-0.635557
19.1815,10.6744,-0.788965
19.215,11.6967,-1.00098
19.2619,12.7659,-1.14012
19.1647,13.7846,-1.19485
19.1341,13.8771,-2.21484
19.2054,14.6913,-1.58756
19.1785,14.7992,-2.54048
19.1066,15.591,-1.84928
18.9661,16.3563,-1.17271
18.8852,17.3332,-0.828913
18.964,18.356,-0.927253
19.005,19.2039,-0.399924
19.0116,20.1937,-0.274239
18.9979,21.1958,-0.321519
19.115,22.192,-0.449461
18.9634,23.0978,-0.0487014
19.147,24.0649,0.189206
19.0846,25.0133,0.492657
19.0235,25.853,-0.0415265
19.0045,26.8292,-0.448296
18.9488,27.7278,0.0432112
19.0182,28.5988,0.561022
20.1195,2.49567,-0.336036
20.1237,3.38655,0.0945463
20.2512,4.36181,-0.133515
20.0689,5.34054,-0.314139
20.0864,6.32233,-0.572042
20.1791,7.34718,-0.665905
20.1949,8.36905,-0.473269
20.1119,9.33387,-0.758049
20.1807,10.3605,-0.770431
20.1838,11.3552,-0.748839
20.1352,12.2619,-1.15763
20.0682,13.2737,-1.10186
20.1291,13.4429,-2.09195
20.1171,14.2475,-1.48252
20.1826,14.9129,-2.21651
20.0766,15.5999,-1.48951
19.9395,16.4741,-1.04111
19.8997,17.4192,-0.693878
19.9875,18.3542,-1.05979
20.013,19.2075,-0.540889
20.0159,20.1184,-0.162618
19.9881,21.1205,-0.174291
20.1056,22.1236,-0.264382
19.9453,23.1235,-0.257274
20.0733,23.8447,0.462151
20.0929,24.8421,0.293786
20.0652,25.7507,-0.110071
20.004,26.6224,-0.631886
19.9263,27.5451,-0.272738
20.0183,28.4323,0.226347
21.1387,2.28122,-0.376446
21.0989,3.10367,0.182641
21.2822,4.05402,-0.157564
21.0333,5.01372,-0.382794
21.0797,6.04704,-0.423237
21.1437,7.10057,-0.537757
21.1924,8.11397,-0.410123
21.0697,9.01714,-0.776019
21.0234,9.94616,-0.392944
21.0853,10.9129,-0.722132
21.0803,11.9344,-0.970626
21.0048,12.9217,-1.02706
21.1649,13.1836,-1.97917
21.0559,13.9119,-1.29213
21.1252,14.7135,-1.90742
21.0584,15.403,-1.1158
20.8922,16.3522,-0.736082
20.8953,17.303,-0.381054
20.9756,18.2239,-0.722687
21.0181,19.1963,-0.572063
21.0757,20.1545,-0.180038
21.0294,21.1491,-0.13704
21.1198,22.1359,-0.365133
20.9932,23.1284,-0.0461806
21.0931,23.8489,0.623099
21.1096,24.7451,0.183084
21.0525,25.6428,-0.251823
21.0423,26.6186,-0.578506
20.9676,27.5935,-0.442073
21.0887,28.4564,0.0842738
22.099,1.86841,-0.289828
22.0651,2.81565,0.0786431
22.2958,3.7889,-0.277697
22.0176,4.79048,-0.176223
22.0794,5.80321,-0.178466
22.0859,6.7521,-0.360451
22.1697,7.76323,-0.310669
22.0426,8.73431,-0.582965
22.0257,9.70164,-0.282571
22.0881,10.6824,-0.577123
22.0065,11.6947,-0.58432
21.9867,12.6792,-0.72316
22.0824,12.8606,-1.70711
22.0241,13.7071,-1.15047
22.1019,14.6297,-1.59961
22.0447,15.3286,-0.870537
21.9503,16.3388,-0.898035
21.8826,17.1692,-0.361367
21.9102,18.1469,-0.387973
22.0327,19.2226,-0.323643
22.0338,20.1989,-0.0384625
21.9626,21.051,-0.504413
22.1547,22.0606,-0.43567
22.0347,22.9275,0.0496689
22.0827,23.8259,0.56896
22.0982,24.6821,0.000436415
22.0305,25.6509,-0.0402722
22.007,26.6494,-0.319553
21.9794,27.6418,-0.335417
22.0712,28.5614,0.148958
23.1004,1.58796,-0.210813
23.0065,2.60571,-0.28359
23.2393,3.54954,-0.552229
22.9945,4.45686,-0.144398
23.0646,5.47941,-0.255583
23.0977,6.52408,-0.208127
23.2425,7.50969,-0.22024
23.022,8.37113,-0.705664
22.9619,9.32892,-0.411109
23.0825,10.3287,-0.564177
22.9904,11.3297,-0.553407
23.0514,12.3697,-0.60499
23.0882,12.8073,-1.50899
23.0849,13.7047,-1.01691
23.15,14.6039,-1.47351
23.0403,15.2367,-0.631864
22.9639,16.3037,-0.746092
22.884,17.2864,-0.531419
22.8723,18.2018,-0.117368
22.9267,19.155,0.0950774
23.0549,20.1539,0.00217902
22.9302,21.078,-0.462456
23.0976,21.9792,-0.0780847
23.095,22.9313,0.208853
23.0788,23.8873,0.556957
23.1142,24.8378,0.0912687
23.0477,25.8326,-0.188583
23.0685,26.8315,-0.212217
22.9583,27.7563,-0.621961
23.0816,28.4687,0.0972777
24.1548,1.55958,-0.241417
24.0193,2.57351,-0.236143
24.2504,3.47842,-0.555504
23.9699,4.25072,0.107205
24.0395,5.13268,-0.32194
24.0709,6.13144,-0.123289
24.1879,7.12079,-0.388708
23.9688,8.15088,-0.409201
23.9586,9.14347,-0.25851
24.1425,10.1314,-0.402216
24.0252,11.1282,-0.280474
24.0421,12.1088,-0.495544
24.0739,12.6243,-1.35513
24.1325,13.5363,-0.971212
24.1453,14.4786,-1.34696
24.1072,15.1649,-0.611112
24.0289,16.2086,-0.77835
23.8742,17.1811,-0.424723
23.9102,18.1239,-0.0485458
23.9359,19.113,0.0535142
23.9605,20.0285,-0.342692
23.9819,21.0347,-0.58392
24.1278,21.836,0.00854213
24.0912,22.8451,0.222486
24.1134,23.8858,0.332121
24.1023,24.7416,-0.21616
24.053,25.7482,-0.296878
24.0885,26.7342,-0.206989
23.9753,27.7018,-0.447182
24.0521,28.2954,0.338725
25.1345,1.29466,-0.306449
24.9864,2.28801,-0.371267
25.238,3.28891,-0.64883
24.9621,3.92808,0.102887
25.1138,4.90873,-0.180389
25.0181,5.86741,0.0862575
25.148,6.82469,-0.315076
24.9763,7.83482,-0.28048
24.9694,8.87956,-0.234208
25.1165,9.85197,-0.445576
24.9791,10.7888,-0.113529
24.9653,11.7969,-0.135762
24.9882,12.3211,-0.961867
25.1022,13.3702,-0.899796
25.1633,14.3761,-1.01126
25.1164,15.2648,-0.493115
25.0313,16.2015,-0.838301
24.9476,17.1575,-0.502811
24.9237,18.0414,0.00163579
24.9019,19.062,-0.212799
24.9981,20.0642,-0.410254
25.0037,21.0789,-0.274215
25.1458,21.9994,0.224522
25.0395,22.9545,-0.143385
25.1116,23.9647,-0.124311
25.0417,24.9337,0.112717
25.0149,25.9633,0.0697928
25.0891,26.838,-0.396747
24.9927,27.8635,-0.387606
25.0847,28.5285,0.298074
26.11,1.09477,-0.161632
26.0123,2.0692,-0.290124
26.1645,2.98807,-0.640956
26.0377,3.75061,0.0291147
26.1125,4.7692,-0.275909
26.0031,5.753,0.103476
26.1468,6.59337,-0.429853
25.9784,7.6003,-0.300656
25.9399,8.60407,-0.182369
26.0928,9.6532,-0.306906
26.0223,10.6719,-0.164394
25.9934,11.6505,-0.0244331
26.017,12.4252,-0.687088
26.0424,13.4172,-0.616449
26.111,14.4318,-0.702863
26.1092,15.2562,-0.133818
26.0945,16.1463,-0.64051
25.9569,17.122,-0.515473
25.9208,18.0807,-0.183889
25.8904,19.068,-0.457356
26.0493,20.0913,-0.495926
25.9693,21.1116,-0.44547
26.1229,22.0518,-0.0413739
25.9824,22.9757,-0.495169
26.1032,23.8662,0.00393078
26.03,24.8336,-0.0674062
25.9722,25.8018,0.134159
26.0727,26.793,-0.0550432
25.9978,27.7411,-0.388699
26.1216,28.5916,0.0968657
27.0652,0.81395,0.0642384
27.0231,1.75601,-0.183132
27.1404,2.64042,-0.615497
27.06,3.5637,-0.194772
27.1268,4.56247,-0.11583
26.9622,5.51464,-0.00796228
27.1311,6.40061,-0.337098
26.9253,7.35575,-0.00117496
26.9953,8.30987,-0.293313
27.0996,9.31669,-0.259639
26.9663,10.3332,-0.197836
27.0025,11.3612,-0.107541
26.9986,12.2756,-0.552208
26.9967,13.2388,-0.345302
27.108,14.2131,-0.471548
27.1092,15.1975,-0.336473
27.1474,16.1016,-0.772939
26.9919,17.0441,-0.47604
26.9814,18.0255,-0.202853
26.8946,19.0104,-0.233891
27.0773,19.9928,-0.30192
26.9689,20.9477,-0.585611
27.084,21.905,-0.320414
27.0589,22.9085,-0.608374
27.0674,23.7538,-0.0577288
27.0171,24.7884,0.0667379
26.9872,25.7545,0.244282
27.1363,26.7208,0.0557817
26.9908,27.6872,-0.123408
27.0805,28.6801,-0.0102206
28.0605,0.689074,0.327552
27.9966,1.36036,-0.35753
28.0546,2.32502,-0.263778
28.0009,3.27276,0.0490768
28.0666,4.30796,0.0976836
27.9728,5.27324,-0.0486984
28.1005,6.2705,-0.0652974
27.9922,7.29636,0.155727
27.9998,8.27494,-0.148546
28.1321,9.27802,-0.363805
27.9778,10.2456,-0.0947844
27.9854,11.1851,0.188644
28.0287,12.0671,-0.28359
28.0321,13.0884,-0.25034
28.1008,14.1011,-0.180526
28.0149,15.1204,0.104654
28.1151,16.0274,-0.447377
27.9842,17.02,-0.131529
27.9713,18.0215,0.0434217
27.9274,19.0027,-0.122095
28.0842,20.0174,-0.290863
27.9243,21.0399,-0.118638
27.9821,22.0368,0.151564
28.0287,22.919,-0.239378
28.0907,23.9242,-0.165227
28.0694,24.9029,0.155644
28.0035,25.8806,0.144179
28.1211,26.9061,0.0658895
28.0181,27.8942,0.167754
28.0745,28.9122,0.134419
28.9741,0.179134,0.102557
29.027,1.09469,-0.263723
29.0781,2.0593,-0.0742698
29.0284,3.10765,0.106992
29.0393,4.07558,0.0672628
28.9913,5.05059,0.273214
29.0926,6.07071,0.0739647
29.0108,7.06062,0.0850795
29.019,8.05246,0.106775
29.085,9.04691,-0.0999481
29.0283,10.0891,-0.0572466
29.0168,11.0722,0.223301
29.0098,11.9801,-0.185382
29.0127,12.9764,0.00102847
29.0926,14.0057,0.118845
29.0061,15.0104,0.0230628
28.916,15.9812,0.167708
29.0238,16.9272,-0.0824366
29.0212,17.9272,-0.0023957
29.0237,18.9328,0.0134312
29.0185,19.9269,0.0736076
29.0235,20.9584,-0.0480422
29.032,21.9427,0.0540056
29.0172,22.9552,0.0810663
29.0248,23.9885,0.198306
29.0343,24.9616,-0.0797082
29.003,25.9703,-0.00591754
29.1068,26.9979,-0.0879604
29.0122,28.0029,0.0810266
29.0523,28.9781,-0.0634632
