0.0143101,0.0279885,-0.0993957
0.995071,-0.0276894,0.207279
1.94082,-0.00952788,-0.147533
2.93804,0.00192572,-0.121387
3.95952,-0.000598163,-0.148778
4.96713,0.0667837,-0.0825007
5.93909,0.014774,-0.0321085
6.94895,0.0109531,0.119495
7.96534,0.00821863,0.0201025
8.92705,0.0453291,0.0643361
9.92002,0.050148,0.0758202
10.9144,-0.00798669,0.0693899
11.9111,-0.0106204,-0.134574
12.9193,-0.0210547,0.0886044
13.9238,-0.00265206,0.0786004
14.9542,0.011539,0.0523789
15.9547,-0.0358592,-0.158873
16.9651,-0.0186804,0.108173
17.9958,0.00625629,0.079696
19.0211,-0.00722068,-0.190387
0.0306619,1.02569,-0.0941465
1.10183,0.965764,-0.0349132
2.11079,1.0116,-0.267095
3.15656,0.97604,-0.200046
4.13512,0.948744,0.0277261
5.07618,0.973513,-0.405936
6.04181,0.98656,-0.0497269
6.9911,0.993262,0.206226
8.0546,1.02827,0.0411512
9.06398,1.02032,-0.0775475
10.0326,1.01193,-0.257067
11.0181,0.999554,-0.0255867
12.0317,0.996915,-0.0397931
13.012,1.00983,-0.012418
14.0004,0.976888,0.258397
14.9811,1.02322,-0.177371
15.9718,0.959093,0.0360851
16.9922,0.986206,0.30839
17.9901,1.0062,0.288998
19.0098,1.0268,0.0111057
0.0258156,2.0526,0.0352214
1.01293,2.01588,-0.0225288
2.01295,2.03482,-0.111075
3.00473,1.97931,0.0251015
4.02763,2.00908,0.0172887
5.03999,1.98772,-0.127613
6.04767,1.97122,-0.152794
7.05101,2.00699,0.0786065
8.0681,2.04777,0.0205756
9.07272,2.05013,-0.0434797
10.1122,1.98296,-0.088345
11.1155,2.00905,0.0705374
12.0655,1.9123,0.367513
13.064,2.00102,0.411332
14.0701,2.00625,0.287402
14.9696,2.04204,-0.185607
15.957,1.99497,0.0739006
17.0363,1.94227,0.105695
18.0146,2.02929,0.201904
19.0129,2.00494,0.0991119
0.0438368,3.03051,-0.149913
1.05388,3.01396,-0.100681
2.05809,2.98688,-0.289404
3.05043,2.97258,-0.0449049
4.06029,3.00873,0.330985
5.05217,2.96675,0.119324
6.04783,2.94183,0.0340953
6.99938,3.02933,-0.179174
8.05636,3.07041,-0.21261
9.10109,3.02823,-0.316779
10.0402,2.99281,0.0276833
11.0271,3.01477,0.156957
12.0405,2.85495,-0.0163152
13.0929,2.95115,0.16946
14.0704,3.0129,0.0597339
15.055,3.05285,-0.149416
16.0827,2.96911,-0.213547
17.0138,2.9537,0.13184
18,3.0064,-0.017307
18.9599,3.03233,0.204376
0.0498215,4.05061,-0.0863948
1.125,4.0235,-0.0836573
2.0535,4.0062,-0.43357
3.09379,3.91351,-0.472832
4.02734,3.98685,-0.124375
5.01801,3.93649,0.124757
6.01549,3.94834,0.169143
7.0594,4.03621,0.100693
8.09212,4.05783,0.107764
9.09005,3.93053,0.0352672
10.0444,3.99251,0.26328
11.0036,4.02016,-0.0371136
11.9872,3.87649,0.0537767
12.9795,3.92739,0.322407
14.006,4.01018,0.138777
14.9851,4.04683,-0.304624
15.9911,4.00604,-0.00702536
17.0056,3.96438,-0.0621754
18.0088,3.9848,-0.247301
19.0189,3.97708,-0.0613971
-0.00639973,5.11493,-0.182186
0.979415,5.01771,-0.0357219
2.01905,4.99973,-0.21106
3.00844,4.98114,-0.397562
3.98223,5.01441,-0.212784
5.00931,4.89585,-0.12515
5.98323,4.8803,-0.0479415
6.96038,5.03857,0.242405
7.89398,5.04355,-0.0890805
8.96533,4.96387,0.108127
9.98115,4.9925,0.233274
10.9086,5.00215,-0.142689
11.8879,4.87307,0.0286447
12.8904,4.86781,-0.0980682
13.936,5.00277,-0.097351
14.9138,4.96887,0.0134892
15.8831,4.9952,-0.0717765
16.9283,5.00185,-0.0193579
17.9844,4.95448,0.152147
18.9212,4.97647,-0.104178
0.0476821,6.08947,0.0770348
1.01429,6.03844,-0.177154
2.05297,6.0133,-0.174865
3.0921,6.00801,-0.181664
4.11145,6.0154,-0.208975
5.10859,5.88055,0.130207
6.10593,5.9002,0.158174
7.04392,5.99459,-0.259606
8.01912,6.1086,0.0557054
8.99454,5.97289,-0.103586
10.0108,5.94201,-0.179043
11.0207,6.03623,-0.235575
11.962,5.89537,0.0614368
12.9887,5.91078,-0.0520707
13.9751,6.09488,-0.183972
14.9286,5.9955,0.0937681
15.9695,6.01462,-0.0285592
16.9906,6.01086,0.00608844
17.9896,5.962,-0.167864
18.9748,6.03491,-0.178384
0.0164098,7.11398,0.0989441
0.987252,7.05874,-0.0983642
2.02955,7.02669,-0.12548
3.01757,7.03179,-0.00509659
3.99838,7.04447,-0.22392
4.94871,6.84281,-0.0730888
5.96532,6.90019,-0.038551
6.96961,6.97841,-0.105029
7.97189,7.09374,0.0131077
8.92861,6.99273,-0.0795709
9.94059,6.93679,-0.0514267
10.9548,7.04736,-0.00314035
11.9454,6.88465,-0.113559
13.01,6.87859,-0.222211
14.0214,7.10624,-0.139482
15.0495,6.97485,-0.194433
16.0289,6.98435,-0.227409
16.9235,6.98701,0.228355
17.925,6.98086,0.00109561
18.9736,7.06211,-0.105405
-0.0162511,8.14913,-0.0135716
1.03169,8.03582,-0.0276833
2.10248,8.03794,0.0103366
3.06092,7.98213,0.294702
4.01104,8.06277,-0.237577
4.9341,7.82142,0.0315867
5.96012,7.9449,-0.120533
6.98132,8.01002,-0.0373486
7.99974,8.07448,-0.0932402
8.97608,8.03845,-0.0753075
9.94443,7.90766,-0.310407
10.9518,8.06347,-0.158275
11.9891,7.92274,-0.204621
13.0182,7.92982,-0.126838
13.9899,8.09916,-0.235215
14.9734,7.99972,-0.275597
15.9734,7.98672,-0.34041
16.9596,7.95534,0.0319193
17.9834,7.98021,0.160823
18.9958,8.07337,-0.00580462
0.00451064,9.18528,0.0877041
0.978945,9.0373,-0.0148106
1.99948,9.09315,0.0877651
3.04428,9.01256,0.17911
3.98464,9.05056,-0.221342
4.97731,8.81909,0.0811609
5.98198,8.99154,-0.124067
6.98122,8.99792,0.134544
7.96938,9.07311,-0.107462
8.98831,9.02336,0.0170721
9.99722,8.88176,-0.00204779
10.9886,9.11356,-0.227131
11.9736,8.91219,-0.337785
13.0192,8.956,-0.221329
14.0551,9.07724,-0.162181
15.0552,8.93047,0.144673
15.9611,9.03632,-0.304382
17.0016,8.9775,-0.0554918
17.9758,8.97623,-0.114173
18.9509,9.10678,0.051088
-0.0042024,10.2136,0.224528
1.01423,10.0847,-0.0719565
2.04264,10.1303,-0.15598
3.0296,9.96053,-0.191165
3.92047,9.99124,0.241597
4.97213,9.79587,0.0978179
5.97784,9.97543,-0.0398358
6.95943,10.0092,-0.137034
7.97526,10.0971,-0.259523
9.01061,10.0369,-0.108847
10.0051,9.91057,-0.0118137
11.0084,10.093,0.0267495
11.9815,9.95235,-0.20217
12.9609,9.96583,-0.19964
13.9594,10.0708,0.0471206
14.9669,10.0225,-0.0418287
15.9567,10.0504,-0.196536
16.9713,9.97102,-0.0535386
17.9788,9.97612,-0.224287
18.9976,10.0953,-0.112674
-0.0554155,11.2498,0.359941
0.942189,11.1417,0.104761
1.9232,11.0581,0.155278
2.93045,10.9438,-0.0312021
3.96948,10.9676,-0.0560595
4.94803,10.8714,0.138502
5.95691,11.0126,0.0181524
6.91719,10.992,0.237373
7.90362,11.051,0.132469
8.93259,11.0685,0.0851314
9.90642,10.9381,0.115543
10.9437,11.1271,0.0758599
11.9146,10.9774,-0.0405622
12.9391,10.8909,0.180789
13.932,11.0644,-0.118186
14.9144,11.0219,-0.357305
15.904,11.0503,-0.10376
16.9025,10.9879,0.00372936
17.9477,11.0392,-0.0464156
18.9577,11.092,0.267129
-0.0143193,12.2331,0.192785
0.994693,12.1749,0.116199
1.96801,12.0464,-0.0349345
2.96308,11.9847,0.0733055
3.98877,11.9289,0.229795
4.98027,11.9143,0.0602557
5.96498,12.0814,-0.190384
6.93649,12.0059,-0.0498886
7.88815,12.0967,0.21193
8.94682,12.0659,0.3536
9.94432,11.9637,0.285705
10.9021,12.205,0.172002
11.8817,11.9831,0.117353
12.9319,11.92,0.115995
13.9521,12.0591,0.0902676
14.9873,12.0141,0.0341319
16.0019,12.0865,-0.0174444
16.9993,12.0039,0.0150243
18.0041,12.0793,0.0486679
19.0088,12.0032,-0.106644
-0.0367229,13.1967,-0.0675405
1.01874,13.1259,-0.1686
2.01991,13.013,-0.335832
2.96002,12.9939,0.0329691
4.00889,12.8845,-0.0376659
5.00377,12.9488,-0.0557024
6.02551,13.0612,-0.176983
7.02061,13.0233,0.0965361
7.97949,13.0834,0.318311
9.01418,13.0615,0.434086
10.032,12.9369,0.504547
11.0213,13.0759,0.640278
11.9754,13.0257,0.261953
13.0091,12.9611,0.488955
13.9943,13.0924,0.344804
15.0072,12.9832,0.311661
16.0025,13.0366,0.144642
17.0089,13.0169,0.0778466
18.0377,13.0605,0.056151
18.9865,12.955,0.245625
0.0470138,14.1934,0.057329
1.03724,14.1622,-0.178689
1.97123,13.9129,0.102799
3.02895,14.0265,-0.0518418
3.97877,13.8627,-0.28406
4.94632,14.042,-0.0128483
5.922,14.0777,-0.0512864
6.97187,13.989,-0.19649
8.04303,14.0166,-0.089404
9.01494,14.0204,0.129545
9.96252,13.9359,0.461373
10.98,14.0037,0.249831
12.0061,14.0289,0.224
12.9701,14.0137,0.372359
13.9293,14.0867,0.647267
14.9571,14.0001,0.444527
15.9722,14.0195,0.476531
16.9593,14.0321,0.304688
18.0223,13.9894,0.364843
19.001,13.9811,0.0893338
0.0651509,15.1825,0.205902
1.06071,15.0967,0.149306
2.07406,14.9125,-0.0508683
3.03408,14.9971,-0.245494
4.01294,14.8688,-0.396823
5.05051,15.0324,-0.299194
6.05738,15.1651,-0.0320994
7.02035,15.0248,-0.241835
8.0393,15.0267,-0.113633
8.9595,15.003,0.325837
9.92779,14.91,0.11529
10.8992,14.995,0.105023
11.8937,15.0256,0.343306
12.9615,15.0484,0.421546
13.9308,14.9931,0.287075
14.9791,15.0315,0.404074
15.9821,15.0524,0.336415
16.9816,15.0235,0.224836
18.0475,14.96,0.19931
19.0195,14.9826,0.170766
-0.0181372,16.1458,0.0132664
1.00938,16.1253,0.0553331
1.86983,15.8916,-0.411731
2.89408,15.9472,-0.617368
3.89417,15.9129,-0.480581
4.89169,16.0279,-0.336827
5.88057,16.1299,-0.327342
6.90156,16.0405,-0.159923
7.89192,15.9762,0.14264
8.94975,16.0039,0.118287
9.95917,15.9365,0.0164708
11.0119,15.971,0.0381787
12.0343,15.9772,0.0898831
13.0067,16.079,0.461467
14.0395,15.9777,0.211347
15.0313,16.025,0.122828
16.0235,16.0411,0.415232
17.0023,16.0278,0.186493
17.9936,15.9984,0.0989227
19.0104,15.9463,-0.187252
-0.0199957,17.1492,0.0335093
0.938118,17.0522,-0.330799
1.92147,16.9679,-0.387518
2.89644,16.9393,-0.259261
3.90985,16.8901,-0.0619251
4.91051,16.9513,0.0739677
5.93285,17.0241,0.0602313
6.90248,17.0004,-0.232783
7.87917,16.9338,-0.0714316
8.87598,16.9929,-0.100949
9.95481,16.948,-0.0230476
10.9512,16.9418,0.198395
11.9453,16.9563,0.165548
12.9301,17.0487,0.325303
13.9801,16.9959,0.405094
14.9988,17.008,0.300204
16.0117,16.9792,0.0682333
17.014,17.0308,0.270907
17.953,16.9718,-0.116117
18.9761,16.9521,-0.0160558
-0.04232,18.074,0.388815
0.729914,18.0522,-0.21641
1.79028,17.9876,-0.285736
2.8213,17.9633,-0.260002
3.84309,17.9016,-0.0629963
4.89698,17.9756,0.0834712
5.87779,18.0041,0.301544
6.85855,18.0291,-0.0617512
7.88793,17.9533,-0.0205542
8.89152,18.0471,-0.147041
9.91841,17.9677,0.00918912
10.9282,17.9744,0.183212
11.9402,18.0063,0.231233
12.9101,18.0228,0.165123
13.9544,17.9784,0.236082
14.9314,18.0066,0.05215
15.9798,18.0072,0.0701956
16.975,18.0208,0.110956
17.9749,17.9881,-0.242613
18.9812,17.9887,-0.235469
0.043318,18.9838,0.0424512
1.02466,19.0049,-0.268627
2.01314,18.9518,-0.0691397
2.98554,18.9323,-0.143535
4.01108,18.9749,0.0742119
4.99326,18.963,0.0474715
6.01003,18.9537,0.00128178
7.02092,19.0052,0.164519
8.04752,18.9832,-0.0917753
9.04876,19.0149,0.0406507
10.0578,19.0033,-0.124198
11.0408,18.9818,0.224992
12.007,18.9766,-0.000238044
12.9891,19.0174,0.174065
14.0142,18.9703,0.0332224
15.0034,18.9879,0.184701
15.9961,18.9754,0.24525
16.9237,19.0273,-0.098645
17.9498,19.0306,-0.197369
18.9931,18.9854,-0.0417768
