-0.000317392,-0.00111087,-0.0943266
1.01342,0.0341288,0.198367
2.00725,-0.0468978,0.311689
3.07622,-0.0128513,0.2434
3.9685,-0.00999786,-0.197754
4.96282,0.000955229,-0.0382061
5.96711,0.0434462,-0.169915
7.0267,0.0496475,-0.110575
8.06846,-0.0418195,-0.260601
9.06815,-0.0194098,0.0338572
10.1031,0.0154424,0.027253
11.0987,-0.0120365,-0.266854
11.9833,0.003296,0.270248
13.0355,-0.00109867,0.00814844
14.0201,-0.0397076,0.238438
15.0136,0.0101962,-0.0763237
15.9645,0.0526444,0.0781213
16.9981,0.0071688,-0.159536
17.9882,0.00836818,-0.110862
18.9812,0.00562761,0.0365551
-0.0209632,0.928474,0.201926
0.971493,1.0217,0.356087
1.98388,0.930268,0.029722
3.04251,1.00317,-0.0752709
4.06546,1.00906,-0.103531
5.0587,1.01107,-0.159648
6.05813,1.05541,-0.192126
7.05367,1.08432,-0.0100772
8.09351,0.898544,0.0450575
9.09393,0.994711,0.0761101
10.0475,1.03646,-0.211612
11.0056,0.916349,0.0816248
11.9645,0.946678,-0.0939787
13.0064,1.04075,-0.0438032
14.0205,1.01657,0.153938
15.0534,0.987631,0.10163
16.0687,1.05996,0.0477462
17.0292,1.00485,-0.157317
18.0189,1.00842,-0.179168
19.0444,1.01956,-0.19776
0.0106876,1.9149,0.0902554
1.00386,2.06835,0.214472
1.97599,1.93548,-0.0469375
3.03074,2.01935,-0.192459
4.02703,2.07364,-0.023072
5.0426,2.0126,-0.0458571
5.99936,1.99594,0.151308
7.02015,2.14801,0.222614
8.01423,1.89529,0.142689
9.00709,2.01284,0.139012
9.95438,2.03633,-0.243477
10.9478,1.98288,-0.0181005
11.9483,1.95716,0.232774
12.954,2.07817,0.217444
14.0164,1.97631,0.359316
15.0539,1.99853,0.284194
16.0224,2.08228,-0.0195807
17.0499,2.01618,0.0608783
18.0236,2.02872,-0.108966
19.0149,2.04382,-0.148796
-0.0244362,2.92502,0.0363445
0.956072,2.92417,-0.278683
1.94307,2.93381,-0.0445021
2.98933,3.02435,0.210501
3.87562,3.05988,-0.260924
4.91307,3.05763,-0.143171
5.94384,3.01332,-0.0372112
6.99353,3.11404,-0.00366527
7.97359,2.91653,-0.0105991
8.99511,3.00966,-0.0808985
10.0037,3.01129,-0.173626
10.9087,2.98332,0.231007
11.9072,2.94631,0.0759545
12.8987,3.10929,0.0757073
13.9005,2.96559,0.168902
14.9257,3.00462,0.0742851
15.9354,3.03082,0.235713
16.9479,2.98235,0.00195624
17.9694,3.02649,0.00870998
18.987,3.07949,-0.0630604
0.00649739,3.98459,0.0463363
0.962059,3.96999,-0.297232
1.97788,3.99409,-0.151134
2.95775,4.07597,0.0199011
3.9734,4.04839,-0.0891842
5.01819,4.07829,-0.0874844
6.01233,4.03143,-0.08652
7.08832,4.11272,-0.127055
8.09015,3.9056,-0.109378
9.07,3.96171,-0.309116
9.99113,4.02998,0.0126835
10.9831,3.95163,-0.0760094
11.9645,3.95137,-0.0230934
12.981,4.09372,-0.0827723
14.0043,3.96738,0.0918485
14.9895,4.02513,0.193286
16.0411,4.03552,0.167888
17.0391,3.99078,0.0723655
18.0094,3.9824,0.295419
19.016,4.00673,0.317933
0.0192541,4.98941,-0.0244972
0.952477,4.95425,-0.448134
1.90927,4.96895,-0.137645
2.94739,5.06783,-0.00402539
3.98588,5.01555,0.175628
4.94414,5.08517,-0.12414
5.92484,4.96563,-0.406055
6.85651,5.07283,-0.0199377
7.88473,4.93896,-0.15287
8.92261,4.97159,-0.307608
9.97097,4.99416,-0.293918
11.0164,4.96219,-0.177062
12.0096,4.97439,0.0202338
12.9673,5.08259,-0.195071
13.9672,4.98799,0.0636006
14.9786,5.02189,0.112259
16.0031,5.02334,0.167067
17.0157,5.00461,0.0225043
18.0355,4.92939,-0.034373
19.0015,5.03393,0.297757
0.00883816,6.00606,-0.160009
1.00505,5.95053,-0.232698
1.99784,5.97347,-0.239268
2.87331,6.13886,0.126325
3.88832,5.97079,-0.0841884
4.92221,6.06179,-0.0195868
5.8536,5.92932,-0.291324
6.90817,6.01977,-0.234172
7.93405,5.97346,-0.240815
8.97395,5.99748,-0.124094
10.0506,6.00376,-0.269848
11.063,5.98935,-0.17615
12.1423,6.00175,0.0363659
13.1554,6.01433,0.297205
14.115,5.99772,-0.042964
15.0483,5.97819,0.346498
16.0397,5.98751,0.428028
17.0361,5.98214,0.354338
18.0558,5.8587,0.388522
18.9973,6.0743,0.0728904
-0.0144963,7.05517,-0.00440077
0.94861,6.98097,-0.281567
1.93309,6.98709,-0.431886
2.92685,7.05409,-0.353456
3.98179,6.98352,-0.094586
4.97123,7.10145,-0.123591
5.94276,6.9353,-0.263402
6.95672,6.95809,-0.484478
7.94859,6.97297,-0.388458
8.96082,6.99253,-0.188638
10.0257,7.05081,-0.130729
11.0572,6.98609,0.0170232
12.0527,6.98621,0.189608
13.0528,7.01335,0.275774
14.0674,6.97965,-0.021427
14.9965,6.97247,0.338365
15.9808,6.99625,0.510642
16.9925,6.98673,0.380026
18.0217,6.85932,0.41037
18.945,7.03837,-0.0471023
-0.0673269,7.99737,-0.302472
0.96505,8.01803,-0.279629
2.02226,8.04208,-0.370431
3,8.05869,-0.256563
4.05129,7.98965,-0.355519
5.04758,8.08298,-0.017539
6.01641,7.94571,-0.261653
7.0545,7.93677,-0.254018
8.03996,7.98888,-0.297705
9.06188,8.03481,-0.343199
10.0796,7.98127,-0.522507
11.0872,7.94022,-0.322877
12.0688,7.99899,-0.0938444
13.0748,7.95623,-0.00341502
14.1041,7.94526,0.102719
15.1116,7.98927,0.057091
16.1235,7.93187,0.159554
17.0157,8.0085,0.659496
17.9293,7.86056,0.291079
18.9334,8.04861,0.149782
0.0313578,8.98076,-0.01807
1.03649,9.00377,-0.0886441
1.99435,8.92641,0.159728
2.95538,9.02815,-0.19487
4.01422,9.07385,-0.230976
4.98574,9.11903,0.0394848
6.0181,8.90591,-0.0189917
7.01076,8.97232,-0.276092
8.04845,9.00693,-0.18066
9.02424,9.02907,-0.401682
10.0208,8.9678,-0.396042
11.0859,8.96788,-0.358989
12.05,8.96895,-0.247429
12.9831,8.95216,0.102527
14.0654,8.9749,0.0263009
15.0772,9.01783,0.0470473
16.0559,8.91669,0.235759
16.9897,9.00717,0.543522
17.9362,8.86052,0.248045
19.0098,9.00787,0.162224
-0.0275704,10.0495,-0.127903
0.982073,9.99131,-0.127372
2.02666,9.89254,0.060979
3.01544,10.062,0.119816
3.97149,10.0639,-0.301764
4.97212,10.0964,-0.140364
6.02065,9.94405,-0.155956
7.034,9.98414,-0.135282
8.04112,10.0049,-0.263906
9.07159,10.081,-0.242936
10.0728,9.95,-0.402966
11.0376,9.93479,-0.112229
12.0913,9.96169,-0.179241
13.0063,9.95954,0.252824
14.0533,9.93162,0.287628
15.0681,10.0437,0.151384
16.0732,9.9412,0.196399
17.0776,9.86152,-0.00905179
17.9904,9.90179,0.468386
19.0055,10.0232,0.293023
-0.134919,11.0147,-0.439073
0.900021,10.9646,-0.316123
1.91541,10.8354,-0.244285
2.96719,10.9728,-0.264095
3.97431,11.0468,-0.422959
5.0038,11.0855,-0.176135
6.00087,11.032,-0.142259
6.98048,11.0667,-0.141331
8.03487,11.0489,-0.217292
8.98324,11.0698,0.0325327
10.0255,10.9489,-0.167183
10.9952,10.9019,0.155269
11.9827,10.9132,0.0695639
12.9903,10.9481,0.258391
14.0312,10.9359,0.166271
15.0331,11.1146,0.11305
16.0708,10.9998,0.228022
17.0525,10.8327,0.124079
18.0506,10.8574,0.16813
19.043,11.0192,0.297909
0.0483505,11.8502,0.0571825
1.03801,11.9725,-0.174511
2.06492,11.8088,-0.177413
3.05422,11.9716,-0.303681
4.06971,12.0008,-0.168374
5.08123,12.095,-0.146147
6.10674,12.0753,-0.10661
7.05021,12.0038,0.165163
8.02249,12.0775,-0.0717154
9.05112,12.0648,0.0226142
10.0863,11.9722,-0.123389
11.1214,11.9344,0.157775
12.156,11.9523,-0.0382153
13.1006,11.9483,0.300845
14.1293,11.9147,0.0510239
15.1266,12.1332,0.209238
16.1098,12.0277,0.260155
17.0971,11.8407,0.293042
17.9991,11.7928,-0.139598
18.9578,12.0382,0.0951659
-0.0528184,12.837,-0.289422
0.967483,12.9672,-0.277319
1.96973,12.8486,-0.144407
2.96812,12.984,-0.0210608
3.97638,12.9812,-0.206214
5.03287,13.1018,-0.186306
6.06271,13.0514,-0.186828
6.95882,12.9729,0.329994
7.97352,13.0386,0.161834
8.9624,13.0086,0.373473
9.92444,12.9801,0.0336283
10.9549,12.9321,0.137953
11.9501,12.9424,0.0650319
13.0023,12.9341,0.131556
14.0151,12.9126,0.0291849
14.9696,13.1344,-0.132936
15.9655,12.9684,-0.0551164
16.9521,12.8609,0.25833
17.9966,12.8107,0.0277352
18.9703,13.0517,-0.136924
0.0384289,13.8628,-0.148881
1.03165,13.9769,-0.0995819
2.03315,13.9039,-0.0985778
3.04326,14.0331,0.103974
3.94999,13.9789,-0.311252
4.94162,14.0532,-0.442027
5.99521,14.0744,-0.342494
6.84642,13.978,0.185525
7.8251,13.9962,0.126362
8.86436,14.0158,0.0839076
9.89383,14.0142,-0.0324717
10.893,13.9432,0.0386578
11.921,13.9237,0.0201025
12.9632,13.9357,0.169662
13.947,13.8717,0.331925
14.9818,13.9906,0.400333
15.9786,13.9912,0.165139
16.9848,13.9091,0.274749
17.9958,13.8854,0.189016
18.9981,14.051,0.0281564
-0.0117527,14.8795,-0.12779
0.97163,14.9946,-0.0013245
1.98664,14.9447,-0.0488144
2.98751,15.0091,-0.25407
4.04639,15.0212,-0.388412
5.07882,15.0901,-0.495596
5.94068,15.0033,-0.0744285
6.95806,14.9683,0.0541063
7.96101,15.0004,0.0751762
8.94514,15.0514,-0.120161
9.99986,15.0101,-0.112256
11.0938,14.9406,0.0299234
12.1025,14.9414,0.024897
13.1103,14.9656,0.107999
14.0574,14.8599,0.299875
15.0672,15.0099,0.226612
16.1112,14.9831,0.417536
17.1327,14.8813,0.634547
18.0937,14.8676,0.293902
19.0027,15.0525,-0.0638905
-0.0171484,15.8732,0.147359
1.00824,15.9684,-0.100931
2.03284,15.9734,-0.150896
3.00223,16.0383,-0.377282
4.05664,16.0252,-0.24492
5.06702,16.1676,-0.354939
5.99566,16.0058,-0.0142247
6.98465,15.9247,-0.169414
7.9611,15.9999,0.144331
9.00316,16.0679,0.172063
10.0422,15.9793,0.262697
11.0048,15.9163,-0.0796808
12.0202,15.9831,0.264205
12.9849,15.9096,-0.0177007
14.0139,15.8907,0.214686
15.0081,15.9677,0.209333
16.0119,15.9498,0.139979
17.0038,15.8934,0.41829
17.998,15.8468,0.11594
18.9754,16.0872,-0.122788
0.00720847,16.9056,0.0322092
1.03622,16.9582,0.0455672
2.02413,16.9962,-0.205457
3.01815,16.9815,-0.01807
4.02069,17.0165,-0.155596
5.03438,17.122,-0.0285836
5.97397,16.9786,0.303485
6.96349,16.9677,0.0798029
7.95107,17.0296,0.351891
8.97506,17.075,0.261379
10.0345,17.0025,0.248479
11.0609,16.8935,0.265822
12.0652,17.0352,0.0875576
13.0638,16.9543,0.0789544
14.07,16.9563,0.265148
15.1085,16.962,0.40745
16.048,16.9608,0.0707633
16.9817,16.9546,0.430363
17.9702,16.8874,0.124769
18.9617,17.0747,0.0504715
0.000695822,17.9749,0.00021363
0.995877,17.9995,-0.0495956
1.96938,17.9947,-0.271206
2.99509,18.0094,0.0440504
4.0084,18.0229,-0.154305
4.97846,18.1003,0.182199
6.01036,18.0345,0.37423
7.00417,17.9595,0.413089
8.04385,18.0362,0.55211
9.05394,18.0961,0.456087
10.0568,18.0249,0.255443
11.0541,17.9606,0.200488
12.0601,18.0781,-0.000457778
13.043,17.9575,0.00052797
14.0301,17.9759,0.0344432
14.9879,18.0171,0.336253
15.984,17.9895,0.263628
17.0507,17.9922,0.29288
18.0473,17.915,0.157976
18.9771,18.0159,-0.196606
-0.0165014,19.0029,-0.120313
0.964083,18.9888,0.175692
1.9875,19.0134,0.00829188
2.98895,18.9769,-0.163735
3.96859,19.0461,-0.309195
4.95289,19.0143,-0.162557
5.91205,19.0447,0.246654
6.943,18.9758,0.189453
7.93426,19.0416,0.387176
8.91421,19.0406,0.219868
9.96676,19.0077,0.200558
10.955,18.9996,0.053737
11.9266,19.0266,-0.230882
12.9869,18.983,-0.136543
14.0418,18.9734,0.144444
15.0093,18.9521,-0.0381634
15.9966,18.9766,0.0410077
16.9613,19.044,0.26635
17.9937,18.964,0.0702078
18.982,19.0352,-0.29238
