-0.0130467,-0.0340373,-0.0112766
-6.40889e-05,0.97112,-0.0140843
-0.00762963,1.94681,-0.0771874
-0.0146702,2.97343,-0.00502029
-0.000381481,3.99876,-0.0661855
-0.000619526,4.98491,0.0322489
-0.00337535,5.98927,-0.107419
-0.000976592,6.99863,-0.0871609
-0.007004,8.02453,0.07893
-0.00201727,8.99955,-0.0716727
-0.00876492,9.98453,0.078518
-0.00262764,11,-0.0658193
-0.00425123,12.0216,-0.0124607
0,13,0
-0.0111942,13.9686,-0.168322
-0.0085757,14.9772,-0.110141
-0.0102603,15.9908,-0.0434095
-0.0152532,17.048,-0.0441664
-0.00473952,18.0117,0.141475
0.0907071,19.1004,0.00645772
-0.00152287,20.0377,-0.110181
-0.00292367,21.0373,-0.050441
-0.00256355,22.0334,0.0500809
-0.00834071,23.0549,-0.0574633
-0.0148473,24.0283,0.143074
-0.000256355,25.0215,-0.00495621
-0.00859096,25.9899,0.191452
-0.00621052,27.0069,-0.0071749
-0.0175298,28.0069,0.0460463
-0.0228065,29.0372,-0.0167211
1.04883,-0.0305887,0.00467849
1.01082,0.984179,-0.255684
1.04626,1.95412,-0.198706
1.06357,2.93677,-0.0263894
1.1093,3.96118,-0.143867
1.01822,5.02751,-0.174969
1.0433,6.0198,0.110913
1.04825,7.04866,-0.0133641
1.03616,8.04991,0.102225
0.987719,9.08839,-0.0386059
1.0383,10.08,0.133979
1.06153,11.0685,-0.216492
1.0404,12.0133,0.202298
1.01039,12.9594,-0.153459
1.02307,13.962,-0.154711
1.06861,14.9604,-0.0429029
1.00605,15.9736,0.0523972
0.958882,16.9494,0.197635
0.961727,17.9178,-0.0451949
1.03918,18.8802,0.15992
0.934266,19.8801,0.299316
1.02245,20.9433,0.284851
1.02991,21.9461,0.166454
0.919282,22.9593,0.29367
0.972854,23.9622,0.0829402
1.04494,24.9962,0.0738578
1.04186,25.9868,0.251643
0.989306,26.9843,0.334269
0.963478,27.7886,-0.30304
0.976763,28.7697,-0.105991
2.01759,0.176864,-0.277471
2.03224,1.19153,-0.383273
2.11931,2.10884,0.00647908
2.05705,3.09798,-0.13715
2.10028,4.08355,0.0740074
2.10213,5.05577,-0.301184
2.05525,6.04703,-0.109168
2.08975,7.04208,0.0952727
2.05578,8.03077,-0.099234
2.0472,8.99774,-0.116984
2.04649,10.0014,-0.0668966
2.08935,11.0527,-0.127467
2.12835,12.0418,0.0788873
2.074,13.0398,-0.184216
2.02403,14.0125,-0.404813
2.02697,15.0111,-0.403812
1.98406,16.0099,-0.213932
1.99857,16.9138,0.216575
1.94049,17.9412,-0.0217078
2.03532,18.9483,-0.0989257
1.98494,19.9642,0.0564287
2.04354,20.9608,0.188992
1.96058,21.9062,-0.156185
1.94374,22.9345,0.0230232
1.9981,23.9382,-0.0595538
2.04617,24.9472,0.0695212
2.0426,25.9102,0.324699
1.94802,26.8854,0.135762
1.97035,27.7099,-0.454292
2.0247,28.6904,-0.214762
2.90761,0.535389,-0.0858272
2.98863,1.47215,-0.4583
3.1002,2.37241,-0.069042
3.00814,3.35935,-0.226252
3.01957,4.33458,-0.235203
3.08805,5.26946,-0.601679
3.09583,6.21249,-0.0384381
3.11084,7.18724,0.115995
3.09503,8.24715,-0.176785
2.97901,9.21413,-0.495407
3.04146,10.2279,-0.202338
3.12258,11.2561,-0.117731
3.08242,12.2594,-0.203674
3.09467,13.2306,-0.430119
3.04254,14.2139,-0.653786
3.06264,15.1306,-0.215763
2.97898,16.1521,-0.475454
2.9686,17.0702,-0.0331126
2.95382,18.1095,0.0765831
2.9088,19.0902,0.275896
2.9972,20.1139,0.204572
3.07006,21.1246,0.368566
3.00988,21.9939,-0.111258
2.92637,23.0131,-0.361812
2.98862,23.9606,-0.21355
3.06619,24.9369,0.140916
2.98346,25.9212,-0.0597888
2.94583,26.929,0.27224
2.97783,27.7151,-0.34156
3.09088,28.6722,-0.187957
3.73086,0.646559,-0.620142
4.01997,1.55953,-0.345766
4.1518,2.52425,-0.0654042
3.98432,3.48537,-0.259462
4.04142,4.54338,-0.278903
4.06991,5.59042,-0.418775
4.06308,6.57458,-0.24835
4.11306,7.53017,0.053737
4.0839,8.45502,-0.359386
4.04266,9.42046,-0.519452
4.04087,10.4667,-0.487292
4.20649,11.3986,-0.136512
4.04827,12.351,-0.546361
4.03096,13.3205,-0.828175
4.02185,14.3456,-0.858061
4.02534,15.34,-0.757247
4.01649,16.3031,-0.489132
3.975,17.0246,0.245665
3.92862,18.0262,0.398877
3.90255,19.0269,0.449648
3.97034,19.996,0.329386
4.13725,20.9756,0.37279
4.04166,21.8383,-0.127277
3.88968,22.8711,-0.00275582
3.96062,23.916,-0.0385052
4.08352,24.8819,0.173339
4.01294,25.8397,-0.171603
3.92087,26.8362,-0.0307108
3.96067,27.8171,-0.309861
4.14793,28.7506,-0.00511185
4.73288,0.987066,-0.568035
5.02787,1.88739,-0.380776
5.09333,2.88255,-0.305832
4.90664,3.84184,-0.0539567
5.03125,4.78567,-0.289557
5.09322,5.77812,-0.418088
5.12332,6.75139,-0.112415
5.08856,7.72152,-0.0948027
5.07959,8.69837,-0.182122
4.96399,9.70101,-0.236647
5.09216,10.6447,-0.539216
5.18058,11.6173,-0.322346
5.0102,12.4253,-0.902322
5.00747,13.4394,-0.850853
5.05999,14.4131,-1.17486
4.98579,15.379,-1.01466
5.04154,16.2913,-0.537446
4.96603,16.9679,0.22071
4.9431,17.9877,0.40163
4.86494,18.9351,0.0205878
4.99535,19.9459,0.10586
5.13096,20.9848,0.070098
5.0794,21.9622,-0.162749
4.89862,22.9264,0.0663411
4.98377,23.9312,0.00920133
5.1128,24.9564,0.102106
5.0232,25.9207,-0.0509598
4.96035,26.8894,0.0306162
4.82598,27.8026,0.264409
5.18889,28.6523,-0.184063
5.75836,1.29388,-0.589993
6.02947,2.17915,-0.214258
6.08386,3.14804,-0.359886
5.87502,4.10469,-0.116486
5.88966,5.07417,0.073159
6.07834,6.02078,-0.3742
6.08966,6.97998,-0.184783
6.10739,8.00234,-0.13755
6.04686,8.97406,-0.303681
5.91534,9.90271,-0.659069
6.12562,10.9249,-0.677514
6.16377,11.9046,-0.497583
5.98752,12.6681,-1.13713
6.03472,13.6944,-0.857332
6.00012,14.6382,-1.33974
6.00733,15.4716,-0.817573
6.02654,16.4186,-0.445637
5.96041,17.2378,0.177004
5.98277,18.2397,0.263366
5.84482,19.0835,-0.297467
5.99153,20.0568,0.105039
6.08705,21.0137,-0.168691
6.0684,22.0769,-0.140043
5.92322,23.0222,0.183944
5.99612,24.0152,0.00536515
6.0981,24.9972,0.242781
6.0862,25.9904,-0.0569475
5.90328,26.9666,-0.319001
5.82667,27.7843,0.291537
6.15809,28.3949,-0.45862
6.78511,1.58344,-0.55728
7.03241,2.50468,-0.235353
7.06947,3.46711,-0.144542
6.89769,4.49877,-0.159432
6.86615,5.48554,-0.0754479
7.00633,6.44449,-0.345625
6.96442,7.45698,-0.311695
7.03824,8.46139,-0.331867
7.00546,9.45549,-0.415143
6.85593,10.4139,-0.712217
7.00659,11.359,-0.805408
7.21119,12.3483,-0.742503
6.93256,13.0036,-1.42929
7.05305,13.9436,-1.10426
7.02168,14.7804,-1.70305
6.95357,15.6187,-1.10366
6.97002,16.6302,-0.832615
6.88395,17.4184,-0.211802
7.0142,18.3349,0.240931
6.84462,19.2124,-0.230354
6.97469,20.2244,-0.128632
7.08325,21.2605,-0.253407
7.00432,22.2205,0.178072
6.86776,23.1864,0.450621
7.02202,24.1247,0.141502
7.09815,25.1595,0.0213874
7.12845,26.1623,-0.154299
6.953,27.1257,-0.271099
6.85401,27.9241,0.308783
7.17194,28.3215,-0.557036
7.85068,1.91697,-0.652184
8.01174,2.77135,-0.131761
8.04773,3.76922,0.000277718
7.93523,4.74815,-0.227992
7.85675,5.7346,-0.27857
7.95121,6.80033,-0.41315
7.95424,7.83894,-0.403519
8.00356,8.88359,-0.477108
7.97255,9.88591,-0.451878
7.84988,10.8312,-0.957814
7.91236,11.8995,-0.861711
8.12368,12.862,-1.00782
7.86455,13.3617,-1.84047
7.92202,14.3359,-1.44483
7.93514,15.1076,-2.12543
7.97548,15.6635,-1.29767
7.97107,16.6613,-1.11887
7.91757,17.2115,-0.243233
7.94199,18.2139,-0.149361
7.87814,19.2277,-0.0642811
7.99263,20.2191,-0.16737
8.08601,21.1936,0.0530015
7.99161,22.2287,0.227497
7.85676,23.2393,0.106348
8.03985,24.243,-0.0579821
8.132,25.2052,0.0418928
8.05324,26.2075,0.220258
8.02578,27.0848,-0.338084
7.88601,27.8854,0.236006
8.1159,28.6169,-0.389001
8.80587,2.34471,-0.600439
8.99599,3.10503,0.0558428
8.99549,4.10947,-0.0799982
8.92769,5.17068,-0.0706381
8.77036,6.18598,-0.122791
8.89963,7.14001,-0.511631
8.91229,8.21376,-0.522407
8.95585,9.29265,-0.594861
8.89362,10.3444,-0.822138
8.74541,11.463,-0.968017
8.74275,12.5422,-1.03344
8.81868,13.6272,-1.14637
8.81251,13.6948,-2.18805
8.87211,14.6515,-1.66819
8.91872,15.2903,-2.50325
8.98927,15.5842,-1.53281
8.98944,16.5331,-1.20446
8.99414,17.1531,-0.378463
8.98691,18.155,-0.318549
8.94798,19.1522,-0.273812
8.95842,20.1615,-0.139003
9.08868,21.1568,0.110425
9.02682,22.2249,0.169735
8.91204,23.2339,0.205728
9.0294,24.1867,-0.0536393
9.13509,25.1185,0.230726
8.93831,26.0037,-0.189279
9.0165,26.9913,-0.396606
8.90442,27.6884,0.274908
9.11903,28.3499,-0.439445
9.81927,2.49481,-0.439012
9.93682,3.41701,-0.0102084
9.9541,4.43537,0.0588794
9.86102,5.48824,0.0647603
9.73528,6.48255,-0.0196356
9.84268,7.56406,-0.144163
9.91712,8.60825,-0.39397
9.96341,9.59451,-0.530137
9.90791,10.5792,-0.788586
9.78993,11.5422,-1.18233
9.75831,12.6044,-1.19553
9.81773,13.6844,-1.37793
9.84991,13.7392,-2.4828
9.90431,14.532,-1.83717
9.97688,15.2471,-2.59759
9.98633,15.3553,-1.60298
9.96547,16.2967,-1.25177
9.92782,17.1428,-0.704074
9.98611,18.1028,-0.375201
9.94906,19.13,-0.290851
9.96506,20.1164,-0.236268
10.0721,21.0934,0.00217292
10.0468,22.0876,0.225065
9.9703,23.0553,-0.0373302
10.0171,23.9965,0.271874
10.1265,25.0231,0.311469
9.93211,25.9795,0.120234
10.006,26.963,-0.1708
9.92275,27.9088,0.270092
10.1271,28.5037,-0.561962
10.8297,2.66015,-0.275793
10.917,3.65719,-0.0711142
10.9503,4.66324,-0.083874
10.873,5.75375,-0.0455428
10.765,6.74332,-0.0894406
10.8867,7.73649,-0.228364
10.9514,8.78384,-0.270937
11.0148,9.75293,-0.465612
10.929,10.7836,-0.808914
10.7935,11.8045,-1.03512
10.815,12.7773,-1.35511
10.8986,13.849,-1.48338
10.9106,13.8566,-2.50804
10.8869,14.7084,-1.98864
10.9678,15.3079,-2.83291
10.9504,15.4211,-1.79986
10.9707,16.3853,-1.35176
11.0095,17.2032,-0.750114
11.023,18.1104,-0.376681
11.0036,19.1226,-0.185214
10.9061,20.0705,-0.62136
11.0961,20.9958,-0.151271
11.0517,22.059,0.0503922
10.9835,23.03,0.0216407
11.06,23.9843,0.336796
11.1543,24.9547,0.205835
10.9633,25.9729,0.236753
11.0005,26.8709,-0.339213
10.857,27.8366,-0.177996
11.0541,28.8185,-0.270925
11.8414,2.89876,-0.326704
11.9251,3.84023,-0.0176702
11.9273,4.80408,0.0851283
11.8836,5.84431,-0.098645
11.778,6.86967,-0.210263
11.9445,7.85468,-0.390118
12.0189,8.91693,-0.533274
11.9863,9.9029,-0.720231
11.9372,10.8723,-0.844859
11.8471,11.9568,-0.976382
11.8838,12.9438,-1.32922
11.9239,13.9103,-1.67107
11.9574,14.0628,-2.71715
11.9754,14.8353,-2.00043
12.0137,15.2258,-2.93147
11.9588,15.6681,-2.00318
11.99,16.1477,-1.1502
12.0584,17.1176,-0.909095
11.9961,18.1634,-0.788699
11.9534,19.1236,-0.457668
11.9501,20.1344,-0.43151
12.0809,21.1081,-0.181158
12.0447,22.1056,-0.0697317
11.9517,23.0255,0.275604
12.042,24.0079,0.0542894
12.1396,24.9983,0.0969543
11.9766,26.008,0.226499
12.0071,26.9399,-0.0436079
11.8657,27.9354,0.0813288
12.1132,28.7722,-0.42457
12.8585,2.9238,-0.213959
12.9904,3.92153,-0.169863
12.9299,4.92065,-0.106082
12.8723,5.89491,-0.36881
12.824,6.94352,-0.236329
13.0017,8.0044,-0.162587
12.973,8.99331,-0.316675
12.9674,9.95431,-0.720823
12.9946,11.0022,-0.845045
12.8626,11.99,-0.968419
12.9687,12.8966,-1.27527
12.9874,13.8144,-1.71868
12.9929,14.1457,-2.69118
13.0406,14.705,-1.88647
12.9923,15.2403,-2.72351
12.947,15.5716,-1.78072
12.9806,16.2692,-1.06876
12.9958,17.2071,-0.66307
13.0644,18.241,-0.822706
12.9464,19.2184,-0.577081
12.976,20.0979,-0.130546
13.1275,21.1412,-0.182934
13.1002,22.1419,-0.128541
12.9823,23.0878,0.27047
13.0615,24.0447,-0.00202033
13.2104,25.0102,0.174792
13.0183,26.0044,0.223164
12.9818,26.8808,-0.358434
12.8768,27.7967,0.0165471
13.1231,28.6529,-0.461217
13.9195,2.92757,-0.194513
14.0238,3.92807,-0.217374
14.0002,4.97255,0.0352184
13.935,5.92603,-0.368505
13.9296,6.9038,-0.316495
14.0127,7.89304,-0.373412
14.0013,8.88511,-0.620322
13.9685,9.92969,-0.607425
14.0028,10.9135,-0.935392
13.9416,11.8808,-1.15835
14.0258,12.9111,-1.31693
13.9975,13.8735,-1.65819
13.9937,13.9173,-2.69081
14.0377,14.6185,-2.04183
14.0577,15.1794,-2.85619
13.9733,15.4485,-1.89244
13.9968,16.2487,-1.26775
14.0122,17.1441,-0.809851
14.0498,18.15,-1.02238
13.93,19.0339,-0.462096
13.9945,20.0239,-0.17651
14.1228,21.0318,-0.0508896
14.0892,22.049,-0.173632
13.9845,23.0187,0.0402234
14.0262,23.9991,-0.187283
14.2218,24.9293,0.147783
13.9518,25.8847,-0.171068
13.9986,26.8379,-0.457939
13.8864,27.8145,-0.229786
14.1557,28.7809,-0.307321
14.9522,2.88647,-0.0860134
15.061,3.87357,-0.145173
15.0189,4.89444,-0.0686331
14.9445,5.89316,-0.106372
14.9704,6.88255,-0.327561
15.0001,7.83535,-0.611625
15.0346,8.81127,-0.770653
14.9986,9.84932,-0.5948
15.0313,10.8678,-0.777593
14.9635,11.8785,-0.967806
15.0244,12.8601,-1.38339
15.0271,13.7825,-1.83616
15.058,13.793,-2.9083
15.0885,14.658,-2.23609
15.1091,15.3396,-2.96921
14.9847,15.3697,-1.92554
14.9887,16.278,-1.44196
14.9211,17.2713,-1.12815
15.0136,18.1234,-0.663134
14.9196,19.1056,-0.509836
14.9814,20.1291,-0.380276
15.1491,21.1243,-0.204788
15.087,22.0736,0.0512619
14.9771,23.0555,0.18645
15.0583,24.0368,0.110102
15.1394,24.985,0.556084
14.9441,25.8298,0.0148228
14.9725,26.8598,-0.193402
14.8964,27.7462,-0.604147
15.1563,28.6123,-0.104935
15.8953,2.74622,0.0313089
16.0782,3.73354,-0.160677
16.067,4.73721,-0.201666
15.971,5.76606,-0.0853816
16.0084,6.79356,-0.136592
16.0753,7.7373,-0.517551
16.0679,8.76225,-0.582989
16.0046,9.7816,-0.731315
16.0411,10.8098,-0.765981
16.0342,11.8468,-1.02159
16.0957,12.8137,-1.31948
16.042,13.741,-1.77254
16.0316,13.7692,-2.76929
16.0997,14.6178,-2.21684
16.1062,15.2521,-2.9662
16.0008,15.3431,-1.99531
16.01,16.2182,-1.47621
15.9181,17.1511,-1.14686
16.0729,18.0388,-0.682839
15.9842,19.0595,-0.579342
15.9928,19.996,-0.208109
16.1661,21.0322,-0.346785
16.11,22.0715,-0.198276
15.9692,22.9328,0.25508
16.0348,23.8102,-0.183441
15.9769,24.7988,0.0174749
15.9635,25.803,-0.11858
15.9841,26.8205,-0.148637
15.889,27.6803,-0.656731
16.1767,28.464,-0.158235
16.9425,2.72904,0.0461898
17.1411,3.74261,-0.0104923
17.0435,4.68785,-0.0922422
16.9876,5.70539,-0.122965
17.0349,6.74504,-0.22902
17.0781,7.76024,-0.436613
17.121,8.79455,-0.65761
17.0551,9.80578,-0.582699
17.0799,10.8392,-0.665395
17.1159,11.8649,-1.02677
17.1021,12.8694,-1.39213
17.1029,13.8694,-1.6341
17.1022,13.8887,-2.64279
17.148,14.7686,-2.14505
17.1407,15.2498,-3.03208
16.979,15.5942,-2.08709
16.9828,16.4141,-1.49424
16.876,17.3029,-0.967818
17.0828,18.23,-0.568035
16.989,19.2212,-0.700067
16.9939,20.1037,-0.219926
17.1806,21.0452,-0.593631
17.086,22.0245,-0.386044
17.0005,22.9012,0.152892
17.0661,23.8802,-0.0566576
17.0318,24.8324,0.203061
16.949,25.7382,-0.180261
16.9241,26.6816,-0.467843
16.9093,27.7064,-0.721503
17.2244,28.4906,-0.130985
17.9381,2.40229,-0.089816
18.0564,3.42288,-0.210004
18.0909,4.44106,-0.0245247
18.0099,5.51079,-0.190228
18.0331,6.51096,-0.23853
18.1307,7.57039,-0.282354
18.1041,8.59479,-0.414554
18.07,9.65195,-0.65406
18.1392,10.7189,-0.746187
18.1268,11.749,-0.962413
18.1546,12.8012,-1.18708
18.1504,13.8421,-1.43909
18.1573,13.9509,-2.49305
18.1078,14.7457,-1.81408
18.1097,15.1723,-2.72685
17.9313,15.6049,-1.83756
17.9665,16.4207,-1.24058
17.8903,17.3592,-0.889294
18.0499,18.1864,-0.367226
17.9809,19.2563,-0.465712
18.0131,20.1946,-0.0268563
18.1873,21.0724,-0.408844
18.1245,22.0528,-0.482305
17.9095,23.023,-0.259484
18.0828,24.032,-0.0956603
18.0546,25.0335,-0.058858
17.9495,25.9803,-0.316691
17.9365,26.8878,-0.763536
17.9089,27.9086,-0.676608
18.2063,28.7602,-0.135762
18.9899,2.21104,-0.186837
19.0116,3.20818,-0.231495
19.1004,4.20171,-0.117078
19.0317,5.20648,-0.161797
19.0247,6.24281,-0.390881
19.0909,7.25,-0.196271
19.129,8.31181,-0.379891
19.0974,9.35058,-0.589969
19.1102,10.3509,-0.770418
19.1405,11.45,-0.866543
19.1908,12.4699,-1.1526
19.155,13.5695,-1.30699
19.1223,13.7523,-2.29961
19.101,14.556,-1.61843
19.0906,14.8325,-2.602
18.9467,15.5224,-1.85758
19.0329,16.3865,-1.41066
18.8749,17.3884,-1.13057
19.057,18.0652,-0.400797
18.9334,19.022,-0.613779
18.9816,19.9853,-0.278463
19.1822,20.9675,-0.112052
19.1354,21.9628,-0.212525
18.9459,22.9396,-0.277688
19.0794,23.9015,-0.104004
19.0495,24.9504,-0.0236641
18.9823,25.8973,-0.27365
18.8945,26.8774,-0.527531
18.9369,27.905,-0.477377
19.1719,28.9143,-0.189499
19.9324,1.85121,-0.296188
19.9517,2.86429,0.014304
20.0425,3.8593,-0.0392895
20.0099,4.79566,-0.270879
19.9457,5.78403,-0.310517
20.0845,6.83136,-0.330406
20.0763,7.83534,-0.590817
19.9642,8.80352,-0.321455
20.0222,9.75294,-0.614191
20.0018,10.8159,-0.817173
19.9353,11.8114,-1.00692
19.8552,12.8127,-1.04485
19.9793,13.3216,-1.89356
20.0461,14.1254,-1.30775
20.0416,14.7165,-2.1269
19.9417,15.5363,-1.53242
19.9962,16.3784,-0.9802
19.9222,17.3368,-0.796014
19.986,18.0089,-0.0184149
19.9668,18.936,-0.470705
19.9857,19.9699,-0.187683
20.1716,20.9655,0.110871
20.139,21.9054,-0.162017
19.9727,22.8837,-0.0695151
20.126,23.8521,-0.119349
20.0495,24.8684,-0.0226173
20.0215,25.8609,-0.176562
19.8561,26.8505,-0.206107
19.954,27.8252,-0.315143
20.1954,28.8118,-0.312873
20.8748,1.45582,-0.270812
20.9059,2.42809,0.0692587
20.9965,3.4924,0.173956
20.9901,4.42197,-0.23697
20.9457,5.40719,-0.225883
21.032,6.40917,-0.121387
21.0669,7.39696,-0.30929
20.9291,8.44816,-0.2798
20.9883,9.36806,-0.647765
20.8874,10.3654,-0.514386
20.8361,11.3989,-0.642216
20.768,12.3943,-0.724958
20.8955,13.0336,-1.50155
20.9831,13.9104,-1.0228
21.0651,14.5623,-1.7888
21.0211,15.4961,-1.29167
20.9289,16.2524,-0.634062
20.8834,17.2407,-0.422172
20.983,18.1255,0.144752
21.0294,18.9744,-0.459954
21.0122,19.9404,-0.164208
21.1716,20.8633,0.106082
21.1014,21.9117,0.179012
20.9677,22.9073,0.118589
21.0847,23.9172,0.161711
21.0457,24.8772,-0.173888
20.9974,25.8628,0.0323893
20.86,26.8339,-0.12899
20.9931,27.8338,-0.0667074
21.1879,28.7031,-0.523237
21.8351,1.11249,-0.322236
21.8875,2.12285,-0.147121
21.8606,3.14939,-0.160714
21.9372,4.16588,-0.134388
21.9482,5.14855,-0.348717
21.9875,6.12458,0.0662008
22.0626,7.07347,-0.280071
21.8924,8.08689,-0.337947
21.9453,9.10174,-0.29049
21.8523,10.1504,-0.233174
21.8424,11.1392,-0.539091
21.7788,12.1649,-0.509247
21.8885,12.8874,-1.17572
21.9768,13.74,-0.649406
22.0225,14.4315,-1.38039
22.0456,15.3815,-1.15008
21.9564,16.2124,-0.60925
21.873,17.1342,-0.156227
21.9734,18.0841,0.16581
21.9041,19.0724,0.0176366
21.9882,19.9963,-0.264913
22.1384,20.9564,-0.0971465
22.0891,21.983,0.10903
21.9282,22.988,-0.00928983
22.1248,23.985,0.0648091
22.0624,24.8862,-0.367327
21.9904,25.893,-0.154845
21.9344,26.8869,-0.250008
21.9881,27.8349,-0.402258
22.1754,28.8105,-0.212873
22.7889,0.886373,0.00250252
22.9298,1.87073,0.0137638
22.7942,2.74816,-0.496011
22.8373,3.7568,-0.213941
22.9086,4.76796,-0.132163
22.9465,5.75998,-0.15894
22.9986,6.775,-0.302899
22.8576,7.74213,-0.242467
22.9026,8.74436,-0.313172
22.8476,9.71167,-0.127082
22.7233,10.6572,-0.473901
22.7737,11.658,-0.457186
22.8458,12.6298,-0.862764
22.9746,13.4926,-0.405994
22.9439,14.3041,-0.96126
23.0028,15.2998,-0.788772
22.9661,16.3012,-0.57192
22.8831,17.1562,-0.0555467
22.9428,18.1436,0.0646748
22.9185,19.1629,0.214566
22.963,20.1402,0.0437727
23.0574,20.9406,-0.58449
23.0813,21.7563,0.0573168
22.9408,22.7917,-0.00837428
23.1125,23.7747,-0.11771
23.0222,24.7545,-0.0462905
23.0052,25.7774,-0.156017
22.9713,26.8177,-0.11221
22.9806,27.8097,-0.389477
23.1603,28.7845,-0.348238
23.8399,0.589895,0.000900296
23.9136,1.57866,-0.0420881
23.8251,2.54213,-0.459474
23.8184,3.45147,-0.0971709
23.9016,4.44606,-0.20275
23.937,5.43985,-0.337135
23.9374,6.46879,-0.213562
23.8023,7.53294,-0.170852
23.8823,8.49989,0.0516617
23.902,9.51518,-0.0783715
23.7916,10.4093,-0.533314
23.7993,11.3765,-0.382083
23.8336,12.3301,-0.704425
24.0342,13.2691,-0.396478
23.9128,14.2894,-0.774419
23.8211,15.155,-0.197714
23.7964,16.156,-0.0153691
23.963,17.1306,0.0991821
23.9694,18.1081,-0.128587
23.904,19.006,0.263994
23.9622,19.9761,0.0193579
24.0427,20.854,-0.489053
24.0609,21.7241,0.0814966
23.9505,22.7786,0.11478
24.1079,23.7815,0.0792444
24.0728,24.7767,0.153505
23.9701,25.7576,-0.227729
23.9804,26.7812,-0.227058
23.9665,27.7808,-0.235466
24.0609,28.6498,-0.770278
24.8852,0.541691,0.0286081
24.9624,1.52348,0.279672
24.8561,2.41097,-0.302551
24.8418,3.42151,-0.128565
24.9413,4.38584,-0.151894
24.9463,5.33514,-0.502899
24.9601,6.26948,-0.0624073
24.8176,7.29151,-0.073629
24.8691,8.29258,-0.00814539
24.9168,9.34744,0.0549883
24.833,10.2244,-0.399875
24.8464,11.1838,-0.203439
24.8289,12.1356,-0.481964
25.0143,13.116,-0.440587
24.9154,14.0975,-0.512583
24.8654,15.0455,-0.186178
24.8363,16.0536,-0.0468154
24.9827,16.9974,0.166579
24.9491,17.9973,-0.00961638
24.9145,19.0178,0.0974548
24.9919,19.9532,-0.174401
25.0133,20.9403,-0.194794
25.031,21.9192,-0.00509049
25.0048,22.9103,0.0890927
25.1403,23.9368,0.142711
25.0479,24.9448,-0.0161596
24.9224,25.962,-0.098236
24.9112,26.8243,-0.544078
25.0078,27.8252,-0.115351
24.9859,28.781,-0.496341
25.9287,0.406937,0.0642018
25.9643,1.378,0.343291
25.8687,2.24853,-0.272143
25.898,3.28204,-0.215067
25.9685,4.30229,-0.126933
25.9862,5.22741,-0.463167
25.9847,6.19335,-0.171984
25.8237,7.15646,0.0528245
25.9476,8.15415,0.196887
25.9423,9.17277,-0.0547868
25.8931,10.1482,-0.280563
25.8367,11.1244,-0.108652
25.8616,12.0994,-0.328828
25.9706,13.1191,-0.208237
25.9312,14.1183,-0.344334
25.883,15.0589,-0.0868587
25.9028,16.0223,-0.0807215
25.9748,16.9722,0.283383
25.9585,17.9881,0.0262581
25.9438,19.0347,0.0428907
25.9812,20.0332,-0.238514
25.9828,21.0172,-0.390143
26.0297,22.0055,-0.125956
26.0087,23.0122,-0.129579
26.1128,24.0095,-0.113849
26.0404,24.991,-0.163942
25.9,26.0083,-0.128657
25.9273,26.9454,-0.364653
25.9363,27.9514,-0.504184
25.9795,28.9273,-0.229307
26.9343,0.420499,-0.192959
27.0123,1.28127,0.335945
26.8796,2.17615,-0.0869686
26.9512,3.2162,-0.151415
26.9952,4.14649,0.100378
27.0191,5.09826,-0.338624
27.0709,6.07071,-0.120768
26.8645,7.0125,0.0676595
26.9519,8.06908,0.0681417
26.9663,9.07743,-0.148305
26.9004,10.0752,-0.201517
26.8757,11.0732,-0.0924192
26.9266,12.0816,-0.0992187
26.961,13.0662,-0.289279
26.9112,14.0648,-0.026426
26.9672,15.1002,0.00114444
26.8832,16.1458,0.0143254
26.9898,17.1399,0.112415
26.9555,18.1292,0.287506
26.9159,19.0886,0.0475204
27.0416,20.0483,-0.140495
26.9177,21.0089,0.109476
26.9902,22.0499,0.101227
27.0058,23.054,0.133268
27.0217,24.0824,0.293017
27.0242,24.9682,-0.107636
26.8887,25.9922,-0.217289
26.9905,26.9581,-0.278838
26.9718,27.9501,-0.375735
27.0216,28.9563,-0.361177
27.9233,0.0193976,-0.0503922
27.9557,1.05849,-0.0104404
27.9226,2.04579,-0.082522
27.9984,3.01447,-0.213907
27.9994,4.02058,-0.135774
28.0165,5.0445,-0.125016
28.0658,6.03236,-0.0421064
27.9356,7.02403,0.0332286
27.9854,8.01809,-0.05768
28.0061,9.08119,0.10622
27.9493,10.0663,-0.188015
27.9396,11.0449,0.0580737
27.9903,12.0682,0.0432386
27.9652,13.0979,-0.134727
27.9355,14.0688,0.0470504
27.9763,15.0983,0.0823878
27.9254,16.1059,0.162728
28.0083,17.1429,0.0178747
28.0514,18.1082,0.351503
27.9929,19.0723,0.0533311
28.0241,20.055,0.230351
27.9442,20.9696,-0.0912442
28.0004,21.9878,0.0881039
28.0051,23.0027,0.176428
28.0023,24.0372,0.0858669
28.0413,25.0306,-0.144984
27.9447,26.0415,-0.16194
28.0079,27.0604,-0.330171
27.9534,28.0461,-0.155614
27.9991,29.0131,-0.332887
28.966,-0.0117588,0.0213233
29,1,0
29.0065,1.99825,-0.0639393
29.0167,2.99828,0.072338
29.0051,4.01849,0.00940275
29.0041,5.00863,0.0505387
29.0813,6.04304,0.0715323
29.0023,7.02888,-0.00728477
29.0055,8.05012,0.0357067
29.0137,9.01323,-0.134336
29.0148,10.0066,-0.114127
29.01,10.9975,0.0717704
29.0045,11.9974,0.0607562
29.0002,13.0049,0.00946989
29.006,13.9893,0.0721854
29.0022,14.9896,0.0605884
28.9109,16.0015,0.0688009
29.0041,16.9886,0.0583819
29.0038,18.0063,0.135862
28.9999,19.0126,0.0151402
29.006,20.0291,0.0382672
29.001,21.0088,-0.0484664
29.0095,21.9484,0.185607
29.0051,22.9548,-0.0426099
29.013,23.9631,0.0792169
29.0176,24.9805,0.0220496
29.0026,26.0056,-0.106858
29.0817,27.0028,-0.194571
29.0035,28.0319,-0.0516434
29.0084,29.0009,-0.19819
