-0.0791589,0.299924,-0.579632
-0.0122684,1.12046,-0.00762352
-0.0268654,2.06007,-0.348622
-0.0324259,3.0055,-0.0381939
-0.0233283,4.02496,-0.181536
-0.0147099,5.03898,-0.0268441
-0.0228492,6.10532,0.0345439
0.0025544,7.08022,-0.0405377
-0.0563311,8.12823,-0.110501
-0.0402142,9.12336,-0.358376
-0.0213141,10.0796,-0.0193915
-0.0201392,11.0471,-0.277416
-0.0219306,12.0146,0.0839869
-0.0101444,13.0137,-0.167913
-0.0210059,14.0141,-0.370235
-0.0480483,15.0366,-0.326164
-0.0348949,16.0103,-0.229554
-0.0313456,17.046,-0.0546434
-0.00575884,18.0225,0.20427
0.0710746,19.0299,0.140876
-0.0123081,20.0129,-0.166701
-0.052208,21.0163,-0.125391
-0.00943022,22.0105,0.0584857
-0.030427,23.0034,-0.0338816
-0.0565081,24.0013,0.0345408
-0.0104984,24.9949,-0.185083
-0.0316904,25.9122,0.206812
0.0506516,26.8926,0.053148
-0.0407392,27.8866,0.195108
-0.0393017,28.8757,0.300253
0.979821,0.339286,-0.589923
1.05437,1.32908,-0.250017
0.970025,2.36362,-0.451125
0.915983,3.2955,-0.0573748
1.05307,4.31044,-0.0561815
1.04335,5.30277,-0.144407
0.932316,6.34017,-0.0776818
0.975958,7.38265,-0.125742
0.939653,8.40544,-0.182025
0.961971,9.32402,-0.589834
0.938527,10.3192,-0.244023
0.976473,11.3462,-0.286523
0.979318,12.3172,-0.00493484
0.977084,13.3124,-0.287085
0.973672,14.2255,-0.660198
0.938008,15.2182,-0.565975
0.972906,16.1891,-0.292892
0.987423,17.1934,-0.174429
1.02868,18.1426,0.121894
1.09928,19.1455,-0.0343028
0.9258,19.997,-0.490515
0.921555,21.0572,-0.401215
0.986349,21.9769,0.034257
1.01106,22.9979,0.0664663
0.961406,24.0195,-0.115287
0.98063,25.0669,-0.176577
0.987225,25.9257,0.325712
1.03634,26.9082,0.280688
0.978857,27.9231,0.106949
0.948195,28.9023,0.0978027
1.92485,0.744292,-0.745
1.98094,1.69152,-0.367345
1.97794,2.67833,-0.334449
1.87715,3.69428,-0.0712485
2.03724,4.69151,0.0217414
2.00033,5.68292,-0.0199561
1.92811,6.61843,-0.231916
1.96247,7.59523,0.00256355
1.96876,8.55414,-0.341673
1.97354,9.54427,-0.3258
1.96367,10.5867,-0.274975
1.9796,11.6328,-0.378936
1.95616,12.6421,-0.207038
1.9566,13.6795,-0.294812
1.92836,14.3705,-0.998862
1.95688,15.409,-0.722843
1.99931,16.2208,-0.162236
2.0178,17.2061,-0.307547
2.04324,18.2217,-0.183126
2.1366,19.2086,-0.0513962
2.01857,20.1184,-0.410724
1.90037,21.1229,-0.130433
1.99702,22.1239,0.00549333
1.95907,23.0807,0.373025
1.91209,24.0333,0.195883
1.8912,25.0506,0.259386
1.99391,26.0901,0.24102
2.0784,27.0857,0.229539
1.92892,27.9554,-0.208173
1.99395,28.8675,0.22295
2.8531,1.2923,-0.893521
2.95494,2.1019,-0.204663
2.97238,3.06557,-0.283715
2.86329,4.06534,-0.169411
2.99728,5.02206,0.210123
2.98676,5.90732,-0.346895
2.93599,6.87591,-0.379601
2.97048,7.72741,0.134526
3.01796,8.69183,-0.219547
2.98226,9.68531,-0.404236
2.93684,10.698,-0.563662
3.0524,11.7026,-0.438218
3.0293,12.7491,-0.32833
2.90299,13.6915,-0.569054
2.97099,14.418,-1.20953
2.99139,15.3774,-0.948076
2.88391,16.3176,-0.61493
2.99737,17.196,-0.213602
3.05731,18.2243,-0.0270913
3.14524,19.1823,-0.284814
2.95454,20.1117,0.0478011
2.97692,21.0788,-0.1541
3.03521,22.0423,0.0484573
2.99768,22.9957,0.305338
2.94774,24.0006,0.315287
2.8524,25.0383,0.416712
3.0336,26.0056,0.299597
3.04965,26.9939,0.457189
2.88598,27.9167,0.103574
2.97097,28.9761,0.0610096
3.92103,1.48593,-0.691317
3.94492,2.36038,-0.246901
3.93755,3.38851,-0.313529
3.8548,4.35794,0.00297555
3.97902,5.33027,0.166054
3.94956,6.23634,-0.206156
3.91408,7.2363,-0.334574
3.93406,8.12209,0.209723
3.98484,8.83144,-0.514914
3.99249,9.9159,-0.411118
3.93977,10.8924,-0.316678
4.01737,11.8517,-0.693234
4.03114,12.8509,-0.589114
3.95239,13.8491,-0.678741
3.95116,14.3773,-1.48585
3.9694,15.4005,-1.24014
3.89307,16.1238,-0.584771
3.95624,17.1406,-0.547368
4.07518,18.0685,-0.294845
4.16212,19.0563,-0.252397
4.00142,20.1003,0.00337535
3.98946,21.1315,-0.011594
4.06259,22.1212,-0.0589251
4.03984,23.0565,0.264461
3.98132,24.0624,0.213892
3.86092,25.0786,0.371206
4.09281,26.0427,0.124491
4.0821,27.0532,0.324952
3.92474,28.0059,0.0402081
3.95222,28.9215,-0.303934
4.9196,1.57388,-0.577767
4.88461,2.62347,-0.441044
4.9087,3.65113,-0.408316
4.87755,4.50468,0.0888607
5.05924,5.52844,0.0760338
4.93789,6.48751,-0.223347
4.88278,7.51616,-0.0720939
4.9024,8.44739,0.2962
5.00715,9.09631,-0.5369
4.94904,10.1073,-0.507648
4.90982,11.093,-0.631434
5.02293,12.0988,-0.880331
4.95649,13.0922,-1.01575
4.94043,14.087,-0.767
4.96543,14.5014,-1.66333
4.9886,15.3262,-1.10448
4.82362,16.3178,-0.945958
4.92629,17.2682,-0.673684
5.06427,18.2294,-0.404431
5.20912,19.2999,-0.429121
4.97468,20.2742,-0.356987
4.98935,21.1615,0.0459853
4.9324,22.0324,-0.521296
5.0535,22.82,0.0395978
4.98375,23.8643,0.184045
4.86824,24.8472,0.328788
5.08822,25.8013,0.339421
5.027,26.7678,0.139048
4.92301,27.8254,-0.0297861
4.99447,28.8152,-0.271804
5.92598,1.93956,-0.801279
5.91054,2.8676,-0.403327
5.87731,3.87268,-0.291382
5.88477,4.84367,0.0637959
6.05663,5.8301,0.0123936
5.87142,6.84977,0.0829585
5.87038,7.84519,0.0327158
5.85001,8.82545,0.395477
5.99311,9.49066,-0.405518
5.96645,10.4928,-0.549141
5.88081,11.5024,-0.650929
5.92907,12.517,-0.817063
5.90957,13.389,-1.32855
6.00669,14.3055,-0.930128
5.97431,14.7324,-1.82388
6.05625,15.331,-1.00014
5.79396,16.3042,-0.883279
5.90923,17.2956,-0.6296
5.95254,18.3256,-0.83422
6.138,19.3292,-0.786648
5.9926,20.2139,-0.406384
6.00347,21.2614,-0.201242
5.9541,22.1511,-0.637297
6.07276,22.8511,0.136976
6.01563,23.845,0.133805
5.84545,24.8686,0.0893155
6.10394,25.8531,0.00878933
6.09772,26.8528,0.206693
5.95135,27.788,-0.120179
6.06383,28.7311,-0.434855
6.9448,2.24658,-0.654967
6.79074,3.22315,-0.718207
6.86489,4.10529,-0.155705
6.90909,5.10115,0.1047
7.02595,6.1074,0.0767449
6.88999,7.04133,-0.108228
6.8496,8.05255,-0.146831
6.94097,9.01231,0.220899
6.9663,9.82268,-0.467724
6.90053,10.8266,-0.696396
6.91986,11.8282,-0.847835
6.97292,12.8489,-0.815235
6.88982,13.5974,-1.51064
7.00142,14.4208,-0.954369
7.00114,14.8161,-1.88827
7.13737,15.2868,-1.01191
6.78072,16.2659,-1.08995
6.87433,17.1912,-0.760353
6.96033,18.1973,-0.92924
7.16201,19.1816,-1.06793
7.00944,20.0388,-0.531288
7.00075,21.0282,-0.199246
6.89466,22.0279,-0.368102
7.08834,22.9589,0.108576
7.01865,23.8631,0.506745
6.87176,24.8829,0.332011
7.08876,25.9035,0.221943
7.10337,26.9448,0.21052
6.94668,27.8365,-0.274264
7.09521,28.8176,-0.294339
7.96023,2.38036,-0.785958
7.86333,3.36738,-0.633851
7.9059,4.27316,-0.150642
7.92347,5.24723,-0.0649159
8.06638,6.24595,-0.110581
7.91171,7.23938,-0.0611499
7.94453,8.25372,-0.207538
7.88065,9.30079,-0.244929
7.93123,10.2434,-0.524714
7.85438,11.218,-0.727168
7.86957,12.2084,-0.915162
8.02968,13.2111,-0.839937
7.93019,13.8369,-1.60231
8.04735,14.6109,-0.999121
8.04173,14.9103,-1.94584
8.11376,15.5771,-1.20855
7.66993,16.3976,-1.56585
7.80026,17.2818,-1.08739
8.04003,18.2214,-0.848311
8.05306,19.226,-0.656145
8.05126,20.2469,-0.768212
8.07042,21.0441,-0.15165
7.92698,22.0428,-0.270611
8.09974,23.0207,-0.119376
7.97131,24.0402,-0.0173925
7.87453,24.9456,0.376214
8.05318,25.9127,0.563872
8.10282,26.8853,0.284628
7.95097,27.8829,-0.130787
8.06351,28.8835,-0.0409619
8.9565,2.7399,-0.582888
8.80033,3.72772,-0.61127
8.87756,4.62477,-0.200806
8.86086,5.62898,0.0311441
9.01158,6.54385,-0.342308
8.88181,7.60016,-0.213758
8.92073,8.63714,-0.183807
8.90436,9.69589,-0.316602
8.87802,10.6541,-0.677004
8.75522,11.6069,-1.04199
8.78368,12.6683,-1.06385
8.847,13.8076,-1.06583
8.86249,13.8316,-2.04841
8.98943,14.6212,-1.42655
8.9837,15.2224,-2.20157
9.1301,15.4423,-1.20308
8.69881,16.3039,-1.38654
8.79752,17.2413,-1.02055
9.07331,18.2314,-0.974792
9.05431,19.2298,-0.934187
9.02639,20.227,-0.842332
9.01545,21.1029,-0.391992
8.90026,22.1257,-0.450798
9.09014,23.0176,-0.0233131
9.00822,24.0049,0.058269
8.84964,25.0201,0.212003
9.03954,25.9735,0.280035
9.10941,26.9928,0.098938
8.97296,27.9858,-0.0247963
9.06983,28.9501,-0.344292
9.99785,2.86227,-0.513684
9.80985,3.85427,-0.546757
9.91018,4.81361,-0.237877
9.83786,5.80243,-0.0499161
10.0267,6.69792,-0.417649
9.92497,7.70042,-0.315113
9.95451,8.75904,-0.357054
9.92336,9.78696,-0.312723
9.84362,10.8234,-0.58919
9.7649,11.7633,-0.971661
9.74511,12.6961,-1.36787
9.83898,13.763,-1.28203
9.91607,13.911,-2.27544
10.0609,14.5535,-1.44499
10.0208,15.1128,-2.35995
10.1492,15.3625,-1.36865
9.72174,16.3095,-1.46183
9.82897,17.1803,-1.02311
9.95496,18.0898,-0.482592
10.0591,19.0981,-0.604941
9.93645,20.0784,-0.480065
10.0131,21.0862,-0.403897
9.89425,22.0709,-0.333604
10.0271,23.0687,-0.432984
10.0175,23.9372,0.0237983
9.82229,24.9268,-0.0820826
10.0415,25.8997,-0.0274819
10.1318,26.945,-0.238954
9.95833,27.9107,-0.319752
10.1034,28.8965,-0.521876
10.9579,2.98331,-0.192001
10.8395,3.95218,-0.505164
10.9727,4.88094,-0.104175
10.8992,5.87151,-0.0869686
11.0584,6.83579,-0.220423
10.932,7.84094,-0.450172
10.9996,8.84844,-0.400632
10.9125,9.82478,-0.548775
10.8385,10.7872,-0.910666
10.8075,11.8367,-0.916074
10.7534,12.814,-1.19458
10.9223,13.7507,-1.44191
10.9419,14.0915,-2.39494
11.0925,14.5247,-1.46791
11.1359,15.1522,-2.27735
11.1368,15.4695,-1.3123
10.7711,16.3557,-1.64935
10.8191,17.2327,-1.05145
11.0104,18.1303,-0.596133
10.9894,19.0549,-0.978481
10.9614,20.0041,-0.677651
10.9859,20.9946,-0.703207
10.8964,21.9689,-0.373348
10.9576,22.9505,-0.0643605
10.9928,23.9381,0.205454
10.7944,24.9284,0.184884
11.0338,25.7961,-0.206461
11.158,26.7869,-0.183239
10.9693,27.7925,-0.376955
11.0619,28.7607,-0.224894
11.9794,3.12823,0.0296396
11.8891,3.9532,-0.515418
11.9949,4.94586,-0.269436
11.9756,5.93058,-0.118381
12.0455,6.91042,-0.072338
11.9128,7.90473,-0.305454
12.0132,8.90399,-0.673598
11.9544,9.94054,-0.426991
11.8406,10.9206,-0.68616
11.8217,11.9793,-0.921436
11.8216,12.9526,-1.25711
11.997,13.979,-1.44795
11.9611,13.831,-2.44023
12.07,14.4673,-1.66684
12.1625,15.1317,-2.4327
12.1702,15.3336,-1.43742
11.7853,16.2937,-1.62372
11.8075,17.2083,-1.16853
12.05,18.0693,-0.692132
12.0143,19.0817,-0.984481
11.8569,20.0633,-1.19843
12.0626,20.9971,-0.803516
11.9215,21.916,-0.37235
11.9808,22.7888,0.121036
12.0245,23.8409,0.289068
11.8663,24.8198,0.254445
12.0548,25.6337,-0.282067
12.1602,26.6664,-0.0139378
11.9907,27.6373,-0.232228
11.9698,28.5837,0.0583331
12.9366,3.40504,0.255599
12.9033,4.04367,-0.576049
13.021,5.01674,-0.390771
13.0005,5.99611,-0.103586
13.0751,7.01166,-0.180218
12.9438,7.96849,-0.500818
13.0375,9.03244,-0.558159
12.9883,10.0202,-0.301614
12.8957,10.9003,-0.804221
12.8977,11.9296,-0.934477
12.8608,12.7467,-1.49222
13.0113,13.7095,-1.6502
12.9554,13.9632,-2.62785
13.1884,14.5292,-1.81369
13.1876,15.3212,-2.47859
13.1693,15.2365,-1.44177
12.7799,16.2397,-1.53821
12.7617,17.2615,-1.49445
13.0367,17.9429,-0.779891
13.0042,18.9761,-0.801782
12.8793,19.9661,-1.01269
13.0577,20.8998,-0.635478
12.9262,21.8346,-0.239769
12.9832,22.755,0.102066
13.0206,23.7898,0.166189
12.914,24.7623,0.172735
13.0094,25.7444,-0.0283486
13.0744,26.6738,-0.421204
12.9915,27.6418,-0.175405
12.9966,28.6174,0.117853
13.9212,3.30174,0.381817
13.9385,4.02591,-0.306189
14.1105,4.9989,-0.350056
14.0208,6.00272,-0.287924
14.0313,6.96959,-0.481127
13.9915,7.98878,-0.595111
14.0804,9.03362,-0.524976
14.005,10.0325,-0.422797
13.9741,11.0341,-0.757512
13.9271,12.0069,-0.962133
13.8827,12.9062,-1.40094
14.0447,13.8872,-1.6899
14.0025,13.9247,-2.68563
14.1834,14.6893,-1.98105
14.1945,15.4763,-2.6575
14.113,15.5165,-1.6693
13.6823,16.3471,-2.01587
13.7755,17.2252,-1.43773
14.0374,18.092,-0.984878
14.0419,19.0196,-0.6669
13.926,19.9745,-1.10611
14.0233,20.8918,-0.65287
13.9287,21.9187,-0.493057
14.0572,22.7908,-0.00748314
13.9513,23.7985,-0.159325
13.9153,24.6527,0.380941
14.0221,25.5653,-0.101285
14.0932,26.5421,-0.410358
14.0158,27.5607,-0.318339
13.965,28.5691,-0.148595
14.9198,3.28963,0.314859
15.0601,4.03244,-0.370846
15.1115,5.04001,-0.106592
15.0182,6.01904,-0.484606
15.0429,7.03634,-0.433143
15.0405,8.0322,-0.590014
15.0922,9.01941,-0.421329
15.0293,10.0093,-0.622474
14.9625,11.0268,-0.703769
14.9906,12.0266,-0.950853
14.9379,12.933,-1.49664
15.0649,13.9301,-1.80747
15.037,14.1911,-2.7922
15.2087,14.8512,-2.01344
15.1586,15.2696,-2.91396
15.0902,15.6492,-1.97226
14.6962,16.5502,-1.72387
14.7328,17.384,-1.17346
15.0593,18.281,-0.933079
15.0694,19.184,-0.523026
14.9041,20.1407,-0.899976
14.9334,20.877,-0.240718
14.9303,21.9115,-0.188519
15.0776,22.8998,-0.172329
14.9345,23.8645,0.184594
14.9414,24.9137,0.338804
14.9773,25.6112,-0.45624
15.1094,26.6328,-0.267055
14.9836,27.5983,-0.0632649
14.9953,28.5775,-0.114328
15.9246,3.137,0.181652
16.1006,3.96188,-0.391766
16.1384,5.01285,-0.309839
16.046,5.98996,-0.501856
16.0911,6.978,-0.555998
16.0184,7.975,-0.42743
16.1178,9.01458,-0.494003
16.0523,10.0255,-0.551668
16.0153,11.0119,-0.602747
16.0009,11.9242,-1.03885
15.9739,12.9392,-1.33193
16.0487,13.9764,-1.62492
16.0536,14.1951,-2.70127
16.2358,14.9089,-1.89645
16.1911,15.2247,-2.87952
16.102,15.637,-1.99735
15.7608,16.6065,-1.71383
15.7654,17.4269,-1.17486
16.0265,18.4082,-1.21193
16.076,19.2403,-0.594455
15.9166,20.2487,-0.804767
15.9099,21.0882,-0.241069
15.9775,22.103,-0.233583
16.0488,23.1014,-0.187558
15.8648,24.0528,-0.131452
15.8788,25.0412,-0.100214
15.9987,25.8606,-0.736616
16.0975,26.676,-0.0783166
16.0122,27.6663,0.0749748
16.0104,28.7145,-0.0191259
16.9621,3.20605,0.28367
17.1152,3.99001,-0.298862
17.2145,5.05309,-0.358919
17.0919,6.07072,-0.47878
17.092,7.07337,-0.708512
17.1055,8.05529,-0.388226
17.1793,9.0525,-0.52678
17.0983,10.0512,-0.623588
17.0056,11.055,-0.825086
17.0242,12.0345,-1.05935
17.0945,13.0257,-1.25761
17.045,13.9473,-1.65239
17.0561,14.0088,-2.67256
17.199,14.7335,-1.97558
17.242,15.1819,-2.84803
17.1196,15.4589,-1.85164
16.754,16.3336,-1.4493
16.7963,17.2601,-0.953624
17.0281,18.2207,-0.980453
17.0638,19.2297,-0.829975
16.9007,20.1659,-0.527531
16.8391,21.1621,-0.553404
16.9929,22.0682,-0.127375
16.9872,23.0351,0.0972503
16.8469,24.0728,0.210379
16.8953,25.0887,0.0969848
16.9757,25.6697,-0.682791
17.1136,26.5538,-0.162056
16.9992,27.5346,0.0488113
17.0341,28.5528,0.0578326
18.0883,3.13224,0.291882
18.1528,3.95894,-0.247063
18.2431,4.89777,-0.476598
18.0917,5.89989,-0.567028
18.1167,6.88972,-0.465392
18.0809,7.90774,-0.496045
18.1909,8.91152,-0.607175
18.153,9.91323,-0.699744
18.0417,10.9046,-0.825019
18.0548,11.8415,-1.17906
18.1161,12.8809,-1.2899
18.0957,13.8579,-1.57975
18.1134,13.8885,-2.65094
18.2273,14.7234,-2.08562
18.2396,15.4688,-2.80397
18.0909,15.4031,-1.8167
17.8025,16.3502,-1.59591
17.802,17.3131,-1.2309
18.0329,18.2198,-0.807584
18.0934,19.1985,-0.582492
17.9373,20.219,-0.446678
17.8567,21.2405,-0.350844
17.9593,22.233,-0.35453
18.0009,23.0719,0.185257
17.9497,24.08,0.189303
17.8965,25.0949,0.435618
17.9404,25.6474,-0.407755
18.1071,26.6203,-0.354955
18.0125,27.4556,0.185318
18.0478,28.4801,-0.0227149
19.0835,2.89894,0.491855
19.1149,3.72912,-0.142576
19.2305,4.72309,-0.395596
19.1481,5.7325,-0.640629
19.1157,6.74715,-0.665706
19.0828,7.78592,-0.458354
19.1834,8.73769,-0.797232
19.1296,9.73735,-0.684814
19.0905,10.7758,-0.825382
19.1107,11.7968,-1.06907
19.1707,12.7772,-1.42874
19.1293,13.7991,-1.58671
19.1399,13.9124,-2.62693
19.2657,14.7208,-2.04247
19.288,15.4331,-2.83919
19.1196,15.5456,-1.85528
18.8042,16.4841,-1.57021
18.8176,17.4169,-1.11636
19.0863,18.3299,-0.795477
19.1041,19.3028,-0.531718
18.9897,20.3058,-0.562563
18.8617,21.2926,-0.489154
18.9597,22.2771,-0.67105
19.0022,23.1142,-0.0767693
18.9937,24.1109,0.119651
18.9232,24.9675,0.587326
18.9696,25.4922,-0.255196
19.1287,26.4658,-0.420518
18.9678,27.4293,-0.201044
19.0719,28.4641,0.0598163
20.0786,2.63831,0.462218
20.1313,3.49893,-0.0473922
20.2328,4.46307,-0.263305
20.0829,5.42854,-0.488498
20.0762,6.37132,-0.770254
20.027,7.39448,-0.561785
20.1658,8.44926,-0.692154
20.1487,9.50512,-0.687036
20.0426,10.5182,-0.630161
20.1308,11.4452,-0.939995
20.131,12.428,-1.23819
20.0812,13.4265,-1.30784
20.0818,13.5499,-2.31452
20.3205,14.4998,-1.89679
20.2377,15.3481,-2.44597
20.0615,15.5912,-1.46492
19.8502,16.5632,-1.48391
19.876,17.4842,-0.983624
20.0504,18.4457,-0.786923
20.1052,19.3671,-0.320005
19.9163,20.3496,-0.183074
19.9202,21.3501,-0.353459
19.9696,22.3346,-0.658187
20.0087,23.1334,-0.0980224
20.0066,24.1174,-0.0666463
19.9571,24.8971,0.594076
19.9927,25.2731,-0.370061
20.1644,26.3028,-0.296643
19.9912,27.2956,-0.224168
20.0426,28.2063,0.251543
21.068,2.36361,0.510968
21.0809,3.17152,-0.0246986
21.2191,4.17011,-0.161083
21.0712,5.20216,-0.303061
21.1023,6.15309,-0.612857
21.07,7.15159,-0.52891
21.2201,8.16352,-0.669692
21.0811,9.13109,-0.807068
21.0708,10.1667,-0.652025
21.0721,11.1142,-0.959529
21.1131,12.1318,-1.06649
21.1693,13.1737,-1.20245
21.1061,13.6234,-2.16857
21.2498,14.3321,-1.39828
21.1601,15.0622,-2.04875
21.0211,15.5781,-1.17236
20.8156,16.5994,-1.21785
20.8334,17.4847,-0.700803
21.1197,18.4174,-0.568578
21.1023,19.3885,-0.354259
20.9123,20.3685,-0.351631
20.9141,21.3415,-0.414792
20.9629,22.2162,-0.911499
20.9808,23.1076,-0.408472
21.049,24.0754,-0.306751
20.9588,24.8331,0.40582
20.9346,25.544,-0.311994
21.0946,26.4434,-0.00458693
20.9666,27.3931,-0.323865
21.075,28.1951,0.259041
22.0578,2.08115,0.58132
22.0999,2.99169,0.0993439
22.2182,3.90521,-0.289319
22.0216,4.89436,-0.409226
22.0692,5.90206,-0.359584
22.0677,6.94102,-0.570571
22.2085,7.89558,-0.76585
22.0982,8.90512,-0.581451
22.1348,9.93857,-0.657753
22.0983,10.8227,-1.11436
22.1355,11.8694,-1.10778
22.1322,12.8527,-0.88431
22.0379,13.223,-1.80786
22.2202,14.1761,-1.47903
22.2117,15.0424,-1.96946
21.9954,15.3813,-1.05409
21.798,16.4004,-1.01369
21.8303,17.2797,-0.584359
22.1543,18.1932,-0.398682
22.067,19.1309,-0.0952452
21.9814,20.0836,-0.495361
21.891,21.0671,-0.350169
21.9933,22.0726,-0.669149
22.0061,23.0535,-0.55942
22.0459,23.9551,-0.152535
21.9947,24.9187,0.158315
21.9427,25.7705,-0.361174
22.1127,26.725,-0.163707
21.9298,27.7219,-0.360225
22.1259,28.4666,0.333467
23.0038,1.69676,0.49136
23.1037,2.72018,0.191345
23.197,3.66191,-0.197275
22.9932,4.63393,-0.123933
23.0787,5.64917,-0.142433
23.049,6.66522,-0.32201
23.1667,7.63328,-0.573132
23.0535,8.59467,-0.289581
23.0631,9.51278,-0.636372
23.1005,10.4802,-0.843928
23.0494,11.4594,-0.751448
23.077,12.4982,-0.74217
23.0589,13.0107,-1.57207
23.122,13.8628,-0.98638
23.13,14.6692,-1.64559
22.9386,15.2366,-0.82158
22.761,16.2295,-0.851759
22.8686,17.2135,-0.766485
23.1647,18.1314,-0.487454
23.0595,19.109,-0.224613
22.9869,20.0979,-0.441404
22.9572,21.1143,-0.443001
22.916,22.0581,-0.112079
23.0403,23.0542,-0.215036
23.11,24.0611,-0.248387
23.0041,24.9402,0.16068
22.9464,25.7721,-0.425642
23.1235,26.7496,-0.389831
22.9554,27.7442,-0.268633
23.1685,28.4074,0.469604
23.9834,1.49626,0.273522
24.015,2.37093,-0.219037
24.1432,3.33303,-0.522657
23.9598,4.20004,-0.0326853
24.03,5.23936,-0.24817
23.9558,6.23783,-0.409568
24.1137,7.22918,-0.453804
24.0295,8.19484,-0.193762
24.0154,9.19064,-0.554466
24.112,10.1876,-0.614313
24.0878,11.1861,-0.578405
24.0438,12.2051,-0.424873
23.9838,12.9339,-1.13014
24.1577,13.9121,-0.799515
24.2036,14.6,-1.51078
23.9928,15.2677,-0.757207
23.8062,16.2948,-0.935481
23.9292,17.2793,-0.755049
24.1448,18.2156,-0.412827
24.0822,19.2028,-0.293353
23.9763,20.1317,-0.550197
23.9858,21.0873,-0.219819
23.9382,22.0544,-0.121519
24.0948,22.9967,-0.350011
24.1184,23.9087,0.0217902
24.0497,24.9328,0.0573382
23.9555,25.8721,-0.237611
24.1474,26.8873,-0.425086
23.971,27.7258,0.0538255
24.1524,28.6697,0.366091
25.0305,1.27964,0.251949
24.9247,2.03483,-0.459304
25.0633,3.00891,-0.264901
24.9515,3.95556,0.13939
25.0108,4.85214,-0.306464
24.9262,5.88345,-0.246907
25.1094,6.86622,-0.330586
24.9512,7.85309,-0.434721
25.036,8.87636,-0.528935
25.1498,9.87419,-0.577664
25.0602,10.8747,-0.752232
25.0359,11.8417,-0.588672
25.0457,12.7531,-1.06772
25.1667,13.6851,-0.751909
25.2096,14.4216,-1.43658
25.0359,15.2677,-0.876522
24.862,16.3013,-0.711014
24.9721,17.3168,-0.606464
25.1104,18.1098,0.0041139
25.084,19.0855,-0.255953
25.0016,20.0752,-0.33075
25.0351,21.0734,-0.176113
24.9275,22.0378,0.0328135
25.0696,22.9986,-0.0650838
25.0928,23.9885,-0.160515
25.0764,24.9086,0.177551
24.9661,25.8936,-0.207666
25.1424,26.8949,-0.269152
24.95,27.7621,0.302112
25.1571,28.7617,0.261156
26.0097,0.930488,0.190207
25.9624,1.77347,-0.40625
26.0905,2.76654,-0.387872
25.9747,3.68814,0.022132
26.0032,4.61917,-0.359963
25.9967,5.66523,-0.192825
26.1221,6.63743,-0.371538
25.9358,7.64757,-0.248204
26.0517,8.64235,-0.220869
26.1562,9.63924,-0.324207
26.0103,10.5737,-0.675698
25.9789,11.6211,-0.435182
26.0853,12.4957,-0.915601
26.1093,13.4363,-0.63075
26.2055,14.3907,-1.09774
26.0371,15.2948,-0.73361
25.8938,16.2548,-0.466878
25.9894,17.2423,-0.473473
25.9903,18.2602,-0.458641
26.0344,19.0253,0.176995
25.9775,20.0508,-0.0389416
26.0128,21.0073,-0.323762
25.9196,21.9647,-0.0273263
26.0308,22.9276,0.26382
26.0016,23.9052,0.23267
26.0516,24.9028,0.363729
25.9365,25.6729,-0.266436
26.0928,26.7042,-0.169051
25.9654,27.6692,0.140214
26.126,28.6263,-0.058742
27.0368,0.812024,0.262825
27.0546,1.67382,-0.229203
27.1008,2.62784,-0.00322275
27.0165,3.60721,0.277358
27.0419,4.55797,-0.146452
27.0091,5.51283,0.109095
27.113,6.4939,-0.140504
26.9796,7.49387,-0.076162
27.0425,8.4966,0.0639729
27.1193,9.43442,-0.185192
27.0362,10.3589,-0.550145
26.9559,11.3032,-0.152898
27.0073,12.2475,-0.458415
27.0791,13.2226,-0.592972
27.1642,14.1887,-0.771014
27.0875,15.2097,-0.684994
26.925,16.1236,-0.219684
26.9889,17.1666,-0.303735
27.0117,18.2108,-0.35905
27.0744,18.9923,0.270995
26.9765,19.9925,0.126963
27.0471,20.9944,-0.196594
26.9423,21.966,-0.239338
26.9943,22.8415,0.196692
26.9771,23.8316,0.344505
27.0281,24.8363,0.132102
26.9774,25.7477,-0.416825
27.1113,26.7031,-0.255638
26.9687,27.6603,0.0817042
27.1447,28.6519,0.026899
28.0391,0.539808,0.359102
28.0903,1.41518,-0.185983
28.1388,2.43925,-0.0716605
28.0156,3.35097,0.342958
28.0479,4.28462,-0.00558794
28.0165,5.26319,0.19071
28.0777,6.24769,-0.0512406
27.9902,7.21747,0.00990326
28.0341,8.21606,0.0705161
28.0907,9.23877,-0.0474837
28.0176,10.2014,-0.254299
27.9961,11.1716,0.0719962
28.0397,12.1486,-0.291858
28.0875,13.1563,-0.403735
28.1115,14.1555,-0.343016
28.0373,15.1546,-0.197766
27.9186,16.101,0.0430799
28.0199,17.1031,-0.161458
28.0417,18.1242,-0.305905
28.067,19.0605,0.070745
28.0648,20.0428,-0.0272011
28.03,21.0526,0.0304788
27.9845,22.062,-0.0535844
28.0275,23.0301,0.170705
28.0083,24.0418,0.22982
28.0154,25.0517,0.144252
27.9883,25.9147,-0.478594
28.112,26.8084,-0.0419568
28.0279,27.8212,0.0174596
28.0741,28.7971,0.340458
28.9531,0.246467,0.0580157
29.0351,1.14033,-0.279662
29.0911,2.13211,-0.146818
29.0384,3.09616,0.139415
29.0453,4.08737,-0.00361339
28.9925,5.07098,0.306995
29.0954,6.05349,0.0962188
28.9703,7.05167,-0.203385
29.0275,8.03746,3.05185e-06
29.0848,9.05993,-0.125181
29.0327,10.0465,-0.116657
29.0239,11.036,0.0999542
29.0179,11.9724,-0.309607
29.033,12.946,-0.111371
29.1041,13.9687,-0.109198
29.0101,15.0054,-0.0202857
28.9177,16.015,0.100995
29.0332,16.9791,-0.187393
29.0279,17.9617,-0.018186
29.0357,18.9341,0.198639
29.0843,19.9366,0.205924
29.0312,20.9988,-0.0250862
29.0346,22.0058,0.154683
29.0314,22.9723,0.16234
29.0243,23.9941,0.182342
29.0413,24.9941,-0.0612384
29.0137,26.027,-0.223829
29.1129,27.0812,-0.230009
29.0155,28.0374,0.0849147
29.0609,29.0754,-0.0597736
