0.00996124,0.0586505,-0.083224
0.987603,0.0496536,0.00845973
2.01897,0.0306253,0.0058504
3.02743,0.0402387,-0.135279
4.01302,-0.0864406,-0.345134
4.99226,-0.00590533,-0.159664
6.0865,0.0730125,-0.161425
7.0695,-0.0117679,-0.25215
8.07467,0.0297067,-0.110996
9.1429,0.0289193,0.0304331
10.1957,0.00945463,0.0150761
11.1742,0.0185949,0.115174
12.158,0.0345134,0.107721
13.1511,0.0256081,-0.165835
14.1537,-0.0372417,-0.259062
15.1222,0.0202582,-0.0848476
16.1374,-0.00693991,0.0594134
17.155,0.0131809,-0.109326
18.1718,0.0125492,-0.147478
19.062,-0.0253243,0.347472
0.0506455,1.089,-0.00771203
1.04415,1.05375,0.00621662
2.03403,1.03066,0.0604846
3.01745,1.05723,-0.141279
3.94136,0.901682,0.0241218
4.99669,1.03915,-0.182382
5.99219,1.07906,-0.0808618
7.02579,1.01425,-0.21619
8.05783,0.980828,-0.358049
9.03123,1.00686,-0.00774865
9.9727,0.938765,0.39769
10.9786,0.992807,0.165261
11.987,0.995114,-0.00950652
13.0207,1.0586,-0.0494461
14.0319,0.93423,-0.14416
14.9377,1.05344,0.222047
16.0157,0.971975,0.371133
16.9612,0.983813,0.0828639
17.9949,1.02351,-0.0695303
19.0428,0.963375,0.158315
0.00674764,2.05718,-0.0933714
1.02564,2.05129,-0.0471358
1.99643,2.05045,0.0905545
3.00248,2.09246,-0.0850795
4.00721,1.89966,0.0242622
5.02732,2.01606,0.0267953
6.00656,2.1061,-0.072631
6.95998,1.91487,0.224036
7.95845,1.88919,0.0121342
8.9519,2.01504,0.226801
9.94639,1.99793,0.104675
10.9801,2.01307,0.199606
11.921,1.98692,-0.169832
12.9686,2.07737,-0.191684
13.9824,1.94422,-0.107556
15.0257,2.00664,-0.101642
16.0005,1.92822,0.052617
16.9655,2.03407,-0.133717
18.0188,2.02162,-0.171236
19.0105,2.00452,0.0875362
0.0126957,3.05957,0.140794
1.04595,3.06544,0.193286
2.02088,3.07149,0.236396
3.00211,3.14995,-0.080755
3.95675,2.88973,0.0160741
4.9578,3.02039,-0.0948149
5.97223,3.06212,-0.345946
6.92556,2.89643,-0.0991699
7.94136,2.93988,-0.165828
8.95273,3.00108,0.0464614
9.91499,2.97226,0.255513
10.8803,3.03774,0.110514
11.9101,3.0673,-0.0187475
12.9093,3.08699,-0.22075
13.9039,3.00852,-0.274075
14.9011,3.00167,-0.145634
15.9274,2.92629,-0.0427808
16.9447,3.07367,-0.0124454
17.9696,3.04393,0.0595294
18.9649,3.00173,0.0286386
0.0202277,4.06137,0.0262703
1.0183,4.11137,0.107987
2.08206,4.053,0.0110172
3.0924,4.15176,-0.177172
4.0311,3.89822,-0.10987
5.01624,4.04772,-0.323634
6.03467,4.05296,-0.187191
6.90117,3.89188,0.199854
7.97001,3.86546,0.0505417
9.01948,4.05944,-0.112525
10.0132,3.95166,0.248009
10.9688,4.02508,0.0482955
11.9623,4.06326,-0.107868
12.9688,4.08124,-0.0225074
13.9788,4.02748,-0.0926603
15.0484,4.05634,-0.043202
16.0771,3.95012,-0.124824
16.9533,4.01657,0.360714
17.9839,4.02763,0.153444
19.0277,4.0101,0.179092
0.0475661,5.09185,-0.0468764
1.08538,5.12303,0.131986
2.04859,5.06715,-0.207236
3.03236,5.20912,-0.211728
4.03706,4.90305,-0.364046
4.90634,4.99834,0.0644398
5.95275,5.06411,0.0460677
6.96726,4.91571,0.0705741
7.9873,4.85051,-0.185846
9.02436,5.08552,-0.0202063
10.0157,4.93565,-0.062093
10.99,4.99115,-0.085641
11.984,5.08115,-0.15454
12.995,5.10582,-0.103452
14.0095,5.01854,0.116636
15.0245,5.09289,0.0300394
16.0176,4.93242,-0.300055
16.9499,5.01044,0.0763756
17.9727,5.03815,-0.195035
18.9772,5.01025,-0.080578
-0.00115055,6.10049,-0.0471969
1.00841,6.11293,-0.0461745
1.98518,6.12608,-0.273132
3.06369,6.24095,-0.269619
4.01489,5.94838,-0.2399
4.98749,6.03197,-0.0174627
6.02561,6.05646,0.162886
7.01632,5.95479,0.00249336
8.01984,5.89462,-0.144789
8.98407,6.08691,-0.286444
9.97568,5.91886,-0.207685
10.9714,5.97703,-0.262896
11.9296,6.05519,-0.0133976
12.9282,6.10867,0.194882
13.932,6.0044,-0.134336
14.9676,6.15649,-0.133335
15.9509,5.88691,-0.174545
16.9605,5.98627,-0.132224
17.9922,6.00501,-0.0123264
18.994,6.0259,-0.0415845
0.0236671,7.14385,0.0974487
1.00035,7.1322,-0.0651753
2.00579,7.11388,-0.198358
2.97129,7.12396,0.131941
3.98474,6.9506,-0.0907041
4.96879,7.05088,-0.0782159
5.93044,7.08166,0.205799
6.9597,6.96988,0.0581194
7.95282,6.8903,-0.0973876
8.91843,7.0187,0.0438581
10.0085,6.93894,-0.00627461
11.0104,6.86452,0.169802
12.021,7.07511,0.0478256
13.0053,7.05473,-0.129542
14.0406,7.03085,-0.0897
15.0528,7.14652,-0.125538
16.0292,6.90482,-0.0471603
17.0161,6.96547,0.129908
17.9966,7.00005,-0.168758
19.0307,7.02634,-0.0263283
-0.00835902,8.15807,0.0444136
1.01311,8.10863,0.238627
1.95886,8.08721,0.0232948
2.98699,8.14349,-0.0682577
3.9676,7.96456,0.00804163
4.92687,7.99446,-0.42107
5.90016,8.03654,-0.0558733
6.89389,8.00422,-0.00372631
7.99493,7.9593,0.0623737
9.02669,8.00545,0.119498
10.0225,7.92622,-0.0039552
11.0452,7.8729,0.198352
12.0421,8.09273,0.0493362
13.0302,8.02212,0.234205
13.985,8.04713,-0.0373333
15.0021,8.15856,-0.0127812
15.9474,7.8766,0.239274
16.9509,7.9955,0.0953978
17.9567,8.0145,0.0481704
18.9926,8.03478,0.0217933
-0.00295419,9.16744,0.00999786
0.935029,9.11766,0.340742
1.95825,9.00708,0.378762
2.90812,9.14162,0.266085
3.91129,8.93469,0.0300943
4.93963,8.99978,-0.0633259
5.9472,8.96462,0.206848
6.92083,8.99324,0.0884915
7.97516,9.01081,0.0769677
8.95008,9.00692,-0.122224
10.0045,8.90281,0.0831233
11.0262,8.94294,0.322843
11.9791,9.08871,0.194967
13.0345,9.01822,0.0895047
14.0309,9.03331,0.264507
15.0326,9.153,0.239698
15.9889,8.87747,0.126261
16.9983,9.03426,0.0329203
17.973,9.07282,0.266677
18.9972,9.08278,0.0729148
-0.000408948,10.1455,0.153642
0.927909,10.1345,0.509946
1.94588,9.99806,0.567092
2.95011,10.1403,0.467769
3.93205,9.96639,0.0529466
4.94541,10.0407,-0.0425031
5.93056,10.0141,0.202622
6.92456,10.0098,0.100891
7.97555,10.0917,0.0378307
8.99849,9.97462,0.11756
10.0255,9.92641,0.115503
11.0122,9.96558,0.214136
12.0046,10.1107,-0.0089114
13.0076,10.0382,0.0433271
14.0288,10.0301,0.117756
15.006,10.1568,0.234843
15.9922,9.89794,0.176626
17.0367,10.0191,0.103525
18.0293,10.115,0.118274
18.982,10.0483,0.267959
0.0323649,11.1175,-0.0159276
1.05782,11.0275,0.0220344
1.85677,11.001,0.672814
2.89819,11.1494,0.58833
3.90815,11.0078,0.216752
4.92297,11.0336,0.197336
5.93862,11.0316,0.179315
6.97721,10.9125,0.456685
7.99829,11.07,0.20705
8.9698,11.0132,0.248024
10.0163,10.9202,0.355782
11.0053,11.0088,0.323896
12.0117,11.0637,0.260945
13.0148,11.0149,0.102344
14.0298,11.0344,0.0508499
14.9567,11.1537,0.464925
15.9788,10.9571,0.413367
16.9759,10.98,0.381072
18.0207,11.1075,0.297394
19.0139,11.025,0.282058
0.0262734,12.1522,0.0760796
1.00398,12.0358,0.100501
2.01488,11.9607,0.219657
3.0096,11.9994,0.0364605
4.00283,11.973,0.22234
5.04078,12.0647,0.129203
6.01039,11.9764,-0.0898038
6.98784,11.9087,0.231297
7.98742,12.068,0.31059
8.99753,12.0292,0.386453
9.99842,11.9589,0.409391
11.0354,12.0269,0.24709
11.9833,12.007,0.575842
12.9977,12.0111,0.386798
13.9863,12.0299,0.109418
14.9705,12.1401,0.374386
16.0289,11.9939,0.249803
17.0342,11.9726,0.205457
18.0331,12.0905,0.173119
19.025,12.0111,0.0696341
-0.00477004,13.1399,-0.128248
0.998654,13.0775,0.101941
1.97577,12.8835,-0.115122
3.00828,12.9849,-0.248991
4.00257,12.9662,-0.0611621
4.95669,12.9041,-0.387143
5.97611,12.9481,-0.423457
6.881,12.9214,0.0152074
7.87622,12.9968,0.000933866
8.83884,13.0577,0.224128
9.91105,13.0063,0.296921
10.8955,13.0811,0.0882809
11.8897,12.948,0.199606
12.944,13.0185,0.234754
14.0031,12.9971,0.395849
14.9616,13.1249,0.499121
15.9681,13.0061,0.475402
16.9925,12.9317,0.506503
18.0122,13.062,0.197873
18.9686,13.0538,-0.0646229
-0.0459822,14.0739,0.222013
0.977682,14.0513,-0.0507981
2.00635,13.8713,-0.162752
3.05717,13.9805,-0.313111
4.02632,13.986,-0.289599
5.05269,13.9647,-0.373473
6.07203,13.9794,-0.503436
6.99506,13.9266,-0.126713
7.9984,13.9828,0.0256569
9.01133,14.0204,0.0358806
10.0056,14.0517,0.290875
11.0221,14.0387,0.365822
12.006,13.9754,0.0378216
12.9883,14.0593,0.227564
14,14.0431,0.204337
15.058,14.0907,0.29491
16.0904,14.014,0.419822
17.0946,13.9183,0.23578
18.0984,14.0392,-0.0439039
19.046,14.0311,0.256798
0.0336741,15.0808,-0.113034
1.04042,14.994,-0.338038
2.04494,14.8613,-0.332331
3.07255,14.9948,-0.349477
4.07996,14.9718,-0.389236
5.0994,14.9875,-0.590802
6.08411,15.0049,-0.262572
7.08747,14.9342,-0.355214
8.00276,14.9507,0.176495
8.98621,15.0328,-0.113431
9.98529,14.9355,-0.229331
10.9345,15.0572,0.147145
11.9554,15.0109,0.102722
12.955,15.0545,0.304242
13.9605,15.0649,0.374621
14.9683,15.0745,0.115058
15.9664,15.0189,0.414139
16.9683,14.9063,0.0311899
18.0196,14.9741,0.261913
19.0136,15.0413,0.116828
0.0157445,16.066,0.244395
0.987588,15.9523,-0.0326151
1.99629,15.8777,-0.227177
2.9785,16.0107,0.00632344
3.95571,15.9705,-0.233915
5.00819,16.0199,-0.367736
5.97808,15.9829,-0.132649
6.99864,15.9083,0.088345
8.01744,16.0323,0.168954
8.9903,16.062,0.040846
9.98597,15.9399,0.0663839
10.9968,16.0561,0.098471
11.9874,16.0569,0.222883
12.9931,16.0337,0.0792871
13.9996,16.0891,0.186096
15.0276,16.0828,0.154845
16.0291,16.0502,0.427775
17.0558,15.9633,0.00893887
18.0452,15.9719,0.096173
19.0397,16.0624,0.278195
0.0105686,17.0407,0.0542528
1.03161,16.9541,-0.248906
2.00799,16.8576,0.120557
2.95124,16.9609,0.336964
3.94171,16.938,-0.0399121
4.90138,16.9973,-0.116562
5.9372,17.021,-0.0818781
6.99315,16.9188,0.113675
8.01159,17.0379,0.300525
9.02855,17.08,0.204419
9.98351,16.9351,-0.156075
10.9845,17.0417,-0.139943
11.9683,17.047,-0.130113
13.0044,17.0019,-0.251161
13.9695,17.1395,0.190619
15.0004,17.1208,-0.00170293
15.9969,17.0471,0.335221
16.996,16.9845,0.125929
18.007,16.9802,0.0950774
19.0076,17.068,0.216279
0.0247414,18.0636,0.255119
0.910804,18.0015,-0.128645
1.9141,17.928,-0.0161321
2.97552,17.9879,0.0656331
4.01729,17.9465,0.273186
5.05236,17.9964,0.0585772
6.121,17.9901,0.00738243
7.104,17.9331,-0.00412915
8.09615,17.9978,0.00207526
9.07851,18.1227,-0.0504257
10.0692,17.9594,-0.0545915
11.0474,18.028,-0.303406
12.0397,18.039,-0.168502
13.0907,17.9687,-0.0141575
14.0343,18.0304,-0.300711
15.0131,18.1283,-0.1502
15.9801,18.0292,0.189422
17.0599,17.9818,0.145451
18.0758,18.0101,0.0514023
19.0533,18.1216,0.245567
0.0197851,19.0284,-0.243028
1.04724,18.9972,-0.0826807
2.04506,18.995,-0.0132572
3.04534,18.9964,0.101382
4.03607,18.9724,0.0177068
5.02784,19.0011,0.199521
5.99457,18.9786,-0.113218
7.03419,18.9488,-0.00554827
8.05745,19.014,-0.110532
9.00365,19.0383,-0.384097
9.98758,18.9758,0.00864895
10.9993,19.025,-0.293014
12.0367,19.0278,-0.283605
13.0977,19.0005,-0.175903
14.1001,19.0002,-0.0582873
15.0762,19.019,0.31897
16.0531,18.999,0.0292306
17.0617,18.9937,-0.0572649
18.0898,19.0275,0.114573
19.0575,19.1103,0.454375
