0.0947356,0.0636067,-0.553905
0.0498489,1.31137,-0.644038
-0.0168035,2.59623,-0.65649
0.0370495,3.83392,-0.73314
0.0118534,5.08146,-0.671261
0.0267067,6.30657,-0.69096
0.11232,7.51025,-0.745341
0.0853328,8.72817,-0.6408
0.0892788,9.96735,-0.563366
0.263262,11.1812,-0.521876
0.557979,12.3042,-0.383816
0.343101,13.4261,-0.197485
0.33144,14.3229,-0.656566
0.243101,15.3302,-0.486639
0.14929,16.2236,-0.125455
0.249141,17.2562,-0.270278
-0.1253,18.1641,-0.158412
-0.0231361,17.2152,0.25305
0.133528,18.1136,-0.145351
-0.0132969,19.0044,0.193576
0.797131,0.804315,-0.578552
0.828318,2.02918,-0.597006
0.813388,3.19603,-0.606058
0.889431,4.35907,-0.558696
0.896103,5.56371,-0.607068
0.957024,6.75753,-0.560729
1.04468,7.89721,-0.512037
1.03604,9.08713,-0.510599
1.20224,10.2639,-0.414866
1.36223,11.4266,-0.192587
1.63094,12.6119,-0.011362
1.44583,13.7383,0.116529
1.29201,14.7086,-0.333848
1.22478,15.6977,-0.0333171
1.01265,16.5989,0.364821
1.38628,17.2869,-0.265453
0.90857,18.1037,0.0708853
1.0239,17.1146,0.333894
1.08001,18.146,0.272964
0.932948,19.0575,-0.144301
1.82237,1.06657,-0.511026
1.82095,2.22593,-0.455788
1.84022,3.40271,-0.473867
1.88983,4.58522,-0.495645
1.92907,5.78286,-0.477465
1.9718,6.99018,-0.604559
1.98109,8.21725,-0.506482
2.00667,9.46568,-0.435145
2.15127,10.7027,-0.192825
2.30618,11.9557,0.236567
2.45253,13.0932,0.877578
2.32049,14.4928,0.607645
1.86787,15.5066,-0.3859
2.17682,16.2853,0.270013
1.67419,17.1555,-0.310828
2.24942,17.104,0.461443
1.90492,17.9095,-0.0825465
2.0128,16.9377,0.109735
2.04183,17.9089,-0.0869716
1.93389,18.917,-0.134324
2.84954,0.737284,-0.561248
2.87046,1.94127,-0.466008
2.81463,3.06882,-0.545396
2.82801,4.26161,-0.517548
2.85825,5.42012,-0.458455
2.94439,6.60593,-0.437669
2.88142,7.73235,-0.329496
2.92665,8.93536,-0.181948
2.96342,10.1371,-0.167058
2.9807,11.3042,-0.199109
2.86331,12.4605,0.0914396
2.7864,13.5523,0.153572
2.40922,14.5097,-0.222904
2.77422,15.4877,-0.0342509
2.50907,16.4209,-0.218024
3.25875,16.9452,0.266039
2.82448,17.8218,0.281039
2.97185,16.9511,-0.289013
3.06321,17.9665,-0.208988
2.96474,19.0074,0.0507706
3.83999,0.514389,-0.480435
3.87845,1.65002,-0.385177
3.79528,2.76401,-0.500537
3.76575,3.88053,-0.517014
3.823,5.00367,-0.35952
3.82071,6.12007,-0.302301
3.78842,7.17907,-0.301914
3.72298,8.36602,-0.308371
3.69899,9.44821,-0.185257
3.67043,10.5424,-0.287103
3.52923,11.6644,-0.151427
3.46178,12.7284,-0.0971374
3.18681,13.7113,-0.360399
3.46671,14.7064,-0.271975
3.35335,15.7102,-0.227433
4.03456,16.4626,-0.27044
3.68908,17.2273,0.320283
3.96076,17.1102,-0.638578
4.0797,18.1414,-0.405393
3.92455,19.1695,-0.231413
4.82948,0.297809,-0.465239
4.85427,1.37325,-0.570067
4.72298,2.41129,-0.515955
4.72763,3.47221,-0.546287
4.71603,4.57898,-0.52674
4.76475,5.71419,-0.393924
4.71337,6.79069,-0.336543
4.65337,7.84416,-0.374471
4.64545,8.92264,-0.309226
4.53392,9.9775,-0.226988
4.41808,11.0736,-0.343257
4.32432,12.1369,-0.390384
4.09935,13.1363,-0.405506
4.38789,14.1552,-0.316797
4.34747,15.201,-0.231257
4.95496,16.0483,-0.232109
4.60273,16.8721,0.190042
4.97583,17.2372,-0.712568
5.03085,18.2529,-0.719581
4.99413,19.082,-0.124201
5.82582,0.158599,-0.645143
5.81537,1.23055,-0.68891
5.70768,2.30323,-0.793017
5.71481,3.33568,-0.664568
5.68271,4.39277,-0.662484
5.78142,5.47312,-0.642094
5.71683,6.48877,-0.588702
5.69973,7.57598,-0.560814
5.63588,8.64845,-0.478362
5.52102,9.74411,-0.449388
5.45366,10.7731,-0.36885
5.32615,11.8167,-0.391284
5.0748,12.8024,-0.300537
5.34299,13.7554,-0.308051
5.2911,14.7516,-0.189254
5.837,15.5791,-0.235792
5.53254,16.4689,0.0474624
5.95928,17.2328,-0.489358
6.02483,18.2016,-0.718592
5.99076,18.9672,-0.0365581
6.84931,0.128773,-0.588748
6.81582,1.12977,-0.519324
6.71332,2.12436,-0.664464
6.71691,3.17407,-0.493164
6.67937,4.1914,-0.804907
6.72725,5.19492,-0.610758
6.70231,6.19724,-0.69114
6.64335,7.24162,-0.556929
6.5873,8.2875,-0.480343
6.55479,9.42123,-0.416697
6.40195,10.4447,-0.400913
6.26837,11.4309,-0.451891
6.0811,12.4127,-0.279107
6.31871,13.3775,-0.470739
6.31888,14.3691,-0.39169
6.84492,15.2345,-0.158486
6.60649,16.1818,0.0171575
6.92005,17.0316,-0.365801
6.99466,18.0609,-0.537996
7.0033,18.9659,0.0606677
7.80239,0.0156224,-0.366408
7.81039,1.01296,-0.544362
7.69648,2.02677,-0.393429
7.71854,3.05426,-0.482568
7.71341,4.10026,-0.720859
7.81455,5.12,-0.569747
7.71444,6.19586,-0.586319
7.66609,7.20204,-0.363735
7.57915,8.2307,-0.47402
7.60577,9.26893,-0.385824
7.42195,10.2786,-0.402774
7.27995,11.2586,-0.456935
7.19952,12.2565,-0.311835
7.32685,13.2769,-0.330796
7.41081,14.2961,-0.298358
7.87243,15.1274,0.000314341
7.66101,16.0992,0.0397656
7.97326,17.0488,-0.236503
7.97862,18.0296,-0.298618
7.99745,19.0517,-0.116272
8.81567,-0.0824763,-0.427799
8.78601,0.946687,-0.233048
8.72308,1.9595,-0.347633
8.74337,3.04059,-0.297278
8.71615,4.02954,-0.346907
8.83536,5.04494,-0.481942
8.72874,6.06438,-0.435252
8.74763,7.10513,-0.428529
8.60213,8.15717,-0.56852
8.62507,9.19736,-0.568999
8.44035,10.1768,-0.454479
8.35636,11.1985,-0.496051
8.31459,12.1943,-0.256444
8.35122,13.2556,-0.292474
8.40475,14.2468,-0.223627
8.85967,15.0634,0.0761834
8.7651,16.0669,0.0330058
8.99121,17.0489,-0.0178045
8.94889,18.016,-0.00454115
9.01919,19.0423,-0.00982086
9.87073,-0.203491,-0.351238
9.79368,0.821766,-0.212421
9.70728,1.8711,-0.40394
9.72418,2.85835,-0.438234
9.71466,3.86929,-0.202698
9.8339,4.9054,-0.379019
9.76572,5.93656,-0.486706
9.72768,6.93591,-0.600427
9.64445,7.99334,-0.581606
9.657,9.04149,-0.582745
9.46332,10.0701,-0.532038
9.36927,11.1111,-0.498291
9.39146,12.1115,-0.32852
9.36838,13.1323,-0.0617267
9.48171,14.0941,-0.209949
9.84956,15.0767,0.131779
9.74922,16.046,-0.15143
9.97852,17.0437,-0.0808161
10.0191,18.037,0.0221686
10.0345,19.0754,0.0774987
10.868,-0.0493545,-0.151415
10.7899,0.935887,-0.272469
10.7419,1.92568,-0.437724
10.7645,2.92506,-0.298334
10.7239,3.91167,-0.371786
10.8493,4.89598,-0.364483
10.7814,5.99322,-0.387872
10.7381,7.02068,-0.455773
10.7084,8.04768,-0.574963
10.6985,9.04934,-0.622098
10.522,10.0355,-0.607273
10.4103,11.0202,-0.324509
10.4405,12.0431,-0.149385
10.3515,13.0388,0.0621906
10.5373,14.0093,-0.00802637
10.8453,14.9765,0.0235481
10.7901,16.01,-0.0362285
10.9749,17.0154,0.0514817
11.0288,18.0591,-0.00467544
11.0632,19.0559,-0.170974
11.9235,0.0220099,-0.156365
11.8328,1.03371,-0.236882
11.7115,2.01629,-0.0400678
11.8153,3.01724,-0.201251
11.8013,4.00307,-0.133784
11.9037,4.99354,-0.390625
11.8593,6.04959,-0.328278
11.7347,7.07514,-0.360802
11.7707,8.0359,-0.607782
11.7511,9.07426,-0.660598
11.5688,10.0225,-0.59339
11.448,10.9909,-0.213672
11.4891,11.9982,-0.111521
11.4405,12.9883,0.0188879
11.5567,14.0496,-0.0486373
11.87,15.0309,0.0401135
11.8354,16.0651,0.0735679
11.9929,17.0558,0.00589007
12.029,18.0674,-0.223505
12.0699,19.0752,0.0609607
12.9573,0.0345561,-0.13058
12.8437,1.00149,-0.227659
12.7605,2.04279,-0.0937315
12.833,3.0668,-0.199954
12.7942,4.05171,-0.0435774
12.917,5.04116,-0.292245
12.9114,6.05076,-0.357033
12.8267,7.06136,-0.414652
12.8688,8.03008,-0.401654
12.8036,9.02823,-0.482165
12.6194,10.0452,-0.610709
12.5129,11.0082,-0.303085
12.5875,12.0329,-0.197641
12.489,13.0132,-0.0733604
12.5705,14.054,-0.0312265
12.8504,15.0396,-0.210022
12.9121,16.0512,-0.078927
13.0095,17.0872,-0.0540544
13.0926,18.0704,-0.0424604
13.0969,19.0898,-0.0311441
13.9819,-0.0565447,-0.269112
13.8309,0.927052,-0.218644
13.8459,1.96316,-0.213205
13.8444,2.97892,-0.184313
13.8173,3.99518,-0.353713
13.9142,5.01522,-0.294885
13.8966,6.00233,-0.180898
13.8102,7.0075,-0.378686
13.8414,7.98418,-0.0970458
13.8143,8.99467,-0.312217
13.7499,10.02,-0.588656
13.5697,11.0285,-0.375747
13.6495,12.0163,-0.202853
13.6081,13.024,-0.0790124
13.5731,14.0594,-0.0720023
13.8119,14.9698,-0.407965
13.9534,15.9401,-0.154201
14.0623,16.986,0.056563
14.0885,18.0411,-0.0574633
14.0848,19.0564,0.201163
15.0209,-0.0517991,-0.102356
14.8363,0.919712,-0.143895
14.8288,1.88941,-0.272579
14.9074,2.9464,-0.310816
14.893,3.96501,-0.411228
14.8864,4.95111,-0.381857
14.9075,5.94872,-0.125422
14.8395,7.00681,-0.315485
14.9028,8.02218,-0.130189
14.8272,8.9923,-0.303623
14.7559,9.99366,-0.532109
14.6415,10.9292,-0.284445
14.728,11.9308,-0.216565
14.6817,12.9514,-0.17662
14.6472,13.9895,-0.136094
14.8674,15.0229,-0.274941
14.963,16.0519,-0.246471
15.083,17.0357,0.00864589
15.1014,18.1278,-0.0581286
15.0277,19.19,-0.00645161
16.0353,-0.170931,-0.207486
15.8299,0.851979,-0.138395
15.9087,1.84022,-0.210343
15.9174,2.8682,-0.234574
15.9383,3.86554,-0.390313
15.8962,4.89832,-0.447588
15.9261,5.87977,-0.225947
15.8361,6.93164,-0.0840205
15.9881,7.93915,-0.0660298
15.833,8.95994,-0.378518
15.8319,9.96205,-0.517121
15.7172,10.9691,-0.327558
15.8079,11.9987,-0.274844
15.7521,12.9896,-0.26061
15.7514,14.0092,-0.213672
15.8731,15.0282,0.0142674
15.99,16.0425,0.0379986
16.0417,17.0518,0.17936
16.1041,18.085,0.214844
16.0153,19.079,0.247227
17.0811,-0.0585833,-0.0342662
16.945,0.959816,-0.0850215
16.9151,1.95984,-0.0919034
16.9291,2.94591,-0.207025
16.9306,3.99554,-0.311011
16.9528,5.00556,-0.32537
16.9546,6.04375,-0.0564409
16.8605,7.03437,-0.0769585
16.9775,8.02976,-0.38265
16.9291,9.02852,-0.248793
16.8725,9.97619,-0.495486
16.7017,11.0025,-0.510401
16.8711,11.9881,-0.385
16.8141,13.0109,-0.221516
16.8298,14.0443,-0.0079989
16.8676,15.0739,0.0928434
16.9646,16.0761,0.226722
17.0395,17.0883,0.370678
17.128,18.0981,0.38825
16.9676,19.0855,0.491662
18.1165,-0.144478,-0.0173193
17.9753,0.901004,-0.177996
17.9546,1.95347,-0.158238
17.9509,3.01925,-0.277551
17.9101,4.03104,-0.349089
17.9487,5.05459,-0.398154
18.007,6.04112,-0.0765343
17.8722,7.06046,-0.292166
17.9682,8.0477,-0.475658
17.9393,9.01558,-0.265841
17.9398,10.0282,-0.395959
17.7875,11.0488,-0.440788
17.9459,12.0307,-0.378634
17.8288,13.0258,-0.136067
17.8362,14.0733,-0.197833
17.8568,14.9674,0.284805
17.9777,15.9954,0.299658
18.0419,16.9931,0.377068
18.087,17.9408,0.0765282
17.9702,18.8945,0.337153
19.139,0.030018,-0.173119
18.9793,1.06084,-0.0715537
18.9541,2.0682,-0.0270547
18.9566,3.11095,-0.256163
18.9197,4.07194,-0.244481
18.9493,5.04368,-0.51312
19.0019,6.01382,-0.347661
18.8874,7.01135,-0.437672
19.0235,8.0181,-0.308249
18.988,9.08697,-0.367248
18.9559,10.0851,-0.460964
18.8643,11.0656,-0.399191
18.9814,12.0449,-0.438658
18.9044,13.018,-0.207788
18.9179,13.9969,-0.0220649
18.922,14.9851,0.234895
19.0478,16.0138,0.153813
19.0135,17.0118,0.110385
19.0951,17.9894,0.354262
18.9844,18.982,0.373992
