2.7496,2.11279,-0.598837
1.96729,2.71024,-0.24796
1.25611,3.4059,-0.314078
0.402664,3.91757,-0.233018
0.387542,4.91889,-0.0111087
0.468654,5.87,0.271249
0.238087,6.78245,0.545128
0.478912,7.28664,-0.346828
0.43079,8.15994,0.123377
1.23531,7.58586,-0.142589
2.63138,1.35996,0.0400922
2.92336,2.29956,-0.223679
2.07317,2.7817,-0.551198
1.23602,3.34596,-0.40285
1.10694,4.25203,0.00405286
1.2174,5.23494,0.0287729
1.11394,6.19979,0.541517
1.33888,7.13521,0.159093
1.24778,7.93759,-0.458141
2.08809,8.19634,0.0218909
3.33716,0.720286,0.491464
2.61113,1.34514,0.0869381
2.4217,2.28777,0.259264
2.26277,3.15236,-0.254424
2.14357,4.16205,-0.171099
2.19704,5.20535,-0.317838
1.9915,6.09563,0.0770653
2.26431,6.94287,0.552922
1.84935,7.84706,0.421592
2.52758,8.40238,0.944517
3.4859,0.429255,-0.505033
3.54565,1.01442,0.331147
3.34782,1.98854,0.0121586
3.23142,2.97684,-0.0145177
3.15829,4.03168,-0.0723228
3.07657,4.87042,-0.605496
2.94377,5.76248,-0.15949
3.19724,6.64785,0.249861
2.84549,7.58583,0.346446
3.30697,8.4772,0.260537
4.40605,0.877425,-0.508078
3.79555,1.69419,-0.390609
4.18861,2.54262,0.110077
4.00765,3.31867,-0.515165
4.07462,4.3143,-0.298331
4.05402,5.3016,-0.419691
3.89046,6.06139,0.247826
4.05635,6.98767,-0.129481
3.83541,7.83527,0.368194
4.19727,8.68035,-0.173452
4.70793,0.818665,0.415363
4.79823,1.50605,-0.364895
4.62312,2.42873,-0.842424
4.92406,3.12135,-0.183367
4.83469,3.95924,-0.805753
4.87957,4.73633,-0.185089
4.73485,5.71933,-0.192801
4.93631,6.68067,-0.47571
4.60526,7.60871,-0.253859
5.14947,8.41487,-0.0376049
5.74992,0.707239,0.517072
5.79355,1.40589,-0.193667
5.58154,2.16876,-0.7721
5.85844,3.14864,-0.609735
5.79972,4.17167,-0.702289
5.84281,5.06063,-0.188461
5.63652,5.88765,-0.697308
5.86855,6.73805,-0.149452
5.55104,7.74166,0.0783868
5.50311,8.32059,0.963247
6.78118,0.551741,0.501312
6.49567,1.49727,0.524641
6.45296,2.19146,-0.245878
6.52068,3.20429,0.142045
6.81902,3.95926,-0.494623
6.78968,4.98782,-0.543358
6.644,5.96202,-0.60036
6.88039,6.68199,0.149239
6.58946,7.62372,0.00422987
6.27295,7.67841,0.935542
7.64085,1.10907,0.411548
7.30231,1.96063,0.890814
7.35985,2.53956,0.05356
7.51069,3.51517,-0.099884
7.12266,4.22686,0.444255
7.5994,5.00553,0.132112
7.31357,5.96623,0.146745
7.80361,6.79939,0.46765
7.42169,7.25951,-0.381951
6.802,6.97529,0.378497
8.1166,1.92203,0.718882
7.88809,2.59772,1.45538
8.20885,2.84559,0.523865
8.18778,3.8832,0.544969
7.91003,4.71309,0.0900266
8.35649,5.44001,-0.420475
8.26135,6.30472,0.0678152
8.77554,7.10674,0.422575
8.40255,7.41556,-0.474117
7.39611,7.22772,-0.4017
