-0.1656,0.922648,-1.05056
0.0300913,1.28938,-0.14011
0.0274117,2.27322,-0.22577
0.054854,3.29991,-0.185601
-0.0972411,4.2592,-0.442869
-0.0838801,5.27457,-0.33263
-0.112992,6.25671,-0.0995941
-0.123078,7.29015,-0.272582
-0.13517,8.3081,-0.376321
-0.125251,9.30319,-0.399014
-0.114057,10.3525,-0.31648
-0.119944,11.2983,0.0858364
-0.270907,12.2342,-0.32584
-0.142122,13.1724,-0.749202
-0.0518204,14.2288,-1.00053
-0.0842067,15.1462,-0.599738
-0.123746,16.1548,-0.43379
-0.243428,17.1635,-0.125468
-0.112885,18.1352,0.0957274
0.113779,19.111,0.157811
0.0738517,20.038,-0.282647
-0.17105,20.9737,0.0495865
-0.166298,21.9928,0.273583
-0.0925169,22.9922,0.277068
-0.110892,23.9551,0.0498489
-0.142524,24.9662,-0.0441023
-0.0368603,25.946,0.261916
0.00260628,26.7758,-0.313627
-0.0477248,27.7228,-0.00338145
-0.154161,28.7413,-0.130314
0.782571,1.31593,-1.03957
0.962401,1.62907,-0.115213
0.996188,2.63277,-0.310785
1.05203,3.65492,-0.180071
0.851378,4.60538,-0.378994
0.951405,5.57106,-0.372079
0.866994,6.58945,-0.286172
0.7622,7.48841,-0.736332
0.768056,8.51237,-0.803116
0.938533,9.44701,-0.378146
0.871062,10.4504,-0.474358
0.871007,11.4501,-0.219645
0.666616,12.3328,-0.637568
0.853456,13.326,-0.884024
0.914795,14.2862,-1.27598
0.926658,15.1515,-0.737761
0.938972,16.0978,-0.401975
0.782415,17.0931,-0.220777
0.858922,18.092,-0.19407
1.11137,19.0684,-0.162981
1.11957,20.0795,-0.328556
0.812561,20.9442,0.25342
0.848686,21.9859,0.225278
0.959502,22.971,0.273403
0.869012,23.9394,0.0729484
0.832087,24.9293,-0.196258
0.975314,25.8705,0.0331889
1.02793,26.8066,-0.288952
0.856963,27.7501,-0.475311
0.818604,28.6612,-0.118253
1.77335,1.47288,-1.01775
2.02426,1.90212,-0.124375
2.05123,2.83702,-0.543751
2.09006,3.82399,-0.396417
1.86641,4.81219,-0.418836
1.98755,5.80108,-0.232255
1.88589,6.78353,-0.492334
1.73909,7.73454,-0.687564
1.7496,8.7357,-0.753789
1.89507,9.7347,-0.563701
1.92703,10.7293,-0.473443
1.8714,11.7073,-0.29975
1.70363,12.5357,-0.856536
1.92603,13.4476,-1.05487
1.87875,14.3918,-1.42092
1.92326,15.2124,-0.900891
1.86062,16.2105,-0.83506
1.82234,17.1972,-0.426698
1.86098,18.1836,-0.489169
1.95129,19.1804,-0.748109
2.1067,20.1127,-0.381491
1.81517,20.8809,0.198712
1.8597,21.895,0.27539
1.97699,22.9053,0.272127
1.89399,23.9804,0.26213
1.84304,24.8513,-0.181262
1.98573,25.8849,-0.110855
2.09626,26.8486,-0.392001
1.86224,27.8094,-0.581481
1.84099,28.7378,-0.173937
2.74967,1.71445,-0.995822
2.99877,2.11302,-0.0874416
3.12762,3.0576,-0.558586
3.07082,4.02091,-0.243861
2.9088,4.99404,-0.460314
2.98173,5.96998,-0.33509
2.92847,6.95909,-0.469918
2.76156,7.9023,-0.791272
2.79679,8.94736,-0.839573
2.89789,9.95408,-0.613382
2.97959,10.9185,-0.300446
2.86074,11.8568,-0.615992
2.71441,12.7747,-0.968532
2.87515,13.6853,-1.33538
2.89242,14.5694,-1.76534
2.89993,15.3855,-1.14042
2.84463,16.233,-0.642827
2.83338,17.2668,-0.645485
2.85988,18.2612,-0.694317
2.96443,19.2111,-0.881146
3.14066,20.0362,-0.347127
2.88068,20.892,0.152083
2.81712,21.9206,0.0882687
2.98368,22.8785,0.249083
2.90814,23.8833,0.294244
2.84312,24.7772,-0.179308
2.92544,25.7345,0.16487
3.11846,26.6,-0.331138
2.87563,27.6311,-0.473147
2.8332,28.5654,-0.139634
3.78608,1.73783,-0.913688
3.98632,2.37272,-0.168517
4.10073,3.37788,-0.465593
4.03041,4.33235,-0.124876
3.94053,5.31885,-0.233839
3.95889,6.32428,-0.28269
3.88353,7.30543,-0.498267
3.76503,8.21319,-0.878936
3.78976,9.2036,-0.995398
3.93649,10.1395,-0.672549
3.9759,11.1134,-0.455989
3.82849,12.0907,-0.653468
3.7151,12.9377,-1.24592
3.82864,13.9608,-1.14574
3.91419,14.6355,-1.90506
3.92829,15.4229,-1.27524
3.94388,16.2261,-0.722242
3.87657,17.2045,-0.534251
3.89025,18.2376,-0.833946
3.959,19.2179,-0.594885
4.15788,20.1931,-0.521006
3.84753,20.7919,0.223936
3.82864,21.8143,0.108405
3.96066,22.8388,0.057036
3.9022,23.8171,0.279949
3.79655,24.8142,0.109027
3.9387,25.8045,0.113379
4.12593,26.5688,-0.498016
3.86531,27.5081,-0.40882
3.83199,28.4822,-0.132786
4.76444,1.8491,-0.71988
4.93647,2.74604,-0.332237
5.04474,3.74655,-0.412174
5.02239,4.70084,-0.121186
4.903,5.65591,-0.397134
4.92987,6.64605,-0.399908
4.88277,7.62631,-0.281344
4.75733,8.54297,-0.64059
4.7656,9.45449,-1.0735
4.92849,10.4047,-0.768618
4.97472,11.3156,-0.317533
4.87096,12.2779,-0.765709
4.76143,13.0046,-1.46119
4.82233,13.979,-1.4227
4.8938,14.7218,-2.14544
4.94855,15.4118,-1.43689
5.01288,16.2151,-0.834056
4.92921,17.1854,-0.742732
4.91148,18.1369,-0.989554
5.00129,19.0874,-0.645967
5.13559,20.1004,-0.466848
4.87496,20.8288,0.20585
4.84535,21.8209,0.0196051
4.97058,22.7913,-0.177947
4.89736,23.6624,0.28197
4.81472,24.6812,0.168053
4.96692,25.6018,-0.0934782
5.1199,26.5799,-0.163616
4.90212,27.5466,-0.370965
4.87267,28.487,0.0030488
5.74893,2.05706,-0.421683
5.92312,3.03636,-0.362157
6.00359,4.01656,-0.139357
5.97757,5.01126,0.0514908
5.92175,5.90987,-0.470852
5.86546,6.90425,-0.125285
5.87009,7.85445,-0.300742
5.74981,8.9005,-0.496435
5.73426,9.67226,-1.10497
5.92732,10.611,-0.771801
5.91804,11.6109,-0.624042
5.80614,12.5399,-1.02774
5.70522,13.3126,-1.63253
5.77841,14.2535,-1.40581
5.94182,14.6979,-2.32629
5.92717,15.4257,-1.66048
6.04172,16.1558,-0.968856
5.89811,17.1926,-1.04504
5.84105,18.1636,-1.3899
5.99635,18.9006,-0.732099
6.13964,19.8546,-0.402094
5.91142,20.7639,-0.0248848
5.85665,21.818,0.0258827
6.03575,22.8156,-0.120582
5.91461,23.7838,0.213852
5.77937,24.7125,-0.0467208
6.02329,25.6708,0.173394
6.15309,26.6814,-0.0328196
5.96714,27.6311,-0.262862
5.89621,28.5315,0.116819
6.72965,2.34134,-0.491153
6.92023,3.2533,-0.0829707
6.98926,4.27614,-0.268954
6.94238,5.2556,0.00584429
6.93173,6.14337,-0.493609
6.90362,7.10059,-0.179955
6.88699,8.09973,-0.478359
6.83575,9.05527,-0.712049
6.76185,9.99951,-1.10785
6.94314,10.9325,-0.703101
6.91626,11.9649,-0.758861
6.73641,12.8488,-1.28353
6.64003,13.5432,-1.9609
6.7741,14.2454,-1.19626
6.96657,14.6902,-2.11557
6.96644,15.4503,-1.48102
7.05217,16.2584,-0.848643
6.90628,17.2403,-1.10836
6.8495,18.0842,-1.5775
6.94143,18.9405,-1.0259
7.18011,19.8451,-0.598822
6.99503,20.6966,-0.083169
6.86715,21.7463,0.0479873
7.00438,22.7103,-0.214856
6.93203,23.6374,0.14156
6.79592,24.666,-0.114899
7.02832,25.6261,0.253645
7.14394,26.5567,-0.152123
6.90195,27.5183,-0.617765
6.9011,28.3641,-0.0609027
7.7613,2.47658,-0.554357
7.88829,3.41126,-0.115128
7.97545,4.39359,-0.179208
7.91839,5.36229,0.0765893
7.99716,6.26855,-0.315442
7.92404,7.31267,-0.404361
7.89676,8.29299,-0.572274
7.87546,9.29975,-0.81952
7.77352,10.2603,-1.22997
7.98154,11.1625,-0.842906
7.93493,12.1903,-0.879891
7.70934,13.1562,-1.32597
7.68558,13.7722,-2.15917
7.78766,14.4177,-1.40682
7.94705,14.7743,-2.33696
8.06291,15.3418,-1.52651
8.05469,16.1642,-0.972973
7.90734,17.0598,-1.38013
7.8982,18.0923,-1.47338
7.97907,19.0186,-1.05281
8.21177,19.8109,-0.524522
8.00987,20.6696,-0.0826868
7.87725,21.6875,0.0198645
7.97103,22.6973,-0.0338908
7.92136,23.6814,0.320518
7.82644,24.6388,0.0788049
8.04534,25.5623,0.335472
8.0911,26.5633,0.197671
7.85643,27.3526,-0.327073
7.91603,28.3379,-0.0800439
8.71568,2.70041,-0.234999
8.80799,3.67473,-0.404682
8.99821,4.62124,-0.176177
8.97645,5.60521,0.0197089
9.02149,6.53334,-0.352348
8.94972,7.51026,-0.492419
8.89094,8.53602,-0.586886
8.864,9.54636,-0.791824
8.76218,10.5282,-1.00553
8.92845,11.5433,-0.776769
8.82141,12.442,-1.26315
8.72451,13.4239,-1.40456
8.70721,13.6441,-2.39085
8.84601,14.2999,-1.63327
8.95389,14.6275,-2.56118
9.03308,15.2838,-1.79825
9.03908,16.1027,-1.15116
8.96253,17.0846,-1.2754
8.88614,18.0962,-1.41462
9.02063,19.032,-1.10235
9.18968,19.7546,-0.403662
9.07736,20.7111,-0.14015
8.9483,21.6814,0.00687887
8.96606,22.6799,-0.0481185
8.95537,23.6496,0.245256
8.81948,24.6651,0.272726
9.08512,25.6685,0.272219
9.15486,26.6486,0.389682
8.86328,27.3864,-0.252214
8.94795,28.3107,0.2524
9.73731,2.87184,-0.0352824
9.83505,3.81559,-0.436634
9.96321,4.73368,-0.0907926
10.0362,5.72547,-0.0912687
10.0587,6.72668,-0.367312
9.91821,7.70211,-0.647978
9.92857,8.64423,-0.415821
9.88247,9.59728,-0.77272
9.81254,10.5624,-0.960048
9.93867,11.5406,-1.06094
9.84925,12.5104,-1.37509
9.74916,13.4839,-1.67244
9.73538,13.5619,-2.6847
9.83823,14.2952,-1.98659
9.97518,14.7336,-2.85444
10.0058,15.3291,-2.01254
9.95481,16.2132,-1.61176
9.96332,17.0675,-1.13031
9.84135,18.0844,-1.13938
10.103,19.0254,-0.897562
10.2069,19.9485,-0.383032
10.0174,20.9564,-0.45309
10.0228,21.7849,0.114066
10.0124,22.8246,0.0912626
9.94786,23.8161,0.317588
9.822,24.7888,0.107785
10.0235,25.734,-0.25865
10.1485,26.5354,0.316843
9.87167,27.3763,-0.303076
9.95779,28.2153,0.237004
10.7836,2.89791,0.115046
10.8004,3.82158,-0.185888
10.9803,4.79787,-0.00764183
11.089,5.83492,-0.0928373
11.0588,6.81617,-0.415085
10.8988,7.78448,-0.53831
10.9553,8.74539,-0.468767
10.863,9.69882,-0.740205
10.8862,10.6551,-1.08939
10.9326,11.6477,-1.0145
10.9052,12.4094,-1.63237
10.821,13.427,-1.66771
10.7646,13.7133,-2.65977
10.8267,14.3111,-1.90136
10.9916,14.6631,-2.81644
11.0981,15.1972,-1.95983
10.987,16.1909,-1.79401
10.9183,17.1936,-1.47591
10.7957,18.0094,-0.929875
11.0921,18.9448,-0.776992
11.1306,19.9614,-0.744005
11.0544,20.9651,-0.568743
11.0589,21.785,0.088937
11.0121,22.776,-0.0229011
10.9545,23.6749,0.467464
10.8252,24.5489,-0.0140446
11.0213,25.4417,-0.426432
11.0572,26.3845,-0.0639271
10.9027,27.3039,-0.43018
10.9344,28.2048,0.123832
11.8353,2.98241,0.108097
11.8308,3.95625,-0.261864
12.0344,4.89765,0.0747917
12.1406,5.87075,-0.0377697
12.1629,6.8384,-0.292758
11.9652,7.81578,-0.431007
12.0038,8.82434,-0.61276
11.8656,9.81692,-0.675469
11.914,10.7405,-1.13655
11.947,11.7652,-0.980587
12.0199,12.5506,-1.65141
11.8612,13.538,-1.73706
11.7624,13.6064,-2.77175
11.8329,14.3183,-2.11598
11.9691,14.9054,-2.90997
12.1181,15.1392,-1.98081
12.0516,16.1283,-1.74927
11.9356,17.0879,-1.51563
11.859,17.9565,-1.0222
12.1052,18.9434,-0.928141
12.1111,19.93,-0.816984
12.0385,20.7757,-0.32627
12.105,21.7717,-0.170571
11.9761,22.7687,-0.300992
11.9551,23.5284,0.432508
11.85,24.4272,0.0555589
12.0178,25.4078,-0.109915
12.0773,26.4007,-0.271297
11.9522,27.3809,-0.347325
11.9758,28.3122,-0.0305551
12.8824,3.00703,0.121287
12.8175,3.9829,-0.184835
13.033,4.95692,0.00738853
13.1133,5.91798,-0.200909
13.1544,6.87634,-0.477639
12.9739,7.92146,-0.602829
13.0006,8.913,-0.835337
12.8764,9.87242,-0.996268
13,10.823,-1.16134
12.9282,11.8216,-1.21159
13.0446,12.6577,-1.70464
12.854,13.6703,-1.77682
12.8848,13.5452,-2.79255
12.9104,14.2723,-2.09745
13.0533,14.7698,-3.02385
13.1366,15.1622,-2.0745
13.0723,16.0556,-1.55655
12.962,17.0711,-1.50933
12.8548,18.0012,-1.12408
13.1536,18.867,-0.756432
13.1153,19.8517,-0.827567
13.0194,20.7407,-0.275219
13.1159,21.7723,-0.322709
13.0002,22.786,-0.328535
12.9942,23.5766,0.2794
12.9164,24.6179,0.0702719
13.0035,25.6225,-0.100427
13.0415,26.6248,0.00145268
12.9552,27.6066,-0.218097
12.9406,28.4326,0.291952
13.8653,2.98635,0.124375
13.8135,3.95952,-0.0982604
14.0075,4.96183,-0.216736
14.1884,5.97634,-0.0706809
14.1132,6.97039,-0.275997
13.9778,7.83632,-0.779571
13.9961,8.8295,-0.968184
13.9165,9.85548,-1.01202
14.0061,10.8711,-1.02052
13.9985,11.8453,-1.21346
13.9843,12.8477,-1.41325
13.8721,13.887,-1.8094
13.9277,13.712,-2.78529
13.983,14.4143,-1.99053
14.0111,14.5152,-3.00904
14.1619,15.238,-2.26366
14.0501,16.0509,-1.63802
13.9539,17.1179,-1.52101
13.833,18.0631,-1.13367
14.1843,18.8058,-0.58768
14.1139,19.8057,-0.588537
14.0142,20.7294,-0.177477
14.1423,21.7681,-0.124888
13.9639,22.7511,-0.0564867
13.9478,23.7625,0.162255
13.8714,24.7448,0.403101
13.9485,25.4781,-0.240666
14.0275,26.4853,-0.122471
13.9275,27.4778,-0.169274
13.9552,28.4351,0.0620869
14.8739,2.91491,-0.026899
14.8857,3.95338,-0.0870022
14.9941,4.96067,-0.17611
15.2008,5.91049,-0.362365
15.1421,6.89662,-0.398743
15.0865,7.86012,-0.718961
15.0677,8.85231,-0.919428
14.9461,9.89525,-0.934095
15.0499,10.9207,-0.952574
15.0545,11.8752,-1.2679
15.0491,12.8693,-1.42449
14.9103,13.8421,-1.64138
14.9017,13.9672,-2.68654
15.0298,14.5765,-1.92289
15.0323,14.5998,-2.96892
15.1472,15.4602,-2.41192
14.9072,16.3566,-2.08309
14.9493,17.2812,-1.70505
14.9027,18.1726,-1.22387
15.188,18.9056,-0.612693
15.0956,19.8525,-0.36635
15.0255,20.8565,-0.154515
15.1201,21.8689,-0.192392
15.0058,22.8703,0.068099
14.911,23.9056,-0.130457
14.9382,24.6989,0.47007
14.9204,25.5635,0.0239387
15.0572,26.532,-0.164541
14.9376,27.5314,-0.281942
14.9922,28.5405,-0.0798822
15.88,2.97617,0.204996
15.9206,3.94895,-0.00170904
15.9994,4.93272,-0.195367
16.2347,5.89244,-0.38211
16.2211,6.95603,-0.419553
16.1394,7.88339,-0.827821
16.1252,8.90394,-0.871529
16.0349,9.90031,-0.939741
16.0967,10.8844,-1.10456
16.0891,11.8598,-1.39504
16.0538,12.8486,-1.37836
15.9968,13.8088,-1.72852
15.9984,14.0739,-2.75541
16.0047,14.7702,-2.02202
16.0924,14.73,-3.01294
16.2433,15.4348,-2.33345
15.8903,16.2774,-1.93926
15.896,17.1572,-1.40659
15.8465,18.0626,-0.958528
16.2109,18.9271,-0.665673
16.0965,19.9071,-0.429078
16.0862,20.9459,-0.192102
16.1178,21.9176,-0.0165654
16.0511,22.9351,0.00960112
15.9447,23.8313,-0.393878
15.9459,24.6036,0.245161
16.027,25.5625,-0.114927
16.087,26.5412,-0.22176
15.9393,27.4915,-0.521125
16.0259,28.3697,-0.056682
16.8944,2.84133,0.266607
16.9827,3.88485,0.196222
17.0772,4.81592,-0.212769
17.2547,5.78926,-0.367083
17.1846,6.809,-0.396979
17.0736,7.8559,-0.526853
17.1409,8.8176,-0.790899
17.1104,9.87171,-0.783374
17.0963,10.8896,-0.989401
17.1112,11.8941,-1.32764
17.0896,12.9532,-1.39613
17.0548,13.9534,-1.52413
17.0646,13.9987,-2.5829
17.0276,14.7986,-1.98591
17.1489,14.9143,-3.01037
17.2705,15.5345,-2.22666
16.9269,16.37,-1.75022
16.937,17.3708,-1.52553
16.8772,18.1722,-0.909772
17.1831,19.148,-0.552495
17.1228,20.1533,-0.283273
17.1119,21.1745,-0.384838
17.0928,21.9829,0.267177
17.0588,23.0002,0.127503
17.0051,23.9234,-0.260219
16.8587,24.8877,-0.00821863
16.9225,25.776,-0.55219
17.0647,26.7269,-0.313495
16.9097,27.6178,-0.720673
17.0283,28.4986,-0.25128
17.9799,2.89146,0.247017
17.9785,3.8088,-0.125111
18.0921,4.83354,-0.415513
18.2748,5.81356,-0.332295
18.2526,6.82197,-0.236702
18.1311,7.79423,-0.564611
18.1609,8.8174,-0.633122
18.0813,9.84761,-0.668712
18.1435,10.8718,-0.970443
18.1591,11.903,-1.13344
18.1438,12.8891,-1.2446
18.0897,13.8415,-1.51211
18.1245,13.9296,-2.50954
18.0128,14.5616,-1.75199
18.1071,14.7533,-2.80426
18.2879,15.4115,-2.03733
17.91,16.3251,-1.76033
17.9575,17.2864,-1.41678
17.8768,18.2378,-0.915323
18.1997,19.0457,-0.349004
18.1366,20.0581,-0.200394
18.1067,21.0436,-0.302493
18.1055,21.8685,0.261791
17.9979,22.7541,-0.201367
18.0036,23.7692,-0.251204
17.9433,24.77,0.0200751
17.8138,25.7912,-0.068862
18.0165,26.779,0.0198004
17.9429,27.6113,-0.542116
18.0829,28.5725,-0.151527
18.9703,2.8597,0.552211
18.9739,3.71148,0.00798364
19.1184,4.62904,-0.417426
19.3018,5.58048,-0.245103
19.1964,6.56553,-0.427198
19.1774,7.60733,-0.560497
19.179,8.59481,-0.751668
19.0713,9.60829,-0.804798
19.1294,10.6461,-0.846315
19.1515,11.6189,-1.14528
19.162,12.7279,-1.2953
19.0682,13.7389,-1.39958
19.1492,13.8445,-2.38371
19.0651,14.5966,-1.69598
19.116,14.814,-2.72245
19.3289,15.437,-1.93427
18.972,16.3296,-1.63589
18.9158,17.346,-1.61073
18.8953,18.2044,-1.10229
19.2101,18.8941,-0.405383
19.1119,19.8218,-0.138035
19.1314,20.851,-0.178356
19.1102,21.8254,0.0683493
18.9807,22.7834,-0.147728
19.0348,23.8212,-0.248088
18.9879,24.7439,0.266298
18.8201,25.7308,0.168468
18.9628,26.6241,-0.363405
18.9675,27.6836,-0.453963
19.073,28.6128,-0.129771
19.912,2.96734,0.928559
19.9511,3.4958,0.0969268
20.0866,4.38405,-0.355693
20.2987,5.35216,-0.139698
20.1476,6.3755,-0.311441
20.1544,7.35829,-0.534046
20.1768,8.40014,-0.704242
20.0716,9.41383,-0.580178
20.1091,10.4702,-0.521061
20.1504,11.3742,-1.04166
20.073,12.3568,-1.26358
20.0176,13.3762,-1.23097
20.1348,13.8492,-2.09565
19.9714,14.4167,-1.28919
20.0317,14.7163,-2.21169
20.359,15.6359,-1.97519
19.9619,16.333,-1.36517
19.9629,17.3251,-1.61845
19.8903,18.0249,-0.873272
20.2111,18.9058,-0.477953
20.1576,19.8376,-0.21019
20.1585,20.8339,-0.111338
20.1539,21.7844,-0.194876
20.0096,22.7997,-0.0309091
20.0188,23.8176,0.0841578
19.9786,24.8215,0.294626
19.8494,25.8349,0.179397
20.0044,26.7633,-0.256542
19.9598,27.7575,-0.199939
20.1035,28.7159,0.0949614
20.9428,2.97012,0.783978
20.9063,3.17054,-0.18742
21.0578,4.14949,-0.113361
21.2564,5.11546,-0.0427198
21.1517,6.13321,-0.247493
21.1352,7.13421,-0.390814
21.1805,8.10105,-0.636259
21.0309,9.04191,-0.314768
21.0894,10.0537,-0.479962
21.0719,10.9878,-0.789193
20.9798,11.9311,-1.21566
20.9338,12.9432,-1.09321
21.1413,13.6221,-1.92664
21.0508,14.2588,-1.1229
21.0028,14.4943,-2.10297
21.2947,15.4151,-1.62504
20.9246,16.3426,-1.63714
20.9692,17.324,-1.55623
20.9135,18.0854,-0.938096
21.1885,19.0249,-0.58215
21.1307,20.0403,-0.3566
21.0866,20.8525,0.217142
21.1292,21.8409,0.123878
21.046,22.893,0.00937834
20.983,23.8805,-0.00928983
21.0355,24.8083,0.368606
20.8761,25.7629,0.374871
21.036,26.708,-0.093582
20.9794,27.7359,-0.216517
21.1413,28.7201,-0.0403088
22.0021,2.87946,0.748048
21.9008,3.01427,-0.247517
21.9984,3.91485,0.238343
22.2681,4.89153,-0.121711
22.1306,5.86038,-0.204065
22.0939,6.86825,-0.242879
22.2029,7.8377,-0.462572
22.0009,8.80416,-0.263625
22.0907,9.71249,-0.681704
22.0255,10.6933,-0.918165
22.0168,11.6833,-1.10487
21.9954,12.6779,-1.15103
22.1817,13.3587,-1.85064
22.0322,13.9535,-1.01068
21.9762,14.4687,-1.8668
22.3504,15.3942,-1.54443
21.9695,16.2895,-1.32899
22,17.2815,-1.31882
22.0113,18.1736,-0.911609
22.1665,18.9693,-0.285726
22.1287,19.9421,-0.0107761
22.1169,20.9465,0.00110782
22.1637,21.9276,0.158699
22.0834,22.9447,0.124293
21.9553,23.8993,-0.180428
22.0144,24.8154,0.242238
21.8992,25.7955,0.270376
22.0479,26.6523,-0.214725
22.0156,27.6861,-0.351689
22.1245,28.6022,-0.0368328
23.0381,2.67158,0.919797
22.8642,2.81677,-0.0935636
23.0559,3.79359,0.172845
23.2003,4.68146,-0.248021
23.1413,5.65213,-0.0881283
23.0794,6.67399,-0.251805
23.1939,7.66842,-0.430226
22.972,8.64211,-0.45005
23.0285,9.62927,-0.322477
23.0631,10.5576,-0.659136
23.017,11.5761,-0.881936
22.9982,12.518,-1.23425
23.2063,13.3689,-1.74792
23.037,13.7036,-0.846635
22.8924,14.4577,-1.46749
23.1735,15.3076,-1.05647
23.0381,16.2803,-1.04156
23.0025,17.2603,-1.07778
23.0403,18.2465,-0.799872
23.1383,18.9783,-0.0755974
23.1819,19.9562,0.224717
23.1337,20.9483,0.161663
23.1592,21.8587,-0.201019
23.085,22.8651,0.0166082
22.9478,23.8312,-0.190847
23.0328,24.8181,0.0573107
22.94,25.7271,0.478057
23.0734,26.4761,-0.147588
23.0255,27.4368,-0.473067
23.0728,28.4213,-0.278918
24.0575,2.73551,0.922147
23.8138,2.48843,0.000253304
24.0286,3.48425,-0.0235267
24.2452,4.45779,-0.0853267
24.0969,5.4217,0.0491287
24.1268,6.4467,-0.287103
24.1732,7.45614,-0.565749
24.0018,8.49734,-0.59646
24.1002,9.43443,-0.308188
24.0931,10.3694,-0.77459
24.035,11.3375,-1.05818
24.0453,12.3417,-1.09278
24.2398,13.1075,-1.7351
24.0588,13.5646,-0.838612
23.9418,14.4988,-1.24033
24.1755,15.4031,-0.943419
24.0664,16.361,-1.26774
24.0213,17.3571,-0.990695
24.0376,18.3531,-0.986694
24.1439,18.7637,-0.0713492
24.2008,19.8121,-0.0316263
24.0505,20.8171,-0.197833
24.1719,21.8651,-0.145985
24.1099,22.881,0.164653
23.9849,23.9066,-0.0457442
24.0602,24.9082,-0.0363536
23.9479,25.7069,0.600171
24.0467,26.4871,-0.0536973
24.0261,27.4506,-0.157012
24.1249,28.4663,-0.309281
25.0817,2.41442,1.03197
24.791,2.38782,0.0741295
25.0773,3.31027,-0.150002
25.2299,4.29822,-0.0686148
25.0442,5.22931,-0.240437
25.1186,6.28439,-0.102246
25.2802,7.25463,-0.477456
24.9826,8.24072,-0.473086
25.1138,9.2096,-0.490652
25.1307,10.1951,-0.698773
25.0588,11.1891,-0.820563
25.052,12.1612,-0.757711
25.1583,12.9405,-1.40452
25.0128,13.5353,-0.631086
24.9295,14.3624,-1.18007
25.1977,15.4048,-1.06733
24.99,16.383,-0.91832
25.0469,17.3746,-1.04234
25.0262,18.3531,-0.812894
25.1537,18.8504,0.0943815
25.2372,19.9029,-0.0813898
25.078,20.9493,-0.0195441
25.1829,21.8889,-0.193329
25.1329,22.8907,0.013303
24.9971,23.8697,-0.154781
25.0363,24.9035,-0.212629
24.9413,25.7142,0.370675
25.0997,26.5315,-0.170733
25.0429,27.5131,-0.0750999
25.1519,28.5452,-0.0892819
26.1022,2.17466,0.930265
25.7778,2.04936,-0.0211066
26.0338,2.97115,-0.390594
26.1913,3.97611,-0.146712
26.0325,4.97523,-0.134339
26.1145,6.00581,-0.12869
26.2868,7.01766,-0.435463
25.9861,7.9553,-0.541386
26.1394,8.90191,-0.402747
26.1397,9.88206,-0.672829
26.1076,10.8578,-0.603928
26.0537,11.8388,-0.684317
26.1214,12.7489,-1.12275
26.072,13.4384,-0.439232
25.9478,14.3559,-0.857137
26.0752,15.3331,-0.643464
25.9863,16.3037,-0.769112
26.0294,17.325,-0.844704
26.0253,18.3285,-1.10111
26.0825,18.9208,-0.262041
26.2449,19.865,0.207294
26.1292,20.8715,-0.0216285
26.126,21.9151,0.12458
26.0695,22.8865,-0.23852
26.0512,23.8617,0.0453932
26.0291,24.8571,0.143364
25.9225,25.7987,0.531486
26.1362,26.5017,-0.194073
26.0668,27.4939,-0.121723
26.196,28.5401,-0.0841609
27.1669,2.16307,0.835942
26.8008,1.81324,-0.00543229
27.08,2.75175,-0.334037
27.1733,3.73867,0.0353557
27.1112,4.76048,0.00145268
27.1413,5.78307,-0.320286
27.2157,6.76428,-0.160137
27.0528,7.66157,-0.538963
27.0805,8.65335,-0.54373
27.1653,9.69138,-0.448335
27.0946,10.6861,-0.308487
27.0649,11.6496,-0.63321
27.1194,12.615,-0.794363
27.0816,13.5798,-0.352757
27.0272,14.4887,-0.798123
27.051,15.4935,-0.892615
27.0202,16.4393,-0.624226
26.9802,17.38,-0.365664
27.051,18.2531,-0.902707
27.1571,19.1758,-0.463741
27.3074,19.9741,0.139659
27.0946,20.8454,-0.332527
27.1265,21.7619,0.0193457
27.119,22.7755,-0.219672
27.0733,23.725,0.212918
27.0248,24.7546,0.190002
26.9574,25.7583,0.335261
27.2047,26.5938,-0.209171
27.0596,27.6626,-0.0845454
27.2191,28.6711,-0.08446
28.1778,1.84443,0.991717
27.841,1.71206,0.0491104
28.1043,2.59005,-0.386047
28.1293,3.41981,0.243922
28.0499,4.44645,0.283227
28.124,5.37745,-0.176858
28.1741,6.39752,-0.288379
28.0357,7.41321,-0.553383
28.1081,8.42102,-0.489801
28.1851,9.37924,-0.295477
28.1325,10.4088,-0.171508
28.0694,11.3971,-0.467922
28.1384,12.3948,-0.76914
28.1308,13.4208,-0.537111
28.013,14.3799,-0.913648
28.094,15.3908,-0.875668
28.0349,16.3336,-0.472539
28.0006,17.3173,-0.274859
28.0767,18.1375,-0.862697
28.1449,19.0591,-0.399139
28.247,20.0384,-0.130519
27.9979,20.9823,0.0205878
28.1228,21.9536,0.00156865
28.1172,22.8671,-0.264431
28.0906,23.829,0.0143132
28.0568,24.8344,0.270968
27.9594,25.7768,-0.0422498
28.2013,26.7914,-0.0665242
28.0899,27.7795,-0.0155828
28.1803,28.7952,-0.195141
29.0947,1.44751,1.23034
28.9076,1.62212,0.259658
29.1191,2.40103,-0.350246
29.1041,3.29522,0.0997131
29.1237,4.25579,0.476443
29.1255,5.15692,0.0590625
29.1212,6.17719,-0.0201025
29.0124,7.16888,-0.263656
29.0846,8.13887,-0.221113
29.2111,9.09263,-0.0668905
29.1338,10.136,-0.243681
29.0786,11.1293,-0.340928
29.1011,12.1214,-0.425159
29.1294,13.1519,-0.543562
29.0134,14.1548,-0.617246
29.0941,15.1361,-0.726969
28.9832,16.0605,-0.307096
28.9985,17.0842,-0.260695
29.0089,18.0747,-0.583395
29.1758,18.9893,-0.276339
29.259,19.9907,-0.24897
28.9862,20.9442,-0.0251381
29.1112,21.9482,0.257372
29.1159,22.8785,-0.0907193
29.1093,23.9064,0.0582537
29.0309,24.9033,0.051677
29.0131,25.8807,-0.150386
29.176,26.9058,-0.387744
29.0626,27.9244,-0.236375
29.1864,28.9307,0.0618702
