0.1022,0.168102,-1.59938
-0.00714438,1.47338,-1.65831
0.0165807,2.7334,-1.60268
0.056148,3.96924,-1.6828
0.0711112,5.21275,-1.77335
0.108591,6.44801,-1.97793
0.165194,7.69583,-2.06316
0.185592,8.96911,-2.23611
0.199622,10.2073,-2.47699
0.381176,11.3842,-2.71731
0.597678,12.5452,-2.89191
0.726786,13.662,-2.77912
0.37973,14.6402,-2.40176
0.282858,15.7068,-2.05599
0.128962,16.5853,-1.41371
0.230607,17.5869,-1.17591
-0.11446,18.2964,-0.561513
0.00703757,17.9622,-1.47902
0.117215,18.4125,-0.596521
-0.0456221,19.0092,0.230674
0.82577,0.971276,-1.61671
0.807318,2.14038,-1.66001
0.858101,3.33512,-1.74935
0.941246,4.54346,-1.90744
0.924531,5.79168,-2.0829
0.93188,7.03946,-2.14102
0.965319,8.27749,-2.32726
1.01674,9.45464,-2.56837
1.14082,10.6771,-2.78902
1.33651,11.8617,-3.13872
1.53958,13.0689,-3.40907
1.61754,14.2097,-3.16196
1.38259,15.0334,-2.53399
1.33579,16.0635,-2.10781
1.18814,16.7911,-1.42452
1.16545,17.7906,-1.53383
0.937022,18.3765,-0.767687
1.00884,17.9092,-1.65317
1.0764,18.6366,-0.950459
1.00148,19.0282,-0.0301675
1.81972,1.22742,-1.70008
1.80765,2.42286,-1.76304
1.85678,3.58899,-1.91681
1.97356,4.82548,-2.02972
1.9514,6.05566,-2.19875
1.95645,7.32406,-2.28767
1.93774,8.61364,-2.50588
1.97953,9.86791,-2.8352
2.07777,11.1774,-3.13457
2.12613,12.4751,-3.63507
2.25636,13.8612,-4.11249
2.28391,15.1001,-3.44429
2.12319,15.5888,-2.05627
2.1335,16.8546,-2.21455
2.06224,17.3129,-1.05665
2.14053,17.9569,-1.78041
2.01741,18.3673,-0.851744
2.00006,17.768,-1.70374
2.07187,18.5691,-0.994748
2.0317,18.9556,-0.100195
2.89069,0.987597,-1.67616
2.78433,2.1627,-1.76671
2.85048,3.3578,-1.79685
2.93393,4.57187,-2.0074
2.9149,5.77547,-2.08388
2.87609,6.93321,-2.25272
2.87878,8.1581,-2.37926
2.90834,9.32802,-2.65193
2.957,10.5705,-2.91958
2.82685,11.7432,-3.21544
2.71247,12.9186,-3.3919
2.69513,14.0067,-3.11985
2.75968,14.8596,-2.43023
2.64489,15.8563,-2.12286
2.63025,16.4962,-1.35572
2.92298,17.4137,-1.62462
2.9311,17.8422,-0.710959
3.04474,17.7809,-1.70251
2.96028,18.0543,-0.728883
2.91379,19.0208,-0.542918
3.87912,0.666768,-1.67692
3.77849,1.85098,-1.76502
3.8101,2.99711,-1.86262
3.86705,4.15965,-1.98281
3.83453,5.2929,-1.99769
3.7779,6.43802,-2.08918
3.77314,7.61398,-2.15225
3.75773,8.71088,-2.46186
3.675,9.89482,-2.55001
3.59502,10.9696,-2.83007
3.44031,12.0602,-2.98223
3.39364,13.1839,-2.75692
3.37997,14.0615,-2.2586
3.41329,15.0759,-2.02833
3.54055,15.8649,-1.45329
3.65563,16.8185,-1.29054
3.86688,17.4433,-0.46455
4.00524,17.7095,-1.41715
3.98346,18.2218,-0.563076
3.8871,19.1937,-0.339521
4.88578,0.464992,-1.70097
4.79093,1.60432,-1.70436
4.79538,2.68531,-1.80527
4.80777,3.77282,-1.85602
4.80236,4.92692,-1.80069
4.76419,6.07414,-1.84801
4.69689,7.16747,-1.92606
4.59436,8.23952,-2.0418
4.57767,9.32978,-2.23354
4.46774,10.4216,-2.48507
4.32679,11.5382,-2.54322
4.27006,12.5419,-2.50342
4.24925,13.4927,-2.04771
4.36899,14.5118,-1.82923
4.41969,15.3257,-1.20179
4.59548,16.3245,-1.08643
4.74375,16.8927,-0.262889
5.01896,17.3834,-1.15784
4.94359,18.3116,-0.842473
4.84245,18.9961,-0.123325
5.87568,0.186471,-1.41819
5.74506,1.26988,-1.44909
5.69378,2.36766,-1.44161
5.69507,3.50867,-1.49604
5.71058,4.59155,-1.60121
5.76498,5.6286,-1.81974
5.63045,6.79434,-1.89113
5.5718,7.90642,-1.91227
5.4168,8.93355,-1.85469
5.41944,9.95606,-2.10691
5.2646,10.9663,-2.32175
5.22562,12.0741,-2.26766
5.2209,12.9863,-1.78921
5.32177,13.9612,-1.69137
5.43836,14.8867,-1.33064
5.55033,15.9014,-1.13927
5.65792,16.3672,-0.254723
5.95328,17.2113,-0.727073
5.95586,18.2232,-0.802435
5.8298,19,-0.200369
6.85,0.08258,-1.06193
6.75393,1.18929,-1.13548
6.73324,2.28035,-1.2749
6.7309,3.33051,-1.30801
6.71396,4.41379,-1.42467
6.72175,5.49665,-1.42484
6.64615,6.55941,-1.62226
6.49008,7.5873,-1.78246
6.49019,8.65834,-1.84526
6.42179,9.65518,-1.97208
6.26121,10.7123,-2.08561
6.21198,11.7202,-2.11312
6.29895,12.6758,-1.786
6.28925,13.5819,-1.35858
6.35881,14.5128,-1.02134
6.54504,15.5183,-1.00595
6.65924,16.097,-0.155031
6.92118,17.0644,-0.475567
6.96217,18.0584,-0.622874
6.80136,18.8563,-0.0520096
7.9074,0.0332743,-0.955989
7.75134,1.09788,-0.83827
7.70501,2.14698,-0.914078
7.7123,3.15612,-1.08886
7.70986,4.19737,-1.17609
7.72927,5.25826,-1.31267
7.62238,6.34173,-1.28935
7.52298,7.35007,-1.51543
7.50352,8.37492,-1.69972
7.4705,9.40064,-1.75022
7.29625,10.3904,-1.87491
7.19744,11.4109,-1.87584
7.32915,12.4363,-1.52862
7.35325,13.4222,-1.33332
7.37754,14.3409,-0.974004
7.55196,15.354,-0.87441
7.70027,16.1131,-0.231953
7.94216,17.0291,-0.611139
8.00428,18.0431,-0.552495
7.8318,18.9801,-0.292251
8.90745,-0.0945738,-0.908765
8.79336,0.999551,-0.811832
8.7212,2.06199,-0.788833
8.75282,3.06616,-1.14956
8.73928,4.07689,-1.14025
8.7049,5.08937,-1.03059
8.63556,6.10238,-1.30429
8.54133,7.12428,-1.50143
8.55409,8.19415,-1.52985
8.50246,9.22585,-1.68586
8.39647,10.2662,-1.73357
8.28764,11.2417,-1.62147
8.34235,12.2271,-1.42982
8.44986,13.2427,-1.32059
8.43405,14.2587,-1.11394
8.60023,15.2414,-0.812259
8.7331,16.1037,-0.342277
8.95915,17.085,-0.368432
9.07046,18.0993,-0.346126
8.84938,19.1159,-0.306061
9.9426,-0.17607,-0.774538
9.83128,0.841069,-0.869176
9.71577,1.86366,-0.733442
9.72806,2.87948,-0.772442
9.72957,3.90134,-0.997104
9.75768,4.94342,-1.07186
9.65376,5.94355,-1.2831
9.56872,7.05311,-1.27794
9.56927,8.06875,-1.26662
9.52508,9.10811,-1.30348
9.4353,10.1153,-1.48087
9.33067,11.1631,-1.46565
9.40945,12.2225,-1.40391
9.4589,13.1905,-1.09735
9.47871,14.1898,-0.928648
9.66052,15.2316,-0.652681
9.7399,16.1016,-0.103116
9.98508,17.018,-0.415516
10.0818,18.066,-0.151146
9.88868,19.0758,-0.325605
10.9819,-0.104935,-0.605023
10.8472,0.871465,-0.740052
10.7105,1.90037,-0.788845
10.7915,2.90173,-0.932649
10.7638,3.9458,-0.897205
10.782,4.97641,-0.940522
10.6697,5.97795,-1.19761
10.6047,7.03692,-1.23669
10.6758,8.04031,-1.20188
10.5863,9.07364,-1.10093
10.5035,10.0949,-1.27319
10.4026,11.1462,-1.24105
10.4766,12.1427,-1.25026
10.4417,13.1496,-1.0569
10.5229,14.1403,-0.679192
10.6445,15.1223,-0.428446
10.7902,16.0935,-0.129817
11.0171,17.0553,-0.278048
11.1155,18.0926,-0.172509
10.9121,19.0969,-0.348695
11.9745,0.0834193,-0.506845
11.9295,1.04388,-0.78186
11.7934,2.03427,-0.742393
11.8214,3.03812,-1.13843
11.8209,4.016,-1.04429
11.8233,5.03232,-1.00916
11.7085,6.08847,-1.02826
11.6888,7.10829,-1.12536
11.7163,8.10379,-1.01831
11.6138,9.07959,-0.985974
11.5281,10.0997,-1.02051
11.4465,11.14,-1.0848
11.4656,12.2091,-1.14715
11.5011,13.2318,-1.196
11.5649,14.1959,-0.69657
11.6589,15.1299,-0.353716
11.8439,16.1369,-0.350829
12.0272,17.1118,-0.399969
12.1192,18.1373,-0.329084
11.9794,19.127,-0.361727
12.9618,-0.0190374,-0.349864
12.9424,0.961785,-0.612244
12.8148,1.94699,-0.576254
12.7787,2.90758,-0.869045
12.8429,3.93851,-0.761824
12.854,4.9635,-1.00965
12.7007,5.96615,-0.890127
12.672,7.01725,-0.866149
12.7187,8.08824,-0.945491
12.6936,9.07363,-0.888067
12.583,10.0939,-0.915668
12.4799,11.1413,-0.937712
12.5415,12.2111,-1.05314
12.5517,13.217,-1.17551
12.6591,14.1791,-0.818476
12.7209,15.1219,-0.484805
12.9471,16.0839,-0.432957
13.0407,17.0557,-0.193057
13.026,18.0894,-0.028666
12.9479,19.0967,-0.166228
14.0117,-0.144533,-0.475658
13.9503,0.839146,-0.56418
13.8636,1.88202,-0.512027
13.7714,2.89052,-0.696048
13.8411,3.91074,-0.516932
13.8607,4.89136,-0.784457
13.7496,5.92972,-0.751027
13.7067,6.96223,-0.706046
13.7131,8.01698,-0.687048
13.7038,9.03945,-0.713468
13.6222,10.0519,-0.887918
13.5659,11.0987,-0.977023
13.5687,12.1024,-0.919868
13.6103,13.1386,-0.878076
13.6664,14.1308,-0.777499
13.7949,15.1582,-0.548564
13.9339,16.1921,-0.317078
14.0282,17.2093,-0.512305
14.0061,18.0981,-0.0845149
13.9839,19.1143,-0.184017
15.0229,-0.110642,-0.312363
14.9648,0.865987,-0.336869
14.8695,1.86781,-0.420826
14.8214,2.89744,-0.652116
14.9,3.86083,-0.48883
14.8275,4.91542,-0.573424
14.7827,5.94219,-0.705881
14.75,7.03741,-0.674743
14.7777,8.04659,-0.746187
14.7443,9.0425,-0.689886
14.7005,10.0387,-0.811585
14.5482,11.0455,-0.601352
14.6663,12.0535,-0.674392
14.6656,13.1282,-0.71587
14.7568,14.1399,-0.557512
14.8002,15.1917,-0.610855
14.9315,16.1723,-0.432835
15.0149,17.2063,-0.392334
15.0628,18.1554,-0.0252785
14.9862,19.1827,-0.0733726
16.0493,-0.141017,-0.401663
15.9876,0.904602,-0.45902
15.9442,1.93877,-0.463286
15.8517,2.92994,-0.633311
15.8782,3.92891,-0.432179
15.8268,4.98454,-0.528028
15.8587,5.99709,-0.644264
15.772,6.97206,-0.809534
15.827,7.97587,-0.877883
15.7387,8.98473,-0.871117
15.7785,9.99825,-0.86415
15.6334,10.9785,-0.479327
15.7293,12.0033,-0.629542
15.7583,13.0578,-0.562545
15.8174,14.1043,-0.651912
15.8547,15.1301,-0.50831
15.9662,16.1539,-0.390973
16.0381,17.1532,-0.522971
16.1225,18.1307,-0.0578784
16.059,19.1902,-0.090524
17.0786,-0.101468,-0.460591
17.0126,0.955318,-0.473077
16.9653,1.99254,-0.290701
16.8674,2.94155,-0.460247
16.8325,3.94845,-0.561116
16.8873,4.94154,-0.538942
16.9015,5.96765,-0.384429
16.8323,6.92235,-0.686032
16.856,7.94041,-0.831574
16.7865,8.94323,-0.657726
16.7882,9.98426,-0.605728
16.6896,10.9954,-0.484729
16.7929,12.0105,-0.502042
16.7445,13.0091,-0.426789
16.8179,14.0174,-0.367568
16.8644,15.0355,-0.550258
16.9501,16.0064,-0.216614
16.9,17.039,-0.038255
17.0172,17.9755,0.224921
16.9904,19.0015,0.27449
18.0681,-0.178762,-0.490655
18.0825,0.864595,-0.487033
18.007,1.88411,-0.33517
17.868,2.98609,-0.471407
17.8038,3.95976,-0.354884
17.9605,4.91654,-0.559459
17.9808,5.91468,-0.466268
17.8185,6.93454,-0.561184
17.9135,7.93552,-0.811597
17.868,8.95472,-0.755724
17.8696,10.0409,-0.545042
17.8016,11.0924,-0.455754
17.8632,12.1013,-0.518726
17.8196,13.1015,-0.445888
17.884,14.1164,-0.271203
17.9189,15.126,-0.476278
18.0005,16.0858,-0.212049
17.9228,17.1046,-0.213425
18.0807,18.0016,0.248625
17.9453,18.9284,0.654366
19.1354,0.0280648,-0.524723
19.1139,1.02999,-0.519279
19.0512,2.04838,-0.312665
18.9376,3.05209,-0.320957
18.8841,4.03282,-0.174865
19.0038,5.03113,-0.328224
19.0101,6.01151,-0.530128
18.8944,6.99019,-0.358565
18.9552,7.97544,-0.651802
18.9467,9.02091,-0.66852
18.9193,10.0299,-0.414988
18.9479,11.0418,-0.490747
18.9371,12.0258,-0.382217
18.8674,13.0387,-0.390561
18.8941,14.0387,-0.395001
18.9841,15.0634,-0.202899
19.0705,16.0965,-0.327833
18.9699,17.0968,-0.223051
19.0855,18.0115,0.150114
18.9233,18.9582,0.418174
