-0.120963,0.595093,-0.799512
0.0330699,1.24788,-0.0305246
0.0463332,2.21744,-0.139097
0.000424207,3.17824,-0.382992
-0.0538499,4.1714,-0.262987
-0.053206,5.18899,-0.208582
-0.0983123,6.2057,-0.133348
-0.0975921,7.18262,-0.0841762
-0.121732,8.2169,-0.257198
-0.0897549,9.24689,-0.322257
-0.0913114,10.259,-0.279104
-0.0847865,11.231,0.117765
-0.0861904,12.184,-0.282217
-0.112177,13.1508,-0.454186
-0.0330912,14.1432,-0.664135
-0.0710318,15.1278,-0.532289
-0.109076,16.1245,-0.403049
-0.201175,17.163,-0.356722
-0.15497,17.993,0.209861
0.0913358,19.075,0.175805
-0.0360546,19.9831,-0.291849
-0.13932,21.003,-0.0142308
-0.152489,22.0164,0.0595904
-0.073043,23.0563,0.143486
-0.0905332,24.0438,0.131458
-0.125645,25.0386,0.00636616
-0.0271981,25.9695,0.351085
0.0144902,26.8724,-0.0515763
-0.0677572,27.8579,0.0323435
-0.107938,28.8929,0.264986
0.939915,0.792114,-0.898349
1.03519,1.52417,-0.21204
1.0182,2.53663,-0.0228675
1.00643,3.52169,-0.222703
0.937645,4.5021,-0.0581072
0.887954,5.5073,-0.351402
0.904798,6.48001,-0.145125
0.929319,7.47912,-0.241005
0.877862,8.47302,-0.339131
0.980999,9.47541,-0.582269
0.893112,10.4868,-0.357207
0.937217,11.3592,0.0824549
0.922404,12.2259,-0.509415
0.894507,13.2539,-0.645921
0.96801,14.2621,-0.785168
0.940889,15.3052,-0.74192
0.870208,16.2176,-0.282763
0.766503,17.1916,-0.0263314
0.85385,18.1771,0.217454
1.12697,19.1122,0.0251564
0.99776,20.085,-0.343919
0.847719,21.0544,-0.285214
0.831788,22.0828,-0.0497391
0.925077,23.0164,0.210608
0.908094,24.0437,0.16794
0.875567,25.014,0.247655
0.938102,25.9949,0.111856
1.07931,26.9537,-0.101099
0.953743,27.9982,-0.173537
0.922764,28.9968,0.101712
1.9652,0.812528,-0.708655
2.01007,1.78039,-0.485904
2.01448,2.72818,-0.149889
2.06481,3.71241,-0.262188
1.97733,4.75347,-0.156221
1.91375,5.74663,-0.190744
1.93021,6.75395,-0.268288
1.96531,7.75498,-0.258217
1.8626,8.73615,-0.516321
1.9912,9.74219,-0.851268
1.90407,10.5972,-0.416944
1.88493,11.612,-0.296988
1.85038,12.4134,-0.866579
1.95477,13.3813,-0.511432
1.96618,14.3111,-0.925916
1.98971,15.3077,-0.65938
1.92448,16.2186,-0.212745
1.79112,17.2542,-0.120579
1.85021,18.275,0.095819
2.12515,19.1887,-0.215006
2.04504,20.1469,-0.40423
1.83919,21.1188,-0.252849
1.86383,22.0826,0.0734794
1.90548,22.9543,0.514423
1.89858,23.9314,0.279894
1.82409,24.8873,0.0388653
1.93074,25.8708,-0.213938
2.05994,26.9054,-0.30744
1.94351,27.8366,0.0586047
1.91766,28.8724,0.0334849
2.94206,1.12533,-0.578368
2.99082,2.13027,-0.460155
2.98113,3.11475,-0.242781
2.98086,4.09677,-0.0270638
2.8747,5.1483,-0.0332652
2.84909,6.14082,-0.197269
2.87559,7.05376,-0.616041
2.96625,8.03742,-0.398422
2.82197,8.97224,-0.664138
2.97117,10.042,-0.647487
2.8899,10.9947,-0.370598
2.84023,11.9593,-0.558785
2.82501,12.6245,-1.25168
2.94022,13.4071,-0.648973
2.94194,14.2985,-1.22182
3.00928,15.255,-0.875655
2.91821,16.1622,-0.411228
2.80175,17.2151,-0.287573
2.8464,18.1525,0.0506943
3.11081,19.1107,-0.0242927
3.04801,20.1072,-0.432698
2.88216,21.0945,-0.28764
2.8736,22.0512,-0.106409
2.88123,22.9433,0.264223
3.00901,23.9319,0.223264
2.83014,24.8775,-0.225504
2.98162,25.8767,-0.378957
3.02678,26.8786,-0.644856
2.9179,27.7125,-0.0855464
2.94105,28.7193,-0.172152
3.88369,1.4606,-0.744301
3.94941,2.50226,-0.666594
3.96483,3.42825,-0.294638
3.91575,4.37765,0.139186
3.87475,5.37246,-0.104779
3.84337,6.34957,-0.306693
3.9266,7.35864,-0.512195
3.98234,8.37755,-0.415464
3.82098,9.30499,-0.764861
3.95278,10.3042,-0.969066
3.92256,11.2256,-0.599078
3.81519,12.2153,-0.619953
3.80021,12.8401,-1.40574
3.95311,13.6526,-0.836055
3.92458,14.4184,-1.54029
4.03067,15.2157,-0.991919
3.97639,16.1007,-0.522968
3.77768,17.1358,-0.518616
3.8135,18.0713,-0.0997925
4.097,18.9732,0.234098
3.96625,20.017,0.00650655
3.93294,21.0276,-0.259709
3.89088,22.0369,-0.294507
3.95791,22.9226,0.16339
4.03359,23.9074,-0.10014
3.80686,24.8829,-0.285052
4.04368,25.8692,-0.451558
4.02214,26.8422,-0.676324
3.97783,27.7056,-0.123475
4.0329,28.7172,0.0597034
4.91142,1.66831,-0.913663
5.00923,2.65483,-0.709583
4.99884,3.6047,-0.397497
4.84146,4.59547,-0.217454
4.89303,5.59939,-0.266042
4.81866,6.62383,-0.398117
4.93591,7.57604,-0.626264
4.99935,8.55617,-0.644401
4.8498,9.50155,-0.973928
4.93756,10.4981,-0.817942
4.8993,11.5084,-0.755837
4.78261,12.5077,-0.611759
4.82262,12.8924,-1.55484
4.90015,13.8505,-1.2606
4.93731,14.6227,-1.8925
5.05853,15.2357,-1.0882
4.96695,16.1575,-0.686224
4.81125,17.2118,-0.735459
4.84329,18.1356,-0.405567
5.06937,19.0797,-0.0367443
4.97729,20.0871,0.0943937
4.97994,21.0098,-0.310389
4.90691,22.0583,-0.333287
4.93195,22.9362,0.134434
5.02241,23.8485,-0.205466
4.78897,24.7877,-0.59028
4.97096,25.6824,-0.198245
4.99237,26.682,-0.422233
4.94822,27.6887,-0.572485
5.04726,28.641,-0.10842
5.98327,1.92976,-0.860936
6.02091,2.91205,-0.740098
5.97825,3.9325,-0.528382
5.91369,4.85097,-0.186657
5.92206,5.89954,-0.166683
5.85191,6.85586,-0.537489
6.0251,7.83683,-0.634629
6.01501,8.8533,-0.701852
5.85396,9.70322,-1.21603
5.90901,10.6997,-1.03898
5.85943,11.7226,-0.875182
5.71462,12.6958,-0.927641
5.8239,13.0271,-1.85313
5.90663,13.954,-1.42232
5.9215,14.7081,-2.10106
5.85408,15.5789,-1.61903
5.99045,16.2731,-0.93198
5.83803,17.23,-0.603046
5.8377,18.1315,-0.139286
6.07889,19.0908,-0.0971252
6.02522,20.0868,-0.149376
5.94496,21.0678,-0.0797662
5.9139,22.0049,-0.395141
5.93138,23.0064,-0.134498
6.0255,23.968,-0.0846614
5.81122,24.9059,-0.449257
6.02351,25.7684,-0.0294412
5.99752,26.7284,-0.530024
5.94931,27.7305,-0.50477
6.13122,28.6422,-0.0652089
6.95013,2.22755,-0.851936
6.99634,3.19851,-0.664367
6.93556,4.1904,-0.391867
6.87641,5.15084,-0.167785
6.98794,6.17405,-0.159508
6.83767,7.11567,-0.542601
7.02163,8.08842,-0.642903
6.97288,9.017,-1.14019
6.86561,10.0085,-1.29861
6.87547,11.0004,-1.13391
6.87656,11.9958,-1.0566
6.70853,13.0035,-1.17597
6.79932,13.2605,-2.12995
6.91064,14.1163,-1.56244
6.91553,14.724,-2.42201
6.87415,15.3601,-1.63221
7.00341,16.2885,-1.30467
6.84974,17.0789,-0.672961
6.80345,18.0108,-0.327625
6.9066,18.9456,-0.668087
7.00216,19.8503,-0.191824
6.94299,20.8605,-0.158483
6.9006,21.9129,-0.329975
6.92704,22.9123,-0.252745
6.95961,23.8769,-0.414811
6.82022,24.8384,-0.203067
7.06205,25.8054,-0.276049
7.02413,26.8041,-0.294385
6.92833,27.8321,-0.384985
7.18748,28.7618,-0.0920499
7.94458,2.41645,-0.656252
7.9496,3.43364,-0.337605
7.94722,4.45654,-0.297848
7.83333,5.47438,-0.142802
7.88606,6.38712,-0.59335
7.82839,7.37042,-0.809919
7.99976,8.3714,-0.819443
7.98427,9.31648,-1.07061
7.89883,10.3134,-1.20942
7.89315,11.3259,-1.27763
7.89343,12.3097,-1.25533
7.72275,13.2798,-1.32902
7.76807,13.5987,-2.28739
7.93602,14.3653,-1.69308
7.92447,14.7936,-2.62273
7.95124,15.4452,-1.7818
7.95057,16.4655,-1.59388
7.89995,16.8879,-0.710831
7.68421,17.9027,-0.818867
7.93278,18.8349,-0.510843
8.02081,19.827,-0.224546
7.96434,20.878,-0.15374
7.93765,21.8505,-0.424085
7.93609,22.7421,0.103873
7.96595,23.7386,-0.131907
7.89202,24.7694,-0.234434
8.00033,25.7231,0.0778985
8.0316,26.7654,-0.0944182
7.92887,27.766,-0.219642
8.15217,28.7161,0.130992
8.95838,2.64094,-0.343413
8.90215,3.5699,-0.0570727
8.99809,4.55147,-0.23151
8.87035,5.53853,-0.273077
8.94645,6.52028,-0.414399
8.85019,7.52134,-0.80195
9.01824,8.55279,-0.921677
8.98041,9.57435,-0.966771
8.85989,10.5867,-1.17873
8.91634,11.6235,-1.22611
8.86135,12.6893,-1.30788
8.65234,13.6845,-1.5208
8.733,13.924,-2.48814
8.90271,14.5432,-1.74046
8.95731,14.7134,-2.72839
8.94208,15.3348,-1.91837
8.88664,16.1713,-1.37044
8.91193,17.015,-0.805216
8.73654,18.0336,-0.912604
8.97609,18.9063,-0.519221
9.07068,19.8633,-0.259954
8.97482,20.8924,-0.428642
8.89524,21.9165,-0.634434
8.93261,22.7429,-0.0522996
9.01979,23.7842,-0.200534
8.90368,24.7579,-0.15764
9.02576,25.741,-0.0195563
9.06149,26.7219,-0.0764336
8.88186,27.6565,-0.336497
9.18748,28.4013,0.263512
9.96344,2.88985,-0.26303
9.84304,3.89675,-0.09176
9.96398,4.85842,-0.22851
9.84111,5.91216,-0.20296
9.89609,6.85409,-0.47409
9.89326,7.74006,-0.903623
10.0663,8.76057,-0.837986
9.9715,9.75199,-0.98786
9.88703,10.789,-1.16167
9.8948,11.7396,-1.52113
9.87417,12.7828,-1.30933
9.75267,13.7486,-1.7271
9.6883,14.1766,-2.68161
9.93056,14.6577,-1.77306
9.92027,14.5791,-2.77205
9.96229,15.3508,-2.09354
9.91085,16.05,-1.33333
9.92535,16.976,-0.998813
9.68296,17.9271,-1.22494
10.0025,18.6315,-0.546501
10.0604,19.7049,-0.331837
9.93021,20.7387,-0.269927
9.84662,21.7529,-0.264666
9.90968,22.6646,0.224158
10.0358,23.6361,-0.0120304
9.92139,24.5964,-0.199744
9.94819,25.5702,-0.50289
10.0582,26.5759,-0.542467
9.86675,27.4756,-0.12092
10.2101,28.4061,0.0887783
10.9708,2.88972,-0.0505875
10.8111,3.83164,-0.270724
10.9273,4.81821,-0.436348
10.8806,5.8295,-0.302924
10.8693,6.8574,-0.361773
10.921,7.88465,-0.687551
11.0947,8.89195,-0.760283
10.9603,9.87576,-0.893106
10.949,10.8373,-1.10729
10.8918,11.8417,-1.28262
10.9169,12.8503,-1.18791
10.8513,13.6154,-1.87015
10.7483,14.1501,-2.68602
10.9395,14.4153,-1.75463
10.9356,14.5133,-2.74919
10.987,15.1925,-1.99509
10.9339,16.0209,-1.41811
10.9444,16.9973,-1.16055
10.7767,17.9759,-1.36376
10.9759,18.8647,-0.968789
11.0839,19.7193,-0.453035
10.9322,20.7329,-0.246541
10.8734,21.7291,-0.161596
10.9083,22.6959,0.14008
11.0283,23.6473,0.102368
10.9463,24.5705,-0.282177
10.9857,25.5513,-0.575756
11.114,26.537,-0.55634
10.8706,27.3634,-0.0700827
11.2401,28.2039,0.22436
11.9712,3.05158,-0.256087
11.8452,4.09476,-0.214026
12.0018,5.05361,-0.44958
11.8963,6.02503,-0.269805
11.8741,6.95503,-0.685046
11.9543,7.94924,-0.838688
12.1276,8.9244,-0.90943
11.9968,9.90478,-0.897745
11.9657,10.8358,-1.1881
11.9468,11.8555,-1.11153
11.987,12.8305,-1.28689
11.8485,13.704,-1.76829
11.772,14.0786,-2.72367
11.9385,14.5367,-1.83938
11.9538,14.4952,-2.86585
11.9364,15.2893,-2.29995
11.9569,15.9404,-1.53196
11.9551,16.8878,-1.24578
11.8146,17.8805,-1.4389
11.9827,18.8619,-1.18764
12.138,19.715,-0.566372
11.9284,20.6943,-0.333372
11.9278,21.7243,-0.115244
11.9732,22.7146,0.108286
12.0318,23.7566,0.108341
12.0113,24.7139,-0.327119
11.9912,25.6692,-0.557341
12.0758,26.5882,-0.188165
11.8623,27.6013,-0.256832
12.2507,28.5314,0.0175939
12.9737,3.07036,-0.0406629
12.9213,4.08979,-0.277477
13.0585,4.99905,-0.657213
12.9668,5.97497,-0.385006
12.9279,6.96645,-0.538252
12.9956,7.946,-0.673608
13.1337,8.88713,-1.04315
13.0523,9.89424,-0.881616
13.0007,10.8648,-1.22069
13.0261,11.8559,-1.14157
13.0437,12.8726,-1.38656
12.9073,13.7016,-1.86679
12.7851,14.1428,-2.73766
13.0525,14.4543,-1.82008
12.9853,14.5352,-2.7822
13.0304,15.2721,-2.09951
12.9472,16.0726,-1.47519
12.9094,16.9858,-1.26746
12.788,17.9606,-1.12677
13.0633,18.9266,-1.13124
13.179,19.8588,-0.649721
12.902,20.7741,-0.346916
12.9259,21.711,0.0153935
12.954,22.704,-0.120896
13.0116,23.6866,-0.0181585
13.0621,24.6129,-0.380261
12.9634,25.568,-0.654073
13.1021,26.4869,-0.251314
12.8583,27.4565,-0.118049
13.2751,28.3252,0.191928
13.9653,3.19244,0.242524
13.9526,4.10232,-0.267141
14.0509,4.94179,-0.82006
13.9587,5.85072,-0.355876
13.9662,6.85591,-0.554579
13.9789,7.86118,-0.554961
14.1342,8.80439,-1.00787
14.0204,9.80138,-1.14812
14.0482,10.8162,-1.25289
14.062,11.791,-1.39673
14.1098,12.7578,-1.56137
13.9647,13.7232,-1.81428
13.8276,13.999,-2.82951
14.1069,14.5037,-1.95174
14.022,14.696,-2.90923
14.1338,15.348,-2.11097
13.9351,16.088,-1.46647
13.894,17.0885,-1.45878
13.8111,18.0188,-1.19114
14.1291,18.9366,-0.911466
14.1635,19.802,-0.429023
13.9226,20.8455,-0.370696
13.923,21.8284,-0.0323649
13.9912,22.8108,-0.0945677
14.0063,23.8627,0.0627064
14.0663,24.7871,-0.287368
13.9989,25.7072,-0.694314
14.0858,26.5389,-0.109754
13.8661,27.5342,-0.0682577
14.2579,28.3927,0.300562
14.9486,3.24374,0.400104
14.9982,4.02561,-0.183612
15.0699,4.90959,-0.729868
15.0139,5.82348,-0.321638
14.9953,6.76571,-0.62277
14.9977,7.85113,-0.711084
15.1372,8.81509,-0.972774
15.0044,9.751,-1.39546
15.1361,10.7426,-1.16803
15.1149,11.815,-1.40019
15.1801,12.7768,-1.62143
15.0848,13.7658,-1.81013
14.9083,14.1243,-2.74524
15.116,14.5298,-1.83195
15.0639,14.6148,-2.82225
15.1855,15.3328,-2.0812
14.9565,16.2612,-1.70844
14.8897,17.2534,-1.48575
14.7904,18.1841,-1.13928
15.1111,19.0812,-0.829398
15.1342,20.0925,-0.562075
14.8248,20.9441,0.0182073
14.9518,21.9203,0.0797082
14.9641,22.9016,-0.195883
15.0128,23.9279,-0.152367
15.0865,24.9502,-0.180529
15.0522,25.7979,-0.699518
15.079,26.692,-0.273644
14.8948,27.6433,-0.323231
15.2922,28.4038,0.1326
15.9982,3.35522,0.504486
16.0511,4.0006,-0.303555
16.1027,4.93273,-0.616483
16.0966,5.89898,-0.291925
16.0481,6.90196,-0.522578
16.0141,7.83894,-0.873818
16.1676,8.86109,-1.0705
15.981,9.8533,-1.08086
16.1302,10.8479,-1.18786
16.1743,11.8447,-1.25296
16.2331,12.8204,-1.46968
16.1201,13.8391,-1.68402
15.966,14.1208,-2.68447
16.149,14.6307,-1.85827
16.1173,14.6652,-2.87134
16.2495,15.4694,-2.26308
15.9671,16.2662,-1.66355
15.8577,17.3155,-1.62052
15.8331,18.1989,-1.06987
16.1604,19.1374,-0.829591
16.1352,20.1881,-0.756829
15.79,20.9881,-0.255367
16.0005,21.9313,-0.0658437
15.9762,22.9872,-0.140901
16.0411,24.0725,-0.0764519
16.0812,25.0483,0.00718406
16.0448,25.77,-0.686096
16.1009,26.7045,-0.320426
15.8597,27.6267,0.0328166
16.265,28.5671,-0.108283
16.9843,3.11854,0.248958
17.0614,3.99488,-0.252177
17.1694,4.96401,-0.497659
17.1146,5.94125,-0.307553
17.0689,6.917,-0.364275
17.0557,7.82989,-0.850221
17.2277,8.81178,-1.06667
16.9633,9.78029,-1.0151
17.1639,10.7966,-1.25088
17.2096,11.7702,-1.31786
17.2442,12.8494,-1.38742
17.1607,13.8447,-1.55101
17.0025,14.228,-2.5257
17.1612,14.7182,-1.614
17.0744,14.721,-2.58358
17.1868,15.4353,-1.84897
16.9331,16.2926,-1.36683
16.8421,17.2928,-1.61129
16.8708,18.0711,-0.973544
17.1555,19.0157,-0.820945
17.1591,20.013,-0.791733
16.8267,20.8223,-0.295212
16.9751,21.7591,-0.0646535
16.9254,22.7945,0.110355
17.0215,23.8106,-0.135871
17.0069,24.7839,-0.263366
17.0589,25.6155,-0.782577
17.1436,26.5647,-0.452422
16.8584,27.4166,0.01283
17.1896,28.308,-0.213382
17.9888,2.91541,0.120838
18.1164,3.89191,-0.210001
18.1441,4.87421,-0.12855
18.1201,5.9182,-0.208548
18.1169,6.96869,-0.206879
18.1609,7.77576,-0.765432
18.2086,8.74589,-1.13983
17.9873,9.75075,-0.983077
18.1582,10.695,-1.01751
18.2293,11.7052,-1.01719
18.2131,12.6857,-1.21709
18.2098,13.6801,-1.37724
17.9351,13.9097,-2.29923
18.1111,14.373,-1.38647
18.0662,14.7096,-2.39768
18.1769,15.2928,-1.59918
17.9368,16.27,-1.55098
17.8714,17.2983,-1.64787
17.914,18.0173,-0.940095
18.1604,18.9704,-0.92223
18.1659,19.9327,-0.524119
17.8588,20.8476,-0.220008
18.0312,21.7984,0.00920438
17.917,22.7719,0.0683859
18.0118,23.7497,-0.152437
18.009,24.753,-0.358049
18.0573,25.6557,-0.861815
18.1354,26.5487,-0.318097
17.9249,27.5099,-0.0729087
18.2431,28.4645,-0.319398
19.0516,2.88306,0.14532
19.1056,3.83373,-0.0393567
19.1924,4.83209,0.0105716
19.1334,5.82922,-0.156029
19.2006,6.83608,-0.210501
19.1786,7.64048,-0.797067
19.2005,8.62822,-0.810407
19.056,9.60786,-0.898804
19.1422,10.5845,-1.12044
19.2298,11.6441,-1.11465
19.2296,12.6759,-1.18846
19.1589,13.6949,-1.09808
18.9966,13.6582,-2.12936
19.1018,14.3378,-1.33228
19.0137,14.5844,-2.25904
19.2091,15.2004,-1.52571
18.9276,16.193,-1.71408
18.8856,17.2374,-1.56551
18.8906,18.2434,-1.23465
19.2223,19.1699,-1.02971
19.1467,20.0754,-0.54865
18.891,20.9761,-0.200464
18.9685,21.989,-0.286343
18.9411,22.8283,0.332383
19.0148,23.8041,0.111039
19.0548,24.6438,-0.468911
19.0797,25.5975,-0.816541
19.1113,26.6413,-0.642686
18.9666,27.5263,-0.245479
19.2091,28.4899,-0.00178533
20.1004,2.76842,0.206381
20.0377,3.79196,0.328751
20.2492,4.71278,0.0546037
20.1385,5.64627,-0.179479
20.1987,6.69946,0.0140721
20.157,7.43292,-0.667916
20.2592,8.42197,-0.819477
20.1048,9.40657,-0.770809
20.1305,10.3785,-1.01186
20.1789,11.3968,-0.948109
20.2476,12.4031,-1.08039
20.2051,13.395,-0.985867
19.9845,13.4604,-1.96517
20.136,14.3083,-1.43746
20.0465,14.7253,-2.3347
20.1969,15.1726,-1.40033
19.9418,16.1352,-1.51273
19.9247,17.146,-1.45536
19.9039,18.1482,-1.23884
20.1578,19.0257,-0.826261
20.1488,19.9995,-0.489172
19.9406,20.9202,-0.154784
20.0117,21.92,-0.0848994
19.9911,22.8182,0.419532
20.0157,23.7526,-0.060152
20.0454,24.7366,-0.32515
20.0523,25.6937,-0.620701
20.0907,26.8087,-0.704532
19.9893,27.7123,-0.260039
20.2229,28.6856,-0.0305155
21.0635,2.46613,0.338963
21.0059,3.47185,0.313199
21.2693,4.40674,-0.0362835
21.1315,5.4209,-0.0325327
21.2075,6.38453,-0.0285195
21.1549,7.22266,-0.564443
21.2855,8.2093,-0.671883
21.1399,9.2387,-0.553044
21.1288,10.121,-1.02333
21.1742,11.1607,-0.869903
21.2316,12.119,-1.04585
21.2403,13.1183,-0.94203
21.0789,13.3409,-1.89425
21.1388,14.1398,-1.28501
21.0082,14.8366,-2.13113
21.2025,15.3264,-1.24063
20.9077,16.2477,-1.54289
20.8959,17.1205,-1.09812
20.9113,18.1391,-1.1887
21.1329,18.9759,-0.61189
21.1425,19.993,-0.497967
20.9157,20.9595,-0.507541
21.054,21.8525,-0.0434095
20.9142,22.8641,0.00209357
20.9736,23.8486,0.141429
21.0748,24.797,-0.181558
21.1002,25.5675,-0.781854
21.0573,26.5544,-0.482833
20.9536,27.5092,-0.250514
21.2072,28.506,-0.264757
22.0823,2.2157,0.471047
21.9866,3.19486,0.247014
22.2676,4.10768,-0.0443373
22.1623,5.1693,0.00777917
22.1958,6.19099,0.105957
22.1459,7.11973,-0.30127
22.2818,8.02364,-0.749165
22.1157,9.02105,-0.454219
22.1209,9.91578,-0.861092
22.1828,10.952,-0.88225
22.2771,11.9737,-1.02346
22.1844,12.8756,-0.667824
22.0941,13.229,-1.63723
22.1851,14.0799,-1.151
21.96,14.7941,-1.80212
22.256,15.5486,-1.14761
21.884,16.4559,-1.43469
21.8851,17.1812,-0.750002
21.9007,18.0675,-1.32725
22.1737,18.8951,-0.773815
22.2037,19.9184,-0.521149
21.894,20.9024,-0.225285
22.0593,21.8185,0.076339
21.9732,22.8515,-0.0794641
22.0285,23.8194,0.207807
22.0593,24.774,-0.08446
22.0618,25.7182,-0.445015
22.0349,26.6978,-0.589056
21.9635,27.6005,-0.0316843
22.1801,28.6069,-0.00751976
23.1009,1.8962,0.324644
22.9351,2.89133,0.252922
23.2318,3.90193,0.342698
23.1547,4.8627,-0.0108341
23.1799,5.86066,0.0397198
23.0987,6.85628,-0.106482
23.2324,7.82862,-0.542598
23.0085,8.72757,-0.148302
23.0892,9.60491,-0.776608
23.1952,10.633,-0.83083
23.1627,11.7264,-0.597629
23.2127,12.7242,-0.470345
23.1615,12.995,-1.45864
23.1795,13.9462,-1.23572
22.9837,14.8423,-1.75248
23.2972,15.5349,-1.08884
22.8972,16.3406,-1.44265
22.9084,16.995,-0.723716
22.8529,18.011,-0.941713
23.1972,18.9521,-0.623035
23.1851,19.8473,-0.261135
22.8961,20.8296,-0.373717
23.0701,21.7734,-0.0504563
22.9772,22.7405,-0.300937
23.0587,23.639,0.15324
23.034,24.6107,-0.0135258
23.0215,25.5988,-0.166747
23.119,26.5516,-0.493152
22.9376,27.5203,-0.25425
23.1314,28.5212,-0.257958
24.0674,1.75562,0.691101
23.9882,2.6701,0.307968
24.1489,3.63655,0.0344127
24.1187,4.60114,-0.0225501
24.1529,5.63538,0.133641
24.1307,6.66894,0.0483657
24.2318,7.58582,-0.31225
24.0163,8.53624,-0.158333
24.042,9.4358,-0.561068
24.1675,10.4286,-0.605182
24.0963,11.4206,-0.452678
24.081,12.408,-0.160433
24.1102,12.8411,-1.10027
24.1638,13.7931,-1.38512
24.0541,14.7518,-1.8372
24.2836,15.3578,-1.10862
23.8962,16.339,-1.11674
23.8878,17.0215,-0.353395
23.9079,17.8862,-0.864321
24.1771,18.8332,-0.711393
24.211,19.6987,-0.222196
23.9415,20.6867,-0.327161
24.0497,21.7573,-0.255293
23.9977,22.7239,-0.422126
24.0582,23.6728,0.0245064
24.0512,24.6475,-0.138243
24.0537,25.6722,-0.129527
24.1598,26.5235,-0.602313
23.9367,27.4364,-0.288794
24.1359,28.4517,-0.317911
25.1222,1.88532,0.903983
25.0373,2.46875,0.109278
25.1575,3.45091,-0.0224647
25.1347,4.45623,0.061391
25.1356,5.43396,0.398526
25.1062,6.40064,0.115036
25.2319,7.34702,-0.159645
24.9836,8.29327,0.0671346
25.0548,9.2169,-0.351927
25.2364,10.2212,-0.491424
25.0736,11.2102,-0.315687
25.0954,12.1974,-0.16654
25.1951,12.8187,-0.967403
25.1171,13.8184,-1.04796
25.0642,14.6281,-1.6764
25.2767,15.4765,-1.18501
24.9389,16.3718,-0.961162
24.8722,17.0786,-0.312705
24.911,18.0392,-0.641862
25.1387,18.968,-0.344975
25.1897,19.8189,0.236595
24.9426,20.7254,-0.15649
25.0942,21.6779,-0.097589
25.0101,22.6864,-0.142232
25.0984,23.6452,0.17308
25.0796,24.6346,-0.0780297
24.9474,25.4797,-0.628791
25.1036,26.4597,-0.333683
25.0028,27.5082,-0.326215
25.1354,28.5124,-0.100223
26.1257,1.88198,1.11448
26.0164,2.18057,0.16841
26.1247,3.13438,-0.109098
26.0701,4.10202,0.26512
26.0946,5.10407,0.305875
26.0956,6.07636,0.195105
26.21,7.0343,-0.221165
26.004,7.98865,0.113611
26.0495,8.90233,-0.312671
26.2178,9.88843,-0.427842
26.0673,10.9702,-0.535142
26.1269,11.9217,-0.262188
26.1651,12.552,-1.02185
26.0262,13.5008,-0.904013
26.0161,14.4897,-1.21894
26.2393,15.3831,-0.81511
25.9433,16.3105,-1.01947
25.944,17.0376,-0.366997
25.9145,18.0371,-0.303037
26.1508,19.048,-0.485128
26.2291,19.8668,0.153215
25.8564,20.8192,0.236329
26.1413,21.7847,-0.209861
26.0566,22.771,-0.167397
26.0994,23.7187,0.0671804
26.0458,24.6815,0.257445
25.9305,25.4974,-0.291943
26.0566,26.4726,-0.454338
26.0656,27.4379,-0.138591
26.1586,28.4289,-0.132044
27.1105,1.65349,1.14733
26.9518,1.79606,0.126719
27.1061,2.77067,-0.159175
27.0946,3.7622,0.159404
27.1612,4.79911,0.177737
27.0709,5.8124,0.196976
27.2236,6.8115,-0.0140904
26.9562,7.79282,0.351323
27.0793,8.65222,-0.218793
27.2112,9.66932,-0.267351
27.0011,10.6189,-0.56751
27.1084,11.584,-0.139186
27.1149,12.3534,-0.800226
27.025,13.3642,-0.881951
27.0104,14.3802,-0.812598
27.2362,15.3365,-0.77796
26.9933,16.2902,-0.9962
26.9608,17.0495,-0.371004
26.936,17.9932,-0.489261
27.187,18.9783,-0.396026
27.2294,19.8581,0.062981
26.8823,20.8148,0.0530625
27.136,21.7219,-0.343333
27.0984,22.7392,0.00653096
27.1033,23.7262,0.0299844
27.034,24.7101,0.258632
26.9059,25.6441,-0.165685
27.0929,26.6147,-0.403076
27.0206,27.6124,-0.31225
27.1465,28.5734,0.0789636
28.1113,1.52051,1.20765
27.9209,1.67519,0.230152
28.1125,2.60911,-0.102628
28.1311,3.60902,0.034431
28.1511,4.53265,0.446748
28.0844,5.46434,0.0080752
28.1514,6.45044,-0.0317362
27.9608,7.40832,0.278326
28.0388,8.33423,-0.154207
28.1897,9.33378,-0.199118
28.0262,10.2416,-0.688385
27.9943,11.2082,-0.376739
28.1432,12.2255,-0.63162
28.061,13.2094,-0.720597
27.9236,14.1939,-0.466005
28.182,15.1512,-0.67658
28.0156,16.211,-0.691522
27.9916,17.0936,-0.262358
27.9508,18.0167,-0.551186
28.2375,18.9763,-0.5374
28.1509,19.9466,-0.232655
27.9109,20.9986,-0.13889
28.162,21.9349,-0.464849
28.1064,22.8895,-0.110968
28.1099,23.8956,0.0262581
28.0511,24.9036,0.0980743
27.9127,25.7993,-0.289792
28.1385,26.806,-0.408512
28.0014,27.7683,-0.154451
28.1343,28.7307,-0.0281686
29.0603,1.22073,1.18362
28.9328,1.53966,0.229902
29.1155,2.43513,-0.206
29.0786,3.3244,0.166369
29.1036,4.2672,0.456468
29.09,5.18378,0.0866359
29.1065,6.20065,0.0743797
29.0019,7.19121,0.0535325
29.0698,8.16038,-0.14431
29.184,9.13539,-0.136811
29.0666,10.0735,-0.533564
29.0493,11.0061,-0.153914
29.0868,12.0345,-0.247078
29.0724,13.0027,-0.546666
28.9797,14.0062,-0.306958
29.055,15.0272,-0.233082
28.9691,16.0325,-0.412189
29.0171,17.0583,-0.212403
29.0049,18.0204,-0.48544
29.1552,18.9679,-0.122822
29.239,19.9754,-0.174596
28.9563,20.9783,-0.0792352
29.0867,22.0087,-0.0733543
29.0821,23.007,0.0392438
29.1004,24.0093,0.0798914
29.0906,25.0602,0.0373455
28.919,26.0137,-0.158306
29.1662,26.9959,-0.1347
29.0567,27.9409,0.0323222
29.1443,28.9269,0.193069
