-0.0157231,-0.00322886,0.109537
0.938755,0.0031312,-0.142821
1.9322,0.0444197,0.125623
2.99033,-0.0184851,0.128694
4.02034,0.0217994,0.13758
5.04043,0.0161412,-0.0139744
6.02401,0.0452376,-0.0571093
6.99432,0.00505997,0.177544
7.99746,-0.0474105,0.384896
8.99302,0.00232856,0.248595
9.96823,0.00724204,-0.142824
10.9503,0.0511246,0.0341685
11.9391,0.0479598,0.0459822
12.9344,0.0407361,0.0584918
13.9196,-0.00455031,0.194913
14.9179,0.0521867,-0.0573443
15.9489,0.0467727,0.112998
16.9466,-0.0292032,0.0567553
17.9517,0.0267525,-0.0437147
18.9751,-0.0241676,0.104535
-0.00880764,1.03186,0.254946
0.979717,1.03795,0.0820276
1.99225,1.02351,0.0532884
2.99311,0.981954,-0.0245643
3.99864,1.02036,0.208234
4.98767,1.07096,-0.0369518
6.0195,1.08317,-0.114866
7.00804,1.08357,0.153768
8.05025,0.961361,0.10437
9.01611,0.995541,0.34958
9.91509,0.997861,-0.159957
10.924,1.06077,-0.199341
11.9162,1.06107,-0.0239448
12.9825,1.0461,-0.107245
14.0098,0.988284,-0.0322062
15.0113,1.07174,0.052617
16.0034,1.01061,0.301276
16.9498,0.996786,-0.0220557
17.9873,1.01637,0.099234
18.9683,1.01898,0.142662
-0.0383709,2.07034,0.309577
1.0006,2.05567,0.14315
2.04514,2.06679,0.12595
3.06672,1.99178,0.104651
4.10694,2.01005,0.0447768
5.02364,2.06817,-0.338704
6.0522,2.0775,-0.0487075
7.09866,2.09153,-0.0982665
8.12992,1.9685,0.00955229
9.09356,1.98881,0.15887
10.0982,1.97214,0.151219
11.0479,2.03577,-0.160878
12.0766,2.08072,-0.205753
13.0502,2.04857,0.00615864
14.0657,2.06893,-0.0312113
15.0751,2.11394,0.239875
16.0013,1.94075,-0.0701743
16.9703,2.00147,-0.283587
17.9762,1.93963,-0.327769
18.9582,2.02447,0.00995819
-0.0395734,3.07573,0.179312
0.990844,3.04171,-0.0860317
2.00463,3.10291,0.0485092
2.99743,2.9833,0.239116
3.94641,3.01025,-0.119343
4.92319,2.96554,0.022248
5.91477,3.06832,-0.0621082
6.94232,3.05723,-0.0523484
7.95716,2.95182,-0.0226203
9.01153,2.90354,-0.268609
9.96816,2.95387,0.117277
10.9468,3.04187,-0.218625
11.9196,3.03186,-0.352855
12.9338,3.01258,-0.335536
13.9127,3.05297,-0.211017
14.9301,3.01875,-0.287738
15.9575,2.93866,-0.220954
16.9169,3.01104,-0.546657
17.9347,2.98742,-0.438243
18.9194,3.06092,-0.039024
-0.048912,3.99564,-0.366079
0.964507,4.01673,-0.270656
1.86733,4.11693,0.183639
2.87956,4.02316,0.249403
3.90578,4.06323,-0.059444
4.92547,3.998,-0.0547441
5.87968,4.11935,-0.253093
6.90984,4.06024,0.0299539
7.95579,3.95625,0.077868
8.96397,3.93392,-0.097232
9.99711,3.86415,-0.27026
10.9873,4.09448,-0.256847
12.0004,4.01163,-0.240339
12.912,3.89693,0.148668
13.9137,4.01142,0.254662
14.8259,4.02787,-0.159593
15.8667,3.97017,-0.159468
16.9154,3.9993,-0.248164
18.0127,3.96102,-0.218693
19.0598,3.98874,-0.373617
-0.0310007,4.90333,0.171227
1.0014,5.03161,0.0386456
2.00038,5.08215,-0.0247169
3.01393,5.06409,-0.102899
4.00081,5.07078,-0.070333
4.97748,4.95976,-0.0133763
5.94744,5.10529,-0.388769
6.93379,5.07216,-0.146062
7.96787,4.91603,-0.192636
8.99683,4.97688,-0.106027
9.9702,4.88959,-0.353755
10.8782,5.08014,0.0360942
11.9385,4.95434,-0.0588092
12.9372,4.89878,0.064217
13.9578,4.9932,0.0209571
14.9949,5.02098,-0.0993072
16.03,4.93923,0.0109836
17.077,4.97078,-0.114515
18.0487,4.94981,-0.278686
18.9928,4.91182,0.0495407
-0.00470595,5.9248,0.0440748
0.99451,6.03472,0.203244
1.94476,6.13704,-0.14604
2.94647,6.10368,-0.113358
3.96231,6.10865,0.0389996
4.98494,5.97116,-0.0927213
5.99328,6.03453,-0.0979247
7.00627,6.07078,-0.0401349
7.99527,5.94192,-0.27705
8.99942,6.02279,-0.180709
10.0358,5.93057,-0.16726
10.9886,6.07414,0.172796
11.9532,5.9907,-0.151296
12.9807,5.95309,-0.0946806
13.9939,5.93013,-0.394211
15.0594,6.0127,-0.148357
16.0958,5.90392,-0.0953063
17.0664,5.99889,-0.288577
18.0619,5.96089,-0.188073
19.0205,5.90706,0.0781518
0.0229102,6.94542,0.034257
0.998691,7.07618,0.124512
1.9773,7.08854,0.170705
2.9506,7.11107,-0.136238
3.99549,7.0905,-0.188479
4.99199,7.03654,-0.0368816
5.99627,7.06208,-0.00541704
6.99735,7.09393,-0.193112
8.03039,6.96288,-0.41323
8.93336,7.02126,-0.0622974
9.93333,6.9259,-0.232991
10.8878,7.07789,0.122065
11.8619,7.02094,-0.140492
12.871,6.94377,-0.297156
13.9179,6.91656,-0.295254
14.9442,7.02687,-0.182711
15.9599,6.92891,0.027131
16.9489,7.04724,-0.260073
17.9665,6.98076,-0.128285
18.9861,7.02814,0.0977203
-0.00778527,7.9166,0.228343
1.04022,8.05967,0.296686
2.01104,8.11381,-0.0040315
2.99996,8.14072,-0.311695
3.95201,8.09626,-0.206226
4.94836,8.00085,-0.177874
5.93725,8.07691,-0.014185
6.96819,8.10661,-0.0791406
7.99717,7.9239,-0.154338
8.99796,7.99412,-0.208829
9.96814,7.92894,-0.419797
10.9506,8.02581,-0.265612
11.9548,8.04496,-0.304498
12.9379,7.94877,-0.449336
13.9167,7.96785,-0.140944
14.9671,8.03036,-0.141462
15.9939,7.95716,0.00893582
16.999,8.05682,-0.0662404
18.009,8.00115,-0.169591
18.9775,8.0368,0.013419
-0.061446,8.92921,0.277303
0.966887,9.02648,-0.00206915
1.95106,9.11519,-0.0614704
2.97384,9.11396,-0.299121
3.96142,9.07226,-0.160955
5.03339,9.0386,-0.110715
6.08978,9.04952,-0.290701
7.07674,9.13338,-0.146941
7.97845,8.91312,0.19577
8.95215,8.98227,-0.162877
9.98829,8.94881,-0.22757
10.9959,9.08393,-0.406632
11.9452,9.05346,-0.101245
12.9053,9.02558,-0.38591
13.9347,8.96581,-0.0847865
14.9288,9.0442,0.0579424
15.9516,8.98427,-0.196179
16.9517,9.03169,-0.280673
17.9834,9.02322,-0.0908414
19.0284,9.03924,-0.0634877
0.0184637,9.99622,0.0922636
0.98663,10.0437,-0.104547
2.0593,10.1233,-0.0433454
3.02138,10.1225,-0.16726
4.0368,10.1084,-0.0270608
5.00777,10.0444,-0.225047
6.05703,9.99802,-0.133268
7.03981,10.1102,-0.34073
8.04302,9.89286,-0.230045
9.05614,10.0198,-0.160024
10.0455,9.90559,0.207404
10.9212,10.0828,-0.291067
11.9312,10.0349,-0.322123
12.9628,10.0237,-0.401679
13.9313,9.9629,-0.129185
14.9529,9.98959,-0.279147
16.0126,10.0012,-0.239888
16.9883,10.018,-0.146623
18.0187,10.0305,-0.223872
18.9778,10.0267,0.202799
0.0211798,11.0422,0.264107
1.01978,11.0423,0.0169927
2.03433,11.1219,0.216077
3.01426,11.1241,0.00983612
4.02984,11.0711,0.195779
5.01802,11.0666,-0.0905942
6.03633,11.0412,-0.279641
7.03056,11.0632,-0.153166
8.01941,10.9218,-0.216334
8.98378,11.0328,-0.204767
10.0034,10.8705,-0.0925443
10.9753,11.1032,-0.163649
11.966,10.941,0.0956267
13.0603,10.9387,-0.0503861
14.0639,11.0046,0.0279244
15.0377,10.9773,-0.305582
16.1192,11.0082,-0.403488
17.1266,11.014,-0.44272
18.074,11.0072,-0.0858943
19.0398,10.9111,-0.324448
0.024189,12.0014,-0.0541398
0.940373,11.9914,-0.38142
1.94678,12.0686,-0.12946
2.97612,12.0526,-0.406922
3.99301,11.8931,-0.372729
4.95612,12.079,-0.225187
5.93951,12.1015,-0.0318064
6.92921,12.1081,-0.251939
7.95678,11.952,-0.15229
8.90676,11.9836,-0.51547
9.8916,11.8384,-0.302139
10.8383,12.1398,-0.213471
11.8494,11.9126,-0.140162
12.8676,11.9346,-0.225394
13.9367,11.9704,-0.287478
14.984,11.9442,-0.323838
15.943,12.02,-0.549638
17.0224,12.0165,-0.480013
18.0663,11.9712,-0.488998
19.065,11.9574,-0.406293
0.0391339,13.0247,-0.184231
1.05145,12.9882,-0.155763
2.07147,13.0538,-0.147282
3.07936,13.038,-0.122111
4.03489,12.9081,-0.164092
5.02437,13.078,-0.176962
6.0478,13.092,-0.0917997
6.95838,13.0984,-0.457778
7.92556,12.9814,-0.221342
8.91225,13.001,-0.511802
9.93708,12.896,-0.37065
10.946,13.1488,-0.196738
11.9402,12.9171,-0.221525
12.9363,12.9324,-0.534956
13.9783,12.9606,-0.407404
14.9991,12.974,-0.383737
15.9667,13.0339,-0.586007
16.9403,12.9834,-0.27513
17.9735,13.0225,-0.331532
18.9987,12.9701,-0.205643
0.0581652,14.068,-0.120454
1.07562,14.0563,-0.0740257
2.07762,14.0464,-0.224839
3.13663,14.0416,-0.258327
4.12461,13.8705,-0.0184423
5.12787,14.0804,-0.184024
6.14168,14.113,-0.289758
7.08934,14.0218,-0.707129
8.02252,13.9739,-0.264724
9.03622,13.9691,-0.169558
10.0255,13.9298,-0.242039
10.9895,14.1324,-0.315348
12.0083,13.9373,-0.0817927
12.9934,13.852,-0.174349
14.0048,13.995,-0.15533
15.0437,14.0094,-0.338771
16.0319,13.9557,-0.199402
16.9917,13.9599,-0.502466
17.9934,14.0173,-0.218384
18.9871,14.0135,-0.0477493
-0.0665761,15.0758,-0.366781
0.993786,15.0757,-0.316337
1.97317,15.0552,-0.168777
2.96094,15.0349,-0.338188
3.94771,14.8633,-0.172341
4.93681,15.0723,-0.465725
5.97141,15.0645,-0.342277
6.94856,14.8332,-0.159465
7.96019,14.9998,-0.185394
9.01325,14.956,-0.197757
10.0245,14.9323,-0.190268
10.9999,15.1377,-0.232734
11.9905,14.9289,-0.139335
12.9869,14.8655,-0.26541
13.9736,15.0481,-0.27239
14.9532,15.0294,-0.42562
15.9042,14.9634,-0.245268
16.9524,14.9416,-0.340095
17.9852,15.0121,-0.227049
18.9551,14.9696,0.204733
0.00189215,16.0651,-0.350066
0.952831,16.0805,-0.0240852
2.01566,16.0895,-0.0854915
3.01604,16.0048,-0.182263
3.99283,15.8893,-0.159261
4.9794,16.1115,-0.364602
5.95996,16.0646,-0.628169
6.8619,15.8533,-0.264998
7.84981,15.9781,0.0393017
8.86255,15.9386,0.00877407
9.87815,15.9644,-0.161315
10.9223,16.1462,-0.27947
11.9094,15.9507,-0.146303
12.896,15.9181,-0.174319
13.8821,16.0135,0.0970977
14.9644,15.973,-0.0664907
16.0289,15.9678,-0.172228
17.0132,15.9435,-0.0562243
18.0377,15.9938,0.0742821
19.0285,15.9461,-0.190115
-0.00392468,17.0906,-0.287387
0.993628,17.0652,-0.258467
2.0139,17.1179,-0.123115
3.0113,17.0285,-0.312848
3.95982,16.9691,-0.0147618
4.9745,17.0653,-0.018601
5.9762,16.9743,-0.23552
6.97143,16.8851,-0.234983
7.99095,17.0107,-0.104688
9.01824,16.939,-0.165181
10.0768,16.9353,-0.27795
10.9427,17.0161,0.187161
11.9748,16.9627,0.000271615
13.0064,16.9706,-0.0107822
13.9871,16.9923,0.289825
15.0068,16.9984,0.0236732
16.0042,16.9958,-0.0795526
17.007,16.9849,0.0412
17.9739,16.998,-0.208927
18.9881,16.9687,0.00835902
0.0128758,18.0706,-0.213413
1.03246,18.0807,-0.344075
2.01043,18.1579,-0.126478
3.06534,18.0201,-0.1373
4.0897,17.9745,-0.00685751
5.06111,18.0523,-0.134834
6.06955,17.9852,-0.251613
7.07071,17.9216,-0.204767
8.07092,18.0455,-0.149544
9.07221,17.9359,-0.19798
10.0557,17.9238,0.0421003
11.0763,17.9675,-0.0335368
12.0844,17.9878,-0.023075
13.0696,17.9674,0.121964
14.0659,17.9846,0.108884
15.0324,17.9885,0.304801
15.9833,18.0038,-0.103207
17.0252,18.0426,0.0632496
18.0136,18.0078,-0.167122
19.0447,17.9962,-0.296716
-0.0162145,19.0267,0.230259
1.01271,18.9814,0.22364
2.04091,19.0258,0.334193
3.09543,19.0123,0.129701
4.08883,18.9939,-0.0402844
5.11194,19.0249,0.18952
6.04071,19.0392,-0.252107
7.0405,18.9192,-0.144069
8.05705,19.0151,-0.36993
8.96736,18.9279,0.00410779
9.98799,18.9913,0.124781
11.0088,19.0137,-0.127592
11.9896,18.9651,0.150932
12.9832,18.9595,0.132035
13.954,18.9848,-0.0146733
14.9592,18.9853,0.0487228
15.9564,18.9756,0.127927
16.9756,19.017,0.131614
17.9845,19.0097,0.0318216
19.0289,18.9551,0.0942778
