-0.150453,1.19826,-1.0152
0.0174566,1.39606,-0.050679
0.011127,2.39907,-0.0487808
-0.0193976,3.41644,0.000451674
-0.203931,4.38226,-0.25483
-0.0973571,5.3781,-0.510211
-0.0856319,6.35744,-0.333613
-0.1477,7.35001,-0.359536
-0.159545,8.39255,-0.461843
-0.216114,9.3703,-0.479299
-0.123453,10.3539,-0.495926
-0.136586,11.3879,-0.293548
-0.216733,12.3461,-0.640269
-0.172503,13.2846,-0.746446
-0.180755,14.2335,-0.982299
-0.0977477,15.2251,-0.7065
-0.143712,16.1935,-0.359465
-0.256188,17.1,-0.0233863
-0.114283,18.0921,0.156697
0.0774285,19.0479,-0.0161046
0.0556841,20.0438,-0.274154
-0.195267,20.9877,0.113465
-0.191241,22.0213,0.324143
-0.106595,23.0857,0.372222
-0.140492,23.9729,-0.21915
-0.166881,24.9715,-0.0158635
-0.0515732,25.9131,0.267321
0.0329997,26.6565,-0.360469
-0.073629,27.668,-0.205689
-0.190616,28.6868,-0.338478
0.878213,1.41672,-0.977465
0.997812,1.61867,0.0112156
1.02127,2.63331,0.0599872
0.96993,3.61114,-0.00547807
0.851823,4.58634,-0.233665
0.929478,5.61509,-0.3403
0.902332,6.61725,-0.451573
0.866088,7.59508,-0.220536
0.835041,8.60187,-0.273592
0.82526,9.55041,-0.633598
1.00173,10.5541,-0.601688
0.889941,11.5089,-0.384317
0.708255,12.2928,-0.950969
0.838499,13.2737,-0.968734
0.934974,14.341,-1.07687
0.937809,15.3122,-0.847188
0.874148,16.1056,-0.261898
0.763143,17.0169,0.0833369
0.91652,18.0171,-0.00482803
1.11281,19.0188,-0.0791284
1.08014,20.0177,-0.241734
0.857344,20.9369,0.153899
0.853114,21.9239,0.367846
0.904883,22.9153,0.313684
0.89696,23.8241,-0.0978332
0.818726,24.8484,0.0203681
0.920435,25.808,0.285949
1.06667,26.5761,-0.37358
0.923661,27.5364,-0.281533
0.844826,28.5516,-0.232191
1.89165,1.66844,-1.01818
1.95076,2.00771,-0.0465896
1.99546,2.95228,0.209119
1.9486,3.94193,0.165767
1.90522,4.78927,-0.31778
1.93205,5.81972,-0.452028
1.86826,6.81408,-0.73216
1.79603,7.81392,-0.625349
1.80201,8.86641,-0.449681
1.8826,9.79796,-0.771252
1.96937,10.8055,-0.692331
1.90486,11.7618,-0.298236
1.66503,12.5607,-0.834703
1.78975,13.5237,-1.04771
1.96977,14.429,-1.40544
1.94677,15.3226,-0.871041
1.85281,16.1369,-0.249138
1.75347,17.1477,-0.10491
1.91857,18.1145,-0.104407
2.10503,19.0928,-0.327113
2.09504,20.0731,-0.482437
1.85135,21.0047,-0.204758
1.89015,21.8563,0.271249
1.93595,22.8754,0.0858272
1.92388,23.8468,-0.307782
1.7968,24.7126,0.121656
1.94927,25.6909,0.151442
2.10518,26.5981,-0.270083
1.87527,27.5446,-0.50054
1.88354,28.5548,-0.273785
2.86544,1.80719,-0.704434
2.93412,2.14171,0.285604
2.96143,3.18913,0.230052
2.96019,4.19282,0.080105
2.82326,5.18528,-0.107077
2.96533,5.98432,-0.730937
2.86478,6.97614,-0.858348
2.78221,7.96253,-0.693121
2.77558,8.94866,-0.794003
2.92241,9.92567,-1.0087
3.00314,10.9046,-0.884567
2.88138,11.8399,-0.609293
2.67786,12.7548,-1.02337
2.83816,13.7721,-1.1525
2.99256,14.5978,-1.69865
2.91933,15.3835,-1.01653
2.8442,16.2494,-0.507474
2.7487,17.2329,-0.30174
2.98345,18.1438,-0.00582598
3.11323,19.0032,-0.615174
3.09539,20.002,-0.655916
2.88074,20.8412,-0.166982
2.86397,21.8364,-0.0804285
2.89468,22.8677,-0.162941
2.94972,23.9113,-0.424018
2.82789,24.601,0.290545
3.00768,25.5543,0.132212
3.15089,26.5599,-0.122077
2.84312,27.5371,-0.272564
2.90943,28.5286,-0.238594
3.81579,1.64836,-0.383615
3.98515,2.361,0.299643
4.00381,3.34382,0.201123
4.02708,4.3492,0.0735679
3.87422,5.31935,-0.283602
4.07262,6.14474,-0.80719
3.85407,7.11066,-0.754259
3.82051,8.14721,-0.734114
3.77434,9.19731,-0.597079
3.93284,10.0219,-1.16688
4.0353,11.0244,-0.989953
3.87477,12.0176,-0.748152
3.7341,12.8039,-1.31326
3.83484,13.7775,-1.11829
3.97452,14.5235,-1.77149
3.95876,15.2737,-1.06076
3.83809,16.2533,-0.804798
3.74822,17.0471,-0.19924
3.92206,17.9134,0.263326
4.06129,18.8321,-0.275478
4.09503,19.8219,-0.595157
3.88283,20.7443,-0.290829
3.89405,21.746,-0.0344829
3.93571,22.7447,-0.0327921
3.92992,23.6816,-0.431785
3.85172,24.5904,0.0507584
4.04029,25.5941,0.164708
4.1607,26.6133,0.0149236
3.78645,27.4654,-0.466521
3.93621,28.4131,-0.133464
4.83499,1.92896,-0.232759
4.93484,2.7324,0.447456
4.90808,3.74538,0.252419
4.95716,4.69506,-0.0968688
4.86271,5.74608,-0.242247
5.05428,6.51757,-0.840257
4.83784,7.47724,-0.689132
4.79191,8.48866,-0.530943
4.74397,9.399,-0.903394
4.86868,10.3923,-0.938594
4.94447,11.4385,-1.05686
4.8236,12.3947,-0.826496
4.68426,12.891,-1.66055
4.83577,13.7757,-1.2766
4.9959,14.527,-1.91272
4.82297,15.4583,-1.60074
4.84737,16.2649,-0.91879
4.81833,17.1089,-0.339497
4.92051,17.9659,0.157076
5.09746,18.8294,-0.316623
5.18642,19.8476,-0.484845
4.86072,20.7954,-0.451357
4.91007,21.6154,0.161248
4.94744,22.5714,-0.204172
4.9919,23.5762,-0.385427
4.85773,24.5257,0.0491134
5.07653,25.4894,0.15891
5.15838,26.4452,-0.259136
4.84224,27.4184,-0.334611
4.94261,28.3999,0.021131
5.91738,2.12398,-0.27785
5.87342,3.08855,0.167602
5.88842,4.11042,0.262664
6.01563,4.99291,-0.280514
5.88205,5.9817,-0.240532
6.05646,6.81495,-0.763118
5.80655,7.77533,-0.561303
5.81423,8.82001,-0.564025
5.71998,9.75439,-0.804572
5.82143,10.7793,-0.75725
5.99179,11.7372,-1.06509
5.77378,12.7243,-0.930515
5.71282,13.01,-1.88069
5.9271,13.8125,-1.3338
6.01693,14.5233,-2.01841
5.86285,15.4489,-1.67211
5.87577,16.2307,-1.06842
5.82835,16.9955,-0.340413
5.89684,17.9254,-0.0474441
6.11014,18.7642,-0.517762
6.18151,19.7592,-0.529115
5.85182,20.6562,-0.260598
5.95465,21.6423,0.110956
5.99516,22.5959,-0.253386
6.01933,23.6262,-0.295053
5.89433,24.6149,0.0104801
6.10897,25.6353,0.227567
6.16263,26.387,-0.425709
5.87925,27.3793,-0.416306
6.03018,28.3016,0.112198
6.85441,2.37083,-0.108255
6.84377,3.34917,0.204501
6.90055,4.34943,0.29501
6.95499,5.30829,0.0280648
6.87369,6.16927,-0.464956
7.02411,7.12844,-0.655113
6.75975,8.12188,-0.823557
6.8081,9.1302,-0.57684
6.70063,10.1134,-0.849577
6.78949,11.115,-0.809238
6.99748,11.9763,-1.25973
6.79552,12.9802,-1.09398
6.7183,13.2043,-2.10041
6.99599,14.0035,-1.50264
7.01773,14.6288,-2.286
6.79785,15.5552,-1.90091
6.87534,16.1248,-1.11653
6.80521,16.8317,-0.322242
6.9172,17.8461,-0.251698
7.14543,18.7847,-0.488778
7.14797,19.7784,-0.321653
6.80927,20.7001,-0.67503
6.99581,21.5721,-0.124595
7.04374,22.5841,-0.309037
7.05952,23.5865,-0.141868
6.88885,24.5503,0.137944
7.13825,25.5191,0.0555101
7.17897,26.4247,-0.432466
6.94312,27.4199,-0.374981
7.03703,28.3575,0.00740379
7.79725,2.55244,0.128739
7.85604,3.58008,0.147502
7.89714,4.57268,0.343367
8.03487,5.49037,-0.00622883
7.87574,6.36117,-0.530006
8.02976,7.41541,-0.601419
7.78317,8.3459,-0.725068
7.85249,9.31992,-0.586837
7.74652,10.2685,-0.928938
7.8066,11.3023,-0.962978
8.00925,12.2536,-1.18555
7.79605,13.2595,-1.25091
7.76923,13.3236,-2.25997
7.96354,14.1722,-1.69596
8.06568,14.665,-2.54935
7.78834,15.378,-1.94069
7.952,16.0337,-1.21336
7.76313,16.8355,-0.682711
7.92686,17.7565,-0.32168
8.13686,18.7125,-0.222999
8.14174,19.6961,-0.426914
7.78748,20.6101,-0.471966
8.00301,21.6049,-0.41594
8.02958,22.5964,-0.563253
8.12318,23.5153,-0.144279
7.88274,24.5166,0.0997681
8.14838,25.4744,0.1271
8.19295,26.3076,-0.441456
7.91529,27.2488,-0.115387
8.02968,28.2121,-0.00814844
8.79255,2.72947,0.157787
8.8783,3.71372,0.0209174
8.95625,4.68493,0.300662
9.05873,5.62931,-0.00467849
8.89957,6.57068,-0.374163
9.05322,7.58153,-0.402618
8.84264,8.49475,-0.817536
8.81131,9.53104,-0.905554
8.79296,10.5126,-1.10758
8.74924,11.6046,-1.04429
8.93706,12.6249,-1.23829
8.73151,13.636,-1.55816
8.74923,13.6486,-2.58466
8.92629,14.4332,-2.00341
8.98756,14.683,-2.95573
8.7632,15.1574,-2.07382
8.88187,16.0537,-1.56237
8.785,16.9699,-1.06699
8.97871,17.5896,-0.334391
9.11031,18.562,-0.394482
9.12469,19.6169,-0.194061
8.8323,20.5411,-0.33918
9.02113,21.5347,-0.281017
8.98953,22.5395,-0.102084
9.1475,23.5318,-0.114252
8.90717,24.5186,-0.20004
9.16528,25.4043,0.21174
9.20452,26.2881,-0.310175
8.88773,27.1985,-0.0319834
9.08804,28.2072,0.0326029
9.80808,2.94926,-0.02219
9.88821,3.98854,-0.215494
9.99598,4.87578,0.291012
10.0494,5.74505,-0.130931
9.96414,6.72206,-0.314417
10.0429,7.69155,-0.68544
9.84877,8.66846,-0.826478
9.88542,9.65794,-0.845994
9.84023,10.6118,-1.09894
9.76873,11.6653,-1.15314
9.95309,12.677,-1.18486
9.79399,13.6443,-1.46829
9.75779,13.8282,-2.47165
9.90855,14.4679,-1.73173
9.97363,14.536,-2.7145
9.80217,15.2339,-2.01263
9.8805,16.2124,-1.90287
9.83232,16.8147,-1.08466
9.96543,17.6279,-0.507694
10.1125,18.6025,-0.202911
10.1399,19.6369,-0.233958
9.82475,20.6006,-0.183193
10.0108,21.5886,-0.114661
9.97502,22.6201,0.0164983
10.2023,23.562,0.130482
9.91159,24.45,-0.255593
10.0419,25.4727,-0.256597
10.1968,26.4291,-0.545119
9.8964,27.2699,-0.106415
10.1192,28.2086,0.00482498
10.8574,2.85194,-0.029725
10.8602,3.89202,-0.0593249
11.0464,4.86894,0.285495
11.0495,5.75134,-0.278091
10.9791,6.7261,-0.26758
11.0382,7.72965,-0.445573
10.9096,8.6773,-0.804782
10.9145,9.70454,-0.778057
10.9315,10.6762,-1.1595
10.848,11.69,-1.11954
11.0139,12.6706,-1.25034
10.9395,13.6337,-1.48307
10.7833,13.9583,-2.47959
10.9451,14.5027,-1.64871
10.9811,14.5302,-2.67057
10.872,15.3845,-2.08545
10.8937,16.3684,-1.92564
10.8369,16.9791,-1.07063
10.8869,17.905,-0.797082
11.095,18.7013,-0.23856
11.2478,19.659,-0.188327
10.8183,20.4539,0.192676
11.0167,21.4187,0.100558
10.9796,22.4213,0.0473251
11.1708,23.3971,-0.0312571
10.93,24.3697,-0.336064
11.0376,25.365,-0.44695
11.2099,26.3834,-0.371725
10.9113,27.3701,-0.279702
11.0702,28.3519,-0.470437
11.9537,2.90661,-0.0733024
11.8824,3.90601,0.0517106
12.0388,4.8815,0.175472
12.0555,5.77247,-0.302133
12.0253,6.80458,-0.310529
12.0593,7.81265,-0.37213
11.9658,8.74047,-0.784939
11.9485,9.78399,-0.639955
11.9966,10.6443,-1.18101
11.8566,11.6482,-1.22365
12.0532,12.6485,-1.44057
11.9683,13.6144,-1.67772
11.7636,13.9411,-2.63977
11.9603,14.4476,-1.75169
12.0116,14.5459,-2.77008
11.9379,15.2969,-2.13024
11.8887,16.2654,-2.01321
11.8598,17.0701,-1.3407
11.8784,17.9159,-0.780343
12.1553,18.8269,-0.35461
12.2392,19.8622,-0.411026
11.8057,20.6124,0.207855
11.9751,21.5585,-0.0459548
11.9903,22.5118,0.274203
12.1634,23.4968,-0.0812586
11.9261,24.3972,-0.526759
11.991,25.3157,-0.191888
12.2348,26.3379,-0.212049
11.9367,27.2787,-0.159404
12.1047,28.2362,-0.265249
12.9936,2.84092,-0.184454
12.9169,3.87426,-0.0500443
13.054,4.85593,-0.0248695
13.0576,5.8623,-0.0623341
13.0194,6.86051,-0.320811
13.0747,7.86539,-0.36578
12.9516,8.88562,-0.681429
12.9932,9.88118,-0.793295
13.0172,10.7944,-1.15638
12.8804,11.7831,-1.08188
13.1202,12.7025,-1.32411
13.0016,13.6424,-1.61975
12.8226,13.9618,-2.5998
12.9561,14.3905,-1.73963
13.0497,14.891,-2.67859
12.8964,15.2312,-1.74503
12.8605,16.2182,-1.79982
12.8681,17.2284,-1.49463
12.9031,17.7979,-0.689636
13.1546,18.7349,-0.370177
13.2178,19.7036,-0.138258
12.8249,20.5815,0.139445
13.0263,21.555,-0.0847041
13.0337,22.4807,0.310028
13.1376,23.4512,-0.143071
12.9275,24.4511,-0.473553
13.0346,25.4067,-0.216495
13.252,26.3847,-0.116822
12.8724,27.279,0.194928
13.1495,28.1737,-0.249892
13.892,3.06335,0.166616
14.0021,4.05883,-0.0208625
14.0693,5.05799,0.187555
14.0634,6.05902,-0.111893
14.0571,7.02392,-0.272445
14.0683,8.05698,-0.281231
13.9606,8.88837,-0.929328
13.9993,9.89302,-0.896078
14.1245,10.8705,-1.04123
13.9274,11.8628,-1.09289
14.1377,12.629,-1.67981
14.0074,13.5759,-1.95822
13.7995,14.0786,-2.8504
14.0126,14.318,-1.88159
14.1588,14.883,-2.76263
13.962,15.1039,-1.76633
13.8496,16.0778,-1.5534
13.9042,17.0636,-1.34086
13.96,17.8615,-0.764998
14.1412,18.817,-0.477941
14.2187,19.6722,0.0398236
13.7922,20.5567,0.406052
14.0393,21.3802,-0.162987
14.0374,22.3888,0.0184179
14.112,23.3704,-0.260131
13.9545,24.3109,-0.542524
14.0213,25.3116,-0.42407
14.2147,26.1183,0.078692
13.8851,27.0952,0.0293863
14.161,28.0937,-0.156914
14.8784,3.21812,0.544868
15.0472,4.13859,0.041789
15.0932,5.18969,-0.0210486
15.1135,6.16757,-0.0615589
15.0698,7.14598,-0.285815
15.0433,8.20154,-0.176638
15.0079,8.98718,-0.835994
15.0085,9.99706,-0.624866
15.1379,10.891,-1.06939
14.9705,11.8742,-1.19321
15.1488,12.6414,-1.84393
15.085,13.6274,-1.88654
14.8614,13.956,-2.79861
15.0184,14.4785,-1.88455
15.1901,14.9016,-2.79113
14.9683,15.2524,-1.91114
14.9034,16.2357,-1.70681
14.8347,17.2716,-1.70716
14.9571,17.8598,-0.888604
15.1291,18.7745,-0.478878
15.2744,19.7396,-0.107648
14.8099,20.6564,0.0245399
14.9943,21.5836,0.29006
15.0166,22.554,-0.0526749
15.1387,23.5015,-0.161437
14.8996,24.492,-0.323594
15.017,25.4886,-0.212943
15.1993,26.1993,0.47156
14.9036,27.0494,0.042439
15.1382,27.998,-0.161266
15.8938,3.41514,0.58142
16.0689,4.11586,-0.191092
16.0752,5.12022,-0.216697
16.1753,6.10715,-0.190817
16.0464,7.07224,-0.338102
16.0631,8.03731,-0.240522
16.0199,9.00533,-0.589898
16.0733,10.0068,-0.747441
16.1484,10.9713,-0.861528
15.9942,11.7877,-1.42565
16.1544,12.7663,-1.70099
16.0842,13.7125,-2.05945
15.8984,14.2237,-2.92996
16.0347,14.6222,-1.99427
16.1979,14.9799,-2.94619
16.0187,15.4279,-2.02357
15.8977,16.1867,-1.41028
15.8721,17.1988,-1.5174
15.9771,17.9106,-0.780065
16.142,18.8559,-0.487841
16.2762,19.8506,-0.271963
15.7887,20.7012,-0.0481674
16.0159,21.6371,0.200247
16.0467,22.5726,-0.122074
16.1435,23.5426,0.0366527
15.95,24.428,-0.366512
16.0361,25.4034,-0.223045
16.1158,26.3778,0.141984
15.8662,27.3157,0.184219
16.1141,28.2063,-0.250102
16.9184,3.62875,0.771813
17.1271,4.05937,-0.128962
17.1224,5.01018,-0.427134
17.2111,5.9679,-0.167412
17.0987,6.9334,-0.291092
17.0432,7.92087,-0.54431
17.0716,8.9006,-0.548698
17.126,9.91238,-0.512076
17.1695,10.8899,-0.757424
17.0401,11.8052,-1.29294
17.176,12.7483,-1.59535
17.0917,13.7923,-1.8643
16.9574,14.023,-2.86231
17.0087,14.6089,-2.03995
17.2449,15.1218,-2.84907
17.0199,15.3748,-1.89472
16.9257,16.3201,-1.45325
16.7869,17.2708,-1.17034
16.9719,18.0299,-0.499149
17.0765,19.1002,-0.435319
17.2014,20.0757,-0.64442
16.8721,20.7845,-0.0163213
17.053,21.7852,0.224284
17.0208,22.7587,-0.0113987
17.0699,23.6489,0.454451
16.9797,24.4486,-0.20318
17.0299,25.3875,0.0644551
17.1225,26.3787,-0.0479568
16.8846,27.3394,0.0567858
17.1428,28.2482,-0.219224
17.9074,3.50839,0.989331
18.1218,4.0055,0.133195
18.0923,4.94328,-0.150008
18.2667,5.94984,-0.0278726
18.1392,6.91833,-0.348357
18.0834,7.92663,-0.504224
18.1114,8.93447,-0.396381
18.1489,9.929,-0.642259
18.1229,10.8455,-1.0525
18.0178,11.8117,-1.27913
18.152,12.8127,-1.36675
18.0917,13.7368,-1.76951
17.9657,13.8636,-2.78744
18.0763,14.44,-2.0227
18.1971,14.9957,-2.84367
18.0401,15.2455,-1.88992
17.9428,16.1978,-1.55778
17.8181,17.1961,-1.14819
18.0466,18.0124,-0.634031
18.1199,19.0016,-0.564351
18.2521,19.9975,-0.46509
17.9321,20.8228,0.0471389
18.0554,21.7322,0.389972
18.0324,22.7111,0.181912
18.054,23.6953,0.367513
17.9578,24.6246,-0.00311289
17.9945,25.6058,0.226685
18.1721,26.5058,-0.271081
17.9029,27.4216,-0.0516282
18.1426,28.3602,-0.293997
18.8946,3.3156,1.0116
19.0969,3.81133,0.172137
19.0875,4.8135,-0.00920438
19.2589,5.80642,0.0627247
19.1255,6.89209,-0.0400891
19.1097,7.79168,-0.454894
19.1457,8.80349,-0.354259
19.1431,9.7963,-0.751329
19.1142,10.7932,-0.927754
19.1144,11.7616,-1.27402
19.1586,12.7904,-1.27984
19.0857,13.6625,-1.7759
19.0584,13.8165,-2.77331
19.1143,14.5675,-2.04294
19.2298,14.9717,-2.94928
19.0717,15.4543,-2.04768
18.9266,16.4037,-1.71445
18.8674,17.3283,-1.33653
19.0373,18.1909,-0.828871
19.1201,19.1607,-0.964702
19.2386,19.9358,-0.367132
18.9432,20.7585,0.126093
19.0505,21.7441,0.255354
19.098,22.7359,0.263836
19.0766,23.7397,0.268239
19.01,24.7132,0.0431959
18.977,25.6866,0.108206
19.1713,26.6278,-0.0358013
18.8898,27.5517,0.161101
19.2215,28.3644,-0.413718
19.937,2.99256,0.96354
20.0829,3.65022,0.167299
20.0943,4.65093,-0.120429
20.3459,5.61697,0.186755
20.2089,6.58665,-0.0412061
20.1287,7.56009,-0.233503
20.1289,8.53287,-0.508615
20.0944,9.48488,-0.903076
20.071,10.4768,-0.819761
20.1325,11.4299,-1.19626
20.1679,12.4565,-1.24378
20.0504,13.4547,-1.58258
20.0912,13.6786,-2.53435
20.1482,14.4302,-1.91478
20.2369,14.7533,-2.81319
20.0617,15.514,-2.17057
20.0137,16.3649,-1.70078
19.892,17.318,-1.32978
20.0552,18.2277,-0.989602
20.1485,19.1772,-0.684509
20.2934,20.0525,-0.244578
19.9763,20.8419,0.324223
20.0419,21.8243,0.0560472
20.1013,22.8708,0.1309
20.0744,23.8444,0.515473
20.0078,24.8114,0.19653
19.978,25.8082,0.250685
20.178,26.7455,-0.0381634
19.9129,27.7055,0.198334
20.2448,28.3639,-0.494534
20.9679,2.71664,0.96328
21.0503,3.61216,0.551335
21.0921,4.50807,0.170342
21.3189,5.42362,-0.0823481
21.2148,6.43988,-0.0568438
21.1584,7.41909,-0.2875
21.1101,8.32877,-0.720511
21.1316,9.33277,-0.764708
21.1424,10.3428,-0.822053
21.1986,11.2767,-1.12185
21.1773,12.2835,-0.953984
21.057,13.2639,-1.24485
21.0794,13.4926,-2.2148
21.1105,14.3008,-1.58318
21.1719,14.5429,-2.53451
21.1667,15.407,-2.01874
20.997,16.386,-1.86975
20.8881,17.2346,-1.35942
21.0912,18.2082,-1.00687
21.1453,19.1697,-0.636537
21.3139,20.0166,-0.145152
20.9592,20.871,0.445189
21.048,21.8888,0.154344
21.1352,22.9065,0.0949126
21.0613,23.8226,0.458153
21.0065,24.7598,0.0357921
21.0208,25.758,0.298856
21.171,26.6687,-0.0645955
20.9824,27.6714,0.118653
21.2722,28.5788,-0.336616
21.986,2.46899,0.966924
22.051,3.41387,0.60687
22.0861,4.20371,-0.011832
22.3026,5.21164,0.0775933
22.2002,6.14399,-0.243995
22.2133,7.15713,-0.34536
22.1694,8.08115,-0.726621
22.1028,9.0689,-0.728504
22.0888,10.0444,-0.659395
22.2397,11.0455,-0.852727
22.1663,12.0737,-0.873846
22.1295,13.0524,-1.22785
22.0682,13.1703,-2.21217
22.0804,14.0083,-1.61375
22.1408,14.7754,-2.29699
22.0924,15.4584,-1.59751
21.9703,16.4619,-1.65646
21.8468,17.4678,-1.63815
22.1077,18.3678,-1.20675
22.1734,19.1766,-0.600922
22.2838,20.158,-0.357872
21.9794,20.8645,0.344337
22.028,21.9244,0.290768
22.1691,22.8508,-0.0548418
22.0541,23.7496,0.303632
22.0471,24.6801,-0.0948088
22.0578,25.617,0.271984
22.1116,26.6163,0.319407
22.0111,27.5835,0.297742
22.2387,28.3172,-0.382131
22.9844,2.28451,1.12257
23.0274,3.02206,0.440303
23.1709,3.97553,0.0840144
23.2965,4.93818,-0.0546373
23.1434,5.85759,-0.319297
23.2196,6.84422,-0.524345
23.1344,7.817,-0.384283
23.0213,8.79509,-0.399368
23.0872,9.84003,-0.437904
23.2422,10.787,-0.801987
23.1935,11.8036,-0.916141
23.2143,12.8169,-1.12199
23.0329,13.2583,-1.98486
23.0065,13.923,-1.21362
23.099,14.5783,-1.94573
23.1087,15.5675,-1.71249
22.9481,16.5716,-1.53137
22.8661,17.5852,-1.60608
23.1148,18.4104,-1.15375
23.2133,19.1473,-0.472567
23.3096,20.1267,-0.330058
23.0284,20.897,0.236161
23.0372,21.9099,0.217539
23.1392,22.8114,-0.221451
23.0984,23.6383,0.371148
23.0644,24.5867,0.0950133
22.9984,25.5405,0.51333
23.1354,26.5424,0.353441
23.0315,27.4933,0.0894284
23.249,28.2808,-0.485208
23.9562,2.48305,1.38781
24.0048,2.75622,0.415003
24.1562,3.63996,-0.0509018
24.2134,4.63913,0.14608
24.1556,5.52534,-0.292187
24.2109,6.57308,-0.359655
24.1039,7.61913,-0.475524
23.9718,8.57019,-0.281704
24.0623,9.61349,-0.407678
24.2935,10.483,-0.933287
24.1842,11.4738,-1.03537
24.1962,12.5176,-1.00544
24.074,13.1755,-1.79745
23.9884,13.7423,-0.849327
24.0157,14.425,-1.56306
24.0326,15.3632,-1.239
23.95,16.3855,-1.23895
23.8633,17.3709,-1.20637
24.099,18.3843,-1.37866
24.1955,19.1933,-0.758095
24.3416,20.1271,-0.410675
24.0293,20.9172,0.111515
24.0334,21.8991,0.040968
24.1197,22.8401,-0.394473
24.2276,23.5255,0.364745
24.0951,24.5297,0.274355
23.9808,25.4413,0.623008
24.1279,26.446,0.371981
24.0041,27.3979,0.0264229
24.2891,28.2121,-0.504251
24.9517,2.1947,1.20448
24.9209,2.46127,0.214795
25.1224,3.40003,-0.103165
25.1915,4.41122,-0.156096
25.184,5.39401,-0.253621
25.2567,6.41499,-0.281671
25.1248,7.39033,-0.381811
25.021,8.37441,-0.395428
25.0754,9.36678,-0.228907
25.2863,10.1984,-0.723405
25.1657,11.1828,-0.792825
25.1905,12.2246,-0.995505
25.1535,12.9225,-1.76998
24.9568,13.411,-0.889892
24.9754,14.3684,-1.23341
25.0625,15.424,-1.104
24.9543,16.4722,-1.02316
24.8527,17.4304,-0.822456
25.1223,18.3008,-1.31967
25.1938,19.1683,-0.818726
25.3385,20.0535,-0.365087
25.0766,20.8672,0.188913
25.0098,21.8683,0.33589
25.0397,22.7923,-0.0692038
25.2601,23.6953,0.348271
25.0571,24.6773,0.2412
25.0037,25.6653,0.548405
25.1085,26.5786,0.0547166
25.0203,27.5405,0.123331
25.3311,28.3885,-0.269829
25.9812,1.94216,1.13358
25.8678,2.16745,0.188479
26.0618,3.06204,-0.171969
26.1555,4.10173,-0.229402
26.0972,5.08015,0.0828211
26.1297,6.12122,0.0133763
26.1676,7.0575,-0.321354
25.9808,8.03842,-0.0901364
26.1082,9.00716,-0.295969
26.3389,9.95589,-0.562893
26.1753,10.9322,-0.686169
26.1093,11.7698,-1.26273
26.2267,12.7255,-1.58606
25.9272,13.5964,-1.22237
25.9926,14.5716,-1.2045
26.0239,15.5548,-0.770763
25.9937,16.5171,-1.05184
25.8582,17.5059,-0.893265
26.135,18.3399,-1.32421
26.2267,19.1934,-0.773681
26.3131,19.9906,-0.120283
26.0916,20.9736,-0.053441
26.0332,21.9667,0.206064
26.0942,22.834,-0.260891
26.2013,23.8053,0.0201361
26.0428,24.7783,-0.0513382
25.9774,25.7541,0.251634
26.1259,26.7215,0.193332
26.0647,27.6743,0.0585406
26.2842,28.6378,-0.167699
26.9597,1.81718,1.32617
26.861,2.03595,0.339158
27.0235,2.81197,-0.298163
27.1171,3.7954,-0.12487
27.1187,4.72141,0.216535
27.1445,5.7429,0.0665395
27.1035,6.74561,-0.055443
27.009,7.74178,-0.222443
27.0794,8.76226,-0.392001
27.329,9.75143,-0.27228
27.1386,10.7501,-0.380117
26.9621,11.6858,-0.721488
27.2194,12.4967,-1.26146
26.9982,13.4958,-0.993347
26.9959,14.4864,-0.916828
27.063,15.4664,-0.62219
26.9278,16.4226,-0.736369
26.8748,17.4043,-0.58131
27.0728,18.4058,-0.866094
27.2392,19.427,-0.715577
27.3517,20.0815,0.0717948
27.0671,21.0135,-0.224265
27.0357,21.9557,0.138206
27.1637,22.8585,-0.279489
27.1129,23.8658,-0.30109
27.0288,24.8515,0.0307291
27.0143,25.8734,0.116825
27.127,26.8534,0.209537
27.0443,27.8518,-0.066744
27.2122,28.7652,0.280166
27.9946,1.695,1.29022
27.8431,1.87994,0.320893
28.0858,2.61249,-0.292401
28.1171,3.61228,-0.105841
28.1595,4.57717,0.311472
28.1493,5.48663,-0.15714
28.126,6.49008,0.142485
28.007,7.46947,-0.0903897
28.0809,8.46488,-0.228132
28.3012,9.41585,-0.373278
28.0897,10.4033,-0.217731
27.9,11.3552,-0.515015
28.2121,12.2576,-1.06792
28.0528,13.2653,-0.82739
28.0044,14.275,-0.83289
28.0849,15.2774,-0.8125
27.9143,16.1902,-0.447758
27.9416,17.1811,-0.524583
28.0805,18.1296,-0.763478
28.1573,19.0653,-0.506787
28.3788,19.9641,-0.0534867
28.0719,20.9653,-0.198025
28.0428,21.9504,0.258232
28.1279,22.9094,0.0013123
28.1524,23.9027,-0.231724
28.0145,24.8118,0.141533
27.994,25.7825,-0.0515793
28.176,26.7781,0.193878
28.0634,27.7178,-0.100223
28.1884,28.7255,0.229032
29.0358,1.66998,1.23468
28.9114,1.623,0.192535
29.1226,2.45641,-0.339109
29.1179,3.4425,-0.137788
29.1432,4.25843,0.441368
29.1483,5.20825,0.117402
29.149,6.23847,0.173232
29.0332,7.22524,-0.188876
29.0919,8.22472,-0.349129
29.2226,9.16768,-0.135072
29.1102,10.1294,-0.244301
28.9525,11.1375,-0.36654
29.1416,12.135,-0.613977
29.1361,13.1682,-0.525632
29.0198,14.1783,-0.637001
29.1113,15.1599,-0.60506
29.0024,16.1464,-0.338502
29.0064,17.1375,-0.143995
29.1144,18.0545,-0.642152
29.1518,19.058,-0.311136
29.3422,20.0142,-0.346477
29.0207,20.8109,0.207468
29.0576,21.8369,0.0904935
29.1491,22.8302,0.00489517
29.1336,23.8392,-0.228376
29.051,24.8419,0.0815821
29.0336,25.8418,0.0976928
29.2058,26.8378,0.00720847
29.0984,27.8302,-0.180154
29.2346,28.7726,0.164809
