15.3477,-6.58495,-10.3427
-2.16523,-13.9856,0.833976
-12.7396,4.13043,-9.46005
15.1845,-8.14413,9.7681
5.50108,-3.36296,-14.1935
-8.92419,-20.1875,-2.49985
11.0217,2.40397,10.049
12.2669,3.37008,3.99461
-10.4147,9.65005,5.68416
-5.99366,10.2954,2.07126
8.09973,-5.7788,-7.17396
1.37712,-7.04392,-3.48113
-2.76069,-1.14284,-4.08144
6.18753,-4.82152,1.87993
3.47376,-5.28529,-4.99454
-1.85996,-9.96216,-0.271468
3.89484,-2.17537,4.68182
3.95315,4.54104,4.74553
-2.77031,8.68965,4.3581
-1.45989,10.5498,-1.51733
6.52579,-0.908484,-7.633
3.50813,-2.17895,-5.15622
1.46078,-0.71941,-3.04887
3.73273,-1.82629,-0.17835
1.89282,-2.29391,-0.883749
-0.469036,-2.89223,2.30027
0.468526,2.39388,5.16119
-0.308188,8.07771,6.83185
-3.60384,12.8462,8.14808
-5.72441,16.6752,6.77718
6.62075,4.22694,-9.34194
4.77657,2.47671,-6.38665
3.36114,2.31683,-3.33629
3.12012,1.78031,-0.273571
1.46358,1.5818,1.81795
-0.166262,2.77477,4.67437
-0.909455,7.17086,7.38451
-2.6468,12.2987,9.86651
-5.6732,17.6223,12.4514
-9.95105,23.4094,14.584
7.46351,9.38313,-11.9602
5.66856,6.93055,-7.27047
4.21708,5.70802,-2.95185
2.94245,5.18959,0.868734
1.39185,5.4162,3.98656
-0.0421705,7.20692,6.86533
-1.13181,11.0449,9.88133
-2.62217,15.8235,13.2381
-5.51253,21.1455,17.4419
-15.0555,31.3914,21.9615
8.44423,14.2547,-16.329
5.2535,9.91674,-4.9042
4.05086,7.40999,0.326988
2.60934,7.38769,3.97213
1.28782,8.50003,6.65181
0.969207,10.0357,8.41249
1.20452,12.1712,10.0912
1.85524,13.936,12.1461
4.25326,11.8135,14.4158
13.0801,1.64016,12.9073
-5.90999,20.9992,2.36602
1.79655,5.82668,6.24527
3.27585,5.43346,5.78045
1.59227,8.51383,8.06897
0.613602,11.1582,10.0075
1.71693,12.6329,10.0746
3.41598,13.44,9.92563
5.77942,13.843,9.96866
9.67475,13.4194,9.72111
16.1358,14.7905,10.6009
13.493,-27.0374,25.1066
7.34109,-9.62715,14.7825
3.3268,1.87752,10.2333
0.0666158,10.2223,12.2316
-0.521003,14.4392,13.3906
1.91955,15.2902,11.9166
4.87706,14.9974,9.76157
7.93266,14.5265,7.07463
11.2316,14.0791,3.24933
13.9186,14.4782,-3.79452
-5.97003,6.92298,-1.6295
6.22238,-2.06055,6.66999
0.167089,10.7259,3.95685
-3.51201,18.1911,15.1279
-2.13536,18.8875,16.8289
0.7579,17.8795,14.3935
4.0072,16.5895,11.8697
7.43117,15.2332,9.20637
11.1524,13.6888,6.7236
15.0134,11.5729,5.17477
6.65558,-3.89969,5.39445
19.2681,-14.1319,12.646
-3.40859,19.5538,-9.27795
-7.83635,27.7529,25.9364
-4.39301,23.1637,20.9364
-0.895013,20.358,17.215
2.41,18.2088,14.0334
5.76238,16.3225,11.2269
9.09485,14.5985,8.84979
12.0646,12.9798,7.02785
