0.1,0.0885067,-0.586019
0.0613361,1.33716,-0.691092
0.0362377,2.63746,-0.662551
0.0408765,3.83158,-0.788495
0.0301706,5.03186,-0.849507
0.0717246,6.26269,-0.837666
0.0680685,7.50641,-0.959722
0.116633,8.71982,-0.962917
0.0925016,9.92068,-1.04132
0.332215,11.0896,-1.16201
0.650813,12.2848,-1.33431
0.492273,13.3316,-1.22915
0.372103,14.3788,-0.984854
0.241829,15.4103,-1.068
0.148863,16.2946,-0.593432
0.226661,17.2153,-0.144694
-0.130702,18.1753,-0.250371
-0.0362285,17.1429,-0.34145
0.139253,18.117,-0.268383
-0.00830409,18.9944,0.160677
0.837696,0.835231,-0.767284
0.858028,1.97756,-0.894125
0.961861,3.17102,-0.845323
0.960387,4.33395,-0.875582
0.995639,5.50061,-0.88908
1.00338,6.68863,-1.05106
1.02775,7.8915,-1.07978
1.03992,9.08936,-1.08392
1.07817,10.242,-1.0712
1.34087,11.3849,-1.01701
1.76764,12.5846,-0.868444
1.6404,13.6924,-0.866546
1.31159,14.6876,-1.03176
1.29814,15.7658,-0.857372
1.02367,16.7417,-1.0756
1.39414,17.0999,-0.263366
0.991369,18.0698,-0.286642
0.856252,17.2131,-0.86415
1.10425,18.1184,-0.431599
0.997015,19.0561,0.0432386
1.80272,1.11202,-0.875448
1.8703,2.27035,-0.975768
1.89052,3.47705,-0.913623
1.96254,4.61802,-0.877038
1.91283,5.83731,-1.01249
1.92645,7.09581,-1.08156
1.97067,8.32817,-1.12484
1.90954,9.53914,-1.25913
2.0024,10.7635,-1.25535
2.22021,11.9775,-0.833018
2.84495,13.1761,-0.359468
2.54304,14.5451,-0.469222
1.63456,15.5258,-0.73347
2.24231,16.3875,-0.816276
1.73262,17.2448,-0.305039
2.17151,16.8714,-1.04704
2.02585,17.7483,-0.406095
1.8016,17.3129,-1.2642
2.10286,17.9667,-0.514438
1.96037,18.9315,-0.288867
2.82048,0.798199,-0.814893
2.79436,1.91131,-0.867263
2.79348,3.08502,-0.946159
2.88682,4.25494,-1.04902
2.84046,5.4268,-1.01447
2.85177,6.6442,-1.16419
2.83816,7.8278,-1.25756
2.82103,8.96732,-1.28945
2.77891,10.0906,-1.24541
2.82217,11.2552,-1.13327
2.736,12.3912,-1.04044
2.75584,13.5324,-0.931306
2.26422,14.5799,-1.06883
2.62434,15.4856,-0.755486
2.47652,16.4828,-0.429731
3.14472,17.1387,-0.963887
2.96113,17.5262,-0.0812006
2.78648,17.1858,-1.01759
3.09696,18.0163,-0.477596
3.00625,18.9848,-0.349666
3.76436,0.437034,-0.814139
3.78835,1.60007,-0.854439
3.83624,2.75329,-0.786627
3.8032,3.91588,-0.84796
3.76106,5.01424,-1.01776
3.81838,6.11337,-1.01858
3.75865,7.27078,-1.11
3.70208,8.39226,-1.10989
3.64238,9.52321,-1.1775
3.65021,10.6127,-1.12686
3.5246,11.7623,-1.2254
3.38642,12.8386,-1.26179
3.21604,13.9138,-1.13901
3.46228,14.8406,-0.813001
3.36113,15.8487,-0.6021
3.94453,16.655,-0.65974
3.91468,17.2442,0.190274
3.80861,17.4346,-0.794321
4.10017,18.3126,-0.468484
3.93169,19.167,0.0464492
4.80942,0.382214,-0.857344
4.79235,1.44783,-0.828401
4.84755,2.55136,-0.821863
4.79457,3.6184,-1.02029
4.77217,4.68737,-0.990014
4.78105,5.78918,-1.00093
4.76106,6.92275,-1.2049
4.64321,8.02585,-1.1968
4.56898,9.10918,-1.36516
4.55281,10.1929,-1.26805
4.40333,11.2127,-1.09622
4.30259,12.2857,-1.12852
4.16061,13.3379,-0.981854
4.40357,14.332,-0.870019
4.31971,15.3125,-0.704764
4.82502,16.1884,-0.623032
4.87231,17.0413,-0.0521104
4.84812,17.4254,-0.974996
5.1251,18.2083,-0.370769
4.94686,19.0803,0.136784
5.82084,0.14225,-0.84901
5.81235,1.239,-0.829029
5.83581,2.3037,-0.91811
5.7862,3.39618,-0.903525
5.80653,4.47776,-0.947169
5.83783,5.58589,-0.903809
5.79291,6.64439,-1.04653
5.56274,7.68636,-0.977755
5.54983,8.7956,-1.15918
5.47327,9.78018,-0.943123
5.2808,10.7894,-0.764064
5.31016,11.8471,-0.902097
5.18658,12.9122,-0.93235
5.36567,13.8839,-0.756877
5.3104,14.9379,-0.706806
5.80491,15.7954,-0.324339
5.83529,16.714,0.0175329
5.86957,17.1498,-0.893304
6.09403,18.0124,-0.418683
5.95626,18.9401,-0.0446577
6.80598,0.117374,-0.619446
6.76114,1.15352,-0.456902
6.89768,2.14978,-0.697717
6.78996,3.20609,-0.893811
6.80394,4.29088,-1.08139
6.81751,5.32383,-0.837626
6.69503,6.36126,-0.783114
6.52878,7.35791,-0.807831
6.50728,8.43871,-0.983767
6.40072,9.43767,-0.712226
6.31173,10.4834,-0.792019
6.34205,11.5224,-0.75576
6.26649,12.5799,-0.77893
6.37765,13.6475,-0.757796
6.30633,14.6162,-0.448479
6.77921,15.5135,-0.320466
6.80288,16.501,-0.0876614
6.93714,17.1621,-0.825575
7.0347,18.1989,-0.766381
6.94545,18.9268,-0.127482
7.84378,0.0714805,-0.593548
7.83584,1.16871,-0.629069
7.89441,2.24621,-0.584533
7.80509,3.22394,-0.751012
7.87606,4.2265,-0.925803
7.85438,5.18414,-0.611689
7.70732,6.19098,-0.56726
7.61039,7.18861,-0.829014
7.55244,8.21872,-0.745656
7.4826,9.25606,-0.644172
7.3285,10.316,-0.633354
7.38974,11.3662,-0.662947
7.31392,12.3794,-0.712433
7.35945,13.4081,-0.683959
7.41567,14.4417,-0.595965
7.74504,15.3857,-0.481774
7.81678,16.3706,-0.144722
7.93843,17.1539,-0.828098
8.01501,18.1009,-0.446065
7.91391,19.0318,-0.14152
8.84638,-0.0870144,-0.527177
8.82685,0.969073,-0.472256
8.85597,1.96576,-0.474178
8.75288,2.97103,-0.456871
8.79531,3.97869,-0.587606
8.8704,5.06666,-0.709888
8.69704,6.12935,-0.831526
8.63421,7.15951,-0.69039
8.61101,8.18627,-0.605084
8.54468,9.24473,-0.583233
8.38235,10.2551,-0.558016
8.47701,11.2603,-0.62465
8.30599,12.2272,-0.564766
8.39255,13.2518,-0.650276
8.42598,14.2879,-0.557103
8.7335,15.2447,-0.62432
8.79503,16.1878,-0.25183
8.95357,17.1209,-0.57474
9.05885,18.0903,-0.434083
8.93077,19.1007,-0.25388
9.88432,-0.180181,-0.302615
9.82876,0.867269,-0.406494
9.86006,1.89587,-0.358718
9.76818,2.93516,-0.524039
9.90582,3.96001,-0.622523
9.86364,4.98046,-0.752101
9.69538,6.04259,-0.885131
9.6862,7.09818,-0.783059
9.6106,8.13741,-0.609833
9.59814,9.1637,-0.594656
9.41472,10.1583,-0.555376
9.48049,11.1312,-0.64413
9.34328,12.1259,-0.278399
9.41341,13.1103,-0.460393
9.48803,14.1296,-0.440599
9.74329,15.1174,-0.589645
9.81576,16.0987,-0.40127
9.97078,17.1204,-0.324906
9.93547,18.042,0.051323
9.92603,19.06,-0.0746178
10.9047,-0.0722068,-0.316428
10.8642,0.92779,-0.488922
10.9097,1.91255,-0.536729
10.8081,2.94564,-0.366362
10.9032,3.92973,-0.448439
10.8906,4.90104,-0.794916
10.771,5.92878,-0.706903
10.6941,6.97237,-0.764611
10.6725,7.94914,-0.646034
10.6089,9.01515,-0.534614
10.4843,10.0256,-0.544523
10.515,11.0166,-0.533018
10.3551,11.9884,-0.440687
10.4461,12.9798,-0.516669
10.5504,13.9977,-0.525806
10.7533,15.0516,-0.391986
10.8019,16.0744,-0.122257
10.9651,17.0737,-0.183432
10.9438,18.059,-0.291595
10.9723,19.0429,-0.136158
11.8527,0.0141942,-0.0244179
11.9094,0.990487,-0.31493
11.8123,2.01547,-0.193341
11.8519,2.98579,-0.413208
11.9362,4.01164,-0.335417
11.8713,4.99704,-0.673412
11.7818,6.02684,-0.606726
11.7437,7.0182,-0.793936
11.6799,8.00528,-0.704151
11.7042,9.04592,-0.646068
11.5472,10.0474,-0.69067
11.5091,11.0506,-0.468542
11.4306,12.0414,-0.435829
11.5129,13.0871,-0.445778
11.6021,14.1443,-0.388046
11.7512,15.1134,-0.565767
11.8336,16.0791,-0.126786
11.9877,17.0581,-0.0088992
11.9436,18.0665,0.0192694
11.9632,19.0924,-0.0312723
12.8767,0.0381603,-0.1875
12.9386,1.02102,-0.38547
12.851,1.98037,-0.225608
12.8541,2.98642,-0.40144
12.9287,3.92533,-0.69928
12.9052,4.95269,-0.697671
12.7953,5.91768,-0.763961
12.7492,6.96642,-0.736628
12.7126,7.97871,-0.784771
12.7005,9.0078,-0.623408
12.5898,10.0232,-0.436561
12.5977,11.0229,-0.570754
12.5169,12.0208,-0.352257
12.569,13.0311,-0.42038
12.6275,14.0301,-0.172744
12.7521,15.0709,-0.329957
12.9048,16.058,-0.155138
13.0223,17.0615,-0.0371746
12.9966,18.0712,0.0526414
12.9943,19.0994,-0.00415357
13.9065,-0.0818445,-0.229347
13.9434,0.893954,-0.109952
13.9245,1.92365,-0.371279
13.8928,2.94688,-0.522791
13.9632,3.89452,-0.946217
13.9215,4.89987,-0.89736
13.8129,5.91747,-0.828523
13.7435,6.95663,-0.766787
13.7295,7.97235,-0.853368
13.7529,9.00141,-0.880746
13.6354,10,-0.529737
13.6986,11.0962,-0.50622
13.5879,12.0762,-0.423823
13.5813,13.0894,-0.282018
13.6521,14.0719,-0.170965
13.8026,15.0727,-0.183081
13.9766,16.0636,-0.167885
14.0019,17.0693,-0.0423719
14.0412,18.0889,0.0646962
13.9748,19.0827,-0.218137
14.9792,-0.0508255,-0.280789
14.9307,0.948332,-0.287722
14.9015,1.8958,-0.612207
14.8683,2.93576,-0.577554
14.9455,3.90587,-0.816181
14.9666,4.89615,-0.830546
14.8533,5.9219,-0.822214
14.7644,6.95247,-0.87326
14.7515,7.97533,-0.949644
14.786,9.00945,-0.853383
14.6773,10.0385,-0.6035
14.7464,10.9906,-0.361415
14.6887,12.0234,-0.36697
14.6368,13.0222,-0.0579546
14.746,14.003,-0.0399182
14.8465,15.0537,-0.0309915
14.9829,16.1223,-0.0123264
14.9408,17.1324,0.258992
15.0452,18.1571,0.18605
14.9752,19.18,-0.0628132
15.9749,-0.159056,-0.301157
15.948,0.864052,-0.346873
15.8888,1.84399,-0.584487
15.8843,2.8852,-0.510071
15.9493,3.88944,-0.706424
15.9986,4.93298,-0.856581
15.905,5.93692,-0.771859
15.8593,6.95032,-0.751799
15.7781,7.99858,-0.733168
15.8114,9.00006,-0.768172
15.7699,10.0464,-0.709888
15.7552,11.0954,-0.700006
15.7596,12.1031,-0.33267
15.673,13.0632,-0.119086
15.7403,14.0868,0.00133671
15.8921,15.1102,0.0137272
16.0049,16.119,0.232463
15.9475,17.1046,0.30636
16.053,18.1031,0.207904
16.0166,19.1208,0.0847041
17.0459,-0.0682882,-0.236824
16.9755,0.933384,-0.449709
16.9246,1.94135,-0.452718
16.8785,2.95005,-0.242756
16.8882,3.97061,-0.409665
17.0006,4.98826,-0.552177
16.9009,5.99259,-0.434599
16.8767,6.93799,-0.88573
16.8526,7.99726,-0.567766
16.848,8.9583,-0.675512
16.8746,10.0073,-0.715534
16.7795,10.992,-0.422053
16.7693,12.0255,-0.344511
16.7066,13.0066,-0.157552
16.7873,14.0233,0.032783
16.8534,15.0426,0.0222907
17.0728,15.9672,0.276415
16.9329,16.9336,0.291076
17.0654,17.968,0.436103
17.0098,18.9975,0.369243
18.111,-0.15186,-0.36671
17.9873,0.854561,-0.362902
17.9278,1.96266,-0.288733
17.895,3.00386,-0.373846
17.8997,4.00729,-0.378082
17.9652,4.9815,-0.369179
17.9287,6.00184,-0.325706
17.8355,6.98096,-0.584845
17.9027,7.97819,-0.469445
17.8769,8.99864,-0.62721
17.889,10.0096,-0.686212
17.8371,10.984,-0.383984
17.8581,12.0143,-0.340379
17.8359,13.0457,-0.185253
17.861,14.0071,-0.0981414
17.8799,15.0004,0.00588702
18.1023,15.9022,0.243443
17.9814,16.8734,0.374749
18.0416,17.9231,0.150191
17.9948,18.8911,0.441874
19.1391,0.0280648,-0.23976
18.9884,1.00154,-0.490909
18.9341,1.99822,-0.214866
18.9369,2.97899,-0.332664
18.9272,4.03006,-0.391153
18.937,5.04008,-0.260537
18.9842,6.05477,-0.332365
18.8683,6.99043,-0.573788
19.0289,8.00789,-0.466045
18.9508,9.01855,-0.626231
18.9293,10.0861,-0.648805
18.8382,11.0049,-0.2377
18.9629,12.0024,-0.227424
18.8678,12.992,-0.219514
18.9319,13.9939,-0.0881191
18.9543,15.0383,-0.0609088
19.0746,15.9078,0.430949
18.9918,16.9606,0.418302
19.0698,17.9544,0.190912
18.9737,18.9796,0.280514
