-0.143281,1.07043,-1.0436
0.0180609,1.39314,-0.127519
0.011127,2.39907,-0.0487808
-0.0113834,3.37911,-0.168798
-0.20264,4.3776,-0.201083
-0.0983367,5.35559,-0.507785
-0.122098,6.32138,-0.251247
-0.136116,7.34224,-0.442991
-0.158492,8.37661,-0.505847
-0.143608,9.39641,-0.382281
-0.117029,10.3677,-0.436558
-0.126783,11.2998,-0.0976867
-0.296515,12.3136,-0.302826
-0.155013,13.1723,-0.845585
-0.0867153,14.1706,-1.01718
-0.0952849,15.2207,-0.829817
-0.140477,16.1712,-0.343071
-0.255275,17.1168,0.0572771
-0.114283,18.0921,0.156697
0.0973998,19.0787,-0.0402997
0.0653401,20.0502,-0.291928
-0.189013,21.0072,0.0422926
-0.190146,21.9895,0.357186
-0.100278,22.9871,0.243837
-0.130937,23.936,-0.157207
-0.1609,25.0111,-0.0700278
-0.0440504,25.9485,0.17384
-0.00834986,26.784,-0.406513
-0.0707633,27.7673,-0.185434
-0.178405,28.7899,-0.285366
0.880132,1.27904,-0.901276
1.01193,1.70474,0.0300699
1.02563,2.67928,0.044792
0.975805,3.65209,-0.199445
0.795087,4.617,-0.433436
0.96191,5.5812,-0.572945
0.944984,6.58789,-0.380667
0.929991,7.59521,-0.348881
0.846571,8.61096,-0.265493
0.888641,9.63005,-0.303308
0.883526,10.5986,-0.614389
0.873748,11.5046,-0.13661
0.74612,12.38,-0.601785
0.824293,13.2964,-1.1175
0.967382,14.3065,-0.990747
0.922562,15.324,-0.913102
0.900818,16.2399,-0.371639
0.723811,17.246,-0.257244
0.84149,18.2544,-0.137129
1.12733,19.1954,-0.140834
1.07392,20.1791,-0.441115
0.848881,21.0862,-0.056389
0.861171,21.9448,0.494296
0.876785,22.8062,-0.00465712
0.887875,23.8105,-0.188433
0.869387,24.7782,-0.251051
0.899442,25.8103,-0.146434
1.07805,26.7749,-0.354509
0.953249,27.8092,-0.202896
0.826069,28.7912,-0.222834
1.89495,1.62714,-0.753307
2.01888,2.07238,0.124049
2.00505,3.04948,-0.017365
1.94,4.00259,-0.20972
1.7995,4.85645,-0.723075
1.95438,5.82964,-0.506543
1.99627,6.84015,-0.454381
1.88582,7.79353,-0.383175
1.85457,8.80992,-0.356124
1.91649,9.78899,-0.454381
1.89969,10.7601,-0.687027
1.88599,11.7342,-0.381942
1.66811,12.399,-1.10398
1.84525,13.3431,-1.12303
1.94635,14.3521,-1.15127
1.90778,15.3506,-1.12017
1.88226,16.0269,-0.414771
1.67218,17.0282,-0.490179
1.86218,18.0318,-0.279604
2.1136,19.0123,-0.236964
2.11142,20.0089,-0.39021
1.83376,21.0114,-0.38645
1.87031,21.7828,0.268444
1.9117,22.7897,0.0237922
1.90519,23.79,-0.160262
1.88321,24.7869,-0.321247
1.90896,25.7663,-0.034547
2.08824,26.7249,-0.246278
1.93587,27.7295,0.0190802
1.79868,28.7085,0.157625
2.93303,1.79496,-0.607608
2.98364,2.43735,0.220289
2.98025,3.3687,-0.175225
2.86814,4.35187,-0.37564
2.78929,5.16179,-0.941151
2.96602,6.04681,-0.538646
3.02004,6.99356,-0.209012
2.86888,8.02224,-0.247777
2.89214,9.00928,-0.478796
2.88884,9.96506,-0.747691
2.90972,11.0096,-0.598291
2.88754,11.9895,-0.452675
2.68535,12.5663,-1.30048
2.84618,13.552,-1.08708
2.94039,14.5233,-1.38502
2.96816,15.4925,-1.09236
2.91966,16.0227,-0.229536
2.68501,16.9389,-0.556023
2.84642,17.9022,-0.470684
3.11701,18.8718,-0.214115
3.1611,19.9092,-0.496692
2.82922,20.8444,-0.524848
2.86572,21.6787,0.185501
2.93869,22.6962,0.150029
2.89302,23.6775,-0.182699
2.84972,24.6974,0.00795618
2.89047,25.6792,-0.10191
3.07011,26.6664,-0.108374
2.94399,27.6565,-0.0510178
2.85949,28.6861,0.118979
3.94545,2.11198,-0.535936
4.05873,2.4706,0.389367
4.02276,3.39798,-0.106269
3.90555,4.3895,-0.470428
3.7829,5.40172,-0.731117
3.96291,6.30407,-0.33993
4.028,7.30255,-0.179522
3.85759,8.24704,-0.478838
3.91156,9.20896,-0.702719
3.90703,10.1924,-0.764754
3.9118,11.1527,-0.522623
3.83888,12.0968,-0.930189
3.70908,12.7532,-1.63881
3.85057,13.6785,-1.36959
3.8585,14.6221,-1.82255
3.9693,15.5525,-1.42689
3.89961,16.1154,-0.596228
3.6478,17.1342,-0.655611
3.79899,18.0609,-0.343937
4.07745,19.0193,-0.36766
4.14617,19.9563,-0.644392
3.86427,20.9045,-0.718253
3.8559,21.6689,-0.0150273
3.96763,22.7047,0.0324534
3.94231,23.7078,-0.31793
3.90823,24.6478,0.146303
3.90797,25.5984,-0.206503
4.04509,26.594,-0.399188
3.92166,27.4601,0.0587878
3.81554,28.4425,-0.103284
4.90572,2.45946,-0.374694
4.97036,2.88046,0.569936
5.09301,3.61334,-0.0519639
4.94492,4.58585,-0.265917
4.77161,5.51977,-0.551863
4.98024,6.52621,-0.404187
5.03045,7.49139,-0.181973
4.91448,8.48059,-0.33827
4.87306,9.39705,-0.744273
4.91625,10.3788,-0.612281
4.93244,11.4065,-0.627235
4.85087,12.3367,-0.977477
4.70585,12.912,-1.82391
4.87931,13.8428,-1.40826
4.89562,14.6311,-2.1162
5.00329,15.4084,-1.43181
4.88231,15.9939,-0.617341
4.67232,16.9613,-0.785168
4.81399,17.9668,-0.414603
5.1461,18.8805,-0.474822
5.17802,19.8569,-0.586721
4.85174,20.8161,-0.653609
4.91464,21.7316,-0.227073
5.02978,22.761,-0.268764
4.98357,23.7809,-0.249068
4.9521,24.6247,0.302597
4.92354,25.6055,-0.0251381
5.08259,26.5709,-0.26578
4.96462,27.5138,0.157366
4.80345,28.3773,-0.413492
5.9307,2.34665,-0.306351
6.06884,2.89716,0.515296
6.06429,3.88025,0.167034
5.96161,4.87433,-0.0739158
5.82862,5.74428,-0.586715
6.03783,6.66856,-0.344722
6.0322,7.67213,-0.34058
5.95066,8.64342,-0.665859
5.89151,9.61441,-0.903598
5.88081,10.67,-0.914505
5.92948,11.6842,-0.795379
5.88734,12.6612,-1.02721
5.7602,13.1961,-1.97324
5.91115,13.987,-1.42585
5.91415,14.6462,-2.16446
6.06654,15.4177,-1.53442
5.87807,16.0584,-0.82562
5.66393,17.0322,-0.861632
5.86522,17.8896,-0.416218
6.14983,18.8404,-0.334111
6.19783,19.8232,-0.350462
5.86775,20.7869,-0.447121
5.89999,21.7455,-0.156871
6.03459,22.7197,-0.102261
6.0693,23.7468,-0.122813
5.96246,24.5336,0.463396
5.92329,25.5458,0.157344
6.09563,26.3752,-0.322379
5.90944,27.3499,-0.121604
5.83941,28.3304,-0.283956
6.96705,2.40783,-0.0836299
7.06545,3.16445,0.566335
7.08154,4.01487,0.0193793
7.01505,5.06112,-0.138997
6.86186,5.96536,-0.593042
7.06608,6.93854,-0.446538
7.02575,7.8918,-0.714795
6.92736,8.87978,-0.903186
6.89947,9.87838,-1.0789
6.85058,10.919,-1.07972
6.83396,11.9985,-1.01671
6.83916,12.9357,-1.3275
6.74417,13.3286,-2.24318
6.89701,14.091,-1.64683
6.89799,14.5638,-2.52629
7.0325,15.1436,-1.74603
6.79473,15.927,-1.15065
6.62579,16.982,-1.21883
6.7562,17.9358,-0.926502
7.04294,18.876,-0.784347
7.1743,19.8874,-0.539683
6.89144,20.832,-0.493609
6.91465,21.6514,0.0814417
7.05569,22.6149,-0.252641
7.12639,23.6009,0.010535
6.94649,24.5439,0.258809
6.8884,25.5499,0.199438
7.15027,26.4127,-0.236424
6.88072,27.3486,-0.0160558
6.82862,28.3916,-0.0430891
7.99999,2.45214,-0.195737
8.05288,3.34198,0.316663
8.08813,4.28876,-0.00645466
8.04643,5.25901,-0.33708
7.86054,6.21597,-0.684591
8.12966,7.1916,-0.44196
7.99991,8.15853,-0.765996
7.8984,9.16919,-0.856841
7.90977,10.1588,-1.22069
7.82322,11.2088,-1.14808
7.84065,12.1853,-1.14975
7.88251,13.1547,-1.36723
7.8383,13.463,-2.31208
7.90875,14.3403,-1.84933
7.9419,14.7125,-2.77678
7.95282,15.351,-1.97773
7.80102,16.0624,-1.33425
7.64298,17.0147,-1.1549
7.75751,18.0147,-0.958196
7.9514,19.038,-1.14788
8.21853,19.811,-0.508002
7.92133,20.7748,-0.516822
7.94092,21.5305,0.174682
8.04004,22.5141,-0.0989563
8.13266,23.4842,0.183355
7.97293,24.524,0.212421
7.91994,25.4874,-0.0358959
8.19803,26.4523,-0.142128
7.89848,27.3365,0.276821
7.84556,28.2332,-0.151668
8.9409,2.60224,0.103745
9.0865,3.62402,0.270254
9.05283,4.56732,-0.131092
9.07342,5.58593,-0.206977
8.84937,6.52387,-0.609348
9.05118,7.49266,-0.528126
8.99646,8.49484,-0.744588
8.90633,9.5084,-0.877114
8.8403,10.4889,-1.04584
8.87618,11.4764,-1.18045
8.80876,12.5342,-1.25305
8.83644,13.6387,-1.41521
8.83568,13.6892,-2.44113
8.91747,14.5672,-1.86676
8.97439,14.7377,-2.84219
8.98444,15.411,-1.98686
8.76939,15.8998,-1.0902
8.64143,16.9274,-1.15882
8.74971,17.9087,-1.04534
8.9294,18.8713,-1.11039
9.2601,19.6509,-0.582958
8.90618,20.5622,-0.429002
8.96054,21.4574,0.0487533
9.06831,22.3985,-0.257134
9.09093,23.4487,-0.0101779
8.96018,24.4378,0.00785241
8.99047,25.4264,0.0646229
9.18805,26.3631,-0.225135
8.88904,27.2655,0.123814
8.90347,28.2082,-0.0948851
9.97294,2.71475,0.25132
10.1013,3.74296,0.155721
10.0637,4.72598,0.0463301
10.1245,5.68456,-0.229441
9.91215,6.64061,-0.421952
10.0494,7.62425,-0.565493
10.0415,8.64193,-0.690374
9.99983,9.55595,-1.16934
9.88869,10.5883,-1.06658
9.92082,11.6237,-1.21896
9.8607,12.6901,-1.05591
9.89148,13.5578,-1.63725
9.84396,13.6729,-2.63088
9.97532,14.3866,-1.95508
9.99689,14.8198,-2.87832
10.0115,15.2427,-1.95328
9.80181,15.8918,-1.20501
9.67994,16.8656,-1.05197
9.74787,17.9157,-0.969768
9.95171,18.9251,-0.940278
10.21,19.6379,-0.211069
9.89295,20.5467,-0.489209
9.94428,21.4089,0.00740684
10.0845,22.3549,-0.23242
10.1468,23.3576,-0.0778527
9.94912,24.3289,-0.077749
9.99478,25.3265,-0.221427
10.1932,26.3187,-0.136268
9.80096,27.2204,-0.293493
9.89185,28.205,-0.415418
10.9482,2.86445,0.481487
11.1104,3.85451,0.201169
11.0618,4.86307,0.0893307
11.1429,5.84115,0.0379894
10.9122,6.72227,-0.431748
11.0947,7.69262,-0.605448
11.0731,8.73052,-0.629719
11.0298,9.72751,-0.784753
10.9499,10.7073,-1.12544
10.9766,11.7045,-1.21245
10.9311,12.721,-1.0987
10.904,13.4562,-1.77967
10.82,13.9332,-2.73393
10.9745,14.3731,-1.80633
11.0293,14.6559,-2.81964
11.007,15.3548,-2.06532
10.8244,15.8846,-1.2139
10.7372,16.9651,-1.18974
10.8225,17.9474,-0.996558
11.0275,18.9104,-0.80379
11.2697,19.7675,-0.282287
10.8883,20.6856,-0.568197
10.9941,21.5077,0.0314402
11.0631,22.5504,-0.195926
11.1153,23.4591,0.270257
10.9969,24.3924,-0.120051
10.9871,25.3899,-0.100607
11.2246,26.3323,-0.317096
10.8589,27.2321,-0.242674
10.8984,28.2221,-0.559316
11.9914,2.99827,0.3786
12.1243,3.91811,-0.0574847
12.0912,4.89733,0.0831233
12.1387,5.8783,-0.201239
11.9265,6.85822,-0.429026
12.0839,7.77709,-0.85981
12.0679,8.76577,-0.785018
12.0402,9.8268,-0.914835
11.9807,10.7758,-1.28482
12.0367,11.7701,-1.2089
11.9924,12.7556,-1.20063
12.0187,13.5052,-1.84535
11.8332,13.8982,-2.74134
12.0286,14.3312,-1.81238
12.0624,14.6186,-2.82227
12.0299,15.237,-2.09295
11.7376,16.0625,-1.64086
11.7218,17.0307,-1.25835
11.8429,17.9518,-0.886435
12.0108,18.9189,-0.706586
12.2911,19.7898,-0.358873
11.8446,20.6503,-0.298212
11.963,21.6454,-0.189926
12.053,22.6116,-0.287231
12.1555,23.5672,0.00765709
12.0016,24.4603,-0.396918
11.9826,25.3129,0.133531
12.2082,26.1034,-0.434681
11.8671,27.0691,-0.339225
11.9378,28.0567,-0.610474
13.022,3.0901,0.438221
13.1614,4.01798,-0.00718406
13.0477,4.97133,-0.23433
13.146,5.94092,-0.058858
12.956,6.88133,-0.368465
13.1126,7.82531,-0.812998
13.0868,8.86935,-0.886978
13.0873,9.82617,-1.19195
13.0539,10.8295,-1.16199
13.0977,11.8548,-1.22542
13.0004,12.9227,-1.32657
13.0461,13.8114,-1.72559
12.9076,14.0494,-2.70414
12.9772,14.7089,-1.9046
13.1035,14.786,-2.87271
13.0401,15.494,-2.14425
12.7517,16.2996,-1.5938
12.7603,17.1915,-1.11754
12.8021,17.9243,-0.426582
12.9984,18.8993,-0.447633
13.3035,19.8317,-0.162639
12.9122,20.7107,-0.375527
12.9796,21.6939,-0.256252
13.0805,22.6787,-0.287573
13.1986,23.6645,-0.269131
13.009,24.6419,-0.290069
13.0078,25.5345,0.192181
13.2504,26.1183,-0.590967
12.8885,27.0608,-0.414151
12.8999,28.0699,-0.321308
13.9209,3.14275,-0.0342662
14.165,4.12065,-0.0756279
14.1027,5.14364,-0.0595386
14.1181,6.13988,-0.279901
13.9696,7.09527,-0.462236
14.0824,7.98932,-0.857668
14.0896,9.0061,-0.927604
14.0767,9.98989,-1.11119
14.0679,11.0271,-1.18969
14.1846,11.9556,-1.35146
14.0277,12.9266,-1.63068
14.1332,13.9356,-1.69252
13.9486,14.0261,-2.68256
14.0471,14.6222,-1.89494
14.1007,14.8773,-2.87531
14.0732,15.548,-2.12606
13.7568,16.4229,-1.72611
13.7845,17.2656,-1.12146
13.8334,18.0412,-0.478213
13.9974,19.0322,-0.650911
14.3027,19.896,-0.178994
13.9166,20.7313,-0.514631
13.9959,21.6383,-0.144295
14.0738,22.6112,-0.252995
14.1899,23.6243,-0.237297
14.0261,24.5961,-0.311484
14.0091,25.5784,0.0259011
14.2382,26.4551,-0.38797
13.8221,27.3613,-0.206427
13.8883,28.3474,-0.45714
14.9308,3.22803,0.189901
15.1603,4.23459,0.176974
15.0986,5.14018,-0.301028
15.1442,6.18233,-0.194296
14.9955,7.19602,-0.354772
15.0982,7.97706,-1.05145
15.12,8.97758,-0.99946
15.0625,9.99024,-0.914435
15.1183,10.9324,-1.26503
15.2356,11.9152,-1.38843
15.0742,12.8758,-1.62396
15.0578,13.8198,-1.94131
14.9825,14.1014,-2.92369
15.0853,14.6711,-2.09071
15.1083,15.0382,-3.0284
15.0649,15.5525,-2.18856
14.8108,16.4546,-1.8413
14.8108,17.3822,-1.4157
14.8732,17.9434,-0.591708
15.0428,18.9675,-0.639885
15.3079,19.9724,-0.554665
14.7661,20.6503,-0.0736961
15.0226,21.628,-0.176553
15.1067,22.6588,-0.130638
15.2076,23.5884,-0.434098
15.0136,24.5422,-0.273077
15.0131,25.4973,0.0891507
15.1497,26.5054,0.206406
14.8191,27.4314,-0.0373363
14.9442,28.3656,-0.458608
15.9872,3.20025,0.188961
16.1593,4.20468,0.193304
16.173,5.15956,-0.263344
16.1807,6.14634,-0.287252
16.0372,7.16548,-0.292706
16.155,7.96775,-0.918162
16.1138,8.96192,-0.963033
16.0565,10.0281,-1.17987
16.1502,11.0529,-0.99082
16.2276,11.9938,-1.28887
16.0889,12.9296,-1.68253
16.0931,13.9296,-1.80133
16.0889,14.2026,-2.79402
16.1264,14.735,-1.95967
16.1106,15.0304,-2.90637
16.0945,15.5882,-2.03395
15.8422,16.5033,-1.73175
15.875,17.446,-1.41945
15.8985,17.9579,-0.573708
16.0449,18.9468,-0.502112
16.3276,19.9742,-0.496081
15.8195,20.7471,-0.166701
16.0123,21.7183,-0.130576
16.0838,22.7183,0.166301
16.0608,23.6826,0.0802087
16.0099,24.5437,-0.556691
15.9932,25.5262,-0.115567
16.2296,26.4704,0.164412
15.8585,27.3733,-0.199026
15.9618,28.3444,-0.287509
17.0668,3.21853,0.188794
17.1874,4.17778,0.139076
17.2425,5.18843,0.071041
17.185,6.1865,-0.144685
17.0224,7.17172,-0.298993
17.2343,8.11512,-0.698706
17.1048,9.11992,-0.684634
17.0566,10.023,-1.1237
17.2222,11.0415,-1.22467
17.2296,12.0862,-1.29821
17.1576,13.0151,-1.58079
17.1404,13.9695,-2.01281
17.1273,14.2897,-2.99534
17.1368,14.7886,-2.11788
17.1035,15.1977,-3.02434
17.095,15.6923,-2.12069
16.8396,16.4645,-1.58207
16.9365,17.4074,-1.28546
16.9599,18.1352,-0.638215
17.0755,19.1135,-0.664235
17.3047,20.0491,-0.559633
16.7903,20.8831,-0.196326
17.0383,21.8561,0.01789
17.1256,22.8233,0.348894
17.1299,23.7904,0.0381359
17.0653,24.5631,-0.615125
17.0259,25.4546,-0.115629
17.2509,26.3984,0.226911
16.826,27.3756,0.176403
17.0317,28.2082,-0.425025
18.1333,3.16189,0.211295
18.1888,4.17821,0.190945
18.2654,5.2004,-0.0611103
18.2604,6.16357,0.10502
18.1034,7.05425,-0.417032
18.2427,8.02866,-0.595495
18.1589,9.02187,-0.850304
18.1114,10.0732,-1.08759
18.2895,11.1526,-1.16501
18.2743,12.1754,-1.38965
18.2384,13.1611,-1.69286
18.1657,14.1082,-2.0204
18.1354,14.2863,-3.01178
18.1287,14.8873,-2.21571
18.1079,15.0593,-3.2006
18.0297,15.7464,-2.48462
17.8722,16.5209,-1.8127
17.9524,17.4746,-1.46811
18.0348,18.1774,-0.758757
18.0356,19.0105,-0.251616
18.2743,20.0029,-0.26274
17.8202,20.8893,-0.0245766
18.0292,21.8863,0.069689
18.1275,22.8264,0.417435
18.1364,23.7896,0.181066
18.0562,24.5638,-0.427619
18.0496,25.5359,-0.0261452
18.288,26.4624,0.337477
17.8588,27.3636,0.30922
18.0208,27.939,-0.507373
19.1756,3.09464,0.130103
19.1765,4.06971,0.381649
19.2843,4.94838,-0.0671804
19.246,5.94652,0.064922
19.1472,6.92589,-0.279385
19.2639,7.98258,-0.42085
19.1864,8.98522,-0.689926
19.1612,10.0081,-0.872674
19.3503,11.0227,-1.09675
19.2578,12.0597,-1.15758
19.2631,13.0741,-1.47329
19.1527,14.0844,-1.79065
19.1349,14.2378,-2.82803
19.1632,14.9532,-2.11316
19.1238,15.0029,-3.17071
19.0977,15.7711,-2.49895
18.8778,16.4605,-1.77612
18.9946,17.4743,-1.65478
19.1202,18.087,-0.860494
18.9912,19.0284,-0.524491
19.2935,19.9715,-0.583578
18.8511,20.8546,-0.230174
19.0042,21.8023,0.157302
19.1107,22.8576,0.308963
19.1037,23.8515,0.284005
19.0865,24.6729,-0.366662
19.0207,25.4692,0.223084
19.2874,26.4449,0.270034
18.8548,27.3715,0.197266
19.0039,28.1358,-0.4116
20.2042,2.91299,0.199499
20.1219,3.8347,0.659499
20.2841,4.63964,0.0261971
20.1945,5.66694,0.133866
20.1048,6.6701,-0.116318
20.2139,7.63652,-0.446336
20.1364,8.65416,-0.461599
20.1289,9.66342,-0.750041
20.2433,10.7172,-0.699771
20.2154,11.6393,-1.09748
20.2137,12.6692,-1.28967
20.0331,13.6531,-1.57032
20.0845,13.9751,-2.51994
20.1559,14.7001,-1.85118
20.0864,15.0587,-2.83356
20.0523,15.7684,-2.11133
19.9252,16.585,-1.5681
19.9882,17.6025,-1.55195
20.1892,18.1387,-0.749379
19.9849,19.1385,-0.662142
20.3057,20.1344,-0.525285
19.831,20.9647,-0.00789819
19.9773,21.9103,0.427494
20.1787,22.8743,0.26054
20.0671,23.8377,0.563036
20.0171,24.6647,0.0275277
20.0504,25.6098,0.416517
20.3033,26.5456,0.112586
19.8664,27.4005,-0.0332194
20.0595,28.376,-0.355119
21.1922,2.71928,0.54275
21.1123,3.69071,0.61377
21.2463,4.4167,-0.0422315
21.1934,5.44852,0.137007
21.1597,6.49261,-0.128031
21.3159,7.45605,-0.257714
21.1316,8.4341,-0.360338
21.1341,9.37303,-0.66191
21.1865,10.3258,-0.92526
21.3163,11.335,-0.996805
21.2244,12.2898,-1.23831
20.9974,13.2554,-1.39548
21.0951,13.6763,-2.28815
21.0963,14.4295,-1.66925
21.0449,14.8421,-2.53832
20.9201,15.389,-1.67395
20.9324,16.3902,-1.63634
21.0058,17.413,-1.45006
21.2083,18.1776,-0.846358
21.0175,19.1622,-0.659688
21.3661,20.1062,-0.390255
20.8303,21.0003,-0.194931
21.0506,21.8253,0.345134
21.235,22.8069,0.203012
21.0306,23.7963,0.302689
21.0297,24.7257,-0.00949126
21.0366,25.5182,0.570614
21.2754,26.4949,0.346553
20.9059,27.4112,0.0615772
21.0737,28.2823,-0.47101
22.1819,2.42649,0.664019
22.0707,3.3861,0.514118
22.2308,4.18644,-0.0940153
22.2127,5.18205,-0.0154393
22.1819,6.17208,-0.262661
22.2181,7.12992,-0.0699301
22.1824,8.11981,-0.348952
22.0691,9.16126,-0.325736
22.1553,10.0249,-0.918302
22.2907,10.9948,-0.82736
22.1576,11.9567,-0.932487
21.9954,12.9527,-1.24913
22.1372,13.4417,-2.12988
22.0428,14.1069,-1.39339
21.9384,14.8821,-2.05059
21.8543,15.5261,-1.23863
21.9495,16.4638,-1.47822
21.9814,17.3875,-1.09926
22.2254,18.2258,-0.616709
22.07,19.1994,-0.733692
22.2719,19.9153,-0.000805689
21.813,20.7677,-0.182809
22.0595,21.6973,0.00945463
22.1627,22.7017,-0.207709
22.1019,23.6786,0.188025
22.0802,24.6733,0.0862148
22.0403,25.5472,0.538313
22.2655,26.5374,0.569893
21.916,27.3739,0.146464
22.0471,28.2926,-0.214734
23.2593,2.52439,0.72273
23.0835,3.49198,0.588311
23.1449,3.75529,-0.395465
23.0874,4.76642,-0.42067
23.227,5.75755,-0.177734
23.1641,6.79439,0.0955077
23.1175,7.71488,-0.269991
22.9499,8.73712,-0.424851
23.1213,9.67542,-0.839357
23.2833,10.6498,-0.686785
23.1864,11.658,-0.813572
22.9639,12.5994,-1.13137
23.1512,13.371,-1.77897
22.9851,13.9698,-1.0268
22.9546,14.6505,-1.74581
22.891,15.398,-1.04401
23.0067,16.2964,-1.33202
23.0102,17.324,-1.46747
23.1918,18.0446,-0.774258
23.1037,19.0385,-0.848222
23.2614,19.8138,-0.182757
22.8738,20.7373,-0.0179113
23.0111,21.7537,-0.221558
23.1835,22.7033,0.0219977
23.0998,23.6409,0.417368
23.0243,24.6514,0.505686
23.0582,25.6359,0.676287
23.2886,26.5573,0.371456
22.9419,27.4647,0.234953
23.0463,28.3658,-0.17745
24.1487,2.09683,0.891009
23.9923,3.08166,0.726557
24.141,3.53901,-0.135585
24.0104,4.54415,0.0652791
24.2537,5.54895,-0.0238563
24.1997,6.52095,0.0730277
24.1422,7.48547,-0.215531
23.9646,8.42035,-0.499023
24.0748,9.4393,-0.581152
24.3039,10.4223,-0.520075
24.214,11.3492,-0.974493
23.9465,12.3011,-0.964614
24.141,13.139,-1.52922
24.0542,14.0151,-0.950151
23.9948,14.6812,-1.63803
23.9809,15.277,-0.876189
24.0263,16.2252,-1.09626
24.0289,17.1495,-1.47483
24.1562,18.0661,-1.07371
24.0966,19.0517,-0.626856
24.2603,19.8871,-0.0400189
23.8938,20.8947,0.0208167
24.0265,21.8498,0.138932
24.2134,22.8292,0.142463
24.0851,23.7265,0.531617
23.9908,24.6749,0.832499
24.0645,25.6042,0.536869
24.2851,26.528,0.31316
23.9565,27.5147,0.389413
24.0753,28.3514,-0.282833
25.1767,1.99437,1.04457
25.0257,2.8533,0.545039
25.0856,3.29597,-0.297757
24.9913,4.19357,0.0556719
25.1929,5.12069,0.216907
25.1254,6.10973,-0.0157414
25.1267,7.14042,-0.0973815
24.9692,8.10674,-0.271233
25.0686,9.18132,-0.367534
25.3023,10.1173,-0.557155
25.1858,11.0881,-0.915415
24.9951,12.0454,-0.983227
25.1949,12.8814,-1.45466
25.0105,13.6415,-0.770357
24.9612,14.4119,-1.52142
25.0251,15.1755,-0.899585
25.0547,16.1587,-0.800601
25.0926,17.0749,-1.32042
25.1819,18.0748,-1.11398
25.1614,19.0246,-0.686419
25.2828,19.9179,-0.216953
24.9295,20.8399,0.152876
25.0295,21.8349,-0.019895
25.1519,22.7879,0.325602
25.0651,23.7733,0.434593
24.9747,24.755,0.53173
25.0725,25.7311,0.749794
25.2728,26.5303,0.190057
25.004,27.5252,0.268117
25.0707,28.5291,0.0307779
26.1466,1.95898,1.43949
25.9406,2.34036,0.51601
26.1189,3.14122,-0.0538499
26.0428,4.13734,0.0372509
26.2372,5.08428,0.511493
26.1344,5.92805,0.0148015
26.1572,6.92243,-0.0953215
25.9939,7.97348,-0.124909
26.0821,9.01323,-0.232148
26.3031,9.98177,-0.421537
26.2384,10.7902,-1.01613
25.9694,11.7069,-0.848958
26.1801,12.676,-1.05985
26.0014,13.6054,-0.720463
26.0254,14.4607,-1.25625
26.0313,15.3084,-0.67036
26.1037,16.2093,-1.15731
26.1166,17.2048,-1.27381
26.1567,18.1131,-0.807389
26.0865,18.9784,-0.348616
26.2828,19.9694,-0.220048
25.9516,20.8934,0.14167
26.0207,21.8859,0.118305
26.1967,22.797,0.420151
26.1131,23.7798,0.455205
25.9604,24.7493,0.374694
26.0797,25.717,0.560686
26.2644,26.6765,0.316535
25.9742,27.6388,0.0596912
26.0804,28.6298,-0.0314829
27.0816,1.57255,1.41734
26.9131,1.96461,0.481127
27.1257,2.83041,-0.0714377
27.0638,3.83781,-0.135188
27.13,4.80628,0.0998718
27.1811,5.8113,-0.0358989
27.1226,6.78713,0.247707
26.965,7.80219,0.136399
27.095,8.78387,-0.0911832
27.2783,9.68018,-0.517515
27.2041,10.5795,-0.868682
27.0095,11.5852,-0.784292
27.1671,12.5963,-0.849474
27.1002,13.5274,-0.578793
27.0734,14.4353,-1.0951
27.083,15.2928,-0.633436
27.1,16.1722,-1.11591
27.075,17.1608,-0.947438
27.134,18.1777,-1.04568
27.0887,18.9444,-0.391867
27.3508,19.9363,-0.197101
27.0349,20.8748,0.0186285
27.1044,21.8917,0.0307688
27.1949,22.8203,0.425141
27.1328,23.7996,0.427284
26.9928,24.7918,0.310858
27.0672,25.7712,0.450154
27.2646,26.6916,0.238374
26.9993,27.6421,-0.0581133
27.1283,28.6382,-0.0283425
27.9973,1.37734,1.15495
27.9367,1.87827,0.322306
28.0982,2.66048,-0.242369
28.1121,3.58573,0.0744591
28.1474,4.5444,0.342006
28.1331,5.54962,0.248762
28.1243,6.52703,0.222514
28.0248,7.50952,0.0368664
28.0855,8.47604,-0.1377
28.3158,9.45617,-0.50502
28.1372,10.4216,-0.413868
28.0195,11.3745,-0.739143
28.1615,12.3721,-0.679043
28.096,13.3498,-0.770165
28.0713,14.3252,-0.887857
28.1461,15.2906,-0.573452
28.1096,16.3301,-0.728471
28.008,17.3407,-0.483554
28.1308,18.1366,-1.0793
28.1461,18.9212,-0.349242
28.3546,19.9096,-0.302915
28.0723,20.8845,-0.352275
28.115,21.8233,-0.00342112
28.1179,22.8845,0.0153905
28.1342,23.8936,0.0803034
27.9757,24.8986,0.0721641
28.1321,25.8615,0.482949
28.2755,26.7839,0.106265
28.0523,27.7495,-0.201871
28.1549,28.7135,-0.135621
29.0204,1.42986,1.18289
28.9114,1.623,0.192535
29.1207,2.42079,-0.358522
29.1056,3.32422,0.0208899
29.137,4.25444,0.492486
29.1373,5.1727,0.121036
29.1345,6.18927,0.0579394
29.0182,7.18891,-0.0800958
29.0898,8.16995,-0.395953
29.2171,9.10621,-0.0451582
29.1087,10.0909,-0.269451
28.9524,11.1555,-0.375216
29.1337,12.1647,-0.580187
29.1312,13.1929,-0.524598
29.0198,14.1783,-0.637001
29.1101,15.1864,-0.582336
28.9974,16.1504,-0.313022
29.0037,17.1845,-0.209037
29.1133,18.1232,-0.685012
29.1483,19.0304,-0.229945
29.3377,20.0541,-0.434513
29.0028,20.8388,0.0882565
29.1351,21.8527,0.0692557
29.139,22.8667,0.0418714
29.1278,23.87,-0.145051
29.039,24.8823,-0.0661611
29.0224,25.911,-0.0197027
29.1928,26.8714,-0.274364
29.0791,27.8431,-0.180309
29.2146,28.8449,-0.0907712
