1.97447,1.58786,-0.39537
2.00831,2.51903,-0.83882
1.68699,3.51099,-0.80105
1.12824,4.16483,-0.235377
0.716114,4.96173,0.175784
0.440025,5.77364,-0.352815
1.18564,6.46733,-0.262801
1.08088,6.33815,0.727418
1.84312,6.92309,0.430598
1.59157,7.41677,1.27032
2.54987,1.63269,0.410489
2.39022,2.6395,0.103497
2.43698,2.85508,-0.885958
2.02471,3.55613,-0.268569
1.24053,4.18236,-0.154167
1.27884,5.25172,-0.154259
1.65197,5.8988,0.496692
1.56641,6.71245,-0.104654
1.18064,7.64984,0.168499
1.95017,8.09937,0.632377
3.38437,1.08202,0.384866
3.16277,2.05308,0.405676
3.30004,2.81927,-0.284619
2.88977,3.61887,-0.744121
2.18628,4.26294,-0.484039
2.25936,5.25551,-0.315577
2.20643,6.27278,-0.227833
2.40314,7.22512,-0.080163
2.01617,8.15355,0.0354411
2.91634,8.0238,0.504645
3.99967,0.738404,1.08408
3.66398,1.70596,1.19991
3.3933,1.90993,0.231346
3.02556,2.73059,-0.188174
3.13129,3.75353,-0.435929
3.11407,4.74487,-0.341264
3.0922,5.77854,-0.425864
3.33278,6.71963,-0.120234
2.88798,7.62756,-0.0384655
3.55242,8.334,-0.236784
4.25614,0.429575,0.14388
4.00875,1.39078,0.311988
4.25814,2.38358,0.263753
3.91615,3.24632,-0.229453
3.87928,4.26628,0.0012421
4.03531,5.07276,-0.637364
3.97063,5.82568,0.0537217
4.24295,6.71384,0.405435
3.80355,7.39048,-0.223142
4.5149,8.07233,-0.261858
5.13234,0.988845,0.268126
4.6363,1.35917,-0.480166
4.35865,2.29052,-0.715445
4.70911,3.24628,-0.825047
4.83822,4.05665,-0.273598
5.01155,5.02087,-0.445567
4.94389,5.99463,-0.193017
5.26873,6.83119,0.284634
4.63918,7.59795,0.3138
5.50085,7.82204,-0.0824702
6.1614,1.00776,0.603446
5.60831,1.31974,-0.227479
5.35673,2.24273,-0.54156
5.74881,3.21884,-0.581417
5.8215,4.26244,-0.645686
5.96277,5.19703,-0.276727
5.89844,6.13977,0.0305399
5.90333,7.06073,-0.450777
5.64603,7.79309,0.14514
4.78076,8.25387,0.449745
6.99251,0.775668,0.0364422
6.45328,1.6085,0.197555
6.16377,2.57272,-0.00990631
6.748,3.2956,-0.443281
6.72585,4.26366,-0.129844
6.6791,4.97015,-0.952599
6.50866,5.86168,-0.691534
6.92504,6.76733,-0.603781
6.30531,6.99267,0.155293
5.56263,7.66837,0.170788
7.67657,0.600098,0.748827
7.37633,1.55936,0.629545
7.04285,2.51381,0.461849
7.42605,3.36633,0.241685
7.73763,4.29192,0.028724
7.15951,5.11158,-0.0807947
7.19277,6.07308,0.0711417
7.72577,6.11325,-0.811176
7.19525,6.63729,-0.145933
6.47279,7.33918,-0.149031
7.40735,1.32683,1.39994
7.62616,2.31357,1.23099
7.7595,3.15623,0.723887
8.20854,4.00266,0.427744
8.39802,4.97924,0.302109
7.90757,5.77041,-0.107825
7.78386,6.76849,-0.469723
7.98874,6.85805,-1.47348
7.55439,7.37645,-0.680676
7.24838,6.69571,-0.0261727
