-0.273998,1.43605,-0.868291
-0.0237465,1.67313,0.0629566
-0.0393231,2.66956,0.33918
-0.0612873,3.63843,0.0166204
-0.255004,4.62232,0.019425
-0.205795,5.62179,-0.0900266
-0.167016,6.60588,-0.385553
-0.188662,7.59732,-0.159804
-0.108863,8.58215,-0.418534
-0.275906,9.46124,-0.969414
-0.113712,10.4741,-0.891348
-0.174511,11.4065,-0.552129
-0.284805,12.3554,-0.928489
-0.230299,13.3418,-1.02477
-0.198523,14.2896,-1.34762
-0.171157,15.3069,-0.993643
-0.252092,16.2727,-0.621799
-0.338404,17.1186,-0.0443953
-0.177548,18.1031,-0.185104
0.0921232,19.0814,-0.219929
0.0988708,20.101,-0.295538
-0.235444,20.9883,-0.0634602
-0.184024,21.9711,-0.117884
-0.131437,22.9042,0.218329
-0.110929,23.833,-0.185455
-0.229981,24.7206,0.270351
-0.101239,25.6418,-0.0700186
-0.0127689,26.6481,-0.308231
-0.204993,27.6265,-0.611817
-0.184185,28.6137,-0.507791
0.787796,1.45845,-0.738386
0.923365,2.12537,0.0150487
0.857961,3.09485,0.209168
0.884567,4.01637,-0.1463
0.686544,4.99939,-0.0853908
0.797717,5.9706,0.0412854
0.848241,6.8381,-0.488177
0.832298,7.80865,-0.275475
0.901379,8.73369,-0.531019
0.673168,9.72409,-0.685498
0.938115,10.6524,-0.9069
0.827329,11.5914,-0.486816
0.714966,12.4091,-1.11105
0.793802,13.3833,-1.06442
0.849651,14.3397,-1.56036
0.813507,15.2798,-1.19338
0.837196,16.228,-0.786871
0.657787,17.0916,-0.283081
0.853517,17.9815,0.0972442
1.12509,18.9742,0.0807672
1.0712,19.974,-0.195395
0.790503,20.9214,-0.0345225
0.834077,21.9351,-0.0818079
0.908112,22.8917,0.338319
0.92233,23.7948,-0.22981
0.816782,24.6953,0.30188
0.916672,25.5863,-0.196442
1.01091,26.5717,-0.216935
0.7653,27.515,-0.37777
0.846739,28.4934,-0.483917
1.87229,1.45507,-0.653761
1.92748,2.2337,0.0296701
1.88362,3.22059,0.263301
1.91709,4.18197,0.0500351
1.71661,5.14687,-0.254183
1.84119,6.12317,-0.125932
1.85994,7.16382,-0.33646
1.86256,8.14975,-0.14543
1.89989,8.90385,-0.799808
1.72639,9.88622,-0.732282
1.92934,10.8337,-1.01649
1.8429,11.831,-0.679852
1.69834,12.7394,-1.15018
1.77828,13.737,-1.12836
1.81548,14.5823,-1.68656
1.80889,15.5424,-1.45699
1.8912,16.3287,-0.851262
1.64888,17.2467,-0.590909
1.9111,17.8835,0.194757
2.15677,18.8868,0.206845
2.12859,19.8997,0.0484573
1.79567,20.8019,-0.15775
1.80884,21.798,-0.0154088
1.88946,22.8193,0.0705283
1.93294,23.8288,-0.199872
1.83018,24.6487,0.369246
1.97359,25.5692,-0.136729
2.06968,26.5657,-0.212033
1.75129,27.5365,-0.133787
1.92011,28.5123,-0.306705
2.85113,1.6645,-0.904959
2.9561,2.3517,-0.0448775
2.91537,3.33934,0.0747215
2.95639,4.3159,-0.0927885
2.78382,5.28671,-0.19078
2.79564,6.26494,-0.12555
2.96941,7.22014,-0.469216
2.90883,8.19124,-0.106067
2.93187,8.96902,-0.781317
2.74357,9.97915,-0.856688
2.90809,10.9554,-0.71268
2.84849,11.9287,-0.863305
2.69591,12.7428,-1.41344
2.80286,13.7235,-1.25444
2.84158,14.7117,-1.55246
2.84593,15.7201,-1.53594
2.93077,16.497,-0.914811
2.60277,17.4275,-0.889538
2.86287,18.0058,-0.131758
3.19297,18.9387,-0.10932
3.15385,19.9412,0.085522
2.81767,20.8804,0.0902707
2.8247,21.897,0.108798
2.90887,22.8398,-0.0460128
2.93188,23.8541,-0.168172
2.85001,24.5704,0.50744
3.02001,25.4662,0.0343455
3.06645,26.4331,-0.275805
2.76701,27.3915,-0.1828
2.96958,28.398,-0.341966
3.91225,1.61307,-0.8553
3.88051,2.50122,-0.387274
3.87864,3.48363,-0.176678
3.95222,4.49842,-0.20968
3.77721,5.49332,0.0529618
3.83039,6.3861,-0.419233
3.93998,7.42622,-0.330418
3.90552,8.38213,-0.0338328
3.88825,9.27864,-0.518918
3.78637,10.1866,-0.86903
3.85805,11.1924,-1.02899
3.84803,12.1994,-0.763228
3.7014,12.733,-1.62951
3.80876,13.6405,-1.22477
3.87163,14.5702,-1.67484
3.86002,15.5759,-1.62215
3.91072,16.528,-1.26358
3.64597,17.357,-0.76303
3.84693,18.0691,-0.0861873
4.24281,18.9852,-0.0415143
4.1453,19.9702,0.240464
3.79336,20.9084,0.304755
3.81176,21.8502,-0.0771325
3.90846,22.8575,-0.069277
3.95712,23.82,-0.388095
3.89367,24.604,0.214432
4.01459,25.5783,-0.00249641
4.1008,26.5164,-0.409772
3.77248,27.3532,0.0438581
4.02933,28.3269,-0.234709
4.98501,1.65534,-0.860152
4.85719,2.51473,-0.31655
4.93077,3.53633,-0.288028
4.95457,4.56133,-0.268908
4.76958,5.57633,-0.224351
4.84938,6.59296,-0.374422
4.92136,7.60363,-0.330222
4.91474,8.59164,-0.1794
4.88577,9.48834,-0.575781
4.7255,10.4603,-0.942607
4.81285,11.4176,-1.23676
4.84232,12.3283,-0.868136
4.75556,12.8052,-1.77547
4.83353,13.6507,-1.20015
4.8868,14.505,-1.76051
4.86536,15.4763,-1.46985
4.85601,16.3827,-1.05985
4.66305,17.3625,-0.767336
4.89169,17.9678,0.0615925
5.29268,18.9192,0.0456252
5.20515,19.9097,0.258425
4.82745,20.813,0.251515
4.87767,21.7453,-0.110471
4.89124,22.7114,0.114985
4.92397,23.7148,0.0428785
4.77382,24.7437,-0.234333
5.01046,25.7315,-0.157039
5.09275,26.719,-0.483142
4.79987,27.5452,0.0220069
4.99735,28.5026,-0.301163
5.94293,1.76285,-0.417344
5.86825,2.73801,-0.253597
5.93367,3.76273,-0.259621
5.9385,4.81969,-0.243107
5.77694,5.75951,0.0306314
5.85213,6.74711,-0.241398
5.90734,7.75818,-0.314972
5.92579,8.74118,-0.34055
5.85447,9.66076,-0.721073
5.79146,10.6834,-1.00672
5.83008,11.6248,-1.35477
5.78669,12.6439,-1.13555
5.65032,13.2456,-1.90398
5.79684,14.0547,-1.33533
5.84149,14.6026,-2.1852
5.92645,15.3722,-1.57757
5.87007,16.1644,-0.93979
5.62921,17.0914,-0.67864
5.91609,17.9256,-0.165328
6.27933,18.8395,-0.129347
6.21343,19.7931,0.156056
5.84749,20.7595,0.105396
5.9101,21.7735,-0.010184
5.93129,22.7939,-0.0791437
5.89514,23.786,-0.20455
5.76758,24.7602,-0.335191
5.94536,25.687,-0.600681
6.1199,26.6664,-0.486172
5.84552,27.4687,0.0567644
6.06088,28.3845,-0.199326
6.93736,2.12262,-0.4146
6.84369,3.08953,-0.220847
6.92996,4.12285,-0.247465
6.92775,5.10752,-0.0669668
6.76205,6.09402,-0.196362
6.84274,7.06061,-0.609543
6.88371,8.06114,-0.479632
6.89003,9.05139,-0.211206
6.85517,9.93974,-0.676418
6.80276,10.9198,-1.00204
6.80732,11.9138,-1.35171
6.78111,12.7967,-0.917774
6.69837,13.2435,-1.81495
6.83112,14.1732,-1.5427
6.85528,14.7531,-2.31349
6.89296,15.5676,-1.73721
6.89471,16.2345,-0.982305
6.66258,17.226,-0.849062
6.92238,17.8064,-0.0501205
7.2698,18.7463,0.0809717
7.19734,19.7406,-0.0190191
6.87375,20.7065,0.113575
6.88739,21.7183,0.352901
6.97786,22.6852,-0.0786279
6.90251,23.6571,-0.233009
6.76547,24.7072,-0.278576
6.89757,25.7321,-0.389981
7.17762,26.7093,-0.480276
6.93305,27.4406,0.211158
7.08691,28.3948,-0.021894
7.88899,2.3709,-0.698813
7.86887,3.26244,-0.186932
7.93817,4.25396,-0.115915
7.95753,5.29274,-0.25089
7.81634,6.2823,-0.22909
7.8469,7.27866,-0.360305
7.87256,8.26485,-0.410086
7.82215,9.24583,-0.521393
7.89405,10.2339,-0.811121
7.81859,11.2305,-0.910666
7.84385,12.1559,-1.26773
7.7769,13.1282,-1.04174
7.72412,13.4155,-2.0148
7.90255,14.2757,-1.4969
7.90665,14.7823,-2.37973
7.90955,15.4478,-1.65656
7.87328,16.3351,-1.25825
7.67891,17.1312,-0.701071
7.85728,18.0103,-0.324012
8.30375,18.8593,-0.0835292
8.24856,19.8933,-0.102957
7.89006,20.8288,0.0368664
7.90153,21.8389,0.18095
8.06149,22.7905,-0.149031
7.82769,23.7021,0.20997
7.73682,24.5972,-0.230613
7.91604,25.571,-0.386404
8.18209,26.5777,-0.493823
7.89861,27.4613,-0.130393
8.16745,28.3928,-0.0938902
8.90298,2.49515,-0.41178
8.84657,3.47547,-0.247475
8.95117,4.44297,-0.16079
9.00155,5.46854,-0.331413
8.81948,6.46743,-0.220743
8.86419,7.42992,-0.423197
8.86306,8.46068,-0.511509
8.87205,9.45128,-0.619785
8.86313,10.4483,-0.922633
8.73933,11.4639,-1.19381
8.84692,12.5005,-1.1478
8.72933,13.5766,-1.18348
8.73326,13.6209,-2.19883
8.88863,14.4348,-1.64724
8.88223,14.751,-2.6306
8.96433,15.3329,-1.7778
8.85756,16.1289,-1.14207
8.69775,17.0643,-0.812107
8.9261,17.9941,-0.547511
9.2755,18.9842,-0.513376
9.26887,19.8898,-0.0331431
8.94957,20.9209,-0.0138218
8.9188,21.879,0.263811
8.99824,22.9108,0.255763
8.86578,23.8548,0.0330546
8.73555,24.8032,-0.312101
8.93945,25.7417,-0.494546
9.17353,26.7006,-0.556728
8.95565,27.4528,0.149748
9.21547,28.3629,-0.107291
9.96669,2.57226,-0.4271
9.88611,3.60129,-0.417414
9.95112,4.65992,-0.353127
9.96625,5.67374,-0.405441
9.79952,6.66035,-0.273006
9.87214,7.6711,-0.479162
9.88027,8.62723,-0.668218
9.89346,9.61833,-0.536619
9.92445,10.5293,-0.994147
9.76283,11.5309,-1.24744
9.89465,12.5524,-1.30432
9.7615,13.5525,-1.32247
9.7325,13.9294,-2.26821
9.8861,14.4119,-1.44055
9.85152,14.7677,-2.43306
10.0533,15.2901,-1.5688
9.82167,16.2726,-1.28294
9.72591,17.1093,-0.775781
9.94884,18.0016,-0.339146
10.183,18.978,-0.0681478
10.2527,19.9106,0.280297
10.004,20.8434,0.0853053
9.84597,21.7891,-0.14608
10.0453,22.6488,0.356084
9.87532,23.666,0.276055
9.69001,24.618,0.0218116
9.97703,25.4704,-0.546834
10.1486,26.4938,-0.640941
9.84244,27.4333,-0.391458
10.2331,28.2721,-0.0300729
10.9665,2.69196,-0.22541
10.865,3.72835,-0.243278
10.9879,4.69549,-0.202051
10.9706,5.72334,-0.242396
10.8837,6.74574,-0.229762
10.8858,7.75379,-0.2597
10.856,8.75729,-0.431196
10.8848,9.7548,-0.533509
10.9231,10.57,-1.09859
10.8223,11.5785,-1.3454
10.8916,12.5744,-1.28282
10.8233,13.6149,-1.43405
10.7932,14.1025,-2.35043
10.9537,14.4972,-1.45471
10.9185,14.7197,-2.43937
11.0592,15.2826,-1.62497
10.84,16.23,-1.19458
10.7446,17.2107,-0.93199
10.9517,17.9531,-0.230226
11.1748,18.8689,0.0968444
11.2534,19.8936,0.0604602
10.9473,20.7648,-0.326865
10.8699,21.8028,-0.283059
11.0585,22.7877,0.0543657
10.8832,23.7529,0.0604999
10.6026,24.6764,-0.383932
10.9525,25.6166,-0.294299
11.1811,26.5599,-0.571529
10.877,27.4588,-0.374477
11.2907,28.3895,-0.0167364
12.0077,2.78797,-0.202744
11.8695,3.79085,-0.397717
12.0515,4.79762,-0.198813
12.008,5.81107,-0.223081
11.928,6.81799,-0.164296
11.916,7.82749,-0.396237
11.9589,8.8089,-0.429551
11.8634,9.77722,-0.695065
11.9428,10.6872,-1.17606
11.8257,11.6574,-1.27725
11.8925,12.6696,-0.972658
11.8262,13.6408,-1.3633
11.7841,14.0158,-2.35664
11.9584,14.4363,-1.49749
11.9467,14.5311,-2.48873
12.0812,15.3417,-1.84165
11.8293,16.2342,-1.43298
11.7768,17.1972,-1.04209
11.9549,18.0876,-0.50838
12.1754,18.8992,0.130259
12.2098,19.8933,0.211567
11.9815,20.7917,-0.132527
11.8053,21.7625,0.0737419
12.1469,22.7085,0.113602
11.8794,23.6761,0.144517
11.5522,24.3538,-0.57459
11.948,25.3563,-0.470418
12.147,26.3252,-0.43195
11.8721,27.2668,-0.253108
12.3237,28.1389,0.052855
13.0213,2.88616,-0.20925
12.9421,3.88699,-0.315464
13.0981,4.83359,-0.0434248
13.0226,5.858,-0.0540635
13.0034,6.89321,-0.134782
12.9701,7.88907,-0.283715
12.9885,8.86307,-0.393851
12.9281,9.85752,-0.739192
12.9393,10.7543,-1.14145
12.895,11.7649,-1.36182
12.9596,12.7756,-1.11074
12.8892,13.7387,-1.46541
12.8428,13.9659,-2.47926
12.9699,14.5564,-1.68205
12.9901,14.6485,-2.69201
13.0967,15.3541,-1.98239
12.8205,16.2423,-1.63015
12.7873,17.1225,-1.01691
12.89,17.8293,-0.332478
13.1523,18.7342,-0.0517411
13.1723,19.7425,-0.0423292
12.996,20.7031,0.158296
12.8295,21.645,-0.146171
13.1631,22.6611,-0.132728
12.8803,23.6341,-0.0444807
12.5708,24.4785,-0.509119
12.9568,25.4038,-0.597308
13.2226,26.3483,-0.412577
12.8675,27.3313,-0.382452
13.3975,28.0624,0.161528
14.0103,2.87014,-0.0709464
13.9866,3.87765,-0.144829
14.1256,4.86642,-0.0634205
14.0281,5.87227,-0.0571795
14.07,6.87162,-0.120682
13.998,7.87494,-0.372747
13.9876,8.85446,-0.381793
13.9504,9.87902,-0.597851
13.9399,10.7757,-1.04284
13.9575,11.6711,-1.50284
13.9826,12.6632,-1.19063
13.9024,13.6432,-1.39263
13.8249,13.6751,-2.41588
13.9574,14.3987,-1.66005
13.9776,14.6199,-2.69043
14.1541,15.2916,-1.93225
13.81,16.1595,-1.63336
13.8026,17.0251,-1.12604
13.9448,17.8974,-0.547716
14.2051,18.7453,-0.0784478
14.1828,19.7337,-0.207321
13.9893,20.6711,4.27259e-05
13.764,21.6466,0.292874
14.2057,22.536,-0.083346
13.8986,23.5175,-0.214396
13.5498,24.5086,-0.210764
13.992,25.3863,-0.518229
14.2694,26.3295,-0.297647
13.9057,27.332,-0.257866
14.4556,28.0872,0.154051
15.0238,2.92694,0.227992
14.9825,3.90404,-0.0523698
15.1373,4.86108,-0.0859523
15.0712,5.93319,-0.0883236
15.0909,6.91933,-0.0129154
15.0312,7.85089,-0.325648
15.049,8.88859,-0.485455
14.9122,9.85151,-0.856468
14.9704,10.7886,-1.16325
14.9948,11.7712,-1.3315
14.9531,12.8787,-1.39446
14.873,13.9057,-1.42098
14.8781,13.8,-2.3977
14.9737,14.5512,-1.77896
14.9713,14.6305,-2.77142
15.1515,15.3138,-2.06631
14.8652,16.2296,-1.71554
14.8431,16.9594,-0.978579
14.9288,17.7928,-0.41955
15.2217,18.6909,-0.0984252
15.2032,19.6725,-0.0969329
14.987,20.6884,-0.219562
14.8121,21.7116,-0.0871914
15.2124,22.659,-0.103455
14.9821,23.6694,-0.275353
14.5506,24.5743,-0.162426
14.9937,25.4432,-0.403241
15.2758,26.403,-0.29884
14.9041,27.2728,0.0291635
15.4159,27.9781,0.47011
15.9805,3.0047,0.452965
15.9937,3.97903,0.02566
16.1655,4.95404,-0.0653523
16.1035,5.98437,-0.287664
16.0894,6.9912,-0.184222
16.1186,8.00925,-0.308683
16.0401,8.95258,-0.685076
15.9257,9.94682,-0.927494
15.9847,10.8783,-1.30591
16.1104,11.8507,-1.3506
16.0377,12.8388,-1.44844
15.9388,13.847,-1.57514
15.9238,13.8984,-2.57386
15.9714,14.6384,-1.90085
15.9665,14.8116,-2.93733
16.1565,15.4966,-2.19167
15.9386,16.4209,-1.77463
15.8774,17.1847,-1.16165
16.0039,17.7861,-0.370843
16.2643,18.7396,-0.242973
16.2482,19.7595,-0.224876
16.0342,20.7432,-0.223341
15.8018,21.688,-0.0717399
16.2413,22.6105,0.0709616
15.9665,23.5418,-0.211722
15.5885,24.4644,-0.353075
16.0494,25.4002,-0.40513
16.3324,26.3607,-0.32671
15.9342,27.2531,-0.231721
16.4643,27.9571,0.24062
17.004,3.06082,0.180486
16.978,4.03803,0.105515
17.1481,4.96472,-0.209125
17.1442,5.94784,-0.415278
17.1841,6.94992,-0.228721
17.1452,7.96485,-0.180508
17.0919,8.90202,-0.671172
16.9197,9.82514,-1.02511
16.9856,10.8242,-1.17273
17.0902,11.8511,-0.993884
17.0143,12.7823,-1.31693
16.9878,13.83,-1.44719
16.9829,13.8135,-2.48703
16.9856,14.7009,-1.92188
16.9996,14.8967,-2.94612
17.1682,15.5359,-2.23326
16.9294,16.3966,-1.63754
16.8733,17.1207,-0.978826
16.9835,17.8263,-0.238841
17.2385,18.7635,0.0826655
17.2297,19.7707,0.0334727
17.1002,20.7632,-0.13701
16.8156,21.7184,-0.191357
17.2099,22.6137,0.0336924
16.9779,23.472,-0.379397
16.6493,24.3923,-0.381726
17.0554,25.3305,-0.631816
17.3081,26.3192,-0.615714
16.9293,27.223,-0.267898
17.4863,27.891,0.400092
18.0432,2.90661,0.162575
18.0068,3.9015,0.01695
18.1453,4.8939,-0.214451
18.1736,5.86879,-0.276263
18.2362,6.84917,-0.164153
18.1335,7.82001,-0.00430921
18.0987,8.63339,-0.633589
17.976,9.63176,-0.79447
17.9914,10.7017,-0.958705
18.0895,11.7438,-0.977047
18.0446,12.7387,-1.15299
18.0524,13.8109,-1.29886
18.0053,13.8713,-2.3441
17.9909,14.6075,-1.66905
18.0304,14.7853,-2.73353
18.1779,15.4253,-1.95737
17.9742,16.295,-1.42161
17.8569,17.1603,-0.899054
17.9705,17.7406,-0.130537
18.2298,18.7494,-0.236763
18.2428,19.729,-0.153908
18.0417,20.6761,0.158779
17.9336,21.6564,-0.0502213
18.2655,22.6081,0.0434034
18.0214,23.4664,-0.418699
17.7336,24.4162,-0.301361
18.038,25.2777,-0.758751
18.3604,26.2175,-0.510001
17.9428,27.0667,-0.198404
18.4802,27.7033,0.478542
19.0305,2.83654,0.439445
18.9924,3.80157,0.15493
19.137,4.75022,-0.185217
19.2734,5.72146,-0.243147
19.2848,6.69022,-0.127522
19.0724,7.65386,-0.221598
19.1416,8.59514,-0.51124
19.0081,9.57935,-0.738081
18.9867,10.5515,-1.0285
19.1324,11.5539,-1.03346
19.0478,12.5062,-1.29477
19.0476,13.5372,-1.18365
19.0277,13.5909,-2.17433
19.0074,14.4257,-1.58408
19.0542,14.7717,-2.49873
19.1577,15.3506,-1.58442
18.8634,16.1397,-1.02279
18.8533,17.1293,-1.08557
18.9248,17.883,-0.396429
19.1407,18.8255,-0.569152
19.2291,19.6954,-0.076751
18.937,20.6547,-0.338075
18.9225,21.5623,0.185662
19.2791,22.509,0.0249794
19.0606,23.41,-0.348091
18.78,24.3929,-0.327583
18.9937,25.3619,-0.487152
19.3618,26.3308,-0.521455
18.9558,27.0515,0.0482864
19.4203,27.9192,0.132121
20.1061,2.69437,0.470226
20.0298,3.64346,0.133488
20.1115,4.5798,-0.216694
20.2434,5.56022,-0.00827662
20.3535,6.52477,0.0423261
20.0567,7.47272,-0.156087
20.1557,8.45962,-0.50246
19.9959,9.39715,-0.763076
20.0089,10.2883,-1.25668
20.1159,11.2607,-1.01217
20.0758,12.2261,-1.22351
19.9921,13.184,-0.933528
20.0402,13.4088,-1.93283
19.9885,14.3174,-1.49544
20.0869,14.7728,-2.35004
20.1657,15.3856,-1.60233
19.9154,16.2073,-1.06464
19.8116,17.159,-1.45432
19.844,17.865,-0.758644
20.1675,18.8036,-0.374169
20.1824,19.7145,0.135224
19.9583,20.714,0.0375683
19.9558,21.6793,0.321409
20.2785,22.5379,-0.0559313
20.0384,23.5776,-0.12317
19.7801,24.526,-0.196454
20.0315,25.4295,-0.548051
20.4388,26.4164,-0.471828
19.9479,26.9585,0.197275
20.4376,27.8642,0.0682302
21.1023,2.42386,0.292636
21.0226,3.3971,-0.0121006
21.1319,4.43631,-0.350551
21.2252,5.38056,-0.0757561
21.3706,6.34057,0.208084
21.0808,7.20067,-0.246147
21.166,8.19636,-0.450923
21.0538,9.15369,-0.721885
21.0273,10.0838,-1.15181
21.1362,11.0513,-0.877828
21.1269,11.9856,-1.24737
21.0187,12.9282,-0.772051
21.0713,13.3272,-1.69375
21.0246,14.357,-1.56944
21.1033,14.7494,-2.50383
21.1546,15.3386,-1.65568
20.917,16.1547,-1.14908
20.8391,17.1883,-1.25016
20.894,18.0992,-0.828355
21.1763,18.9336,-0.317695
21.1803,19.7177,0.295782
20.9466,20.6876,0.237889
20.9994,21.6805,0.401205
21.3092,22.5746,0.0597095
21.087,23.5869,0.0453352
20.8082,24.5595,0.0198309
21.0653,25.4337,-0.445555
21.397,26.304,-0.0583575
20.9525,27.1948,0.105896
21.436,28.0868,0.0474502
22.0202,2.18279,0.681997
21.95,3.10907,0.231071
22.0822,4.02483,-0.216395
22.1905,5.07367,-0.260286
22.3978,6.0756,-0.0399792
22.1261,7.06691,-0.0631916
22.229,8.05969,-0.3021
22.0941,9.04374,-0.65974
22.0971,9.97918,-1.03965
22.1782,10.9601,-0.947169
22.1708,11.9181,-1.18474
22.0713,12.8643,-0.803555
22.1188,13.2395,-1.76349
22.0647,14.2645,-1.43233
22.098,14.715,-2.33308
22.1724,15.3951,-1.58992
21.9117,16.2585,-1.17466
21.8641,17.2618,-1.09937
21.9643,18.2242,-0.854421
22.1441,18.9765,-0.2051
22.2207,19.8815,0.276989
22.0015,20.8674,0.00933256
21.9996,21.7466,0.549605
22.2591,22.7047,0.329371
22.1322,23.6494,0.0610004
21.8584,24.6219,0.121329
22.0819,25.5379,-0.332682
22.403,26.5016,-0.116312
21.9304,27.4153,-0.101721
22.4292,28.219,0.248463
23.0364,2.1085,0.835902
23.0071,2.94367,0.235316
23.0766,3.8929,-0.170257
23.2326,4.91299,-0.375332
23.3947,5.92276,-0.193817
23.1173,6.85261,0.0252419
23.1589,7.71928,-0.437043
23.084,8.72577,-0.468697
23.1261,9.69953,-0.719584
23.1584,10.6505,-1.03591
23.1207,11.63,-1.09969
23.1205,12.6248,-0.911139
23.1406,13.2489,-1.69829
23.1175,14.1324,-1.06173
23.0726,14.5329,-1.98728
23.1903,15.2964,-1.36403
22.9332,16.2992,-1.39721
22.8762,17.2318,-1.07104
22.9622,18.1616,-0.615445
23.2016,19.0607,-0.227888
23.2484,20.0048,0.16371
23.0069,21.0019,0.119831
22.9463,21.969,0.373299
23.2187,22.9095,0.455354
23.1477,23.8706,0.143788
22.8686,24.8199,0.0758446
23.079,25.6536,-0.425065
23.3516,26.5219,0.205884
22.9989,27.4138,-0.0829859
23.4047,28.1233,0.541063
24.0893,2.19122,0.910263
24.0085,2.7094,0.0349803
24.0955,3.70537,-0.127754
24.2112,4.69708,-0.467476
24.4183,5.64578,-0.0350841
24.1427,6.61437,0.0585162
24.1965,7.45845,-0.517411
24.1092,8.48756,-0.458083
24.089,9.49227,-0.666027
24.171,10.4805,-0.674996
24.151,11.4218,-1.00748
24.15,12.4432,-0.907407
24.2261,13.1391,-1.59194
24.1409,13.9455,-0.992813
24.0349,14.5866,-1.75907
24.2053,15.3557,-1.13923
23.9642,16.3389,-1.28986
23.8701,17.1548,-0.743779
23.9798,18.0959,-0.579171
24.2031,19.0493,-0.241719
24.2845,19.9414,0.262166
23.9754,20.8741,-0.0189703
23.9689,21.7531,0.456545
24.2046,22.6942,0.178649
24.1688,23.7354,0.115394
23.8688,24.7058,0.059389
24.1154,25.676,-0.247072
24.3394,26.5722,0.102985
24.0589,27.5359,-0.195636
24.426,28.0488,0.620945
25.0601,1.88657,0.894607
24.9648,2.56474,0.139692
25.0963,3.4129,-0.368322
25.1904,4.39874,-0.579849
25.3348,5.24357,-0.0740165
25.0789,6.21148,-0.0842189
25.209,7.18296,-0.354021
25.1047,8.15579,-0.359621
25.0658,9.12666,-0.590179
25.1023,10.124,-0.500595
25.1087,11.0457,-0.868551
25.075,12.0555,-0.935923
25.2549,13.0026,-1.29814
25.2131,13.9537,-0.890744
25.1188,14.3628,-1.8476
25.2005,15.2556,-1.31444
25.0202,16.2236,-1.33861
24.9274,17.083,-0.699869
24.9585,18.0856,-0.489676
25.2725,19.0665,-0.249303
25.3044,20.0389,-0.0563921
24.9473,20.9713,-0.064275
25.0245,21.8784,0.387219
25.2049,22.7977,0.0433973
25.1609,23.7469,0.276281
24.9609,24.7051,-0.0260048
25.1329,25.6803,-0.14406
25.3616,26.6652,0.177334
25.0696,27.6278,0.0823481
25.4369,28.1317,0.862087
26.0665,1.8399,0.870525
25.9783,2.32775,0.0152013
26.1235,3.19709,-0.478863
26.1809,4.172,-0.334751
26.3628,5.04249,0.152635
26.1242,6.04084,-0.134205
26.2323,7.02827,-0.207569
26.1365,8.02218,-0.134852
26.0482,8.84499,-0.70452
26.1576,9.8336,-0.584777
25.992,10.8268,-0.449562
26.013,11.8225,-0.683077
26.2314,12.7203,-1.15119
26.1873,13.6679,-0.704813
26.0858,14.1756,-1.56316
26.2786,15.1573,-1.37848
26.0341,16.1498,-1.12083
25.982,17.1118,-0.872692
25.9861,18.038,-0.435597
26.2524,18.9778,-0.0928892
26.2611,19.966,-0.312537
25.9408,20.8834,-0.125037
26.0632,21.7944,0.25002
26.2168,22.8255,0.0847987
26.1571,23.8132,0.0575213
25.95,24.7516,-0.212781
26.1125,25.7861,-0.299954
26.2694,26.8039,-0.253691
26.0742,27.7577,-0.0263405
26.4124,28.4879,0.572417
27.0741,1.59197,0.831288
27.0449,2.26519,0.0946898
27.1321,3.08594,-0.48742
27.1868,4.04393,-0.209922
27.3544,4.9195,0.269836
27.1796,5.87636,-0.006592
27.1914,6.85372,0.0150975
27.1844,7.8291,-0.167739
27.0774,8.66583,-0.734971
27.2105,9.67658,-0.570513
27.016,10.7114,-0.391684
27.0358,11.6741,-0.639283
27.2466,12.6069,-1.03249
27.1845,13.5146,-0.579806
27.068,14.2732,-1.25919
27.2499,15.2782,-1.18591
27.0887,16.2149,-0.940297
27.0605,17.1683,-0.86231
27.0289,18.1406,-0.596625
27.2379,19.0246,-0.251338
27.2906,20.0559,-0.142808
26.9552,21.0138,-0.0314646
27.0983,21.9823,0.221775
27.1765,22.8224,-0.30014
27.1765,23.8393,-0.0546251
26.9979,24.8235,-0.23918
27.1673,25.7995,-0.382119
27.2484,26.7909,-0.520344
27.1084,27.5993,0.0763787
27.3717,28.5899,0.332679
28.0974,1.5347,1.04091
28.0046,1.9306,0.0639058
28.0581,2.72446,-0.573589
28.1424,3.66977,-0.169594
28.2722,4.56736,0.316266
28.2,5.55488,0.161339
28.1647,6.53016,-0.01283
28.1605,7.57014,0.0185339
28.0906,8.3702,-0.544197
28.1845,9.43204,-0.57336
28.0363,10.3928,-0.406519
28.0417,11.3815,-0.515534
28.228,12.318,-0.781674
28.2415,13.3295,-0.758199
28.0219,14.2474,-0.946431
28.2503,15.2245,-1.03722
28.1286,16.2204,-1.0415
28.1244,17.1421,-0.686129
28.0544,18.0983,-0.330265
28.2648,18.9848,0.145839
28.3289,19.9488,-0.19696
27.9803,20.8754,0.130418
28.0715,21.8377,0.171038
28.1318,22.805,0.0590381
28.1565,23.8504,-0.219864
28.0582,24.9052,-0.292593
28.1436,25.8192,-0.678738
28.2845,26.8056,-0.57514
28.139,27.6296,-0.066155
28.3539,28.369,0.579385
29.137,1.5454,0.986483
29.0012,2.06691,0.124445
29.1209,2.659,-0.659166
29.1348,3.63598,-0.486608
29.2232,4.33937,0.206183
29.2198,5.33439,0.0266671
29.1986,6.36308,0.049205
29.1336,7.35778,0.105109
29.1158,8.26735,-0.359639
29.2024,9.27254,-0.666353
29.1018,10.23,-0.30502
29.0044,11.2246,-0.299091
29.2664,12.0782,-0.738035
29.2026,13.066,-0.5618
29.0238,14.0602,-0.708054
29.1637,15.0778,-0.674493
29.0652,16.0696,-0.647478
29.1232,17.0729,-0.578173
29.1438,18.073,-0.457213
29.2027,19.0785,-0.219346
29.2824,20.0723,-0.563018
29.0617,20.8235,0.0599841
29.0297,21.8046,-0.074517
29.1883,22.7908,-0.119031
29.1698,23.8006,-0.0479812
29.0897,24.766,-0.231169
29.0966,25.7778,-0.343361
29.2922,26.7686,-0.481198
29.1365,27.6844,-0.128101
29.4091,28.4379,0.48392
