-0.00235908,-0.00168157,-0.124555
-0.0116642,1.22037,-0.119956
-0.00864589,2.42987,-0.0328654
-0.0106479,3.67286,0.0195959
0.00553911,4.90833,0.00647298
-0.00619221,6.17086,-0.0479843
-0.0102359,7.39272,-0.0625752
0.0139714,8.62924,-0.0628742
0.0163976,9.94888,-0.168587
0.149818,11.1768,-0.202268
0.113269,12.3866,-0.393545
0.102484,13.5409,-0.734266
0.116269,14.5808,-1.25848
0.084753,15.6695,-1.53956
0.0584063,16.2576,-0.74406
0.139879,17.2928,-0.724094
-0.0328043,17.4116,0.29809
0.0169347,17.5117,-0.677258
0.000909452,18.0004,0.236824
-0.00479141,19.0042,0.0637043
1.01105,0.145692,0.0332804
1.00728,1.44948,0.0561785
0.96234,2.73116,-0.0187628
0.963631,3.99597,0.0394391
0.939705,5.25521,-0.020835
0.93473,6.54688,-0.112775
0.903967,7.85264,-0.123566
0.957332,9.13449,-0.0866329
0.988168,10.4588,-0.0696951
1.0112,11.7857,-0.169118
1.03344,13.096,-0.217389
1.06446,14.2742,-0.667769
1.09728,15.1839,-1.43356
1.11875,16.2235,-1.56299
1.00031,16.7257,-0.708063
1.10519,17.706,-0.689401
1.02494,17.5848,0.270669
0.999069,17.6006,-0.689392
1.03379,17.96,0.288287
0.999435,19.0505,0.301727
1.97791,0.311805,-0.201291
1.97523,1.63138,-0.198224
1.93628,2.95259,-0.112003
1.90822,4.29916,-0.0498825
1.87988,5.60404,-0.00986663
1.82479,6.96808,-0.0330943
1.81066,8.35289,-0.0485427
1.81724,9.73489,0.020542
1.79055,11.1266,0.163588
1.78238,12.564,0.103311
1.67469,14.0651,0.247954
1.79865,15.2219,-0.734672
1.93659,15.886,-2.13243
2.00318,17.0206,-1.59626
1.88421,17.1813,-0.356154
2.16451,18.0435,-0.788986
2.03233,17.8028,0.24695
1.96574,17.834,-0.741487
2.01873,18.0283,0.265297
1.99139,18.9726,-0.0687765
2.9718,0.187014,-0.200027
2.95169,1.48737,-0.185031
2.93129,2.75329,-0.115656
2.89902,4.02047,-0.0749626
2.88386,5.32541,-0.0338816
2.78893,6.57851,-0.0496414
2.74586,7.8774,0.0577471
2.65577,9.18018,-0.019364
2.54756,10.4574,-0.11915
2.51661,11.7166,-0.0520859
2.34432,12.9973,-0.157241
2.25914,14.1139,-0.702264
2.30075,15.0138,-1.37479
2.48587,15.9991,-1.45829
2.71646,16.5043,-0.587646
2.98512,17.4945,-0.70307
3.07144,17.7077,0.275585
2.78381,17.307,-0.630531
3.02763,17.9888,0.044145
2.98296,19.024,0.0204688
3.96954,0.147603,-0.134346
3.9466,1.33324,-0.162893
3.96191,2.55798,-0.143937
3.88486,3.77979,-0.135212
3.81793,4.97794,-0.15612
3.70685,6.15151,-0.191885
3.66178,7.35634,-0.167693
3.5614,8.57468,-0.195444
3.44994,9.81274,-0.200626
3.30722,10.979,-0.162905
3.17384,12.1576,-0.29458
2.98399,13.1947,-0.617844
2.96672,14.1378,-1.12298
3.21561,15.1456,-1.18688
3.61162,15.9388,-0.7211
3.85202,16.885,-0.724894
4.02303,17.3726,0.206082
3.7886,17.2607,-0.799222
4.07405,18.0251,-0.136949
4.00644,19.0151,0.0701712
5.00073,0.0810724,-0.105536
4.9389,1.26829,-0.118702
4.94137,2.37259,-0.247902
4.89003,3.55709,-0.133723
4.84656,4.67591,-0.289129
4.69505,5.84933,-0.192389
4.65331,6.9599,-0.178243
4.51279,8.11786,-0.189819
4.3734,9.24089,-0.155647
4.23114,10.3413,-0.201483
3.99261,11.4266,-0.320069
3.88704,12.5435,-0.43755
3.88526,13.4936,-0.847072
4.06256,14.4656,-0.958934
4.46092,15.4288,-0.700476
4.7885,16.4012,-0.601923
4.88752,16.867,0.317228
4.83008,17.2224,-0.647023
5.07685,18.0421,-0.124635
4.98331,19.0286,0.182592
6.0638,0.028489,-0.0256996
5.96294,1.15808,-0.168242
5.92747,2.26757,-0.0886776
5.93845,3.38503,-0.161226
5.79348,4.44837,-0.0139592
5.76598,5.57309,-0.246458
5.68193,6.67275,-0.12786
5.4539,7.74972,-0.16335
5.332,8.85575,-0.185083
5.23211,9.94575,-0.0860286
5.02794,11.0169,-0.309464
4.92489,12.0413,-0.423212
4.86158,13.0528,-0.548341
5.01928,14.028,-0.860637
5.36708,14.933,-0.449528
5.6385,15.8782,-0.646394
5.81457,16.4188,0.181881
5.84607,17.2073,-0.462151
6.0698,18.0878,-0.151878
5.91143,19.058,-0.215116
7.03951,0.0644856,-0.219532
6.95329,1.10103,-0.225111
6.94267,2.15696,-0.245399
6.94098,3.20621,-0.174889
6.80252,4.23739,-0.0071749
6.75098,5.33325,-0.079284
6.6112,6.37138,-0.245323
6.45253,7.45141,-0.228034
6.38531,8.56617,-0.237465
6.24129,9.57584,-0.136665
6.10906,10.6702,-0.370821
6.02232,11.6472,-0.344432
5.92766,12.6479,-0.572884
6.03404,13.6678,-0.64384
6.36343,14.642,-0.512644
6.6039,15.6051,-0.599924
6.83162,16.1643,0.213907
6.85027,17.0142,-0.275893
7.12672,18.0104,-0.0760186
6.85864,18.9578,0.0961425
8.03584,0.0210517,-0.214887
7.97769,1.07693,-0.0264016
7.93074,2.11982,0.111802
7.91071,3.14985,0.0550066
7.8351,4.18841,0.0321024
7.77165,5.17309,-0.101645
7.57481,6.21238,-0.13357
7.45594,7.25613,-0.0785211
7.42392,8.33198,-0.196139
7.29797,9.34172,-0.205698
7.14236,10.3701,-0.248933
7.08399,11.3498,-0.254161
7.00407,12.3631,-0.566756
7.10993,13.4151,-0.586459
7.40879,14.3669,-0.444771
7.58873,15.338,-0.398978
7.89744,16.0881,0.191592
7.85134,17.1094,-0.0658559
8.13601,18.0879,-0.0909543
7.89627,19.0138,0.230262
9.07189,-0.0521317,-0.239271
8.96558,0.985177,-0.270476
8.94638,1.97855,0.00688803
8.92307,2.96937,-0.170284
8.80193,3.98543,-0.230189
8.77332,5.05958,-0.239543
8.6607,6.1052,-0.222715
8.50688,7.15825,-0.125504
8.46903,8.19374,-0.187194
8.3698,9.21114,-0.0629231
8.20662,10.2595,-0.252669
8.11945,11.2776,-0.186258
8.10639,12.2554,-0.435188
8.10325,13.2572,-0.441301
8.40771,14.199,-0.455568
8.54375,15.1407,-0.200546
8.88889,16.0456,0.0506058
8.87023,17.0409,0.00425123
9.03897,17.9881,0.38381
8.96396,18.945,0.206085
10.0521,-0.108496,-0.201987
9.94555,0.926435,-0.0626698
9.95705,2.01169,-0.120991
9.96382,3.01534,-0.244349
9.7767,4.03973,-0.233872
9.78932,5.05687,-0.145637
9.68946,6.09483,-0.0628681
9.51778,7.07244,-0.0851772
9.55573,8.11784,-0.108039
9.37714,9.08198,-0.0474013
9.23576,10.0958,-0.110837
9.24215,11.1099,-0.19657
9.18985,12.1097,-0.362667
9.21332,13.1702,-0.341212
9.45298,14.1202,-0.206134
9.5414,15.0773,0.0367779
9.88374,16.0834,-0.0333384
9.86088,17.1046,0.19628
10.0239,18.1136,0.206287
9.93003,19.073,-0.031196
10.9136,0.0277932,0.294378
10.9485,1.05774,0.191125
10.9223,2.04248,-0.0114383
10.9127,3.0489,-7.32444e-05
10.7768,4.02923,0.21095
10.8076,5.06758,0.0304605
10.7192,6.05569,0.169933
10.5836,7.06197,0.0209815
10.5669,8.10483,0.0780877
10.4285,9.09974,-0.0489731
10.2896,10.0767,-0.13307
10.2969,11.0523,-0.166292
10.2942,12.0554,-0.357012
10.2755,13.0999,-0.285897
10.5001,14.1112,-0.159771
10.6592,15.1138,0.0546525
10.8844,16.0746,-0.220237
10.8504,17.0391,0.0670888
11.0135,18.0174,-0.135514
10.9312,18.9849,0.0734458
11.9283,0.00679037,0.247258
11.9479,1.00453,0.398007
11.9284,2.05552,0.352287
11.8929,3.06415,0.42382
11.8071,4.02527,-0.00104678
11.8588,4.98966,0.144151
11.782,6.02775,0.164568
11.647,7.00563,0.0532975
11.6082,7.99537,0.00426649
11.5351,9.02045,-0.103873
11.3903,10.0582,-0.157311
11.3794,11.0586,-0.23224
11.3253,12.0761,-0.263906
11.3224,13.0467,-0.106256
11.5846,14.0511,-0.0572283
11.7017,15.0524,0.120151
11.9221,15.9976,-0.0811884
11.8407,17.0407,0.0662709
11.8985,18.0315,0.327555
11.95,19.0237,0.0994232
12.9159,0.0211921,0.417676
12.9308,0.997497,0.177294
12.9102,1.99517,0.0920957
12.8884,2.99676,0.0686514
12.8608,4.00671,-0.0435377
12.9098,4.98247,-0.0225623
12.7696,5.99937,-0.0983001
12.678,7.06452,-0.152666
12.6533,8.07649,0.0997986
12.6448,9.06125,-0.212497
12.4497,10.0326,0.0303323
12.4996,11.0308,-0.149269
12.4195,12.0603,-0.315232
12.4257,13.0861,-0.155147
12.6827,14.027,0.0813257
12.7626,15.054,0.086874
12.9611,16.0228,0.0830622
12.8574,17.049,0.175298
12.9015,18.0745,0.324421
12.9715,19.0126,0.000689718
13.9203,-0.0444624,0.196487
13.9774,0.983926,0.272631
13.9418,2.00839,0.12219
13.912,3.01867,-0.0535386
13.8963,4.07982,-0.0328288
13.9605,5.08758,0.00602741
13.8255,6.06323,0.0511765
13.715,7.03048,-0.221384
13.7029,8.018,0.0377148
13.6431,9.03624,0.0827021
13.4922,10.077,-0.0948332
13.6229,11.0675,-0.0350627
13.4977,12.0321,-0.193887
13.5358,13.0499,-0.262648
13.7273,14.0331,-0.0130131
13.8034,14.9678,0.349181
13.9643,15.9906,0.303113
13.8557,17.0218,0.31901
13.9192,18.0845,0.320127
14.0009,19.0105,-0.0935057
14.9618,0.00156865,0.277578
14.9565,0.99342,0.00842921
14.9985,2.02638,0.0164525
14.8975,3.00592,0.196304
14.8821,4.00937,0.098764
14.9819,4.98919,0.0219367
14.8415,6.0111,-0.022956
14.7374,6.9993,0.0114444
14.7579,8.05084,-0.158422
14.6947,9.03847,0.0397015
14.594,10.045,0.0817469
14.6644,11.0439,-0.0215888
14.6242,12.0439,-0.050029
14.599,13.0272,-0.247423
14.759,14.0162,-0.0574175
14.7976,15.0521,0.279901
14.9554,16.0441,0.456221
14.9221,17.0166,0.21225
14.9452,18.0159,0.0387036
14.9882,19.0392,0.148878
16.0064,-0.0542344,0.336494
15.9348,0.965731,0.325086
15.9796,2.02229,0.129231
15.9267,3.05415,0.223484
15.9121,4.04819,0.0351054
16.0238,5.07049,-0.171554
15.9028,6.05785,-0.0189367
15.8395,7.03616,0.151872
15.8371,7.98878,-0.165233
15.7278,8.9893,0.0220985
15.7319,9.99864,0.0946013
15.7256,10.9806,-0.0745964
15.6819,11.9866,0.00437941
15.7043,13.0349,-0.0828822
15.8095,14.0169,0.202106
15.8406,15.0914,0.128587
15.9877,16.0568,0.357002
15.9916,17.0043,0.0235878
16.0268,18.0137,0.0988525
16.029,19.0279,0.138899
17.0534,-0.0219245,0.243574
16.9584,1.0452,0.175463
16.9705,2.06476,0.277679
16.9594,3.05542,0.169164
16.9804,4.04283,0.0831019
17.0074,5.03317,-0.00698263
16.9407,6.03654,-0.088873
16.8954,7.02402,0.0879391
16.8679,8.01459,-0.0136906
16.779,8.97989,0.0277749
16.8439,9.96984,0.0281533
16.7885,10.9844,-0.0462416
16.7875,12.0216,-0.0849452
16.7771,13.0036,-0.0765984
16.8446,13.972,0.296768
16.8555,14.9666,0.211216
17.0253,16.0198,0.0417737
16.9824,17.0382,-0.140379
17.0158,18.0488,-0.09241
17.0077,19.0116,0.161937
18.0443,-0.00529191,0.143052
17.953,1.01199,0.217924
17.9474,1.99106,-0.025074
17.9657,2.99767,0.105164
17.9685,4.0078,-0.0787927
18.0219,5.03169,-0.135362
17.9462,6.03641,-0.293768
17.9631,7.0331,-0.0649831
17.9565,8.02493,-0.0272378
17.8684,9.01725,-0.0160192
17.9633,10.0321,0.0433485
17.8755,11.027,-0.0471053
17.9108,12.048,-0.0713919
17.8822,13.0579,-0.107132
17.964,13.9718,0.271725
17.8896,14.9356,0.0313425
18.0728,15.9411,0.182781
17.9568,16.9427,0.00904569
18.066,17.9316,-0.0272225
18.046,18.9236,0.052559
19.0388,0.00589923,0.00785241
18.9737,1.01606,0.187463
18.9648,1.88453,-0.276623
18.9595,2.87273,-0.104563
18.9767,3.89435,-0.0870724
19.0188,4.96183,-0.0409131
19.01,5.96728,-0.0828242
18.97,7.01022,-0.15584
19.0102,7.99646,0.0673025
18.9914,9.00052,-0.0776696
19.0617,10.0252,-0.0411481
18.9631,11.0059,-0.099823
19.0071,12.0522,-0.0723838
18.9454,13.043,-0.00208136
18.942,14.0389,0.161827
18.9563,15.0392,0.00888394
19.0162,16.029,-0.151573
18.9971,17.0047,0.146092
19.0229,18.0024,0.198828
18.9915,18.9869,0.30181
