2.98323,4.87588,-0.864956
3.57046,4.87591,-0.0306864
3.29771,5.55279,0.638139
2.77983,6.16274,1.25287
2.45419,5.20927,1.2938
3.15572,5.0332,0.614093
4.04097,5.30085,1.11862
3.94207,6.27622,0.829475
3.8592,5.47321,0.256276
3.1314,5.02023,0.820688
4.00102,5.026,-0.781149
4.24409,5.72848,-0.0510147
3.43143,5.24463,-0.326994
3.17548,5.43354,0.652355
2.41132,4.89656,0.328431
2.83007,5.79137,0.0357463
3.46308,6.05665,0.768148
3.49027,6.74869,0.0352733
4.34606,6.35259,0.413294
4.04628,5.3987,0.577026
4.61469,4.7369,-0.0110691
4.8079,5.47742,0.729283
4.28991,4.93089,0.061916
3.69048,4.60075,0.791665
3.03128,4.12336,0.209522
3.36652,5.01223,-0.195105
4.06961,5.69998,0.0084933
4.29112,6.50077,0.552715
5.18715,6.67407,0.0212012
4.31126,6.16149,-0.00803247
3.72555,4.65283,-0.425556
4.06565,4.83844,0.572118
3.79005,4.0263,0.0189062
4.5864,4.60849,0.34626
3.6839,4.90106,0.0325755
3.90503,5.88188,-0.143931
4.19629,5.45799,-0.989209
4.53571,6.0892,-0.333674
4.28274,6.69686,0.415137
5.10818,6.19561,0.586114
3.8632,4.26957,-1.31464
4.05805,4.64476,-0.397757
4.66494,4.50186,0.382952
5.26044,5.32648,0.44771
4.55835,4.61759,0.43065
4.8446,5.48723,0.0155187
4.7601,6.20597,-0.683343
4.64759,5.22425,-0.802582
4.63594,6.09724,-0.262792
4.5763,5.31715,0.376473
4.76754,3.88212,-1.51899
4.99875,4.33246,-0.614954
5.52581,4.90079,0.0505356
4.85249,4.47408,0.672277
5.34502,5.18248,0.16035
5.44499,5.58683,-0.748228
5.50464,6.32657,-0.049321
4.54737,6.21434,-0.445833
4.85921,5.33754,-0.891272
5.2858,4.84692,-0.164388
4.9995,4.60807,-0.89151
5.10224,3.75719,-1.40086
5.30235,4.0817,-0.472146
5.52524,4.91863,0.0919126
5.67216,5.49793,-0.716239
5.3779,4.84781,-0.00657369
5.04341,5.63522,0.514606
4.25464,5.32052,-0.084637
4.0865,6.00573,-0.822581
4.36099,5.2538,-0.179467
5.20139,4.56188,0.151994
5.4564,3.85789,-0.489996
6.1367,4.63653,-0.573965
6.25817,5.54656,-0.220988
5.30825,5.57578,0.242143
5.70066,4.99401,0.92577
5.40845,4.87331,-0.0583972
5.06241,5.73973,-0.491931
4.29216,5.0815,-0.458071
4.95377,5.70483,-0.84409
5.90987,4.83416,-0.507099
5.07119,4.55943,0.105582
5.43115,5.35136,-0.501709
5.62126,6.35007,-0.50126
6.10643,5.45001,-0.379583
5.35037,4.93616,-0.000305185
5.31959,5.75196,-0.562267
5.09346,4.85876,-0.9326
4.76131,4.1716,-0.271825
4.46232,4.83609,-0.9451
5.03597,4.64387,-0.101096
5.86535,4.20465,-0.439341
6.39361,5.02162,-0.683096
5.59562,5.38462,-0.173128
5.66814,4.74876,-0.94405
5.38544,5.64825,-0.6742
4.64299,4.98007,-0.532243
4.58642,5.56024,-1.40199
4.80213,4.65893,-1.15106
4.04112,4.68769,-1.85964
