0.14976,0.497214,-2.25795
0.113526,1.80604,-2.30383
0.145201,3.0565,-2.33821
0.186032,4.32026,-2.36718
0.234526,5.56669,-2.52156
0.173287,6.85561,-2.57094
0.200119,8.11532,-2.6681
0.314106,9.36259,-2.68214
0.446992,10.5771,-2.65997
0.776351,11.7085,-2.69191
1.23193,12.7686,-2.69804
1.09762,13.8628,-2.60845
0.580358,14.7733,-2.55805
0.521558,15.7485,-2.28451
0.0929716,16.5343,-1.77062
0.432191,17.4396,-1.45973
-0.143593,18.3074,-1.40348
0.0959777,17.3255,-1.29806
-0.0140446,18.2712,-0.917252
-0.00898465,18.9869,-0.222144
0.792798,1.2972,-2.45653
0.831333,2.50684,-2.42827
0.942247,3.71115,-2.3161
1.05025,4.89186,-2.39123
1.09718,6.12369,-2.43862
1.17303,7.32516,-2.59903
1.17379,8.55903,-2.64082
1.3111,9.75183,-2.7125
1.46906,10.9892,-2.85013
1.71106,12.1744,-3.03253
2.09928,13.3077,-3.24315
2.02606,14.3843,-2.98296
1.53572,15.1286,-2.39713
1.52642,16.1166,-2.34418
1.04689,16.8387,-1.92131
1.50698,17.4495,-1.27504
0.951744,18.2341,-1.53128
1.0733,17.2455,-1.4215
0.979705,18.2456,-1.21866
0.959844,19.042,-0.587628
1.77315,1.69585,-2.45322
1.81817,2.83552,-2.39193
1.94547,4.04971,-2.3333
1.99563,5.23352,-2.46663
2.09494,6.44987,-2.50718
2.12967,7.67359,-2.6715
2.14862,8.89305,-2.65727
2.2843,10.1864,-2.77386
2.41614,11.4904,-2.9733
2.57757,12.7866,-3.31783
3.00013,14.1406,-3.71849
2.71909,15.3317,-3.03368
2.00243,15.8722,-1.95814
2.39927,16.7262,-2.29007
1.83695,17.5312,-1.9457
2.44996,16.9488,-1.45992
1.93594,17.9301,-1.56688
2.14662,16.9935,-1.38851
1.94633,18.076,-1.44452
1.88217,19.0443,-1.06427
2.75213,1.38259,-2.28596
2.8723,2.5337,-2.42245
2.88398,3.65196,-2.47507
2.94213,4.80592,-2.52377
3.00403,6.00181,-2.50374
3.07501,7.1572,-2.59655
3.09743,8.3892,-2.56517
3.09869,9.54212,-2.78339
3.1264,10.729,-2.90725
3.21373,11.9383,-3.03383
3.179,13.112,-3.16254
3.03782,14.1958,-2.80374
2.67659,14.9711,-2.2219
2.97567,15.9324,-2.18068
2.55426,16.6935,-1.66601
3.15853,17.3496,-2.07947
2.87539,17.7668,-1.23336
2.93456,17.2101,-2.05451
3.00389,18.15,-1.60862
2.88222,19.0568,-1.15135
3.77644,1.09378,-2.2848
3.80906,2.21485,-2.33576
3.89226,3.34549,-2.3978
3.92186,4.42844,-2.45399
3.91127,5.51794,-2.58871
3.91904,6.64975,-2.53947
3.84374,7.76316,-2.46208
3.8936,8.9177,-2.5484
3.89483,10.049,-2.64839
3.84757,11.1892,-2.75752
3.76124,12.3131,-2.74538
3.7682,13.3617,-2.59135
3.51968,14.2957,-2.34852
3.78845,15.2818,-2.27305
3.50913,16.0936,-1.78441
4.08236,16.9712,-2.00131
3.89453,17.5465,-1.14652
3.94982,17.4773,-2.1357
4.02299,18.2231,-1.47484
3.85967,19.2091,-1.17689
4.75712,0.792944,-2.32828
4.83571,1.90534,-2.19781
4.79432,2.95019,-2.36606
4.79837,4.01801,-2.36825
4.80855,5.08216,-2.40209
4.82466,6.11242,-2.48637
4.72404,7.19434,-2.41945
4.71072,8.27832,-2.45129
4.6521,9.38733,-2.42085
4.57746,10.4631,-2.54692
4.55497,11.5961,-2.62393
4.53213,12.6408,-2.48139
4.3908,13.6672,-2.21169
4.56765,14.6168,-2.50301
4.38837,15.4861,-1.89958
4.85372,16.3029,-2.1728
4.70839,16.9269,-1.36813
4.97298,17.4614,-2.20799
5.03248,18.1242,-1.45698
4.78332,18.9679,-0.919376
5.69714,0.356926,-2.30624
5.7157,1.47541,-2.29948
5.77271,2.58194,-2.41494
5.77431,3.60844,-2.37685
5.73974,4.71233,-2.36759
5.7974,5.78294,-2.41634
5.71197,6.84801,-2.45402
5.62265,7.94088,-2.41964
5.61237,8.99903,-2.36929
5.60319,10.0241,-2.53158
5.47729,11.0591,-2.51573
5.42188,12.081,-2.47191
5.26562,13.0488,-2.21341
5.41712,14.0454,-2.19724
5.37189,15.0303,-2.13432
5.74026,15.9649,-1.91972
5.72191,16.8972,-1.52094
6.04085,17.5702,-2.17294
6.02112,18.088,-1.32056
5.81247,18.9632,-0.839848
6.625,0.0970946,-1.99935
6.65412,1.17771,-2.05619
6.6571,2.21057,-2.09271
6.75943,3.28535,-2.17629
6.69679,4.36218,-2.11712
6.72222,5.4384,-2.09727
6.66105,6.47642,-2.23354
6.58611,7.53675,-2.36883
6.56889,8.55461,-2.30446
6.53276,9.65502,-2.31013
6.4245,10.6373,-2.24502
6.44281,11.7001,-2.20123
6.34054,12.7212,-2.19658
6.43973,13.7723,-2.16403
6.36518,14.7391,-2.00247
6.72172,15.6733,-1.74996
6.72409,16.6183,-1.38524
7.02159,17.4149,-1.89333
6.97704,17.9841,-1.0767
6.79964,18.978,-1.03516
7.64397,0.000717185,-1.82547
7.64157,1.05109,-1.79946
7.66923,2.11307,-1.92337
7.72505,3.13409,-1.84422
7.63141,4.20943,-1.869
7.67025,5.26113,-1.82825
7.67806,6.30136,-2.01703
7.59729,7.34333,-2.0634
7.57659,8.39034,-2.0805
7.5523,9.41089,-2.19586
7.4147,10.4372,-2.09208
7.46376,11.4422,-2.21102
7.38683,12.494,-2.20251
7.41689,13.4798,-1.84348
7.42608,14.4721,-1.87518
7.77223,15.4136,-1.71952
7.68955,16.341,-1.41575
7.93972,17.3061,-1.53772
8.00884,17.948,-0.765502
7.8553,18.8662,-1.12433
8.71723,-0.115421,-1.81431
8.67759,0.95855,-1.70517
8.65937,1.99929,-1.66497
8.73253,3.02372,-1.75264
8.63456,4.02912,-1.68819
8.64173,5.10454,-1.72844
8.70186,6.14784,-1.92059
8.64368,7.2037,-1.99175
8.59553,8.23889,-1.98947
8.57752,9.27665,-2.06762
8.43206,10.289,-2.0663
8.45215,11.2795,-1.86574
8.38791,12.2849,-1.95003
8.41325,13.2827,-1.72774
8.44822,14.2808,-1.70976
8.77856,15.2612,-1.56307
8.72495,16.2726,-1.52305
8.98271,17.2214,-1.30279
9.0511,18.1332,-0.942152
8.8384,19.0893,-0.859621
9.79977,-0.274056,-1.7917
9.70725,0.778832,-1.81191
9.68152,1.81733,-1.66471
9.72825,2.88681,-1.52868
9.70963,3.95504,-1.57088
9.68477,4.98106,-1.70891
9.72996,5.9817,-1.72778
9.63388,7.03096,-1.87768
9.62729,8.02448,-1.9802
9.61065,9.16785,-1.87506
9.44447,10.1761,-1.78816
9.4777,11.2316,-1.81493
9.45708,12.207,-1.75659
9.43025,13.2232,-1.67648
9.49769,14.2182,-1.56018
9.75843,15.1237,-1.25858
9.79881,16.1583,-1.3137
9.91713,17.1419,-0.992273
10.0943,18.161,-0.917237
9.84165,19.1278,-0.89841
10.8648,-0.176205,-1.6324
10.7631,0.864583,-1.62286
10.7246,1.94468,-1.66185
10.7417,2.96225,-1.50715
10.7519,4.04278,-1.63888
10.7293,5.0392,-1.60293
10.7332,6.0479,-1.62431
10.6614,7.06333,-1.72725
10.6319,8.1026,-1.65103
10.6529,9.13551,-1.71059
10.4654,10.1305,-1.6981
10.5251,11.1604,-1.78361
10.4663,12.1409,-1.66921
10.4558,13.1009,-1.49516
10.5112,14.1347,-1.41924
10.7814,15.0889,-1.34551
10.8754,16.1242,-1.16022
10.9186,17.1118,-1.14166
11.1209,18.1705,-1.02658
10.9214,19.1588,-0.917066
11.9152,-0.0480239,-1.46884
11.7092,0.907559,-1.35577
11.7633,1.9095,-1.54163
11.7979,2.93452,-1.38868
11.7253,3.96648,-1.41956
11.7209,4.92742,-1.90804
11.7539,5.93928,-1.596
11.7099,6.96447,-1.69332
11.6689,7.96501,-1.70533
11.7345,8.98368,-1.71089
11.505,9.94118,-1.86196
11.5513,10.9821,-1.74718
11.5424,12.0229,-1.76934
11.5512,13.0268,-1.52476
11.6374,14.0443,-1.43197
11.8243,15.0634,-1.30786
11.8902,16.0934,-1.38074
11.941,17.0725,-1.15405
12.1057,18.0248,-0.854381
11.9077,19.0411,-0.803763
12.9304,-0.114603,-1.51558
12.7319,0.912735,-1.22319
12.8071,1.9209,-1.49368
12.8345,2.94626,-1.53024
12.7968,3.98022,-1.40765
12.7331,4.93046,-1.7945
12.7743,5.93974,-1.49808
12.7671,6.98291,-1.58203
12.7342,8.02514,-1.52031
12.7612,8.99803,-1.72447
12.5825,10.0152,-1.64676
12.5603,10.9731,-1.46326
12.6026,11.9533,-1.65237
12.6082,12.9832,-1.50255
12.6637,14.0831,-1.3542
12.8435,15.0836,-1.3493
12.9568,16.1717,-1.46588
12.937,17.1097,-1.14396
13.0259,18.092,-1.22915
12.9666,19.1485,-0.949101
13.9889,-0.189169,-1.36111
13.7858,0.821479,-1.13302
13.8908,1.87246,-1.40588
13.8495,2.92235,-1.47448
13.8161,3.93476,-1.35714
13.7309,4.95682,-1.5315
13.826,5.97145,-1.40887
13.7918,6.97538,-1.63532
13.8103,8.00275,-1.66749
13.8046,9.043,-1.73883
13.667,10.0673,-1.55249
13.641,11.0281,-1.35766
13.6275,12.0474,-1.49953
13.6549,13.0929,-1.33201
13.7145,14.1368,-1.46658
13.857,15.1539,-1.22758
13.9898,16.1732,-1.31372
14.0231,17.1928,-1.30976
14.113,18.1829,-1.08842
13.9941,19.2257,-0.958525
14.9673,-0.268709,-1.24948
14.8371,0.79162,-1.23706
14.9328,1.78572,-1.34804
14.8526,2.77978,-1.44888
14.8276,3.818,-1.51778
14.7496,4.85576,-1.47896
14.8484,5.89239,-1.5614
14.7951,6.90548,-1.55686
14.8222,7.92042,-1.60352
14.7736,8.95376,-1.48636
14.7155,10.0563,-1.45604
14.6796,11.0794,-1.42557
14.6889,12.1096,-1.28876
14.7209,13.1311,-1.37229
14.7407,14.2,-1.252
14.8768,15.1726,-1.07729
15.0396,16.1523,-1.31992
15.0425,17.1306,-1.06121
15.1715,18.1885,-0.975762
15.0067,19.2097,-0.920173
15.9952,-0.230815,-1.22766
15.8903,0.811966,-1.20773
15.9403,1.8623,-1.15663
15.8544,2.85118,-1.15921
15.8338,3.87012,-1.30148
15.7616,4.93324,-1.49486
15.888,5.93789,-1.49646
15.8484,6.96029,-1.56251
15.8392,7.96311,-1.37323
15.781,9.03021,-1.31031
15.7618,10.0335,-1.18942
15.7355,11.0592,-1.29339
15.7269,12.0909,-1.20138
15.7366,13.092,-1.32593
15.7963,14.139,-1.31552
15.9422,15.1624,-1.16293
16.0667,16.1337,-1.09366
16.0707,17.1622,-0.879214
16.1945,18.1525,-0.806195
16.0345,19.1424,-0.875362
17.0268,-0.253148,-1.15695
16.9585,0.724744,-1.27284
16.9322,1.76852,-1.24149
16.919,2.85062,-1.28733
16.9215,3.88186,-1.24029
16.7946,4.9047,-1.29871
16.9172,5.90326,-1.49052
16.8246,6.92052,-1.28408
16.8472,7.95559,-1.27877
16.8655,8.97844,-1.17321
16.7631,10.061,-1.134
16.8232,11.115,-1.1492
16.802,12.1481,-1.22035
16.7561,13.1862,-1.10231
16.8426,14.2038,-1.17191
16.9493,15.1383,-0.860161
17.072,16.1504,-0.861562
17.0662,17.122,-0.630067
17.2047,18.1902,-0.573467
17.057,19.2268,-0.525452
18.0757,-0.249095,-1.12678
17.9405,0.833714,-1.16163
17.9841,1.88067,-1.27725
17.9622,2.93482,-1.31606
17.91,3.94225,-1.46989
17.8535,4.97554,-1.2484
17.9576,5.96062,-1.30168
17.8596,6.98074,-1.08514
17.8891,7.99409,-1.22377
17.9161,8.98501,-1.09205
17.8263,10.0452,-1.07582
17.8661,11.0727,-1.01821
17.8321,12.1356,-1.15898
17.8064,13.1215,-1.04922
17.8849,14.1851,-1.03234
17.999,15.1486,-0.925419
18.0793,16.1218,-0.936708
18.0576,17.1113,-0.759474
18.2381,18.0857,-0.461586
18.0761,19.0709,-0.540593
19.0629,0.0576067,-0.970635
18.9193,1.01956,-1.23757
18.9912,1.99155,-1.04132
19.0172,3.0115,-1.24864
18.9069,4.0482,-1.16346
18.8881,5.06259,-1.09968
19.0052,6.072,-1.25896
18.8897,7.08829,-1.09274
18.9143,8.08719,-1.0023
19.0073,9.11921,-0.917753
18.8196,10.1236,-0.906421
18.9006,11.1301,-0.905463
18.8939,12.1909,-1.06032
18.8698,13.1819,-1.01675
18.9226,14.1974,-1.08227
19.0267,15.2067,-1.07479
19.0797,16.2021,-0.901419
19.0854,17.2104,-0.608881
19.2852,18.2177,-0.495676
19.0183,19.0714,-0.0517533
