2.33561,4.16097,1.18882
2.23799,3.58057,0.394607
2.24205,4.52,0.657958
2.60158,5.47089,0.72251
1.98524,6.05889,0.118357
1.54913,6.17677,-0.779522
1.51978,5.76352,0.145766
1.61224,6.57549,0.704495
1.18154,7.07183,-0.0933287
1.91981,6.51584,0.306046
2.90753,3.37489,0.787967
2.45622,2.60224,0.353713
2.10663,3.5222,0.523411
2.51994,4.49323,0.484317
2.32661,5.16984,-0.236357
2.34388,6.16996,-0.156456
1.67966,6.64972,0.450523
2.62143,6.77999,0.726081
1.65816,7.16372,0.774944
2.69838,7.02049,0.76321
2.6838,3.7636,-0.133598
3.31339,3.00802,-0.0010773
3.03616,3.93897,0.429633
2.9751,4.3891,-0.433128
3.32001,5.24184,0.0102329
2.5241,5.53689,0.597476
2.03048,6.14243,1.2052
2.68108,5.77811,0.572109
2.33021,6.54396,1.11368
3.22413,6.65716,1.55682
3.57267,3.33308,-0.0987548
4.14353,2.73516,0.525034
3.66556,3.4256,-0.106122
3.92141,4.40644,0.0249611
3.30388,4.57541,-0.739888
3.01017,5.49214,-0.275982
2.77405,5.82,0.645122
3.43373,5.41693,0.0241127
3.06261,6.12316,0.595056
4.01527,6.3584,1.00996
4.28011,2.56835,-0.117203
4.52062,1.7701,0.471889
3.81485,2.48036,0.178671
3.90813,3.47594,0.3343
3.78771,3.72016,-0.681552
3.34645,4.5987,-0.616413
3.5045,5.34632,0.0708029
4.32346,5.91232,-0.0405805
3.837,6.72366,0.365267
3.61212,7.27139,1.18466
4.92938,2.70793,-0.876
5.19734,2.36774,0.0432447
4.56731,3.12104,-0.00402844
4.65734,4.11611,0.226215
4.25139,4.5887,-0.593548
3.77779,5.25637,-0.0180273
4.42087,5.8548,0.433
5.29081,6.15315,0.0277841
4.44249,5.92113,0.467397
3.86677,6.80331,0.34503
5.15192,2.00433,-0.219419
5.75961,1.65565,0.567388
5.13061,2.25578,0.00216987
5.0388,3.22987,-0.0511673
5.16942,4.2495,-0.175115
4.76216,5.18953,-0.0851741
5.27736,6.0581,-0.0585101
5.22913,6.66877,-0.882485
4.39509,6.52918,-0.379156
4.89534,6.91999,0.458232
6.16042,1.95438,-0.328166
6.45108,2.38657,0.528205
5.54523,2.86603,0.671877
5.82979,3.7963,0.216846
5.91564,4.78684,0.134858
5.63566,5.74987,0.0840693
6.08852,6.1571,-0.749748
5.25994,5.66862,-0.497983
5.03065,6.40715,-1.10912
5.49271,6.9117,-0.390133
6.22663,2.93212,-0.325718
6.58401,3.35856,0.501718
5.7207,3.64177,0.0389966
5.59496,4.46302,-0.551454
5.76416,5.4674,-0.613498
6.39096,6.22871,-0.34977
6.44003,7.04466,-0.991748
6.16756,6.11972,-0.613517
5.66725,6.94624,-0.469396
5.70278,7.8168,-0.0479354
5.40322,2.41886,-0.672732
5.88881,2.74186,0.219724
5.73059,3.28001,0.996136
5.89224,3.7408,0.0939329
5.71162,4.46034,-0.582846
6.20758,5.24523,-0.130326
6.30111,6.23616,-0.411637
7.04812,5.89062,-1.03745
6.03976,6.10139,-0.823072
6.15991,7.00932,-0.411148
