3.7967,5.53016,-0.898248
3.03616,5.23368,-0.35912
3.00869,4.47982,0.282611
3.13597,5.30808,-0.3167
3.22983,5.88221,-1.14159
3.78271,5.65656,-0.332374
3.89627,5.96072,0.593579
2.98498,6.24487,0.158086
3.23568,7.02109,0.833064
2.33664,6.74965,1.17514
3.94353,4.88281,-0.213858
3.20381,4.71224,0.503079
3.97033,4.1541,0.146724
2.95897,4.38656,0.102005
3.22469,5.22068,-0.351082
3.69899,5.14779,0.588211
2.91599,5.7672,0.453618
1.9748,6.27322,0.26961
2.38082,6.47875,1.1458
3.20343,6.53058,1.69713
3.49113,4.01389,0.0714408
4.08028,4.23264,0.85237
3.41177,3.52209,0.831251
3.06884,4.43453,1.09703
3.65348,5.07561,0.560991
2.74146,5.39498,0.313654
3.09282,5.78925,-0.553255
2.96239,6.33781,0.238395
3.21966,5.93661,1.10103
4.05397,6.4782,1.2007
4.40078,3.70795,-0.240007
4.22083,3.1997,0.630448
3.7786,3.74693,-0.067629
2.93082,4.40414,0.0687796
3.03105,5.42975,-0.18862
3.54895,4.91811,0.532749
3.78711,5.81245,0.1511
3.17308,5.55269,0.8889
4.13471,5.76749,0.686096
3.28054,5.79098,1.34781
4.62104,3.84739,0.670498
3.76739,3.94497,0.0724235
4.76191,3.91075,-0.0126347
3.82339,4.03128,-0.304279
3.63538,4.83061,0.313944
3.80384,5.81718,0.125501
4.56897,6.42722,0.255873
3.68678,5.96888,0.0424146
4.67918,6.09046,-0.0558916
3.97027,5.86545,0.652034
3.90455,3.36977,0.184527
4.62509,3.65894,-0.478359
5.70256,3.66226,-0.287231
4.82125,4.07601,-0.294992
4.40845,5.00415,-0.376489
4.80887,5.87081,-0.109162
5.56518,6.51924,-0.0028077
4.64742,6.15012,-0.0573504
4.70192,6.22878,-1.03644
4.5621,6.28504,-0.0750511
4.51636,2.59181,0.377068
5.13332,2.77765,-0.346086
5.62648,3.01219,0.46986
5.82721,3.82324,-0.0963317
5.22178,4.46971,-0.60177
5.46135,5.15741,0.0830622
6.21534,5.79246,0.314847
5.50969,6.6004,0.234422
4.92215,5.82868,-0.109391
5.49388,6.67114,-0.0718833
5.28774,3.26793,0.340217
6.05586,2.70691,0.101395
6.2068,3.67541,-0.0263039
6.32687,4.55746,0.336268
5.49905,5.08729,0.141951
5.73428,5.61451,0.975137
5.32963,6.24248,0.319343
6.33926,6.02861,0.291699
5.5444,6.62176,-0.0214026
5.83238,7.40407,-0.626676
5.31217,3.31762,-0.671493
6.04502,3.68959,-0.0267067
6.12968,4.6284,0.252629
6.56065,5.49018,0.0093997
5.77843,5.69977,-0.584133
5.47447,6.2192,0.199087
6.15148,6.81526,0.647935
5.92236,6.63995,-0.352684
5.95521,7.52777,0.104901
6.27215,6.64691,-0.170498
5.98629,2.95627,-1.31054
5.67844,3.86148,-0.984179
6.06691,3.70613,-0.0817103
6.40587,4.56972,-0.453294
6.43086,5.40401,0.133375
6.43354,6.42052,0.117658
5.41025,6.39432,0.10148
5.1569,7.32462,-0.287637
5.41078,8.31621,-0.254744
5.93693,7.5438,0.0949278
