3.59723,3.35427,-0.0331645
2.8477,3.86949,0.378829
3.51948,3.77231,1.10084
4.5071,3.93746,0.723109
4.08996,4.54189,0.0428327
3.92814,5.48684,-0.112119
3.33244,5.65742,0.71677
2.43661,6.11114,0.623798
3.08717,6.72152,0.171886
3.17222,7.68864,0.507227
3.25231,3.9177,-0.770028
3.67756,3.49536,0.00254219
3.84099,2.895,0.760491
3.6083,3.7732,0.316544
3.10898,4.52319,-0.119953
3.02992,5.39902,0.378994
3.11977,6.45332,0.13665
2.32848,7.02595,0.00686361
2.80754,7.39112,0.843388
3.36895,7.98447,1.44951
3.62774,3.85873,0.166219
2.85173,3.91781,-0.43723
3.61191,3.70945,0.194003
3.81017,4.57523,-0.263244
3.59206,5.10281,0.551723
3.65935,5.75819,-0.302103
4.09316,6.55437,0.184237
3.13072,6.42902,0.0886746
3.56458,6.72841,0.930625
4.08541,7.59474,0.892172
3.51886,3.13194,-0.551262
3.42336,3.87372,-1.23024
3.81331,4.46205,-0.448863
3.55895,3.57905,-0.101859
4.08135,4.30706,0.289776
4.16028,5.28525,0.452962
4.15754,5.77225,-0.413062
3.50896,5.49268,0.295819
4.11153,5.82997,1.00166
4.17071,6.74601,1.47809
3.8898,3.77006,-1.24985
3.89626,4.5635,-0.66267
4.80855,4.67665,-0.27933
4.06315,4.40273,0.315802
4.54451,5.18273,0.656392
4.63699,6.19164,0.60539
4.8848,5.32291,0.172243
4.21978,5.01192,0.847819
4.98802,5.72301,0.545701
4.94334,6.6783,0.824604
4.54114,3.73855,-0.491476
4.87205,4.58779,-0.880361
4.82646,3.63034,-0.512152
4.95786,4.60066,-0.111502
5.5556,5.16729,0.442589
4.82984,5.5539,-0.180892
5.79674,5.69746,-0.0177404
4.92783,5.65914,0.508499
4.756,5.44988,-0.456566
4.98108,6.37821,-0.124464
4.70566,4.75205,-0.279327
4.28748,3.86308,-0.466347
4.96029,4.64423,-0.495935
5.6351,5.32488,-0.0497665
6.59081,5.05354,0.257717
5.56989,5.16452,0.410132
5.38773,6.04564,0.851582
5.86193,5.51636,0.130415
5.36758,6.24851,-0.337101
5.6008,6.33826,0.645451
3.78229,4.5196,0.0230995
4.77962,4.52265,0.142045
5.69463,4.12486,-0.0590197
6.05922,4.75351,-0.761797
5.94333,5.64246,-0.284835
5.93968,6.13348,0.572268
5.16435,6.4219,-0.0457625
6.12946,6.39014,-0.270904
5.64111,6.20068,0.603128
6.46789,6.77752,0.756188
4.70244,4.27571,0.323499
5.6889,4.41749,0.549889
5.08478,4.95156,-0.0879391
5.77421,5.665,-0.407733
6.23753,5.01223,-0.986541
5.9426,5.70965,-0.307935
6.13669,6.67548,-0.0814844
7.12154,6.82191,-0.140007
6.48957,6.75182,0.662392
7.36814,7.07998,0.38861
5.59694,3.78599,0.549672
5.99291,4.11897,-0.341807
5.83552,4.55997,0.566887
5.59522,5.56609,0.561119
6.21896,5.69961,-0.306519
6.13468,6.71205,-0.197198
6.46254,7.61614,-0.421415
7.01675,7.09056,-1.08551
6.40507,6.7953,-0.326252
6.70124,6.35109,0.539592
