0.00976592,0.0137883,-0.14467
0.00293588,1.28954,-0.224445
-0.0402539,2.61525,-0.215442
-0.00337535,3.87108,-0.264736
-0.0120853,5.18166,-0.282363
0.0156468,6.44966,-0.326362
0.0207129,7.73834,-0.345308
0.0591662,8.98849,-0.361782
0.0641072,10.2401,-0.310532
0.136399,11.4856,-0.448402
0.175686,12.6675,-0.566317
0.199258,13.8117,-0.821616
0.266018,14.7937,-1.31758
0.212253,15.8215,-1.38303
0.0694327,16.7668,-1.04313
0.17803,17.8012,-0.950081
-0.0698416,18.4375,-0.252147
-0.0219092,17.4628,-0.520771
0.105921,17.9725,0.318714
-0.0121921,19.0043,0.24962
0.848921,0.517258,-0.243959
0.854964,1.79705,-0.260109
0.897369,3.0703,-0.283032
0.920414,4.33753,-0.258797
0.95981,5.57586,-0.296789
0.934584,6.84977,-0.326435
0.982809,8.14815,-0.376284
1.04498,9.4363,-0.457631
1.04844,10.7464,-0.409876
1.07496,12.0099,-0.309336
1.22351,13.2736,-0.411631
1.2238,14.2965,-0.845241
1.21931,15.0547,-1.54778
1.26086,16.0076,-1.50922
1.23621,16.9128,-0.97954
1.13519,17.7661,-1.42882
0.874606,18.1285,-0.547832
0.975964,17.1392,-0.641536
0.996402,18.033,-0.194064
0.963225,19.0282,-0.0915738
1.87146,0.733934,-0.215912
1.86329,2.0133,-0.219468
1.87371,3.3345,-0.272671
1.87881,4.63957,-0.214417
1.89752,5.91675,-0.178951
1.91079,7.22629,-0.168661
1.92943,8.57219,-0.174172
1.90945,9.91404,-0.136964
1.94834,11.2636,-0.218241
2.03958,12.6577,-0.217328
2.15714,14.1054,-0.083517
1.93199,15.2873,-1.009
1.49537,15.7344,-2.3757
1.65461,16.8298,-2.01896
2.12657,17.5711,-1.17338
1.65979,16.8466,-0.915998
1.80672,17.8895,-0.738383
2.024,16.9458,-0.837986
1.93398,17.9413,-0.582818
1.97988,18.9113,-0.284219
2.84758,0.537809,-0.222425
2.8955,1.80246,-0.359944
2.88673,3.01894,-0.282766
2.87327,4.30162,-0.235173
2.85164,5.55439,-0.27806
2.84535,6.79592,-0.264061
2.83089,8.06405,-0.22407
2.8122,9.30029,-0.215073
2.68243,10.5434,-0.280145
2.65757,11.7835,-0.409098
2.56175,13.0333,-0.486889
2.44319,14.1526,-0.883978
2.22521,15.0341,-1.6704
2.46608,16.0024,-1.65282
2.66374,16.5609,-0.808509
2.53511,17.4023,-1.29087
2.8088,17.6858,-0.373403
2.85485,17.3285,-1.32118
2.95702,18.1002,-0.70097
3.03134,18.9961,-0.210535
3.87154,0.369805,-0.268331
3.89446,1.59452,-0.179244
3.88706,2.79541,-0.160793
3.82376,3.9932,-0.121998
3.8024,5.15135,-0.200464
3.72169,6.32831,-0.252556
3.67788,7.51566,-0.216965
3.62764,8.68132,-0.408267
3.51424,9.88896,-0.400879
3.4403,11.0429,-0.499722
3.30798,12.1632,-0.619868
3.20931,13.2872,-0.916367
3.06589,14.2955,-1.29043
3.28679,15.2933,-1.38631
3.64075,16.069,-0.822022
3.56212,17.0063,-1.15423
3.72873,17.3287,-0.215155
3.83779,17.5905,-1.19555
3.94545,18.096,-0.330342
4.07093,19.1046,-0.2034
4.89203,0.245875,-0.243739
4.90559,1.39334,-0.227815
4.83645,2.48905,-0.212873
4.77554,3.63863,-0.240861
4.72823,4.76391,-0.240974
4.63946,5.88084,-0.0411298
4.54735,7.02216,-0.204001
4.5526,8.15228,-0.333183
4.37678,9.25426,-0.476107
4.30457,10.4099,-0.596069
4.20172,11.5006,-0.691064
4.08327,12.5585,-0.932371
4.08208,13.6021,-1.12892
4.189,14.6173,-1.13008
4.51009,15.5296,-0.815778
4.5294,16.5124,-0.984387
4.78848,17.0664,-0.10054
4.81152,17.471,-1.02842
4.97039,18.031,-0.155153
5.06193,19.0154,-0.0139866
5.91299,0.0653218,-0.0919034
5.87746,1.14961,-0.0965117
5.80931,2.23364,-0.166424
5.73817,3.35125,-0.176327
5.68305,4.46233,-0.138002
5.64683,5.58965,-0.133946
5.55426,6.72181,-0.133186
5.49607,7.8317,-0.13596
5.36751,8.85096,-0.34817
5.22977,9.93322,-0.395245
5.16312,10.9978,-0.63014
5.03866,12.0199,-0.776504
5.00787,13.0437,-0.968929
5.17741,14.0953,-1.00221
5.47657,15.0711,-0.837007
5.53131,16.0527,-0.847661
5.78425,16.7499,-0.168242
5.83702,17.4053,-0.935005
5.97763,17.9653,-0.0753716
6.06283,19.0502,-0.0178472
6.8981,0.162261,-0.139537
6.92017,1.23714,0.016129
6.82869,2.21413,0.0410474
6.7844,3.289,-0.0412427
6.69702,4.34108,-0.039317
6.6368,5.39215,-0.123524
6.55731,6.47357,-0.0903684
6.49651,7.46659,-0.214484
6.35398,8.53194,-0.389328
6.26556,9.58545,-0.392615
6.18744,10.6383,-0.554717
6.01959,11.6495,-0.691702
6.04931,12.6459,-0.7863
6.19926,13.6323,-0.94326
6.42734,14.5752,-0.913434
6.49799,15.5988,-0.929789
6.70881,16.2796,-0.256145
6.76882,17.2484,-0.517203
7.02823,18.0173,0.0653371
7.03695,19.0018,0.133232
7.91072,0.0165563,-0.0568773
7.8968,1.07883,-0.129405
7.88792,2.16519,0.0120487
7.82891,3.21169,0.00671102
7.75974,4.27766,-0.00905789
7.60519,5.29844,0.0915922
7.56866,6.28754,-0.153331
7.50476,7.30791,-0.222623
7.35225,8.35541,-0.155208
7.32608,9.38944,-0.320844
7.20037,10.3547,-0.638673
7.03528,11.3806,-0.497055
7.12239,12.3387,-0.752339
7.20005,13.3489,-0.763521
7.39748,14.3431,-0.932105
7.51605,15.3026,-0.695328
7.7302,16.2239,-0.17178
7.82408,17.226,-0.331385
8.06935,18.1645,-0.191159
7.99326,19.0319,0.379308
8.90896,-0.0720939,-0.218784
8.93044,0.997732,-0.207364
8.85723,2.00221,-0.389883
8.87798,3.05587,-0.155705
8.74941,4.10914,0.0322489
8.65956,5.11271,0.0707938
8.57447,6.11986,0.0535478
8.55244,7.15498,-0.134303
8.4128,8.19173,-0.154707
8.36304,9.17645,-0.249696
8.24653,10.1245,-0.522263
8.07162,11.1766,-0.410627
8.16861,12.1708,-0.49722
8.23894,13.2007,-0.705847
8.42181,14.165,-0.726832
8.56153,15.1625,-0.498413
8.77166,16.1218,-0.221067
8.84934,17.1049,-0.301236
9.0678,18.0721,-0.00893277
9.00262,19.0083,0.311258
9.94733,-0.131321,-0.220734
9.91568,0.895611,-0.214963
9.82849,1.93498,-0.223261
9.85978,2.93601,-0.24727
9.75374,3.97114,-0.1206
9.68055,4.99552,-0.0653554
9.66947,6.03108,0.135035
9.56273,7.05966,0.0839839
9.46142,8.06256,-0.151314
9.4138,9.13622,-0.250261
9.36868,10.1072,-0.431343
9.13406,11.1249,-0.539473
9.22001,12.0956,-0.503604
9.25347,13.1074,-0.595242
9.46127,14.0862,-0.463573
9.60295,15.0813,-0.369182
9.79461,16.1019,-0.36614
9.86771,17.0975,-0.274801
10.0548,18.1542,-0.148857
10.0749,19.0631,0.25634
10.9648,-0.00463271,-0.13679
10.9018,0.996451,-0.0783868
10.7934,2.00077,0.0660451
10.8956,2.93009,-0.255422
10.7817,3.98019,-0.218061
10.6834,4.9735,-0.0794397
10.6807,6.00806,0.010596
10.5951,6.9793,-0.0310678
10.5607,7.99995,-0.282092
10.4976,9.02125,-0.247166
10.4194,10.0291,-0.341377
10.2307,11.0463,-0.54846
10.305,12.1056,-0.555675
10.3335,13.0691,-0.429655
10.4714,14.0736,-0.32552
10.6469,15.1089,-0.379278
10.8024,16.091,-0.276131
10.884,17.0675,-0.227961
11.0535,18.1171,-0.0670644
11.0641,19.0502,0.344185
11.9862,-0.0268685,-0.137468
11.9301,1.00908,-0.183355
11.821,1.99601,0.0984954
11.8928,2.98747,-0.0412702
11.7854,4.00445,-0.231288
11.7425,4.97256,0.0542772
11.7101,5.9911,0.146138
11.6832,6.98144,-0.203992
11.5891,8.01871,-0.00813623
11.5346,9.01757,-0.273363
11.501,10.0185,-0.391385
11.3239,11.0493,-0.373281
11.401,12.0525,-0.628498
11.4215,13.0177,-0.448164
11.585,14.0765,-0.342576
11.6687,15.0493,-0.36979
11.7914,16.0229,-0.0716819
11.8886,17.0189,-0.0547288
12.0567,17.994,-0.063921
12.05,19.0523,0.000344859
12.9567,0.0448134,0.229395
12.9384,0.99935,-0.213138
12.8613,2.02602,0.0100467
12.9168,3.011,-0.110965
12.7407,4.02669,0.059563
12.7484,5.06984,-0.103732
12.8099,6.08834,0.0345134
12.6828,7.14265,0.0702078
12.6555,8.13622,-0.0664815
12.6018,9.11514,-0.189038
12.6076,10.143,-0.229246
12.4618,11.0859,-0.528504
12.5265,12.1206,-0.565374
12.5308,13.0937,-0.206803
12.6611,14.0805,-0.253209
12.7427,15.0726,-0.459111
12.8083,15.9734,-0.111914
12.9008,16.9644,0.0409803
13.0669,18.0213,-0.068746
13.0488,19.0554,-0.0535142
14.0057,-0.0211127,0.123209
13.9141,1.01331,0.0899258
13.8966,1.99845,0.21359
13.8564,2.98755,0.19555
13.8139,4.03771,0.147899
13.791,5.03487,-0.0776971
13.8076,6.05996,0.0268319
13.6673,7.03788,-0.120594
13.7258,8.05536,-0.0112156
13.6267,9.07727,-0.162908
13.6978,10.1026,-0.118723
13.508,11.0989,-0.327393
13.6159,12.0975,-0.478692
13.6322,13.1144,-0.322065
13.6901,14.1219,-0.369991
13.7564,15.1049,-0.533518
13.8068,15.9279,0.0116306
13.945,16.918,0.22783
14.0457,17.9233,0.243275
13.9804,18.9437,0.237739
15.0092,-0.0114872,0.0421705
14.9323,0.971303,-0.0704459
14.9037,1.99333,0.143117
14.8832,2.99073,0.0580706
14.8701,4.05565,0.0354228
14.8484,5.04541,-0.195505
14.8623,6.04606,0.0896054
14.7471,7.02196,-0.207224
14.7796,8.06167,0.0266732
14.6923,9.06767,-0.142286
14.7941,10.0872,-0.288095
14.5797,11.0839,-0.3541
14.65,12.0766,-0.468838
14.6701,13.0882,-0.408417
14.7385,14.0891,-0.360131
14.7713,15.1192,-0.331364
14.8502,16.0904,0.0153111
14.932,17.0712,0.30105
15.042,18.099,0.286068
14.9955,19.1267,0.303168
16.0443,-0.141569,0.0161626
15.9279,0.921888,-0.198605
15.9055,1.9327,0.0012421
15.8725,2.98169,-0.181771
15.8944,3.96839,0.055916
15.9565,4.95398,-0.111167
15.8646,5.99591,0.0103641
15.7889,7.02396,-0.324409
15.8725,7.97447,-0.129435
15.8192,9.05248,-0.134034
15.8563,10.0959,-0.289279
15.653,11.0982,-0.24673
15.776,12.107,-0.399576
15.7174,13.1298,-0.293078
15.7819,14.1509,-0.280605
15.7646,15.118,-0.0276559
15.8768,16.0882,-0.0502853
15.9817,17.0389,0.349223
16.0386,18.0317,0.416541
15.9765,19.0306,0.218867
17.0097,0.0681417,-0.0881069
16.9241,1.04011,0.0842311
16.934,2.05712,0.228047
16.8835,3.05655,0.18876
16.9001,4.13787,-0.0751335
17.0257,5.12715,-0.193173
16.8802,6.09987,0.0210211
16.9058,7.04735,-0.264657
16.882,8.02314,0.000305185
16.8684,9.01798,-0.181823
16.8765,10.0346,-0.263833
16.7087,11.0103,-0.187469
16.8057,12.0563,-0.241804
16.7674,13.0717,-0.261715
16.8049,14.0626,-0.33759
16.7843,15.0398,-0.00899991
16.9846,16.0091,0.0395581
16.9703,17.0407,0.162801
17.0716,18.0881,0.284011
16.994,19.071,0.206604
18.0352,-0.0486679,-0.0285195
17.9322,0.945177,0.236946
17.9733,1.98278,0.137834
17.9433,2.99099,0.251045
17.9141,3.94175,-0.0034669
18.0251,4.97491,0.0391675
17.9512,5.98035,-0.192026
17.9011,6.9954,-0.0947356
17.9452,8.03433,-0.0672475
17.9001,8.99024,-0.437486
17.9465,9.97621,-0.192129
17.8301,10.9959,-0.139882
17.8998,11.9842,-0.0930387
17.8308,13.0254,-0.245708
17.8914,14.0572,-0.357448
17.8616,14.9972,0.0293252
17.9985,15.9903,0.117469
18.0424,16.9648,0.185794
18.1154,17.9548,0.387884
17.9867,18.9626,0.403107
19.0389,0.0123692,-0.127729
18.9547,0.983755,0.0357097
18.9806,1.97626,0.0389569
18.9515,2.96225,0.112226
18.9024,3.96971,0.134175
19.0027,4.93793,-0.102622
19.0105,5.97473,-0.233943
18.9582,6.98172,-0.165407
19.0024,8.01566,-0.251097
18.9871,9.01378,-0.40022
19.0186,10.0115,-0.280181
18.9094,10.9978,-0.124677
18.9869,12.0078,0.0400769
18.9258,12.9619,-0.217603
18.957,14.0319,-0.230464
18.9422,15.0274,0.0621235
19.0299,16.0503,0.220801
18.9739,16.9882,0.476946
19.1316,17.9636,0.314026
18.9992,18.9845,0.272161
