0.00695517,0.00412915,0.0238563
1.00296,0.0307047,0.0550768
1.99002,-0.00154118,-0.19418
2.99391,0.0209418,-0.0468093
3.99524,0.00247505,0.217264
4.99038,-0.015125,0.218146
5.95968,0.0189184,-0.0293802
7.04425,-0.0158269,-0.0552019
8.01845,0.0239814,0.102274
8.98052,-0.0177526,-0.20809
9.88389,0.00376293,0.216385
10.922,-0.00580157,0.171291
11.9415,0.0308481,-0.0878628
12.9986,0.0159215,-0.220743
14.066,-0.00250557,-0.0758538
15.0849,-9.15555e-05,-0.119388
16.0661,0.0331553,-0.172265
17.0506,-0.0256996,-0.212729
18.0474,0.0133824,-0.0520981
19.0188,-0.0119877,-0.17799
-0.0138737,1.03836,-0.0493057
0.932228,1.04108,0.181784
1.93407,1.04033,0.00191046
2.97383,1.0344,0.132908
3.92269,0.898517,-0.168941
4.93518,0.986953,-0.0683218
5.91613,1.06934,0.0150487
6.93416,0.982705,-0.107929
7.96449,1.04406,-0.128126
9.00712,0.974722,-0.0683462
10.0159,0.971654,-0.0261666
10.9876,1.02548,0.142613
11.9818,1.00978,-0.201617
13.038,0.991543,-0.0253639
13.9772,0.953914,-0.396365
14.9914,0.952947,-0.366222
15.9589,1.04457,-0.207767
16.9745,0.985009,-0.173797
17.9524,1.06478,-0.254952
18.979,1.01925,-0.0664449
-0.0122654,2.02287,-0.148305
0.953343,2.0265,0.148454
2.01619,2.02169,0.215177
2.97103,2.03894,-0.0813318
3.99153,1.96572,0.0289987
4.96182,1.95661,-0.182373
5.99412,2.04931,-0.0694754
6.94753,2.01776,0.205158
7.98425,2.01057,0.069161
9.02481,1.99089,0.105939
10.0675,1.98339,-0.165194
11.0964,1.99803,-0.141569
12.157,2.00944,-0.092938
13.1542,1.93202,0.149635
14.0958,1.91173,-0.130396
15.0481,1.90853,-0.207752
16.0341,2.05878,-0.253716
16.9387,1.86404,0.295093
17.9547,1.96504,0.176321
18.9563,2.0371,0.0744377
0.00567034,3.01603,-0.13242
0.998975,3.0471,0.154357
1.93647,2.94592,-0.15782
2.94807,3.07077,-0.192944
3.85639,2.93498,0.197403
4.89112,2.96842,0.094998
5.94508,3.06966,0.0263161
6.95619,2.98263,-0.083694
7.94082,3.02804,0.0238533
8.91578,3.02208,-0.102951
9.93512,3.00174,-0.0869106
10.929,3.01592,-0.063741
11.9948,3.06542,-0.0208289
13.013,2.937,-0.146928
14.0194,2.92878,-0.129548
15.0236,2.8886,-0.050502
16.0057,3.0733,-0.26513
16.9561,2.93462,0.060213
17.9701,2.99236,0.0587085
18.98,3.02447,-0.212662
-0.0329997,3.96547,0.182046
1.00844,4.04517,0.0186407
1.98346,3.884,0.0916257
2.94964,4.07786,-0.0743187
3.90636,3.95734,0.0316752
4.85902,3.96931,0.309772
5.88423,4.06328,0.190866
6.88424,3.98773,-0.0261269
7.88701,4.05311,0.0609363
8.84707,4.06485,-0.181884
9.87059,3.9801,-0.291147
10.8685,4.00733,-0.205216
11.9437,4.01988,-0.246171
12.9482,3.96275,-0.201169
13.9858,3.92941,-0.237947
14.9649,3.9067,-0.239106
15.9729,4.00965,0.0673391
16.9771,3.93489,-0.00614643
17.9775,4.00714,0.0839473
18.9901,4.03381,0.0593432
0.0194708,5.01169,0.0789392
1.12553,5.02961,-0.00362255
2.1083,4.87144,0.205634
3.1183,5.00934,0.228282
4.0977,5.00139,0.150029
5.10448,4.90575,0.0287576
6.05524,5.07216,0.213654
7.06088,4.89018,0.366793
7.91017,5.02962,-0.15352
8.8998,5.0481,-0.0449904
9.95404,4.92721,0.0350505
10.9314,5.01889,-0.210117
11.9651,5.05356,-0.271068
12.9752,4.94837,-0.409857
13.9121,4.9647,-0.0682272
14.9091,4.9395,-0.288635
15.9683,4.96437,-0.271957
16.9901,4.94881,-0.0589282
17.9991,4.97673,-0.0567064
18.9956,5.06992,0.218903
0.0255501,6.00807,-0.202405
1.01295,6.0051,0.20267
2.0388,5.89184,0.24908
2.97241,6.01876,-0.0658223
4.01753,6.01412,0.0251076
5.06263,5.99063,0.0865291
6.03951,6.08074,0.244978
7.03533,5.89838,0.350386
8.03788,6.04898,0.159139
9.01067,6.05682,-0.125666
10.0158,5.94536,-0.130491
10.9635,5.97721,-0.501633
11.9684,6.04378,-0.184298
12.9652,5.97211,-0.204627
14.0092,5.96046,-0.300165
14.9985,5.92449,-0.156798
15.9976,5.98667,-0.353893
16.9967,5.97589,-0.187619
18.0057,6.01316,-0.171477
18.9945,6.06657,-0.0739525
-0.00974456,6.95789,0.107062
0.981808,6.98476,0.0154881
1.96482,6.91214,0.30336
2.98076,6.99721,0.230833
3.9518,7.02696,0.144523
4.93925,6.98943,0.250819
6.00953,7.07919,0.158538
6.97797,6.94188,0.438499
7.89775,7.02137,0.0873043
8.90151,7.01617,0.0516892
9.92173,6.92709,-0.0926023
10.9729,6.98723,-0.169024
11.9865,7.0943,-0.154714
12.9807,7.00163,-0.30434
13.9928,6.94381,-0.184057
14.9981,6.94091,-0.384964
15.9906,7.02088,-0.195901
16.9676,6.99998,-0.00161443
17.9654,6.96867,0.0777551
18.9588,7.10058,0.113095
0.0266243,7.96568,0.250484
1.00885,8.05282,0.134922
2.00173,7.93871,-0.0574236
2.97151,7.98025,0.175796
3.99907,8.01409,0.0660482
4.96835,8.04992,0.263082
5.96622,8.06618,0.0549089
7.00808,7.94613,0.146214
8.01071,8.02084,0.140452
8.98893,8.02962,0.0717795
9.98813,7.97902,0.0257363
11.0126,7.98519,-0.0797082
12.0635,8.07815,-0.114817
13.0387,8.04283,-0.264541
14.0794,7.96799,-0.131791
15.0766,7.95819,-0.299023
16.0377,8.01215,0.0774041
16.9857,7.99058,-0.315961
18.0341,7.92536,-0.203284
19.0248,8.04966,-0.214841
-0.0174657,8.8895,-0.130079
0.958733,9.07252,-0.081045
1.9619,8.99508,-0.256389
2.96422,8.89293,-0.270272
3.90687,9.03796,0.135142
4.86263,8.96554,-0.145283
5.95926,9.05367,-0.0180792
6.95704,8.95756,0.0156163
8.00045,9.02404,0.0945036
8.96394,9.02935,-0.185604
10.0159,8.93263,-0.133631
11.0191,8.96148,0.151888
12.0615,9.10494,-0.157262
13.1081,9.02065,-0.0120853
14.0933,8.94956,-0.00812098
15.0754,9.03398,-0.145241
16.0894,8.93747,-0.351451
17.1024,9.03457,-0.397003
18.1056,8.98889,-0.237608
19.095,9.00744,-0.376516
-0.0682455,9.86747,-0.293124
0.929273,10.064,-0.273022
1.9168,9.99847,-0.170757
2.95018,9.99361,-0.274859
3.98416,9.95998,-0.286081
5.00856,9.95309,-0.208277
6.03984,10.0529,-0.196335
7.08773,10.0096,-0.111634
8.1347,10.0435,-0.0864101
9.13704,10.0067,-0.289575
10.1415,9.93684,0.0474868
11.0966,9.95918,-0.12852
12.0212,10.093,0.247572
12.9992,9.99808,-0.0848659
14.0143,10.0093,-0.193402
15.0156,10.0283,-0.0926878
15.999,9.95671,-0.310166
16.9719,10.0007,0.0532426
17.9715,9.99517,-0.217658
18.9739,9.98623,-0.123334
0.0152013,10.8765,-0.232957
1.01474,11.0701,-0.339351
2.02223,11.0333,-0.248991
2.95621,10.9151,-0.623524
3.92069,10.9989,-0.320042
4.91228,10.973,-0.204083
5.93513,11.1045,-0.216727
6.96604,11.0043,-0.218735
7.93417,11.0684,0.00579546
8.95001,10.9755,-0.185
9.88147,10.9562,0.181585
10.8542,10.9249,0.105887
11.8928,11.0569,0.0585314
12.8694,10.9389,0.232673
13.8404,11.0558,-0.105625
14.8594,11.0463,-0.150661
15.8679,10.986,-0.23455
16.936,11.0125,-0.137458
17.9651,11.0039,0.0158361
18.9781,10.9525,0.121476
-0.0591784,11.8753,-0.263952
0.919813,11.9556,0.0969115
1.84696,11.9909,-0.305866
2.82582,11.935,-0.450676
3.81187,11.9808,-0.230601
4.84027,11.9697,-0.0951323
5.85739,12.0698,0.0679678
6.88155,11.9294,0.130311
7.88137,12.0573,0.259322
8.87899,11.9789,0.107407
9.85606,11.9839,0.0554094
10.8416,11.9322,0.2579
11.8781,11.9719,0.474868
12.8875,11.9524,0.263143
13.8686,12.0628,0.306458
14.8753,12.0295,0.228468
15.9086,11.9626,0.10886
16.9093,12.0222,-0.195862
17.8763,11.9601,0.145317
18.8814,11.9177,0.00459914
-0.00490127,12.8573,-0.206091
1.00171,12.9703,0.0138951
1.99521,13.0202,0.0500595
2.97143,12.8871,-0.182745
3.98241,12.9294,-0.422495
4.96414,12.9589,-0.1241
5.95537,13.0498,0.0030549
6.97663,12.9202,0.0153356
7.98022,12.9523,-0.18883
8.79348,12.9704,0.371157
9.82134,13.0357,0.143529
10.8421,12.9762,0.236689
11.8573,12.9673,0.237834
12.864,12.9424,0.230503
13.8742,13.0768,0.25576
14.9034,13.0148,0.10762
15.8949,12.9903,0.0233528
16.9141,13.0882,-0.0958647
17.9074,12.9172,0.0385693
18.9492,12.9524,0.018479
0.0209571,13.8956,-0.0300333
1.02382,14.0065,-0.0455397
2.03281,14.0567,0.121598
3.04215,13.8841,-0.11428
3.98287,13.9376,-0.425034
5.0313,13.9399,-0.298343
6.0398,14.0278,-0.241731
7.0158,13.9796,0.109558
8.02969,13.9796,-0.0860469
9.05289,13.958,0.102029
10.0406,13.9614,-0.242128
10.929,13.9854,0.255266
11.9826,13.9512,0.31699
12.9711,13.9056,0.378698
13.9585,14.1119,0.377786
14.9743,13.9547,0.505023
16.0021,14.0137,0.232756
17.0037,14.0178,0.179208
18.0092,13.9485,0.103287
18.9947,13.971,-0.0496841
0.0466872,14.9567,-0.156261
1.0108,14.9891,-0.331614
2.01364,14.978,-0.251173
2.96077,14.8728,0.0264931
3.944,14.9245,-0.180706
4.93507,14.9699,-0.301523
5.95916,15.0461,-0.338179
7.0294,14.9417,-0.182723
8.03635,15.0387,-0.139537
9.02048,14.9235,-0.0642506
10.0211,14.9633,-0.178866
11.0564,14.9976,-0.0543779
11.9907,14.9343,0.272893
13.0173,14.9504,0.435905
13.9999,15.1077,0.212952
14.9941,14.9855,0.26946
15.9711,15.046,0.211045
16.9414,15.0115,0.025016
17.9646,14.9723,0.125092
18.9755,14.958,0.171685
0.0213599,15.9206,0.0884152
0.973171,16.0362,-0.156233
1.99747,15.9745,-0.0530717
3.04406,15.9368,-0.017539
4.02496,15.9358,-0.234983
5.03268,16.0075,-0.356709
6.01014,16.0018,-0.57954
6.92657,15.9968,-0.223441
7.96316,16.0554,-0.112906
8.9491,15.9349,-0.0353343
9.95397,15.9792,0.00269784
10.9351,16.0134,0.211591
11.9934,15.9559,0.322779
12.9376,16.0015,0.624281
13.9501,16.0449,0.580248
14.89,15.9697,0.0857631
15.8779,16.0181,0.250029
16.9372,16.0228,0.290875
17.9591,15.9752,0.122578
18.9939,16.0289,0.213541
0.0376843,16.9138,-0.0859462
1.0448,17.0248,0.0242103
2.02246,17.0049,-0.107282
3.05057,16.9746,0.0409284
4.03882,16.9618,-0.139552
5.03189,16.9894,-0.087933
5.94919,16.9625,-0.418262
6.9281,17.0389,-0.27926
7.94328,17.0652,-0.184832
8.9849,16.9726,0.0276833
9.97279,16.9758,-0.11887
10.9014,17.0575,0.31536
11.9593,16.933,0.288937
12.9398,16.9714,0.300079
13.941,17.0421,0.597299
14.9059,16.9678,0.29277
15.9237,17.0279,0.357952
16.9254,17.01,0.132032
17.9324,16.9845,-0.173952
18.9754,16.9919,-0.11193
0.0162755,17.9663,0.11128
1.02226,18.0663,0.0814875
2.03628,17.9757,0.00424818
3.04256,18.0104,0.00499588
4.064,17.9699,0.0295297
5.05381,17.9802,0.0333171
5.9926,18.0242,-0.395215
7.03521,18.0306,-0.425266
8.02275,18.0526,-0.222031
9.03981,17.9915,-0.150063
10.0222,17.9814,0.0384838
10.9869,18.0636,0.39172
12.04,17.9529,0.268758
13.0348,17.9421,0.426337
14.0051,18.0063,0.329588
14.9979,17.9515,0.125608
16.0324,18.0744,0.295911
17.0455,18.0446,0.218467
17.9889,17.9773,-0.0207221
19.0519,17.9672,-0.26292
0.0671865,19.0102,0.144063
0.984002,19.0311,-0.297751
1.96187,18.996,-0.0601184
2.9778,19.016,-0.0393414
4.01811,18.9576,0.0676748
4.99643,18.9806,0.178326
5.99408,18.9704,0.0450728
7.04277,18.9901,0.0183264
8.05788,19.0212,0.189166
9.07793,18.9638,0.182589
10.0838,19.0218,0.210724
11.0693,18.9921,0.0808557
12.0808,19.0087,0.0738853
13.071,18.9783,0.166491
14.0513,19.0177,0.138823
15.041,19.0017,0.225968
16.0406,19.0733,0.315671
17.0571,19.0534,0.342537
18.0549,19.003,0.2095
19.0276,18.9761,0.0347606
