0.818247,1.09966,-0.192965
0.16205,1.74724,0.200473
0.17886,2.55136,-0.390133
0.468194,3.39025,0.132167
0.0327647,4.26099,0.340526
0.0954039,5.19466,0.707526
0.252712,6.14712,0.336198
0.25403,7.00519,-0.18778
0.204526,7.96972,0.0271279
0.962786,7.90073,-0.637007
1.78662,1.17757,-0.0714042
0.874496,1.39496,-0.447993
1.13149,2.34287,-0.12371
1.38641,3.34656,-0.273522
0.977566,4.14098,0.118854
1.02608,5.16762,0.355849
1.26827,6.17007,0.392273
1.28846,7.00254,-0.229539
1.0323,7.60478,0.521894
1.68004,8.19312,-0.037962
2.68889,0.716993,-0.0520676
1.82243,1.15926,-0.30701
2.07442,2.14034,-0.30734
2.18945,3.03955,0.269594
1.87134,3.94414,0.582656
1.97632,4.85638,0.237541
2.24318,5.88088,0.251778
2.26395,6.74065,-0.277816
2.08869,7.54498,0.354659
2.49292,8.46784,0.539412
3.52999,0.992026,0.42421
2.86221,1.11362,-0.313062
3.02561,2.06885,-0.675539
3.07932,2.9597,-0.253951
2.83145,3.85152,0.232182
3.00646,4.81221,0.34182
3.22804,5.80796,0.383273
3.23287,6.74427,-0.0366131
2.97271,7.75667,-0.0428694
3.01892,8.70465,-0.284283
3.56317,0.0739189,0.016184
3.85759,1.05659,-0.0619098
3.8616,2.06472,-0.0764
3.91263,3.05409,0.314765
3.78258,3.99292,-0.0810144
3.99218,5.00155,0.11684
3.99805,5.95389,-0.195749
4.25325,6.9123,0.090173
4.02388,7.82657,-0.198334
3.96329,8.75321,0.107144
4.55529,0.0942808,0.0982665
4.84482,1.06719,-0.116193
4.83975,2.07018,-0.29747
4.90005,2.96983,0.15912
4.75927,3.97171,0.271355
5.00924,4.92615,-0.0313242
5.00262,5.83601,-0.425166
5.08367,6.85369,-0.494769
5.04112,7.86443,-0.419471
4.89502,8.39098,0.457561
5.54887,0.229273,-0.143052
5.81632,1.18546,-0.332246
5.78389,2.13457,-0.0324839
5.90834,3.08945,0.322584
5.75161,4.08318,0.215155
5.87532,4.80416,-0.45736
5.98191,5.76512,-0.17976
6.14776,6.79542,-0.279019
5.88558,7.68719,0.0860286
5.55604,8.54994,-0.261263
6.43236,0.381542,-0.638441
6.87013,1.17727,-0.24807
6.85284,2.21365,-0.144679
6.93018,3.08114,0.428501
6.76371,4.07382,0.328462
6.74107,5.03134,0.0069277
6.93501,6.00282,-0.124131
7.15153,6.98069,-0.0430006
6.8491,7.85647,0.309259
6.533,8.47294,-0.371783
6.88263,0.873205,0.13697
7.73355,1.41519,0.165862
7.70909,2.45661,0.277548
7.72599,3.40342,-0.0921934
7.48441,4.35722,-0.311328
7.74522,5.23066,0.11612
7.91688,6.00052,-0.497598
8.12201,7.00611,-0.356621
7.56769,7.83221,-0.454006
7.3028,8.44899,0.292749
7.85158,0.659142,0.357997
8.57381,1.26351,0.760079
8.63661,2.21531,0.515857
8.67353,3.23281,0.283789
8.34182,4.16848,0.185446
8.67519,4.95392,-0.294378
8.9304,5.8396,-0.697586
8.55046,6.65538,-1.25069
8.22063,7.06844,-0.360744
7.4536,7.72746,-0.426673
