-0.210801,0.984945,-0.833036
0.0153539,1.47022,-0.0222449
-0.0263253,2.5154,0.121091
-0.0430342,3.50069,-0.0528245
-0.229469,4.4353,-0.346983
-0.0945952,5.47406,-0.171532
-0.108579,6.48333,-0.283334
-0.176803,7.49384,-0.0660329
-0.0966979,8.52046,-0.173983
-0.239747,9.34862,-0.724454
-0.157128,10.3397,-0.801538
-0.10076,11.3283,-0.492892
-0.254878,12.3275,-0.61753
-0.212162,13.3394,-0.801846
-0.189111,14.3108,-1.07394
-0.133534,15.3664,-0.977303
-0.188409,16.3196,-0.612543
-0.285485,17.2515,-0.175472
-0.136024,18.2343,0.0561815
0.0594958,19.2318,0.102594
0.040199,20.1179,-0.370128
-0.219156,21.0198,0.00813929
-0.16256,22.0022,0.321653
-0.123948,22.9839,0.432124
-0.153816,23.8102,-0.120026
-0.193616,24.7782,0.129203
-0.0740867,25.8039,0.163707
0.000463881,26.6641,-0.21106
-0.0884304,27.6695,-0.321964
-0.139583,28.6783,-0.433201
0.748149,1.438,-0.867483
0.956639,1.77137,0.0746055
0.948625,2.75777,0.00849635
0.905744,3.71306,-0.303961
0.793445,4.68138,-0.308371
0.90376,5.68017,-0.0931211
0.833598,6.68741,0.102008
0.837669,7.64215,-0.105487
1.00321,8.62183,-0.151283
0.757735,9.5513,-0.505475
0.794855,10.5889,-0.511228
0.938704,11.5909,-0.621958
0.710709,12.5688,-0.723679
0.810801,13.5476,-0.904382
0.874297,14.4661,-1.23373
0.864888,15.4623,-0.977166
0.81298,16.2649,-0.345528
0.730787,17.1973,0.0331217
0.816871,18.1238,0.396374
0.977676,18.9909,-0.112214
1.10604,20.04,-0.220774
0.823988,20.915,0.259151
0.85222,21.9052,0.223807
0.901059,22.8848,0.337559
0.905374,23.7526,-0.143437
0.833732,24.7471,0.137104
0.929682,25.7539,0.00739463
1.04862,26.7778,0.0193274
0.914536,27.7001,-0.336528
0.852709,28.6977,-0.571279
1.77747,1.48982,-0.673803
1.93516,2.07713,0.117121
1.95613,3.08189,0.0182745
1.87424,4.03297,-0.401163
1.76741,5.01652,-0.247203
1.80896,6.00393,-0.400653
1.88446,6.9338,0.0465377
1.85981,7.94519,0.0742882
1.98273,8.88155,-0.252461
1.71644,9.80884,-0.483364
1.87823,10.8582,-0.582876
1.90541,11.799,-0.862127
1.74192,12.785,-0.930161
1.84619,13.7696,-0.727549
1.93831,14.5436,-1.39634
1.82986,15.5283,-1.21867
1.83029,16.1183,-0.354363
1.74981,17.0121,0.0323801
1.85089,17.9342,0.408356
2.00848,18.8093,-0.0692221
2.08792,19.8131,0.0318247
1.88162,20.7742,0.190991
1.87954,21.8644,0.129795
1.93192,22.8634,0.289746
1.93039,23.6976,-0.232276
1.82065,24.6818,-0.112461
1.90829,25.749,-0.226551
2.07454,26.7175,-0.0328806
1.92986,27.6819,-0.317429
1.84435,28.655,-0.347404
2.82064,1.71966,-0.722141
2.91894,2.26289,0.103751
2.96169,3.26765,0.171404
2.89249,4.2214,-0.170522
2.81581,5.20603,-0.329188
2.76047,6.25059,-0.364574
2.85691,7.22908,-0.188955
2.83624,8.22438,-0.149376
2.95786,9.21388,-0.248039
2.68174,10.1428,-0.5404
2.88397,11.1066,-0.4365
2.97906,11.9798,-0.961278
2.6793,12.9261,-1.34959
2.90956,13.7941,-0.815088
2.93896,14.4848,-1.63338
2.79791,15.29,-1.03702
2.8587,16.1055,-0.380154
2.76357,17.054,0.0333964
2.88191,18.0203,0.241646
3.02392,18.9504,-0.191623
3.111,19.8679,0.120566
2.87388,20.8212,-0.0985229
2.89456,21.7112,0.316254
2.90603,22.6752,0.0509232
2.98151,23.6405,-0.13441
2.85017,24.6224,-0.175097
2.88731,25.5796,-0.49295
3.01184,26.6121,-0.403858
2.93606,27.6071,-0.457439
2.81442,28.6471,-0.606958
3.93439,1.81042,-0.681188
3.80743,2.67295,-0.200681
3.96285,3.64654,0.0941313
3.76823,4.65445,0.0202826
3.81361,5.5513,-0.436457
3.75602,6.49554,-0.100409
3.81509,7.4654,-0.327747
3.83622,8.45689,-0.257515
3.91364,9.446,-0.53639
3.73415,10.428,-0.557448
3.80128,11.4868,-0.56325
3.93177,12.312,-1.22414
3.66525,13.2388,-1.58117
3.96592,14.0145,-0.985772
3.98403,14.6613,-1.77163
3.82598,15.3476,-1.05586
3.85855,16.1081,-0.456331
3.76839,17.0238,-0.0148656
3.90303,18.0089,0.157573
4.05132,18.8749,-0.307495
4.11168,19.7847,0.0850581
3.91256,20.7425,-0.024781
3.92316,21.6763,0.343275
3.94445,22.6324,0.107636
3.96706,23.6827,-0.0091525
3.82999,24.5701,-0.356304
3.96451,25.5111,-0.619013
4.05041,26.5098,-0.371764
3.97742,27.5381,-0.397351
3.80733,28.5518,-0.482958
4.98977,2.00113,-0.645402
4.81459,2.81151,-0.068041
4.94644,3.81819,-0.00457167
4.8003,4.8393,-0.0105502
4.81607,5.72404,-0.461364
4.78795,6.66551,-0.170794
4.80993,7.64858,-0.21044
4.90448,8.63789,-0.298141
4.94844,9.59242,-0.456816
4.79595,10.5537,-0.662505
4.73701,11.5049,-0.995132
4.93411,12.36,-1.44141
4.74252,13.266,-1.82074
4.93008,13.9863,-1.18823
5.05159,14.8076,-1.75278
4.81066,15.458,-1.02623
4.86948,16.2463,-0.333927
4.76443,17.1265,0.165819
4.88962,18.0847,0.479162
5.10957,18.6828,-0.319074
5.13406,19.624,0.0250252
4.87784,20.5996,-0.0439253
4.88632,21.5887,0.0601276
4.96873,22.6034,0.0505417
4.98718,23.6438,0.188501
4.83551,24.4498,-0.432301
4.96736,25.4342,-0.505179
5.05126,26.4429,-0.552098
4.98371,27.3935,-0.209006
4.79822,28.4238,-0.293551
5.94924,2.21079,-0.411859
5.80891,3.12121,-0.0625721
5.87776,4.05314,0.34026
5.78821,4.92809,-0.137892
5.83837,5.89125,-0.390948
5.76706,6.88462,-0.273132
5.82105,7.89076,-0.386077
5.91466,8.85911,-0.486068
5.92115,9.80976,-0.794971
5.81232,10.8131,-0.598212
5.71264,11.7298,-0.94738
6.00671,12.549,-1.45971
5.79256,13.3913,-1.98349
5.92427,13.9422,-1.16247
6.09302,14.6395,-1.85608
5.88228,15.4298,-1.31109
5.85084,16.2708,-0.730967
5.78943,16.7801,0.13563
5.87211,17.8077,0.104923
6.1223,18.8621,-0.102832
6.11398,19.687,0.439567
5.87852,20.6051,0.121116
5.83093,21.595,0.340989
6.03172,22.5517,0.135307
5.99958,23.5482,0.073693
5.82889,24.5139,-0.206473
6.01465,25.4298,-0.539445
6.0021,26.411,-0.853001
5.98643,27.2625,-0.374606
5.75948,28.1728,-0.0364269
6.93407,2.48598,-0.504569
6.8284,3.47967,-0.219742
6.89558,4.21831,0.420215
6.80102,5.05653,-0.163988
6.85704,6.01646,-0.519758
6.80356,6.99038,-0.593088
6.89893,8.02066,-0.462093
6.90695,9.04372,-0.588241
6.91637,9.95089,-1.00684
6.84368,10.8495,-0.579595
6.75399,11.7671,-1.01115
6.99768,12.6681,-1.4799
6.82898,13.4618,-2.05933
6.92244,14.041,-1.22569
7.10979,14.7534,-1.91515
6.98798,15.5401,-1.29375
6.89003,16.3511,-0.753795
6.82115,16.7711,0.177425
6.90652,17.7177,-0.144362
7.14681,18.6755,0.0138615
7.13197,19.6411,0.343562
6.86957,20.5672,0.17839
6.77197,21.5645,0.0354808
7.03345,22.5325,0.211682
7.03323,23.5438,0.00835902
6.79927,24.5074,-0.223676
7.02447,25.4226,-0.519514
7.02042,26.4424,-0.72689
7.01152,27.3554,-0.353117
6.80955,28.2509,0.115232
7.92927,2.57639,-0.22233
7.84915,3.56684,-0.164434
7.89368,4.46828,0.368825
7.78945,5.39442,-0.0578112
7.87479,6.30959,-0.420573
7.79626,7.3097,-0.582809
7.84555,8.30706,-0.824363
7.89565,9.308,-0.878112
7.88151,10.3414,-1.0589
7.85227,11.1879,-0.512754
7.77057,12.0615,-1.00299
7.94105,12.9707,-1.40351
7.80228,13.8052,-2.03466
7.89368,14.1972,-1.15194
8.10054,14.6235,-2.05275
7.9746,15.214,-1.29275
7.86341,16.1831,-1.13762
7.67158,16.7776,-0.360253
7.93807,17.7089,-0.159954
8.1723,18.6926,-0.250606
8.17385,19.5952,0.150319
7.89669,20.5598,0.175903
7.75746,21.5742,-0.0333659
8.06544,22.4022,0.462191
8.05289,23.2898,-0.0137974
7.7947,24.3048,-0.0899075
8.05481,25.25,-0.407917
7.9222,26.2077,-0.297455
8.01332,27.3111,-0.327979
7.83356,28.3181,-0.117582
8.94188,2.79914,-0.0124943
8.82878,3.77858,-0.16606
8.9226,4.5739,0.416895
8.80532,5.47941,0.0236793
8.91157,6.40939,-0.415497
8.78668,7.41496,-0.553597
8.85612,8.43139,-0.732249
8.98499,9.38655,-0.951262
8.91984,10.4516,-0.990579
8.91144,11.4319,-0.70853
8.72054,12.4123,-1.10114
8.87859,13.4493,-1.25621
8.85669,13.8469,-2.21094
8.86603,14.3773,-1.34501
9.08643,14.4924,-2.34225
8.98518,15.1464,-1.55527
8.8986,16.0161,-1.08689
8.68658,16.7993,-0.476421
8.96912,17.6815,-0.0511856
9.15935,18.6458,-0.273595
9.20703,19.5828,0.137431
8.88711,20.4973,-0.200064
8.79413,21.5096,-0.00735496
9.05691,22.5019,0.14095
9.07168,23.44,-0.291058
8.76373,24.4033,-0.0414441
9.06324,25.3035,-0.289837
8.97801,26.2907,-0.426691
9.06831,27.3157,-0.439619
8.86007,28.2766,-0.162822
9.9744,2.75507,-0.0593249
9.79859,3.75512,0.127046
9.90154,4.73045,0.208814
9.83022,5.70931,0.170351
9.91448,6.58683,-0.26794
9.76242,7.59324,-0.448393
9.83248,8.5985,-0.576547
9.86876,9.57931,-0.42663
9.95009,10.5105,-0.757405
9.97828,11.5312,-0.896365
9.75396,12.5404,-1.01525
9.96317,13.5073,-1.23261
9.86576,13.8065,-2.23954
9.97111,14.468,-1.49619
10.0503,14.7077,-2.45465
10.0165,15.2611,-1.58751
9.91929,16.0086,-0.896893
9.76544,16.9009,-0.465246
9.9413,17.934,-0.443303
10.0828,18.7219,0.176104
10.2782,19.7046,0.104511
9.90045,20.6151,-0.0798669
9.79838,21.5634,0.145399
10.0864,22.4997,0.136766
10.0572,23.5223,0.174111
9.82423,24.4317,-0.184149
10.057,25.3724,-0.60076
10.0497,26.4082,-0.328019
10.0748,27.4655,-0.342491
9.85741,28.3926,-0.182403
10.9625,2.83148,0.145476
10.8177,3.80397,0.244929
10.9344,4.79953,0.197583
10.8435,5.75363,-0.00610065
10.9643,6.6449,-0.441371
10.7615,7.63598,-0.616608
10.9177,8.64087,-0.511554
10.818,9.58366,-0.739625
10.8864,10.6295,-1.00936
11.0255,11.6209,-1.20775
10.8364,12.598,-0.97564
11.0031,13.4987,-1.31499
10.9254,13.7692,-2.30642
10.9972,14.3722,-1.45931
11.1084,14.5668,-2.49684
10.9856,15.325,-1.81762
10.9516,16.0345,-1.10904
10.7816,16.8874,-0.66028
10.9778,17.8818,-0.473177
11.139,18.7294,0.000381481
11.298,19.7116,0.0428694
10.8495,20.6113,0.275445
10.807,21.5997,0.339802
11.1187,22.5711,0.167675
11.0872,23.5484,0.0806207
10.8449,24.4796,-0.145708
11.0861,25.3804,-0.572573
11.0862,26.4128,-0.555904
11.0832,27.3151,-0.0697897
10.9243,28.3363,-0.103815
11.9849,2.85451,0.278127
11.8361,3.85639,0.104593
11.9323,4.83608,0.295666
11.8772,5.8148,0.0677908
12.0052,6.66511,-0.437666
11.8178,7.63562,-0.496646
11.9794,8.6104,-0.510987
11.8436,9.58319,-0.727738
11.9117,10.5333,-0.976907
12.0468,11.5193,-1.19254
11.9239,12.5253,-1.0305
12.0183,13.5373,-1.37983
11.925,13.8864,-2.32604
12.0679,14.4188,-1.48258
12.1531,14.6348,-2.46498
11.9991,15.2197,-1.65005
11.9986,16.105,-1.16124
11.836,16.9908,-0.676949
12.0136,17.8484,-0.239662
12.1238,18.8146,-0.0990783
12.2617,19.8052,0.0470626
11.9033,20.7439,0.303958
11.8113,21.7055,0.0176855
12.1325,22.5413,0.503916
12.0566,23.473,0.212574
11.8243,24.4433,0.180569
11.9924,25.4279,-0.0517045
12.0459,26.2294,-0.618091
12.0011,27.2128,-0.538444
11.9291,27.9911,0.0737877
12.9433,3.13169,0.611924
12.8099,3.88843,0.0189673
12.9247,4.89859,0.0711631
12.9131,5.89356,0.136384
13.0611,6.81614,-0.254164
12.8686,7.80603,-0.455852
12.954,8.81355,-0.448537
12.8969,9.75579,-0.795358
12.9238,10.7495,-1.06769
13.0333,11.7564,-1.16084
12.9109,12.7264,-0.812668
13.019,13.582,-1.34475
12.9443,13.9633,-2.30303
13.1764,14.3237,-1.40909
13.2162,14.4684,-2.36297
13.0153,15.1215,-1.58696
13.0588,16.0171,-1.14581
12.8321,16.9784,-0.847307
13.0094,17.941,-0.480935
13.1305,18.8785,-0.103912
13.2583,19.8889,-0.123878
12.9123,20.824,0.152321
12.8614,21.8382,-0.0577929
13.1451,22.6041,0.537083
13.0427,23.5719,0.377184
12.8547,24.5289,0.273345
13.0127,25.5159,0.0332011
13.0249,26.2856,-0.584069
13.0111,27.2654,-0.448192
12.9871,28.0591,0.140297
13.9773,3.15203,0.911377
13.8666,3.87573,0.187439
13.954,4.8555,0.119849
14.0275,5.88159,0.0463454
14.1047,6.86827,-0.0117222
13.9055,7.78443,-0.492181
13.9435,8.81845,-0.410758
13.9376,9.74706,-0.811228
13.9913,10.7525,-0.997092
14.052,11.8224,-1.01128
13.9526,12.7902,-0.752165
14.0426,13.6087,-1.30901
14.0156,14.0134,-2.2332
14.2195,14.4633,-1.36443
14.2187,14.6622,-2.32662
14.0303,15.3488,-1.61229
14.0719,16.1476,-0.978115
13.8527,17.1174,-0.874358
14.0313,18.0496,-0.544166
14.1808,18.9102,-0.0028901
14.2554,19.9438,0.0149968
13.938,20.8486,0.158235
13.8315,21.756,-0.282504
14.1399,22.5882,0.228846
14.0498,23.5038,0.649049
13.8798,24.4243,0.336137
14.0231,25.3922,-0.0555895
14.0051,26.3138,-0.388476
13.9877,27.3622,-0.577642
14.0124,27.9598,0.234233
14.9726,3.24115,0.837782
14.9115,3.88207,0.0804559
15.0031,4.86305,0.0975524
15.0654,5.82652,0.068215
15.1258,6.84186,0.0212683
14.897,7.81388,-0.268062
15.0027,8.75056,-0.61753
14.9853,9.72261,-0.77478
15.0082,10.7336,-0.955397
15.0472,11.7427,-0.872414
14.9445,12.7624,-0.94911
15.0476,13.6688,-1.36077
15.0465,13.8299,-2.39649
15.1697,14.4736,-1.64407
15.2056,14.8136,-2.58137
15.0383,15.2944,-1.69296
15.0558,16.2222,-1.22135
14.828,17.2061,-1.07355
15.0407,18.1007,-0.68283
15.167,18.8044,0.025721
15.2523,19.7672,-0.0763115
14.9387,20.6704,0.0543779
14.7426,21.6709,0.177465
15.1616,22.5496,0.492074
15.0423,23.4658,0.736146
14.9376,24.4578,0.542521
15.045,25.4081,0.0993469
14.9178,26.4198,0.0598865
15.0012,27.2885,-0.469945
15.0843,28.0916,0.214686
16.0082,2.94308,0.739137
15.9257,3.87629,0.41746
16.0841,4.77981,-0.0131046
16.0725,5.80865,0.00266732
16.1825,6.82718,0.189398
15.9307,7.71552,-0.182855
16.0122,8.73589,-0.316242
16.0238,9.70965,-0.56411
16.0129,10.674,-0.885675
16.0984,11.6554,-0.938093
15.9138,12.651,-1.25156
16.0781,13.645,-1.37027
16.1322,13.8168,-2.32233
16.2273,14.4333,-1.55211
16.2374,14.7769,-2.50152
16.1034,15.1604,-1.56691
16.0622,16.1463,-1.32438
15.8681,17.0355,-0.890316
16.0293,17.8853,-0.392404
16.0708,18.8746,-0.334101
16.2351,19.8108,0.0150517
15.948,20.7018,0.26072
15.7511,21.6715,0.212928
16.1886,22.5066,0.527891
16.0536,23.4866,0.623518
15.938,24.4845,0.484143
16.0609,25.4323,0.20943
15.9522,26.4297,0.0207343
16.0293,27.2935,-0.447966
16.0849,28.2261,-0.15342
17.0291,3.04631,0.742915
16.939,3.96314,0.285022
17.1258,4.8529,-0.126368
17.1037,5.83353,0.231303
17.2619,6.84728,0.203388
16.9932,7.79328,-0.114026
17.0813,8.84031,-0.221512
17.0587,9.73663,-0.686059
17.0225,10.6622,-0.969091
17.1734,11.7001,-0.929197
16.9779,12.6356,-1.20932
17.0674,13.6497,-1.51199
17.1942,13.8305,-2.5008
17.1816,14.4427,-1.68855
17.2219,14.9225,-2.57952
17.0923,15.4087,-1.70797
17.0409,16.252,-1.24644
16.9533,17.2577,-0.933491
16.9765,18.0295,-0.237867
17.1285,18.9835,-0.210092
17.2319,19.9692,-0.239827
16.945,20.8511,0.0267586
16.7575,21.8034,0.0491073
17.1357,22.6666,0.351164
17.0447,23.5892,0.698785
16.9989,24.6049,0.55074
17.0513,25.6043,0.311667
16.9752,26.6166,0.159761
17.0153,27.5282,-0.206705
17.0728,28.4192,0.2339
18.0064,3.17727,0.825486
17.9251,4.0996,0.47719
18.185,4.81732,-0.202939
18.1384,5.79251,0.112732
18.2477,6.77332,0.323426
18.0783,7.71631,-0.0576617
18.1369,8.6976,-0.257543
18.086,9.70788,-0.604224
18.0813,10.6892,-0.841954
18.2333,11.7225,-0.926716
18.0496,12.7037,-1.20197
18.086,13.7481,-1.36905
18.175,13.82,-2.39786
18.2703,14.5899,-1.75774
18.2496,14.9501,-2.69157
18.0943,15.4537,-1.8539
18.035,16.3969,-1.46192
18.0461,17.3573,-1.0256
17.9677,17.8046,-0.122178
18.17,18.8344,-0.197687
18.1946,19.8466,-0.0568285
17.9621,20.8086,0.123231
17.8428,21.8054,0.0372051
18.1646,22.7211,0.291284
18.0157,23.5924,0.786056
18.0215,24.5404,0.394168
18.0241,25.5068,0.18652
17.9997,26.5374,0.177123
18.0016,27.4713,-0.161739
18.102,28.4508,0.0520676
19.0247,3.17154,0.869301
18.9513,4.06489,0.419178
19.2365,4.85447,-0.0958159
19.1799,5.86567,-0.119364
19.28,6.77059,0.285568
19.158,7.71848,0.0120579
19.1295,8.53388,-0.558531
19.0939,9.58695,-0.689447
19.1618,10.5999,-1.02919
19.2489,11.6204,-1.15676
19.1152,12.6395,-1.20313
19.0754,13.661,-1.49327
19.259,13.9565,-2.43344
19.3231,14.5873,-1.6265
19.2827,14.7615,-2.61144
19.123,15.3585,-1.81635
19.0903,16.3584,-1.56722
19.0695,17.2821,-1.0655
18.9362,18.0634,-0.452663
19.1261,19.0512,-0.526093
19.2247,19.9212,-0.0251625
19.009,20.8937,0.107462
18.8989,21.8839,0.020249
19.2044,22.8037,0.411374
19.0245,23.7637,0.664342
18.9846,24.6251,0.112824
19.0848,25.6333,0.215043
18.9766,26.6038,0.445271
19.034,27.4638,-0.0699026
19.1124,28.4418,-0.167727
20.0219,3.00167,0.803006
19.876,3.72151,0.0994995
20.2286,4.64682,-0.250926
20.1182,5.56429,0.145427
20.159,6.5188,-0.147917
20.1267,7.51651,-0.0417127
20.1692,8.45105,-0.492422
20.1363,9.4252,-0.71981
20.2411,10.4331,-0.902353
20.2965,11.4449,-1.05249
20.1421,12.4412,-1.11765
20.0915,13.3581,-1.5139
20.2779,13.6166,-2.4629
20.2265,14.0603,-1.56184
20.2685,14.5443,-2.42521
20.1212,15.3576,-1.77587
20.1226,16.3531,-1.53997
20.0202,17.3024,-1.28039
19.9565,17.9632,-0.538896
20.1546,18.9473,-0.372774
20.208,19.8712,-0.0397046
19.9842,20.8785,-0.109137
19.9022,21.8804,0.0386212
20.2538,22.8059,0.24662
20.0506,23.726,0.528956
19.9734,24.6609,0.087756
20.004,25.6502,-0.128248
20.057,26.61,0.271114
20.0726,27.4911,-0.174291
20.1227,28.4479,0.0837947
20.9896,2.77851,0.817454
20.9139,3.43302,-0.0171239
21.2301,4.35672,-0.0480483
21.1305,5.32488,0.0877804
21.2234,6.32735,-0.13563
21.1401,7.33155,-0.0128788
21.1442,8.28148,-0.370443
21.1716,9.33694,-0.509186
21.2408,10.2754,-0.866692
21.3553,11.2984,-0.999756
21.1928,12.2999,-1.19426
21.0805,13.2787,-1.31305
21.2459,13.3435,-2.27517
21.2874,14.0986,-1.59086
21.3538,14.5075,-2.48195
21.1169,15.1865,-1.67669
21.1163,16.1352,-1.21772
21.0592,17.1632,-1.11986
20.994,18.0137,-0.620411
21.1474,18.9777,-0.325919
21.2299,19.8963,0.0666036
20.9901,20.8835,-0.0291086
20.8915,21.8196,0.19873
21.2728,22.8372,0.200406
21.056,23.7884,0.624802
20.9515,24.4985,-0.0116916
21.0431,25.5695,-0.00853908
21.0175,26.5638,0.0886471
21.0242,27.5667,0.124998
21.1752,28.5558,0.11167
22.0772,2.52542,0.972716
21.8366,3.13825,0.191943
22.2073,4.04838,-0.0954649
22.1352,5.0742,-0.0408826
22.2409,6.07102,-0.0905759
22.1084,7.08195,0.0970092
22.1972,8.02074,-0.297153
22.1088,8.97256,-0.440947
22.199,9.96565,-0.652394
22.3433,10.9655,-0.847212
22.112,11.9392,-1.13862
21.9966,12.9204,-1.18205
22.2422,13.162,-2.12736
22.2797,13.9092,-1.42547
22.3464,14.3249,-2.37765
22.1671,15.1445,-1.75419
22.1608,16.0529,-1.27139
22.12,17.0777,-1.13561
21.9592,17.8949,-0.592044
22.1207,18.8124,-0.194665
22.2963,19.8258,-0.00362865
21.9356,20.7724,-0.13853
21.9482,21.6825,0.299979
22.2295,22.6596,0.410556
22.0949,23.6474,0.514686
22.0173,24.5242,-0.0928465
21.9952,25.4294,0.314051
22.0442,26.4757,0.171841
22.0411,27.4622,0.0717185
22.2291,28.5029,0.0848415
23.0796,2.44439,1.07727
22.8852,2.97622,0.267742
23.2494,3.86779,-0.0152318
23.1523,4.81158,-0.369381
23.207,5.7987,-0.202768
23.0819,6.78327,-0.0314127
23.2182,7.86327,-0.253001
23.0766,8.80812,-0.55374
23.2023,9.78357,-0.843373
23.3734,10.7211,-0.977178
23.0893,11.6492,-1.09191
23.0128,12.6581,-1.19351
23.2937,13.0084,-2.12125
23.234,13.6332,-1.35214
23.2304,14.4613,-1.91179
23.0968,15.2048,-1.30349
23.1306,16.2144,-1.20831
23.0317,17.1254,-0.774728
23.0013,18.1117,-0.646263
23.2121,18.9623,-0.162026
23.336,19.9429,0.033723
22.9357,20.8755,0.125861
22.9163,21.7382,0.577151
23.2496,22.6213,0.253618
23.1343,23.621,0.393622
23.0115,24.5033,-0.0777947
22.9894,25.4666,0.252678
23.0868,26.4588,0.0816279
23.0108,27.4656,0.234202
23.3356,28.4026,-0.0374676
24.0211,2.05488,0.99631
23.9091,2.89749,0.431529
24.2458,3.56034,-0.263448
24.1154,4.52975,-0.375411
24.1356,5.50793,-0.0241585
24.0652,6.52893,-0.20788
24.1845,7.55447,-0.474123
24.1161,8.51872,-0.576955
24.1468,9.39676,-1.11047
24.2526,10.3399,-0.726432
24.0638,11.2999,-0.967556
24.0386,12.3013,-1.10423
24.3329,12.8716,-1.9017
24.2334,13.4821,-1.14822
24.2254,14.3782,-1.66363
24.1254,15.2365,-1.13394
23.9806,16.1525,-0.637327
24.0819,17.1472,-0.571923
23.9867,18.0918,-0.807459
24.1814,19.0129,-0.434474
24.3576,19.8814,0.0202368
23.9607,20.7751,-0.0260109
23.9579,21.7563,0.269649
24.2236,22.7184,0.0398633
24.1361,23.6909,0.112479
23.9696,24.686,0.0591693
23.9917,25.6414,0.405988
24.1796,26.5321,-0.0144139
24.0426,27.4965,0.340071
24.3013,28.4453,0.156359
25.0043,1.69805,1.08425
24.8938,2.50471,0.476754
25.2589,3.19673,-0.117322
25.086,4.21108,-0.168337
25.1273,5.2657,0.0161351
25.0363,6.27669,-0.0828913
25.1225,7.25079,-0.372417
25.1421,8.26228,-0.615741
25.1166,9.09619,-1.21564
25.2366,10.0482,-0.825587
25.1037,11.0376,-0.725605
24.9664,12.0151,-0.985186
25.2728,12.7728,-1.57436
25.2288,13.5894,-0.936
25.2206,14.4574,-1.46558
25.141,15.3773,-1.13415
25.0373,16.1785,-0.548024
25.0812,17.1659,-0.615778
25.0639,18.1078,-0.913797
25.1903,19.0696,-0.604443
25.2863,20.0051,-0.245042
25.027,20.922,0.00740684
24.9464,21.9018,0.321546
25.2662,22.834,0.0454085
25.0735,23.8368,-0.154537
24.9585,24.8174,-0.0550523
25.0028,25.8053,0.234562
25.1853,26.6939,-0.153825
25.1091,27.5688,0.275249
25.2661,28.54,0.504868
26.07,1.7097,0.950337
25.8558,2.36271,0.196374
26.2534,3.17429,-0.325251
26.1259,4.18135,-0.279159
26.1251,5.12208,0.168163
26.0782,6.07341,-0.125587
26.1546,7.0862,-0.293362
26.1653,8.13994,-0.367403
26.1093,8.90534,-1.04198
26.221,9.8255,-0.656517
26.1376,10.899,-0.605463
25.9017,11.9337,-0.686258
26.2478,12.5391,-1.44044
26.176,13.2953,-0.754946
26.1002,14.2798,-0.973809
26.2077,15.2596,-0.872317
26.0957,16.1867,-0.481219
26.0913,17.1935,-0.417161
26.141,18.0715,-0.897824
26.2041,19.1139,-0.775228
26.3329,19.9414,-0.216916
26.0416,20.859,0.10152
25.9891,21.8682,0.162017
26.2641,22.8281,-0.103186
26.0985,23.8242,-0.0721427
25.9295,24.837,-0.0248787
26.085,25.7933,0.169326
26.1825,26.6679,-0.325517
26.0428,27.6117,-0.0877255
26.2604,28.4998,0.431947
27.0303,1.49869,1.04898
26.8948,2.19423,0.286871
27.2417,2.96898,-0.309253
27.1685,3.95958,-0.304923
27.1087,4.90562,0.0370037
27.1439,5.93714,-0.134462
27.1971,6.96701,-0.151631
27.1524,7.95673,-0.205808
27.0902,8.73265,-0.860829
27.1887,9.65929,-0.56372
27.1665,10.7048,-0.710273
26.8827,11.6416,-0.65399
27.2219,12.3534,-1.23085
27.1513,13.3018,-0.887112
27.1554,14.2654,-1.15689
27.2156,15.2218,-0.780505
27.0932,16.166,-0.415235
27.0873,17.18,-0.427107
27.1288,18.0611,-0.920106
27.1628,19.0129,-0.559676
27.3409,20.0082,-0.373843
27.0344,20.8898,-0.0216437
26.9738,21.985,-0.0658589
27.1923,22.9709,0.228056
27.1226,23.9522,-0.0239418
27.0188,24.9294,-0.0361034
27.1022,25.9214,0.2167
27.1759,26.7607,-0.356197
27.0312,27.7271,-0.0314127
27.3056,28.5106,0.500143
28.0414,1.41176,1.00646
27.9044,2.11361,0.267864
28.221,2.71194,-0.478326
28.1238,3.61431,-0.0696036
28.1137,4.58311,0.0905667
28.1415,5.53725,-0.17824
28.1252,6.50917,0.0851375
28.129,7.54783,-0.192544
28.0778,8.44411,-0.67625
28.1894,9.45976,-0.556175
28.1722,10.4888,-0.646178
27.9282,11.4679,-0.613422
28.2372,12.2813,-1.13313
28.1353,13.233,-0.81088
28.0727,14.2286,-0.801483
28.1659,15.159,-0.470391
28.1006,16.1705,-0.144752
28.1203,17.1172,-0.548259
28.1428,18.0623,-0.862548
28.2036,18.9661,-0.427982
28.3415,19.9706,-0.512668
28.0617,20.8309,-0.0315806
27.9735,21.823,-0.155861
28.1726,22.7785,0.056444
28.1283,23.8122,0.0334758
28.0658,24.8347,0.0103305
28.0651,25.8255,-0.0275521
28.2409,26.771,-0.422849
28.0259,27.7026,-0.100885
28.2682,28.3624,0.608167
29.0678,1.40281,1.11317
28.9379,1.91275,0.195199
29.1727,2.47025,-0.636128
29.1076,3.40337,-0.232679
29.1538,4.30969,0.258324
29.1659,5.32841,0.112705
29.1628,6.41734,0.21464
29.111,7.38955,0.0598071
29.0652,8.20522,-0.480691
29.198,9.18317,-0.383673
29.1302,10.1867,-0.330818
28.97,11.1954,-0.388992
29.1667,12.1486,-0.686651
29.1732,13.1366,-0.848149
29.051,14.1249,-0.6674
29.141,15.1486,-0.631288
29.023,16.133,-0.5468
29.0994,17.091,-0.368145
29.1353,18.0526,-0.612235
29.1747,19.0606,-0.563417
29.3203,20.0722,-0.443287
29.042,20.7605,0.225169
29.0041,21.7961,0.114643
29.2345,22.7852,0.0131687
29.1528,23.7547,-0.196042
29.0698,24.7506,-0.179876
29.0643,25.7957,-0.256536
29.2573,26.7859,-0.277084
29.1122,27.7821,-0.0442305
29.2979,28.531,0.623475
