14.7286,-3.69253,-4.66748
0.287106,-7.3383,0.835817
-3.43865,-4.43975,-7.26734
15.5563,-5.38818,1.59776
7.86175,-10.1976,-16.6563
0.7498,-10.1597,-9.64032
8.55954,-6.23113,6.82253
17.495,9.57754,2.35875
1.38881,15.082,5.38638
-2.7803,12.7208,1.07258
9.02337,-2.38072,-4.28122
4.20238,-3.95286,-2.46844
3.00706,-4.10764,-5.04349
9.37477,-4.9417,-3.45814
7.16442,-6.64021,-9.14082
4.31169,-4.98132,-4.6552
6.74965,-0.868126,1.35614
8.2499,6.99897,1.79089
0.460714,10.314,0.938823
-7.06869,10.218,-3.03689
7.155,1.63646,-6.53654
5.07909,0.0953703,-4.86764
4.31238,-0.859166,-4.69514
6.64119,-1.87312,-3.67076
5.53685,-2.79402,-5.07303
4.21357,-0.496112,-1.98933
4.10085,3.12043,1.26966
2.99578,7.68152,2.99141
-1.23215,10.945,4.05614
-5.71164,13.0539,3.48601
6.11323,5.89655,-9.33944
5.06793,4.05945,-6.82288
4.35479,2.6486,-4.76487
4.82021,1.30649,-2.97649
4.0464,0.817716,-1.96137
3.09581,3.11249,0.584747
2.09109,6.30205,3.22319
0.231928,9.92209,5.55031
-2.72682,13.3588,7.85879
-6.46244,16.7474,10.1915
5.57187,10.2328,-12.7141
4.70395,8.02441,-8.28892
3.90146,6.07539,-4.62362
3.39568,4.51639,-1.66337
2.62629,4.01386,0.612845
2.06026,6.02392,2.88063
0.887429,8.86908,5.39546
-0.72552,12.2111,8.37249
-3.28574,15.7307,11.9543
-8.60033,21.6253,16.7742
5.71652,14.0928,-17.9265
3.80972,11.3311,-6.70262
2.76733,7.9513,-1.88466
1.67436,6.44908,1.07473
1.04879,6.6452,3.24522
1.59727,8.16773,4.64714
2.04324,9.89343,6.02431
2.22867,11.5077,7.5136
2.19886,11.1126,9.12195
5.42033,5.77694,6.21362
-3.37225,26.8494,0.492929
1.49094,9.31592,3.97364
1.68383,5.27855,3.18886
-0.150951,6.97364,4.78283
-0.62754,8.88225,6.10083
1.05443,10.1955,6.48496
3.12517,10.9982,6.62405
5.28473,11.4974,6.87729
7.86978,10.4827,7.94187
9.86677,6.33993,12.9576
9.76059,-26.2053,19.3481
5.32906,-8.09157,11.037
1.21629,0.767971,7.12712
-2.40591,7.47644,8.42621
-2.51908,11.2881,9.04955
0.259038,12.3059,8.217
3.53596,12.7353,6.85792
6.97547,13.0078,5.12605
10.5205,13.9665,2.81783
14.0726,17.6818,-2.59745
-1.45571,-10.8934,-5.71084
5.90402,-6.11472,3.51224
-2.56537,6.45465,2.07502
-6.64825,13.3877,10.7923
-4.85893,14.664,11.852
-1.60406,14.1489,10.2576
1.88576,13.5756,8.52705
5.40611,12.8667,6.71803
9.08128,12.0935,5.03246
12.5996,10.4085,3.63811
8.42288,-12.5078,1.81105
18.5511,-13.8872,9.28208
-9.28441,17.1705,-6.39642
-11.8023,21.5605,18.924
-7.73879,17.9669,15.1375
-3.86454,16.0154,12.3429
-0.120252,14.6137,10.1454
3.51458,13.4023,8.22605
6.88232,12.34,6.60657
9.75302,11.3025,5.13663
