0.037788,0.0214972,-0.0980499
1.05557,-0.0371685,-0.33249
2.10754,-0.00452284,-0.122593
3.10735,-0.0241615,-0.272698
4.06767,0.0214728,-0.270724
5.02457,0.0145054,-0.00332957
5.9843,0.0227546,-0.244972
6.9573,0.0838313,0.0650136
7.98401,0.0541826,-0.0603046
8.98905,-0.00838649,0.22898
10.0174,-0.000372326,0.0782434
11.04,0.016184,0.159163
12.1217,-0.0024659,0.0710044
13.1051,0.00308237,-0.192163
14.0961,-0.00917997,-0.177398
15.0832,0.0211493,-0.0769127
16.0305,-0.093405,-0.431861
17.0611,-0.0361156,-0.452828
17.9517,0.00424818,0.0166509
18.9927,-0.020481,-0.176022
0.0474807,1.04053,0.0316538
1.05038,0.930036,-0.0682974
2.10033,1.00434,-0.116855
3.11056,1.02556,-0.364098
4.06566,0.935862,-0.672048
5.07971,0.923527,-0.473507
6.06732,1.00209,-0.543352
7.06025,1.01629,-0.35165
8.04309,1.07094,-0.0470046
9.01682,1.01629,0.16729
10.0171,0.990179,0.242677
11.0488,1.04665,0.108869
12.0706,1.014,0.0587939
13.0792,1.01609,0.0993835
14.0481,1.03332,-0.0681234
15.049,1.06006,-0.0525224
16.042,0.856142,-0.103177
17.0385,0.906702,-0.105499
18.0063,1.01736,-0.0357677
19.0038,1.0556,-0.240495
0.00747703,2.03807,-0.215723
1.00032,1.93707,0.0314432
2.02134,1.99231,-0.225001
3.00761,2.06241,-0.311902
4.04757,1.96718,-0.32143
5.039,1.93476,-0.268081
5.99579,1.87858,-0.00877407
6.99448,1.9568,-0.00582904
8.00846,2.0698,-0.233436
8.9633,2.02788,-0.045555
10.0125,1.98516,0.0696432
10.9779,2.01571,0.319568
11.9754,2.05226,0.00911283
12.95,1.97413,-0.213855
13.9601,2.06239,0.0269967
14.9905,2.07915,-0.1773
15.9863,1.82472,0.0171239
17.0144,1.88431,0.0471389
17.971,1.99378,-0.179397
18.9491,2.04148,0.130915
-0.0331736,3.02003,-0.259761
0.994354,2.96423,-0.0906705
2.00049,3.05994,-0.152223
3.00744,3.09841,-0.269048
4.02561,2.95655,-0.249992
4.99058,2.96987,-0.28576
5.98607,2.92295,-0.179455
6.9839,2.99981,0.0188849
8.00067,3.019,0.148561
9.09417,3.03296,0.154717
10.1522,3.00101,0.122269
11.116,3.01094,0.224866
12.0746,3.04298,-0.0923002
13.1194,2.9737,-0.10268
14.0424,3.04758,0.287741
15.0509,2.99565,0.266686
16.0231,2.82257,-0.0350322
17.0382,2.89776,0.0622852
17.9935,3.01414,-0.207855
19.0205,3.00633,-0.220405
0.00879238,4.00475,-0.0697439
0.966176,3.93712,0.178982
1.96304,4.07131,0.070925
2.96218,4.05721,0.00737022
3.96735,3.98167,0.022483
4.94383,3.87911,0.117759
5.95997,3.93992,-0.0557482
6.94992,3.98518,-0.100024
7.94433,4.01575,-0.10408
8.9358,3.99807,0.108985
9.9844,3.98405,0.287317
10.8911,3.90638,-0.116266
11.9261,4.01383,-0.177816
12.9171,3.96936,0.0117344
13.9029,4.02649,-0.0377667
14.964,3.9183,-0.100162
15.9595,3.87453,-0.112125
16.9786,3.89349,-0.164153
17.9535,4.00809,-0.252944
18.925,4.01884,-0.148888
0.0294198,5.05535,-0.175506
0.980831,4.95323,0.107068
1.97779,5.08447,-0.121503
2.97979,5.06046,0.121116
3.93561,4.97651,-0.194153
4.92611,4.93736,0.0461898
5.9333,4.98401,-0.0170049
6.94659,5.0343,0.0589801
7.94742,5.0025,-0.194208
8.96648,5.01204,-0.0122959
10.0467,4.92664,-0.0304453
11.0869,4.89231,-0.103049
12.0819,5.05397,-0.16689
13.0086,4.9835,0.190301
14.0091,5.03554,0.096231
14.9711,4.97581,-0.169164
15.9494,4.90113,-0.3918
16.9712,4.90976,-0.257936
17.9471,5.08921,-0.332551
18.9671,5.04584,-0.204468
0.00616779,6.0096,0.186154
1.04097,5.9865,0.0170324
1.99843,6.15311,0.0837855
2.99469,6.07187,0.240245
3.97907,5.94458,0.149287
5.04542,5.94596,0.182147
6.02035,5.97547,-0.0658986
7.04185,6.03012,0.178396
8.01646,6.0354,-0.189895
9.00495,5.99252,-0.141993
10.03,5.97371,-0.210379
11.0002,5.91824,0.000720237
12.0372,6.00183,0.139735
13.0821,6.01575,0.0532792
14.0835,6.05224,0.0237373
15.0568,5.94416,-0.128388
16.0754,5.94614,-0.304181
17.0592,5.92891,-0.241917
18.0037,6.11682,-0.191116
19.0087,6.06459,0.0653218
0.0620991,7.02518,0.195489
0.980517,6.99069,-0.110129
1.92371,7.2081,0.093762
2.96325,7.06592,0.0544328
3.98712,6.9448,0.167415
4.95996,7.00345,0.00571612
6.00597,7.00016,0.0322733
6.99554,7.00325,0.0736747
7.94319,7.06296,-0.319053
8.90042,6.96612,-0.0584948
9.96289,6.9843,-0.115656
10.9613,6.90231,0.118848
11.99,7.00548,0.253804
13.0198,6.98566,0.23827
13.9857,7.0345,-0.0997345
15.028,7.01905,-0.0209418
15.9931,6.96919,-0.194006
17.0127,6.94079,-0.333384
18.0225,7.1604,-0.307794
18.9966,7.05741,-0.0959655
0.0268227,7.99868,-0.067748
0.984161,7.97878,0.103812
1.99966,8.16455,-0.0973968
2.98595,8.10775,-0.105921
3.97299,7.91119,-0.206558
4.89314,8.00116,0.200021
5.91649,8.05021,0.338481
6.89154,8.02998,0.0202429
7.86682,8.02944,0.0398328
8.89947,8.01473,0.0305307
9.91187,8.00477,0.0409711
10.9181,7.88484,0.0427778
11.9223,8.00664,-0.0869991
12.987,8.02781,0.0682791
14,8.01993,-0.0526933
15.0163,8.03864,-0.0128208
15.9941,8.00446,-0.221482
17.0439,7.98313,-0.241163
17.9973,8.14942,0.0399884
19.0015,8.0726,0.0126896
0.00612506,9.00696,-0.0828181
0.921824,8.95858,0.240327
1.93445,9.15299,0.114316
2.93779,9.0949,-0.0685446
3.93554,8.95189,-0.0386364
4.93389,9.01518,-0.122242
5.9351,8.93307,-0.207056
6.96389,9.00407,-0.263555
7.96413,9.01832,-0.14199
8.89945,8.94702,0.231004
9.92262,9.01163,0.345073
10.946,8.96017,0.123466
12.0024,8.96347,0.137727
13.0258,8.99679,0.207981
14.0394,8.99442,0.0280221
15.0599,9.07479,-0.123142
16.0565,9.02157,-0.10246
17.095,8.94188,0.0193731
18.0991,9.13276,0.053798
19.0523,8.98582,0.419553
0.0461715,9.98155,0.0764763
1.08526,9.98807,0.185546
2.06438,10.155,0.0270272
3.08963,10.0894,0.0361461
4.06319,9.97075,-0.176669
5.0871,9.99614,-0.0218268
6.05711,9.9483,-0.235377
7.0215,10.0291,-0.366625
8.04809,10.0026,-0.140367
9.04622,10.0005,0.0997162
10.0437,9.99251,0.260869
11.0819,10.0094,0.0447615
12.0667,9.93759,-0.172103
13.0608,9.96135,-0.0917447
14.116,10.0487,0.0697012
15.1363,10.03,0.100549
16.0992,10.0008,0.304929
17.1158,9.94334,0.0354839
18.0721,10.1635,0.29711
19.062,9.96104,0.343974
0.0465651,10.9754,0.0146001
1.04003,10.946,-0.0968841
2.00864,11.0766,-0.366106
3.00561,11.0799,-0.173074
3.95608,10.9709,0.0128208
5.01895,11.0006,0.271499
5.98365,10.9608,0.094058
6.9614,11.0588,-0.130232
7.97186,11.0621,0.0636952
8.94574,11.0053,-0.0755242
9.97323,10.9705,-0.0338847
11.049,11.0327,0.132316
12.043,10.9374,-0.180721
13.0253,10.9712,0.0459761
14.0859,11.0543,0.181347
15.079,11.0269,0.0636433
16.0617,10.9833,0.225211
17.0471,10.9618,0.202326
18.0437,11.1253,0.138691
19.0455,10.9931,0.270626
-0.000106815,12.0095,0.010184
0.98291,11.9596,-0.112412
2.05862,12.0298,-0.160158
3.0026,12.0105,0.173901
4.05043,11.9851,0.17466
5.03836,11.9782,0.38265
6.01156,12.0202,0.102063
6.98976,12.055,-0.0692129
8.05551,12.0794,-0.134458
9.09342,12.0199,-0.020481
10.086,11.9757,-0.108179
11.0852,12.0696,-0.0079928
12.113,11.9378,-0.150331
13.0594,11.9666,0.157543
14.089,12.0871,0.235063
15.0853,12.0551,0.0691977
16.1293,11.9587,0.0368419
17.1675,11.98,0.334068
18.1227,12.0514,0.498715
19.0186,11.9953,0.0220649
0.00920438,12.9918,-0.0726951
1.00205,13.012,-0.118931
2.04998,13.0245,-0.235203
2.98776,13.019,0.147444
3.97828,12.9588,0.311417
5.04116,12.9617,0.151079
6.06029,13.0186,-0.0979827
7.06915,13.0006,0.181268
8.04048,13.0543,-0.0790185
9.06399,13.052,-0.171261
10.1256,13.0112,-0.0836299
11.0996,13.0502,-0.137776
12.0997,12.9236,-0.216092
13.0878,12.9517,-0.00216681
14.0152,13.0625,0.357967
14.9855,13.0301,0.0435987
15.9865,12.9591,0.0037904
17.0099,12.9511,0.214548
17.9955,13.0563,0.224201
18.9811,13.0625,0.0445784
0.0238014,13.9861,0.0362285
1.07978,13.9841,-0.013007
2.06053,14.0551,-0.185815
3.10043,13.9766,-0.00361034
4.10121,13.9261,0.00706198
5.131,13.944,-0.0508957
6.14128,13.9634,-0.352831
7.06682,14.0102,0.0160039
8.0042,13.9905,-0.435527
8.9303,14.0579,-0.0951323
9.9426,13.9555,-0.285272
10.9695,13.975,-0.403583
11.9241,13.9152,-0.0677633
12.9571,13.9453,-0.184008
13.9218,13.9837,0.0140172
14.9451,14.0618,-0.102664
15.9659,14.0139,-0.0944151
17.0106,13.932,-0.0775414
18.0064,14.022,-0.266655
19.0008,14.0634,-0.125178
-0.00856044,14.9992,-0.249016
1.07288,14.9532,-0.299759
2.02196,15.0821,-0.440825
3.05668,14.964,-0.35371
4.00411,14.9764,-0.039375
5.00511,14.9525,0.00533769
6.07674,14.9842,-0.141948
7.05587,15.0122,-0.292819
8.09974,15.0452,-0.467409
9.05765,15.0615,-0.319898
10.0696,14.9588,-0.431663
11.0649,14.9219,-0.670476
12.0128,14.9207,-0.229145
13.026,14.9517,-0.0241585
14.006,14.9692,-0.221216
15.0333,15.0479,-0.182205
16.0715,14.9359,-0.425401
16.9642,14.9202,0.112778
18.0118,14.998,0.0486251
19.0305,15.0428,0.0405042
0.0155126,15.9955,-0.133064
1.0537,15.9442,-0.107889
2.04165,16.0418,-0.198624
3.03774,15.988,-0.272613
4.02385,15.9565,-0.0992004
5.03596,15.9642,-0.157802
6.03623,16.0347,-0.0398663
7.08221,16.0219,-0.250484
8.09688,16.0045,-0.228629
9.15305,16.0813,-0.209638
10.1021,15.9063,-0.253417
11.0565,15.9204,-0.486874
12.0432,15.9938,-0.24232
13.049,15.9448,-0.220362
14.0389,16.0191,-0.126157
15.055,16.0649,-0.0344676
16.0328,15.9229,-0.156502
17.0509,15.8399,-0.339027
18.0829,15.9902,-0.311945
18.971,16.0686,0.138902
0.0125431,17.015,0.00714743
1.02493,16.9658,-0.13321
2.03976,17.0688,-0.122272
3.08315,16.9904,-0.205374
4.11518,16.9913,-0.184588
5.13299,17.0076,-0.167193
6.15056,17.0504,-0.103848
7.15965,16.9915,-0.297821
8.22629,17.0258,-0.17513
9.12918,17.0038,-0.631602
10.0098,16.9275,-0.160982
11.0121,16.9579,-0.309662
11.9296,16.9817,0.0578295
12.9598,16.9646,-0.0484054
13.9719,16.9722,-0.030076
14.9649,17.0884,-0.216242
15.9954,16.935,-0.0859645
17.0081,16.8456,-0.148634
17.994,16.9444,-0.0817866
18.9969,17.0548,-0.00610981
-0.000503555,18.0049,-0.0636586
0.973888,18.0128,-0.221656
1.94317,18.0941,-0.0109622
2.91699,17.9831,-0.241221
3.93172,17.9736,-0.169393
4.98859,17.9886,-0.101611
5.99048,18.0501,-0.108924
7.04053,17.9698,-0.0953917
8.02509,17.9744,-0.428504
9.00135,17.9945,-0.538243
9.89704,17.9299,-0.000946074
10.8829,17.9631,-0.129392
11.9401,17.9696,-0.0939451
12.9611,17.9617,-0.015656
13.9624,17.9785,-0.106149
15.0082,18.0578,0.0201483
15.9947,17.9448,0.164626
16.9776,17.8559,-0.0422681
17.9687,17.9125,-0.0227302
19.0102,18.0539,-0.022898
0.0326853,19.0182,-0.198102
1.04353,19.005,-0.304877
2.08867,19.0549,-0.224241
3.03774,18.9655,0.0739097
4.02991,19.0046,-0.0919553
5.04615,18.984,-0.107898
5.9753,19.0018,0.227158
6.98228,18.9597,0.169448
7.98696,18.986,-0.129484
9.02286,19.014,-0.190963
10.0336,18.9746,-0.256008
11.0298,18.9825,-0.266994
11.8993,18.9772,0.250072
12.9136,19.0008,-0.0539201
13.9664,18.9803,-0.00587176
14.9762,19.0269,-0.211591
16.0231,18.9702,-0.00674764
16.9947,18.9232,-0.0506943
18.0399,18.9697,0.0161473
19.0008,19.0245,-0.24835
