-0.287423,1.34357,-0.803015
-0.0484512,1.74853,0.0728172
-0.0480941,2.69074,0.459093
-0.0711295,3.66764,0.0796808
-0.156587,4.6719,-0.0623402
-0.212076,5.65601,-0.141578
-0.172085,6.60727,-0.440165
-0.201422,7.63681,-0.507364
-0.133973,8.6293,-0.523927
-0.288012,9.54676,-0.969826
-0.121256,10.5507,-0.94423
-0.1789,11.4738,-0.523423
-0.294488,12.4243,-0.802329
-0.248607,13.4035,-1.05062
-0.223368,14.3639,-1.29423
-0.272738,15.3472,-0.984826
-0.281149,16.206,-0.417322
-0.358693,17.2277,-0.446477
-0.184619,18.14,-0.134684
0.0828669,19.0826,-0.200449
0.0791803,20.1205,-0.159639
-0.239631,21.0134,-0.0256783
-0.128822,21.9965,-0.161586
-0.135121,22.89,0.261516
-0.116236,23.8383,-0.0303751
-0.241298,24.7587,0.415192
-0.118241,25.7156,0.0675436
-0.022483,26.5444,-0.506244
-0.231666,27.5081,-0.705576
-0.265178,28.5333,-0.614389
0.809214,1.45745,-0.879833
0.965694,1.88537,0.013712
0.949443,2.88803,0.325053
0.937831,3.88021,0.2789
0.858116,4.8138,-0.164547
0.765596,5.8295,-0.403952
0.855632,6.79669,-0.504303
0.861003,7.79918,-0.462755
0.860552,8.83411,-0.572652
0.778796,9.69542,-1.08319
0.895306,10.7064,-0.889886
0.871099,11.6349,-0.479272
0.748061,12.5928,-0.758223
0.769268,13.5837,-1.03721
0.806891,14.5005,-1.42371
0.708448,15.491,-1.27201
0.716742,16.1219,-0.47777
0.641411,17.1368,-0.598306
0.686865,18.1943,-0.651994
1.1248,19.08,-0.310666
1.12306,20.112,-0.297595
0.828623,20.9548,0.191403
0.874618,21.9299,-0.0325327
0.825208,22.9283,0.0354869
0.827009,23.8644,-0.37868
0.715003,24.7941,0.021012
0.864443,25.782,0.215937
0.948982,26.6576,-0.311921
0.753188,27.4932,-0.794833
0.808496,28.5043,-0.896811
1.81225,1.56055,-1.03235
1.83062,2.32406,-0.41312
1.98258,3.03094,0.328846
1.92677,4.09603,0.322477
1.8466,5.02962,0.0150792
1.81758,5.91169,-0.408167
1.831,6.92191,-0.443577
1.92275,7.93918,-0.403668
1.83643,8.95467,-0.625166
1.82135,9.84013,-1.12495
1.89858,10.822,-0.874032
1.92297,11.7928,-0.490564
1.79197,12.6347,-1.06817
1.77929,13.6578,-1.16302
1.80761,14.6451,-1.47431
1.60883,15.677,-1.70133
1.6882,16.2594,-0.876562
1.66515,17.2151,-0.480059
1.72883,18.2696,-0.706253
2.14165,19.1346,-0.327949
2.15723,20.106,-0.466372
1.7795,20.9831,-0.233381
1.88687,21.8737,0.224711
1.8941,22.8394,-0.0477004
1.81829,23.7246,-0.576147
1.67712,24.6577,-0.256224
1.87278,25.6083,0.0446211
1.98478,26.593,-0.125361
1.76065,27.4784,-0.539573
1.89476,28.3914,-0.937785
2.80849,1.50225,-0.895907
2.86105,2.39242,-0.373904
3.0228,3.25237,0.189953
2.98562,4.23723,0.16722
2.90616,5.18042,-0.233769
2.81904,6.14917,-0.558739
2.86034,7.20163,-0.508814
2.95045,8.22184,-0.424235
2.86207,9.12648,-0.839238
2.83407,10.0954,-1.07514
2.90025,11.0736,-0.805161
2.88343,12.0592,-0.635228
2.79435,12.7835,-1.32505
2.83108,13.7679,-1.19062
2.76777,14.6321,-1.77046
2.64606,15.6545,-1.63495
2.72197,16.2598,-0.901099
2.66962,17.2394,-0.595969
2.69794,18.2078,-0.495776
3.16266,19.0921,-0.369146
3.2033,20.1017,-0.431867
2.84841,21.0445,-0.182748
2.89775,21.8934,0.361156
2.82317,22.9556,0.333372
2.81591,23.7242,-0.287271
2.73077,24.681,-0.297983
2.91573,25.6558,-0.0724265
3.02705,26.6319,-0.139924
2.84972,27.6126,-0.334861
2.96089,28.5267,-0.881082
3.78205,1.70051,-0.721241
3.88749,2.62112,-0.334559
3.99974,3.58623,0.115207
3.9938,4.54931,0.349007
3.88535,5.45311,-0.0810724
3.80748,6.40316,-0.443669
3.89964,7.41763,-0.667663
3.87441,8.4359,-0.652754
3.88924,9.39138,-0.931944
3.82577,10.3539,-1.18203
3.90754,11.3133,-0.905979
3.92072,12.2374,-0.508353
3.81761,12.8605,-1.30529
3.7998,13.8707,-1.4221
3.74386,14.7008,-1.99151
3.65204,15.6223,-1.60553
3.75383,16.3492,-0.905368
3.70509,17.2894,-0.610077
3.68504,18.2671,-0.427497
4.16861,19.1398,-0.10145
4.27157,20.0789,-0.537513
3.83095,20.9126,-0.17232
3.9206,21.9096,0.167449
3.82455,22.8835,-0.0134404
3.84501,23.7455,-0.496997
3.79283,24.7752,-0.321455
3.97837,25.7455,-0.308542
4.00415,26.6647,0.0951415
3.84892,27.6712,-0.0760979
3.99786,28.4262,-0.698926
4.77624,1.75091,-0.720576
4.90162,2.68759,-0.485189
5.00446,3.63914,-0.106903
5.0064,4.66448,0.128779
4.94199,5.62202,-0.262743
4.83174,6.61426,-0.448088
4.9457,7.61234,-0.445756
4.86485,8.61963,-0.67637
4.86271,9.67564,-0.899728
4.82932,10.634,-1.0661
4.81892,11.6369,-1.19679
4.95169,12.5275,-0.73838
4.79358,13.0432,-1.58758
4.87998,14.0369,-1.46552
4.81308,14.7717,-2.13481
4.71565,15.5593,-1.53699
4.7753,16.3257,-0.786453
4.74293,17.3029,-0.609458
4.72817,18.2835,-0.353267
5.16818,19.1556,-0.269848
5.24039,20.205,-0.1743
4.85319,21.1358,-0.10762
4.92265,22.0433,0.272964
4.87044,22.9437,-0.158141
4.82582,23.9724,-0.488986
4.7464,24.9793,-0.414002
4.97746,25.9274,-0.433119
5.07943,26.725,0.1794
4.8997,27.682,-0.0379467
4.96031,28.5928,-0.424653
5.82837,1.84687,-0.632777
5.9446,2.87331,-0.463833
6.01802,3.86871,-0.113797
6.01434,4.87049,0.0428053
5.95589,5.85981,-0.382177
5.85281,6.87054,-0.406241
5.91635,7.89012,-0.569494
5.88502,8.92268,-0.60155
5.86484,9.8564,-0.997409
5.80743,10.8721,-0.994409
5.8217,11.8557,-1.2397
5.88268,12.8526,-1.00488
5.74318,13.1702,-1.97371
5.93091,14.0929,-1.60857
5.85313,14.8602,-2.3226
5.74311,15.3896,-1.46028
5.71373,16.3584,-1.10641
5.70925,17.3491,-0.952547
5.72551,18.2637,-0.482507
6.13844,19.0355,-0.0216834
6.21025,20.013,-0.0418226
5.83039,20.9328,-0.146199
5.90236,21.9773,0.0411786
5.91712,22.9614,-0.195065
5.83066,23.9087,-0.51283
5.72039,24.8539,-0.731578
5.93325,25.6831,-0.229643
6.08917,26.5406,0.218528
5.88013,27.5562,0.100476
6.00601,28.4481,-0.361934
6.7441,2.30913,-0.737498
6.9423,3.20663,-0.379144
6.99149,4.22579,-0.299145
6.99415,5.17492,0.00437025
6.94989,6.18603,-0.30127
6.91978,7.23179,-0.510511
6.95108,8.21113,-0.554521
6.8596,9.18726,-0.506909
6.889,10.111,-0.923533
6.82753,11.1348,-0.963561
6.82589,12.0619,-1.45458
6.90679,13.0596,-1.13389
6.7904,13.3091,-2.11935
6.88358,14.2321,-1.73381
6.89734,15.0548,-2.31927
6.78079,15.3767,-1.40508
6.59552,16.3599,-1.53687
6.72542,17.3128,-1.16449
6.7725,17.9505,-0.415436
7.08355,18.8953,-0.386334
7.2372,19.8699,-0.288937
6.83925,20.8457,-0.312766
6.89521,21.7815,0.0631886
6.8987,22.7068,-0.247447
6.80734,23.6952,-0.494528
6.74183,24.6716,-0.652928
6.90793,25.4377,-0.0250526
7.06967,26.3828,0.211066
6.91108,27.3671,0.296811
7.0284,28.2101,-0.240605
7.73737,2.56429,-0.563228
7.91126,3.5522,-0.465648
7.96436,4.54933,-0.278045
7.99804,5.49592,0.0573595
7.89208,6.48598,-0.111127
7.93606,7.40484,-0.565386
7.94078,8.41988,-0.654476
7.88967,9.46738,-0.587774
7.85002,10.3925,-1.14174
7.8121,11.414,-1.11579
7.84982,12.3891,-1.25463
7.86837,13.3999,-1.43437
7.72381,13.6031,-2.41226
7.89268,14.3097,-1.784
7.90327,14.8617,-2.60322
7.80351,15.3432,-1.72413
7.6637,16.3194,-1.53948
7.74202,17.2201,-1.14657
7.7647,17.9518,-0.432463
8.08094,18.9041,-0.472671
8.24587,19.7879,-0.0802423
7.75838,20.7139,0.134156
7.89529,21.6618,-0.120093
8.01068,22.6645,-0.2077
7.85549,23.6127,-0.513224
7.78564,24.602,-0.762477
7.72903,25.5718,-0.66823
8.10292,26.4029,-0.209378
7.95871,27.2632,0.280657
8.01753,28.2085,-0.109659
8.7993,2.74126,-0.463335
8.89052,3.71095,-0.42906
8.95161,4.71966,-0.26552
8.98676,5.71993,-0.0869686
8.89055,6.69822,-0.247862
8.94784,7.67839,-0.638047
8.95845,8.66188,-0.716654
8.88963,9.67235,-0.953899
8.85182,10.6649,-1.20059
8.78712,11.7031,-1.026
8.84665,12.6769,-1.45252
8.85215,13.701,-1.62969
8.7572,13.9191,-2.60095
8.95211,14.5211,-1.78065
8.93088,14.904,-2.72643
8.81611,15.4646,-1.86476
8.65934,16.3819,-1.46368
8.81502,17.2686,-0.971099
8.80556,17.9701,-0.262761
9.07103,18.9458,-0.324964
9.2312,19.9348,-0.161068
8.78286,20.8325,0.128974
8.88003,21.8674,0.0902219
8.96913,22.8716,0.0959502
8.75648,23.8528,-0.108902
8.83749,24.6822,-0.647511
8.66327,25.6172,-0.293228
9.13874,26.5093,-0.376806
8.99059,27.1967,0.353478
9.02464,28.1272,-0.0847926
9.84212,2.86322,-0.610544
9.92108,3.85179,-0.355757
10.0116,4.86821,-0.22028
10.0045,5.89317,-0.138878
9.93123,6.87073,-0.415659
9.9916,7.92076,-0.500983
9.95631,8.94263,-0.657183
9.91088,9.96304,-0.800604
9.8102,10.937,-1.19472
9.82464,11.9562,-1.15823
9.84218,12.8614,-1.66069
9.84935,13.8666,-1.64383
9.81387,13.973,-2.63656
9.98915,14.6867,-1.98753
9.88731,15.1989,-2.83304
9.84472,15.5149,-1.88683
9.70655,16.4652,-1.48194
9.77887,17.0328,-0.689157
9.86927,17.9853,-0.460772
10.1081,18.9696,-0.301364
10.2352,19.9716,-0.172365
9.78024,20.8405,0.261367
9.89561,21.8263,0.129737
9.93423,22.7895,0.391217
9.78081,23.7331,0.0815607
9.83601,24.6199,-0.437568
9.71408,25.6086,-0.292276
10.1668,26.491,-0.449907
9.99862,27.2745,0.211454
10.036,28.1621,-0.278545
10.8792,3.06553,-0.61243
10.9805,3.99808,-0.260356
11.0488,5.00793,-0.0417127
11.026,6.00286,-0.226594
10.9354,6.96229,-0.500473
10.9921,7.9524,-0.798846
10.977,8.98817,-0.760479
10.912,9.97605,-0.835426
10.8363,10.9038,-1.22415
10.8301,11.9768,-1.15347
10.872,12.8392,-1.75165
10.9878,13.8474,-1.72571
10.8602,13.925,-2.71187
10.9721,14.5972,-1.99628
10.9058,14.8721,-2.95611
10.8232,15.5325,-2.14903
10.7148,16.1724,-1.32836
10.789,17.012,-0.757619
10.9229,17.9434,-0.491162
11.1223,18.9778,-0.33188
11.249,19.8773,0.074041
10.8124,20.7778,0.290484
10.9303,21.717,-0.0521256
10.9272,22.6728,0.328559
10.7661,23.646,-0.0196265
10.8398,24.6147,-0.391971
10.7521,25.5596,-0.0848689
11.1708,26.3912,-0.341136
10.9825,27.169,0.279836
11.0284,28.1367,0.0238685
11.8762,3.31916,-0.744182
11.9687,4.17118,-0.247841
12.0513,5.16522,-0.349599
12.0844,6.12164,-0.162313
12.0097,7.06857,-0.536525
12.0081,8.02579,-0.80401
12.0458,9.03088,-0.708741
11.9677,9.99798,-0.959905
11.8763,10.996,-1.25287
11.9013,11.9869,-1.42777
11.8844,12.9146,-1.75819
12.0485,13.8835,-1.76088
11.8918,13.9867,-2.72909
12.0372,14.572,-1.90312
11.972,14.8306,-2.90223
11.8802,15.4771,-2.09675
11.7551,16.218,-1.43227
11.8034,16.9712,-0.793933
11.9224,17.981,-0.603711
12.0948,18.7665,-0.0387219
12.2164,19.7487,-0.138438
11.8539,20.6884,0.107019
11.9089,21.6857,0.0135166
11.9961,22.6456,0.251137
11.8444,23.6213,0.0621021
11.843,24.5834,-0.220789
11.7695,25.5688,-0.153905
12.1924,26.4864,-0.322892
11.9922,27.2934,0.312525
12.0822,28.2508,0.0981109
12.8838,3.05708,-0.479363
12.9699,4.04344,-0.236253
13.0579,5.10377,-0.272402
13.0903,6.11747,-0.1974
13.0475,7.14245,-0.445933
13.04,8.04317,-0.887219
13.1336,9.01275,-0.767824
13.0279,10.0446,-0.774523
12.9133,10.9744,-1.08474
12.9683,11.9207,-1.46963
12.932,12.932,-1.64972
13.0678,13.9291,-1.67644
12.9371,14.0244,-2.66351
13.0104,14.7332,-1.91612
12.9587,14.8182,-2.92106
12.8942,15.506,-2.22833
12.7681,16.1468,-1.47908
12.7775,16.9878,-0.907028
12.9655,17.8781,-0.450884
13.0552,18.8408,-0.233506
13.2397,19.8169,-0.461345
12.8697,20.6212,0.0333323
12.961,21.5876,-0.179238
12.9922,22.5569,0.113953
12.7523,23.4612,-0.243205
12.9156,24.4902,-0.339622
12.7786,25.4788,-0.179022
13.2104,26.4287,-0.29732
13.0173,27.3683,0.108444
13.1236,28.3859,-0.0742027
13.9618,3.11991,-0.541224
14.0333,4.11729,-0.250295
14.1022,5.08195,-0.0777306
14.1137,6.10479,-0.10538
14.0854,7.10432,-0.427317
14.0742,8.0811,-0.616575
14.1124,9.07422,-0.506665
14.0925,10.0218,-0.807624
13.959,11.0242,-1.11099
14.004,12.0058,-1.30556
13.9798,12.9888,-1.3783
14.0931,13.9953,-1.68856
13.9937,14.0841,-2.74481
14.0621,14.7587,-2.01415
14.0015,14.6261,-3.00932
13.8752,15.3759,-2.27982
13.7969,15.941,-1.38121
13.786,16.9056,-1.05871
14.0011,17.861,-0.663054
14.0957,18.8019,-0.288009
14.257,19.7725,-0.480764
13.9409,20.6123,0.0143437
14.0434,21.6434,-0.172036
13.9836,22.6403,0.158049
13.7673,23.4593,-0.396408
13.9045,24.431,-0.574328
13.8338,25.4433,-0.398401
14.2261,26.3299,-0.159349
14.08,27.2511,0.207093
14.1982,28.3017,0.0452132
14.9827,3.1413,-0.624342
15.0704,4.02966,-0.171508
15.0783,5.01975,-0.337568
15.1414,6.02711,-0.224836
15.1051,7.04187,-0.357088
15.0535,8.0179,-0.557064
15.1682,9.04697,-0.450856
15.1525,9.9991,-0.794159
15.002,10.9438,-1.07828
15.0678,11.9479,-1.02219
15.0667,12.9063,-1.28969
15.0773,13.7338,-1.85547
15.035,14.0651,-2.80293
15.0926,14.6194,-1.98959
15.0468,14.9195,-2.92052
14.8683,15.316,-2.01672
14.8218,16.0742,-1.32712
14.7835,17.0908,-1.00716
15.0226,18.0663,-0.840458
15.086,18.896,-0.299792
15.248,19.9059,-0.467119
14.9729,20.7652,0.0321055
15.0751,21.8062,-0.170568
15.0077,22.7556,0.117374
14.7747,23.6107,-0.362346
14.9303,24.5756,-0.518528
14.8382,25.5429,-0.269716
15.1983,26.4109,0.0724357
15.0643,27.3705,0.198242
15.2348,28.3803,0.201541
16.0213,3.06545,-0.318607
16.0239,4.04316,-0.56639
16.0634,5.02017,-0.359413
16.2045,5.98176,-0.433161
16.1354,6.97369,-0.480367
16.0781,7.95866,-0.587445
16.239,8.94546,-0.539903
16.1623,9.91407,-0.641731
16.0359,10.8694,-1.05965
16.1224,11.856,-1.14175
16.1071,12.8824,-1.23679
16.1045,13.6856,-1.86591
16.0571,13.8902,-2.88455
16.0735,14.5571,-2.08813
16.0245,15.1065,-2.94597
15.8323,15.4189,-1.97048
15.8475,16.0116,-1.15244
15.8065,16.9683,-0.796084
16.0226,17.9261,-0.708426
16.1845,18.8637,-0.36838
16.2895,19.8521,-0.572832
16.0194,20.6228,0.0348369
16.0521,21.6568,0.118253
16.0765,22.7013,0.0956847
15.8236,23.5642,-0.343797
15.9606,24.5008,-0.611655
15.8687,25.3912,-0.148491
16.2407,26.2631,0.26639
16.0996,27.3127,0.18226
16.3431,28.2918,0.0884487
17.0722,2.9021,-0.398865
17.0055,3.88419,-0.501846
17.0551,4.93997,-0.433125
17.2287,5.96076,-0.393027
17.1723,6.95865,-0.408231
17.1052,7.9679,-0.406198
17.2731,8.94158,-0.493893
17.1872,9.9527,-0.634251
17.0342,10.8931,-1.09297
17.1515,11.9097,-1.24552
17.126,12.9312,-1.36326
17.0758,13.9644,-1.65625
17.1161,13.838,-2.64399
17.1265,14.4764,-1.87309
17.0074,14.9347,-2.79988
16.8516,15.3422,-1.87346
16.8452,16.1408,-1.21329
16.8554,17.0678,-0.807831
17.0362,18.0368,-0.720139
17.1912,18.9519,-0.191998
17.2829,19.921,-0.588037
17.0636,20.784,-0.131578
17.0379,21.7514,0.00911588
17.07,22.7451,-0.0502396
16.8231,23.7078,-0.348961
16.9815,24.6486,-0.537608
16.8025,25.5977,-0.144517
17.2476,26.3754,0.33235
17.0994,27.3235,0.0425428
17.4263,28.2889,0.123569
18.0411,2.84281,-0.13061
18.0629,3.80514,-0.505023
18.0356,4.79864,-0.395761
18.1947,5.80362,-0.181057
18.2167,6.84611,-0.333052
18.0918,7.86004,-0.393893
18.2928,8.76596,-0.774325
18.1726,9.80671,-0.729582
18.1116,10.7901,-1.1133
18.1577,11.7656,-1.28708
18.1609,12.7965,-1.45773
18.0999,13.8473,-1.51364
18.1673,13.8993,-2.53293
18.1113,14.6714,-1.85133
18.0149,14.9421,-2.82448
17.9044,15.5388,-2.04001
17.883,16.2511,-1.36763
17.8365,17.1453,-0.915159
18.0614,18.1378,-0.781069
18.1814,18.926,-0.158354
18.2965,19.9089,-0.289322
18.0916,20.9138,-0.228181
18.0042,21.7553,0.272643
18.0697,22.7693,0.0353069
17.8365,23.7207,-0.344172
18.0496,24.7381,-0.272924
17.81,25.6852,-0.329203
18.278,26.3818,0.209241
18.0356,27.3262,0.446666
18.3979,28.1546,-0.0155828
19.0402,2.68625,-0.161528
19.1082,3.69064,-0.401721
19.0326,4.70288,-0.294244
19.2072,5.70899,-0.386193
19.2376,6.75908,-0.307047
19.2021,7.73046,-0.325178
19.2363,8.72945,-0.44579
19.2087,9.7044,-0.718552
19.1493,10.6911,-0.968136
19.1371,11.7855,-1.04307
19.1409,12.778,-1.18576
19.1039,13.7785,-1.52146
19.2117,13.8914,-2.57501
19.1934,14.664,-1.92264
19.1188,15.0614,-2.87033
18.9497,15.4807,-1.91125
18.8623,16.1364,-1.13761
18.8622,17.1181,-0.869048
19.0854,18.0072,-0.523133
19.2298,18.9619,-0.162529
19.3447,19.8966,-0.227119
19.0799,20.9023,-0.181716
19.0559,21.7048,0.369366
19.0529,22.6236,0.00998871
18.8582,23.5569,-0.408744
19.0304,24.5605,-0.405988
18.8406,25.5306,-0.404306
19.3136,26.3623,-0.0483993
19.0928,27.3006,0.269823
19.4059,28.29,0.0175176
20.0758,2.5901,-0.266863
20.0714,3.60417,-0.0967498
20.0121,4.60581,-0.113416
20.2616,5.55498,-0.388794
20.2421,6.52029,-0.0785852
20.191,7.48806,-0.272427
20.2532,8.51082,-0.489203
20.2311,9.48559,-0.666555
20.1467,10.4734,-0.793674
20.1165,11.431,-1.01039
20.1117,12.4404,-1.02056
19.9959,13.3301,-1.48649
20.2284,13.7415,-2.36818
20.2312,14.5609,-1.76368
20.1395,14.9964,-2.64156
19.9853,15.3422,-1.69758
19.8892,16.3039,-1.41313
19.8685,17.2113,-0.934071
20.0842,18.1039,-0.502631
20.2233,18.9679,0.0443068
20.3395,19.9035,-0.155339
20.1437,20.8821,-0.0944365
20.144,21.7842,0.371398
20.0883,22.666,-0.14395
19.886,23.5385,-0.591879
20.0704,24.4881,-0.245012
19.8516,25.4584,-0.303436
20.2874,26.3378,-0.366344
20.0926,27.2139,0.0476943
20.4378,28.1432,-0.0927091
21.1013,2.53142,-0.226264
21.0081,3.46312,0.179431
21.0524,4.35683,-0.303812
21.2341,5.31157,-0.133378
21.3142,6.35357,-0.166546
21.2587,7.3678,-0.325449
21.2598,8.37156,-0.396185
21.2349,9.35485,-0.40054
21.2278,10.2763,-0.831394
21.1379,11.2948,-0.971557
21.1008,12.2908,-0.969524
21.0558,13.2451,-1.35213
21.2483,13.4988,-2.30551
21.203,14.2509,-1.65693
21.1048,14.7764,-2.4893
21.041,15.3114,-1.61789
20.8622,16.2557,-1.46224
20.9162,17.1068,-0.929887
21.1185,18.0025,-0.474847
21.2125,18.9435,-0.0979461
21.3157,19.8822,-0.362392
21.1493,20.6289,0.287457
21.0899,21.6005,-0.0484085
21.1319,22.623,-0.171554
20.8895,23.5164,-0.554848
21.1265,24.4923,-0.316813
20.8593,25.4379,-0.433177
21.2946,26.3538,-0.35584
21.0373,27.325,-0.284127
21.4658,28.179,0.165435
22.0841,2.29675,-0.0242836
21.9754,3.24124,0.237013
21.9998,4.03796,-0.358669
22.1853,5.01141,-0.269323
22.3751,6.0821,-0.238383
22.2525,7.11115,-0.318369
22.217,8.1367,-0.143284
22.2773,9.15575,-0.184899
22.1958,9.9934,-0.821757
22.0437,10.9248,-0.573049
21.9978,11.8059,-1.02428
21.9558,12.7799,-1.34223
22.2797,13.2667,-2.23568
22.1057,13.8204,-1.38574
21.9784,14.4672,-2.14942
22.0727,15.2867,-1.46413
21.852,16.1597,-1.10991
21.9664,17.176,-1.05175
22.094,18.0604,-0.500583
22.2168,19.0357,-0.325669
22.3747,20.0148,-0.473992
22.1404,20.733,0.200296
22.0771,21.7673,0.203555
22.1228,22.6863,-0.189856
21.9403,23.6174,-0.486413
22.1349,24.5558,-0.170385
21.8853,25.4991,-0.52891
22.3025,26.3603,-0.210324
22.0107,27.3719,-0.381191
22.4928,28.1821,0.115522
23.1108,2.16783,-0.0645314
22.9816,3.13489,0.0855739
23.0201,3.8843,-0.591751
23.207,4.80043,-0.275088
23.3517,5.80245,-0.025074
23.2068,6.76464,-0.160799
23.2017,7.80003,-0.0739799
23.1568,8.79968,-0.00951567
23.1142,9.69887,-0.467562
23.0399,10.7361,-0.519175
22.9535,11.7785,-0.701331
23.0068,12.7287,-1.1576
23.2,12.8814,-2.07468
23.096,13.5333,-1.23871
22.9586,14.4536,-1.72452
23.0398,15.2215,-1.08811
22.8609,16.2218,-1.00706
22.9621,17.2035,-0.960103
23.1062,18.152,-0.578988
23.2724,19.1027,-0.290152
23.3653,20.0991,-0.265017
23.1127,20.7749,0.373278
23.0996,21.7031,-0.0276223
23.1782,22.685,-0.251729
22.9693,23.615,-0.477224
23.1359,24.6065,-0.386987
22.8845,25.5875,-0.253059
23.3567,26.5136,-0.176757
22.964,27.4488,-0.00764794
23.5013,28.1591,0.489084
24.139,2.11149,0.0246315
24.018,3.1012,0.185763
24.0831,3.74439,-0.584118
24.2316,4.57835,-0.0446638
24.359,5.53819,-0.243019
24.2459,6.62953,-0.22783
24.2449,7.6118,-0.100922
24.1923,8.63186,-0.0284158
24.1209,9.47219,-0.606183
24.0867,10.5399,-0.682089
23.9897,11.5867,-0.678246
24.0502,12.5268,-0.941179
24.2056,12.7732,-1.92416
24.1157,13.3992,-1.10686
23.8937,14.3382,-1.43853
24.0745,15.248,-1.04948
23.9285,16.1801,-0.769961
23.9638,17.1939,-0.960286
24.106,18.0453,-0.442573
24.3109,18.99,-0.258254
24.4182,20.0628,-0.207712
24.1565,20.9251,0.251411
24.0325,21.9062,0.220988
24.1997,22.8403,-0.186615
24.0365,23.8181,-0.371239
24.1546,24.8013,-0.635783
23.9291,25.6909,-0.32364
24.3643,26.5457,-0.0606311
24.052,27.5201,0.0105258
24.4928,28.097,0.754283
25.0789,1.82112,0.468722
25.0229,2.76592,0.134553
25.0707,3.5093,-0.561486
25.265,4.43212,-0.232008
25.3897,5.40725,-0.0720786
25.2494,6.35155,-0.262206
25.2602,7.35925,-0.0787591
25.1639,8.32582,-0.0145573
25.1295,9.21958,-0.440123
25.1747,10.2441,-0.615247
25.0365,11.2523,-0.561876
25.0139,12.07,-1.12016
25.2727,12.719,-1.83789
25.1446,13.3171,-0.973672
24.9342,14.277,-1.19916
25.1003,15.209,-0.925675
25.0065,16.1561,-0.694803
24.9712,17.1594,-0.772146
25.1016,18.1512,-0.575274
25.3306,19.0962,-0.294214
25.4251,20.0785,-0.00715354
25.145,21.0341,0.0677755
25.0749,21.9824,0.363301
25.2033,22.8289,-0.14908
25.0596,23.7849,-0.450154
25.177,24.8102,-0.521216
24.932,25.6801,-0.0573199
25.3865,26.5345,-0.210904
25.0619,27.4562,-0.0924894
25.4902,27.9624,0.683886
26.041,1.86585,0.74507
26.0239,2.64516,0.143736
26.1165,3.30912,-0.673055
26.2088,4.3427,-0.527506
26.3426,5.20235,0.0374615
26.2965,6.15979,-0.255934
26.2488,7.12523,-0.0145177
26.1529,8.14448,0.0280068
26.1683,9.06392,-0.420774
26.1989,10.0077,-0.884698
26.079,10.9629,-0.553774
26.0102,11.8906,-0.80998
26.2891,12.5352,-1.50453
26.2091,13.3255,-0.94835
25.9647,14.298,-1.04304
26.1566,15.2504,-0.707624
26.0162,16.2873,-0.70766
26.0079,17.2595,-0.847584
26.0823,18.1155,-0.316337
26.3584,19.06,-0.387295
26.4129,20.0586,-0.36567
26.1425,20.8832,0.239427
26.1096,21.9091,0.416205
26.2467,22.7196,-0.1743
26.1532,23.7157,-0.310376
26.1623,24.6896,-0.504392
25.9849,25.5838,-0.0549028
26.3467,26.4968,-0.351762
26.0975,27.3904,0.0570849
26.4872,27.9971,0.705423
27.07,1.86717,0.768389
27.0472,2.52336,-0.0193243
27.1795,3.14628,-0.808267
27.157,4.17663,-0.793179
27.2695,4.83823,-0.00748619
27.2569,5.8347,-0.162929
27.2597,6.85726,-0.00335093
27.1239,7.85494,0.080105
27.1728,8.84461,-0.134858
27.1719,9.67443,-0.751558
27.0687,10.6638,-0.612491
27.0341,11.6637,-0.673601
27.3085,12.5504,-1.12216
27.1952,13.3651,-0.593777
27.035,14.2704,-0.929682
27.1389,15.1863,-0.554961
27.0228,16.1633,-0.808582
27.0705,17.1764,-0.627979
27.1242,18.1371,-0.346724
27.3663,19.1298,-0.441053
27.432,20.1398,-0.209418
27.1297,20.7736,0.497836
27.0537,21.7237,0.101367
27.237,22.6558,-0.327894
27.1677,23.6495,-0.386221
27.1334,24.6078,-0.0914335
27.0467,25.6233,-0.148695
27.297,26.5957,-0.076162
27.0723,27.5619,-0.274206
27.353,28.3459,0.270815
28.18,1.8112,0.784118
28.0529,2.45543,0.00171209
28.1656,2.99026,-0.870516
28.1849,3.95385,-0.683282
28.2238,4.5743,0.0809503
28.185,5.48187,-0.256755
28.2007,6.4799,0.0962828
28.1102,7.55209,-0.00604877
28.1635,8.48403,-0.358162
28.2207,9.44523,-0.629789
28.0813,10.4206,-0.548476
28.0847,11.4317,-0.77026
28.3378,12.4188,-0.896945
28.2407,13.3997,-0.665081
28.0705,14.3626,-0.963109
28.1613,15.2588,-0.585009
28.0679,16.1929,-0.983969
28.122,17.1282,-0.662136
28.1354,18.1181,-0.46585
28.2844,18.96,0.0409864
28.3952,19.97,-0.00862758
28.1121,20.8421,0.405408
28.0298,21.8061,0.12172
28.2229,22.7437,-0.16823
28.1724,23.6936,-0.0770837
28.0837,24.6224,-0.422056
28.1117,25.5993,-0.152547
28.3485,26.589,-0.0470687
28.0969,27.5688,-0.0624226
28.4012,28.4957,0.27683
29.1803,1.72373,1.0203
29.0216,2.21038,0.142058
29.1419,2.62262,-0.754152
29.1433,3.61023,-0.529591
29.2317,4.39393,0.0761773
29.2218,5.39652,-0.0346538
29.2037,6.40149,0.0536576
29.1452,7.41267,0.0732841
29.1526,8.31955,-0.375991
29.2107,9.25856,-0.653008
29.113,10.2352,-0.403278
29.0067,11.2443,-0.34929
29.3324,12.1179,-0.785882
29.2109,13.1114,-0.479235
29.0238,14.0602,-0.708054
29.1727,15.0476,-0.834266
29.0747,16.0574,-0.820258
29.1345,17.0374,-0.664638
29.1559,18.0085,-0.335194
29.2174,19.0466,-0.350969
29.2917,20.0334,-0.5214
29.0667,20.7891,0.0750542
29.0447,21.7892,-0.0713279
29.2181,22.742,-0.115223
29.1768,23.7264,-0.06339
29.0988,24.6891,-0.20311
29.1079,25.7351,-0.229713
29.3004,26.7125,-0.403027
29.1389,27.6699,-0.14391
29.4144,28.5274,0.333363
