-0.0210364,-0.0325236,0.133161
1.00732,-0.0307596,-0.127247
2.00536,-0.0365764,-0.24312
3.0761,-0.0110416,-0.239436
3.91635,-0.0740928,0.299008
4.90363,0.0229835,-0.0831416
5.92055,0.0240272,-0.165926
6.9293,0.0150792,0.0343974
7.92558,-0.0141118,-0.0344005
8.94195,0.061391,0.139506
9.91691,-0.00192877,-0.201178
10.9059,-0.0113102,0.152605
11.8986,-0.000488296,-0.0989532
12.9096,-0.00697348,0.00019837
13.9078,0.0145604,-0.109381
14.9672,-0.00800195,0.0540239
15.9719,-0.0282205,0.0835749
16.9648,-0.0205542,-0.160665
17.9973,0.0124302,-0.172591
19.0298,0.0294382,-0.212452
-0.00402234,0.980584,0.00435804
1.04181,0.987771,-0.0659474
2.06215,0.928776,0.0898648
3.05205,0.972652,0.0216346
4.00627,0.960887,0.312925
4.93663,1.05104,-0.130335
5.97049,1.02244,-0.360701
6.9899,0.975887,-0.315784
7.97834,1.01043,-0.218549
8.98677,1.07919,0.00851772
9.96747,0.975335,-0.139134
10.9348,0.872222,-0.386044
11.8793,1.11244,-0.00849635
12.8611,1.00222,-0.0286019
13.8787,1.04282,-0.0122501
14.9,0.954109,-0.225626
15.865,1.00413,0.0532426
16.8763,0.992581,-0.128999
17.8876,0.981909,0.065157
18.9589,1.01635,-0.133186
0.0173254,2.01642,-0.0382611
1.04424,1.99112,0.0302622
2.07895,1.94505,0.23882
3.09821,1.95838,0.000173956
4.07735,1.98861,0.0602435
5.07143,2.07053,-0.101587
6.10543,1.98077,-0.22064
7.11242,1.9837,-0.212378
8.13809,1.99648,-0.153706
9.10543,1.9721,-0.425889
10.0796,1.97323,-0.0612323
11.0764,1.86907,-0.125886
12.0571,2.0847,0.0739494
13.0663,2.03029,0.103317
14.0713,2.05519,0.0346782
15.0286,1.93265,-0.104221
16.0488,2.01326,-0.136839
17.0808,2.02492,-0.263607
18.0314,1.97871,-0.00765709
19.0021,2.02349,0.0417066
-0.0173101,3.01863,-0.223542
0.959825,2.96116,0.207697
1.97174,2.90906,0.161354
2.90731,2.90994,-0.180508
3.92433,2.97738,-0.0796564
4.89029,3.08863,-0.308957
5.8885,2.97172,-0.0293466
6.96314,2.97313,0.0388043
7.98502,3.01308,0.00341807
9.05527,2.93954,-0.138621
10.1122,3.02203,-0.178457
11.0893,2.89908,-0.0569597
12.0308,3.06461,-0.226881
13.0497,3.0261,0.0528001
14.0753,3.03619,-0.185217
15.0661,2.94569,-0.227308
16.0794,3.05501,-0.357259
17.0176,2.9984,-0.0587695
18.0117,3.00536,-0.102911
19.0141,3.0809,-0.0582293
-0.0119053,3.95275,0.0983337
1.00591,4.01004,0.183505
2.02777,3.89895,0.0386975
3.04791,3.87,0.212842
3.96746,3.96752,-0.19671
4.98865,4.09881,-0.234748
6.01538,3.9885,-0.143944
7.02165,3.96054,0.0402264
8.01787,4.01645,-0.0913755
9.01568,3.9521,-0.092938
10.0515,4.02152,-0.0672445
11.0759,3.95863,-0.277001
12.043,4.07596,-0.369832
13.0349,4.04407,-0.102701
14.0237,4.03424,-0.301157
15.0763,3.94525,-0.100537
15.9823,4.08005,-0.510587
16.955,4.01574,-0.252031
17.9513,3.97291,-0.410273
19.0037,4.08678,-0.26122
0.0232917,4.99734,-0.00556658
1.01035,5.04256,0.0405713
1.99688,4.90603,0.0656636
3.05735,4.9065,0.0693106
4.02639,4.94432,0.0770745
5.02496,5.11408,-0.0343883
6.00805,5.00583,-0.0732047
7.08686,4.96684,0.0155828
8.05112,4.99863,0.246611
8.95212,4.98163,-0.115677
9.95065,5.02762,0.0362743
10.9585,4.97584,-0.0610492
11.9243,5.09741,-0.417356
12.9562,5.0108,-0.251103
13.9532,5.01372,-0.0440229
14.9627,4.98767,-0.155461
15.9546,5.10751,-0.34181
16.9104,5.00135,-0.0966613
17.9073,4.94538,0.057561
18.9551,4.94365,0.226267
0.00313425,5.99212,-0.0403119
0.998206,6.06918,-0.0801294
1.88879,5.86343,0.344368
2.93201,5.9124,0.181646
3.94634,5.96272,0.0183599
4.92103,6.08969,0.101096
5.91342,6.05264,-0.0566698
6.88274,5.9186,0.0517197
7.87414,6.01157,0.037672
8.92952,5.98485,-0.104312
9.91232,6.03933,0.0448164
10.9,5.98402,0.19621
11.8725,6.13807,-0.116703
12.8809,6.00002,-0.0338725
13.9144,6.00355,0.0109256
14.9314,5.96123,-0.0351512
15.9488,6.11203,-0.22533
16.8939,5.99421,0.000274667
17.9325,5.92782,-0.0695212
18.9746,5.95777,-0.0215461
-0.01442,6.92546,0.28974
0.968798,7.08391,-0.0473342
1.98454,6.85974,0.0938017
3.03154,6.93623,0.189172
4.0229,6.99201,0.201541
5.00757,7.07743,0.308762
6.021,7.00105,0.200626
7.04324,6.97367,-0.0574084
8.04448,6.98838,0.233952
9.0042,7.03075,-0.11467
9.97069,7.08595,0.0658589
10.9714,6.9595,0.00103763
12.0086,7.09676,-0.163143
13.0145,6.98061,-0.234324
14.0213,6.97541,-0.22393
15.0374,7.04592,0.0159001
15.9671,7.15642,-0.308664
16.9742,7.00156,-0.278768
17.9385,6.9657,0.0478286
18.9771,7.01514,0.0642842
0.0315195,7.9569,0.00137333
0.992517,8.07255,-0.167644
1.97953,7.87423,0.12346
2.97566,7.9471,0.00533769
3.99355,7.96147,-0.132093
4.90689,8.05673,0.210395
5.95617,8.03218,0.176022
7.00007,7.97198,0.0373974
8.00213,7.96898,0.0577868
8.98429,8.05026,0.0791589
9.97755,8.06071,0.060625
10.9611,7.98391,-0.139299
11.9574,8.10015,-0.263494
12.9408,7.95356,-0.0129765
13.9456,7.95763,-0.32888
14.9061,8.06756,0.0160375
15.9232,8.10218,-0.0559771
16.8844,7.96918,-0.0851039
17.8898,8.02266,-0.101059
18.938,7.96915,-0.12512
0.0111087,8.95229,-0.232667
1.03001,9.04723,-0.164205
2.03399,8.87906,0.0623707
2.93326,8.90984,-0.383367
3.90811,8.96051,-0.072045
4.9337,9.02085,-0.0453749
5.93305,8.99032,-0.13929
6.97317,8.99402,-0.108808
8.01918,8.96899,-0.0703146
9.01119,8.91759,-0.403693
10.0252,9.05719,-0.0596698
11.0321,9.02632,-0.130378
12.0483,9.10654,-0.119715
13.0244,8.9626,-0.184997
14.0578,8.96786,-0.125184
15.0779,9.06266,-0.0558031
16.017,9.0405,-0.397473
16.9803,9.03489,-0.178649
18.0006,9.01619,-0.145961
18.9827,8.95352,0.0255593
-0.0614795,9.94105,-0.54543
0.944438,10.0016,-0.346904
1.92048,9.79929,-0.297104
2.9602,9.94729,-0.355507
3.92397,9.98826,-0.172362
4.97132,9.97246,-0.332563
6.01274,9.99826,-0.211545
7.01385,10.0099,-0.171563
8.02211,9.96733,-0.279708
9.03594,9.93261,-0.251421
10.0397,10.0304,-0.204782
11.0228,10.0362,-0.0405988
12.033,10.089,0.0258736
13.0684,9.98846,-0.064803
14.0643,9.98062,0.122257
15.1031,10.0761,-0.0586749
16.0963,9.98782,-0.0267769
17.0945,10.0503,0.0587848
18.0561,9.97953,-0.328401
19.0235,9.98318,-0.247508
-0.0676748,10.9907,-0.451476
0.93509,11.0314,-0.238383
1.87834,10.8433,-0.0183996
2.91384,10.9636,-0.254436
3.93022,10.9676,-0.381622
4.90905,10.9809,-0.185458
5.97816,11.0142,-0.233775
6.99131,10.9995,-0.0867031
7.88926,10.9643,-0.532466
8.86086,10.9557,-0.235435
9.89199,11.0028,-0.158879
10.8758,10.9839,0.132612
11.9043,11.1198,0.180935
12.924,11.0185,0.190847
13.9595,10.9294,0.351659
14.9278,11.0783,0.0145512
15.921,10.9346,0.193786
16.9689,11.022,0.254045
17.9973,10.8858,0.118125
18.9822,10.9542,0.198819
-0.0147923,11.8764,0.0915952
0.973544,11.9297,0.314106
1.95811,11.9027,0.0881771
2.91545,11.977,-0.334901
3.91482,12.0051,-0.537269
4.82997,12.0015,-0.116083
5.86555,12.0707,0.024601
6.92507,11.9982,-0.133573
7.91359,11.7915,0.0327036
8.8881,11.936,0.0886715
9.90023,11.9606,0.147926
10.9521,12.0274,0.10134
11.9817,12.1323,0.158071
13.0218,12.0366,0.253655
14.029,11.9897,0.378869
15.0256,12.0164,0.408936
15.9727,11.938,0.102643
16.9179,12.0271,0.398102
17.8687,11.926,0.142567
18.946,12.0305,0.113764
-0.00401013,12.8977,0.136766
0.982824,12.9327,0.0348399
2.0378,12.9315,0.179
2.85821,12.9409,-0.452824
3.89399,13.0108,-0.449083
4.83699,13.0281,-0.140757
5.86929,13.0522,-0.209427
6.94076,13.0083,-0.398859
7.85362,12.8242,-0.0430921
8.88489,12.9383,-0.0173559
9.83448,12.9723,0.166604
10.8443,13.091,0.25345
11.8878,13.1074,0.39996
12.9018,13.0717,0.468862
13.9135,13.0037,0.301108
14.9476,12.9989,0.29107
15.9706,12.9808,0.157616
17.0127,13.0267,0.188089
18.0141,12.8951,0.126249
18.9972,13.0304,-0.0667226
-0.0323069,13.9241,0.212549
1.02265,13.9534,0.0735557
2.06744,13.9604,0.0144871
2.99456,13.9189,-0.360506
3.99645,14.0601,-0.381817
4.97995,14.0495,-0.211707
5.95453,14.0265,-0.048558
6.92245,14.013,-0.258602
7.89786,13.8214,-0.265233
8.91618,13.9325,-0.115577
9.94129,13.9976,-0.0304575
10.8686,14.1136,0.301596
11.8834,14.1213,0.14799
12.9359,14.0134,0.133479
13.9363,14.025,0.169671
14.925,13.9997,0.15132
15.9536,14.0013,0.145637
17.0128,14.0601,0.309619
18.0086,13.9156,0.0405408
19.0176,14.0425,0.182885
0.0176366,14.8932,0.0686392
0.998959,14.9488,-0.0460189
2.03702,14.9527,0.0142857
3.05757,14.8883,-0.206446
4.02541,15.0336,-0.249925
5.04853,14.9634,-0.47864
6.05058,15.0019,-0.289969
7.02112,15.009,-0.137376
8.07909,14.841,-0.163347
9.05169,14.9379,0.00368969
10.0633,15.0188,0.0927335
11.0566,15.1037,0.0105686
12.0441,15.1206,-0.057213
13.0764,14.9967,0.245616
14.0811,15.0399,0.093585
15.0174,15.0185,-0.192956
15.9465,15.0291,0.175292
16.9983,15.0803,0.177444
17.9645,14.9431,0.0211585
18.975,15.0246,0.058095
-0.0312387,15.9055,-0.149876
0.971319,15.9824,-0.0299265
1.96255,15.9828,-0.222288
2.97667,15.9076,-0.500513
3.93283,16.0015,-0.175365
4.90155,15.9949,-0.423655
5.91085,16.0293,-0.199057
6.94419,16.0344,-0.00777917
7.95815,15.8228,-0.0382061
8.93465,15.954,0.153972
9.95354,16.0269,0.0143223
10.9344,16.1034,0.141252
11.9174,15.999,0.419413
12.9425,15.9907,0.492889
13.8873,16.0194,0.0873623
14.9072,15.9461,0.237239
15.9029,16.0058,0.0610584
16.8965,16.0556,-0.111588
17.922,15.9402,-0.147807
18.9524,16.0268,0.0180578
0.0295602,16.928,0.140751
1.04414,16.988,-0.151323
2.06592,17.0413,-0.138084
3.04398,16.923,-0.342027
4.01857,16.9804,-0.143181
5.03418,16.9384,-0.0219642
6.04818,16.9826,-0.19411
7.0179,17.017,-0.00459304
7.99884,16.8586,-0.218439
8.99646,16.9502,-0.0395672
9.9856,17.0256,0.120237
11.004,17.1211,0.0801843
12.0238,16.978,0.149504
12.9822,17.0604,0.526023
13.9551,16.9928,0.43263
14.977,16.9661,0.29509
15.9448,17.0416,0.0563402
16.9197,17.0853,-0.125608
17.9565,17.0173,-0.151643
18.9816,17.0581,-0.020249
0.0559191,17.9492,-0.0412458
0.974758,17.9306,-0.41016
2.00191,18.0525,-0.350301
2.97726,17.9608,-0.263698
3.99866,17.9512,-0.270333
5.02496,17.9117,-0.155629
6.03456,17.9991,-0.0863369
7.03825,18.0219,-0.144514
8.01874,17.9055,-0.137486
9.02591,18.0194,0.171865
10.0166,17.996,0.249678
10.9951,18.0773,0.463829
12.0003,18.01,0.365206
12.9784,18.0215,0.202133
14.0141,17.9806,0.22078
15.0365,17.9924,0.29986
16.0194,18.0347,0.0824335
17.0299,18.0552,-0.120026
17.9756,18.0202,0.214118
18.9692,18.0583,-0.213471
-0.00942412,18.9868,0.0521622
0.987378,18.9656,-0.102652
1.99786,19.0066,-0.0340648
3.03616,18.9844,-0.225852
4.05698,19.0374,-0.202237
5.0684,18.9508,-0.0993896
6.1033,19.0178,-0.320679
7.0685,19.0278,0.0724357
8.07298,18.9498,-0.0765526
8.9856,19.0042,0.303967
10.003,19.032,0.250383
10.9765,18.9632,-0.0375378
12.0109,19.0153,0.240654
13.0342,19.0233,0.298572
13.9997,19.0071,-0.0591571
15.0588,18.954,-0.0744072
16.0579,19.0303,0.218012
17.0488,19.0099,0.141749
18.0052,19.0111,-0.0921873
19.0133,19.0191,0.132249
