0.108237,0.0173284,-0.100345
1.11656,0.0116703,0.013007
2.09705,0.0175542,-0.120292
3.11673,-0.0428846,-0.116733
4.09208,-0.0144383,0.125355
5.06045,0.0101718,-0.161568
6.08848,0.00727866,0.0318155
7.09954,0.000943022,0.0391156
8.0942,-0.00953093,-0.00389111
9.07563,-0.00105594,0.192865
10.0934,-0.00860927,0.253667
11.0028,-0.0405225,-0.200366
12.0143,-0.0217414,-0.168944
12.9757,-0.000283822,0.197116
13.9614,7.32444e-05,0.268526
14.9689,0.0420576,0.172457
16.0534,0.0293954,0.172112
17.0307,-0.0540788,-0.174126
18.011,0.0330241,-0.0604541
19.014,0.0356609,-0.224967
-0.0121281,0.980834,0.197693
0.998355,1.05269,0.116761
2.04776,1.01225,0.0677023
2.9807,0.942897,-0.244279
3.89363,0.979687,0.250649
4.91028,0.970186,0.0750725
5.96567,1.00239,0.245418
6.96614,1.00067,0.0976257
7.98843,1.02689,-0.0225105
8.98107,0.983068,0.149992
9.98632,0.997549,0.294336
10.9624,0.923353,0.0925962
11.976,0.976119,-0.0836909
12.9614,1.05147,0.0589099
13.9777,1.04615,0.262145
15.0658,1.0035,0.361119
16.0105,1.02452,-0.0631825
16.9883,0.871743,0.158666
17.9778,1.01063,0.0882351
18.9425,1.09017,-0.153597
-0.0216865,1.96075,-0.106668
0.985186,2.05338,0.148357
1.9719,1.98088,-0.153597
2.99892,1.94731,-0.226487
3.97408,1.94838,-0.0514389
5.01106,1.97052,0.0273598
6.0118,2.03937,0.0551958
6.99691,1.99017,-0.0781915
8.02344,2.04458,-0.23896
8.97468,1.98939,0.0194006
9.98882,2.02527,0.0368603
11.0498,1.95262,-0.05815
12.0686,1.98952,0.108844
13.0651,2.06813,0.0742912
14.0353,1.98629,-0.18189
15.0687,1.90145,-0.0581347
16.04,2.03078,-0.0785089
17.0716,1.89975,-0.0516221
18.0527,2.00728,0.0365795
19.0436,2.07077,-0.263421
0.0370006,2.97252,0.097
1.08781,3.02148,0.0993042
2.05862,2.96403,0.263689
3.07635,2.86218,0.190905
4.07121,2.99794,-0.028077
5.03484,3.00177,0.166961
6.06394,3.04529,0.238807
7.08146,3.0341,0.0172948
8.08416,3.00136,0.112333
9.07627,3.02551,0.185101
10.1386,3.02986,0.0663808
11.1241,2.9328,0.226936
12.1133,3.06113,0.0168706
13.1629,3.11051,0.033961
14.1363,2.93278,0.0707144
15.0909,2.93282,-0.187457
16.0827,3.05572,0.145335
17.0309,2.90738,-0.141044
17.9808,3.01217,0.144554
19.0074,3.03913,0.100488
-0.038966,3.96069,0.0708396
0.954451,3.99728,0.29331
1.96639,4.01432,0.176559
3.01254,3.88988,0.173983
4.05179,3.99898,0.0643422
5.08792,4.02071,0.0191687
6.11521,4.04457,0.166231
7.08755,4.07561,0.103775
8.09863,4.01076,0.0442763
9.09679,4.06056,-0.0632557
10.0913,4.03114,0.121522
11.1065,3.90785,-0.108072
12.0999,4.06782,0.00194098
13.1047,4.15176,0.152184
14.0741,3.93621,0.149855
15.0978,3.91439,0.0986145
16.0577,4.05348,0.179202
17.0251,3.89335,-0.032429
18.0223,4.03067,0.2507
18.977,4.06171,-0.0190374
0.0293527,4.96793,0.234376
1.00286,4.95209,-0.0537034
1.99084,5.04442,0.172051
3.02721,5.03567,0.143031
4.06687,5.04568,0.118961
5.04895,5.0657,-0.173977
6.06655,5.03352,-0.0334147
7.06425,5.07293,-0.0286203
8.05654,5.05744,0.0394696
9.08863,5.03711,0.133058
10.1183,5.07003,0.0475539
11.1316,4.88904,-0.259752
12.1194,5.06431,-0.0125858
13.0993,5.04254,-0.359697
14.0773,4.94373,-0.00044557
15.1262,4.90656,0.110483
16.0897,5.0048,0.464724
17.1117,4.93334,0.113578
18.0456,5.02708,0.45085
19.0252,5.04255,0.161367
0.0186773,5.979,0.130503
0.990121,5.98081,-0.125202
1.93272,6.0513,0.23003
2.96308,6.05764,0.297583
3.97743,6.05304,0.181661
4.98705,6.07259,0.0445784
6.05978,6.05605,-0.0120396
7.07825,6.08039,0.000842311
8.08747,6.02195,0.121268
9.08155,6.06187,0.0867702
10.0968,6.08778,0.0369274
11.0918,5.89752,-0.160579
12.085,6.03529,0.124693
13.0316,5.9959,-0.153166
14.0461,5.94302,-0.0926542
15.0531,5.87639,-0.0080813
16.0682,5.93287,0.0633045
17.0358,5.85872,-0.210971
18.0322,5.96441,0.0793085
19.0236,6.02469,0.244206
0.0545549,6.99484,0.0595843
1.11652,6.92451,0.161226
2.10105,7.05818,0.152293
3.08726,7.08152,0.171474
4.05725,7.12157,-0.00623188
5.0923,7.1088,0.1266
6.07352,7.05431,0.0320048
7.11604,7.09889,0.174938
8.11126,7.05794,0.214084
9.12784,7.08282,0.144298
10.107,7.06543,-0.163869
11.1154,6.92468,-0.101526
12.1042,7.04232,-0.0128239
13.1052,6.93954,0.178631
14.1175,6.88048,0.339088
15.113,6.85095,0.136412
16.0389,6.89646,-0.25323
17.0506,6.90127,-0.195895
18.0601,6.96345,0.0509995
19.043,7.05206,0.294418
0.0363414,7.99977,0.140043
1.00411,7.94041,-0.0306101
1.97391,8.04488,0.029075
2.99117,8.02437,-0.0419507
3.96903,8.09358,-0.196155
4.94767,8.01797,-0.333744
5.94308,8.05746,-0.12949
6.96819,8.04299,-0.155022
7.94242,8.07632,0.0717673
8.93158,8.07599,0.0913785
9.97981,8.05964,0.0851314
11.0068,7.88118,0.20643
11.9225,8.04289,-0.131187
12.9322,7.95791,-0.0934233
13.8716,7.86709,0.235923
14.9144,7.87598,0.230436
15.9408,7.89384,0.0813623
16.9734,7.93572,0.0238166
17.9617,7.98214,0.334816
18.9566,8.02683,0.0718497
-0.00633869,9.05249,0.113361
1.00729,8.9556,-0.0431684
1.97454,8.9967,0.181451
2.98722,9.06489,0.136634
4.03033,9.16642,-0.144935
5.00785,9.10225,-0.257772
6.0221,9.05189,-0.259194
6.98836,9.06655,-0.340037
8.0321,9.07701,-0.238945
8.97275,9.09186,0.156963
9.95726,9.10587,0.175912
10.9766,8.90445,0.126893
11.9733,9.06817,0.123423
12.9605,8.94838,0.0110172
13.9686,8.91108,0.0893796
15.0183,8.86525,0.0528764
16.0367,8.9471,0.209592
17.0284,8.93711,0.167983
18.0073,8.95344,0.0575396
18.9995,9.01548,-0.0196875
0.00103153,10.0417,-0.00787988
1.00204,9.99357,-0.0930204
2.02293,9.96328,-0.0070101
3.01853,10.0552,0.0467208
4.05856,10.2399,0.0253334
5.04723,10.0991,-0.00933561
6.04323,9.99903,-0.0242927
7.00738,10.0698,-0.332026
8.01891,10.0833,-0.360479
9.00478,10.0859,-0.0284799
9.99301,10.0923,0.0107761
11.0324,9.94807,0.155837
11.9805,10.0278,0.472082
12.9549,9.98772,0.156789
13.9804,9.93417,0.0214393
15.04,9.88634,0.0415845
16.0195,9.97396,0.333793
17.0197,9.89453,0.446376
18.0017,9.92951,0.198132
18.9798,10.0201,-0.136055
0.0570482,11.0401,0.135676
1.04933,10.9905,-0.197702
2.05866,10.9689,-0.210797
3.12573,11.0379,-0.146516
4.09262,11.1838,-0.334071
5.04448,11.0301,-0.521934
6.06356,10.9431,-0.388836
6.96214,10.9712,0.113025
7.98335,11.0424,0.0664693
8.97754,11.0687,0.0317515
9.9966,11.1231,-0.197586
10.9183,10.977,0.207059
11.9813,11.0213,0.197961
12.969,10.9852,0.0460311
13.9883,10.9869,-0.0495437
15.0132,10.958,-0.0637196
15.9864,10.9526,0.170699
16.9998,10.925,0.19364
18.0436,10.9598,0.351885
19.0092,11.0052,0.0984405
0.0415326,12.0446,-0.030137
1.05176,11.9645,0.0612537
2.01675,11.9683,-0.314148
3.01159,12.0165,-0.25247
4.01409,12.1604,-0.628852
5.02777,12.0047,-0.456169
6.02993,11.9512,-0.256801
7.03662,11.9369,-0.179443
8.08614,12.008,-0.199402
9.10235,12.0791,-0.201248
10.0196,12.041,0.177236
11.0015,11.999,0.43798
11.9196,12.0222,0.0556993
12.8991,11.9726,0.0873653
13.8952,11.9964,0.0428327
14.9516,11.9295,0.141368
15.956,11.9315,0.271624
17.0182,11.9286,0.201804
18.0062,11.9773,0.376672
19.018,12.0067,0.233128
0.0295114,13.0692,-0.0618061
1.03876,12.9891,0.146208
2.04521,12.9806,-0.0558641
3.06778,12.9746,-0.229563
4.00731,13.1535,-0.615107
4.86754,12.9469,-0.112745
5.88372,12.9533,-0.286538
6.9132,12.9355,-0.308792
8.01536,13.0254,-0.163042
9.00286,13.0501,0.0748131
10.0671,13.0534,0.0186926
11.0546,12.9304,-0.0604236
12.053,12.9716,-0.287326
13.0541,13.0165,-0.138624
14.0094,13.0101,0.102582
15.0423,12.9626,0.132966
16.0652,12.9118,0.225941
17.0457,12.9293,0.379946
18.0364,12.9676,0.226072
19.0288,13.014,0.239912
-0.00621052,14.0806,0.072393
1.06576,13.9793,0.145778
2.10655,14.0225,0.0750511
3.07563,13.9617,-0.396258
4.01268,13.9653,0.0367504
5.03072,13.9685,-0.20886
6.04158,14.0456,-0.376067
7.05654,13.9914,-0.254915
8.08201,14.0217,-0.375814
9.06011,14.0892,-0.0756554
9.97717,14.0288,0.13582
10.9643,13.9433,-0.219163
11.9955,13.9692,-0.196628
12.947,14.0211,0.164196
13.9541,14.0117,-0.102322
14.9635,13.9858,0.116517
15.9448,13.9204,0.00110477
16.981,13.8928,0.0766747
18.0675,14.0109,0.179928
18.9833,13.9715,-0.242982
-0.00860317,15.0785,-0.178896
0.912,14.9923,0.251427
1.91911,15.0216,0.199738
2.87708,14.9228,-0.0616901
3.94677,14.9731,-0.0666372
4.96644,15.0138,-0.164757
6.00085,14.981,-0.0201483
6.98525,15.0157,-0.145085
8.04829,15.0327,-0.0888455
9.07583,15.087,-0.0068392
10.0543,15.0974,0.204276
10.97,14.9183,-0.219871
11.9854,15.0249,-0.0285775
12.9771,14.9687,0.343587
13.9281,15.0072,-0.033021
14.9905,14.993,0.0667196
15.9634,14.9431,0.227314
16.9483,14.9342,-0.0175695
17.9444,15.0172,0.0239998
19.0068,15.0342,-0.119752
-0.0266671,16.0056,0.240425
0.958043,15.9953,0.0566973
1.95844,15.9966,0.0658925
2.92648,15.9438,-0.173794
3.91411,15.9583,-0.180096
4.87316,15.9354,0.226395
5.91791,15.9609,-0.0175726
6.98952,16.0449,-0.1653
7.94011,16.0074,-0.350438
8.9457,16.0461,-0.258669
9.94311,16.0363,-0.142604
10.9458,15.857,0.0439405
11.9525,15.9731,0.189904
12.9703,15.9811,0.179662
14.0332,16.0259,0.134318
14.9884,16.0333,-0.0436079
15.9572,15.9496,0.231269
16.9369,15.9491,0.0209571
17.9321,15.9758,0.223383
18.9819,16.0519,0.0138127
0.0299417,16.9967,-0.00837123
1.06457,17.0463,0.11847
2.05094,17.0327,0.203308
2.88036,16.9931,-0.345161
3.89731,16.9895,-0.163289
4.90262,17.0045,0.121586
5.87118,16.9711,-0.114438
6.89618,17.0426,0.00694906
7.91623,16.958,-0.0604999
8.95209,17.0349,-0.0340922
9.94025,17.0476,-0.0678518
10.9551,16.9073,-0.0421216
11.9175,16.9644,0.227174
12.9718,16.9855,0.164394
13.9642,17.0443,0.00937529
15.0078,17.0647,-0.0374737
16.0478,16.9711,0.142653
17.0676,16.9524,0.263921
18.0543,17.0005,0.0379406
19.0017,17.0595,-0.200592
0.0612781,17.9964,0.181307
1.02777,18.0174,0.390216
1.91877,17.9593,-0.118564
2.91064,18.0033,-0.105182
3.93397,17.9893,-0.0035493
4.9815,17.9799,0.189273
5.92777,17.9414,-0.143168
6.91693,18.0465,-0.0123081
7.92513,17.9686,0.132118
8.92829,18.0367,-0.0390332
9.9831,18.0597,-0.0701437
10.9699,17.9037,-0.0333659
11.9452,17.9852,-0.160585
12.8792,18.0234,0.319651
13.9153,18.0369,0.209598
14.8954,18.0945,0.0483169
15.9003,17.9501,-0.184848
16.9407,17.9568,-0.0340281
17.9371,17.9862,-0.0757469
18.959,18.0151,0.131812
-0.0470077,18.9371,-0.221238
0.95078,18.9471,0.0613422
1.98156,18.9832,-0.284854
2.92049,19.0216,0.0883633
3.91847,19.041,0.0347789
4.92918,19.0105,0.128144
5.96331,18.9694,0.0496841
6.97191,19.0188,0.138841
7.94736,18.9576,0.142805
8.93833,19.0064,0.136207
9.88884,19.0507,-0.240123
10.8974,19.0013,-0.208075
11.8799,18.9534,0.0146062
12.8258,19.0528,0.0935759
13.8417,18.9817,-0.094998
14.8697,19.0438,-0.285409
15.8225,19.0167,-0.0578539
16.8681,19.0063,0.0111881
17.8744,18.9833,-0.199664
18.9559,19.0134,-0.118317
