0.112098,0.155013,-1.32058
0.00597858,1.46361,-1.32654
0.0111026,2.729,-1.31506
0.0553728,3.97041,-1.4655
0.0648946,5.25238,-1.59435
0.0949583,6.49316,-1.72736
0.172485,7.72997,-1.80239
0.152919,8.9355,-1.95329
0.171014,10.1186,-2.08969
0.354393,11.2614,-2.28202
0.608966,12.4455,-2.36839
0.710263,13.5787,-2.29967
0.391409,14.5536,-1.90915
0.223267,15.5345,-1.54973
0.108939,16.443,-1.13242
0.250117,17.4683,-1.13269
-0.117557,18.1888,-0.524735
-0.0407575,17.5331,-1.24916
0.137129,18.2495,-0.434184
-0.0519669,19.0074,0.195325
0.856224,0.940565,-1.39873
0.802112,2.14265,-1.40134
0.849156,3.32033,-1.46063
0.968285,4.47556,-1.68128
0.989346,5.69258,-1.81264
1.04471,6.91537,-1.90389
1.07424,8.12857,-2.09716
1.08592,9.31801,-2.25175
1.11672,10.5277,-2.42146
1.33563,11.6828,-2.70064
1.697,12.9066,-2.71528
1.66884,14.1017,-2.56249
1.1048,14.9974,-2.39514
1.24523,15.8071,-1.68894
1.22287,16.4805,-0.975491
1.40762,17.4421,-1.13209
0.91286,18.1481,-0.645219
0.934181,17.2409,-1.00059
1.09619,18.2023,-0.821445
0.812616,19.0193,-0.284841
1.85645,1.20359,-1.36583
1.81779,2.39637,-1.52799
1.85596,3.58256,-1.74249
1.95584,4.79409,-1.79265
1.98919,6.01962,-1.93859
1.9845,7.28263,-1.99512
2.00999,8.55237,-2.24097
2.00769,9.77786,-2.52441
2.04225,11.0297,-2.79693
2.18806,12.3479,-3.04295
2.79286,13.5802,-3.13221
2.59448,14.8137,-2.36227
1.63594,15.734,-2.04318
2.15837,16.2762,-1.22541
1.82074,17.4031,-1.21028
2.16258,16.8643,-0.582537
1.85881,17.841,-0.689608
1.901,16.8622,-0.7378
1.98496,17.9085,-0.507465
1.88296,18.9499,-0.400452
2.84608,0.960289,-1.37217
2.89013,2.14541,-1.40145
2.86908,3.28218,-1.53389
2.88861,4.45601,-1.65485
2.88747,5.59695,-1.71437
2.86196,6.79331,-1.91402
2.90743,7.96498,-2.13162
2.84117,9.12937,-2.33168
2.78605,10.3738,-2.46464
2.78999,11.5312,-2.73441
2.8754,12.6732,-2.69722
2.71083,13.7887,-2.37666
2.46879,14.7912,-1.90307
2.99276,15.6016,-1.34291
2.46368,16.3851,-1.01485
2.99235,17.1585,-1.26088
2.85344,17.7871,-0.461678
2.86894,17.0579,-1.135
2.99984,18.0433,-0.691861
2.93436,19.0147,-0.432575
3.8744,0.617692,-1.24832
3.81183,1.72734,-1.41943
3.79811,2.82797,-1.36016
3.74214,3.93724,-1.46597
3.80712,5.11867,-1.4949
3.7767,6.29417,-1.66804
3.73754,7.40853,-1.95628
3.72814,8.60103,-2.06733
3.5624,9.67357,-2.15005
3.42179,10.7906,-2.39712
3.50737,11.9182,-2.48071
3.46051,13.0478,-2.41908
3.34898,13.931,-1.82622
3.62671,14.7829,-1.28122
3.41433,15.7671,-1.00627
3.84762,16.6719,-0.980789
3.78592,17.4533,-0.343846
3.83802,17.3213,-1.32064
4.00583,18.1708,-0.727375
3.93978,19.1749,-0.429112
4.87582,0.419504,-1.22608
4.85243,1.54541,-1.32616
4.83904,2.69597,-1.33282
4.82241,3.83866,-1.38193
4.73862,4.91174,-1.38383
4.75131,6.00482,-1.60831
4.70032,7.08333,-1.80219
4.70426,8.17601,-1.94007
4.55456,9.25248,-1.92827
4.38753,10.3391,-2.06609
4.37859,11.3536,-2.27606
4.28628,12.3918,-2.08697
4.38159,13.4481,-1.97871
4.52026,14.3249,-1.47164
4.38132,15.2717,-1.04501
4.7598,16.2327,-0.867931
4.73265,17.0518,-0.268474
4.86485,17.434,-1.17648
5.01817,18.3062,-0.662957
4.82914,19.0034,0.0346965
5.89421,0.154781,-1.09788
5.85135,1.25308,-1.16053
5.7615,2.36974,-1.13445
5.75472,3.4606,-1.12096
5.71259,4.56207,-1.26537
5.71664,5.65417,-1.46483
5.69325,6.74345,-1.58028
5.60931,7.74501,-1.70288
5.53418,8.81124,-1.82586
5.33627,9.83409,-1.89492
5.29695,10.9027,-1.98561
5.22611,11.9591,-2.02712
5.35833,12.9199,-1.76428
5.46502,13.889,-1.40117
5.40737,14.7946,-0.986373
5.68195,15.7808,-0.864745
5.69724,16.7007,-0.388232
5.92903,17.3784,-1.07422
6.00599,18.2304,-0.523194
5.86147,18.9912,0.166417
6.89163,0.0940703,-0.872066
6.83446,1.0897,-1.05475
6.77025,2.17892,-1.09409
6.74612,3.21392,-1.14538
6.74745,4.30331,-1.31813
6.68259,5.36512,-1.3574
6.7054,6.42891,-1.53221
6.56965,7.45945,-1.57909
6.51908,8.52378,-1.59813
6.34138,9.55356,-1.70848
6.29265,10.5796,-1.78866
6.26066,11.6077,-1.76244
6.34743,12.6395,-1.55955
6.44423,13.633,-1.32892
6.44237,14.5899,-0.950649
6.75647,15.5726,-0.770168
6.72783,16.4919,-0.417966
6.94632,17.3467,-0.894717
7.09454,18.2937,-0.706482
6.85433,18.8643,0.122868
7.94705,0.04785,-0.784256
7.88039,1.04683,-0.888534
7.83301,2.08368,-0.883761
7.76789,3.03165,-1.20617
7.76297,4.1196,-1.2479
7.69048,5.15706,-1.42243
7.60689,6.16523,-1.16253
7.55853,7.17343,-1.36731
7.4733,8.23522,-1.29581
7.38067,9.24597,-1.60103
7.30853,10.2872,-1.58951
7.32773,11.308,-1.60054
7.34103,12.3391,-1.39777
7.45326,13.3344,-1.09932
7.48819,14.3257,-0.901004
7.74058,15.3284,-0.709186
7.76995,16.3487,-0.601086
7.94689,17.286,-0.959465
8.12141,18.2987,-0.770351
7.80135,19.0606,-0.152767
8.97544,-0.10405,-0.743132
8.91307,0.983602,-0.839817
8.85766,1.99152,-1.00317
8.78527,3.03046,-1.24162
8.80852,4.05779,-1.12159
8.69795,5.0726,-1.25965
8.64416,6.08296,-1.09456
8.56052,7.09845,-1.12456
8.51553,8.14353,-1.36149
8.3762,9.13874,-1.40293
8.37947,10.1795,-1.41491
8.3236,11.1954,-1.39396
8.36614,12.2401,-1.18411
8.5256,13.1966,-0.916773
8.56361,14.2207,-0.867931
8.72806,15.1728,-0.754671
8.7984,16.1784,-0.642375
8.94154,17.1734,-0.707526
8.99736,18.1423,-0.254118
8.82208,19.1498,-0.215839
10.0057,-0.185296,-0.685354
9.90054,0.861522,-0.701227
9.86557,1.97263,-0.8176
9.78271,2.9724,-0.969051
9.85308,3.9952,-1.11819
9.78338,4.9836,-1.131
9.73007,6.00743,-1.0375
9.63176,7.02244,-1.09224
9.51853,8.04414,-1.20419
9.49669,9.06483,-1.25843
9.4299,10.0997,-1.24465
9.36349,11.0964,-1.37069
9.37883,12.0864,-1.11229
9.60561,13.078,-0.985571
9.67623,14.0867,-0.756935
9.77021,15.1081,-0.844081
9.81832,16.1226,-0.561946
9.95367,17.1321,-0.656795
10.0143,18.0621,-0.368383
9.88267,19.0894,-0.296152
11.0256,-0.0720328,-0.549275
10.9087,0.936287,-0.515271
10.8414,1.9751,-0.626682
10.8173,2.98696,-0.923417
10.913,3.99539,-1.1624
10.7789,5.06881,-0.969259
10.7197,6.01889,-0.75074
10.6221,7.00828,-0.942961
10.554,8.05376,-1.1325
10.5237,9.04495,-1.07005
10.4712,10.0364,-1.00251
10.454,11.0784,-1.01781
10.4668,12.0874,-0.904587
10.5868,13.104,-0.731474
10.6445,14.0909,-0.961678
10.8259,15.0916,-0.738948
10.8345,16.1072,-0.707779
11,17.0882,-0.660222
10.9807,18.0801,-0.459532
10.9234,19.0743,-0.489474
12.0124,0.0775628,-0.431962
11.9265,1.06593,-0.523984
11.8638,2.09221,-0.634013
11.7941,3.08356,-0.608939
11.8893,4.04851,-0.845888
11.8203,5.09153,-0.90144
11.757,6.09225,-0.739253
11.6793,7.10342,-0.774859
11.6552,8.03247,-1.15295
11.583,9.01062,-1.00795
11.5118,9.99382,-0.941423
11.5355,11.0335,-0.769012
11.5296,12.0547,-0.89653
11.6541,13.0962,-0.698495
11.6837,14.1107,-0.773653
11.8503,15.1369,-0.782089
11.8503,16.1419,-0.705881
12.0337,17.1481,-0.620212
11.9893,18.0973,-0.272594
11.9455,19.0889,-0.443043
13.0177,0.0190527,-0.245054
12.9976,1.0269,-0.436247
12.8941,2.02008,-0.46751
12.8164,3.00169,-0.347658
12.8583,3.9458,-0.672967
12.8563,4.93298,-0.799744
12.8067,5.91127,-0.665462
12.7349,6.91336,-0.85555
12.7167,7.96508,-0.989062
12.6296,8.99407,-0.994281
12.5604,9.97525,-0.813358
12.6439,11.0318,-0.655574
12.5567,12.0642,-0.645082
12.6872,13.0428,-0.545207
12.7018,14.0551,-0.661669
12.7701,15.0198,-0.426157
12.8469,16.0615,-0.317747
13.0238,17.0811,-0.330625
13.0072,18.1086,-0.211927
12.9544,19.1209,-0.219181
13.9936,-0.136433,-0.289862
14,0.867855,-0.256465
13.9342,1.86824,-0.448619
13.7862,2.87127,-0.53361
13.8838,3.88376,-0.631358
13.9547,4.93446,-0.851534
13.8559,5.93359,-0.69563
13.813,6.95454,-0.75497
13.7682,7.94269,-0.92241
13.6953,8.97076,-0.853612
13.5921,9.96378,-0.609763
13.6946,11.035,-0.714072
13.619,12.0424,-0.669008
13.6845,13.0816,-0.626173
13.773,14.0843,-0.554994
13.8505,15.0801,-0.484576
13.8774,16.0909,-0.324024
14.0524,17.0734,-0.326945
14.0161,18.1539,-0.192904
13.9951,19.1435,0.0645528
15.0784,-0.144621,-0.414478
15.0174,0.888867,-0.331928
14.9817,1.90355,-0.489199
14.8383,2.91107,-0.467876
14.9168,3.92371,-0.583178
14.9178,4.9325,-0.520304
14.8608,5.95162,-0.655303
14.8146,6.94179,-0.738203
14.8174,7.91615,-0.86993
14.789,8.93836,-0.793783
14.6963,9.93859,-0.627915
14.7594,11.0193,-0.605957
14.7154,12.0468,-0.726597
14.7477,13.0817,-0.496542
14.7817,14.1053,-0.610044
14.8755,15.0601,-0.308014
14.905,16.0877,-0.103281
15.0132,17.1395,-0.0229682
15.0129,18.1741,0.0140568
15.0076,19.1736,0.203601
16.1214,-0.162572,-0.389758
16.0667,0.812177,-0.528288
15.9992,1.7949,-0.448991
15.8856,2.8397,-0.22819
15.8878,3.88427,-0.414292
15.9712,4.87057,-0.435029
15.8485,5.93692,-0.524647
15.8053,6.94858,-0.712241
15.8209,7.99598,-0.849187
15.8251,8.98618,-0.624912
15.7502,10.0502,-0.529395
15.7764,11.0883,-0.457604
15.7932,12.0825,-0.553932
15.7765,13.0795,-0.360475
15.7851,14.0968,-0.366317
15.9016,15.1027,-0.275561
15.9644,16.0834,-0.00465102
16.07,17.1097,-0.161504
16.0461,18.1464,0.122092
16.0436,19.1738,0.328623
17.146,-0.149086,-0.269414
17.0992,0.833329,-0.370205
17.0292,1.82018,-0.432783
16.8618,2.83244,-0.280358
16.8769,3.90964,-0.444966
17.0221,4.87365,-0.497983
16.9328,5.85352,-0.548592
16.8338,6.90289,-0.723505
16.8649,7.95333,-0.828004
16.8755,8.931,-0.582315
16.7691,9.96507,-0.590039
16.8405,11.0092,-0.436033
16.8266,11.9963,-0.344267
16.7973,12.9862,-0.199832
16.799,13.9946,-0.177993
16.9245,14.9769,-0.0522263
16.9964,15.9879,-0.153264
17.0178,17.015,-0.0405591
17.0308,17.9718,0.321043
17.015,18.9986,0.232112
18.1535,-0.181191,-0.220243
18.0799,0.875829,-0.406973
18.0444,1.9037,-0.53018
17.9014,2.88035,-0.142366
17.8774,3.89854,-0.206836
17.9883,4.94368,-0.341343
17.9994,5.91534,-0.700531
17.9134,6.94081,-0.731388
17.9116,7.94342,-0.685665
17.911,8.95566,-0.427213
17.8271,9.97431,-0.45761
17.854,10.9797,-0.197864
17.8621,11.978,-0.473244
17.8517,12.9311,-0.37384
17.8694,13.8707,-0.00554827
17.9552,14.8787,-0.0204688
18.0316,15.8643,-0.0721366
18.0461,16.8809,0.0965606
18.0716,17.9008,0.199573
17.9473,18.9344,0.529548
19.1435,0.0297159,-0.365389
19.1002,1.00891,-0.539616
19.0454,2.02098,-0.37369
18.9328,3.00187,-0.137281
18.8868,4.0314,-0.196918
18.9896,4.99893,-0.483639
19.0063,6.02313,-0.561272
18.8946,6.9514,-0.885052
18.9818,7.9961,-0.690832
18.9393,9.05061,-0.60979
18.9262,10.0319,-0.396158
18.9386,11.0244,-0.260729
18.9312,12.0281,-0.359862
18.881,13.0831,-0.371688
18.9069,14.0238,-0.0152348
18.9764,15.0061,-0.107871
19.0676,15.995,-0.0823084
18.9889,16.9925,-0.170077
19.0863,18.0046,0.0648274
18.9212,18.9616,0.330952
