0.154097,0.482055,-2.03789
0.115635,1.76496,-2.15423
0.136036,2.99593,-2.19294
0.18702,4.25741,-2.30272
0.189767,5.54821,-2.32826
0.15526,6.84204,-2.42471
0.153627,8.09805,-2.5286
0.309247,9.27002,-2.58499
0.430564,10.4506,-2.86921
0.772689,11.5807,-2.9293
1.22466,12.676,-3.01138
1.03471,13.8042,-2.77139
0.550313,14.6502,-2.3045
0.50459,15.7227,-2.17407
0.0833705,16.6263,-1.81022
0.452571,17.4681,-1.42206
-0.175719,18.2614,-1.12344
0.0705527,17.2921,-1.14247
-0.0168767,18.2245,-0.801044
-0.0136601,18.993,-0.13997
0.874709,1.301,-2.09823
0.880612,2.46154,-2.191
0.939817,3.65409,-2.33361
1.00684,4.83017,-2.43348
1.06817,6.08172,-2.45591
1.10804,7.28969,-2.65949
1.15464,8.52597,-2.77331
1.23128,9.72386,-2.87598
1.39512,10.9745,-3.0824
1.70595,12.148,-3.27519
2.05265,13.3323,-3.55803
1.95226,14.3598,-3.15956
1.3742,15.1646,-2.73924
1.5501,16.0707,-2.33714
1.12887,16.6469,-1.58985
1.51727,17.5402,-1.71822
0.914713,18.1852,-1.28892
1.12229,17.2461,-1.36988
0.945457,18.2087,-1.2325
0.878683,19.0448,-0.67178
1.84497,1.66892,-2.10379
1.87408,2.81497,-2.33097
1.90815,4.00532,-2.22899
1.97461,5.22626,-2.37983
2.06561,6.42882,-2.59984
2.10204,7.65666,-2.79434
2.10529,8.90026,-2.95074
2.15682,10.1595,-3.15535
2.30746,11.4712,-3.39014
2.51825,12.7973,-3.66384
2.9335,14.1836,-3.98452
2.63454,15.3607,-3.30846
1.89808,15.7876,-2.14483
2.36015,16.761,-2.22391
1.72925,17.437,-1.68171
2.47064,16.9359,-1.79062
1.9131,17.982,-1.62113
2.15755,17.0509,-1.39029
1.96913,18.0698,-1.23287
1.79883,19.0475,-1.13421
2.85155,1.37268,-2.04451
2.87061,2.53298,-2.19447
2.90294,3.70986,-2.33482
2.92282,4.89894,-2.40915
3.03279,6.07314,-2.54755
3.04021,7.23119,-2.67953
2.99681,8.39819,-2.86072
3.01089,9.55313,-3.07491
3.00451,10.741,-3.22994
3.03714,11.9503,-3.35329
3.05968,13.1535,-3.34178
3.0054,14.2592,-3.14421
2.64389,14.9308,-2.36941
2.84302,15.9053,-2.19697
2.64616,16.7544,-1.65307
3.20096,17.4225,-2.12333
2.83062,17.6766,-1.23643
2.89613,17.2872,-2.14589
2.98942,18.127,-1.47058
2.81055,19.0495,-1.15432
3.83128,1.08477,-2.14047
3.83505,2.19006,-2.14598
3.86689,3.29558,-2.25711
3.81143,4.41257,-2.33274
3.87383,5.54003,-2.3627
3.83439,6.69992,-2.41741
3.83551,7.82976,-2.54998
3.79388,8.93808,-2.80757
3.74548,10.0572,-2.89313
3.75087,11.1802,-3.06741
3.66923,12.2661,-3.06978
3.62135,13.3543,-3.01974
3.52037,14.1401,-2.34895
3.66532,15.1662,-2.1453
3.55867,16.0543,-1.69022
4.03315,16.8933,-2.0302
3.75332,17.3116,-1.15714
3.89651,17.4871,-2.11673
4.01807,18.3917,-1.59266
3.77708,19.2046,-1.11386
4.86563,0.790381,-2.17093
4.8717,1.84295,-2.28534
4.86063,2.93083,-2.27781
4.74904,3.99761,-2.25538
4.80351,5.0834,-2.26706
4.74088,6.18518,-2.35001
4.70587,7.28621,-2.38371
4.67611,8.39852,-2.54624
4.61773,9.45025,-2.66078
4.5041,10.5015,-2.77818
4.51979,11.5349,-2.84316
4.46715,12.6435,-2.76514
4.41019,13.5627,-2.24825
4.55734,14.5768,-2.11913
4.49127,15.493,-1.65711
4.86778,16.2742,-2.09984
4.75308,17.0164,-1.4158
4.88405,17.5901,-2.26748
5.06702,18.2377,-1.5163
4.71099,18.9583,-0.869652
5.82635,0.355748,-2.17914
5.78129,1.45212,-2.15935
5.80624,2.55052,-2.13429
5.71397,3.66294,-2.28755
5.72156,4.71627,-2.33242
5.67622,5.80588,-2.25222
5.61683,6.86845,-2.37292
5.60981,7.93313,-2.45703
5.53557,8.98914,-2.46233
5.46888,9.97526,-2.68181
5.38968,11.0603,-2.54674
5.29361,12.1435,-2.44948
5.34514,13.0954,-2.07992
5.48905,14.1373,-1.8987
5.53803,15.1272,-1.66221
5.88946,16.1096,-1.88541
5.75692,16.8549,-1.25781
5.88962,17.5173,-2.00678
6.05907,18.1496,-1.26562
5.75514,18.9771,-0.835859
6.85635,0.174056,-2.17974
6.73017,1.21904,-2.02806
6.8094,2.29391,-2.109
6.71009,3.35404,-2.16526
6.70949,4.40738,-2.20972
6.66189,5.4406,-2.21416
6.669,6.51234,-2.17301
6.56401,7.57947,-2.13897
6.4945,8.63716,-2.2897
6.42375,9.63902,-2.33951
6.39013,10.6551,-2.37303
6.25597,11.6368,-2.21158
6.35181,12.6295,-2.08459
6.42778,13.6299,-1.88642
6.46799,14.6143,-1.56948
6.71686,15.5797,-1.65796
6.75065,16.5296,-1.3162
6.84617,17.3196,-1.97491
7.06216,18.1096,-1.34729
6.81068,18.9447,-0.815622
7.79225,-0.0207739,-1.87241
7.74519,1.0283,-1.8911
7.82167,2.08701,-2.08861
7.72618,3.20425,-2.00119
7.69691,4.19303,-2.12027
7.67435,5.27188,-2.04335
7.6508,6.36319,-2.16931
7.5479,7.34209,-2.11358
7.45376,8.35632,-2.15036
7.44011,9.38424,-2.27374
7.40829,10.4117,-2.11367
7.32568,11.4196,-2.00509
7.38968,12.4483,-2.03775
7.41185,13.4335,-1.89359
7.51656,14.3627,-1.56229
7.74461,15.3584,-1.84909
7.74492,16.2765,-1.41621
7.88568,17.2762,-1.80479
8.00364,17.8535,-1.01225
7.82638,18.8587,-0.946461
8.79501,-0.118052,-1.7054
8.76767,0.922306,-1.80824
8.83318,2.01354,-1.93069
8.76689,3.01038,-1.95484
8.76068,4.10672,-2.018
8.68899,5.12905,-1.8335
8.62224,6.14242,-2.02449
8.60979,7.17102,-2.03008
8.46207,8.18676,-1.92115
8.45434,9.15958,-2.13378
8.39705,10.2211,-2.11385
8.42022,11.1922,-1.93037
8.40775,12.1705,-1.88021
8.4359,13.1606,-1.88756
8.55797,14.1599,-1.59478
8.76108,15.1548,-1.7982
8.74495,16.1983,-1.70692
8.95642,17.2569,-1.68079
8.96756,18.0787,-1.05189
8.83069,19.095,-0.968157
9.7952,-0.270473,-1.56926
9.73501,0.759172,-1.71491
9.85417,1.85846,-1.79572
9.79497,2.88231,-1.91068
9.77046,3.95744,-1.79046
9.72514,4.9879,-1.81768
9.63899,5.97897,-1.80238
9.59097,7.00896,-1.73925
9.55174,8.03903,-1.86026
9.52883,9.08625,-1.91703
9.38654,10.1069,-1.94447
9.51327,11.0529,-1.87967
9.45503,12.0658,-1.7831
9.51112,13.0902,-1.73603
9.56203,14.0949,-1.74923
9.7091,15.0836,-1.42566
9.79054,16.1101,-1.57589
9.9095,17.1143,-1.36977
10.036,18.1209,-1.14005
9.8503,19.1105,-0.972304
10.795,-0.185153,-1.42859
10.7368,0.859822,-1.47956
10.8896,1.86332,-1.71405
10.8059,2.88874,-1.67822
10.7997,3.98711,-1.66878
10.7458,5.05815,-1.74206
10.6664,6.06458,-1.8397
10.5942,7.02656,-1.50725
10.5855,8.05831,-1.64784
10.5979,9.05384,-1.87706
10.4171,10.0464,-1.85442
10.5772,11.0881,-1.64602
10.4531,12.1469,-1.66772
10.5942,13.159,-1.62388
10.5845,14.1785,-1.5195
10.7215,15.1632,-1.5596
10.8067,16.1557,-1.32871
10.9791,17.148,-1.40238
11.091,18.1812,-1.26435
10.8492,19.1474,-0.994717
11.8607,-0.0518326,-1.48415
11.7605,0.963878,-1.42806
11.9348,1.94732,-1.64434
11.8628,2.98498,-1.53367
11.7938,3.97308,-1.75877
11.7579,5.02453,-1.79681
11.7242,6.04939,-1.8699
11.6907,7.05975,-1.5924
11.6142,8.02352,-1.55756
11.5768,9.06023,-1.68178
11.4736,10.0717,-1.61892
11.5936,11.0617,-1.62084
11.5215,12.0676,-1.6052
11.5829,13.0792,-1.49609
11.6246,14.0866,-1.60336
11.7408,15.0721,-1.42132
11.791,16.0859,-1.24833
12.0081,17.0703,-1.3871
12.0968,18.053,-1.14885
11.8969,19.0222,-0.944905
12.8478,-0.0856563,-1.67994
12.7716,0.934486,-1.39582
12.9483,1.94831,-1.38842
12.832,2.95899,-1.22954
12.7868,3.94444,-1.51028
12.747,4.95887,-1.66385
12.7418,5.95301,-1.5747
12.6517,6.9512,-1.32998
12.7029,7.99108,-1.39912
12.6444,9.02717,-1.42528
12.5769,10.0286,-1.53278
12.6411,11.0212,-1.59543
12.566,12.0717,-1.49268
12.6016,13.1013,-1.54691
12.6768,14.1549,-1.34619
12.7578,15.1128,-1.23282
12.827,16.1499,-1.1754
12.9507,17.132,-1.057
13.1028,18.1033,-0.940965
12.9586,19.1443,-0.896323
13.8176,-0.205927,-1.35066
13.8313,0.815107,-1.35448
13.9578,1.82914,-1.60068
13.8802,2.86365,-1.24472
13.7714,3.85833,-1.34537
13.7721,4.87863,-1.38367
13.8213,5.96257,-1.41363
13.658,6.95541,-1.12398
13.7218,8.02263,-1.22564
13.7085,9.06965,-1.21233
13.5891,10.0816,-1.30946
13.7219,11.0817,-1.4759
13.6276,12.0958,-1.47338
13.6466,13.1192,-1.27847
13.6967,14.1649,-1.2693
13.8395,15.1663,-1.20307
13.9084,16.2004,-1.1373
14.0028,17.2066,-1.0816
14.0912,18.1581,-0.776147
13.9991,19.2146,-0.87196
14.9112,-0.263555,-1.3075
14.8702,0.736189,-1.28603
14.8948,1.81715,-1.1271
14.8745,2.85638,-1.07944
14.7791,3.87103,-1.05254
14.7591,4.94286,-1.17722
14.8096,5.97087,-1.24307
14.6971,6.98271,-1.3174
14.7849,8.01415,-1.26824
14.7798,9.01632,-1.19116
14.6128,9.99843,-1.09402
14.7251,11.0381,-1.26026
14.6829,12.0356,-1.3293
14.7166,13.1546,-1.34009
14.7392,14.166,-1.21078
14.8404,15.1757,-1.17909
14.9106,16.1937,-1.08099
15.082,17.2079,-0.934843
15.1781,18.194,-0.681854
15.0018,19.2018,-0.929048
15.9493,-0.222877,-1.25323
15.8679,0.778195,-0.998514
15.8818,1.77899,-1.06729
15.9385,2.76472,-1.09615
15.7788,3.85877,-1.0756
15.7575,4.89379,-1.33418
15.8471,5.90277,-1.19986
15.7343,6.90967,-1.04049
15.8082,7.96689,-1.15168
15.8201,9.03165,-1.13323
15.6908,10.0208,-1.20439
15.7481,11.0419,-1.27273
15.7574,12.0162,-1.20798
15.7502,13.0763,-1.1887
15.7605,14.0786,-1.16286
15.9257,15.1243,-1.09284
15.931,16.1673,-1.20743
16.0956,17.2051,-1.16181
16.1925,18.2339,-0.915622
15.9416,19.1529,-0.477718
16.9669,-0.285379,-1.15192
16.9497,0.791314,-1.08576
16.9126,1.79474,-1.00345
16.9824,2.82077,-1.06721
16.8137,3.79281,-0.981704
16.7526,4.90101,-1.09559
16.922,5.92692,-1.17839
16.7848,6.98435,-1.09275
16.8255,7.99637,-1.14751
16.9202,9.05696,-1.15186
16.7466,10.1019,-0.988806
16.8139,11.0914,-1.17795
16.787,12.144,-1.3658
16.7952,13.1938,-1.20448
16.8143,14.2228,-1.22217
16.9723,15.2263,-1.10437
16.953,16.2378,-1.23972
17.0599,17.2329,-0.970663
17.1865,18.187,-0.633064
16.9716,19.1914,-0.382287
18.0367,-0.248183,-1.05595
17.9331,0.826704,-0.97625
17.9673,1.86414,-0.971807
17.9931,2.87857,-1.17128
17.8206,3.90975,-0.961342
17.8142,4.97672,-1.06051
17.9407,5.96196,-1.20869
17.8466,6.99592,-1.14386
17.893,8.05494,-1.04621
17.9404,9.09628,-0.987722
17.7963,10.1578,-0.989966
17.8532,11.1286,-1.24792
17.8575,12.1864,-1.17008
17.8591,13.26,-1.21191
17.8794,14.2173,-1.09363
17.9931,15.2412,-1.01389
18.0205,16.2306,-1.12209
18.1036,17.2423,-0.952419
18.2215,18.1979,-0.625401
18.0012,19.0695,-0.183724
19.0679,0.0601215,-0.973644
18.9298,1.04722,-0.994308
19.0017,2.03837,-1.15491
19.0148,3.04849,-1.12251
18.8418,4.0594,-1.02217
18.8754,5.08544,-1.10425
19.0185,6.12757,-1.10653
18.894,7.11778,-1.06775
18.9099,8.10938,-1.00366
19.0136,9.17094,-0.979241
18.8427,10.1473,-0.87831
18.8995,11.1507,-1.04761
18.902,12.1985,-1.14898
18.8819,13.1898,-1.1118
18.9186,14.1945,-0.952519
19.0442,15.1997,-1.00318
19.0833,16.235,-1.0843
19.0827,17.1527,-0.696295
19.2633,18.0706,-0.340461
19.0207,19.0727,-0.105258
