7.5058,-4.22364,3.67851
-11.2882,-16.7485,-0.919779
-3.12801,7.48109,-8.7172
19.463,-0.734312,11.8983
9.11119,-0.190103,-6.31967
-8.652,-0.512436,2.0071
7.5108,10.2751,-0.450313
3.9713,11.2637,-5.93576
12.1786,6.04154,-12.2409
4.42347,6.18227,-8.11168
1.55282,-5.47576,0.991144
-4.13205,-8.17158,-1.11883
1.26471,0.261003,-1.85498
10.1226,-0.195465,4.65451
5.86147,0.4009,-0.488672
-0.915217,1.45948,0.619413
3.24634,6.00199,-0.609622
3.78619,7.84601,-3.98374
4.45941,6.48256,-7.43261
-3.51194,6.23112,-4.27486
2.1984,-1.61085,-0.48066
-0.370519,-3.67933,-0.67908
2.76108,-1.26527,0.354436
6.23865,-0.146999,2.31947
4.47147,1.38599,1.12565
2.03752,2.83451,0.701575
2.55795,5.37136,-0.0686117
2.9192,7.5181,-1.44734
2.30928,8.52001,-3.16357
-0.959261,9.5776,-1.30785
3.72917,2.62579,-1.40707
2.15666,0.380123,-0.782394
3.61335,0.982904,0.335948
4.89153,1.41584,1.67805
4.21652,2.99835,1.83831
3.1042,4.49922,1.68967
3.02065,6.53767,1.35248
2.71496,8.6293,0.899594
1.62421,10.694,0.880166
-0.527839,13.1463,2.68729
5.54618,6.99248,-2.50428
4.31596,4.13844,-0.858327
4.61914,3.13248,0.581362
4.88736,3.16662,2.07486
4.49758,4.23118,3.00575
3.78486,5.71413,3.00474
3.37986,7.58755,2.84945
2.87805,9.76697,3.20252
2.05468,12.3305,4.61232
-0.901297,17.4413,6.32908
7.62712,11.4023,-4.1933
6.17644,7.16774,0.0890011
5.62618,4.99758,1.37045
5.32882,4.49772,3.04792
4.96282,4.92053,4.5925
4.37102,6.06948,4.79971
4.19604,7.33852,4.26085
4.46363,8.64773,4.09881
5.63925,8.32912,4.78924
9.12314,4.43771,5.16583
0.557631,9.21116,5.28057
5.46074,3.77792,4.62013
6.07518,3.93169,3.10337
5.56784,4.64401,4.73494
5.16742,5.30382,6.53552
4.63478,6.46278,6.69453
4.90624,7.16129,5.75695
5.75388,7.42002,4.85122
7.23411,6.24405,4.73704
8.80771,3.99372,4.72709
13.4741,-10.0645,10.6429
9.46071,-2.85645,6.5424
7.30313,2.18581,3.13061
5.77316,4.92278,6.31277
4.99276,6.05195,8.85228
4.65524,6.94442,8.61193
5.29952,7.21295,7.34631
6.27016,7.10432,6.21807
7.76596,6.75877,5.47232
10.0305,5.88045,4.94722
1.33285,-9.98548,-1.9189
8.28374,-4.07978,2.72635
5.83688,6.19729,-1.80305
4.36834,7.7255,9.04389
4.22613,7.31664,11.934
4.48942,7.4089,10.692
4.95006,7.43755,9.01577
5.51068,7.46753,7.40295
5.5889,7.52868,5.74402
3.5836,8.41502,5.21232
8.47559,-9.78653,4.01303
15.6573,-9.52169,10.0364
4.76686,13.4947,-13.6232
2.85686,9.84739,20.0245
3.5322,8.44172,15.76
4.13456,7.99978,12.9731
4.64809,7.70629,10.7324
5.04322,7.68367,8.79722
5.10641,7.80905,7.08588
4.52377,8.22425,5.90505
