0.028367,0.0186193,0.0898434
1.02543,0.0117435,0.187011
1.97219,0.0149449,-0.0648671
2.99387,0.00569781,-0.22468
3.99304,-0.000714133,-0.0150578
4.96152,0.0235755,0.0192541
5.99729,0.0182104,-0.153999
6.95785,-0.0060976,0.143223
7.92694,0.0915555,-0.0282601
8.89476,-0.0421522,-0.292837
9.90095,0.0356639,-0.140898
10.9015,0.0651173,-0.13567
11.937,0.0269509,0.0422956
12.9414,0.0350291,0.0351939
13.9582,-0.0137181,-0.0443403
14.9785,-0.00373241,-0.0920713
15.9757,0.0416211,-0.0148869
16.9892,0.0328684,-0.0346324
17.9949,-0.0369732,-0.178829
18.9823,0.0199683,0.0271828
-0.0416913,0.965877,-0.258641
0.950661,0.96346,-0.0734184
1.96888,1.02481,-0.00451674
2.95838,1.06899,-0.206397
3.95225,0.987774,0.0738365
5.00781,1.03267,0.13137
5.97698,1.02262,0.0391705
7.00002,1.03704,0.0361278
7.98492,1.05273,-0.195047
8.96774,0.960811,-0.0310709
9.98933,1.08282,-0.0334941
10.9551,0.9811,0.221982
11.9758,1.06129,0.231709
12.9494,1.04389,0.0815607
14.003,0.991708,-0.153352
15.0135,1.00873,-0.0708182
16.0247,1.11513,-0.0402112
17.0563,1.0441,0.180819
18.0439,0.906583,0.087759
19.0084,1.00613,-0.134379
0.0256081,1.9681,-0.0700186
1.05747,1.97923,-0.0591876
2.04753,2.05058,-0.28001
2.97461,2.02525,0.0814447
4.01079,2.01126,-0.00351878
5.0571,2.02654,-0.0566576
6.10736,2.01543,-0.26411
7.14365,2.03769,-0.0930418
8.17326,2.05557,0.0112278
9.10146,1.91306,-0.253932
10.0821,2.1243,0.0473159
11.0587,1.94869,0.0319254
12.1206,2.03276,0.114658
13.1328,2.02597,0.0826746
14.1136,1.98214,-0.0631245
15.1153,2.01084,0.0321024
16.0963,2.10175,0.283959
17.0627,2.04681,0.114365
17.996,1.92039,0.402402
19.0283,1.95949,0.136091
0.0294107,2.99167,0.0175939
1.03011,2.99279,-0.0852382
1.95394,2.89456,0.305679
2.99827,3.02703,0.145354
4.02363,2.99112,0.263878
4.9191,3.00277,-0.169698
5.98695,2.96295,-0.0512864
6.9966,3.07322,-0.165896
8.01035,3.01098,-0.178069
9.06476,2.92101,-0.259484
9.99546,3.08194,0.18424
10.9839,2.99703,0.184729
12.0164,3.03063,0.0663198
12.9514,2.95146,-0.277248
14.0054,2.95263,-0.256468
14.8383,2.95578,0.19006
15.876,3.08332,0.137953
16.9517,3.07214,0.0638386
17.921,2.8825,0.0558184
18.9502,2.97616,0.112152
0.0586322,4.01215,0.0176275
1.02064,3.91644,0.276772
2.01828,3.9091,0.315845
3.00256,3.98845,0.0483596
3.98607,3.99361,0.0177252
4.92694,4.05443,-0.219337
5.95065,4.02609,-0.0187567
6.99199,4.05137,0.134278
7.96099,4.04492,-0.0439772
8.94229,3.9372,-0.286703
9.82442,4.06623,0.250359
10.8468,4.02274,-0.0100772
11.8467,4.04154,-0.135902
12.9049,4.02006,-0.142448
13.9256,4.04039,-0.289608
14.9465,3.95961,-0.156215
15.9275,4.08573,-0.0217902
16.9081,4.06221,-0.139802
17.9592,3.88842,-0.195306
18.9363,4.0266,-0.153606
0.00846278,5.03272,-0.0243873
1.01464,4.93845,0.129801
1.95615,4.81642,-0.133045
2.94842,4.98489,-0.263558
3.91989,5.02725,0.0846583
4.92253,5.05028,0.101529
5.90655,5.02412,-0.00465407
6.89131,5.04342,-0.105676
7.92318,5.06732,0.160692
8.90654,5.00215,-0.195431
9.93749,5.03087,-0.246547
10.9311,4.90151,-0.491449
11.9466,5.01802,-0.451454
12.9557,4.94474,-0.493841
13.9591,5.01903,-0.435087
14.9588,5.00715,-0.188952
15.9841,5.02609,-0.288125
16.8889,5.07083,0.127448
17.928,4.93704,0.00423292
18.9722,5.04968,-0.11934
0.0296518,5.99656,0.270693
1.02508,5.9534,0.203568
2.05732,5.80694,-0.0122105
3.02749,5.96832,0.0404431
4.0403,6.01697,-0.106153
4.94359,6.08702,0.259008
5.93277,5.94852,0.373943
6.83916,6.03688,0.00120548
7.86879,6.03557,-0.0892788
8.87223,6.01411,-0.228651
9.8424,5.97507,-0.367089
10.8315,5.9218,-0.355702
11.8304,5.97532,-0.0933439
12.8033,5.9213,-0.10347
13.8802,6.021,-0.126731
14.8878,5.99581,0.0907041
15.929,5.98572,0.0873562
16.9563,6.06615,0.161446
17.9599,5.97335,-0.0789972
19.015,6.03884,-0.146599
0.045143,7.00298,0.170635
1.02727,6.95578,0.0729575
1.99014,6.85879,0.0230598
2.9893,7.03263,-0.0179327
3.96461,7.01715,0.126441
4.94928,7.04268,0.162828
5.99836,6.9721,0.277544
7.06434,6.96482,0.182162
8.04284,6.86076,0.414899
8.99038,6.93045,0.20217
9.9219,6.99274,-0.189276
10.946,6.85696,-0.0477584
11.9516,6.97482,-0.243837
12.9598,6.93741,-0.0340556
13.9347,6.95855,0.175823
14.9425,7.02686,0.146873
15.9752,7.00606,0.193225
16.9425,7.03092,-0.244377
17.9748,6.98238,-0.0408643
19.0022,7.03254,0.0301401
0.0866543,7.98628,0.0522111
1.14084,7.96153,0.0445387
2.11531,7.91204,0.0223365
3.11484,8.02545,0.120518
4.12332,7.98287,0.179092
5.06496,7.96364,0.527747
6.06188,7.99266,0.402097
7.06996,7.94655,0.41326
8.06908,7.86206,0.561702
9.04162,7.95266,0.295279
10.0657,7.99252,0.0587878
11.088,7.8617,-0.0289926
12.0527,7.97818,-0.212815
13.0018,7.95714,-0.356612
13.9618,7.91757,-0.136351
14.9377,8.04486,0.0321207
15.9304,8.00485,0.0977233
16.927,8.02004,-0.161382
17.9751,7.93566,-0.247514
18.9848,8.02551,-0.0826685
-0.0221686,8.95239,0.165923
0.992395,8.96227,0.256636
1.98858,8.91337,0.0883908
3.00142,9.05142,0.0742912
3.9918,8.9873,0.070455
4.99374,8.9969,0.338636
6.03942,9.01387,0.248958
7.07102,8.92434,0.400052
8.07354,8.93007,0.496988
9.07129,8.96793,0.452559
10.0583,9.01955,0.267864
10.9937,8.91072,-0.0155889
12.0409,9.01949,-0.0823786
13.0134,8.96471,-0.292621
13.9305,8.93959,0.0383801
14.9172,9.04499,0.207453
16.0001,8.95178,0.314905
16.9919,9.03247,0.0257271
17.9576,8.94285,-0.256401
18.968,9.01174,0.0460219
-0.0174139,9.93417,-0.27524
0.967556,9.90746,-0.169979
1.99586,9.86415,-0.318073
2.96993,10.0478,-0.0926908
3.92492,10.0617,0.240278
4.95068,9.99853,0.251659
6.00685,10.049,0.183364
7.00873,9.9172,0.197629
8.01427,9.90231,0.227537
9.02205,10.0022,0.361846
9.97537,10.0113,0.115329
11.0272,9.91865,0.1991
12.0442,10.0325,-0.0509018
13.0671,9.90279,0.0685263
14.0198,9.92754,0.349669
15.0161,10.0238,-0.0741905
16.0164,9.91734,0.0605426
17.0371,10.041,-0.205811
18.0042,9.96126,0.0111301
19.0527,10.0299,-0.187167
-0.00509659,11.0273,-0.284304
0.998383,10.9324,-0.166546
2.01961,10.8343,0.0963073
2.95566,11.0748,0.0597674
3.99093,11.0977,0.0234291
4.98692,10.9179,-0.172463
5.99411,10.9754,-0.251158
7.02949,10.954,-0.115094
8.04973,10.9249,0.0640645
9.08439,10.9305,0.0187292
10.0745,11.0272,0.180782
11.0786,10.9458,-0.0139805
12.0627,11.0448,-0.123377
13.0373,10.9163,0.0951323
13.9695,10.9707,0.490249
14.9613,10.9729,0.33289
15.9905,10.913,0.239348
16.9461,11.0593,-0.132994
17.9235,10.9529,-0.200259
18.9796,11.0851,-0.204038
0.0115116,11.9909,0.0912076
1.03483,11.9159,-0.018482
2.02907,11.9227,0.0329569
3.02611,12.0624,0.148997
4.03792,12.106,0.0143254
5.02466,11.9119,-0.18663
6.10195,11.9715,-0.220054
7.13917,11.9337,-0.293231
8.11624,11.9512,-0.0138768
9.07492,11.9297,0.220579
10.0764,12.0333,0.0887539
11.1469,11.939,0.17069
12.0557,12.0308,-0.20246
12.9961,11.9344,0.235862
14.0281,11.8913,0.107187
15.0492,11.9605,0.266527
16.0338,11.9414,0.0528001
17.0264,12.046,0.121464
18.053,11.9266,0.127323
19.0326,11.9987,0.270431
0.0274392,13.0262,-0.0279397
1.00204,12.9502,0.134571
2.04148,12.9689,0.255885
3.01854,13.1349,0.0892056
3.9723,13.107,-0.289993
4.97513,12.8964,-0.256618
6.02005,12.9815,-0.0525254
7.00391,12.9482,-0.0375469
8.02633,12.9371,-0.164348
9.05128,12.9228,0.00469375
10.0486,13.0216,-0.0809656
11.0171,12.8365,-0.213819
12.0385,13.0103,-0.0108585
13.0601,13.0006,0.204727
14.0763,12.9199,0.306153
15.0624,13.0534,0.205774
16.1328,13.0223,0.18338
17.1214,13.0653,0.174587
18.1569,12.9561,0.0148961
19.0736,13.0088,0.397211
0.0205359,14.0147,0.0595996
1.03454,13.9488,0.107691
2.0081,13.9832,-0.0587481
3.02205,14.1123,-0.198331
4.00439,14.1254,-0.114286
4.97534,13.9525,-0.165194
5.93783,13.9848,0.130955
6.93098,13.9613,-0.048146
8.00781,13.9357,-0.0721152
9.04256,13.9144,0.00702841
10.0066,14.0681,-0.107233
10.9607,13.8241,0.042555
11.9971,14.0073,0.132994
13.0321,14.0212,0.122312
14.0372,13.9147,0.311228
15.003,14.1181,0.294632
15.9817,14.043,0.196515
16.8928,13.9857,-0.204273
17.9759,13.9705,-0.0172826
18.986,13.8769,-0.0651448
0.0460799,15.0665,0.00603351
0.992624,14.9728,0.341975
1.98701,14.9598,0.167016
2.91096,15.1717,-0.198621
3.96482,15.1138,-0.33202
4.9365,14.9696,0.012772
5.92099,14.975,0.186071
6.95357,14.9331,-0.119449
7.98748,14.9236,-0.09017
9.01094,14.9032,0.0740226
10.0569,15.0315,0.148848
11.0398,14.8081,-0.090759
12.0596,15.0207,0.0259285
13.0799,15.0127,0.165346
14.0952,14.9076,0.056972
15.0589,15.1146,0.224351
16.0169,15.0398,0.0324564
16.9543,14.9987,-0.30571
17.9378,15.0012,0.0203833
18.9459,14.9258,-0.00721763
0.00329295,16.0634,0.149171
1.00137,15.9313,0.0759239
1.9867,15.9578,0.147523
2.97764,16.1515,0.0262856
3.95647,16.0582,-0.0124485
4.9536,15.9661,-0.141197
5.91357,16.0028,0.254549
6.96248,15.9499,0.0704917
7.99512,15.957,-0.113669
8.98952,15.9488,-0.158827
9.99271,16.0383,0.0328318
11.0288,15.8655,-0.11171
11.9724,16.0623,0.154897
13.0064,16.0111,0.0202094
14.0691,15.9458,0.0093997
15.029,16.0723,-0.171102
16.0088,15.9676,-0.269973
17.0078,15.9718,-0.205002
18.0018,16.0054,0.107987
18.987,15.9459,-0.00737938
0.0222388,17.0197,-0.0817927
1.0484,16.9016,-0.0637196
2.07407,16.9418,0.181097
2.95532,17.1108,-0.267046
3.92882,17.0414,-0.156737
4.93201,17.0162,-0.00664693
5.98431,16.9471,-0.231343
6.98527,16.9754,-0.024073
8.00702,16.9532,0.049208
9.01706,16.9767,-0.0406476
10.025,17.0523,-0.141758
11.0511,16.8985,-0.069039
12.0365,17.0073,-0.235096
13.0331,17.0056,-0.187359
13.9874,16.9246,0.113526
15.0191,17.0692,-0.187097
16.0329,16.9669,-0.427464
17.0217,16.963,-0.0288125
18.0204,17.0008,-0.0799249
19.0479,16.9468,0.0880978
-0.00175176,18.0464,0.120859
0.969814,17.8691,0.172292
1.98099,17.9468,0.220252
2.99108,18.0564,0.104013
3.96883,18.0387,-0.140715
4.95484,17.9998,-0.125858
5.99527,17.936,-0.147707
6.9767,17.9786,0.021482
8.01633,17.9386,0.0195288
9.07561,18.0262,-0.0680471
10.0642,18.0529,-0.258702
11.0234,17.963,-0.188061
12.0026,18.0002,-0.215717
12.9519,18.0013,0.0694296
13.9281,17.9671,-0.0317362
14.9526,18.111,-0.165426
15.9856,17.9396,-0.187088
17.0083,17.9875,-0.0726279
17.9932,17.9895,0.0142216
18.9777,17.9441,-0.0611042
-0.0450575,19.0441,0.313608
0.960488,18.9667,0.0455672
2.00199,18.955,0.0906705
2.99166,19.0079,0.143278
4.0126,19.0357,0.0984771
5.02223,18.9811,-0.0295511
6.04363,18.9874,-0.172848
7.0959,18.9782,-0.0602008
8.11046,19.0002,-0.0848598
9.14409,19.0206,0.0745109
10.1482,18.9972,0.179003
11.1206,18.9158,0.155721
12.1314,19.0438,-0.201868
13.1149,19.0332,-0.0455885
14.0846,18.9574,0.068096
15.0482,19.0428,0.320328
16.0049,18.9669,-0.109406
17.0301,19.0077,-0.123496
17.9949,18.9642,0.107013
18.9878,19.0066,-0.0565996
