0,0,0
-0.012537,0.98529,-0.11879
-0.00293283,2.09222,-0.15497
0.0144505,3.16977,-0.0952025
0.0160955,4.2813,-0.0578082
-0.0279366,5.38163,-0.0347362
-0.00925321,6.50548,-0.0187323
-0.016187,7.62255,-0.0754784
0.000720237,8.79413,0.0847011
0.000186163,9.9768,0.166842
0.0567278,11.2151,0.129276
0.0206977,12.2689,-0.287381
-0.00201422,13.2538,-0.886172
0.0634724,14.3405,-0.980065
0.032667,14.9548,-0.19425
0.0754326,15.866,-0.741755
-0.00603046,16.3263,0.123344
0.00450453,17.1603,-0.433485
-0.00100711,17.9852,0.12089
0,19,0
1.00199,0.00180364,-0.00174261
0.963558,1.16248,-0.026841
0.935823,2.3235,-0.0420942
0.954915,3.53583,-0.0170995
0.95396,4.72902,0.101077
0.873519,5.90631,0.214991
0.858797,7.10914,0.139518
0.826902,8.2979,0.157356
0.813599,9.52998,0.086758
0.892694,10.7453,0.202884
0.903751,11.976,0.106186
0.929075,13.0398,-0.435621
0.956709,13.8653,-1.27977
0.971224,14.9506,-1.38322
0.771349,15.622,-0.644954
0.877358,16.57,-1.02181
0.885095,16.8754,-0.0620411
0.874435,17.3534,-0.927604
0.99725,18.0215,-0.192465
1.00245,19.027,-0.106162
2.01978,0.0390759,-0.17832
1.97192,1.24828,-0.0767296
1.92336,2.47687,-0.0348918
1.92248,3.73939,-0.0538133
1.95054,5.00046,-0.0126835
1.88568,6.25994,0.0515275
1.80263,7.53142,0.172805
1.72783,8.85994,0.25544
1.65255,10.2287,0.292166
1.61989,11.5825,0.368813
1.54634,13.0133,0.410895
1.53151,14.1462,-0.546553
1.63006,14.5537,-2.07298
1.61445,15.8459,-1.76391
1.60207,16.3581,-0.534834
1.76557,17.1836,-1.21055
1.805,17.5076,-0.192505
1.83587,17.548,-1.16933
2.04322,17.979,-0.283636
1.97669,18.9945,-0.0664388
3.00093,0.0147038,0.159966
2.94732,1.19074,0.155052
2.92179,2.4195,0.154726
2.91633,3.6093,0.0924467
2.93395,4.81271,0.0917661
2.88596,6.02467,0.121268
2.83329,7.24915,0.108567
2.73671,8.44334,0.165838
2.61447,9.64823,0.173663
2.44095,10.8427,0.200165
2.2448,12.064,0.0170965
2.17307,13.1613,-0.460881
2.23244,13.9367,-1.27163
2.27512,14.9991,-1.37709
2.43228,15.7207,-0.695621
2.60607,16.7349,-0.791574
2.73601,17.2151,0.0725394
2.82839,17.5215,-0.893918
3.02893,17.9952,-0.00585955
2.94343,19.015,0.0509323
4.01406,0.0170537,0.0811792
3.97617,1.18384,0.0390149
3.91855,2.31585,-0.00963164
3.92425,3.4028,0.0722068
3.90689,4.53337,0.0123051
3.87559,5.6672,-0.0401044
3.82157,6.81328,0.0726341
3.66711,7.92192,0.0236366
3.50207,9.06096,-0.00778222
3.34975,10.1934,0.0702445
3.12498,11.2929,-0.0471969
3.02781,12.3512,-0.353502
2.96282,13.2687,-0.891745
3.10026,14.3007,-0.985058
3.40127,15.2241,-0.741896
3.53246,16.2439,-0.580975
3.73505,16.8756,0.209027
3.82705,17.4258,-0.59021
4.03956,17.9764,0.275204
3.95878,18.9879,0.146602
5.05901,-0.020127,-0.0534654
4.96425,1.0525,0.010593
4.92706,2.13551,0.00986053
5.002,3.23253,0.00201422
4.95943,4.28624,-0.0856868
4.82852,5.40389,-0.145976
4.81655,6.48134,-0.0350658
4.61096,7.52047,0.00154118
4.4988,8.64643,-0.159062
4.34958,9.70622,0.0207556
4.09113,10.7617,-0.0485397
4.03169,11.7721,-0.328681
3.90636,12.757,-0.68442
3.97691,13.7639,-0.628446
4.39081,14.7438,-0.584521
4.43007,15.6985,-0.375988
4.5664,16.3021,0.393228
4.79505,17.041,-0.265587
5.03142,17.9652,0.0850093
4.93976,19.0032,0.0317972
6.07346,-0.00569475,0.0381237
5.97735,1.02245,-0.0190344
5.92892,2.03825,-0.051558
6.00281,3.10902,-0.105914
6.02749,4.19359,-0.121818
5.82563,5.23613,-0.0672628
5.81578,6.33985,0.0407086
5.61109,7.353,0.111298
5.4911,8.46857,0.0828303
5.44458,9.50243,0.0205267
5.1395,10.4744,-0.0655477
5.03178,11.5098,-0.0522416
4.93753,12.4465,-0.467339
5.01048,13.507,-0.554851
5.39507,14.4348,-0.438401
5.42463,15.3848,-0.168493
5.58244,16.1804,0.368789
5.78958,17.0394,-0.095526
6.0577,17.9966,0.0893429
5.96183,19.0173,0.151695
7.05961,0.0142369,-0.163424
7.00366,1.02246,-0.110407
6.95463,2.08381,-0.149467
7.02598,3.11596,-0.0926786
7.05679,4.15802,-0.0849025
6.86891,5.17141,-0.0801508
6.82169,6.20597,0.0471389
6.66713,7.272,0.110233
6.54729,8.27248,0.0415326
6.50606,9.35177,-0.0739189
6.22075,10.4007,-0.182183
6.14013,11.3901,0.0177801
6.07474,12.3494,-0.274001
6.10051,13.3134,-0.514148
6.44171,14.2001,-0.104306
6.50668,15.2281,-0.195837
6.60979,16.0761,0.410349
6.78533,17.0389,0.0898282
7.00995,18.0327,0.279778
6.9516,18.9859,-0.0362499
8.03728,0.0255196,-0.0399548
7.99466,1.08917,-0.00978729
7.98468,2.09048,0.0456954
8.01047,3.09176,-0.165557
8.02698,4.1226,-0.316688
7.85996,5.06767,-0.0656514
7.90668,6.06974,0.161159
7.71597,7.12824,0.228462
7.63208,8.17345,0.0287881
7.51699,9.19044,-0.139412
7.28396,10.1982,-0.0844661
7.24775,11.2272,0.00978118
7.26671,12.2067,-0.182299
7.19859,13.1932,-0.442085
7.5261,14.12,-0.18551
7.55451,15.1152,-0.0936125
7.59441,16.0413,0.221769
7.8107,17.004,0.335389
8.08555,17.9556,0.208664
7.96015,19.0057,0.135298
9.02882,-0.00458388,-0.271242
9.0132,1.0336,-0.131257
8.99095,2.04999,-0.012009
8.97966,3.02143,-0.26993
9.01616,4.07039,-0.199097
8.8835,5.04889,-0.0929258
8.94132,6.04429,0.00422681
8.7511,7.04758,0.21485
8.69457,8.05355,-0.0849391
8.50957,9.06655,0.011066
8.38303,10.0773,0.00240486
8.29906,11.0887,-0.1391
8.29673,12.0909,-0.281014
8.29562,13.099,-0.162719
8.57179,14.0927,-0.241063
8.65244,15.0709,0.00407422
8.60787,16.0313,0.272579
8.81298,17.0004,0.160509
9.09124,17.9399,0.247639
8.98091,18.9528,0.285745
9.99044,-0.00278329,0.0300485
9.9706,0.999014,0.115845
10.0303,2.01532,-0.0220954
9.94786,3.02687,-0.0208197
10.0683,4.01206,-0.105228
9.93283,5.01361,-0.0108005
9.99847,6.07003,0.0482925
9.7703,7.10526,0.0201483
9.75123,8.10783,0.11521
9.55537,9.11459,-0.0783929
9.48137,10.0789,0.11963
9.39171,11.076,-0.0917631
9.36384,12.0372,-0.364428
9.39267,13.0687,-0.140986
9.57283,14.0944,-0.074926
9.68489,15.1088,0.0776849
9.65809,16.0456,0.486288
9.83307,17.0272,0.0998047
10.1312,17.9805,-0.00555437
10.0083,19.0182,0.2211
11.0312,0.0222968,0.130204
10.9262,1.00947,-0.0613178
11.0212,1.97101,0.0809717
11.0188,3.01029,0.0747642
11.045,4.00234,0.0284799
10.932,4.99506,0.303491
10.9873,5.94062,0.0141331
10.8318,6.94172,0.185415
10.8269,7.9988,0.155507
10.619,8.9706,-0.0296884
10.5099,10.0112,0.101834
10.4932,11.0396,0.00945158
10.4407,12.052,-0.213651
10.4254,13.0519,-0.312607
10.5966,13.9679,0.11796
10.7037,15.0005,0.0934263
10.7119,15.9597,0.407349
10.864,16.9682,0.153682
11.1061,17.9927,0.12179
10.9984,18.9894,0.333198
12.0609,-0.00657979,0.260311
11.9356,0.97322,-0.00226753
12.0302,1.96168,0.120997
12.0124,2.96166,0.0413221
12.048,3.9568,-0.166466
11.9084,4.99266,0.0810175
11.9912,6.01325,-0.138893
11.8695,7.02412,0.19255
11.8293,8.0713,0.149718
11.6497,9.09207,0.0783258
11.5826,10.0934,0.0251228
11.5638,11.1087,0.0348216
11.5025,12.0832,-0.16704
11.469,13.1055,-0.163961
11.5997,14.1372,0.147075
11.7783,15.1091,0.0860927
11.7068,16.0793,0.195334
11.8996,17.0548,0.0540483
12.124,18.0034,0.326112
12.0344,19.0043,0.149654
13.0125,0.00564592,-0.045674
12.9897,1.01301,-0.0653584
13.0278,2.03089,-0.114148
12.9881,3.04771,-0.0481582
13.0548,4.11056,-0.100024
12.9252,5.10629,-0.0987335
12.9795,6.08807,-0.356417
12.8826,7.03729,0.0510575
12.901,8.07406,0.2726
12.7457,9.08451,0.0195318
12.659,10.064,0.158159
12.6053,11.0725,0.10347
12.552,12.0358,-0.0992737
12.5383,13.035,0.0159612
12.6665,14.0517,0.0583117
12.8859,15.0468,0.143132
12.8031,16.0631,0.247459
12.9436,17.0269,0.293274
13.1462,18.0228,0.271963
13.0507,19.0221,0.311222
13.9741,0.0042024,0.211161
14.0178,1.01071,0.138343
14.0245,1.99898,0.0455916
13.9994,3.01991,0.071334
14.0056,4.04378,0.238014
13.95,5.02725,-0.0553911
13.9497,6.02388,0.0247597
13.8783,7.03693,-0.0116733
13.9202,8.04003,0.139564
13.8166,9.02477,0.217862
13.7166,10.0009,0.124784
13.6637,11.0196,0.0771966
13.6905,12.0017,-0.112491
13.6952,12.9932,0.0177465
13.7469,14.0145,0.00817591
13.921,14.9923,0.152391
13.8668,15.9885,0.223969
13.943,16.9706,0.100589
14.1078,17.9926,0.0732383
14.0208,19.0187,0.0278451
14.9783,-0.00183416,0.247563
15.0059,1.01677,-0.0591968
15.054,2.03191,0.0596179
15.0801,3.03522,0.122013
15.0019,4.02513,0.102881
14.9426,4.99124,0.0137211
14.9758,6.00602,-0.00607624
14.9035,7.02638,-0.244182
14.9108,7.98108,0.00996124
14.8394,9.03415,0.0853969
14.7361,10.0007,-0.0980285
14.7793,10.9838,0.0303232
14.7497,11.9849,0.000454726
14.7648,13.0074,0.0245064
14.7877,14.0245,0.0503616
14.9228,14.9996,-0.133442
14.8889,15.9921,0.00606403
14.9401,16.9875,-0.0620563
15.1009,17.9609,-0.0247963
15.0501,18.995,-0.0328501
16.017,-0.000216681,0.287341
15.9841,1.00631,0.0523209
16.0759,2.03971,0.199322
16.0432,2.98483,-0.0397412
16.0274,3.96529,0.106003
15.9392,4.97235,-0.0948302
15.9603,5.96368,-0.174874
15.9318,6.99849,-0.106992
15.9736,8.00373,-0.202753
15.8825,8.99299,-0.039668
15.8323,9.99503,0.0281533
15.7888,10.9887,0.216553
15.8163,11.9927,-0.0541643
15.8407,13.0328,0.0748985
15.8127,14.056,0.116788
15.9117,15.0107,-0.171239
15.9537,15.9842,-0.236967
15.988,17.0187,-0.201419
16.1005,18.0204,-0.252025
16.0459,19.0056,-0.248412
16.9507,-0.00776696,-0.140425
16.9853,0.992126,-0.150536
17.0204,1.96777,-0.208722
17.0647,2.95922,-0.34865
17.053,3.92926,-0.131181
16.9404,4.91945,-0.0782037
16.9404,5.92799,-0.203497
16.9555,7.00168,-0.0814478
16.9681,8.01872,-0.226402
16.9016,9.01475,0.0485977
16.9023,10.0429,0.121058
16.8537,11.0555,0.0330515
16.8653,12.048,-0.208118
16.8425,12.9712,0.142564
16.8479,13.9239,-0.0331645
16.943,14.9209,-0.132194
16.988,15.8901,0.0142094
16.9836,16.957,-0.118189
17.0553,17.9343,0.0025544
17.0175,19.0079,-0.034846
17.9537,-0.00114444,-0.0109226
18.0166,1.01485,-0.00152287
18.0064,2.00434,-0.228703
17.9861,2.9942,0.0114475
18.0544,4.00826,-0.103165
17.993,5.00089,-0.159948
18.011,5.99882,-0.335044
17.9896,7.05636,-0.166948
18.0053,8.08031,-0.187939
17.9817,9.10031,-2.74667e-05
17.9831,10.1154,0.0874538
17.9321,11.0408,-0.0964843
17.9704,12.033,-0.217203
17.9346,12.992,0.077871
17.9136,13.9932,0.00861843
17.9922,14.9731,-0.102081
18.0129,15.9566,-0.0148503
17.9873,16.9457,-0.222831
18.0722,17.983,-0.184823
17.975,19.0027,0.0861476
19.0067,0.00179144,0.0758232
18.9952,0.999173,0.171273
18.9902,2.03289,0.0706931
18.9916,3.04675,0.259822
18.9867,4.04546,0.2575
18.9968,4.98639,-0.037788
18.9787,6.04292,-0.0848231
18.9972,7.02037,0.194696
18.9886,7.97884,-0.189261
19.0177,8.98335,-0.0319254
19.0534,9.96858,0.10047
18.9986,11.0022,-0.0122562
19.0183,12.0008,-0.136674
18.986,13.0049,-0.133857
18.991,13.9947,0.134816
18.9973,15.021,0.0390515
19.0068,16.0263,0.191025
18.9952,16.9765,-0.083874
18.996,17.9869,0.183123
18.9987,19.0002,0.112128
