5.2745,0.0363598,3.35891
-2.52395,-6.27925,-3.17533
2.14754,4.88711,-5.78522
15.1408,5.77252,7.67254
9.90587,-1.89132,-7.32331
-6.43598,9.49289,-3.43114
7.75039,14.0831,-0.874187
1.15714,9.99664,-12.2323
15.773,9.47421,-3.76298
7.2131,10.2212,-4.49758
3.30459,-0.71286,0.710877
1.29052,-1.80821,-1.74766
4.80468,2.55972,-1.43822
9.81235,4.05103,2.15361
6.66541,3.11084,-3.15445
0.727473,7.16342,-3.01039
4.30134,10.6775,-3.13004
3.70679,10.4179,-7.06937
7.01011,10.2911,-4.37719
-1.1792,10.9051,-5.0129
4.13934,0.586593,0.257164
3.3604,0.133705,-0.790799
5.34461,1.95561,-0.237236
7.25847,3.69721,0.461727
5.56128,4.71936,-1.44594
3.39121,6.54272,-2.00522
3.59366,8.823,-2.5965
3.23278,10.3046,-3.96801
3.35008,11.2138,-2.39155
-0.119822,12.0148,-1.74543
5.19244,1.96995,0.0963347
4.70344,1.28929,-0.045555
5.47662,2.59063,0.517664
5.82754,4.03095,0.497833
5.07376,5.4484,-0.0625843
4.0664,6.94877,-0.513785
3.43162,8.74166,-0.827888
2.5147,10.4932,-1.14465
0.997967,12.0085,0.117478
-1.99762,13.4859,1.46679
6.20312,3.32068,-0.237419
6.10756,2.14704,0.512537
6.1836,2.70523,1.58893
5.91596,4.06721,1.69971
5.28868,5.47442,1.42265
4.45672,6.9581,1.06476
3.60369,8.64579,0.975036
2.33396,10.4143,1.40088
0.334739,11.8553,3.40318
-5.37472,15.3705,4.66877
7.25119,4.93399,-0.791073
7.64663,2.19085,1.27362
7.051,2.00414,2.52589
6.5526,3.31415,2.77365
6.00746,4.80634,2.69224
5.31993,6.27663,2.28061
4.71879,7.73578,1.99074
4.21798,9.1603,2.17418
5.95891,8.37922,3.08949
11.3026,4.27402,3.11692
8.26374,1.50092,5.79307
8.28517,-0.369945,3.75911
7.57073,0.74919,3.52396
7.18284,2.30692,3.81123
6.76781,3.91935,3.89062
6.14511,5.495,3.506
5.71482,7.06072,3.06763
5.80095,8.80219,2.68404
6.49174,10.7777,2.3804
6.63879,14.5688,2.45545
10.2826,-7.77945,6.56789
9.00572,-3.70881,5.24681
8.13143,-0.909803,4.01827
7.98646,1.3319,4.84608
7.55553,3.25516,5.25403
6.96687,4.72199,4.70217
6.44474,6.03297,4.01913
6.33186,7.32149,3.31083
6.74969,6.88623,2.13393
7.36747,3.55998,-0.0621937
0.771639,-8.61387,6.97904
7.91413,-4.02614,7.07327
7.23543,0.496408,1.78932
8.2417,2.73801,6.33338
8.03389,3.82615,7.0015
7.54962,4.63861,6.026
7.1068,5.49558,5.12295
6.78053,6.36242,4.36607
6.07172,6.01217,4.96064
5.47514,5.20288,7.71303
8.20071,-5.61652,8.80243
15.5122,-2.88713,10.5581
6.21357,3.59951,-4.99545
9.09303,5.06102,10.9683
8.47804,4.48958,8.91317
8.07148,4.58824,7.40608
7.73489,5.04848,6.15506
7.40034,5.71589,5.26537
6.55495,5.60113,5.86008
6.23282,5.70944,6.92697
