-0.279119,1.30817,-0.826701
-0.0251167,1.72049,0.0288339
-0.0393231,2.66956,0.33918
-0.0656911,3.65186,0.106842
-0.255416,4.64669,-0.0175726
-0.211863,5.63707,-0.131959
-0.171175,6.62308,-0.473009
-0.191711,7.60942,-0.250307
-0.116227,8.71002,-0.362786
-0.28081,9.52932,-0.965743
-0.117414,10.5366,-0.957802
-0.176089,11.4513,-0.501917
-0.28952,12.3993,-0.836967
-0.237831,13.378,-0.980065
-0.203171,14.3269,-1.24833
-0.266665,15.3082,-1.06574
-0.264269,16.1793,-0.61937
-0.34423,17.1141,-0.17636
-0.178771,18.1408,-0.150877
0.0905759,19.1294,-0.187014
0.0952147,20.1025,-0.367751
-0.236265,20.9745,-0.0242103
-0.188894,21.9946,-0.155129
-0.13614,22.9085,0.274273
-0.114698,23.8407,-0.0973083
-0.232426,24.7175,0.340223
-0.114704,25.6841,0.0654225
-0.0156499,26.6239,-0.311173
-0.211222,27.6387,-0.523121
-0.257945,28.6566,-0.534449
0.764019,1.39771,-0.856404
0.948149,1.9793,-0.0778039
0.956594,2.96687,0.114924
0.941871,3.94152,0.206485
0.754268,4.86055,-0.272356
0.753777,5.82966,-0.376946
0.826518,6.79633,-0.256334
0.795859,7.87169,-0.143019
0.845311,8.73694,-0.631108
0.704883,9.56008,-1.16393
0.906085,10.5187,-1.05666
0.833534,11.4716,-0.632167
0.733589,12.4686,-0.844566
0.840587,13.3887,-1.20114
0.851885,14.3549,-1.43383
0.70654,15.3876,-1.44862
0.756584,16.063,-0.673702
0.631098,17.0097,-0.306326
0.784872,17.9889,-0.235508
1.04572,18.9738,-0.138997
1.08912,20.0086,-0.144105
0.73545,21.0295,-0.228593
0.848521,22.0197,-0.301325
0.877248,22.8712,0.24402
0.838356,23.7074,-0.354912
0.737223,24.6963,-0.115415
0.952647,25.6608,0.0618305
0.98226,26.6082,-0.237956
0.86993,27.5703,-0.50781
0.849651,28.6076,-0.439323
1.86145,1.21796,-0.811594
1.77186,2.26106,-0.599268
1.97782,3.0526,-0.00520035
1.98104,4.08311,0.135432
1.79336,4.88053,-0.418159
1.83323,5.92457,-0.456829
1.8104,6.93605,-0.525974
1.8865,7.91169,-0.251125
1.89081,8.82613,-0.639872
1.70735,9.77236,-0.986242
1.88773,10.7709,-1.22261
1.85995,11.6426,-0.750917
1.70764,12.6403,-0.897314
1.82506,13.6018,-1.05803
1.87513,14.5331,-1.48332
1.71467,15.5261,-1.48605
1.79986,16.0386,-0.59938
1.64533,16.9978,-0.421406
1.82293,17.9785,-0.205252
2.02219,18.9428,-0.428251
2.08474,19.9776,-0.418787
1.79123,20.9346,-0.124851
1.8934,21.9007,-0.41785
1.85986,22.7988,0.0255501
1.89152,23.7028,-0.435734
1.80001,24.7335,-0.251012
1.98261,25.6868,-0.09017
2.04841,26.6828,-0.405814
1.89503,27.6728,-0.397177
1.91444,28.6711,-0.348515
2.88161,1.46915,-0.725883
2.75399,2.40066,-0.336213
2.94068,3.23006,0.15063
2.93972,4.21855,-0.0346385
2.7903,5.05965,-0.566488
2.85661,6.07459,-0.424238
2.77466,7.10464,-0.281582
2.88784,8.07256,-0.126075
2.92607,9.02465,-0.517722
2.74067,10.0248,-0.854036
2.92699,10.9611,-1.14741
2.85625,11.865,-0.612949
2.76808,12.7739,-1.03165
2.75773,13.7088,-1.33164
2.87905,14.6696,-1.56717
2.74398,15.6606,-1.62869
2.79608,16.1435,-0.688705
2.6442,17.1158,-0.588403
2.85552,18.0901,-0.312195
3.01798,19.0894,-0.563204
3.06412,19.9377,-0.0430952
2.85725,20.9708,-0.0748741
2.94407,21.9932,-0.280361
2.89105,22.9237,0.102326
2.86934,23.6929,-0.564092
2.8141,24.6824,-0.549821
3.00104,25.6071,-0.113126
3.04941,26.543,-0.454833
2.91559,27.609,-0.311914
2.95403,28.6036,-0.286807
3.94854,1.64395,-0.757863
3.71822,2.61191,-0.671685
3.87996,3.50153,-0.187271
3.94649,4.49853,-0.238459
3.76124,5.39431,-0.605676
3.90853,6.39137,-0.506183
3.77636,7.41768,-0.275988
3.81734,8.40167,-0.026603
3.91032,9.11727,-0.742692
3.78213,10.0891,-0.764489
3.97103,11.0681,-1.04903
3.81983,11.9895,-0.698407
3.78827,12.9204,-1.14096
3.78718,13.8908,-1.28265
3.79043,14.5552,-2.01178
3.77057,15.4831,-1.60051
3.73048,16.2788,-1.01814
3.67857,17.226,-0.701715
3.91422,18.1039,-0.189773
4.01316,19.102,-0.506854
4.08664,19.9266,0.0788293
3.85015,20.9706,0.141447
3.94938,21.9807,0.0419141
3.89546,22.9596,0.0629597
3.89264,23.761,-0.519193
3.81386,24.761,-0.315125
4.03901,25.702,-0.06816
4.0657,26.5128,-0.63043
3.95877,27.4507,-0.182321
3.97709,28.4353,-0.105631
5.03081,1.78328,-0.584872
4.73162,2.7847,-0.598056
4.92915,3.58854,-0.0893399
5.03859,4.55894,-0.174749
4.846,5.49263,-0.492944
4.89155,6.5526,-0.69754
4.79784,7.5066,-0.28985
4.80065,8.5054,-0.0903745
4.78743,9.45299,-0.368175
4.78234,10.4389,-0.684573
4.89001,11.4238,-1.16318
4.76747,12.3721,-0.850551
4.77683,13.0708,-1.58183
4.78843,14.0994,-1.31421
4.83111,14.5975,-2.16043
4.85399,15.4678,-1.67685
4.72144,16.2607,-1.05352
4.70791,17.2167,-0.791113
4.93407,18.006,-0.290304
4.97776,18.9836,-0.0829127
5.13398,19.9234,0.104233
4.90007,20.8896,0.206738
4.90766,21.8796,0.409522
4.92234,22.8336,0.10416
4.95475,23.7385,-0.359444
4.83424,24.7041,-0.434101
4.97355,25.6562,-0.517637
5.11941,26.6587,-0.662716
4.8448,27.6203,-0.752657
5.03829,28.44,-0.133964
6.05905,1.94404,-0.49429
5.71176,2.94121,-0.60593
5.97012,3.85332,-0.27546
6.02749,4.84841,-0.337788
5.87472,5.8536,-0.477789
5.81942,6.90497,-0.657942
5.80555,7.75178,-0.14948
5.77938,8.77312,-0.34543
5.78812,9.74611,-0.649416
5.80769,10.7506,-0.706458
5.86808,11.677,-1.13552
5.8172,12.6165,-0.821116
5.82189,13.2654,-1.58505
5.80474,14.221,-1.25743
5.83234,14.5735,-2.19207
5.87725,15.5342,-1.84835
5.71042,16.3829,-1.28841
5.69375,17.0457,-0.556163
5.93984,17.95,-0.0762474
6.03462,18.977,0.0625172
6.16726,19.9663,0.283706
5.90187,20.9117,0.0579272
5.9512,21.9142,0.289248
5.88533,22.9152,0.50387
5.91236,23.7399,-0.089935
5.78904,24.5774,-0.650642
5.9844,25.5777,-0.635447
6.09058,26.5856,-0.378558
5.87464,27.568,-0.704718
6.08576,28.4575,-0.22169
7.04319,2.13623,-0.541026
6.74244,3.08095,-0.459163
6.98496,4.04776,-0.522639
7.00833,5.06175,-0.437648
6.85299,6.01166,-0.237178
6.82253,7.01507,-0.409433
6.7963,8.0056,-0.279702
6.83382,8.99453,-0.361806
6.83053,9.96194,-0.550938
6.846,10.9492,-0.889254
6.9201,11.9272,-1.11625
6.84481,12.8973,-1.01378
6.80223,13.3883,-1.85558
6.87447,14.263,-1.37869
6.86534,14.781,-2.25553
6.88959,15.7287,-1.95335
6.69835,16.3416,-1.2238
6.67137,17.2354,-0.677313
6.9873,17.9022,0.0112857
7.09582,18.8863,0.0913511
7.17594,19.9165,0.0141758
6.92127,20.9311,-0.121049
6.93204,21.9202,-0.165477
6.85589,22.9293,0.146266
6.93056,23.8786,-0.138508
6.79727,24.6573,-0.743919
7.05952,25.6257,-0.539106
7.08413,26.5551,-0.155046
6.82681,27.5348,-0.333128
7.09236,28.5043,-0.404752
8.03959,2.33662,-0.555879
7.72147,3.35847,-0.419742
7.99086,4.31055,-0.382028
7.9829,5.27818,-0.565581
7.88383,6.29439,-0.296185
7.90729,7.30723,-0.343171
7.78652,8.31568,-0.360228
7.79403,9.35605,-0.37972
7.77269,10.2997,-0.706909
7.8094,11.3297,-0.915604
7.87744,12.3181,-1.0496
7.83477,13.3397,-1.04367
7.84108,13.4462,-2.0314
7.94953,14.365,-1.54098
7.9117,14.8441,-2.42704
7.90174,15.7063,-1.85026
7.71724,16.3576,-1.11748
7.64478,17.1529,-0.39057
7.9398,18.0966,-0.228544
8.0601,19.0817,-0.16021
8.1603,20.0958,-0.0500992
7.91652,21.0633,-0.320652
7.91967,22.0647,-0.0775323
7.90566,22.9755,0.357961
7.96717,23.8582,-0.130494
7.81024,24.7061,-0.623817
8.05613,25.6495,-0.315964
8.1384,26.5977,-0.101712
7.87454,27.5799,-0.261293
8.10762,28.516,-0.45313
9.05418,2.54576,-0.504868
8.80504,3.59505,-0.404904
9.0055,4.53933,-0.183197
8.98477,5.51155,-0.375661
8.91235,6.50864,-0.364187
8.85961,7.50999,-0.319736
8.84001,8.49803,-0.416398
8.8378,9.55755,-0.469469
8.75178,10.6088,-0.550063
8.75955,11.6793,-0.811722
8.86984,12.6937,-1.05549
8.81306,13.7725,-1.23189
8.79339,13.8542,-2.24533
8.91162,14.7442,-1.62432
8.96397,14.907,-2.64411
8.95758,15.7043,-1.9598
8.72204,16.3998,-1.23835
8.67935,16.9848,-0.333952
8.92655,17.9482,-0.129707
9.05542,18.9697,-0.0452406
9.19884,19.9218,-0.155473
8.95063,20.8759,-0.216803
8.88106,21.8424,0.080398
8.93345,22.8276,0.301492
8.96144,23.7841,0.00765709
8.75972,24.7956,-0.225697
9.0332,25.7677,-0.463762
9.14503,26.7613,-0.202396
8.8241,27.6495,0.127134
9.0964,28.2877,-0.620612
10.0568,2.72212,-0.2498
9.84057,3.68661,-0.420795
10.0044,4.65308,-0.411859
10.0013,5.6626,-0.336509
9.95299,6.66001,-0.425114
9.9147,7.68143,-0.376046
9.85405,8.71123,-0.397845
9.82217,9.75119,-0.617649
9.75618,10.793,-0.765499
9.84074,11.8095,-0.960631
9.90829,12.8652,-1.09804
9.82029,13.9479,-1.28763
9.86411,13.9944,-2.34569
9.90726,14.8379,-1.77048
9.99722,14.9821,-2.74631
9.95777,15.6458,-1.99447
9.73839,16.2245,-1.14399
9.72016,17.0687,-0.623429
9.91961,18.0494,-0.318329
10.051,19.0658,-0.146156
10.1761,20.016,0.102887
9.98771,20.9276,-0.308255
9.85319,21.705,0.255525
9.88573,22.6997,0.0283151
9.97469,23.7356,0.11948
9.74559,24.6644,-0.305029
10.0965,25.5972,-0.471841
10.1536,26.5585,-0.176772
9.82853,27.4917,0.171642
10.1371,28.2849,-0.387805
10.9931,2.98983,0.0426466
10.8002,3.75477,-0.561467
11.044,4.71589,-0.29046
11.0818,5.73974,-0.244176
10.979,6.81049,-0.332276
10.9435,7.87883,-0.426634
10.828,8.96721,-0.449422
10.8159,9.96687,-0.594647
10.7555,10.9825,-0.703589
10.8856,12.062,-0.772909
10.8721,13.0531,-1.06957
10.8837,14.0802,-1.26757
10.8865,14.1067,-2.31111
10.9983,14.9226,-1.75309
11.0273,14.8822,-2.78201
10.9821,15.5865,-2.10226
10.7688,16.1065,-1.25236
10.7355,16.9982,-0.70925
10.9069,17.9413,-0.223936
11.129,18.9185,-0.0825587
11.2377,19.8859,0.0717734
11.0443,20.8248,-0.265502
10.8564,21.6736,0.294562
10.9024,22.6167,0.0946562
10.9927,23.6432,-0.000881985
10.741,24.6062,0.0370495
11.087,25.5394,-0.311423
11.1454,26.5411,-0.345824
10.7747,27.4944,-0.211249
11.1958,28.3965,-0.311054
12.0072,3.16077,0.0206793
11.8071,3.93405,-0.565505
12.0562,4.89257,-0.282836
12.0522,5.92814,-0.361507
11.9745,6.92428,-0.27897
11.9823,7.94264,-0.454527
11.9078,8.98373,-0.478915
11.8339,9.99523,-0.445784
11.8299,11.0643,-0.530659
11.8833,12.0835,-0.857891
11.8819,13.0677,-1.22147
11.8663,14.1009,-1.50767
11.8731,14.2096,-2.50846
12.063,14.8857,-1.79923
12.038,15.0681,-2.77161
11.9598,15.7711,-2.06641
11.8313,16.2688,-1.17453
11.7271,17.1071,-0.70582
11.9593,17.9563,-0.212693
12.0892,18.8748,0.198923
12.2615,19.845,0.29519
12.0397,20.7203,-0.231828
11.7824,21.673,-0.158605
11.9732,22.6437,0.16032
12.0124,23.6008,-0.225956
11.728,24.526,-0.082046
12.0592,25.4766,-0.108521
12.1963,26.4642,-0.376348
11.8195,27.4313,-0.240263
12.2363,28.3251,-0.416544
13.0518,2.92283,-0.128571
12.8507,3.86726,-0.398581
13.078,4.8951,-0.364824
13.069,5.90493,-0.469427
12.9811,6.88155,-0.513434
13.0077,7.89699,-0.406507
12.9401,8.88106,-0.336012
12.8554,9.92829,-0.384686
12.8418,10.9411,-0.665331
12.9228,11.9749,-0.919852
12.9108,12.9884,-1.29976
12.8888,14.0293,-1.54459
12.8973,14.0882,-2.60872
13.1388,14.8483,-1.88105
13.08,14.9252,-2.88836
13.0001,15.6213,-2.1653
12.8241,16.2688,-1.39344
12.8048,17.0917,-0.788052
12.9762,17.8678,-0.185131
13.1461,18.796,0.227442
13.3171,19.8041,0.206497
13.0374,20.6283,-0.290292
12.8212,21.5589,-0.0782769
13.0215,22.5478,0.142393
13.0526,23.4962,-0.143843
12.7577,24.4486,-0.223212
13.0436,25.3979,-0.213004
13.2072,26.4398,-0.0999603
12.7975,27.314,-0.305762
13.2762,28.2302,-0.331452
14.1107,2.90981,-0.212955
13.8952,3.88498,-0.294092
14.1128,4.85996,-0.46133
14.082,5.8492,-0.452174
13.9763,6.84805,-0.410462
14.0955,7.84043,-0.477276
14.0201,8.90797,-0.584091
13.9172,9.95234,-0.517267
13.9092,10.9073,-0.850783
14.0093,11.9089,-0.825019
13.922,12.8574,-1.31975
13.9182,13.8706,-1.57026
13.8972,14.005,-2.57496
14.1225,14.7149,-1.9131
14.0586,14.6883,-2.87585
14.0319,15.4994,-2.25456
13.8205,16.0716,-1.46845
13.8395,16.8214,-0.687646
13.9431,17.7633,-0.398376
14.1281,18.7042,-0.0502579
14.3489,19.6725,0.100488
14.0349,20.5856,-0.140828
13.8502,21.6101,0.0958708
14.0196,22.5854,0.0868587
14.0194,23.5261,-0.298172
13.8044,24.4825,-0.252644
14.0255,25.3968,-0.559249
14.182,26.416,-0.458562
13.8413,27.3009,-0.120557
14.3559,28.1294,-0.332722
15.1152,3.11278,-0.449013
14.8929,4.01566,-0.169613
15.1594,4.88626,-0.610804
15.1141,5.9052,-0.429749
15.0078,6.88729,-0.252028
15.1147,7.87973,-0.293271
15.0535,8.86512,-0.394461
14.946,9.81933,-0.658782
14.9421,10.8478,-0.84959
15.0335,11.8421,-1.08565
14.9379,12.803,-1.42228
14.9434,13.8266,-1.48184
14.9647,13.9788,-2.51955
15.0992,14.7058,-1.82398
15.0747,14.6341,-2.85384
15.0802,15.3909,-2.13231
14.8952,16.1245,-1.46256
14.9083,16.6595,-0.586816
14.9888,17.6875,-0.3249
15.1068,18.7044,-0.245781
15.3826,19.6263,0.00820643
15.071,20.6153,0.0291147
14.8249,21.497,0.480737
15.0809,22.5031,0.270605
15.0763,23.4461,-0.159056
14.8459,24.4637,-0.0946501
14.9901,25.48,-0.31908
15.1905,26.4442,-0.59512
14.8433,27.3643,-0.416254
15.2823,28.1401,0.0312204
16.1514,3.03854,-0.38341
15.8948,4.00595,-0.203995
16.1853,4.89695,-0.57271
16.1359,5.98873,-0.423969
16.0654,6.997,-0.302475
16.1147,8.00013,-0.1927
16.0649,8.95213,-0.53104
15.9993,9.96165,-0.760787
15.985,10.8785,-1.18051
16.0154,11.8451,-1.38421
15.9703,12.8626,-1.473
15.999,13.8414,-1.63453
16.0205,14.0684,-2.65838
16.1082,14.7308,-1.94317
16.1132,14.6841,-2.93147
16.1222,15.3921,-2.22893
15.8782,16.16,-1.59528
15.9074,16.8744,-0.784771
15.9469,17.8444,-0.46288
16.1341,18.7903,-0.110587
16.4365,19.7285,0.0118259
16.0867,20.6414,-0.0128422
15.8733,21.5151,0.541566
16.0781,22.5276,0.273785
16.0915,23.3938,-0.215302
15.8631,24.373,-0.115259
15.9401,25.3375,-0.0442061
16.1616,26.3212,-0.314805
15.8956,27.343,-0.176986
16.3096,28.1839,0.224598
17.1884,3.07041,-0.398001
16.9446,4.00794,-0.152522
17.1395,4.98585,-0.262688
17.1705,5.91356,-0.552235
17.1297,6.81866,-0.183807
17.184,7.82646,-0.275152
17.1363,8.83392,-0.497754
17.0495,9.78589,-0.77777
17.0427,10.709,-1.20442
17.0662,11.744,-1.43848
17.016,12.7506,-1.4521
17.036,13.7708,-1.64111
16.9907,14.0102,-2.62977
17.1343,14.6773,-1.91976
17.1672,14.6959,-2.93325
17.1301,15.501,-2.33102
16.8604,16.0775,-1.52384
16.9151,16.8589,-0.879406
16.9739,17.6915,-0.29635
17.0978,18.7026,-0.363869
17.4267,19.6599,-0.135661
17.0125,20.465,0.246321
16.9088,21.4907,0.404062
17.0861,22.4588,0.0634938
17.055,23.4658,0.0675344
16.8255,24.2714,-0.507047
16.9711,25.2926,-0.240434
17.2485,26.2967,-0.25103
16.8872,27.2501,-0.0655629
17.3166,28.1425,0.217197
18.2564,2.9309,-0.415201
17.9322,3.86626,-0.253258
18.1473,4.85713,-0.124595
18.2424,5.82194,-0.403397
18.1993,6.80423,-0.108628
18.1982,7.78469,-0.166109
18.2014,8.75189,-0.430729
18.1515,9.70382,-0.778228
18.0231,10.6694,-1.17664
18.0937,11.6636,-1.36898
18.1069,12.7042,-1.48626
18.0879,13.744,-1.57762
18.0836,13.9211,-2.55258
18.1382,14.5683,-1.78923
18.1643,14.6012,-2.76769
18.1705,15.3918,-2.13778
17.8778,16.0568,-1.3225
17.8868,16.9499,-0.921555
17.9757,17.841,-0.492068
18.0951,18.8161,-0.328315
18.4538,19.7392,0.0701132
17.9964,20.5789,0.482989
17.8924,21.5804,0.449458
18.1407,22.4729,0.0955321
18.0433,23.436,-0.173189
17.816,24.3143,-0.710269
18.041,25.2763,-0.470009
18.2782,26.2097,-0.12223
17.8818,27.1822,-0.15573
18.3678,27.9861,0.202646
19.2482,2.76844,-0.202899
18.9054,3.65744,0.0549425
19.1292,4.59623,-0.218793
19.276,5.60245,-0.225806
19.1811,6.59872,-0.299313
19.2622,7.62125,-0.274667
19.2561,8.68089,-0.289114
19.1764,9.63888,-0.694372
19.1273,10.631,-0.936174
19.0929,11.7484,-1.11257
19.1719,12.7448,-1.3167
19.1352,13.7201,-1.47039
19.104,13.8043,-2.47056
19.1921,14.5589,-1.78296
19.1618,14.8701,-2.74854
19.1328,15.416,-1.86644
18.8879,16.2298,-1.31482
18.7471,17.2056,-1.3359
18.988,17.9735,-0.726539
19.1149,18.9234,-0.43242
19.4454,19.7176,0.156673
18.9819,20.6066,0.252547
18.8907,21.6088,0.277123
19.0584,22.5327,0.557347
19.0256,23.3885,-0.00876186
18.8744,24.2196,-0.578405
19.0459,25.205,-0.489584
19.2863,26.1839,-0.263604
18.9022,27.0656,0.0822077
19.4221,27.9505,0.307239
20.2681,2.66288,0.0882138
19.9084,3.6388,-0.00255135
20.2333,4.59707,-0.159011
20.2818,5.56565,-0.201852
20.1306,6.49448,0.153066
20.2647,7.51252,-0.0641408
20.2589,8.48335,-0.397699
20.2169,9.47331,-0.628462
20.1765,10.4433,-0.833564
20.0355,11.4122,-1.09169
20.1611,12.4418,-1.19405
20.0845,13.4757,-1.2966
20.0397,13.4464,-2.30782
20.1757,14.2272,-1.70787
20.1498,14.7829,-2.55842
20.1492,15.2076,-1.68304
19.9095,16.2071,-1.52077
19.803,17.1572,-1.26845
20.0373,17.8929,-0.568017
20.1751,18.9351,-0.596686
20.4446,19.7186,-0.0200323
20.0432,20.6213,0.281939
19.8608,21.6563,-0.0186499
20.0525,22.653,0.150551
20.0343,23.6188,0.0471389
19.8944,24.3575,-0.571722
20.0881,25.3216,-0.366854
20.3006,26.2885,-0.314124
19.8829,27.1551,0.126673
20.5164,27.9227,0.12349
21.2517,2.41943,0.0157476
20.9486,3.37957,0.126331
21.2521,4.31592,-0.0530168
21.2513,5.34069,0.0467635
21.1286,6.30575,0.32031
21.2657,7.24431,-0.0723075
21.2529,8.20494,-0.391992
21.2173,9.22796,-0.471154
21.1265,10.1307,-0.925568
20.9808,11.1079,-1.13764
21.1258,12.1038,-1.06867
21.0162,13.073,-1.05379
21.0363,13.4012,-1.98071
21.1692,14.2374,-1.46271
21.1693,14.6455,-2.42506
21.129,15.454,-1.86501
20.944,16.3787,-1.54237
20.8062,17.1438,-0.885376
21.0645,18.0788,-0.514197
21.1392,19.0469,-0.253911
21.4028,19.8916,0.205643
21.0876,20.8474,0.37434
20.8842,21.8384,0.327458
21.1078,22.8487,0.145863
21.07,23.8095,-0.0625568
20.8912,24.6843,-0.5541
21.0226,25.5636,-0.102206
21.2915,26.4557,-0.508029
20.9379,27.2353,0.0663991
21.492,28.0899,-0.215751
22.1602,2.03971,0.212906
21.9017,3.01712,0.13263
22.1582,3.98853,0.172945
22.2526,5.0045,0.163558
22.0962,5.98767,0.00357067
22.2272,7.00548,-0.143486
22.2993,8.0381,-0.296722
22.263,9.00517,-0.518726
22.1016,9.91451,-0.929487
22.0298,10.9104,-1.03822
22.1998,11.9648,-0.984555
22.0286,12.9423,-0.806623
22.0843,13.223,-1.85755
22.13,14.1621,-1.52866
22.2042,14.7508,-2.38542
22.1311,15.363,-1.58535
21.9072,16.35,-1.32339
21.8447,17.2937,-1.03647
22.1459,18.1135,-0.506391
22.1647,19.0841,-0.291043
22.3391,20.0808,-0.143117
22.1316,21.0207,0.138963
21.9077,21.9954,0.210083
22.1263,22.9578,0.296207
22.0532,23.9037,-0.0167455
21.8428,24.8549,-0.292264
21.9997,25.8073,0.0374187
22.3125,26.6494,-0.424296
21.964,27.215,0.318125
22.4108,28.1211,0.265847
23.1877,1.84599,0.175091
22.9059,2.78401,0.247429
23.1267,3.82204,0.14384
23.1924,4.76174,-0.153899
23.1134,5.78964,-0.219993
23.2633,6.79465,-0.190628
23.3372,7.83377,-0.213303
23.2534,8.79481,-0.523804
23.0986,9.67036,-1.00976
23.1178,10.7125,-0.984094
23.1945,11.702,-1.21585
23.0176,12.6416,-0.868993
23.1108,13.1581,-1.68007
23.1877,14.1241,-1.43536
23.1817,14.7855,-2.21961
23.1627,15.3916,-1.36775
22.9305,16.3844,-1.24621
22.8666,17.3296,-0.87633
23.1055,17.975,-0.0780419
23.1702,19.0079,-0.207495
23.3253,20.03,-0.0382916
23.1222,21.036,-0.0681295
22.922,21.952,0.315772
23.1093,22.9274,0.066686
23.059,23.9455,0.179815
22.8517,24.8503,-0.314957
23.0722,25.8496,-0.138096
23.3241,26.794,-0.393283
23.0076,27.3129,0.434468
23.4309,28.2404,0.258675
24.1845,1.77915,0.363546
23.8999,2.74071,0.114096
24.0873,3.66182,-0.176623
24.2023,4.62119,-0.04532
24.1525,5.61896,-0.201416
24.2742,6.57468,-0.274447
24.3589,7.55991,-0.142344
24.2386,8.56905,-0.301398
24.1213,9.37916,-0.907813
24.1375,10.3963,-0.868148
24.0598,11.3857,-0.822578
23.9884,12.3971,-0.751833
24.2126,12.9531,-1.55664
24.1178,13.8624,-1.15586
24.1622,14.5975,-1.8958
24.1249,15.2641,-1.12005
23.9201,16.2152,-1.38743
23.9136,17.1119,-0.837617
24.0727,18.0029,-0.373281
24.1638,19.0296,-0.423521
24.3192,19.9526,-0.149178
24.1539,20.976,-0.167428
23.9636,21.9152,0.0572741
24.1577,22.9265,0.106583
24.0814,23.9345,0.0648244
23.8573,24.8712,-0.168468
24.0796,25.8568,-0.165212
24.3122,26.8222,-0.349556
24.0386,27.3168,0.462746
24.4307,28.1847,-0.00864895
25.2159,1.84945,0.505954
24.9253,2.69088,0.105002
25.0369,3.45141,-0.536866
25.1909,4.43435,-0.266417
25.1858,5.37276,0.00298166
25.2643,6.34892,-0.272961
25.3017,7.3032,0.079284
25.2147,8.30578,-0.153749
25.1001,9.09706,-0.744493
25.1589,10.0959,-0.828224
25.023,11.0891,-0.595572
24.9402,12.0786,-0.712839
25.2663,12.8246,-1.42801
25.1216,13.7823,-1.00002
25.1485,14.3532,-1.81544
25.1832,15.0663,-1.08475
24.9232,16.0773,-0.975451
24.987,17.111,-0.902753
25.0831,18.1016,-0.538447
25.1624,19.0827,-0.225553
25.356,20.0481,-0.14724
25.1346,21.0088,-0.313016
25.0166,21.8713,0.218278
25.1537,22.8427,0.0407788
25.1499,23.8528,-0.0134922
24.8886,24.7669,-0.383395
25.0902,25.8064,-0.215253
25.3261,26.7827,-0.355669
25.0328,27.574,0.245222
25.3661,28.5297,0.254836
26.1846,1.63044,0.639647
25.9422,2.44319,0.101309
26.046,3.11345,-0.586645
26.1863,4.05628,-0.269069
26.2481,5.0673,-0.0754265
26.2272,6.06358,-0.170745
26.3242,7.06272,0.0118137
26.2523,8.03837,-0.181249
26.1083,9.00519,-0.401065
26.1737,9.89062,-0.842967
26.1249,10.9284,-0.804254
25.9884,11.8863,-0.636729
26.3199,12.7224,-1.17759
26.1427,13.6614,-0.816355
26.0709,14.4521,-1.39405
26.153,15.2016,-0.750249
25.9323,16.2558,-0.914048
25.9808,17.2436,-0.690399
26.0721,18.2296,-0.551936
26.137,19.1514,-0.0837184
26.3376,20.1732,-0.0561815
26.091,21.1144,0.023484
26.0058,22.0879,0.372134
26.183,22.8361,-0.218256
26.1597,23.8451,-0.0608753
25.9346,24.7886,-0.351103
26.1019,25.7708,-0.211905
26.282,26.7439,-0.577615
26.0651,27.4498,0.0821284
26.464,28.4284,0.282028
27.1835,1.47918,0.663656
26.9637,2.28253,0.0622944
27.1222,3.11225,-0.58612
27.1593,4.13474,-0.607443
27.1467,4.73562,0.200171
27.2129,5.74018,0.227122
27.263,6.63218,-0.175481
27.2363,7.68175,-0.173449
27.053,8.63941,-0.607419
27.2237,9.64007,-0.88562
27.1312,10.6809,-0.667507
27.0999,11.7063,-0.745689
27.307,12.6493,-1.13527
27.2167,13.5874,-0.691745
27.1378,14.3393,-1.37302
27.1468,15.2171,-0.936201
26.989,16.2523,-0.877102
27.023,17.1996,-0.554247
27.0807,18.21,-0.285974
27.1832,19.2407,-0.12938
27.3349,20.1958,-0.295495
27.0845,21.0511,0.208118
27.0094,22.0338,0.165026
27.2211,22.8783,-0.397296
27.171,23.8482,-0.202551
26.9534,24.7993,-0.34908
27.1184,25.78,-0.116822
27.3553,26.6855,-0.43715
27.1176,27.5532,0.000109867
27.4164,28.2468,0.671606
28.1178,1.63342,0.94134
28.0134,2.2033,0.115775
28.1301,2.90298,-0.572387
28.1601,3.94158,-0.630088
28.176,4.55987,0.198462
28.2478,5.56934,0.0581256
28.1929,6.51806,0.330482
28.2021,7.40194,-0.260375
28.073,8.39405,-0.450798
28.1867,9.39056,-0.71478
28.1047,10.4019,-0.600778
28.0765,11.4296,-0.651756
28.2713,12.3226,-1.01883
28.1719,13.2502,-0.564943
28.0915,14.1087,-1.12559
28.1557,15.0852,-0.769927
28.0315,16.0955,-0.835353
28.1039,17.1024,-0.58735
28.1067,18.0018,-0.13773
28.1474,18.9914,-0.260414
28.2967,20.0043,-0.38724
28.0809,20.8039,0.230815
27.994,21.7719,0.127775
28.1982,22.7237,-0.173183
28.1356,23.7223,-0.197601
28.0028,24.7334,-0.358553
28.1206,25.6679,-0.0513718
28.3159,26.6244,-0.226749
28.1379,27.6362,-0.0985931
28.3926,28.3867,0.590112
29.1708,1.61266,0.968014
29.0063,2.19913,0.156856
29.1212,2.67283,-0.685223
29.1359,3.66583,-0.536555
29.2243,4.37765,0.17257
29.2207,5.38121,0.0215979
29.2011,6.39679,0.15967
29.1371,7.43551,0.141942
29.1281,8.31413,-0.422117
29.2093,9.26368,-0.606281
29.1054,10.2357,-0.440199
29.0044,11.2246,-0.299091
29.2664,12.0782,-0.738035
29.2073,13.0816,-0.560903
29.0238,14.0602,-0.708054
29.167,15.0772,-0.566021
29.0711,16.0547,-0.705728
29.1254,17.0656,-0.652474
29.154,18.0302,-0.294537
29.2067,19.0335,-0.234727
29.2879,19.9891,-0.497375
29.0625,20.7997,0.0999969
29.0306,21.8199,-0.142854
29.1883,22.7908,-0.119031
29.1714,23.792,-0.0914884
29.0897,24.766,-0.231169
29.1001,25.7687,-0.262407
29.2941,26.7447,-0.428013
29.1389,27.6627,-0.0755242
29.4092,28.4807,0.493466
