-0.157198,1.12019,-0.999087
0.0174566,1.39606,-0.050679
0.00327158,2.43197,-0.118552
-0.0252968,3.39417,0.0669973
-0.210352,4.36911,-0.29451
-0.102826,5.36063,-0.369344
-0.0923704,6.3912,-0.310822
-0.152928,7.42306,-0.237751
-0.0840693,8.39798,-0.397604
-0.216114,9.3703,-0.479299
-0.127421,10.3671,-0.603613
-0.0842097,11.3509,-0.556514
-0.220267,12.3179,-0.720441
-0.1919,13.3231,-0.674526
-0.182043,14.2515,-1.06754
-0.110224,15.2287,-0.736622
-0.152956,16.1815,-0.375387
-0.258086,17.1505,-0.0999817
-0.114756,18.1523,0.166741
0.0719535,19.0705,-0.0977966
0.0557939,20.0803,-0.303751
-0.19588,21.0201,0.113675
-0.191241,22.0213,0.324143
-0.10914,23.0208,0.401477
-0.145784,23.8941,-0.159963
-0.168462,24.905,-0.0248299
-0.0516068,25.9139,0.266677
0.0244118,26.6925,-0.394394
-0.0790918,27.6434,-0.0614582
-0.200436,28.5921,-0.454527
0.867168,1.24839,-0.775137
0.940922,1.77036,0.070809
0.97496,2.69908,-0.363704
0.976449,3.65252,0.0326334
0.767541,4.66498,-0.153783
0.885904,5.64293,-0.33281
0.977935,6.64899,-0.293869
0.837269,7.6333,-0.441285
0.938948,8.62693,-0.400931
0.800391,9.5728,-0.636134
0.856282,10.5931,-0.778668
0.91229,11.5335,-0.415241
0.794397,12.4636,-0.731999
0.692767,13.3219,-1.22419
0.845851,14.3219,-1.2949
0.910114,15.2311,-0.965487
0.878207,16.0308,-0.387274
0.734303,17.0858,-0.176101
0.900314,18.0454,0.119803
1.11143,19.0209,-0.0697378
1.09578,19.9948,-0.379604
0.736302,20.9457,-0.260573
0.866008,21.9066,0.0932005
0.856825,22.8621,0.555992
0.856316,23.7513,0.041496
0.852,24.782,0.0234169
1.00851,25.7002,0.335981
1.00154,26.5466,-0.201816
0.9653,27.5505,-0.0293405
0.770351,28.438,-0.499841
1.88566,1.32972,-0.554695
1.88119,2.11572,0.127808
1.92267,3.01406,-0.20791
1.92531,4.02185,-0.0168126
1.7288,5.05294,-0.0603473
1.81693,5.95053,-0.491061
1.94723,6.90241,-0.107144
1.81318,7.93088,-0.391583
1.96559,8.94184,-0.275198
1.80214,9.75115,-0.807227
1.90694,10.7576,-0.849562
1.93323,11.6316,-0.413666
1.84791,12.5793,-0.833131
1.72394,13.3863,-1.42788
1.84535,14.3906,-1.57119
1.90606,15.2736,-1.12067
1.86259,16.0706,-0.556145
1.7308,17.1015,-0.337135
1.91043,18.0806,-0.152409
2.08377,19.0306,-0.086642
2.09403,19.923,-0.523081
1.7727,20.8987,-0.390881
1.87726,21.8084,0.116517
1.88214,22.7653,0.410511
1.86933,23.7236,0.189541
1.86461,24.7305,-0.113196
2.07046,25.6833,0.216797
2.0621,26.6214,-0.131434
2.00132,27.6537,-0.0978027
1.78331,28.4824,-0.615058
2.88372,1.37547,-0.366414
2.88595,2.25526,0.178466
2.91725,3.21782,-0.020127
2.91163,4.2262,-0.268902
2.77199,5.2178,-0.263381
2.81533,6.15159,-0.613947
2.97085,7.05502,-0.202863
2.83044,8.04543,-0.368661
2.94041,8.99611,-0.575112
2.79284,10.0329,-0.681185
2.88236,10.8756,-1.20661
2.89228,11.8142,-0.841688
2.83224,12.7222,-1.24757
2.67318,13.6893,-1.29868
2.87158,14.5231,-1.78553
2.93999,15.378,-1.26555
2.83132,16.2238,-0.776125
2.77488,17.0914,-0.230696
2.92863,18.0606,0.0891446
3.13001,19.0439,-0.149361
3.13406,19.9445,-0.571447
2.81671,20.8851,-0.56736
2.85831,21.7449,-0.0738731
2.84977,22.7054,0.054564
2.93561,23.685,-0.00275887
2.87086,24.6958,0.0542375
3.12071,25.6552,-0.0202399
3.0971,26.6153,-0.378851
3.0104,27.6116,-0.246733
2.77513,28.5705,-0.417731
3.7564,1.63622,0.0334025
3.84539,2.57583,0.359728
3.91209,3.30411,-0.339729
3.97783,4.34198,-0.290185
3.80972,5.34933,-0.340464
3.87453,6.31099,-0.701697
3.99043,7.26696,-0.415049
3.8526,8.24038,-0.512915
3.89696,9.21849,-0.415412
3.7997,10.1412,-0.840074
3.9495,11.0399,-1.23357
3.85874,12.0517,-1.0663
3.86441,12.8922,-1.65032
3.68903,13.8685,-1.27694
3.84527,14.6155,-1.92155
3.94931,15.4646,-1.35246
3.77235,16.3863,-1.06734
3.78452,17.164,-0.376476
3.97746,17.9702,0.23021
4.12012,18.9086,-0.047911
4.07882,19.6924,-0.705811
3.7791,20.5872,-0.435463
3.88243,21.5997,-0.135908
3.87523,22.6118,0.032371
3.95993,23.6405,0.0378246
3.85697,24.6397,0.0402203
4.12045,25.6207,-0.0864254
4.09236,26.5228,-0.484738
3.99696,27.4565,-0.170376
3.83525,28.4517,-0.333375
4.77873,1.78497,0.00383312
4.8209,2.76577,0.222159
4.75477,3.78691,-0.032844
4.92012,4.75972,-0.112455
4.77915,5.63962,-0.587265
4.81071,6.60686,-0.355708
4.96803,7.5527,-0.572259
4.86876,8.53916,-0.553319
4.85269,9.54152,-0.562752
4.77303,10.5798,-0.683245
4.94386,11.2697,-1.35078
4.88232,12.2847,-1.05579
4.83506,13.0363,-1.77483
4.70353,14.0141,-1.50736
4.83124,14.7043,-2.27564
4.93358,15.3082,-1.48753
4.79833,16.1345,-0.903452
4.82924,16.9629,-0.287606
4.95603,17.9371,-0.0435408
5.15943,18.8845,-0.0629658
5.00933,19.8332,-0.433381
4.75588,20.7964,-0.508957
4.89275,21.5702,0.0858943
4.84015,22.5911,0.123075
4.95809,23.5809,0.288089
4.92833,24.5478,0.0702231
5.16007,25.469,-0.347859
5.09604,26.455,-0.307828
5.08088,27.4455,-0.325739
4.88145,28.4799,-0.382598
5.73027,2.11046,0.277477
5.82054,3.17184,0.168429
5.72694,4.07818,-0.250868
5.86674,5.07191,0.00281381
5.82193,5.94183,-0.485769
5.82217,6.92843,-0.400473
5.94189,7.76718,-0.915305
5.87274,8.75029,-0.810169
5.80323,9.76355,-0.747859
5.75711,10.7385,-0.988897
5.89945,11.6728,-1.32089
5.88495,12.6286,-1.10706
5.806,13.3514,-1.83731
5.76584,14.2929,-1.48565
5.87304,14.9751,-2.24525
5.92803,15.0999,-1.25571
5.8225,16.0025,-0.756993
5.85015,17.0181,-0.627375
5.90766,17.922,-0.281314
6.12049,18.8938,-0.45432
6.00055,19.8594,-0.220383
5.73893,20.7999,-0.381695
5.8825,21.6121,0.243458
5.86884,22.6297,0.199652
6.00736,23.6366,0.298416
5.84857,24.4504,-0.29664
6.20128,25.4105,-0.25212
6.1015,26.4073,-0.231532
6.07172,27.3784,-0.50394
5.81381,28.2993,-0.0833247
6.64485,2.44499,0.490295
6.84206,3.30443,0.0319285
6.73126,4.23896,-0.24727
6.84275,5.24925,-0.138466
6.86562,6.14961,-0.543934
6.83816,7.14446,-0.353179
6.98055,8.00854,-0.857668
6.85867,9.00979,-0.78793
6.7684,9.99732,-0.992135
6.80165,10.9857,-1.21052
6.85026,12.0348,-1.28582
6.7997,13.0228,-1.40488
6.76236,13.4196,-2.31384
6.7572,14.1479,-1.59393
6.91208,14.8417,-2.32467
6.95557,15.0763,-1.37283
6.83293,15.861,-0.753594
6.84866,16.9063,-0.678011
6.92155,17.7711,-0.200385
7.09534,18.7341,-0.407422
7.00858,19.7571,-0.310398
6.7542,20.7157,-0.355651
6.92459,21.6336,0.0649373
6.91705,22.6637,0.0277017
7.05657,23.6519,0.239521
6.9075,24.5532,-0.229359
7.23101,25.5444,-0.187875
7.0854,26.448,-0.602039
7.06976,27.4792,-0.76285
6.82196,28.1401,0.0107303
7.72886,2.55485,0.401157
7.86207,3.50554,0.0639454
7.76313,4.42654,-0.28074
7.83786,5.41937,-0.269832
7.78838,6.44525,-0.144884
7.78768,7.33644,-0.609613
7.95029,8.27724,-0.920072
7.88319,9.29646,-0.71728
7.78158,10.269,-0.868377
7.81966,11.2604,-1.24662
7.87624,12.2669,-1.32696
7.78446,13.2719,-1.37518
7.81222,13.6612,-2.32622
7.81253,14.3495,-1.60582
7.97939,14.761,-2.49591
7.91408,15.4129,-1.71863
7.8994,15.879,-0.848094
7.91828,16.8486,-0.524622
8.0048,17.7979,-0.120975
8.09058,18.7718,-0.267647
8.01242,19.7808,-0.145668
7.76599,20.6793,-0.461864
7.92347,21.5959,-0.122587
7.91743,22.5423,0.206601
8.04295,23.5649,-0.0908872
7.93692,24.5184,-0.375881
8.23104,25.4934,-0.11731
8.05795,26.4187,-0.343452
8.0739,27.3654,-0.712931
7.90092,28.2078,-0.16737
8.8164,2.6922,0.299631
8.90603,3.67715,0.0510971
8.81072,4.60836,-0.267394
8.8524,5.59591,-0.119565
8.81413,6.62026,-0.24145
8.76192,7.5328,-0.602237
8.97449,8.53488,-0.678253
8.87851,9.54105,-0.632572
8.79438,10.5106,-0.944252
8.8561,11.4071,-1.47731
8.87798,12.4305,-1.46031
8.77024,13.5377,-1.4002
8.82508,13.8179,-2.49449
8.84481,14.5677,-1.76215
9.02827,14.715,-2.71394
8.95631,15.294,-1.90839
8.87671,15.7756,-1.02941
8.89962,16.7311,-0.668313
9.03046,17.5704,-0.157591
9.10984,18.6076,-0.18034
9.0174,19.6073,-0.27253
8.75564,20.6513,-0.138191
8.9208,21.6184,-0.0262703
8.97777,22.6283,0.125364
9.0086,23.4358,-0.414508
8.89725,24.3683,-0.0679617
9.23165,25.3186,-0.212641
9.01138,26.2857,-0.099823
9.05248,27.1855,-0.507404
8.93994,28.1271,-0.102344
9.75232,2.94889,0.585705
9.88138,3.90833,0.344588
9.83148,4.6615,-0.372256
9.88762,5.65278,-0.280834
9.86119,6.66199,-0.177615
9.75587,7.67057,-0.409003
9.95558,8.66569,-0.638923
9.91223,9.64798,-0.859655
9.82395,10.6318,-0.965712
9.82947,11.5479,-1.43189
9.84886,12.6198,-1.55112
9.75746,13.5862,-1.73345
9.87589,13.9895,-2.63995
9.87099,14.3224,-1.70728
10.0603,14.5226,-2.6521
10.0261,15.1037,-1.86533
9.86762,15.8594,-1.23172
9.94868,16.6913,-0.611661
9.9965,17.7226,-0.452867
10.0622,18.7372,-0.399332
9.98632,19.7421,-0.199322
9.70069,20.6077,0.286264
9.84463,21.6076,0.373724
9.9942,22.6441,0.449989
9.97063,23.522,-0.0492294
9.85275,24.5341,-0.285394
10.125,25.3235,0.321509
9.98768,26.2644,-0.101028
10.0069,27.3011,-0.275555
10.0197,28.2958,-0.0338664
10.784,2.845,0.493686
10.9044,3.81278,0.233967
10.8364,4.79215,-0.0352153
10.9458,5.71261,-0.412372
10.8991,6.67089,-0.327064
10.7618,7.67703,-0.669185
10.976,8.65287,-0.76885
10.8934,9.64589,-0.782952
10.8817,10.7009,-0.908188
10.8736,11.6326,-1.27859
10.8599,12.5828,-1.53095
10.7946,13.591,-1.63636
10.8754,13.9887,-2.56862
10.9051,14.3384,-1.63099
11.1065,14.5038,-2.66527
11.0274,15.0153,-1.82461
10.8796,15.8842,-1.33384
10.8956,16.8304,-0.908673
11.0135,17.8106,-0.443461
11.0459,18.7573,-0.168328
11.0261,19.7679,-0.0698416
10.6741,20.6831,-0.0403516
10.8577,21.618,0.284759
11.058,22.6258,0.346507
11.009,23.5502,-0.0564806
10.8623,24.5567,-0.234629
11.1522,25.3861,0.345457
11.0672,26.2854,-0.185638
11.0468,27.2995,-0.0903012
11.0737,28.3524,-0.153615
11.7821,2.92871,0.418406
11.9117,3.93258,0.417862
11.9119,4.89835,0.115033
12.0041,5.83095,-0.221046
11.9332,6.7832,-0.501929
11.762,7.74888,-0.675661
11.9814,8.70495,-0.663124
11.9291,9.75155,-0.649687
11.8598,10.6488,-1.07361
11.9073,11.6615,-1.16478
11.8675,12.6243,-1.36
11.7838,13.4478,-1.89707
11.9473,13.927,-2.76872
11.9215,14.2811,-1.79658
12.1643,14.5423,-2.71389
12.0369,15.0576,-1.84272
11.9443,15.8742,-1.32558
11.932,16.8038,-0.966396
12.0171,17.6876,-0.477593
12.0451,18.7102,-0.211615
12.0356,19.6893,-0.0289041
11.7279,20.6114,-0.0334422
11.8787,21.6125,0.184411
12.1222,22.5756,0.516492
12.0375,23.5116,0.120896
11.8246,24.4588,-0.0129185
12.1715,25.3494,0.434758
12.073,26.2392,-0.0502274
12.0454,27.2258,0.0838435
12.0783,28.158,-0.275018
12.7746,3.07633,0.616083
12.9458,4.02021,0.379461
12.9392,5.03576,0.191614
13.0349,5.93935,-0.272634
12.9344,7.00685,-0.455675
12.7622,7.97733,-0.50264
12.9785,8.86963,-0.843797
12.9337,9.89075,-0.541581
12.9364,10.6936,-1.15284
12.9801,11.7103,-1.04738
12.9325,12.6624,-1.31202
12.863,13.6161,-1.74042
12.9433,13.9813,-2.73306
12.9738,14.4741,-1.87279
13.1779,14.624,-2.83163
13.011,15.2164,-2.00176
12.9344,16.1456,-1.68902
12.899,16.9805,-1.10698
13.0123,17.8225,-0.510596
12.9782,18.8469,-0.479305
12.9805,19.8655,-0.470098
12.7497,20.5565,0.232463
12.919,21.5526,0.262636
13.11,22.5756,0.223869
13.049,23.5493,0.0254585
12.8709,24.5249,-0.13318
13.1508,25.362,0.249843
13.0084,26.3661,0.375661
12.9899,27.3927,0.455403
13.1421,28.0652,-0.301587
13.8203,3.00656,0.665444
13.9797,3.94892,0.468126
13.9786,4.94508,0.189416
14.1022,5.89338,-0.291101
13.9695,6.89461,-0.324808
13.7736,7.94517,-0.339439
13.9311,8.91725,-0.460195
13.9249,9.89531,-0.661187
14.0169,10.7108,-1.20588
14.0365,11.7255,-1.244
13.9697,12.7304,-1.2175
13.9251,13.5411,-1.73541
13.9267,13.8556,-2.67517
14.0618,14.4432,-1.86621
14.1483,14.8758,-2.80729
13.9609,15.3917,-1.95098
13.8684,16.3759,-1.84811
13.8954,17.1961,-1.28168
14.0305,17.9676,-0.649883
13.9906,18.898,-0.242921
13.9878,19.9621,-0.348189
13.7586,20.8255,0.106561
13.9306,21.6955,0.500983
14.1126,22.7005,0.295828
14.0703,23.6311,-0.00248726
13.8672,24.5942,-0.0377819
14.0587,25.3193,0.709131
14.0759,26.3403,0.607379
13.9876,27.2706,0.25688
14.1611,28.0596,-0.305966
14.885,3.16937,0.871166
15.0231,4.17457,0.724848
15.0389,4.94584,0.0706351
15.0997,5.90834,-0.379293
15.0155,6.87433,-0.236323
14.8372,7.87176,-0.427268
14.9692,8.8583,-0.448531
14.9134,9.82924,-0.596313
15.0179,10.7743,-0.992941
15.0833,11.8141,-1.09933
14.9979,12.8086,-1.24646
14.9581,13.7674,-1.6827
14.9484,14.0399,-2.70699
15.0666,14.6238,-1.89314
15.0953,15.145,-2.75025
15.0023,15.4924,-1.79663
14.9111,16.4637,-1.76731
14.9091,17.3137,-1.14223
15.0258,18.134,-0.471615
14.9608,19.0615,-0.113596
15.0202,19.9357,-0.541417
14.7981,20.8159,-0.116236
14.9545,21.7082,0.430537
15.1786,22.674,0.210074
15.1085,23.5989,-0.180404
14.8639,24.489,0.271325
15.0087,25.4594,0.463829
15.0692,26.5008,0.470919
14.8438,27.1759,-0.231858
15.2445,28.0874,-0.537168
15.9241,3.26041,1.01636
16.0973,4.19119,0.643947
16.0276,5.01293,0.0795465
16.1455,5.91272,-0.326225
16.0848,6.90159,-0.0149022
15.9035,7.85221,-0.3133
16.046,8.87944,-0.436656
15.9349,9.79586,-0.777801
16.0269,10.7843,-0.935887
16.07,11.8326,-1.02534
16.0118,12.7538,-1.43785
16.0115,13.7215,-1.5795
16.0095,13.8579,-2.59632
16.1137,14.535,-1.80071
16.1199,15.0934,-2.63995
16.0634,15.3534,-1.60887
15.9387,16.3427,-1.82194
15.9281,17.1524,-1.17284
16.095,17.9366,-0.550346
15.8868,18.9299,-0.583624
15.9735,19.9046,-0.678372
15.8294,20.8712,-0.384301
15.988,21.578,0.304346
16.1895,22.5477,0.236799
16.1293,23.5421,0.0584552
15.8755,24.5777,0.102112
16.0393,25.5708,0.530522
16.1077,26.5693,0.223353
15.8856,27.3648,-0.334617
16.3213,28.1996,-0.692007
16.9102,3.10741,0.974737
17.0278,3.93034,0.332646
17.0503,4.88382,0.148372
17.1379,5.87884,-0.0522294
17.1033,6.8367,-0.08652
16.9472,7.79469,-0.279717
17.0498,8.84606,-0.417096
17.0423,9.76486,-0.848555
17.082,10.8413,-0.838038
17.152,11.8101,-1.06516
17.0892,12.7304,-1.43623
17.0662,13.712,-1.63911
17.024,13.7184,-2.62199
17.1609,14.5295,-1.985
17.1353,15.0152,-2.86702
17.0496,15.3356,-1.92694
16.8224,16.1193,-1.2797
16.9785,17.1163,-1.2407
17.1777,17.9179,-0.60571
16.9852,18.9589,-0.512516
17.0433,19.9044,-0.724598
16.7774,20.6337,0.0126652
17.0285,21.5979,0.178527
17.2646,22.5821,0.188992
17.2035,23.5687,0.0363933
16.8591,24.5412,0.380667
17.0462,25.5378,0.29722
17.1409,26.5293,0.284994
16.8608,27.4415,-0.132398
17.3283,28.1012,-0.723579
17.927,3.06049,0.915415
18.0452,3.93668,0.393551
18.076,4.8984,-0.106436
18.1497,5.87727,-0.285363
18.1295,6.87063,-0.186767
17.9722,7.8666,-0.336927
18.0697,8.87061,-0.502786
18.0873,9.83317,-0.817096
18.0958,10.8254,-0.835841
18.1457,11.7593,-1.16228
18.077,12.7417,-1.4785
18.0921,13.7508,-1.73911
18.0771,13.7291,-2.75441
18.1458,14.5495,-2.17395
18.1364,15.317,-2.84027
18.0776,15.2148,-1.82856
17.8423,16.1475,-1.39843
17.9795,17.0788,-0.930796
18.1732,17.9869,-0.507642
18.0151,18.9945,-0.704337
18.0359,20.008,-0.727198
17.7804,20.7961,-0.0896359
18.0131,21.811,-0.0682577
18.2992,22.7463,0.0284005
18.1741,23.7869,-0.0647237
17.807,24.6767,0.0977966
17.9241,25.6298,-0.218564
18.1071,26.6408,-0.0971129
17.8928,27.6428,0.0270669
18.3097,28.0807,-0.766823
18.911,3.0912,1.00005
19.078,3.83108,0.349571
19.13,4.70071,-0.116352
19.1201,5.69572,-0.0409589
19.1591,6.68231,-0.217621
19.0025,7.69821,-0.276757
19.0396,8.70248,-0.491989
19.0768,9.67758,-0.665407
19.1314,10.6795,-0.781768
19.1633,11.7309,-0.995849
19.101,12.706,-1.32499
19.1574,13.7127,-1.62618
19.1349,13.8464,-2.60151
19.1417,14.566,-1.8849
19.1716,15.1645,-2.68318
19.0959,15.4551,-1.71458
18.8545,16.3494,-1.29578
18.995,17.3046,-1.10217
19.1552,18.2035,-0.658858
18.9848,19.1595,-0.98095
19.0873,20.1935,-0.859606
18.8577,20.7178,0.016895
19.0223,21.7399,0.181497
19.3196,22.7047,0.0292611
19.1831,23.7333,0.0192907
18.8297,24.6525,0.0380871
18.949,25.6378,-0.0242042
19.1486,26.6213,-0.0536729
18.9322,27.6067,0.132386
19.3112,28.1141,-0.643449
19.8353,2.93638,0.650331
20.0656,3.70975,0.0471908
20.1011,4.63523,-0.252123
20.1633,5.50709,0.210825
20.2188,6.45957,-0.170077
20.0562,7.4604,-0.00724815
20.0827,8.42125,-0.361779
20.0404,9.42882,-0.629197
20.0926,10.422,-0.478478
20.1113,11.2745,-1.0697
20.0578,12.3178,-1.10487
20.0119,13.3654,-1.34222
20.0419,13.4064,-2.38493
20.1421,14.243,-1.86747
20.151,15.1013,-2.43038
20.082,15.3682,-1.41779
19.8107,16.3311,-1.58905
20.0097,17.1907,-1.10806
20.1503,18.2364,-1.00747
20.0656,19.2164,-0.9112
20.1101,20.2478,-0.728135
19.898,20.866,0.0466994
20.0021,21.8046,0.44218
20.3599,22.7339,0.26151
20.1722,23.7189,0.0033784
19.8312,24.6479,0.283493
19.9772,25.5585,-0.238572
20.1274,26.4824,0.189193
19.8923,27.4375,0.377038
20.2189,28.1585,-0.20792
20.9028,2.73609,0.651173
21.0719,3.53209,0.0793634
21.1208,4.49041,-0.197125
21.21,5.32018,0.329939
21.1808,6.31519,0.130827
21.0523,7.31663,0.0864284
21.0779,8.19582,-0.405426
21.045,9.16791,-0.541462
21.1287,10.1919,-0.445991
21.0747,11.1483,-0.83209
21.1208,12.1782,-1.05821
21.0338,13.1003,-1.39998
21.0861,13.1192,-2.42644
21.1267,13.9184,-1.81496
21.1268,14.8207,-2.31218
21.0888,15.509,-1.59125
20.852,16.4673,-1.75711
20.999,17.3157,-1.31202
21.1777,18.221,-0.913044
21.0849,19.2566,-0.944731
21.1397,20.2154,-0.649608
20.9154,20.9548,0.0104129
20.9463,21.9394,0.105078
21.3238,22.905,0.156081
21.1636,23.9233,0.115149
20.8166,24.75,0.512339
20.9019,25.6573,0.0946837
21.1479,26.6682,0.0939024
20.8692,27.5979,0.45049
21.2314,28.0705,-0.356682
21.8661,2.57772,0.826463
22.0963,3.37101,0.188147
22.1466,4.20944,-0.396689
22.2076,5.05286,0.176891
22.1573,6.05976,0.0553423
21.9938,6.9928,-0.143327
22.1057,7.97757,-0.291873
22.0132,9.04003,-0.386123
22.1195,10.0415,-0.301807
22.094,10.9543,-0.791134
22.1468,11.8755,-1.08684
22.0508,12.8235,-1.39317
22.1072,13.3018,-2.32929
22.1308,13.9297,-1.54326
22.1243,14.6197,-2.23518
22.0822,15.3795,-1.58464
21.8931,16.3819,-1.45241
22.0037,17.3075,-1.13478
22.1398,18.3775,-1.30024
22.1108,19.2012,-0.743294
22.2298,20.1853,-0.72028
21.9277,20.8951,-0.0405469
21.9973,21.8738,-0.133937
22.2967,22.8286,-0.032252
22.1765,23.8724,-0.0217109
21.9079,24.7282,0.466985
21.9514,25.7098,0.158382
22.1948,26.6835,-0.0200018
21.9721,27.5678,0.398517
22.2662,28.1955,-0.350707
22.8776,2.30832,0.766744
23.1006,3.14509,0.271572
23.162,3.98979,-0.227937
23.1801,4.99568,-0.0978149
23.1262,5.89179,0.340996
23.0421,6.77118,-0.118607
23.1543,7.72257,-0.303687
23.0616,8.75211,-0.491595
23.0733,9.76422,-0.391028
23.0905,10.7221,-0.710962
23.1681,11.6038,-1.07942
23.0774,12.5957,-1.37863
23.1325,13.2156,-2.18032
23.1025,13.763,-1.2964
23.0832,14.5168,-2.0062
23.0405,15.3313,-1.35611
22.9049,16.3428,-1.35407
23.067,17.3176,-1.2425
23.1545,18.2947,-1.24977
23.1325,19.2653,-0.946431
23.2559,20.2106,-0.549626
22.9565,20.8763,0.109571
22.9968,21.8977,-0.138447
23.3174,22.8352,-0.0028016
23.1866,23.821,0.0953032
22.9204,24.8021,0.319544
22.9725,25.7453,-0.0717612
23.2726,26.6929,-0.160842
23.0095,27.6228,0.257103
23.2693,28.382,-0.401712
23.8936,2.20747,1.03639
24.0985,2.99032,0.45642
24.1777,3.83033,-0.109647
24.172,4.85639,-0.0736961
24.1862,5.74693,0.406287
24.0484,6.54032,-0.185754
24.1952,7.54476,-0.216669
24.0724,8.53954,-0.42934
24.0541,9.55995,-0.341307
24.1124,10.5362,-0.485113
24.2056,11.3522,-1.11946
24.0755,12.3311,-1.38831
24.1891,13.1133,-2.06272
24.084,13.7033,-1.25423
24.1381,14.5564,-1.76867
24.0456,15.4145,-1.2817
23.9535,16.4486,-1.34889
24.0432,17.3567,-0.940184
24.1003,18.3778,-0.864763
24.172,19.4008,-0.935932
24.2592,20.2803,-0.469314
23.9289,20.8426,0.321567
24.0334,21.8136,0.0846675
24.3003,22.7983,0.126634
24.1433,23.7508,0.438755
23.9838,24.7712,0.154082
23.98,25.76,0.0303049
24.2361,26.7196,0.0318949
23.9636,27.7558,-0.0135746
24.2751,28.6747,-0.390942
24.9082,1.92958,0.876971
24.9031,2.57825,0.111255
25.1778,3.53138,-0.18515
25.1764,4.55895,0.00912503
25.1769,5.45249,0.564788
25.0853,6.33925,0.0433393
25.2097,7.2726,-0.27936
25.1437,8.33621,-0.337468
25.0493,9.35383,-0.377398
25.1642,10.3556,-0.395294
25.1758,11.0326,-1.13583
25.0965,12.0289,-1.27492
25.161,12.911,-1.78767
25.1041,13.6357,-1.04598
25.1474,14.575,-1.39563
25.0504,15.4887,-0.978939
25.0313,16.4088,-1.35365
25.0985,17.3437,-1.05474
25.1447,18.363,-0.804694
25.195,19.3708,-0.800427
25.2853,20.2778,-0.391415
24.9645,21.0648,0.160277
24.9795,22.0541,0.216828
25.1932,22.9126,-0.346559
25.101,23.8481,0.0237556
24.9727,24.8098,0.244047
25.0059,25.8256,0.142586
25.2255,26.7619,-0.130549
25.0365,27.7926,-0.151714
25.287,28.7478,-0.371654
25.964,1.81688,1.07926
25.9996,2.54791,0.357112
26.1722,3.22595,-0.349788
26.1077,4.19524,-0.155116
26.1615,5.07731,0.312809
26.0805,6.02135,-0.041081
26.1799,7.03794,-0.0678396
26.1211,7.96642,-0.470202
26.047,8.97769,-0.190078
26.1665,9.975,-0.45313
26.215,10.8572,-0.93242
26.1043,11.8093,-1.11268
26.2207,12.7427,-1.53191
26.0979,13.4181,-0.781619
26.0911,14.3367,-1.14105
26.0374,15.3496,-1.17686
26.0462,16.3351,-1.10226
26.1505,17.3282,-0.924036
26.1515,18.3109,-1.06297
26.1542,19.3105,-0.680569
26.3226,20.2338,-0.320731
26.0048,21.1286,-0.0160375
25.9717,22.1444,0.200446
26.1926,22.9749,-0.35305
26.1041,23.8884,0.126716
25.9831,24.8646,0.344704
26.0205,25.7245,-0.202466
26.1879,26.7094,-0.306409
26.0975,27.6838,-0.09288
26.3099,28.6393,-0.257201
26.9893,1.60151,1.07673
26.9465,2.22653,0.285333
27.2006,3.0263,-0.320292
27.1693,4.07794,-0.237397
27.2049,4.95071,0.324158
27.1168,5.80099,-0.107309
27.1251,6.76753,0.176531
27.1127,7.72186,-0.0803766
27.0467,8.69723,-0.290304
27.1744,9.62047,-0.727729
27.1793,10.6065,-0.644679
27.0846,11.5019,-1.06073
27.1881,12.495,-1.20424
27.1099,13.3462,-0.690625
27.0544,14.3449,-0.879739
27.1164,15.3357,-1.02243
26.9592,16.2691,-0.69534
27.1677,17.2714,-0.764592
27.1499,18.2518,-0.986743
27.1854,19.1991,-0.705182
27.3358,19.9895,-0.155193
27.03,20.9477,-0.151711
26.9585,21.8812,0.241758
27.155,22.7658,-0.177508
27.1076,23.7598,-0.140992
26.9244,24.8283,-0.119245
27.0186,25.8046,0.00690634
27.1725,26.7352,-0.356383
27.1167,27.7219,-0.147444
27.2663,28.7093,0.0308359
27.992,1.5711,1.16755
27.9705,2.07635,0.262911
28.1652,2.7566,-0.47102
28.1252,3.73336,-0.25855
28.1499,4.45356,0.425822
28.0939,5.44214,0.167309
28.1395,6.46651,0.0187689
28.0784,7.4571,-0.0688711
28.0602,8.47681,-0.218558
28.1721,9.44572,-0.445076
28.2129,10.4544,-0.648354
28.0549,11.4313,-0.767446
28.2261,12.3815,-0.981579
28.1848,13.4105,-0.795614
28.0374,14.3663,-0.824863
28.0882,15.3837,-0.755025
27.9545,16.3062,-0.365874
28.1406,17.366,-0.520731
28.236,18.2168,-1.06906
28.196,19.1767,-0.772652
28.3467,20,-0.248247
28.0951,20.9534,-0.0865139
27.9992,21.9611,-0.0320811
28.1484,22.9929,0.098587
28.1016,23.8669,-0.373324
27.9906,24.806,0.0190405
28.0802,25.7819,-0.185687
28.2141,26.7621,-0.283483
28.1302,27.7704,-0.393091
28.2726,28.6931,0.0113987
29.0385,1.74621,1.2367
28.9143,1.7238,0.248524
29.1268,2.48968,-0.329829
29.1251,3.4789,-0.230842
29.1432,4.25843,0.441368
29.1514,5.2387,0.22537
29.1505,6.28267,0.184027
29.0336,7.18884,-0.181176
29.0927,8.21729,-0.392108
29.1755,9.22385,-0.274865
29.1116,10.1968,-0.265862
28.9558,11.1451,-0.477047
29.149,12.0928,-0.716529
29.1413,13.1429,-0.61822
29.0234,14.1774,-0.696988
29.1181,15.2437,-0.721262
29.0027,16.158,-0.367473
29.0747,17.1247,-0.159142
29.1154,18.0395,-0.560161
29.1566,19.0736,-0.409241
29.3785,19.9787,-0.319599
29.0256,20.8118,0.142738
29.0775,21.8349,0.0182989
29.1493,22.8403,-0.0149144
29.1382,23.8459,-0.227781
29.0542,24.8281,0.0014069
29.0369,25.8407,0.142964
29.2092,26.7994,-0.0610523
29.1111,27.7918,-0.0804498
29.245,28.7007,0.407907
