-0.0157353,0.016895,0.0539567
0.989276,0.00964995,-0.160924
2.00451,-0.0133671,-0.225037
3.01361,-0.00545671,-0.205805
3.88491,0.0338054,0.266222
4.84071,0.00628986,-0.141072
5.88798,-0.0130802,-0.193152
6.91971,0.00941801,-0.029548
7.92795,0.00418714,0.0474685
8.91001,-0.0661977,0.306055
9.82282,0.0411939,-0.151915
10.8128,-0.0297067,-0.167266
11.7911,-0.0609638,-0.292337
12.8118,-0.0174169,-0.0784234
13.834,-8.24e-05,-0.119556
14.8453,-0.0427686,0.0243599
15.9009,0.0132023,-0.126225
16.9597,0.00629902,-0.167699
17.9325,-0.000500504,-0.177404
18.9644,0.0105136,-0.140364
-0.0305155,1.05378,-0.13379
0.962291,0.987158,-0.477279
1.99889,0.993747,-0.366982
2.93245,1.05576,-0.0186041
3.91217,0.956343,-0.158827
4.88428,1.02105,-0.00693075
5.8936,0.991696,-0.19285
6.96694,1.01757,-0.090347
7.99926,1.01332,0.10192
8.94762,0.822416,-0.184109
9.90117,1.05265,-0.218076
10.8529,0.98551,-0.018836
11.8815,0.962429,-0.1138
12.9465,1.0231,-0.00879543
13.9305,0.972347,0.0561876
14.9171,1.01578,-0.129398
15.9647,1.04115,-0.103259
16.9926,0.989224,0.0699942
17.9935,0.977612,-0.0278573
18.9776,1.00377,0.138945
-0.0248848,2.11866,-0.078573
0.894482,2.01961,-0.346199
1.90956,2.01101,-0.31745
2.95112,2.00678,-0.31655
3.9024,1.98577,0.0525346
4.96681,2.01553,0.0937223
5.98488,1.96608,-0.0190283
6.96322,2.03424,0.201617
7.9549,2.0512,-0.0983581
9.03304,1.86636,-0.244673
10.0299,2.03648,-0.358608
10.9492,2.03488,0.0605518
11.9324,1.9977,-0.15598
12.9249,2.01814,-0.0254769
13.9084,1.98255,-0.0925748
14.92,2.02504,-0.025837
15.9256,2.07993,-0.0810114
16.9177,1.98045,0.201205
17.9598,2.00909,0.0589801
18.9968,2.02976,0.0622486
-0.0200964,3.1425,-0.0831721
0.97925,2.99729,-0.335029
1.96142,2.9393,0.0161626
2.94399,2.95629,0.0610736
3.97229,2.98214,-0.10408
4.92696,3.07708,0.225361
5.9148,2.92429,0.098056
6.90252,2.98605,0.0311838
7.89789,3.04717,-0.0337687
8.91675,2.85699,-0.239253
9.90052,2.96025,-0.00142216
10.9417,3.05505,0.0407758
11.963,2.95321,0.121039
12.9963,3.00769,0.169582
13.9985,2.94826,0.161773
14.9997,3.08505,0.0593097
15.9783,3.1,-0.0899747
16.9651,2.97638,0.0648915
17.9501,3.01472,-0.185589
18.9695,3.00664,-0.132298
0.0192511,4.11841,-0.0530839
0.983361,3.97475,-0.231983
1.98814,3.94844,-0.045793
2.9631,3.93388,-0.207648
3.94341,4.01299,0.057448
4.93617,4.03403,-0.134254
5.95042,4.00881,-0.199161
7.00308,3.92922,-0.240394
8.00348,4.02881,-0.0260231
8.99639,3.87337,-0.229148
10.0058,3.9624,-0.171548
10.9199,4.07022,0.221113
11.9121,3.93886,0.120093
12.9144,4.01729,0.22931
13.9315,3.95534,0.183993
14.9197,4.09085,0.048262
15.9697,4.1435,0.0197027
16.9577,3.98686,0.121641
17.9539,3.937,0.188461
18.9834,3.90913,0.279357
0.000500504,5.11298,-0.0530961
1.03612,4.9554,-0.0578234
2.0654,4.96324,-0.179476
3.08111,4.9517,-0.20455
4.07174,4.97766,-0.212638
5.05007,5.02927,0.0283395
5.99564,5.04113,-0.249861
6.92574,4.86947,0.0787133
7.9808,5.04428,0.0908292
8.96864,4.89141,-0.178173
9.94791,4.99262,-0.207859
10.9677,4.98871,-0.138627
11.9417,4.95129,-0.0685598
13.0037,5.032,0.184008
14.0139,4.94772,-0.0402295
15.0412,5.07655,-0.0880032
15.9966,5.10698,0.13036
16.9719,4.99549,0.315329
17.9502,4.95655,0.0591144
18.9649,4.90903,0.139296
-0.0701529,6.04512,-0.364492
1.00468,5.95105,-0.387835
2.00207,6.00284,-0.161837
2.99636,5.9633,0.0420179
4.03409,5.94765,0.0435499
5.00564,6.06615,0.17279
6.00616,5.84383,0.306635
6.9964,5.91671,0.165606
7.98775,6.06786,0.243733
8.88277,5.9094,-0.143712
9.90026,6.04914,-0.422611
10.9561,6.02262,-0.150978
11.9517,5.98069,-0.275802
12.8875,6.05534,0.198492
13.9115,5.96901,0.141179
14.9593,6.04403,0.293973
15.9548,6.10274,0.106677
16.9602,6.01325,0.0446547
17.9962,5.95835,0.202448
19.0055,5.96773,0.226139
0.0191351,6.97633,-0.0544877
1.03978,6.93976,0.000646992
2.05976,6.95075,0.0302408
3.13601,6.93571,0.121052
4.14646,6.93064,-0.216657
5.06247,7.04917,0.163927
6.0271,6.83613,0.114841
7.07806,6.94738,-0.0245766
8.07249,6.99545,-0.198224
9.07288,6.98314,-0.184518
10.0713,7.05745,-0.33748
11.0121,7.00161,-0.0398175
12.0235,6.97311,-0.0640278
13.0165,7.05435,0.0392376
14.0516,6.97452,0.226222
15.01,6.99706,-0.112677
15.9891,7.12307,0.139875
16.9779,7.07313,0.321223
17.9571,6.94539,0.0348674
18.9387,7.00348,0.0174322
0.00437635,7.97829,-0.117692
1.01885,7.95645,0.127909
2.04899,7.95344,0.217969
3.019,7.94964,0.0823847
4.00898,7.92314,-0.119376
5.04039,8.07718,-0.0281167
6.06868,7.83576,0.0446974
7.06314,7.97062,0.0491348
8.06813,7.94206,0.12552
9.02758,7.9789,-0.12317
10.008,8.04479,-0.096234
11.0275,8.02791,-0.0114689
12.048,7.97003,0.11521
13.0251,8.0672,0.357671
14.035,7.96746,0.216968
14.9931,7.96429,0.0303262
15.9558,8.14018,-0.149843
16.9801,8.01296,-0.0858791
18.0014,8.00724,-0.055681
19.0052,8.04293,0.225819
0.064629,9.01909,0.008652
1.01403,8.96771,0.222462
2.04205,8.96059,0.162065
3.08483,8.91087,0.254402
4.07395,8.92073,0.119474
5.05996,9.05376,0.235423
6.02255,8.92597,0.0668447
7.02512,8.99771,0.187548
8.01475,8.92629,0.218403
9.02803,9.01117,-0.0844905
10.0451,9.0706,0.11417
11.062,9.04666,0.137135
12.1173,9.00021,0.17694
13.1385,9.05116,0.153627
14.1251,8.96798,0.338496
15.0566,9.03474,-0.0361461
16.0582,9.12694,-0.218137
17.0619,9.08351,0.000418104
18.0591,9.05104,-0.230161
19.0016,9.05922,0.0648213
0.0129368,10.0374,-0.180685
1.04253,9.93117,-0.0292215
2.03508,9.94192,0.0721061
3.04201,9.91047,0.188556
3.99981,9.95598,-0.0124729
4.99148,10.0544,0.0877316
6.01372,9.96042,0.115189
7.02807,10.0142,-0.0317118
7.98171,9.92142,0.275613
8.99679,10.0034,-0.0523667
10.0271,10.0615,0.0497177
11.0509,10.0555,0.0971496
12.0432,10.0029,0.143132
13.0642,10.0635,0.0739525
14.0384,9.98958,0.223319
15.0337,10.0269,0.209473
16.0169,9.91516,0.397363
16.9821,10.0966,0.0933378
17.9747,10.0144,0.0249336
19.0115,10.0344,-0.0712607
-0.00341197,11.1027,0.015125
1.03152,10.969,0.0304422
2.01432,10.935,0.291632
3.0268,10.9589,0.378713
3.94129,10.9585,0.0814142
4.93476,11.0048,0.390262
5.97797,10.9665,0.292776
6.92981,11.0054,0.00662252
7.91203,10.8868,0.00494095
8.93333,11.0257,0.0974975
9.90972,11.0573,-0.182058
10.891,11.0322,0.0482955
11.9102,11.0148,0.0910733
12.8684,11.0046,-0.139851
13.8935,10.9231,-0.0674032
14.9027,11.0445,-0.0547807
15.9267,10.9284,0.179565
16.8839,11.0572,-0.0549699
17.8948,11.0008,0.127543
18.948,11.0623,-0.0491226
0.0108432,12.1299,-0.0604541
1.04696,11.9908,-0.22692
1.98897,11.9873,0.10528
2.96531,11.9916,0.248579
3.9815,11.9231,0.362514
5.01238,12.0299,0.465508
6.00344,12.0509,0.316501
7.01579,11.9864,0.0275002
8.01192,11.9879,-0.00342112
9.05181,12.0186,-0.0990661
10.0223,12.0408,-0.229456
10.9833,12.0342,0.0131443
11.9644,12.0279,-0.0179418
12.9931,12.0217,-0.000564592
14.0211,11.9017,0.195596
15.0002,12.0273,0.212989
16.0607,11.9556,0.0877956
17.0696,12.0665,0.0881924
18.0241,11.9694,-0.116114
18.9939,12.0266,0.162865
0.0555498,13.1421,0.017304
1.03797,12.9915,-0.235359
2.08092,12.9815,-0.0758782
3.00678,13.0283,0.314277
3.98934,12.9089,0.100668
5.06731,13.0119,0.237465
6.04565,13.0197,0.0936247
7.00418,12.9457,0.315754
7.99991,12.9883,0.110623
9.03368,13.0264,0.17148
10.0701,12.9989,0.00514847
11.0879,13.0663,-0.125901
12.0843,12.9915,0.121397
13.0722,13.0401,0.0212531
14.0682,12.9186,0.374349
15.0984,13.0324,0.197006
16.0952,12.9736,-0.11138
16.9752,13.0569,0.267339
17.9949,12.9563,0.131822
18.9932,12.9834,-0.0225105
0.0104495,14.1583,-0.140831
0.973275,13.9609,-0.134779
2.00132,13.971,-0.100339
3.00201,13.9052,-0.163735
4.039,13.8991,-0.133415
5.05097,13.998,0.120475
6.08286,14.0659,0.102939
7.07171,13.9668,0.307199
8.05316,14.024,0.362432
9.09728,14.06,0.345485
10.0623,14.0338,0.173098
11.0552,13.9851,0.324293
12.0861,13.9564,0.131571
13.0911,14.0262,0.361989
14.11,13.9304,0.456383
15.0981,14.0088,0.188171
16.0954,14.0282,0.0296701
17.0854,14.0499,0.238597
18.0983,13.9975,-0.0416456
19.0298,13.9627,0.322733
-0.0284524,15.2229,-0.13849
0.939689,15.0071,-0.308463
2.00405,14.9383,-0.292148
2.95509,14.9525,-0.121015
3.98446,14.9078,-0.0723838
4.95203,15.0549,0.17304
5.94559,15.0532,0.331932
6.98684,15.0014,0.28435
7.96748,15.0201,0.132026
8.9437,15.0369,0.0913694
9.87435,15.0121,0.572073
10.8761,14.9832,0.330607
11.9137,14.951,0.109967
12.9816,15.0154,0.268816
13.9437,14.9655,0.376064
15.0283,15.0323,0.2949
16.0172,14.9528,0.461629
16.9887,15.0254,0.240599
17.9849,14.9647,0.349486
18.9613,14.9743,0.137864
0.0517563,16.2079,0.132649
0.979131,16.0157,-0.132005
2.0286,15.9988,-0.106995
3.03464,15.9366,0.0366314
4.04018,15.9737,-0.0800531
5.01939,16.0706,-0.147365
6.03022,16.0087,0.0106204
7.03667,16.0214,0.126005
7.96447,15.9616,0.515812
8.99001,15.9786,0.564168
9.9777,16.0078,0.314188
10.9675,16.0018,0.129768
11.9689,15.9283,0.122047
12.9317,16.0115,0.484503
13.9478,15.9634,0.3451
14.9221,16.0339,0.356017
15.8994,15.9269,0.356737
16.8723,16.0523,0.133219
17.8975,15.9569,0.182568
18.9556,15.9695,0.21268
-0.050325,17.2075,0.143388
0.941966,16.9672,0.0618671
1.94452,17.0044,-5.49333e-05
2.92416,17.0108,-0.00730918
3.92781,16.929,-0.264385
4.97538,17.0931,-0.315928
5.97106,16.9535,-0.339875
6.97909,16.9877,-0.22364
7.88946,16.9143,0.203983
8.90967,16.9126,0.155184
9.90942,16.9875,0.0881924
10.9105,16.9612,0.0283059
11.9273,16.9264,0.140657
12.9254,17.0299,0.294916
13.9609,17.0077,0.40979
14.9412,17.0084,0.204035
15.9618,16.9397,0.28019
16.9635,17.0266,0.327876
17.9458,16.9332,-0.0492233
18.9836,16.9964,0.171447
0.0221351,18.1936,-0.0691092
1.0409,18.0001,-0.0489547
2.0152,17.9366,0.328803
2.95871,18.0206,0.00729087
3.98251,17.943,-0.130268
4.95762,18.0827,-0.293063
5.96119,17.9991,-0.190997
6.94638,17.9647,-0.0798944
7.97091,17.8988,0.00369579
8.98118,17.9094,0.0228828
9.95667,18.0129,0.0108737
10.9636,17.9535,-0.20846
11.9602,17.9139,0.0124638
12.9621,18.0017,-0.0187078
13.9613,17.9739,0.143794
14.9701,18.0025,-0.00340587
15.9544,17.9821,0.120472
16.9344,18.0218,0.217322
17.9136,17.9703,-0.0984466
18.9719,18.0097,-0.115186
-0.0450484,19.0796,0.367885
0.968606,19.0145,0.240629
1.95763,18.9337,0.101004
2.97486,19.0452,0.237925
3.90667,18.9704,-0.140944
4.89734,19.0646,-0.154863
5.91654,19.0102,-0.065212
6.89442,18.9822,-0.0343516
7.93676,18.9487,0.0784753
8.93782,18.9272,0.171612
9.91625,19.0166,0.00991241
10.9221,18.9801,-0.113605
11.9391,18.9252,-0.136683
12.9156,19.0119,-0.0657613
13.9202,18.9793,0.0666555
14.9296,18.9946,-0.0110538
15.9467,18.9971,0.155263
16.9486,19.0123,-0.000903348
17.9583,18.9737,-0.0712668
18.9844,19.0081,0.0178961
