-0.219074,0.938176,-0.726133
0.00818812,1.54569,0.0108005
-0.0289499,2.54183,0.155083
-0.0476028,3.5574,0.0511612
-0.237333,4.56061,-0.17488
-0.101099,5.56527,-0.311963
-0.160472,6.61325,-0.22602
-0.180764,7.60343,-0.0925474
-0.0970702,8.58068,-0.181832
-0.247877,9.4416,-0.675613
-0.16184,10.3995,-0.893887
-0.169613,11.3568,-0.532026
-0.260805,12.3372,-0.760601
-0.217789,13.3536,-0.748976
-0.189157,14.3105,-1.08971
-0.138701,15.3272,-0.815632
-0.195239,16.329,-0.671505
-0.291174,17.1455,-0.0888546
-0.14987,18.1419,0.187725
0.0541704,19.1548,-0.009064
0.0318827,20.121,-0.36534
-0.222556,20.9944,0.0693655
-0.182589,22.022,-0.0475692
-0.124,22.9582,0.381167
-0.102414,23.8046,-0.239552
-0.200815,24.7263,0.227396
-0.0782128,25.7242,0.122855
-0.00390637,26.725,-0.13538
-0.186447,27.6668,-0.415409
-0.158562,28.6466,-0.26783
0.747728,1.09095,-0.546153
0.859536,2.08284,-0.292038
0.931806,2.95612,0.206546
0.91424,3.94159,-0.00489212
0.741108,4.90618,-0.235276
0.807428,5.93114,-0.256386
0.839772,6.90522,-0.251399
0.841243,7.88561,-0.0945097
0.886792,8.86445,-0.323566
0.68854,9.537,-0.978881
0.858562,10.5218,-0.589676
0.829743,11.5698,-0.585266
0.750407,12.5705,-0.484945
0.834739,13.5635,-0.608927
0.796542,14.3506,-1.24468
0.944862,15.2803,-0.954415
0.855327,16.2297,-0.58508
0.660109,17.1973,-0.454628
0.767757,18.1768,-0.242924
1.06439,19.0919,0.0621204
1.01658,20.0591,-0.416889
0.696478,21.0017,-0.26989
0.82197,21.9883,-0.26895
0.913111,22.8836,0.19628
0.940175,23.8112,-0.256438
0.788937,24.7895,0.10434
0.948146,25.8215,0.018479
0.953203,26.8015,0.0764306
0.857714,27.6984,-0.404068
0.863753,28.6584,-0.352452
1.78044,1.34294,-0.654872
1.87577,2.204,-0.0830927
1.95319,3.1346,0.293963
1.96167,4.11411,-0.0005768
1.75282,5.07769,-0.223246
1.80451,6.10419,-0.387405
1.8423,7.05698,-0.0150304
1.90499,8.03672,-0.237877
1.94988,9.05365,-0.284448
1.7392,9.73901,-1.02822
1.88568,10.6691,-0.597717
1.91111,11.7182,-0.711835
1.78109,12.752,-0.6932
1.90559,13.7048,-0.741777
1.79594,14.5074,-1.31422
1.89808,15.4834,-1.34261
1.89741,16.213,-0.659929
1.70483,17.1926,-0.281484
1.74707,18.2054,0.0127934
2.0922,19.1785,0.117325
2.06175,19.9033,-0.567443
1.69318,20.8484,-0.4433
1.78838,21.827,-0.532093
1.92442,22.6795,0.0192145
1.85866,23.6712,0.0865963
1.74744,24.702,0.207874
1.90137,25.6766,-0.0514878
1.95529,26.7267,-0.0815302
1.87053,27.6704,-0.485983
1.84324,28.655,-0.216697
2.78144,1.60228,-0.656587
2.95398,2.28332,0.017951
2.90444,3.3453,0.0541429
2.93882,4.30954,-0.0580554
2.78806,5.30717,-0.11091
2.8483,6.26362,-0.475631
2.88307,7.21386,-0.201874
2.90773,8.18964,-0.255446
2.92929,9.16017,-0.502756
2.74894,10.0641,-1.02641
2.84029,10.9554,-0.661794
2.90986,11.9899,-0.742204
2.72731,12.8683,-1.16917
2.85607,13.8329,-0.980212
2.76106,14.5962,-1.60625
2.99734,15.5295,-1.34472
2.89968,16.1103,-0.537526
2.72945,17.0859,-0.318516
2.69322,18.1377,-0.335551
3.08048,19.0458,-0.0909665
3.05819,20.0331,-0.490677
2.72394,20.9749,-0.48175
2.73872,22.0023,-0.368337
2.87333,22.7502,0.347597
2.81764,23.7131,0.249046
2.75076,24.7081,0.102478
2.86395,25.5901,-0.344349
2.98475,26.5766,-0.30762
2.88738,27.6123,-0.392544
2.94892,28.665,-0.414612
3.85041,1.79161,-0.47337
3.89638,2.57787,0.204218
3.88521,3.55235,0.254735
3.95069,4.50548,0.0306864
3.79467,5.4525,-0.260726
3.85148,6.45763,-0.338304
3.8564,7.4734,-0.456099
3.96158,8.4512,-0.332688
3.87444,9.36428,-0.791815
3.75917,10.3117,-1.12719
3.80357,11.2829,-0.927842
3.90228,12.2173,-0.645988
3.79641,12.9706,-1.26128
3.8785,13.9805,-1.05573
3.7418,14.7521,-1.65943
4.04566,15.6331,-1.36178
3.92333,15.9831,-0.44217
3.79414,17.0071,-0.18706
3.69789,17.9849,-0.128452
4.08166,18.9504,0.164904
3.93675,19.9256,-0.0925962
3.73305,20.8746,-0.281704
3.71836,21.9215,-0.109067
3.87165,22.8131,0.370696
3.92184,23.8024,0.194983
3.75911,24.7875,0.188275
3.85685,25.7225,-0.128474
4.00673,26.7142,-0.328336
3.88862,27.6125,-0.639958
3.96419,28.5255,-0.292196
4.8328,1.88218,-0.526484
4.88626,2.69966,0.105463
4.91592,3.7024,0.0477004
4.91297,4.68557,-0.0882138
4.71917,5.55465,-0.587429
4.83735,6.58202,-0.449001
4.93313,7.56774,-0.452437
4.97743,8.58004,-0.493619
4.90016,9.55979,-0.823658
4.78811,10.5316,-0.985092
4.79213,11.525,-1.15611
4.94162,12.4144,-0.796304
4.77578,13.1404,-1.54855
4.93189,13.8958,-0.832551
4.77155,14.6654,-1.45045
5.04133,15.6364,-1.47555
4.91144,16.0482,-0.564483
4.80182,16.9855,-0.307968
4.73225,18.0026,-0.126649
5.07602,18.9894,0.0378582
4.96914,19.9689,-0.0230445
4.75464,20.938,0.029133
4.69221,21.8979,-0.338746
4.85532,22.8064,0.090817
4.94859,23.8106,0.377746
4.71245,24.701,-0.0801904
4.95275,25.661,-0.217206
5.04238,26.665,-0.166558
4.86558,27.4954,-0.80965
4.98017,28.4074,-0.396793
5.78437,2.07722,-0.25088
5.892,3.00056,0.219272
5.91296,4.01942,0.21308
5.86964,4.99238,0.0392712
5.70366,5.83932,-0.469848
5.81423,6.82753,-0.386236
5.90639,7.91264,-0.341935
5.94125,8.81972,-0.799649
5.91291,9.83917,-0.756371
5.7933,10.8963,-0.741035
5.79278,11.7366,-1.2717
5.96396,12.5875,-0.797336
5.85281,13.1924,-1.62988
5.92903,14.0287,-1.07402
5.77741,14.8561,-1.55915
6.12751,15.7514,-1.35784
5.92467,15.9581,-0.407544
5.84796,16.9431,-0.376135
5.71641,17.8802,-0.0046205
6.1031,18.81,0.0334056
5.94884,19.7771,-0.0666921
5.72805,20.7051,-0.213962
5.68407,21.7317,-0.15457
5.84758,22.6701,0.147035
5.97435,23.6655,0.147722
5.74863,24.6486,0.115094
5.97005,25.5191,-0.338325
6.07267,26.4922,-0.432459
5.80263,27.4521,-0.489929
6.0006,28.4108,-0.21677
6.75313,2.35955,-0.440538
6.92041,3.15819,0.165181
6.95881,4.17299,0.251613
6.8811,5.05788,-0.151814
6.75138,6.04915,-0.382934
6.7919,7.03679,-0.433937
6.94638,8.06003,-0.256056
6.89605,8.99265,-0.664632
6.93031,9.95384,-0.965969
6.80842,10.9638,-0.657344
6.7989,11.9051,-1.07468
6.91002,12.9274,-0.9829
6.83322,13.4968,-1.84565
6.99791,14.1047,-1.11845
6.76532,14.7653,-1.86593
7.09359,15.6259,-1.4598
6.90429,16.0327,-0.577783
6.84366,17.0103,-0.334468
6.74835,17.9722,-0.101685
7.16293,18.8778,-0.0287118
6.98379,19.8477,-0.120237
6.71787,20.767,0.165996
6.70885,21.7088,-0.0596637
6.85278,22.7147,0.204776
7.06132,23.7394,0.0541643
6.76812,24.7218,0.101929
6.96468,25.4001,-0.582543
7.07733,26.4164,-0.725034
6.82278,27.3228,-0.492297
7.0118,28.1955,-0.0158422
7.81103,2.4591,-0.25255
7.92929,3.40201,0.069042
7.92874,4.37919,0.0510971
7.87931,5.28932,-0.383966
7.77889,6.29155,-0.534574
7.82469,7.26347,-0.742976
7.91942,8.28718,-0.528025
7.95645,9.27752,-0.688198
7.88748,10.287,-0.765935
7.79329,11.2669,-0.98009
7.7553,12.2931,-1.05936
7.86049,13.2553,-1.25787
7.84114,13.6172,-2.16971
8.01059,14.2863,-1.35375
7.71093,14.6978,-2.22769
8.08292,15.4782,-1.67754
7.83137,16.1467,-0.992831
7.80726,17.004,-0.456505
7.76978,17.9984,-0.411362
8.16538,18.9516,-0.26632
8.02005,19.94,-0.252657
7.72844,20.7731,0.207254
7.7182,21.7479,-0.0254555
7.83194,22.7235,0.146434
8.11562,23.6648,0.156819
7.76471,24.6289,0.344322
7.95365,25.3954,-0.294253
8.05105,26.3775,-0.774441
7.87018,27.2427,-0.261217
8.02664,28.2142,-0.175475
8.78716,2.74751,-0.338633
8.93994,3.65259,0.0791009
8.88679,4.68761,0.199243
8.86692,5.57652,-0.252086
8.80173,6.5709,-0.331449
8.83795,7.55342,-0.620991
8.88722,8.59911,-0.627396
8.97758,9.58192,-0.717829
8.86809,10.5875,-0.843522
8.84412,11.5783,-0.979107
8.7344,12.5766,-1.1659
8.8274,13.693,-1.18543
8.84259,13.8075,-2.23679
8.97058,14.6111,-1.59355
8.67505,14.9206,-2.48132
9.03962,15.182,-1.57576
8.81168,16.1111,-1.173
8.8664,16.9649,-0.625947
8.80935,17.9563,-0.440513
9.1548,18.9793,-0.475997
9.04581,19.9073,-0.189447
8.76004,20.6419,0.378237
8.72291,21.577,0.0792901
8.80812,22.6656,0.117411
9.14143,23.661,0.158974
8.76655,24.5869,0.0692404
8.90841,25.3131,-0.589447
9.0278,26.2964,-0.618476
8.92395,27.2415,-0.335582
9.04665,28.2336,-0.236763
9.76387,2.83049,-0.0798822
9.88875,3.80352,0.286508
9.9111,4.79568,0.335292
9.86674,5.71947,-0.00779443
9.8469,6.63297,-0.510923
9.84097,7.66801,-0.555156
9.90965,8.64984,-0.88309
10.0304,9.64769,-0.948695
9.85563,10.6686,-1.17355
9.86515,11.6849,-1.20069
9.75474,12.6951,-1.43187
9.80382,13.7849,-1.2462
9.88291,13.9266,-2.23516
10.0076,14.7777,-1.61028
9.78714,14.7196,-2.57799
10.0524,15.1786,-1.6681
9.85984,16.0653,-1.20046
9.87966,16.9875,-0.791589
9.81674,17.8745,-0.245943
10.2137,18.7961,-0.297736
10.0978,19.8561,-0.220426
9.79296,20.6477,0.304498
9.7435,21.647,0.167257
9.81334,22.6216,0.31052
10.1327,23.4987,0.127671
9.77801,24.4814,0.0478927
9.9761,25.2953,-0.581603
10.065,26.2638,-0.385623
9.90788,27.2233,-0.130131
10.0749,28.2552,-0.155324
10.8037,2.88741,-0.0526688
10.9145,3.89364,0.177255
10.9504,4.90049,0.405438
10.9316,5.82481,-0.021839
10.9061,6.74025,-0.522483
10.9106,7.68733,-0.521619
10.8982,8.68303,-0.73386
11.046,9.69584,-0.725114
10.9084,10.6162,-1.1309
10.8866,11.5959,-1.25916
10.8143,12.651,-1.35281
10.8658,13.6988,-1.39387
10.9243,13.9596,-2.36894
10.9878,14.6296,-1.5727
10.8418,14.759,-2.59483
11.0013,15.4351,-1.85305
10.8228,16.2121,-1.23156
10.8796,17.1608,-0.960341
10.8198,17.9777,-0.398492
11.1722,18.8956,-0.644063
11.0509,19.6349,0.00996124
10.8006,20.5537,0.20509
10.8087,21.5757,0.105945
10.8699,22.5635,0.119895
11.1001,23.5016,-0.109033
10.7751,24.4487,-0.270183
10.8848,25.4474,-0.223975
11.14,26.3514,-0.590622
10.9862,27.2362,-0.0756493
11.1364,28.2469,-0.120621
11.8853,2.91143,0.0412458
11.9842,3.9091,0.29067
11.9764,4.91905,0.360515
11.9872,5.81317,-0.0703116
11.9263,6.73199,-0.533934
11.9549,7.72538,-0.735612
11.9376,8.69778,-0.820466
12.056,9.69762,-0.948119
11.9337,10.6565,-1.06203
11.9019,11.6653,-1.06269
11.8949,12.6319,-1.35809
11.8941,13.6645,-1.33647
11.9085,13.7968,-2.36083
12.0049,14.5382,-1.62528
11.8403,14.6757,-2.59235
12.0222,15.2846,-1.81055
11.8027,16.1911,-1.41125
11.903,17.117,-0.900629
11.8291,17.9197,-0.300665
12.1817,18.8115,-0.606473
12.0509,19.5979,-0.0399518
11.8445,20.5703,0.067925
11.8016,21.5617,0.114432
11.9558,22.5424,0.257854
12.1063,23.4446,-0.0961241
11.8248,24.3874,-0.252269
11.899,25.4027,-0.180355
12.1682,26.2258,-0.639955
12.0395,27.1545,-0.238362
12.2012,28.1221,-0.108109
12.9027,3.03046,0.240748
12.9996,3.98167,0.512662
12.9868,5.0098,0.443547
13.0128,5.72479,-0.304657
12.9874,6.69866,-0.632737
13.0058,7.71039,-0.561437
12.9956,8.69076,-0.814161
13.0549,9.69351,-0.629493
12.9451,10.6487,-1.05139
12.9694,11.6678,-0.927876
12.9955,12.5472,-1.4474
12.9311,13.5428,-1.20583
12.9356,13.756,-2.22142
13.0333,14.3792,-1.4831
12.8888,14.6541,-2.42293
13.0476,15.1544,-1.56348
12.835,16.1321,-1.65719
12.9505,16.9732,-1.12577
12.8961,17.7867,-0.48822
13.2195,18.748,-0.637596
13.0674,19.6568,-0.27127
12.8342,20.6405,-0.0424238
12.7537,21.6783,-0.209546
12.9746,22.5035,0.347411
13.1302,23.3776,-0.117975
12.8087,24.3122,0.0463881
12.9292,25.2461,-0.287478
13.1451,26.244,-0.447118
13.0351,27.2016,-0.208679
13.2044,28.0996,0.11637
13.9048,3.06451,0.199002
13.9925,3.97955,0.67177
13.9954,4.90182,0.261943
14.0142,5.79881,-0.225251
14.0173,6.7498,-0.501337
14.0208,7.77268,-0.419938
14.0127,8.76802,-0.667776
14.128,9.78004,-0.449245
13.9939,10.6667,-0.881832
14.0103,11.7427,-0.964388
13.9908,12.6337,-1.36046
13.9082,13.645,-1.22886
13.9374,13.7859,-2.26135
14.0215,14.4776,-1.56041
13.8879,14.5086,-2.56969
14.0705,15.1896,-1.85479
13.8569,16.1442,-1.4452
13.9592,17.1932,-1.28041
13.9108,17.8966,-0.580767
14.2542,18.8581,-0.645119
14.103,19.6564,-0.0464492
13.8681,20.6643,0.17376
13.7683,21.5568,-0.302167
14.0043,22.458,0.12808
14.1142,23.4016,-0.135105
13.8444,24.42,-0.0756767
13.9521,25.4218,-0.310822
14.2248,26.3266,-0.415452
14.1046,27.2678,-0.139717
14.255,28.2417,-0.0128697
14.9129,2.89665,0.345189
14.9975,3.94762,0.445076
15.0232,4.9084,0.250063
14.9391,5.9408,0.120252
15.0027,6.84446,-0.353163
15.0564,7.86882,-0.519483
14.9941,8.76755,-0.901822
15.0828,9.80146,-0.777422
14.9905,10.8106,-0.856352
15.0002,11.8238,-1.07181
14.9356,12.7212,-1.6362
14.9099,13.7327,-1.44275
14.9344,13.7177,-2.45921
15.0402,14.555,-1.82614
14.9064,14.6786,-2.8359
15.0447,15.2858,-2.06722
14.8744,16.1215,-1.51503
14.9631,17.1015,-1.22691
14.935,17.994,-0.616511
15.1897,18.8326,-0.118284
15.165,19.8319,0.125285
14.8463,20.7513,0.0477401
14.8437,21.6653,-0.331877
14.9792,22.4269,0.291269
15.1054,23.4862,0.211524
14.8779,24.4542,0.0990478
14.9785,25.4711,-0.127445
15.1973,26.3142,-0.568999
15.0973,27.1888,-0.0898648
15.208,28.0863,0.302072
15.9322,2.85152,0.309949
16.0136,3.83142,0.32899
15.9985,4.78982,-0.0366314
15.9946,5.80539,0.00120243
16.0374,6.7664,-0.321937
16.1011,7.8011,-0.499805
16.0323,8.76446,-0.848183
16.0828,9.80464,-0.61626
16.0382,10.7801,-0.861928
16.0325,11.7559,-1.12516
15.9509,12.7144,-1.48767
15.9486,13.7154,-1.43561
15.9694,13.7093,-2.48102
16.1378,14.5398,-1.87225
15.9433,14.6493,-2.84005
16.0791,15.3172,-1.99893
15.874,16.1229,-1.47851
15.9627,17.0878,-1.10116
15.9195,17.8866,-0.510739
16.2041,18.6687,0.098999
16.1989,19.7242,0.0299539
15.919,20.6669,-0.0273751
15.8728,21.6406,-0.323731
15.997,22.5726,0.121635
16.0944,23.5255,0.462554
15.9339,24.5398,0.350856
16.0317,25.5854,0.162243
16.2698,26.2775,-0.528349
16.0905,27.1772,-0.0565996
16.2048,27.9796,0.533009
16.9574,2.829,0.267293
17.0135,3.85717,0.329527
17.0471,4.74749,-0.211521
16.9947,5.7983,-0.206406
17.0737,6.75454,-0.505695
17.1367,7.77008,-0.381317
17.0522,8.75391,-0.714151
17.1029,9.74557,-0.540852
17.0775,10.7025,-0.899008
17.0882,11.7186,-1.06842
16.9531,12.7308,-1.14699
17.0577,13.7243,-1.42574
17.0082,13.7561,-2.48757
17.2422,14.4576,-1.87527
16.955,14.8355,-2.81944
17.0671,15.218,-1.8543
16.8695,16.1782,-1.58248
16.9755,16.9585,-0.939741
16.9707,17.8402,-0.506113
17.1894,18.6061,0.0879849
17.1637,19.5847,0.183663
16.8605,20.5717,0.32439
16.7887,21.5718,0.253084
17.0539,22.5181,0.298071
17.0864,23.4791,0.560961
16.8765,24.3219,0.0555864
16.9758,25.304,0.0255379
17.2231,26.2512,-0.301172
17.1433,27.2589,-0.143452
17.2553,28.0195,0.461419
17.9588,2.76977,-0.0742393
18.0481,3.78405,0.214328
18.0343,4.80782,0.105881
18.054,5.77061,-0.147609
18.086,6.74693,-0.235737
18.2266,7.71248,-0.326112
18.1039,8.69636,-0.638926
18.1199,9.68406,-0.703833
18.0922,10.6834,-0.818012
18.0983,11.6909,-1.06969
17.9666,12.6663,-1.2527
18.1062,13.7107,-1.41961
18.0224,13.7972,-2.42515
18.2317,14.4891,-1.76895
18.0016,14.7659,-2.6893
18.0677,15.2377,-1.81338
17.8887,16.0603,-1.25558
17.9583,16.9454,-0.800632
18.0006,17.9435,-0.611994
18.2396,18.507,0.232545
18.2271,19.4977,0.100195
17.8956,20.4807,0.19227
17.8187,21.4759,0.319059
18.1001,22.4271,0.273812
18.0217,23.4548,0.156542
17.8849,24.4271,0.0273843
18.0553,25.4253,-0.0642384
18.2574,26.3401,-0.506742
18.1915,27.2612,-0.138932
18.2841,28.0641,0.472582
19.0081,2.73235,-0.112564
19.0444,3.72648,0.0500137
19.0853,4.71919,0.193133
19.0428,5.64679,-0.111499
19.1734,6.64308,-0.103787
19.2776,7.58786,-0.477535
19.125,8.54108,-0.714496
19.1958,9.56496,-0.790448
19.0988,10.5777,-0.962307
19.112,11.6048,-1.15728
18.9741,12.6292,-1.34245
19.1199,13.6525,-1.37196
19.0831,13.7131,-2.42832
19.2427,14.5339,-1.79422
19.0253,14.808,-2.74929
19.1206,15.3795,-1.91928
18.9181,16.1141,-1.24996
18.9798,17.0361,-0.905383
19.0267,18.0387,-0.752443
19.2019,18.6046,0.0451704
19.2443,19.616,0.263945
18.9232,20.5586,0.114933
18.9056,21.5094,0.414289
19.1515,22.5125,0.165291
18.9542,23.4373,0.576254
18.9515,24.2716,0.0249031
19.0533,25.255,-0.110324
19.2487,26.1856,-0.561916
19.2076,27.1617,-0.229948
19.3274,28.0692,0.194876
19.9835,2.58149,0.115232
20.0109,3.5536,0.184805
20.0835,4.52165,0.0215491
20.0525,5.54536,0.0543077
20.2009,6.51574,-0.101199
20.3074,7.54838,-0.270974
20.1285,8.49586,-0.474462
20.166,9.46123,-0.439995
20.047,10.4283,-0.652214
20.079,11.3725,-0.975716
20.0268,12.3206,-1.25066
20.0595,13.3335,-1.20829
20.1489,13.587,-2.1561
20.209,14.4249,-1.57373
20.0065,14.5843,-2.5475
20.139,15.289,-1.85564
19.9708,16.0341,-1.21857
19.9905,16.9976,-0.979058
20.023,17.8253,-0.388693
20.1794,18.749,-0.00151677
20.273,19.6348,0.376614
19.9445,20.5406,0.0879879
19.937,21.5042,0.356783
20.1521,22.4996,0.251366
19.9712,23.4893,0.482345
19.9251,24.4849,0.344609
19.989,25.5295,0.0893033
20.2534,26.4257,-0.284924
20.1503,27.4685,-0.0326487
20.2641,28.3107,0.533241
20.8625,2.36575,0.588641
20.9758,3.33614,0.344893
21.0362,4.25042,-0.0322977
21.0453,5.22306,0.145097
21.2203,6.21461,-0.0906461
21.2346,7.2019,-0.462218
21.1073,8.17496,-0.551677
21.2149,9.18147,-0.426634
21.1185,10.2037,-0.610712
21.0843,11.0975,-0.964077
21.029,12.0705,-1.20611
21.0227,13.0594,-1.16219
21.1728,13.4321,-2.12829
21.1284,13.9599,-1.29062
21.0237,14.457,-2.16799
21.16,15.3391,-1.73457
20.9851,15.9969,-1.0088
20.9932,17.0036,-0.76455
21.013,18.013,-0.446934
21.2084,18.7958,0.117481
21.2737,19.8415,0.260585
20.8502,20.7326,0.482202
20.9849,21.7455,0.461348
21.0759,22.7295,0.579882
21.0016,23.7022,0.582397
20.9313,24.6831,0.206677
20.9465,25.7029,0.102521
21.2339,26.4782,-0.469417
21.1835,27.3148,0.0861995
21.2615,28.3058,0.363305
21.9251,2.11795,0.662453
21.9735,3.07437,0.381957
22.1004,3.97392,0.0225684
21.9863,4.94129,-0.126444
22.2249,5.95031,-0.156273
22.2133,6.96834,-0.325068
22.1363,7.93507,-0.481185
22.1974,8.94699,-0.439024
22.1396,9.97122,-0.44738
22.105,10.8996,-0.851695
22.0209,11.8459,-1.21043
22.0266,12.8329,-1.19089
22.1652,13.1662,-2.13145
22.1485,13.7996,-1.34891
22.0475,14.517,-2.07196
22.2004,15.3356,-1.54513
22.0133,16.2106,-1.0513
21.9751,17.2282,-0.939335
22.0372,17.9782,-0.311905
22.1953,18.781,0.266561
22.2197,19.7933,0.300595
21.8933,20.7401,0.423438
21.9832,21.7465,0.380685
22.0851,22.7669,0.428129
22.0208,23.7691,0.574288
21.9573,24.7669,0.18428
21.957,25.772,0.192975
22.2151,26.5572,-0.444514
22.1238,27.1699,0.387567
22.3007,28.1839,0.332508
22.9411,2.21145,0.820234
22.9274,3.20465,0.727415
23.1872,3.87705,0.0456709
22.9791,4.7371,-0.417676
23.1997,5.69388,-0.27351
23.2263,6.75932,-0.254418
23.114,7.74848,-0.40495
23.2095,8.74429,-0.507837
23.1544,9.73945,-0.634614
23.145,10.7668,-0.594653
22.992,11.4926,-1.27606
22.938,12.4868,-1.08131
23.128,12.8612,-2.01109
23.1409,13.5636,-1.27773
23.0681,14.3444,-1.87349
23.1797,15.2452,-1.43942
23.0603,16.171,-1.10654
22.9177,17.036,-0.560659
23.0913,18.0043,-0.285955
23.28,18.792,0.2798
23.2216,19.7967,0.362911
22.9579,20.7561,0.296179
23.031,21.7559,0.323103
23.1283,22.7489,0.30763
22.9907,23.7117,0.182208
23.0067,24.7497,0.344511
23.0224,25.7471,0.19762
23.197,26.5908,-0.252437
23.1253,27.1548,0.556932
23.3151,28.154,0.404056
23.9975,2.10356,0.772954
23.99,3.06737,0.780804
24.1526,3.64487,-0.0125492
23.9382,4.51834,-0.535972
24.2019,5.41613,-0.160033
24.1681,6.45438,-0.14077
24.1525,7.42772,-0.349791
24.1464,8.39974,-0.689431
24.1246,9.40357,-0.480306
24.145,10.3861,-0.620682
24.0106,11.1005,-1.31037
23.9186,12.0877,-1.07019
24.152,12.6632,-1.85615
24.1398,13.3883,-1.13239
24.0547,14.2628,-1.63344
24.2112,15.1973,-1.32004
24.0101,16.0344,-0.873147
23.9281,16.9629,-0.520838
24.1162,17.9806,-0.290561
24.119,18.9547,-0.317954
24.258,19.8327,0.207117
23.9802,20.7874,0.265902
24.0464,21.8012,0.506876
24.1712,22.8511,0.260326
24.0136,23.8256,0.10018
24.0378,24.8533,0.193942
24.0522,25.8412,0.0690451
24.2084,26.7582,-0.31475
24.1208,27.2849,0.505206
24.3951,28.2293,0.328217
25.0908,1.95544,0.945915
25.0761,2.93673,0.710331
25.1242,3.29952,-0.256804
24.9538,4.32226,-0.407221
25.1777,5.16409,0.129725
25.1184,6.15127,-0.198795
25.1519,7.14005,-0.260949
25.1174,8.10254,-0.441749
25.1113,9.11429,-0.483984
25.1267,10.1504,-0.510862
25.0126,11.021,-1.05063
25.0031,12.0296,-1.00764
25.2543,12.5336,-1.88603
25.1747,13.1923,-1.10896
25.0227,14.1669,-1.28973
25.1432,15.1083,-0.925913
24.945,15.9464,-0.449184
24.9931,16.9234,-0.418641
25.0684,17.9087,-0.580529
25.1338,18.9017,-0.549519
25.2344,19.8389,-0.0384533
24.979,20.7983,0.177194
25.0677,21.8036,0.264302
25.2466,22.8659,0.142576
24.9929,23.7854,-0.100323
25.1121,24.8093,0.0020539
24.9869,25.7463,-0.425715
25.2443,26.6946,-0.19729
25.1634,27.2343,0.651299
25.3906,28.2616,0.636314
26.1085,1.72248,0.814628
26.0742,2.68786,0.554735
26.1384,2.99806,-0.446617
25.9677,4.03113,-0.540541
26.143,4.90454,-0.0532304
26.1557,5.92613,-0.114096
26.198,6.92726,-0.21073
26.1047,7.94161,-0.363048
26.0858,8.89366,-0.178616
26.1288,9.92506,-0.439995
26.0324,10.7716,-0.931956
26.0165,11.8222,-0.849767
26.2476,12.3057,-1.72047
26.1958,13.2394,-1.39259
26.0305,14.1909,-1.0679
26.1087,15.0813,-0.612073
25.9607,16.0594,-0.478216
26.0471,17.0635,-0.673101
26.087,18.0407,-0.780795
26.1371,18.905,-0.283764
26.2359,19.9231,-0.0587603
25.9923,20.889,0.0450117
26.0361,21.8745,0.0862392
26.2291,22.8822,-0.0410596
26.0477,23.8816,-0.270061
26.0763,24.8528,-0.411148
25.9814,25.8544,-0.2374
26.2741,26.7613,0.0377819
26.159,27.5295,0.788375
26.3645,28.4978,0.676836
27.0864,1.66314,0.997815
27.032,2.499,0.354634
27.1612,3.01859,-0.496735
27.0273,3.98553,-0.52747
27.1152,4.78716,0.159606
27.1708,5.72735,-0.0648152
27.1868,6.7436,-0.102692
27.1048,7.65658,-0.45309
27.0838,8.63724,-0.20857
27.1696,9.616,-0.410224
27.0546,10.6393,-0.718784
27.044,11.6758,-0.669149
27.229,12.3352,-1.46546
27.244,13.3159,-1.29356
27.0158,14.1874,-0.851958
27.1065,15.1269,-0.571484
27.002,16.1444,-0.591217
27.0952,17.1547,-0.643025
27.0912,18.1713,-0.693957
27.1875,18.9967,-0.157793
27.2295,20.0201,-0.25902
27.0087,20.893,0.211179
27.0171,21.9386,0.338969
27.2211,22.9098,0.0186895
27.107,23.8892,-0.243809
27.0762,24.8705,-0.543724
26.9831,25.9341,-0.358538
27.2862,26.8985,-0.0753227
27.1864,27.6701,0.602319
27.3561,28.6772,0.414356
28.111,1.69056,1.04352
27.9622,2.16335,0.18403
28.1879,2.84535,-0.555867
28.1341,3.83876,-0.531468
28.1432,4.50098,0.177096
28.1872,5.53538,0.00922575
28.2162,6.53188,0.158187
28.0895,7.40872,-0.262435
28.1195,8.44284,-0.251582
28.1548,9.45912,-0.609372
28.0241,10.426,-0.382785
28.0657,11.3965,-0.679022
28.235,12.2353,-1.21854
28.1823,13.1636,-0.824592
28.0604,14.1679,-0.822272
28.1022,15.1892,-0.870461
28.041,16.1809,-0.648671
28.082,17.2036,-0.624183
28.111,18.2531,-0.658364
28.1835,19.0731,-0.115494
28.2947,20.042,-0.423792
27.9983,20.8668,0.12129
28.022,21.8754,0.203388
28.2234,22.8821,0.121763
28.153,23.8911,-0.210474
28.0821,24.8585,-0.406
28.0311,25.8153,-0.130781
28.2876,26.7514,0.0089816
28.1482,27.7385,0.260683
28.3884,28.6275,0.677377
29.0725,1.46828,1.04879
28.9536,1.97053,0.189898
29.1764,2.59312,-0.609751
29.1202,3.51649,-0.343175
29.1546,4.3573,0.216388
29.1858,5.36869,0.226765
29.1826,6.32886,-0.0771722
29.1212,7.32018,-0.0339
29.0797,8.25726,-0.456398
29.2051,9.25771,-0.51623
29.0832,10.2215,-0.251823
28.984,11.2238,-0.363671
29.1692,12.1228,-0.759087
29.1744,13.1426,-0.898727
29.0016,14.0904,-0.583251
29.1568,15.0667,-0.668926
29.0274,16.0904,-0.451421
29.1027,17.1205,-0.3639
29.1406,18.0796,-0.717466
29.1799,19.0519,-0.39407
29.2674,20.0743,-0.528983
29.0516,20.8245,0.106561
29.0148,21.8495,0.136656
29.2419,22.8289,0.199652
29.1538,23.7789,-0.114573
29.0892,24.7902,-0.0908322
29.0749,25.819,-0.228343
29.2875,26.8272,-0.270812
29.1214,27.7327,0.0243751
29.3789,28.584,0.502652
