0.163811,0.61333,-2.62434
0.153401,1.91554,-2.6299
0.182611,3.18954,-2.64023
0.248119,4.49332,-2.60337
0.21279,5.77625,-2.53879
0.253539,7.03149,-2.54902
0.290381,8.27743,-2.49929
0.358339,9.51768,-2.43903
0.625101,10.7561,-2.50837
0.928739,11.9392,-2.33807
1.38857,13.0113,-2.25358
1.20645,14.0499,-2.07663
0.486782,14.7835,-1.99554
0.598819,15.7336,-1.71462
0.101688,16.5724,-1.73675
0.300742,17.5558,-1.66752
-0.211551,18.0917,-1.04862
0.185455,17.2059,-1.34385
-0.108524,17.9428,-0.748729
-0.0126743,18.9399,-0.351961
0.832286,1.47751,-2.61693
0.910251,2.70468,-2.64868
0.996054,3.89913,-2.67524
1.034,5.10493,-2.64348
1.10728,6.31346,-2.60565
1.17851,7.56378,-2.54252
1.27533,8.75402,-2.4304
1.38198,9.96175,-2.34743
1.64095,11.2092,-2.23795
2.01491,12.3415,-2.02703
2.44165,13.4309,-1.6489
2.26759,14.5457,-1.61725
1.40658,15.1398,-1.84565
1.56228,16.0932,-1.40044
0.912476,16.7918,-1.08644
1.41971,17.5235,-1.49864
0.822224,18.1721,-1.03242
1.19174,17.2433,-1.33651
0.895315,18.1032,-0.962004
0.959181,19.0608,-0.612284
1.84213,1.8536,-2.64591
1.87263,3.05474,-2.65893
1.92846,4.26455,-2.65526
2.03119,5.41242,-2.55564
2.10544,6.63586,-2.47369
2.14982,7.86578,-2.39969
2.27341,9.1123,-2.30475
2.38429,10.3677,-2.26118
2.64457,11.647,-2.01945
2.98741,12.8591,-1.59936
3.58984,14.0557,-1.06666
3.15984,15.3345,-1.16716
1.9676,15.9262,-1.51034
2.52471,16.8077,-1.20534
1.6569,17.5183,-1.16092
2.52842,17.1777,-1.29848
1.83611,17.9823,-1.09163
2.2351,17.0789,-1.22829
1.92331,18.0551,-1.03352
1.96102,19.0719,-0.826395
2.86558,1.57765,-2.52634
2.84476,2.69846,-2.57693
2.91913,3.87958,-2.57617
3.00917,5.05313,-2.46636
3.01112,6.19878,-2.39961
3.03515,7.40586,-2.41067
3.13173,8.58679,-2.28513
3.22252,9.72798,-2.36455
3.34066,10.9029,-2.13547
3.38178,12.0037,-1.96444
3.51733,13.1083,-1.60242
3.41138,14.2261,-1.42681
2.80976,15.0622,-1.70129
3.08881,16.0136,-1.48776
2.4976,16.8498,-1.24381
3.42355,17.0889,-0.872817
2.83555,17.8971,-0.755229
3.10551,17.4227,-1.62304
2.9578,18.2197,-1.02016
2.9551,19.1777,-0.810657
3.83829,1.19311,-2.61104
3.83453,2.27192,-2.5424
3.88602,3.42318,-2.49227
3.86103,4.52456,-2.5802
3.87609,5.65692,-2.48118
3.92538,6.80044,-2.44151
3.88223,7.87063,-2.39491
3.95319,8.9486,-2.25306
3.91987,10.0534,-2.31647
4.04477,11.1672,-2.09399
4.02083,12.2137,-1.84617
3.84133,13.2775,-1.79361
3.65118,14.2799,-1.722
3.83633,15.3051,-1.65808
3.37873,16.1504,-1.34778
4.18227,16.7101,-1.40283
3.83127,17.5339,-0.98255
4.04451,17.5106,-1.95478
3.94759,18.1539,-1.20619
3.9437,19.1355,-0.941981
4.73175,0.838658,-2.26622
4.84456,1.9102,-2.46251
4.789,3.00995,-2.4616
4.78451,4.09984,-2.37171
4.83982,5.16601,-2.4264
4.73183,6.22497,-2.42326
4.75571,7.29329,-2.23787
4.82947,8.33907,-2.3474
4.80684,9.43377,-2.32856
4.76654,10.5283,-2.25233
4.73348,11.5591,-1.97423
4.69813,12.6494,-1.94937
4.48727,13.655,-1.86356
4.65377,14.65,-1.51388
4.28832,15.6134,-1.54435
5.10249,16.2257,-1.345
4.75084,17.0557,-0.96473
5.03112,17.3126,-1.90548
4.93749,17.9384,-1.13776
4.93383,18.978,-0.910773
5.73195,0.494934,-2.34187
5.76198,1.57432,-2.30967
5.71366,2.60257,-2.278
5.69581,3.65488,-2.28132
5.72614,4.66579,-2.23437
5.6942,5.76036,-2.33242
5.6761,6.90848,-2.23323
5.74034,7.95645,-2.14325
5.71415,8.99479,-2.15554
5.71351,10.0125,-2.07126
5.63083,11.0654,-1.96451
5.56953,12.1153,-1.8998
5.48267,13.1553,-1.88451
5.52911,14.1813,-1.79898
5.30752,15.1653,-1.69192
5.98207,15.7683,-1.15649
5.75507,16.7385,-1.13541
6.04899,17.3665,-1.86379
5.96561,18.0581,-1.03818
5.93296,19.0817,-1.19927
6.68764,0.153462,-2.14187
6.74382,1.25192,-2.11442
6.69444,2.27718,-2.35683
6.69048,3.35055,-2.18551
6.68861,4.4278,-2.13485
6.70114,5.49002,-2.22652
6.59135,6.48,-2.17365
6.6661,7.47774,-2.10149
6.66529,8.56285,-2.0079
6.71686,9.60185,-1.97092
6.55666,10.6035,-2.01742
6.52748,11.7053,-1.95185
6.52723,12.751,-1.93272
6.46362,13.7581,-1.60165
6.34696,14.7602,-1.57102
6.94423,15.3981,-1.03982
6.79751,16.4073,-1.19023
7.01998,17.2022,-1.83333
6.9693,18.0432,-1.2423
6.95655,19.011,-1.09265
7.7444,-0.0288491,-2.14559
7.76545,1.06903,-2.09983
7.71641,2.1359,-2.05875
7.73713,3.16377,-2.09703
7.68151,4.2208,-2.16923
7.6605,5.27653,-2.16695
7.61519,6.33109,-2.14571
7.70917,7.33338,-2.0438
7.72434,8.35426,-2.06802
7.71461,9.38829,-2.06417
7.60634,10.4265,-2.05039
7.57103,11.4645,-1.88586
7.54316,12.5173,-1.87159
7.47714,13.4556,-1.63394
7.38758,14.5075,-1.59513
7.86375,15.3797,-1.50242
7.85896,16.3909,-1.2594
7.99892,17.206,-1.90679
7.93302,18.1324,-1.45151
7.93323,18.8638,-0.837037
8.73585,-0.0657949,-1.79732
8.78381,0.948372,-1.97567
8.70694,1.97968,-2.01587
8.79011,3.05423,-1.93546
8.71109,4.09106,-1.95234
8.68903,5.09236,-2.16053
8.6193,6.12523,-2.09637
8.69444,7.15455,-2.21272
8.71376,8.18258,-2.03742
8.76956,9.19556,-2.13133
8.58653,10.2049,-2.03548
8.62285,11.2053,-1.75719
8.57095,12.2187,-1.78745
8.51927,13.2348,-1.64047
8.42646,14.227,-1.70886
8.83518,15.2163,-1.6209
8.86031,16.2092,-1.45303
8.90536,17.2398,-1.47741
8.95592,18.2664,-1.54047
8.96312,19.1102,-1.01058
9.75194,-0.259459,-1.68481
9.7865,0.775396,-1.78926
9.75304,1.86293,-1.91898
9.79489,2.86114,-1.79976
9.75358,3.87901,-1.83298
9.73894,4.94592,-1.91615
9.66423,5.95272,-1.98891
9.68401,7.00005,-1.90277
9.69387,7.98348,-1.81885
9.71488,8.99028,-1.85947
9.67715,10.0495,-1.83547
9.63877,11.0877,-1.653
9.64569,12.1471,-1.77878
9.55537,13.2003,-1.62425
9.51678,14.208,-1.51727
9.82165,15.1657,-1.51852
9.90468,16.1338,-1.45791
9.90221,17.1337,-1.35166
9.99565,18.2178,-1.31948
9.96831,19.2503,-1.25096
10.7959,-0.209662,-1.57806
10.7844,0.87243,-1.64296
10.7612,1.88871,-1.75393
10.832,2.93417,-1.68046
10.7846,3.97747,-1.81518
10.7596,4.99157,-1.78225
10.6774,6.0197,-1.7086
10.6932,6.99093,-1.89545
10.7137,7.97638,-1.72673
10.7206,9.01593,-1.71502
10.7679,10.0773,-1.8563
10.6369,11.0814,-2.00844
10.6526,12.1049,-1.836
10.6057,13.0741,-1.69146
10.5442,14.1815,-1.54495
10.8475,15.1254,-1.42978
10.9092,16.1565,-1.32022
10.9291,17.1979,-1.2738
11.0194,18.1938,-1.04795
11.0555,19.2083,-1.22934
11.8287,-0.0868191,-1.58819
11.8287,0.933079,-1.77379
11.8011,1.93488,-1.85608
11.8503,2.98113,-1.80588
11.8195,4.04323,-1.75685
11.8057,5.04631,-1.80837
11.7076,6.04811,-1.81809
11.7152,7.04797,-1.66245
11.7872,8.06032,-1.68102
11.7226,9.04428,-1.92036
11.7513,10.0386,-2.07568
11.7015,11.0177,-1.90297
11.7012,12.0687,-1.78337
11.6408,13.0857,-1.55412
11.666,14.0922,-1.31599
11.8527,15.0764,-1.30259
11.8904,16.0501,-1.21273
11.9583,17.1103,-1.12725
12.0641,18.1157,-1.0425
12.1053,19.1268,-1.20963
12.8601,-0.142262,-1.4732
12.8609,0.884668,-1.77711
12.8264,1.93403,-1.88588
12.9015,2.93548,-1.74461
12.9043,3.95168,-1.78594
12.803,4.92716,-1.57804
12.7665,5.96684,-1.72948
12.7844,6.97472,-1.67278
12.8224,8.01648,-1.76707
12.762,9.03641,-1.86232
12.7021,10.0751,-1.72034
12.7365,11.0761,-1.68963
12.7169,12.1256,-1.70119
12.6593,13.121,-1.48134
12.6624,14.097,-1.18592
12.8498,15.085,-1.35492
12.9554,16.1167,-1.16629
12.9297,17.1684,-1.31729
13.0604,18.2146,-1.25579
13.0956,19.195,-1.11941
13.868,-0.15605,-1.44722
13.799,0.859066,-1.39633
13.7865,1.87548,-1.38433
13.9323,2.89878,-1.59254
13.8818,3.93749,-1.51455
13.8252,5.00056,-1.56424
13.8251,5.98558,-1.61471
13.8144,6.96995,-1.51059
13.8137,7.99549,-1.82507
13.763,9.0168,-1.4892
13.6794,10.0228,-1.3706
13.7522,11.0693,-1.43865
13.7588,12.1372,-1.5842
13.6867,13.1369,-1.24117
13.7612,14.1555,-1.18775
13.895,15.1589,-1.05429
13.9503,16.1467,-1.30745
14.007,17.2144,-1.33158
14.1031,18.2507,-1.17366
14.0954,19.2202,-1.00713
14.8749,-0.244169,-1.31022
14.854,0.804358,-1.37046
14.822,1.78458,-1.1739
14.9482,2.77746,-1.38457
14.8477,3.82078,-1.33914
14.7833,4.80116,-1.33129
14.8268,5.79831,-1.48173
14.8301,6.81201,-1.45844
14.8248,7.87461,-1.65371
14.8004,8.89171,-1.61342
14.7175,9.93104,-1.40308
14.7742,10.9847,-1.60866
14.7947,12.0027,-1.41921
14.7571,13.0764,-1.43449
14.8404,14.0919,-1.29788
14.9498,15.0958,-1.03345
14.955,16.0821,-1.10549
15.0251,17.1494,-1.20689
15.1524,18.1639,-1.16397
15.0712,19.1995,-1.1871
15.8652,-0.185986,-1.1603
15.8393,0.873943,-1.20476
15.8765,1.86675,-1.15975
15.9565,2.89156,-1.43454
15.863,3.95624,-1.39745
15.8367,4.89958,-1.14645
15.8072,5.88722,-1.40544
15.8411,6.93774,-1.55732
15.8786,7.93689,-1.57588
15.8567,8.94277,-1.66467
15.6992,9.88432,-1.33279
15.805,10.9276,-1.32956
15.8624,11.9243,-1.39329
15.7625,12.9918,-1.42676
15.8947,14.0155,-1.31229
15.9791,15.0923,-1.36495
15.9892,16.0553,-1.15767
16.0358,17.0439,-1.32848
16.2017,18.127,-1.25251
16.0779,19.1703,-1.30424
16.9191,-0.310068,-1.1806
16.8768,0.703064,-1.24028
16.9221,1.7846,-1.14351
16.9607,2.78083,-1.44779
16.8746,3.83046,-1.46052
16.8546,4.82908,-1.24033
16.8428,5.82051,-1.45864
16.8653,6.83511,-1.65556
16.8859,7.89981,-1.67152
16.8842,8.89539,-1.57811
16.7261,9.91409,-1.32667
16.8517,10.9743,-1.21379
16.8032,12.0112,-1.05011
16.8122,13.0252,-1.20007
16.9208,14.0259,-1.02192
16.9845,15.0468,-1.07899
17.0305,16.0693,-1.15954
17.0612,17.1248,-1.11666
17.1688,18.1784,-0.895471
17.0571,19.2645,-1.04357
18.0185,-0.236229,-1.17494
17.9155,0.839183,-1.02467
17.9437,1.83374,-1.25083
17.9673,2.83188,-1.35462
17.8358,3.85076,-1.24249
17.8706,4.90408,-1.1964
17.9342,5.91153,-1.42523
17.8573,6.95558,-1.66967
17.9198,7.95114,-1.50753
17.9516,8.96636,-1.51484
17.7207,9.91402,-1.25982
17.9385,10.9213,-1.28448
17.8068,11.9581,-1.03795
17.8387,12.991,-1.12116
17.9766,14.0021,-1.02239
18.0236,15.0582,-1.10406
18.0711,16.0521,-1.15327
18.0844,17.1032,-0.901727
18.2134,18.139,-0.932438
18.0787,19.1784,-0.814191
19.0639,0.0585314,-1.37453
18.8743,1.0349,-1.34716
18.9811,2.0225,-1.22054
19.0642,3.04734,-1.32593
18.9201,4.01603,-1.25511
18.8821,5.01202,-1.50375
18.9675,5.98538,-1.47486
18.9243,6.98989,-1.58759
18.9661,7.99575,-1.51494
19.0279,9.0155,-1.40462
18.7505,10.0169,-1.38358
19.0086,11.0097,-1.32776
18.8405,12.0481,-1.19463
18.8682,13.0523,-1.27415
18.9465,14.0667,-1.18106
19.0601,15.0892,-0.984738
19.0504,16.0872,-1.00286
19.1382,17.098,-0.808316
19.2523,18.1707,-0.824952
19.0263,19.0664,-0.407587
