3.59923,5.60986,0.0493912
3.34765,5.32913,1.05065
2.69821,4.99233,0.338694
3.70379,4.88232,0.407761
2.86894,5.42318,0.237309
1.95747,5.47097,0.673037
2.3503,6.06739,1.41425
2.93607,6.64743,0.787808
3.13059,6.59477,-0.192846
3.03925,6.94178,-1.11332
3.58705,5.10828,0.93419
3.19968,5.30244,-0.00286874
3.4435,4.35765,0.216758
3.04289,4.51789,1.15786
2.70922,4.42591,0.196719
2.95701,5.42865,0.458263
2.38647,6.31213,0.410199
3.301,6.10759,-0.00399792
4.12724,6.55712,-0.389856
3.36292,6.0477,-0.90539
4.34873,4.74467,0.434434
3.87971,5.53839,0.813297
3.89668,4.58722,1.06457
3.53847,3.80227,0.544636
3.70707,4.5583,-0.180563
3.64568,5.56594,-0.283041
3.1844,6.44137,-0.204892
4.0997,6.37094,-0.596283
4.1223,5.9393,0.345729
3.75509,6.67533,-0.242427
3.89134,4.08304,-0.141725
4.23793,5.02656,-0.0468612
4.09283,4.07698,0.225095
4.37986,3.654,1.09218
4.58578,4.35502,0.400021
4.41996,4.97501,-0.395926
3.8023,5.75475,-0.659545
4.58373,5.58157,-0.118003
4.8996,6.53619,0.174422
4.0461,6.16034,0.619257
4.16153,5.06106,-0.00959197
4.19274,4.92564,-1.06221
4.73751,4.28663,-0.504212
4.71084,4.42114,0.493182
5.19233,4.6999,-0.344066
4.68646,4.7654,0.539106
4.44556,5.70163,0.0743126
4.64086,6.57124,-0.412961
3.94336,6.24908,0.299878
4.87136,5.76279,0.228309
4.94169,4.50941,0.279745
4.58242,4.15289,-0.552412
4.5053,4.92451,-1.2154
5.06325,4.87099,-0.344478
5.31794,4.81269,0.635215
5.0064,5.60217,0.0738365
4.85755,6.32918,0.76697
5.06496,5.75037,-0.0192846
4.14934,5.31299,0.0302408
4.27863,6.19896,-0.453517
5.04916,4.19473,-0.630735
4.7955,3.5847,-1.39149
5.3321,4.37476,-1.07456
6.03964,4.53088,-0.356523
5.53849,5.37307,-0.182971
5.36505,6.16395,-0.718708
5.18614,5.61132,0.115256
5.05012,4.79853,-0.436796
5.04224,5.37309,0.40987
4.45333,5.246,-0.404151
4.46001,4.66931,-1.2944
5.03663,4.20095,-0.635554
5.8917,4.54258,-0.213199
6.65428,4.6132,0.440059
6.3212,5.5716,0.36588
5.68045,6.37415,0.260201
6.14692,5.59752,-0.133641
5.61374,5.45387,-0.950545
4.73766,5.18644,-0.548088
4.58455,5.94387,-1.15248
4.97717,4.14081,-0.537394
4.79614,4.97976,-0.0609485
5.57763,5.45156,-0.439982
6.56074,5.42741,-0.152022
7.13872,6.13984,0.251015
6.34013,5.58905,0.167617
6.02269,4.62551,-0.115555
5.72635,4.48211,-1.08946
5.46886,4.69599,-0.062685
5.21573,5.17018,-0.976028
5.45911,4.7123,0.160289
5.36241,4.65236,-0.830143
4.72481,5.07043,-0.128614
5.63338,5.29715,-0.512918
6.3723,5.48455,0.106168
6.86506,5.71632,-0.724036
6.09288,5.16564,-0.973019
5.49334,5.18357,-1.78386
4.9904,4.87454,-0.943226
5.33704,5.10046,-0.00325632
