0,0,0
-0.0010651,0.983621,0.0693167
0.00197455,1.99512,-0.00347606
0,3,0
0,4,0
-0.0096408,4.98889,-0.00910978
-0.00162053,6.00213,-0.0853572
-0.00264595,7.01847,-0.121863
0,8,0
-0.00121769,8.98812,-0.0296182
0.0138554,10.0289,-0.036964
-0.00635395,11.0597,-0.0992279
0,12,0
0,13,0
0.01395,13.9926,-0.0788812
0.0146641,14.9948,0.0174413
-0.00232551,15.9956,0.057564
0,17,0
-0.00188299,18.0122,0.0382672
0,19,0
0.977074,0.00347911,-0.00423597
0.998776,1.0542,0.126392
0.992584,2.11286,-0.0458083
1.00592,3.12559,-0.156838
1.04422,4.15623,-0.13007
1.03077,5.14162,0.130332
0.990982,6.17749,0.167159
0.986196,7.25292,-0.137935
0.97561,8.28317,-0.31185
0.950233,9.3575,-0.515711
0.744053,10.4275,-0.795886
0.945442,11.5272,-0.671148
1.13136,12.3546,-0.130607
0.98229,13.4672,-0.204862
0.996219,14.4154,0.27304
0.99884,15.3343,-0.213306
1.05059,16.2435,0.230738
0.978304,17.048,-0.317634
1.04528,17.9863,0.12328
1.00619,18.9999,-0.0729118
1.98636,-0.00435194,-0.0853603
2.01147,1.03231,0.0103793
2.02621,2.12397,-0.14731
2.00893,3.18102,-0.0499039
2.04896,4.247,0.0249153
2.00973,5.33659,-0.0422529
1.99467,6.42041,-0.0266549
1.95578,7.57434,-0.164016
1.90034,8.71245,-0.611902
1.72167,9.93921,-0.92945
1.14705,10.997,-1.52248
1.19844,12.3647,-1.33819
2.01068,12.8057,-0.95396
1.77933,14.21,-0.666503
1.86789,15.1516,0.353124
1.91393,16.0105,-0.396509
1.93418,16.9819,0.251845
1.93818,17.0433,-0.710813
2.02974,17.9712,-0.254329
2.01955,19.0057,-0.0969665
2.99632,-0.00479446,-0.0554247
3.00065,1.01449,0.0337413
2.98663,2.03215,0.17846
3.00254,3.08578,0.0804773
3.06565,4.11514,-0.0821772
3.04741,5.16185,-0.17196
2.9625,6.20522,-0.181143
2.88182,7.28273,-0.204593
2.92022,8.34727,-0.403677
2.80014,9.49916,-0.666027
2.392,10.5721,-0.997272
2.45484,11.7278,-0.895138
2.64328,12.4083,-0.0671957
2.57307,13.4536,-0.124409
2.74838,14.409,0.257826
2.81788,15.3958,-0.0780847
2.72569,16.2544,0.41287
2.89161,16.9727,-0.259508
3.0392,18.0039,-0.117002
3,19,0
3.98673,-0.000265511,-0.0136814
4.03983,0.97351,0.114866
3.97135,1.97279,-0.0811701
4.01303,2.97971,0.0627094
4.05227,3.97576,-0.0490738
3.94815,4.92894,-0.546016
3.96403,5.93851,-0.287719
3.92178,6.97014,-0.166198
3.9225,8.01527,-0.177105
3.73281,9.06024,-0.272018
3.51347,10.1782,-0.443544
3.49312,11.2925,-0.49487
3.68854,12.1528,-0.0450362
3.67083,13.151,0.131474
3.84311,14.0809,0.400934
3.81891,15.079,0.0303262
3.80016,15.9922,0.369082
3.8745,16.9502,0.0773583
4.05051,18.0039,-0.0605762
3.9698,18.9965,0.087637
4.97718,-0.00299387,-0.0136326
5.06945,1.00065,0.26205
4.99029,2.01092,0.00822474
5.02706,3.06609,0.141426
5.08312,4.00015,-0.334004
4.92684,4.96874,-0.34684
4.97885,6.00427,-0.446373
4.95487,7.01069,-0.211533
4.95474,7.99214,-0.173907
4.77261,8.97766,-0.0198523
4.6401,10.02,-0.0600146
4.57886,11.0918,-0.122465
4.74965,12.0499,-0.114277
4.76178,13.0007,0.145878
4.90927,14.0229,0.227512
4.87208,15.035,0.0993896
4.88238,15.9975,0.383374
4.90843,16.9948,0.130863
5.07533,17.9712,-0.0350932
4.96672,19.0021,-0.0618183
6,0,0
6.06919,0.98482,0.144371
6.03797,1.99346,0.196814
6.0443,2.98909,0.0658864
6.08277,3.97116,-0.226109
5.94821,4.95872,-0.181368
5.98195,5.96008,-0.28439
5.98822,6.96873,-0.213382
5.94685,8.00086,0.0965026
5.81953,9.0096,-0.0345714
5.7418,10.0054,-0.0351238
5.69497,11.0144,-0.0198614
5.83022,12.0265,-0.00376598
5.84206,13.0482,-0.0410657
5.94534,14.0816,-0.0890774
5.86872,15.0831,-0.115995
5.94369,15.9724,0.36007
5.94707,16.9778,0.159438
6.07006,17.9732,0.0939665
5.9659,19.0011,-0.0585833
7.00487,-0.000482192,-0.175439
7.0622,1.04262,0.0254524
7.04948,2.02358,0.31456
7.04382,2.97884,-0.0616993
7.03038,3.94736,0.107324
6.98798,4.92528,0.0637837
6.96882,5.94669,0.0436537
6.9876,6.94589,0.037083
7.02504,8.01286,0.0671957
6.89411,9.02414,-0.132862
6.77867,10.0378,0.110416
6.85096,11.0361,0.0921995
6.84376,12.0138,-0.16632
6.84851,13.0782,-0.114957
7.03392,14.0604,-0.189114
6.89378,15.0274,0.0776574
6.88952,16.0277,-0.0100253
6.98476,17.0513,0.0675771
7.02179,18.0354,-0.25754
6.97669,18.9965,-0.0284219
8,0,0
8.03437,0.973055,0.247392
8.0329,2.0054,0.156673
8.04585,2.93719,-0.157494
8.05446,3.93049,0.0799036
7.96684,4.93936,-0.0474654
8.01423,5.98462,-0.0138462
8.01776,6.96421,0.0793542
8.04293,7.96574,-0.0332072
7.95788,8.99472,-0.000698874
7.82608,10.0277,0.0447432
7.90374,11.0003,0.380187
7.86971,11.9509,0.0289773
7.87794,12.9991,-0.193142
8.03215,14.0142,0.0229987
7.91912,14.9944,0.0930631
7.89134,15.9819,-0.108429
8.01174,16.9908,-0.0724204
7.9992,18.0047,-0.174142
7.97084,18.9982,-0.0497238
8.98565,5.18815e-05,-0.0616077
8.96611,1.01526,-0.053676
9.03044,2.05603,0.218531
9.02037,3.02019,-0.0108127
8.99314,3.99476,-0.244188
8.97169,4.99885,0.0839534
9.04342,6.00758,0.0520737
8.99387,7.0065,-0.15204
9.01527,8.03583,-0.194906
9.00592,9.02998,-0.0762444
8.83051,10.0111,-0.132743
8.9273,11.0196,0.06704
8.88422,12.0203,0.163808
8.89727,12.9962,-0.0101077
9.05589,14.0042,0.132499
8.89514,14.973,-0.0794427
8.92693,15.9699,-0.0789117
9.05149,17.0257,-0.0855312
9.00049,18.033,-0.307532
8.96118,18.9595,0.00127262
9.99876,0.000515763,-0.0275124
9.97826,1.06031,0.0561266
10.1116,2.07344,-0.0160985
10.0069,3.02448,-0.343858
9.94521,3.93325,0.0265236
9.96786,4.98654,0.151195
10.0104,5.99114,0.390051
9.95997,7.00664,0.150728
10.0282,7.99239,0.00211188
10.0272,8.97619,-0.163988
9.90095,9.9963,-0.0922422
9.96689,11.0117,-0.0366405
9.91725,12.006,0.0845302
9.92955,13.0098,0.0740349
10.0163,14.0256,-0.0435865
9.93442,14.9992,-0.0249153
9.9732,16.0195,-0.0190924
10.0386,17.0265,0.12504
9.94493,17.9979,-0.0201727
10,19,0
11,0,0
11.0176,1.03087,0.216422
11.068,2.01202,0.242772
10.9369,2.9904,0.0889584
10.9592,3.98479,0.0772149
10.9461,5.01541,0.153746
11.0503,5.97982,0.362615
10.987,6.9659,0.301523
11.019,8.00714,0.196438
11.0272,8.99929,0.00986358
10.8699,9.99117,0.0494949
10.9895,11.0033,0.0546129
10.9578,12.0029,0.0812586
10.939,13.0112,-0.0447798
11.0737,14.0179,-0.079986
10.9155,14.9798,0.123179
10.955,15.9741,0.11764
11.0472,16.9656,0.0974395
10.9584,17.9677,0.0814081
11,19,0
11.9985,0.00195624,0.00796838
12.0118,0.999344,0.249858
12.0688,2.01208,0.109821
11.9811,2.99482,-0.00285958
11.9992,4.01295,0.0545732
11.9815,5.02972,0.046733
12.0323,6.07025,0.142393
11.993,7.06599,0.221729
12.0387,8.04321,0.292969
12.0301,9.0223,0.0883847
11.9128,9.99609,-0.0855831
12.0353,10.9747,0.0229347
11.9895,11.9787,0.151851
12.0152,12.9734,-0.0809412
12.0581,13.9764,0.197299
11.9607,14.9791,0.0350291
11.9451,15.9389,-0.120524
12.0689,16.9113,0.0329691
11.977,17.9585,0.0948454
12,19,0
12.9884,0.00410474,-0.0759087
12.997,0.991998,-0.0416334
13.0491,2.0471,0.0937742
12.937,3.05254,0.293616
12.9973,4.05314,0.0234962
13.0096,5.02816,0.0855617
13.0458,6.00745,-0.0316172
12.9954,7.00667,0.257338
13.0446,8.01144,0.197354
12.9917,8.99025,-0.137437
12.9155,9.98259,-0.259175
13.0032,10.9811,-0.187259
13.0112,11.9697,0.0469466
12.9985,12.9589,0.157064
13.0229,13.9735,0.278433
13.0113,14.9926,0.0926023
12.9542,15.9715,-0.0371746
13.0874,16.9742,-0.0119297
12.9925,18.0158,0.0140233
12.9887,19.0029,-0.0388592
13.9839,0.00458693,0.0420576
14.0393,0.990576,-0.0250496
13.9902,1.99428,-0.186062
13.9005,2.96643,-0.0680105
13.9806,3.95736,0.200253
14.0531,4.96524,0.0928343
14.074,6.03804,0.116376
14.0009,7.04328,-0.0111118
14.0489,8.05266,0.110834
14.005,9.00873,-0.091406
13.886,10.0406,-0.110016
13.984,11.0552,0.0105655
14.0236,12.0605,0.270901
14.015,13.0211,-0.0475967
14.0264,13.9928,0.223563
14.0177,14.9873,0.19068
13.973,15.9788,0.045204
14.0974,16.9316,-0.188885
13.9643,17.9362,-0.152028
14,19,0
14.9965,-0.00438856,0.149132
15.0496,0.998453,-0.10304
14.9828,1.97748,0.170675
14.8924,2.96877,-0.0474258
15.0198,3.96735,0.0568926
15.0082,4.88821,-0.304144
15.0309,5.90198,-0.175387
14.9849,6.98313,-0.189596
15.0346,7.96928,-0.0238319
14.9973,8.97162,-0.157274
14.9486,9.99598,-0.108573
14.9567,10.9964,-0.106858
15.0463,12.007,0.060506
14.9839,13.0507,0.164779
15.039,14.0753,0.187332
14.9832,15.0513,-0.0728721
14.9822,16.0373,0.0977416
15.0324,17.0316,0.206668
14.977,18.0073,-0.0300607
15,19,0
16.0097,-0.000204474,0.0358379
16.0245,1.00521,0.139628
15.9434,2.01139,-0.0367168
15.9077,2.97185,0.146492
16.0536,3.95088,0.117859
16.0671,5.01167,-0.0857906
16.0057,6.02113,0.0954131
15.9871,7.04227,0.0793725
16.046,8.09863,-0.060741
16.0287,9.09239,-0.146779
15.9491,10.1315,-0.0992645
15.9537,11.0847,-0.416648
16.0259,12.0772,-0.149403
15.9768,13.0271,0.0463515
16.0534,14.0114,0.221039
15.9242,14.9967,0.204016
16.0331,15.9949,-0.0697745
16.0183,17.0069,0.217957
15.985,18.005,0.0913114
15.9705,19.0074,0.119306
16.9974,-0.0033021,-0.0465163
17.0354,0.967132,0.215223
16.9568,1.88809,-0.218665
16.9587,2.89168,0.128675
17.0739,3.94075,0.169109
17.0574,4.92361,0.0343211
17.0046,5.96373,-0.0107181
16.945,6.98473,-0.178616
17.04,7.9368,0.118091
17.0165,9.01158,-0.0084109
16.9698,10.0355,-0.111603
16.9557,11.0193,-0.187762
17.0064,11.9609,0.16393
16.9682,12.9965,0.268831
17.0226,14.023,0.0998596
16.9275,14.9784,0.479983
17.037,15.9618,0.201083
17.011,16.9763,-0.0212592
17.0078,17.9696,-0.0722556
16.9822,19.0052,0.0868374
18.0105,0.00158391,-0.0668142
18.0263,0.979174,0.0947478
17.9595,1.9953,0.0123234
17.9061,3.02463,-0.112622
18.0211,4.01372,-0.104163
17.9977,4.9952,-0.31981
17.9928,5.93821,0.118625
17.9459,6.94146,0.0936583
18.0208,7.92369,0.0925871
17.9848,8.9813,0.0694693
17.9938,9.98407,0.0686666
18.0022,10.9737,-0.10654
18.0001,11.9933,-0.0977783
17.9692,12.9996,0.0732597
17.9858,14.0618,-0.00686972
17.9374,15.0673,0.083166
18.0388,16.0631,0.301096
17.9849,17.0275,0.0749992
17.9813,17.9971,-0.155272
17.9811,18.9978,0.0288614
19,0,0
18.998,1.01471,-0.107761
18.9957,2.04179,0.0832698
19,3,0
19.0019,3.99895,0.0877163
18.9994,4.9902,-0.0633076
18.9977,5.9896,0.0143162
19,7,0
19.002,7.99681,-0.107663
19.0011,8.99223,-0.0301065
19.0027,9.97932,-0.0589526
19,11,0
19.0016,12.0014,-0.0688955
18.9908,12.9917,0.0440748
19.0061,14.0075,-0.101624
18.9991,15.0074,-0.0674825
19.0002,15.9985,0.0386761
19,17,0
18.9984,17.9791,-0.147407
19,19,0
