0.165145,0.543019,-2.24803
0.120844,1.82771,-2.28605
0.186691,3.1492,-2.356
0.225892,4.35893,-2.39586
0.213297,5.59348,-2.49829
0.243648,6.86742,-2.61237
0.278323,8.12008,-2.80686
0.33433,9.36199,-2.93323
0.57228,10.5769,-2.94614
0.82244,11.7491,-3.06315
1.28766,12.8691,-3.26394
1.12196,13.9795,-3.09142
0.580905,14.8635,-2.7137
0.565023,15.834,-2.27207
0.0682577,16.6476,-1.86599
0.348366,17.629,-1.84455
-0.2081,18.3085,-1.28928
0.20412,17.4846,-1.6618
-0.041905,18.3093,-1.06402
-0.0280435,18.9429,-0.21312
0.821766,1.43022,-2.4049
0.908399,2.57859,-2.47452
0.985479,3.76227,-2.47896
0.988391,4.98392,-2.58878
1.02896,6.20335,-2.64337
1.14783,7.41329,-2.83179
1.18079,8.63537,-2.95909
1.29013,9.88532,-3.03145
1.51751,11.0808,-3.23055
1.74932,12.2826,-3.41174
2.09976,13.457,-3.7916
2.01512,14.5687,-3.43271
1.56125,15.32,-2.81188
1.53753,16.2934,-2.42438
1.03559,16.9925,-1.82107
1.30081,17.9036,-2.19593
0.841612,18.202,-1.30019
1.17858,17.5402,-1.97276
0.929344,18.3109,-1.33661
0.882351,19.0644,-0.61471
1.82399,1.78332,-2.34388
1.88061,2.9892,-2.38152
1.94338,4.14114,-2.55134
1.99796,5.32001,-2.70502
1.99203,6.53353,-2.84801
2.08653,7.79776,-2.93931
2.12792,9.0352,-3.08459
2.25002,10.3231,-3.27633
2.40323,11.6178,-3.5202
2.55911,12.9148,-3.93539
2.83954,14.2246,-4.405
2.65201,15.4425,-3.70051
2.29385,15.9009,-2.38774
2.30121,17.0407,-2.6637
1.98202,17.4762,-1.62913
2.30477,17.9689,-2.43624
1.87226,18.243,-1.52233
2.12746,17.7321,-2.33901
1.93475,18.4135,-1.57329
1.87619,19.0583,-0.836427
2.82537,1.53869,-2.27797
2.89967,2.71289,-2.31051
2.94547,3.87261,-2.49001
2.93443,5.06384,-2.60727
2.97086,6.24168,-2.63524
3.00258,7.39413,-2.68545
3.04951,8.55799,-2.79129
3.1018,9.75346,-3.04982
3.17049,10.914,-3.32495
3.19931,12.0613,-3.61372
3.23512,13.2071,-3.81824
3.15618,14.3376,-3.5672
2.92626,15.1043,-2.82364
2.88584,16.071,-2.56727
2.77612,16.6987,-1.75164
3.17696,17.4885,-2.24016
2.81603,17.7934,-1.37285
3.14704,17.7896,-2.33817
2.95672,18.3624,-1.52669
2.94641,19.1063,-0.821302
3.84892,1.20073,-2.33175
3.86116,2.26846,-2.29666
3.88517,3.44194,-2.29789
3.85642,4.58528,-2.4009
3.90287,5.73604,-2.70361
3.85503,6.83617,-2.629
3.90064,7.96203,-2.69704
3.90557,9.10804,-2.85372
3.88139,10.2134,-2.98091
3.89698,11.319,-3.29229
3.85475,12.4016,-3.24577
3.76961,13.4424,-3.16062
3.72011,14.4149,-2.97086
3.6338,15.3161,-2.5981
3.66491,16.0237,-1.89508
4.01815,16.9346,-2.07858
3.77624,17.3936,-1.20167
4.10833,17.8069,-2.06456
3.85244,18.1808,-1.15863
3.98632,19.1442,-0.796963
4.8558,0.844124,-2.20734
4.88741,1.98723,-2.30614
4.82603,3.04844,-2.2898
4.81688,4.13024,-2.4326
4.84747,5.23198,-2.51669
4.80804,6.29476,-2.53566
4.72123,7.34804,-2.52012
4.67297,8.37462,-2.72683
4.69758,9.49901,-2.90786
4.64022,10.5579,-2.97526
4.5862,11.6057,-2.88242
4.51419,12.6894,-2.93267
4.54793,13.7011,-2.71976
4.51497,14.6805,-2.44549
4.6287,15.5203,-1.89648
4.89628,16.4718,-1.97276
4.79974,17.1725,-1.20524
5.0678,17.5669,-2.12811
4.87257,18.0433,-1.26717
4.99544,18.987,-1.00539
5.75827,0.397531,-1.93131
5.72696,1.48315,-1.99322
5.74316,2.5942,-2.05968
5.70705,3.65912,-2.18089
5.75914,4.76557,-2.18074
5.70709,5.78236,-2.37067
5.63818,6.80849,-2.31487
5.62832,7.89456,-2.55823
5.59965,8.95265,-2.60753
5.53074,10.0232,-2.72889
5.49063,11.075,-2.65004
5.36808,12.1419,-2.68432
5.39299,13.1802,-2.50223
5.40419,14.1614,-2.23674
5.59505,15.1359,-1.98375
5.88023,16.0963,-2.00388
5.85403,16.8466,-1.30584
6.09646,17.4783,-2.06883
5.90795,18.11,-1.27458
5.9903,19.0501,-0.954534
6.74154,0.137028,-1.9045
6.71256,1.18359,-1.98881
6.7121,2.25681,-1.87035
6.66164,3.36385,-2.0947
6.73616,4.4417,-1.97409
6.68516,5.48832,-2.12122
6.6558,6.51007,-2.29578
6.62082,7.56152,-2.44287
6.54228,8.62527,-2.26598
6.53141,9.69278,-2.50054
6.39988,10.7247,-2.40136
6.3922,11.71,-2.48838
6.29672,12.7416,-2.39278
6.38594,13.7116,-2.01849
6.56259,14.715,-1.88991
6.82243,15.699,-1.88961
6.82047,16.6721,-1.65918
7.07975,17.6241,-1.9284
6.93135,18.0253,-1.04525
6.95549,18.9768,-0.711618
7.75261,0.00562456,-1.88332
7.70493,1.12527,-1.81234
7.67979,2.13951,-1.98399
7.67533,3.18003,-2.04005
7.7555,4.18289,-2.02122
7.68634,5.23205,-2.07696
7.62174,6.26241,-1.99742
7.59237,7.32067,-2.04586
7.49557,8.31986,-2.0414
7.57449,9.35401,-2.29359
7.387,10.3626,-2.24186
7.37972,11.3817,-2.26482
7.29915,12.394,-2.12934
7.42024,13.3825,-1.91347
7.54642,14.3857,-1.79897
7.79537,15.3375,-1.62589
7.81185,16.3268,-1.69854
7.97882,17.299,-1.56041
7.91053,17.8996,-0.783239
7.96696,18.8662,-0.972042
8.7835,-0.0509537,-1.71547
8.7817,0.978158,-1.81684
8.69218,2.00363,-1.72947
8.69637,3.0142,-1.911
8.77387,4.03123,-1.94014
8.73543,5.06707,-1.96764
8.6495,6.07794,-2.02719
8.62621,7.13826,-1.87197
8.51151,8.23367,-1.76255
8.5165,9.27728,-1.99525
8.39049,10.3204,-2.02558
8.36558,11.3236,-1.96505
8.3787,12.3139,-1.83141
8.4302,13.3048,-1.78089
8.52945,14.3162,-1.50529
8.849,15.2862,-1.49017
8.80674,16.2684,-1.50195
9.00516,17.2586,-1.55082
8.91909,18.0773,-0.939491
8.93401,19.1126,-0.948665
9.8125,-0.24594,-1.55971
9.78144,0.857311,-1.58208
9.68358,1.88637,-1.54739
9.69782,2.91525,-1.72512
9.78744,3.94831,-1.75264
9.69717,4.98686,-1.64547
9.70949,6.05903,-1.78207
9.63713,7.11455,-1.77626
9.57766,8.1487,-1.6897
9.49102,9.17752,-1.73879
9.3796,10.1867,-1.80575
9.47902,11.2087,-1.75918
9.43952,12.1978,-1.75341
9.45599,13.2346,-1.61999
9.54658,14.243,-1.34891
9.84133,15.1678,-1.0718
9.81119,16.1595,-1.30934
10.0138,17.1731,-1.21849
9.93225,18.2074,-1.03641
9.9238,19.2353,-0.955855
10.8393,-0.196072,-1.51478
10.7746,0.848747,-1.60293
10.7098,1.87848,-1.47728
10.7248,2.91716,-1.57132
10.8517,3.93427,-1.74486
10.6851,4.95445,-1.57517
10.7417,6.00439,-1.63772
10.6762,7.01577,-1.59462
10.6037,8.08108,-1.54755
10.5461,9.09984,-1.53952
10.4664,10.1568,-1.53357
10.4862,11.1635,-1.78787
10.5008,12.1759,-1.62125
10.4872,13.1814,-1.50852
10.6114,14.2017,-1.24283
10.843,15.1838,-0.978454
10.8051,16.1643,-1.32142
11.0332,17.1606,-1.189
10.9628,18.1599,-1.04348
10.9378,19.1663,-0.871722
11.8364,-0.112665,-1.39616
11.819,0.904917,-1.49278
11.7486,1.90212,-1.39322
11.7271,2.89669,-1.60435
11.8936,3.87878,-1.67388
11.6867,4.90684,-1.65334
11.7755,5.89774,-1.52681
11.762,6.95492,-1.564
11.6637,8.01726,-1.38948
11.5934,9.05937,-1.27624
11.5205,10.019,-1.47649
11.5388,11.0649,-1.6073
11.5492,12.0885,-1.5313
11.5294,13.1088,-1.523
11.6462,14.1417,-1.28594
11.8494,15.0872,-0.91012
11.8471,16.0325,-1.32578
12.0786,17.0143,-1.14819
12.0276,18.0424,-0.985675
11.9753,19.1132,-1.09049
12.8587,-0.168389,-1.45621
12.8366,0.864669,-1.55217
12.8032,1.87335,-1.45103
12.7595,2.95636,-1.45038
12.9113,3.97761,-1.57996
12.739,4.93571,-1.49452
12.7572,5.92922,-1.44018
12.8023,6.98635,-1.51227
12.7104,8.01668,-1.37206
12.6395,9.04275,-1.32493
12.5393,10.0955,-1.43322
12.5342,11.1032,-1.55865
12.6187,12.1032,-1.46584
12.6308,13.1087,-1.4014
12.6711,14.146,-1.20694
12.8167,15.1267,-1.12956
12.8829,16.1787,-1.21405
13.0917,17.1832,-1.16234
13.0401,18.1536,-0.936534
12.9608,19.1614,-1.11044
13.9253,-0.152,-1.54759
13.8322,0.84145,-1.39724
13.872,1.85755,-1.38617
13.788,2.91497,-1.36475
13.8805,3.92919,-1.20682
13.7806,4.93699,-1.34756
13.8247,5.97902,-1.35298
13.8222,6.99803,-1.43817
13.7595,8.00415,-1.4221
13.7394,9.03552,-1.22783
13.5669,10.0574,-1.35267
13.6056,11.0872,-1.30009
13.6469,12.0905,-1.25305
13.7431,13.1359,-1.34976
13.7162,14.1282,-1.22946
13.8547,15.186,-1.26959
13.9356,16.1851,-1.04726
14.0596,17.1677,-0.794476
14.0728,18.1582,-1.0361
14.021,19.2044,-1.17411
14.925,-0.21811,-1.45314
14.8468,0.84406,-1.31064
14.889,1.86634,-1.33079
14.8356,2.93337,-1.46567
14.9026,3.95128,-1.37442
14.8229,4.98409,-1.36726
14.9138,5.94002,-1.2007
14.8545,6.9931,-1.33173
14.7899,8.00229,-1.26117
14.8092,9.07731,-1.25453
14.5957,10.0536,-1.48645
14.6986,11.03,-1.18372
14.7036,12.0379,-1.3272
14.7796,13.1011,-1.28048
14.7353,14.1214,-1.18238
14.9668,15.1429,-1.08388
14.9957,16.1557,-1.06963
15.0727,17.1523,-0.831855
15.0693,18.1817,-0.944249
15.0669,19.1945,-1.08791
15.9874,-0.197296,-1.41862
15.8701,0.844386,-1.31572
15.922,1.90873,-1.22032
15.8969,2.91791,-1.40186
15.923,3.9676,-1.42894
15.8443,4.99908,-1.40024
15.9612,6.0117,-1.29525
15.8744,7.00709,-1.19763
15.8021,8.02924,-1.52867
15.8506,9.0335,-1.30312
15.6335,9.99642,-1.50766
15.7252,10.9901,-1.34464
15.7971,11.9962,-1.28926
15.7825,13.0458,-1.27757
15.8284,14.0921,-1.14881
15.9965,15.106,-0.934712
16.0109,16.097,-0.907495
16.1075,17.128,-0.905356
16.1209,18.1081,-1.09048
16.0913,19.1617,-1.10774
17.0396,-0.337388,-1.47904
16.9182,0.669674,-1.30477
16.9569,1.78983,-1.39209
16.9049,2.8348,-1.34454
16.9209,3.90359,-1.49441
16.8513,4.94919,-1.3989
16.9582,5.96123,-1.41301
16.8894,7.02244,-1.45001
16.8576,8.07807,-1.34855
16.8955,9.0849,-1.53504
16.6318,10.0577,-1.18803
16.8137,11.0535,-1.20068
16.7822,12.082,-1.23013
16.8013,13.1489,-1.23428
16.8606,14.1445,-1.2077
17.0158,15.1186,-1.03225
17.0152,16.1786,-1.04461
17.0178,17.1815,-0.852754
17.16,18.1981,-0.818644
17.0452,19.2257,-0.736549
18.0548,-0.242,-1.37012
17.9031,0.824949,-1.29234
17.9402,1.89356,-1.26191
17.9866,2.91776,-1.33229
17.9231,3.98441,-1.24747
17.8724,4.97638,-1.37164
17.9693,5.95227,-1.2668
17.9196,6.97809,-1.33884
17.8949,8.03065,-1.38948
17.947,9.0277,-1.36268
17.6223,9.97639,-1.28163
17.8484,10.9677,-1.20656
17.8517,12.0298,-1.17169
17.8511,13.0396,-1.2062
17.9215,14.0851,-1.12814
18.0324,15.1419,-0.95956
18.031,16.1644,-0.964357
18.1165,17.1248,-0.839375
18.1813,18.1852,-0.669155
18.003,19.0996,-0.309418
19.0637,0.058504,-1.36466
18.9305,1.04289,-1.25721
18.9743,2.07874,-1.29475
18.9958,3.11047,-1.52383
18.9277,4.01757,-1.04568
18.9035,5.01785,-1.00371
18.9848,5.97547,-1.2725
18.9058,7.02156,-1.19489
18.9553,8.01734,-1.2742
19.0129,9.04797,-1.22236
18.6542,10.0596,-1.15132
18.9118,11.017,-1.31016
18.8844,12.0865,-1.21055
18.8962,13.109,-1.37991
18.929,14.1146,-1.18069
19.0464,15.1417,-1.01673
19.0258,16.1662,-0.876974
19.1243,17.1456,-0.612091
19.2554,18.1171,-0.538432
19.0228,19.0698,-0.144642
