18.2245,-4.08474,-9.59421
-2.5025,-14.2567,4.73516
-4.46226,-0.54749,-4.26354
16.9021,-6.54808,9.15474
8.14612,-6.80449,-16.7981
-3.22759,-14.4466,-5.32427
11.7169,-4.98738,9.68363
15.7376,3.79163,7.66705
-0.864895,10.7568,6.57927
-2.75595,7.76557,4.6679
10.6482,-4.86146,-5.1589
3.77514,-8.04131,-0.468926
2.92349,-3.36305,-1.4167
10.1479,-5.38989,1.38022
7.31239,-5.94236,-6.72028
2.60883,-7.64289,-1.8114
6.47378,-3.11868,4.34367
7.49081,3.15545,6.50056
0.879861,6.16998,6.10605
-4.51105,4.93369,2.50618
9.1772,0.682592,-5.97335
6.24162,-2.10688,-3.3074
5.52228,-0.838096,-1.81162
7.56928,-2.27222,-0.263701
5.66535,-2.87577,-2.1967
3.4361,-2.15154,1.36366
3.70855,1.59904,5.29612
2.66576,6.19187,7.98689
-1.05219,10.004,9.73034
-5.36632,11.9119,9.82102
9.51002,6.83016,-8.01082
7.73103,3.58617,-5.41211
6.59239,2.67031,-2.75651
6.29457,1.29456,-0.409757
4.47851,0.705857,1.06486
2.84015,2.37901,4.16129
1.76658,5.90078,7.50061
-0.071279,10.2282,10.6019
-3.19224,14.7923,13.5211
-7.29923,19.3426,16.8268
10.7524,13.2001,-10.6446
8.83451,8.78896,-6.97296
7.02687,6.32916,-3.25353
5.50941,4.76562,0.249971
3.7869,4.30376,3.29954
2.16338,6.19725,6.4185
0.689673,9.67508,9.71596
-1.08848,14.1282,13.1785
-3.77301,19.2439,17.5022
-10.5065,27.6185,23.7505
12.4755,20.2338,-14.462
7.61581,12.0907,-5.85791
5.72136,7.81145,-0.722483
4.1623,6.52818,2.99663
2.9342,6.98964,5.68916
2.41406,8.65319,7.72707
2.2271,10.7664,9.43665
2.0161,12.9575,11.0973
3.06168,11.9778,12.2861
9.14766,3.92749,8.39927
-3.90751,19.3511,-3.22788
2.48717,4.8448,2.65933
3.90446,3.80999,4.40057
2.35527,6.30236,6.96263
1.48867,8.80625,8.84258
2.27724,10.7605,9.37909
3.71211,11.9944,9.33296
5.2909,12.7538,9.1986
7.89398,11.6131,8.45556
11.6535,8.72875,7.53173
9.6563,-29.044,20.4347
5.7621,-11.1723,11.1393
2.70994,-1.10679,8.99621
-0.0237465,6.67287,11.3114
-0.0606708,11.2349,12.2909
2.09218,12.9995,11.2771
4.94046,13.4213,9.51201
7.96671,13.3526,7.3382
11.5177,13.1913,4.38163
16.1984,13.7936,-0.375454
-4.93228,-2.32447,-6.17544
5.9607,-6.3198,4.88828
-0.581271,5.22561,5.7887
-3.61312,13.5033,14.9509
-2.0347,15.3219,15.5535
0.729154,15.2535,13.4329
3.73734,15.1349,11.2277
6.65724,14.7488,9.05015
9.66791,14.7674,6.81176
12.6577,15.8481,5.56283
7.13343,-8.80533,2.98975
18.8198,-15.1736,12.4048
-5.79677,12.0679,-3.39187
-7.6702,23.0504,24.1193
-4.25722,19.2462,19.5042
-0.965276,17.3499,16.0497
2.12949,16.3001,13.2539
5.05176,15.6998,10.7889
7.75472,15.4903,8.65203
10.1929,15.7241,7.11405
