3.18545,5.20201,0.53928
2.80887,4.80332,-0.366921
1.96325,4.58069,0.0949919
2.55263,5.32716,-0.159786
2.48129,6.0782,0.598325
2.10155,5.1845,0.879879
1.64047,6.1419,0.900192
2.48839,6.20263,0.343339
2.94441,6.34649,-0.560698
3.76371,6.87285,-0.467302
3.75694,4.36228,0.422761
3.29035,3.92066,-0.395691
2.91959,4.49209,0.357936
2.80612,5.40075,0.808142
3.38236,5.94191,0.198959
2.6768,5.21716,0.0335582
2.56601,6.06288,0.547484
2.08676,6.74972,1.08006
2.19259,6.5218,0.160918
3.19598,6.71281,0.383221
4.13419,3.46983,0.664147
3.20199,3.16072,0.228962
3.74684,3.96341,0.602966
2.82042,4.40366,0.703876
3.57736,5.00426,0.569897
2.77013,5.31932,1.05411
3.46261,5.663,0.407111
2.5463,5.79834,0.812668
3.04327,6.63413,0.750511
2.77197,5.83135,0.195486
3.15895,3.14873,0.80549
4.11589,2.83546,0.484649
4.24373,3.5221,-0.188818
3.57701,4.22867,0.0682852
2.97311,4.97037,-0.239674
3.41524,5.67616,0.336073
3.52928,5.08786,-0.430586
3.4289,5.85624,0.238084
4.0548,6.59441,0.624021
3.50221,5.75514,0.892007
3.72879,2.29926,0.946553
4.73248,2.13619,0.81334
4.52182,2.58631,-0.0925779
4.10267,3.52549,-0.383798
3.49116,4.15396,0.0847804
4.17653,4.93099,0.304596
4.47071,4.90262,-0.69277
4.3809,5.48248,0.170373
4.85967,6.02747,0.859304
3.98172,6.61007,0.697534
4.19468,2.7014,0.160143
5.15137,2.98433,0.38511
5.42941,2.61497,-0.539146
4.97905,3.28391,0.00569475
4.52088,4.17471,0.0559282
4.86908,4.96692,-0.414801
4.31214,5.77968,-0.241853
5.30984,5.67385,-0.12797
5.56486,6.54053,0.250224
4.97667,6.8735,1.01493
5.14208,3.00214,-0.0328257
5.97693,2.46904,-0.00942106
6.06055,3.4004,-0.339073
5.19713,3.63049,-0.879788
5.41968,4.3903,-0.310547
5.54791,5.21911,0.202237
5.22532,5.61117,-0.67561
4.64939,6.38087,-0.439561
5.03932,7.30281,-0.212259
4.80022,7.82219,0.610089
5.28698,3.51698,0.860155
6.249,3.26191,0.582937
5.89719,4.18864,0.282629
5.94621,4.3669,-0.738227
5.54577,5.27911,-0.803702
6.15127,5.87004,-0.302762
5.35513,6.52416,-0.255321
4.85129,5.93254,0.446025
5.33321,6.79515,0.620808
5.72352,7.64624,0.239766
5.87253,4.08339,0.292026
6.26572,3.42799,-0.39888
5.96274,4.35033,-0.72111
6.67986,4.86785,-0.230799
6.17568,5.72563,-0.160344
5.71641,6.44353,0.409943
5.83237,7.38969,0.0617542
5.67878,6.37181,0.166961
5.72199,7.34428,-0.102847
6.72785,7.6166,-0.0113926
6.7695,3.98751,-0.0955931
7.10818,3.04352,-0.0477523
6.23953,3.49509,-0.273586
5.74079,4.41946,-0.435414
6.40796,4.7854,0.219224
6.39177,5.79211,-0.0376171
5.65103,6.38749,0.200372
5.66052,7.07864,-0.533183
6.65554,7.03356,-0.244893
7.60067,7.33735,-0.359783
