0.0421888,-0.0059328,0.11868
0.987161,-0.0241127,-0.173525
1.94342,0.0043733,0.0872555
2.97721,0.0354015,0.0871487
3.98604,0.0446333,0.0431745
4.95853,0.0238594,0.214209
6.03083,0.00755638,0.0606159
6.93213,-0.0500015,-0.313016
7.92861,-0.0231056,-0.291052
8.90764,-0.0150121,-0.168014
9.93754,0.0418439,-0.0824702
10.9368,0.0060976,-0.183447
11.939,-0.0202521,-0.141014
12.9475,-0.00290231,0.0707022
13.9866,0.0480148,-0.0291299
14.9844,0.0388684,-0.0916715
16.0347,0.0497085,0.00322886
17.0019,-0.00830409,-0.27882
18.021,0.0198798,-0.109238
18.9921,-0.0018067,-0.0266366
-0.00683615,0.974181,-0.0300851
1.00774,0.979989,0.134169
1.98445,1.0631,0.103342
2.9949,1.05244,0.0402783
3.97467,1.02355,-0.02678
5.00369,1.00014,-0.109922
6.03369,0.976284,-0.168068
7.0208,0.947182,-0.0595325
8.01278,0.988812,-0.247731
8.99084,1.05307,-0.0238258
9.98844,1.01423,-0.269796
11.0064,1.02366,-0.171691
11.9512,1.00248,0.100946
12.9717,1.04734,0.0562731
13.96,1.09103,0.0532823
14.9375,1.04125,0.14481
15.9951,1.03121,-0.0928007
17.0282,0.938322,0.037727
17.9871,1.05834,-0.064922
18.964,0.956923,-0.307593
0.0163915,1.93837,0.20502
0.974792,1.9513,-0.175756
1.95428,2.06005,0.115091
2.95114,2.07684,0.00372021
3.95656,2.0565,-0.0941496
4.97241,2.01011,-0.108823
6.09943,2.01634,-0.189792
7.10931,1.97859,0.0830897
8.11095,1.97683,-0.114499
9.13849,2.03062,-0.156398
10.0988,2.00256,-0.488614
11.0956,2.02822,-0.287143
11.9805,2.0237,0.19003
13.0079,2.06075,0.0844966
14.0247,2.08216,0.00143437
15.014,2.08903,0.0690909
16.029,2.07717,0.0336772
17.0476,1.90325,0.0205329
18.0203,2.03943,0.200058
18.9932,1.94447,0.00912198
0.02472,2.94231,0.144969
0.983731,2.96341,-0.210459
2.03887,3.0106,-0.169884
3.0178,3.08356,-0.0490127
4.00276,3.07562,-0.206629
5.05015,3.02552,-0.375851
6.05759,3.06175,-0.191073
7.08633,2.9523,-0.161321
8.03526,2.9697,0.168755
9.0392,3.0145,-0.0070101
10.0422,2.96865,-0.131623
11.0189,3.00838,-0.116132
12.0961,3.06031,0.0830164
13.1429,3.06608,0.226716
14.1862,3.08881,0.273635
15.1494,3.12032,-0.0549669
16.1137,3.03426,0.312528
17.0808,2.87915,0.078927
18.1113,3.03037,0.157671
19.031,3.00354,-0.163515
0.0291513,3.90354,-0.0574236
0.959426,3.96004,-0.33263
1.97815,4.01139,-0.328529
3.06292,4.08708,-0.252223
4.04117,4.0816,-0.417521
4.99735,4.01907,-0.0979125
5.99995,4.11973,-0.0554491
7.00172,3.9746,-0.0209479
8.01666,3.95177,0.206589
8.99872,4.02196,-0.0420026
9.98173,4.01106,-0.237437
10.9897,4.02816,-0.0846583
11.9422,4.02552,0.322333
12.9201,4.03703,0.109857
13.9885,4.08528,0.246989
14.9733,4.11447,-0.0775262
15.992,4.04788,0.0933805
16.9981,3.86082,0.248146
18.0118,4.0056,0.33954
18.9711,4.00432,-0.127992
0.0424512,4.88803,0.0795312
0.989386,4.99729,-0.261208
1.99175,5.03043,-0.283639
3.00457,5.07377,-0.167129
4.01758,5.07193,-0.180084
5.03175,4.99849,0.0667714
6.01297,5.09495,-0.31449
7.03408,4.99166,-0.0519364
8.03775,4.86331,-0.127525
9.00223,5.09625,0.0103397
9.99485,5.04112,-0.103818
11.0082,5.08267,0.088638
11.9889,4.97826,-0.119807
12.9353,5.0536,0.250185
13.9752,5.09036,0.113492
15.0047,5.09261,0.314637
16.0146,5.01247,0.491662
17.0087,4.93619,0.364492
18.0161,4.98423,0.240092
19.0313,4.90593,0.342512
0.0294656,5.97678,0.110871
1.00489,6.02624,-0.204715
2.01289,6.02976,-0.145045
3.05839,6.08088,-0.0460341
4.02042,6.03033,0.176461
5.06709,6.00759,0.131104
6.07524,6.06125,-0.0633412
7.12554,5.9808,-0.064507
8.08157,5.85421,-0.29902
9.05795,6.11805,-0.287478
10.0456,6.05972,0.0140507
11.0901,6.13505,0.000918607
12.1004,5.9934,-0.159279
12.9897,6.03357,0.241496
14.0271,6.10983,0.30072
14.9947,6.07071,0.542039
15.9865,5.94879,0.173196
17.0014,5.94293,0.273217
18.0171,5.98566,0.280526
18.9356,5.78268,-0.0917203
-0.0195349,6.89528,-0.268682
0.983148,7.03817,-0.18706
2.01073,7.02803,-0.407117
3.00796,7.08025,-0.108344
3.99242,6.99583,-0.111911
4.98173,6.99978,0.054033
6.01853,7.0789,0.162667
7.04828,6.96244,0.106339
7.97751,6.87202,-0.160375
8.93833,7.1188,-0.334336
9.93747,7.08342,-0.126325
10.9829,7.07049,-0.297949
11.9588,7.07368,-0.103497
12.9566,7.06438,0.154186
14.0063,7.01218,-0.0707297
15.0118,6.97077,0.0627369
16.0436,6.94596,-0.0249214
17.0214,6.98823,0.0978637
18.0471,6.92808,-0.0844661
19.0236,6.8142,0.00110477
-0.0344829,7.85901,-0.391684
0.961528,7.98842,-0.411383
2.00417,8.01594,-0.272588
2.97904,8.11158,-0.0455916
4.01609,8.04914,-0.112442
5.03027,8.02326,-0.063802
6.00189,8.04197,-0.104663
7.04005,8.00034,0.0519303
8.05522,7.88721,0.0372417
9.0448,8.03492,0.0853053
10.0638,8.07559,0.106769
11.042,8.11502,-0.245656
12.0503,8.0669,-0.025013
13.0656,8.15479,0.0383343
14.0068,8.01974,-0.324
14.9644,8.01338,0.157079
15.9448,7.93425,0.218088
16.9389,7.98323,0.324839
17.9286,7.93673,0.191354
18.9617,7.84768,-0.0861354
-0.0545579,8.86726,-0.382125
0.964971,8.93593,0.0021485
2.00408,8.99995,-0.0256111
3.02487,9.17092,0.0578204
4.03658,9.1061,-0.0827631
5.01626,9.01891,-0.112314
5.9835,9.04107,0.206186
7.00098,8.98536,0.21446
8.01671,8.9112,0.0589618
9.01261,9.00049,0.31099
10.0009,9.07686,-0.120347
11.0729,9.06897,0.0472762
12.0677,9.09618,-0.00976287
13.0212,9.10107,-0.305622
13.9365,8.98365,-0.00423902
14.9317,9.0442,0.212094
15.9313,8.98614,0.327107
16.9277,9.03218,0.181237
17.9305,8.9967,0.0782434
18.9748,8.83771,0.0481643
-0.0266762,9.89942,-0.204239
0.948595,9.91386,-0.00488296
1.97259,9.99431,-0.0277169
3.0283,10.156,-0.144911
4.01142,10.1186,-0.00363475
4.99594,10.021,-0.13704
5.86918,10.0665,0.315192
6.86679,10.0382,0.206714
7.87754,9.92073,0.378414
8.91368,9.98751,0.379077
9.9641,9.96276,0.475213
10.9738,10.0514,0.219477
11.9381,10.0904,-0.0538347
12.9216,10.149,-0.352202
13.9673,10.0189,-0.171783
15.0071,10.0474,0.073104
16.0081,10.013,0.158205
17.0355,10.0449,0.150496
18.047,10.0165,0.224305
19.0092,9.8693,-0.064861
0.0160772,10.9512,-0.0381237
1.05909,10.9436,-0.0595569
2.07453,10.9846,-0.0747215
3.10647,11.125,0.115738
4.15244,11.1431,-0.0493576
5.1028,10.9993,-0.371798
6.05359,10.9927,-0.0848476
6.98551,11.0329,0.201486
7.90173,10.9142,0.530335
8.89311,10.9871,0.227149
9.87926,10.9783,0.47535
10.9047,11.1074,0.278665
11.9274,11.0329,0.25981
12.9285,11.1189,0.00714743
13.9409,11.0536,-0.0453108
14.9365,11.0614,0.108368
15.9364,10.9878,0.00913114
16.9743,11.0336,0.103052
17.9774,10.9991,-0.159236
18.9467,10.8687,-0.217325
0.0106967,11.9611,0.143208
0.997324,11.9469,-0.202322
1.98317,12.0163,-0.197766
3.01933,12.0834,-0.185861
4.03618,12.1406,-0.240992
5.08895,11.9975,-0.223112
6.1015,11.9892,-0.238627
7.02453,12.0281,0.0597156
8.01566,11.8611,0.153896
9.02076,12.0176,0.350215
10.0105,11.9655,0.241026
11.0438,12.1095,0.391696
12.0755,12.0481,0.267266
13.0465,12.0885,0.475152
14.0031,12.0502,0.0574236
15.0114,12.0407,-0.0580584
16.0304,11.9629,0.0993805
17.0177,12.0803,0.228886
17.9803,12.0111,-0.114167
19.0219,11.923,-0.351405
-0.0736259,12.8714,-0.315754
0.960134,12.966,-0.232817
1.99813,13.0478,-0.170934
3.03192,13.0738,-0.216089
4.07526,13.181,-0.122678
5.10191,12.9959,-0.230708
6.04482,13.0193,0.0298624
7.04443,13.0197,-0.0194067
8.07556,12.8974,-0.0652974
9.02855,13.0351,0.245585
10.0368,12.9753,0.2905
11.0262,13.0774,0.206125
12.0088,13.0554,0.163826
13.0197,13.104,0.260936
14.0171,13.0521,0.120454
15.072,13.0419,0.0845424
16.0529,12.9728,0.396158
16.9784,13.0741,0.067101
17.985,12.983,0.126923
19.0217,12.8397,0.0693381
-0.0360851,13.9372,-0.311393
0.946937,13.9804,-0.27879
2.02898,14.0779,-0.371398
3.00723,14.0569,-0.209705
4.04204,14.1411,-0.290762
5.06333,13.9875,-0.0979522
6.07879,14.0484,-0.0724784
7.07979,14.0396,-0.160472
8.05839,13.9488,-0.119373
9.03684,14.0227,0.0433821
9.98612,13.9472,-0.139659
10.9471,14.0897,0.242
11.9808,14.068,0.308924
12.974,14.1025,0.196948
14.0071,13.9928,0.429884
15.0186,14.0007,0.543208
16.0053,14.0133,0.227277
16.935,14.081,-0.146825
17.9515,13.9874,-0.0346446
18.9173,13.849,0.0887082
0.0264565,14.9212,-0.034373
0.996115,15.0392,-0.307282
2.02655,15.0577,-0.34113
2.9954,15.0581,-0.159948
4.01367,15.1508,-0.100998
5.00081,15.0207,0.159423
6.04522,15.0486,0.0604694
6.99355,15.0304,-0.25616
7.95538,14.9193,0.015595
8.89698,14.972,-0.328791
9.91659,14.9639,-0.0640614
10.9582,15.0277,-0.0674825
11.9738,15.0985,0.184149
12.9845,15.1366,0.112397
13.99,14.9557,0.141987
15.0074,14.9318,0.137434
16.0114,14.9544,-0.144853
17.0078,15.0599,0.0810511
18.0257,15.0118,0.00771203
18.9828,14.8648,0.135786
-0.00856044,15.9073,0.167989
0.982247,16.0074,-0.0312784
1.9807,15.9802,0.105615
2.99071,15.9988,0.190646
3.9533,16.0266,0.454967
4.94731,16.0258,0.184417
5.94041,16.0114,0.152327
6.91144,16.0907,-0.00695212
7.86279,15.9092,-0.344038
8.93001,16.0206,-0.305609
10.0079,15.931,-0.254851
11.0739,16.0055,-0.20839
12.0916,16.0496,-0.111783
13.0613,16.096,-0.303253
13.988,15.9658,0.0596118
15.0353,15.969,-0.0616047
16.047,15.9482,-0.0729972
17.0333,16.055,-0.0217109
18.0025,16.0361,0.191421
18.9822,15.8699,0.0116062
-0.0427625,16.9115,0.286276
1.02428,17.0338,0.324192
1.96292,16.9859,0.0650044
2.97283,17.0304,0.1412
3.9715,17.0547,0.419037
4.96915,17.0192,0.116749
5.97677,16.966,-0.142067
7.00098,17.1158,0.0256905
7.90135,16.9777,-0.293539
8.9891,17.0099,-0.379952
9.98045,16.9075,-0.20275
10.9677,16.9898,-0.346654
11.9073,16.987,0.0991638
12.9159,17.1045,-0.121036
13.9772,16.9926,0.0305399
15.0063,16.9516,-0.0223243
16.0077,16.9485,-0.132844
16.9799,17.0652,-0.0448378
17.9633,17.0152,0.203247
18.9202,16.9129,-0.111838
-0.0178869,17.9293,0.31482
1.03092,18.0768,0.428678
1.94803,17.9985,0.0461135
2.91776,17.9949,-0.126862
3.93881,17.9679,-0.034901
5.01602,18.0127,0.2729
5.96531,17.9291,-0.0652303
6.94487,18.0644,-0.328529
7.9259,18.0566,-0.352681
8.91116,18.0053,-0.182937
9.94679,17.9402,-0.126753
11.0166,17.9103,0.0906003
11.9804,17.9775,0.228742
13.0416,18.0154,0.299332
14.0172,18.0194,0.0223029
15.0613,17.9818,0.0488205
16.0275,17.9845,-0.151732
17.0141,18.0605,-0.155849
17.9853,17.9853,0.0358379
18.9844,17.8949,-0.149641
0.00239875,18.9626,0.161278
1.02507,19.024,0.219044
2.00561,19.0333,0.0219275
2.99441,18.9698,-0.25067
3.98351,18.9993,0.0395856
4.97386,18.9845,0.0158513
5.94369,18.976,-0.0963347
6.93807,19.0731,-0.405435
7.97252,19.0556,-0.277377
8.99649,18.9946,-0.106467
9.99424,18.9928,-0.217594
10.9484,18.9504,0.0590533
12.0259,19.0005,0.225968
13.027,18.9599,0.0319254
14.0343,19.0106,0.0805048
15.0382,18.9908,0.171065
15.9647,18.9876,-0.143666
16.9927,19.032,-0.0897732
17.9542,18.9725,0.136332
19.0039,18.9168,-0.0530808
