0.0955138,0.0552965,-0.536708
0.0292947,1.31578,-0.543043
-0.013599,2.58275,-0.628205
0.0435408,3.80732,-0.62786
-0.00881375,5.09685,-0.542473
0.0072573,6.3482,-0.554979
0.10148,7.58618,-0.645936
0.0988678,8.81868,-0.723051
0.0930082,10.039,-0.701993
0.231458,11.1988,-0.729258
0.443925,12.3843,-0.691003
0.351653,13.5108,-0.73209
0.381411,14.524,-0.732752
0.230738,15.5277,-0.493741
0.131397,16.4112,-0.0884152
0.255626,17.3057,-0.627036
-0.118119,18.0932,-0.144505
-0.00711997,17.0865,-0.14427
0.115915,18.0034,0.40791
-0.0132969,19.0044,0.193576
0.908872,0.754857,-0.533103
0.841765,1.91701,-0.675414
0.855147,3.09214,-0.541331
0.970019,4.2259,-0.603345
0.990759,5.39954,-0.653749
1.02206,6.58536,-0.60893
1.08834,7.80105,-0.598618
1.12224,9.01943,-0.823618
1.15482,10.2265,-0.886694
1.27071,11.4453,-1.09448
1.33546,12.6169,-1.38759
1.31855,13.74,-1.20214
1.39395,14.7019,-0.854289
1.28225,15.6947,-0.614216
1.11961,16.6572,-0.178094
1.22681,17.297,-0.920991
0.912516,18.0116,-0.221162
0.969069,17.0124,-0.414542
1.05877,18.0237,-0.0885739
0.989346,19.0557,-0.0420576
1.85981,1.01242,-0.569875
1.82931,2.16198,-0.549367
1.85813,3.32168,-0.467406
1.94042,4.48391,-0.520731
1.95579,5.6981,-0.573431
2.032,6.93012,-0.584185
2.04288,8.16559,-0.669851
2.10283,9.41579,-0.854411
2.1044,10.6496,-1.09724
2.13472,11.923,-1.45028
2.08712,13.2069,-2.10697
2.08344,14.4989,-1.60648
2.10076,15.2911,-0.375399
2.12031,16.3284,-0.948235
2.03695,17.1733,-0.125263
2.16122,16.9831,-1.01668
1.95143,17.736,-0.268334
1.95707,16.9053,-0.78468
2.01284,17.8839,-0.398444
2.01773,18.9248,-0.162197
2.8613,0.705676,-0.637358
2.82814,1.84548,-0.516276
2.80734,2.97925,-0.503671
2.88232,4.09272,-0.559514
2.96482,5.33976,-0.530927
2.96627,6.45218,-0.656334
2.90865,7.65965,-0.697937
2.95102,8.85813,-0.784985
2.90224,10.0508,-0.778198
2.86366,11.1559,-1.13637
2.80063,12.3083,-1.46184
2.66033,13.4793,-1.26084
2.70944,14.4246,-0.630055
2.71055,15.4667,-0.586877
2.71259,16.4029,-0.0513138
3.11406,17.0275,-0.66581
2.79376,17.5117,0.230314
2.94433,17.1326,-0.685543
2.96601,18.0853,-0.275134
2.99846,19.0358,0.132893
3.85123,0.495141,-0.500012
3.8583,1.60168,-0.47749
3.81168,2.70245,-0.432185
3.83917,3.78273,-0.446495
3.86939,4.9381,-0.397803
3.87991,6.07908,-0.440754
3.8735,7.19055,-0.633226
3.78535,8.33502,-0.691516
3.7105,9.43271,-0.547084
3.6793,10.5435,-0.705325
3.51585,11.6366,-0.926548
3.42232,12.748,-0.816813
3.60198,13.7875,-0.632423
3.50471,14.7618,-0.335728
3.47176,15.7037,-0.0640309
4.0111,16.4461,-0.516263
3.68824,16.9734,0.232722
3.95837,17.2168,-0.756273
4.0071,18.159,-0.321793
3.9772,19.1367,-0.0920682
4.87549,0.309751,-0.359856
4.87943,1.39802,-0.485788
4.83471,2.48563,-0.487097
4.82209,3.56984,-0.462493
4.83064,4.5801,-0.289022
4.82463,5.66365,-0.389343
4.78748,6.81622,-0.42223
4.70658,7.87575,-0.366414
4.66736,8.908,-0.420444
4.48858,10.0061,-0.426527
4.34514,11.0539,-0.631709
4.28018,12.1013,-0.512665
4.44722,13.1392,-0.42508
4.38972,14.1235,-0.241929
4.36009,15.0592,0.0832575
4.88534,15.8654,-0.393994
4.69987,16.641,0.17542
4.98672,17.192,-0.574154
4.99658,18.1657,-0.367934
4.96578,19.0837,0.112406
5.88378,0.165572,-0.452477
5.87379,1.21281,-0.44669
5.85022,2.27286,-0.514704
5.81978,3.37787,-0.315409
5.82414,4.43156,-0.27459
5.82682,5.45969,-0.414966
5.71724,6.52725,-0.313215
5.6778,7.56764,-0.448262
5.58987,8.63533,-0.550691
5.51754,9.65191,-0.340074
5.35716,10.6748,-0.408237
5.32154,11.6965,-0.462896
5.37218,12.7011,-0.267229
5.37713,13.671,-0.422266
5.28811,14.6177,-0.101682
5.83509,15.5004,-0.324836
5.68572,16.4063,0.0779901
6.02155,17.2208,-0.356044
6.079,18.232,-0.478112
6.01113,19.0078,0.132737
6.87175,0.130525,-0.586062
6.89926,1.14275,-0.561031
6.88952,2.19578,-0.375518
6.73909,3.15139,-0.01901
6.84614,4.18006,-0.23578
6.82177,5.29362,-0.15262
6.75583,6.33221,-0.189642
6.64323,7.36973,-0.16816
6.5667,8.33977,-0.311402
6.47703,9.32654,-0.148329
6.38531,10.3708,-0.281137
6.35063,11.4031,-0.28052
6.37561,12.405,-0.1691
6.4074,13.4416,-0.222849
6.33023,14.4635,-0.0812586
6.75647,15.3494,0.00821253
6.73941,16.3274,0.128013
7.02847,17.0779,-0.49245
7.07624,18.0984,-0.525205
7.02017,18.9761,-0.0537095
7.83255,0.0172094,-0.308661
7.94491,1.03636,-0.30951
7.87456,2.0307,-0.356932
7.71547,3.04715,-0.261504
7.85182,4.05444,-0.206864
7.78517,5.10816,-0.357952
7.77486,6.14848,-0.0993652
7.68836,7.1571,-0.224073
7.5897,8.19091,-0.180493
7.54641,9.18783,-0.300397
7.44062,10.216,-0.352889
7.36606,11.2114,-0.208924
7.45289,12.2556,-0.205237
7.44273,13.2436,-0.257543
7.39577,14.2662,-0.193368
7.74959,15.1378,0.138838
7.8253,16.1393,0.144624
7.97125,17.1497,-0.0982727
8.08242,18.1178,-0.355916
8.04752,19.0506,0.0638874
8.8784,-0.0695303,-0.320795
8.99723,1.00021,-0.296164
8.86972,2.02571,-0.180389
8.75054,3.02709,-0.359911
8.84012,4.03959,-0.225999
8.7812,5.10554,-0.137336
8.81523,6.08377,0.0813196
8.71756,7.03769,-0.28001
8.68559,8.0565,-0.107395
8.64198,9.07911,-0.301672
8.50029,10.0958,-0.341499
8.40103,11.0777,-0.297949
8.43805,12.1188,-0.347859
8.44113,13.0938,-0.118339
8.37458,14.1052,0.0469436
8.75058,15.0567,-0.00341197
8.81133,16.0673,0.269893
8.98308,17.0657,0.215616
9.08733,18.0382,-0.17181
9.08614,19.0337,0.0543168
9.88319,-0.228965,-0.213126
9.99187,0.82205,-0.212497
9.86207,1.87019,-0.369729
9.74643,2.90002,-0.21951
9.86447,3.90224,-0.274483
9.76486,5.0105,-0.180493
9.81802,6.08508,-0.161898
9.69807,7.11337,-0.0505448
9.71256,8.13612,0.100513
9.66093,9.06152,-0.203845
9.57227,10.0061,-0.446635
9.4422,11.0012,-0.388574
9.47296,11.9928,-0.293002
9.48911,13.0387,-0.310752
9.42251,14.0844,-0.0632282
9.75542,15.0488,-0.00174566
9.8604,16.1296,0.0794153
10.0245,17.1074,0.314731
10.0419,18.0875,0.159334
10.1004,19.0646,0.222459
10.9251,-0.0540025,-0.352132
10.9542,0.945363,-0.263305
10.868,1.93995,-0.360802
10.7417,2.94675,-0.32884
10.827,3.94903,-0.0431471
10.7778,4.96446,0.0594256
10.8229,5.99351,-0.0289804
10.741,7.05494,-0.129023
10.7011,8.05661,-0.143785
10.7137,9.05705,-0.350295
10.5861,10.0616,-0.37358
10.4745,11.0742,-0.223872
10.5469,12.0665,-0.323017
10.5487,13.0544,-0.12776
10.5178,14.0876,0.0175909
10.7331,15.0879,0.116169
10.893,16.0462,-0.0610431
11.0065,17.0003,0.295169
11.035,18.0054,0.0843837
11.1038,19.0426,0.124119
11.9295,0.0191443,-0.216776
11.9638,1.06585,-0.269216
11.8401,2.06908,-0.244096
11.8052,3.07298,-0.302387
11.7996,4.05814,-0.00683004
11.8261,5.06123,0.136674
11.8994,6.09251,0.0302286
11.7304,7.02246,-0.384695
11.7552,8.06946,-0.266247
11.8315,9.08694,-0.321397
11.6311,10.0706,-0.50943
11.5177,11.0198,-0.290051
11.5985,12.0389,-0.228062
11.5843,13.059,-0.226893
11.6375,14.0785,0.0264473
11.7566,15.062,0.156679
11.9441,16.0593,0.0425123
11.9577,17.1023,-0.115799
12.016,18.1236,-0.153368
12.1089,19.0625,0.202445
12.9671,0.0316355,-0.173296
12.9814,1.04172,-0.116343
12.8432,2.05069,-0.200281
12.7655,3.06443,-0.0978759
12.8241,4.10324,0.145604
12.8575,5.09839,0.0369793
12.8149,5.99932,-0.374615
12.7731,7.05332,-0.461473
12.8012,8.03965,-0.414972
12.8518,9.05776,-0.395611
12.7223,10.0589,-0.40444
12.5461,11.067,-0.373952
12.5863,12.0674,-0.212116
12.6492,13.0684,-0.187732
12.6544,14.0521,0.0796747
12.8136,15.0635,0.128706
12.9404,16.0713,0.157741
12.9929,17.0953,0.0437147
13.0754,18.0903,-0.136152
13.1085,19.1022,-0.141511
13.9807,-0.0707968,0.000500504
13.934,0.884829,-0.344914
13.8732,1.94492,-0.183584
13.795,2.94402,-0.119843
13.848,3.98675,-0.0216376
13.9054,5.00762,0.00969878
13.8505,6.0029,-0.269445
13.7965,7.02149,-0.490564
13.8791,8.0543,-0.407031
13.8576,9.09765,-0.518522
13.7183,10.043,-0.266427
13.5733,11.0551,-0.3137
13.5767,12.088,-0.0567522
13.739,13.0821,-0.174023
13.7554,14.036,-0.00112308
13.8711,15.0144,0.184194
13.9788,16.0029,0.140327
14.0331,17.0041,-0.0704917
14.1374,18.001,-0.24384
14.1213,18.9702,-0.128678
15.0028,-0.037373,-0.167254
14.8905,0.929356,0.00869778
14.8688,1.93792,0.0223945
14.8422,2.91863,-0.260918
14.8589,3.91207,0.0700919
14.8739,4.92016,-0.128773
14.9305,5.94577,-0.11287
14.8165,6.94789,-0.322929
14.915,7.99579,-0.509967
14.8951,8.97978,-0.407401
14.8373,10.0534,-0.308032
14.6749,11.0637,-0.298245
14.6779,12.1261,-0.167025
14.7871,13.1048,-0.134059
14.8269,14.0754,0.114563
14.885,15.0573,-0.0816553
14.9798,16.0813,-0.132734
15.0454,17.0708,-0.220026
15.138,18.1082,-0.0370556
15.0907,19.1612,-0.0906919
15.9695,-0.155824,0.00694906
15.9524,0.89093,-0.195535
15.9022,1.90073,0.00929899
15.8689,2.91433,-0.249413
15.8518,3.87821,0.0253121
15.8937,4.97855,0.0296609
15.9745,5.97682,-0.239354
15.8403,6.94876,-0.37517
15.9568,7.97504,-0.514591
15.9306,8.97687,-0.448372
15.8181,10.0277,-0.497766
15.7399,11.0087,-0.283688
15.7425,12.0115,-0.152565
15.8038,13.0327,-0.117566
15.8422,13.9838,0.153145
15.8902,15.031,-0.0466933
16.0179,16.0541,-0.0856288
15.9685,17.006,0.212665
16.1128,18.0106,0.135228
16.0584,19.0733,0.235261
17.0465,-0.0615711,-0.0181005
16.9705,0.923789,-0.0409925
16.8906,1.947,-0.0712546
16.8935,2.96254,-0.186743
16.8506,3.92328,-0.111893
16.9211,4.93169,0.0172308
16.9943,5.9154,-0.30108
16.8578,6.92762,-0.116996
16.968,7.9325,-0.327097
16.9456,8.96511,-0.457921
16.881,9.99645,-0.461156
16.7832,10.9567,-0.41258
16.7956,11.9679,-0.342473
16.8407,12.9468,-0.14449
16.873,14.0296,-0.0670614
16.9051,15.0769,-0.167946
16.9981,16.0201,0.226811
17.0159,17.0732,0.180071
17.124,18.1301,0.3271
16.9978,19.0909,0.577972
18.0919,-0.132963,-0.0268746
18.0019,0.904877,0.144942
17.8983,1.94495,0.0441572
17.9631,2.90542,-0.267077
17.9074,3.96382,-0.192697
17.9426,4.95942,-0.141374
17.9833,5.9537,-0.3648
17.8676,6.95806,-0.407974
18.0243,7.96551,-0.395965
17.9879,9.01162,-0.62598
17.897,10.0354,-0.604083
17.8067,11.0619,-0.515036
17.8978,12.0803,-0.501248
17.8205,13.0274,-0.138475
17.9176,14.0138,0.0773705
17.8986,15.0429,-0.0934965
17.9919,15.9149,0.419776
18.0358,16.8903,0.115992
18.1163,17.864,0.392511
17.9641,18.8428,0.298843
19.1373,0.0205298,-0.158119
18.9949,1.01831,-0.147038
18.9435,2.02544,-0.0519944
18.9674,3.02456,-0.223093
18.9259,4.02594,-0.19017
18.9656,5.05556,-0.240718
19.0038,6.0609,-0.406854
18.8902,7.05751,-0.50426
19.032,8.03677,-0.523768
18.9673,9.05656,-0.429786
18.9321,10.0521,-0.401312
18.8847,11.0419,-0.529719
18.9912,12.0694,-0.566402
18.8966,12.9896,-0.156182
18.9311,13.9971,-0.0632405
18.9269,14.9855,0.0669393
19.0619,15.9334,0.382885
18.9965,16.9286,0.365368
19.1169,17.9695,0.27542
18.986,18.9818,0.212296
