12.1561,13.881,-10.2782
1.94238,25.4544,1.87503
-2.90287,10.8505,-9.62999
2.1855,-16.2432,2.19547
-7.87552,5.5398,-15.061
1.359,-26.8609,-14.4288
15.9598,-7.72029,17.3394
-8.00066,1.63863,9.60279
-9.20501,18.9796,6.26694
5.0151,18.874,-1.63077
6.41128,11.819,-10.4171
2.77402,14.8486,-4.53644
0.855977,5.19663,-5.18114
1.08654,-5.48078,-2.87703
-1.95201,-3.71961,-9.28209
2.78577,-13.5862,-6.07105
7.45501,-6.30489,5.14855
1.88171,4.27966,4.25787
4.93258,15.4359,-0.631407
19.3288,18.736,-9.39607
6.35466,7.4398,-16.6895
4.30429,8.96557,-11.2328
3.00232,4.16041,-8.85839
2.10597,-0.670913,-6.24306
0.918714,-3.02763,-5.81663
2.74592,-5.80797,-2.7182
3.78559,-0.642738,2.01381
2.53378,6.62339,2.98469
2.47043,13.6378,3.14652
6.37704,18.807,0.724366
7.27198,3.21391,-24.1642
5.61491,4.84009,-18.0527
4.16508,3.48433,-13.2218
2.97005,1.72609,-9.02844
1.95647,0.716254,-5.21811
1.92594,0.277865,-1.23407
1.28236,4.45329,2.34306
-0.528764,9.81285,4.89984
-2.81317,15.1002,7.38429
-6.00775,19.4441,10.6587
8.77096,-0.974026,-32.9626
6.79896,1.63621,-24.2476
4.97089,2.54296,-16.9308
3.41232,3.63919,-10.7345
2.13389,4.30508,-5.30022
1.13442,5.11783,-0.493136
-0.446977,8.58926,3.47071
-2.91652,13.0102,7.17573
-7.763,17.3377,11.5102
-18.493,20.7602,20.8163
10.8556,-5.19616,-44.0337
5.08179,0.923127,-21.581
3.35945,2.58993,-12.4314
2.137,5.16403,-6.70193
1.39139,7.37709,-2.64213
1.68791,8.36485,0.521259
1.91531,9.98543,3.03679
1.95233,12.1874,4.80956
2.20771,15.4751,2.97404
6.44405,19.6553,-7.12535
-13.0301,28.1112,9.79743
-0.704154,7.11965,0.344664
1.56454,3.30342,-3.7701
0.298798,7.41213,-1.25233
0.329795,10.6994,1.07512
2.21387,11.2366,2.60399
4.41638,10.9241,3.43518
6.81389,10.3057,3.62647
11.0001,8.55801,1.94092
19.6411,1.79107,-0.00622272
12.8242,-35.7604,23.7107
8.52208,-12.1581,10.6222
1.05661,0.637321,3.80626
-2.0451,10.5177,4.21104
-0.977245,14.7886,4.82253
2.57534,14.1427,4.8581
6.49731,12.1585,4.58846
10.674,9.54045,4.05983
15.8906,6.23638,3.77594
22.3977,1.00905,4.64281
-8.33115,5.40873,-8.21897
20.1979,-0.393246,3.93297
-6.65211,11.3798,-2.98975
-5.98541,20.1283,6.75015
-2.5618,20.1585,8.02296
1.07088,17.7096,6.95878
4.84412,15.186,5.87776
8.71077,12.817,4.79061
12.7305,11.4799,3.37115
12.9749,16.5911,1.58431
24.2114,-1.80005,3.18322
56.9678,-8.83586,14.3183
-33.6009,22.8747,-13.0005
-7.73229,32.2396,15.3892
-4.41964,25.7642,11.5126
-0.855473,21.3851,9.08946
2.87689,18.0335,7.25497
6.47704,15.3457,5.77332
9.80225,13.7443,4.32014
11.4303,14.9732,2.75339
