3.484,5.10873,0.467544
2.89433,5.05256,-0.347969
2.09875,4.63313,0.141334
2.65339,5.36979,-0.166066
2.27963,6.08238,0.458107
2.2011,5.23414,0.964867
1.45302,5.74928,0.54163
1.92608,6.49055,0.0532304
2.5421,6.6269,-0.763646
3.47554,6.92728,-0.428352
3.44005,4.11801,0.633314
3.29209,4.08979,-0.403534
3.02007,4.53217,0.492193
2.91858,5.51215,0.803766
3.20409,6.06993,0.0313364
2.61103,5.22558,0.0610584
2.46431,6.00653,0.619449
1.61524,6.33772,1.01726
2.2046,6.34435,0.175817
3.11898,6.70185,0.503824
4.07964,3.32806,0.55996
3.19932,3.19814,0.0821528
3.78089,3.89899,0.623972
3.02109,4.49922,0.860778
3.53855,5.26005,0.483453
2.79222,5.45151,1.07588
3.36266,5.67528,0.286059
2.46414,5.97768,0.614405
3.08197,6.74894,0.43889
3.02499,5.7926,0.00783105
3.07727,3.20082,0.539817
3.99603,2.84183,0.528095
4.10844,3.4903,-0.231855
3.63611,4.3294,0.0676016
2.76813,4.76593,0.133287
3.39785,5.50077,0.332392
3.30482,5.20621,-0.598834
3.36676,6.01778,0.0908444
3.97268,6.40667,0.783615
3.37968,5.64717,0.953035
3.87645,2.77634,0.927253
4.65508,2.09565,0.755354
4.63103,2.61014,-0.103177
3.94875,3.38834,-0.0253243
3.66105,4.35842,-0.143062
4.22318,4.90839,0.474914
4.31887,4.87324,-0.552828
4.32774,5.67486,0.0489547
4.92561,5.98571,0.772564
3.98207,6.25197,0.520896
4.59161,2.20652,0.400067
5.25512,2.91113,0.461098
5.5212,2.69066,-0.537733
4.95676,3.17436,0.198444
4.52567,4.13151,0.301923
4.85235,4.94075,-0.375414
4.40749,5.86223,-0.619138
5.34575,5.74129,-0.244884
5.51731,6.60705,0.286438
4.61625,7.00233,0.39331
5.14928,2.98145,-0.038847
6.02946,2.4736,-0.00432142
6.26722,3.39012,-0.315833
5.262,3.60623,-0.642915
5.30735,4.46361,-0.229112
5.52537,5.27618,0.335011
5.40088,5.69952,-0.626603
4.66534,6.40267,-0.584066
4.93396,7.22446,-0.122327
4.9773,7.95878,0.583743
5.35865,3.39799,0.89603
6.26585,3.27932,0.525388
5.68607,4.09277,0.256664
5.93084,4.3798,-0.663485
5.51032,5.33579,-0.599875
6.13996,5.90522,-0.0942869
5.51968,6.63629,-0.346175
4.97986,6.08484,0.335386
5.5131,6.8753,0.668954
5.80543,7.64524,0.091934
5.68752,3.99636,0.121485
6.29344,3.4854,-0.457088
5.96296,4.38216,-0.676431
6.74198,4.95457,-0.385998
6.28781,5.7702,-0.0364513
6.4152,6.55846,0.586831
5.96278,7.40801,0.0619129
5.8942,6.40454,0.0871456
5.74385,7.34828,-0.189898
6.8178,7.63107,-0.163292
6.70948,4.10761,-0.116898
7.12195,3.1625,-0.0450575
6.28751,3.7603,0.0219001
5.93858,4.43242,-0.632224
6.31283,4.77122,0.19686
6.3153,5.74074,-0.031193
5.63216,6.44363,0.187436
5.83696,7.16597,-0.552834
6.56879,6.84673,0.000909452
7.38539,7.02983,0.502304
