-0.219074,0.938176,-0.726133
0.00818812,1.54569,0.0108005
-0.0289499,2.54183,0.155083
-0.0476028,3.5574,0.0511612
-0.237333,4.56061,-0.17488
-0.101364,5.57224,-0.32794
-0.160402,6.58031,-0.222098
-0.180764,7.60343,-0.0925474
-0.0970458,8.60464,-0.212601
-0.248833,9.44293,-0.723792
-0.165984,10.4238,-0.891293
-0.169613,11.3568,-0.532026
-0.260805,12.3372,-0.760601
-0.217789,13.3536,-0.748976
-0.189157,14.3105,-1.08971
-0.142357,15.3016,-0.838099
-0.195035,16.2993,-0.642625
-0.291174,17.1455,-0.0888546
-0.151741,18.1132,0.134175
0.051619,19.108,-0.0347789
0.0318827,20.121,-0.36534
-0.222556,20.9944,0.0693655
-0.187002,22.0002,-0.115827
-0.124,22.9582,0.381167
-0.102414,23.8046,-0.239552
-0.200568,24.7427,0.221656
-0.0809961,25.7268,0.0435377
-0.00893887,26.6857,-0.22692
-0.186447,27.6668,-0.415409
-0.158562,28.6466,-0.26783
0.821879,1.05533,-0.625755
1.00455,1.82549,0.0141301
1.02906,2.82508,0.0849544
0.920985,3.81767,0.0657949
0.753728,4.73951,-0.341746
0.926963,5.81708,-0.303214
0.877505,6.80859,-0.239637
0.884838,7.79071,-0.195169
0.88197,8.77271,-0.519361
0.845741,9.72763,-0.88243
0.81916,10.7345,-0.926872
0.847557,11.581,-0.372048
0.723399,12.4075,-0.964879
0.787445,13.4329,-0.926322
0.797238,14.3879,-1.38836
0.897369,15.3121,-0.955782
0.801971,16.1067,-0.314689
0.787194,17.1348,-0.127458
0.864089,18.1428,-0.116794
1.04131,19.0385,0.156099
1.05917,19.9411,-0.335755
0.733726,20.8776,-0.253871
0.79444,21.8698,-0.390869
0.861168,22.72,0.249718
0.877825,23.7176,0.045793
0.841047,24.6999,-0.00407117
0.895853,25.7063,0.122678
1.07797,26.6269,-0.192056
0.795532,27.5585,-0.507718
0.869958,28.5099,-0.169991
1.76326,1.48562,-0.577429
1.94752,2.21791,0.0621204
1.94939,3.15454,-0.28963
1.91432,4.05424,0.0830164
1.78406,4.96878,-0.288809
1.94258,5.93414,-0.390344
1.84584,6.96883,-0.229539
1.89246,8.0075,-0.183297
1.88142,8.88445,-0.6888
1.87422,9.82971,-1.00326
1.85036,10.8055,-0.848125
1.90683,11.7063,-0.419269
1.73099,12.5961,-0.844838
1.75759,13.6091,-1.12202
1.74807,14.4523,-1.6055
1.8939,15.2948,-0.999954
1.85513,16.1238,-0.33393
1.76987,17.0932,-0.172497
1.8411,18.0811,0.202875
2.03139,18.9291,-0.246437
2.07205,19.9089,-0.210459
1.77204,20.8558,-0.230155
1.80312,21.8387,-0.541752
1.82099,22.7241,-0.0501724
1.88292,23.6785,0.268917
1.7929,24.6724,0.375887
1.91915,25.6839,0.132163
2.12982,26.5807,-0.37181
1.79107,27.5216,-0.277453
1.92843,28.5308,-0.355004
2.78286,1.60364,-0.502255
2.95554,2.36371,0.15168
2.92698,3.33836,-0.132756
2.87595,4.26421,0.215909
2.80082,5.21378,-0.147362
2.91766,6.24356,-0.152864
2.8727,7.22551,-0.319446
2.85329,8.26115,-0.318821
2.90476,9.19229,-0.629981
2.885,10.1136,-1.08669
2.82786,11.0443,-0.808475
2.88373,11.9724,-0.453935
2.73946,12.7095,-1.09033
2.78919,13.7932,-1.00334
2.74451,14.6182,-1.58124
2.90405,15.3764,-0.929344
2.88047,16.1286,-0.266225
2.84341,17.1319,-0.299277
2.81222,18.0755,0.0395306
3.10045,19.0288,0.0254646
3.12525,20.0417,-0.198898
2.74828,20.8744,0.125202
2.7672,21.7802,-0.221686
2.87861,22.7146,0.0681021
2.92716,23.7191,0.159178
2.82556,24.7244,0.370385
2.99153,25.6727,0.106214
3.09957,26.6769,-0.245817
2.78307,27.5786,-0.545973
2.96364,28.5581,-0.605573
3.76182,1.87164,-0.506946
3.99245,2.58275,0.185531
3.92832,3.5875,-0.0430494
3.88339,4.49657,0.348183
3.8479,5.42652,-0.122956
3.90752,6.42738,-0.0159795
3.85445,7.38098,-0.466369
3.81393,8.42496,-0.695282
3.87178,9.45023,-0.803952
3.85385,10.3985,-1.13095
3.72786,11.3733,-1.09164
3.87695,12.2575,-0.56072
3.69968,12.9334,-1.31331
3.83693,13.9142,-1.03256
3.76411,14.7005,-1.64054
3.95729,15.4772,-1.04536
3.92693,16.0584,-0.200848
3.91301,17.0585,-0.285717
3.79788,18.0081,0.12169
4.168,18.9449,0.0638386
4.11728,19.9507,0.0432569
3.75272,20.8758,0.131733
3.75683,21.7526,-0.391299
3.89167,22.6839,0.0444411
4.01106,23.759,0.213657
3.79087,24.709,-0.0211432
3.97248,25.739,-0.0620045
4.09105,26.7104,-0.241972
3.82277,27.5348,-0.801971
4.03006,28.5708,-0.75374
4.73421,2.17608,-0.531355
5.01796,2.74866,0.237565
4.9227,3.71002,0.148689
4.89642,4.69941,0.258571
4.89917,5.5515,-0.248735
4.93785,6.58834,-0.233174
4.87548,7.59734,-0.412525
4.86702,8.54017,-0.735438
4.93097,9.54744,-0.797958
4.88094,10.5153,-1.11573
4.73038,11.5454,-1.10664
4.89364,12.4013,-0.54651
4.71014,12.9422,-1.36345
4.87274,13.8665,-0.972256
4.801,14.6284,-1.63212
4.98751,15.5324,-1.23159
4.96811,15.9764,-0.355547
4.89264,16.9102,-0.0357952
4.72967,17.9067,-0.190057
5.19072,18.8019,-0.101495
5.14953,19.7956,0.0466506
4.75741,20.6972,-0.0893704
4.78394,21.6771,-0.262383
4.906,22.6314,0.0759484
4.99558,23.6659,0.107422
4.75499,24.6179,-0.147014
4.99965,25.5777,-0.22389
5.05355,26.5713,-0.485113
4.82906,27.5401,-0.785043
5.03374,28.534,-0.485427
5.79438,2.37954,-0.490585
6.0366,2.93574,0.315326
5.87597,3.91501,0.359017
5.87421,4.88855,0.199506
5.8977,5.70076,-0.413337
5.947,6.73024,-0.38681
5.90847,7.71347,-0.472182
5.88636,8.72871,-0.819279
5.912,9.78335,-0.744761
5.89019,10.7556,-1.1247
5.68539,11.7123,-1.35821
5.90092,12.5464,-0.832066
5.69937,13.2066,-1.61113
5.8845,14.0498,-1.0943
5.81968,14.7198,-1.90433
5.97706,15.4124,-1.21242
5.96711,16.0177,-0.377975
5.86343,16.9648,-0.304706
5.7258,17.9191,-0.328184
6.17342,18.7331,0.0874813
6.17437,19.7041,0.0308145
5.80371,20.6668,-0.140052
5.73222,21.6458,0.115152
5.91828,22.6657,0.0130192
5.99172,23.6737,-0.168096
5.74171,24.6195,-0.026899
5.97746,25.4461,-0.56552
6.14742,26.475,-0.594183
5.87786,27.4164,-0.840211
6.00705,28.2401,-0.297604
6.85784,2.38997,-0.380862
7.01156,3.17948,0.325404
6.91787,4.17993,0.488794
6.8715,5.14837,0.101334
6.90166,6.06506,-0.327882
6.92926,7.04526,-0.535212
6.91541,8.07982,-0.550255
6.90449,9.10183,-0.626426
6.90637,10.1079,-0.596039
6.87557,11.0887,-0.935401
6.70535,12.0175,-1.26815
6.85756,12.9033,-0.89714
6.71802,13.2738,-1.81551
6.91978,14.1575,-1.3325
6.84383,14.8858,-2.05097
7.04044,15.4575,-1.29074
6.99423,15.9118,-0.429017
6.85053,16.9166,-0.434681
6.76293,17.8671,-0.120981
7.17006,18.8117,-0.198935
7.15286,19.7407,0.170479
6.7977,20.6559,-0.0839991
6.72308,21.6356,0.126923
6.93913,22.6512,0.115998
7.0337,23.6333,-0.179925
6.75882,24.5775,-0.132356
6.98979,25.4045,-0.750526
7.14625,26.3855,-0.642842
6.91501,27.357,-0.717026
7.02769,28.354,-0.436024
7.87884,2.55412,-0.288653
8.07412,3.4452,0.197906
7.91538,4.41033,0.278512
7.90616,5.46103,0.146895
7.88998,6.26531,-0.461266
7.94228,7.29678,-0.619227
7.94164,8.33541,-0.670391
7.90263,9.30176,-0.685321
7.90181,10.3769,-0.564705
7.86166,11.3456,-0.873403
7.67428,12.3406,-1.20218
7.77237,13.3251,-1.04136
7.72655,13.471,-2.02022
7.94774,14.2662,-1.43439
7.84478,14.8916,-2.23425
8.06139,15.1451,-1.3133
8.01837,15.9232,-0.679611
7.8345,16.9912,-0.71471
7.79207,17.8647,-0.232475
8.16778,18.8147,-0.231663
8.09951,19.8486,-0.157567
7.79463,20.801,-0.0783013
7.71539,21.7048,0.384713
7.9528,22.5656,-0.10343
8.08605,23.6106,-0.16191
7.74372,24.6258,-0.0584765
7.95201,25.5058,-0.467721
8.19119,26.4923,-0.318516
7.9514,27.4205,-0.694259
8.08368,28.3816,-0.48984
8.86296,2.79825,-0.0341838
9.00922,3.62898,0.493234
8.94171,4.58562,0.185519
8.89804,5.62922,-0.0456923
8.89292,6.48972,-0.59689
8.87789,7.52737,-0.427985
8.90593,8.56994,-0.559297
8.94617,9.59359,-0.670952
8.78617,10.5072,-1.02921
8.82662,11.4974,-1.12983
8.69326,12.5217,-1.22585
8.75334,13.5721,-1.17539
8.73013,13.7304,-2.15372
8.96942,14.4745,-1.50026
8.85043,14.9335,-2.36589
9.07486,15.3713,-1.50389
8.99449,15.9687,-0.728489
8.84721,16.9375,-0.580084
8.81415,17.9562,-0.362578
9.16646,18.8383,-0.0335154
9.10453,19.8097,-0.354796
8.81641,20.703,0.105448
8.65998,21.775,0.0886471
8.91856,22.7461,0.14745
9.09994,23.7571,-0.0514389
8.69953,24.704,0.209003
8.96462,25.4811,-0.374261
9.21834,26.4572,-0.485327
8.87825,27.3477,-0.246849
9.13352,28.3186,-0.470766
9.88526,2.79539,-0.152239
10.0294,3.72038,0.326688
9.92047,4.71281,0.17362
9.90419,5.71536,0.00317087
9.90866,6.64921,-0.464461
9.90318,7.63981,-0.673293
9.91342,8.69494,-0.704392
9.96272,9.67857,-0.734278
9.81927,10.6049,-1.08856
9.91635,11.5952,-1.26936
9.70472,12.5663,-1.12804
9.81276,13.5608,-1.29618
9.76881,13.8778,-2.26177
9.96723,14.403,-1.42672
9.90565,14.8374,-2.3302
10.0871,15.1966,-1.39814
9.83224,16.1595,-1.23111
9.81905,17.1084,-0.862456
9.82613,17.8382,-0.205441
10.1488,18.7901,-0.282635
10.1215,19.7606,-0.0958647
9.85856,20.7496,0.057091
9.64434,21.7239,-0.0839747
10.0045,22.7151,0.0613971
10.0839,23.7072,-0.113303
9.70264,24.615,0.146925
9.98361,25.4552,-0.311707
10.2348,26.3811,-0.585595
9.87923,27.2888,-0.463997
10.1652,28.2182,-0.288565
10.9238,2.83324,0.0537217
11.0567,3.7776,0.273522
10.9381,4.74372,0.0399518
10.9303,5.7273,-0.0299844
10.9426,6.77117,-0.260463
10.9708,7.63147,-0.739003
10.9385,8.60802,-0.85667
10.9971,9.63687,-0.682583
10.8436,10.5622,-1.05751
10.9585,11.5608,-1.19441
10.7919,12.5737,-1.29296
10.9017,13.5669,-1.43158
10.8086,13.9153,-2.34751
10.9492,14.4514,-1.50928
10.9624,14.8114,-2.44097
11.0798,15.2457,-1.55723
10.7675,16.2228,-1.55549
10.8057,17.1823,-1.10065
10.7648,17.9984,-0.55298
11.2283,18.8908,-0.449965
11.0558,19.8823,-0.52747
10.9102,20.6814,0.169082
10.679,21.6644,-0.0920377
10.9602,22.5638,0.240425
11.1126,23.4946,-0.0533555
10.7312,24.4624,-0.207642
10.9673,25.3956,-0.474416
11.2584,26.3502,-0.601553
10.8933,27.2468,-0.38309
11.1375,28.2055,-0.128095
11.8881,3.00938,0.200885
12.0294,3.94329,-0.12143
11.9906,4.92159,0.212156
11.9134,5.91004,-0.0454604
11.9632,6.85382,-0.326182
11.9637,7.80494,-0.669515
11.9094,8.80059,-0.543507
11.9694,9.72608,-0.930131
11.902,10.7124,-1.03545
11.9235,11.6535,-1.51922
11.8301,12.6847,-1.49369
11.9335,13.6807,-1.39788
11.8493,13.9936,-2.36957
11.9421,14.5612,-1.56189
11.9802,14.747,-2.53909
12.0752,15.3268,-1.74794
11.7449,16.3237,-1.57279
11.8363,17.2632,-1.14069
11.7736,17.8398,-0.335328
12.2229,18.7708,-0.406525
12.0478,19.775,-0.476684
11.942,20.6196,0.00977508
11.7354,21.6452,0.0169866
12.0472,22.5283,0.352049
12.107,23.4237,-0.0524461
11.7737,24.3885,-0.29227
11.9312,25.3857,-0.21131
12.2447,26.2804,-0.484246
11.9729,27.2824,-0.438401
12.1713,28.255,-0.175076
12.9194,2.98423,0.0248543
13.026,3.97323,-0.125675
13.0429,4.88474,0.326704
12.9464,5.89739,0.0388958
12.9214,6.87891,-0.147047
12.9973,7.76583,-0.597244
12.9207,8.75818,-0.323554
13.0193,9.67466,-0.835685
12.9311,10.6734,-0.890918
12.9526,11.6194,-1.29715
12.8543,12.6543,-1.30153
12.9739,13.661,-1.37011
12.8942,13.9752,-2.29246
13.0027,14.544,-1.43643
13.0133,14.6078,-2.44168
13.1353,15.3202,-1.74586
12.8417,16.2816,-1.52729
12.8144,17.2192,-1.15132
12.762,17.9295,-0.381164
13.1803,18.7439,-0.752843
13.0662,19.6733,-0.383694
12.9109,20.6409,-0.195596
12.733,21.6637,-0.264931
13.0843,22.4827,0.216941
13.0682,23.4913,0.331712
12.7966,24.3938,0.00833766
12.8985,25.2814,-0.42599
13.2154,26.2261,-0.399094
12.9489,27.1582,-0.106348
13.185,28.127,-0.348949
13.952,2.85823,0.0111362
13.8938,3.79106,0.415543
14.018,4.75139,0.106827
13.8986,5.70756,-0.203623
13.9454,6.70314,-0.432536
14.0255,7.7088,-0.377544
13.9586,8.70262,-0.600946
14.0616,9.67448,-1.00655
13.9615,10.6739,-1.09115
13.9426,11.6601,-1.16008
13.9129,12.6709,-1.45047
13.9974,13.6827,-1.29448
13.9731,13.7098,-2.33895
14.0247,14.4644,-1.66414
14.0053,14.657,-2.64423
14.1662,15.2674,-1.88108
13.8103,16.2648,-1.59621
13.8086,17.0797,-0.997678
13.786,17.9352,-0.432447
14.2129,18.8272,-0.674447
14.0763,19.6865,-0.0694784
13.9185,20.6461,0.0740135
13.7698,21.6523,-0.0286203
14.0816,22.5814,0.268877
14.1103,23.5521,0.515155
13.842,24.3937,0.0324625
13.9039,25.2745,-0.515763
14.2472,26.224,-0.345631
14.0236,27.141,0.0423658
14.1108,28.1597,0.106665
14.9342,2.9724,0.124418
14.8673,3.9623,0.221076
15.0405,4.85682,-0.18786
14.8724,5.8504,-0.106052
15.0027,6.81227,-0.242534
15.0908,7.79544,-0.497845
14.9901,8.78662,-0.78359
15.0391,9.78937,-0.643672
15.0455,10.6848,-1.03189
14.9584,11.6798,-1.23512
14.931,12.6965,-1.32267
14.9959,13.7103,-1.23939
15.0746,13.7397,-2.29143
15.0464,14.5046,-1.60747
15.0621,14.6508,-2.59552
15.2043,15.3169,-1.88269
14.8552,16.2355,-1.73232
14.867,16.8816,-0.91073
14.8039,17.8009,-0.392349
15.1132,18.7643,-0.292648
15.0903,19.694,0.107276
14.956,20.7293,0.138466
14.858,21.7168,-0.0372326
15.0644,22.6127,0.452889
15.1192,23.6358,0.326746
14.8518,24.5698,0.0314005
14.9113,25.3731,-0.555507
15.2905,26.2241,-0.247365
15.0839,27.1868,-0.0613269
15.1426,28.1518,0.338621
15.9948,2.91047,0.386215
15.9186,3.96374,0.421955
16.0874,4.85907,-0.0285989
15.872,5.87111,0.00274972
16.0613,6.82423,-0.333607
16.1329,7.81254,-0.520023
16.0483,8.78071,-0.764409
16.0554,9.80547,-0.783819
16.1117,10.7552,-1.02694
16.0079,11.7369,-1.15988
15.9555,12.7111,-1.39463
15.9518,13.7377,-1.63228
16.075,14.0116,-2.57427
16.0232,14.6721,-1.78626
16.0733,14.7132,-2.79587
16.1832,15.4658,-2.11473
15.8866,16.2043,-1.47376
15.8398,17.128,-1.11707
15.8642,17.9349,-0.460909
16.0401,18.7451,0.10325
16.1384,19.7665,0.193637
15.9044,20.685,-0.131208
15.8927,21.6294,0.110755
16.0589,22.6572,0.40542
16.1154,23.6566,0.593368
15.8563,24.3965,-0.0360942
15.8538,25.3655,-0.163234
16.2669,26.2451,-0.46577
16.1121,27.1847,-0.152458
16.1584,28.1015,0.336579
17.048,2.91365,0.34308
16.9074,3.92231,0.343962
17.0668,4.89665,0.141856
16.9815,5.89401,0.0112644
17.1216,6.76908,-0.482455
17.2016,7.79219,-0.525178
17.071,8.81645,-0.639726
17.0896,9.76901,-0.796133
17.1188,10.7243,-0.997781
17.0437,11.7083,-1.19874
16.963,12.7377,-1.15241
17.0045,13.7212,-1.49546
17.0956,14.0812,-2.48402
17.0693,14.7256,-1.69181
17.0474,14.6943,-2.69866
17.17,15.5549,-2.20383
16.8884,16.257,-1.47574
16.9158,17.1859,-1.08002
16.9078,17.8414,-0.339125
17.0867,18.4978,0.379711
17.1665,19.5284,0.285009
16.8503,20.4968,0.204169
16.9531,21.5524,0.198831
17.0468,22.5346,0.386523
17.093,23.5208,0.334968
16.8578,24.442,0.012009
16.8663,25.4508,0.126875
17.2353,26.3265,-0.205115
17.137,27.3112,-0.160735
17.2337,28.2815,0.187719
18.0024,2.67693,0.0141331
17.917,3.74553,0.206815
18.0237,4.71903,0.293173
17.9863,5.69416,-0.154332
18.157,6.61315,-0.469634
18.2354,7.68387,-0.343062
18.1333,8.64138,-0.563192
18.1673,9.68552,-0.659371
18.1225,10.701,-0.932759
18.0893,11.6537,-1.17649
18.0248,12.7199,-1.00611
18.0763,13.5872,-1.50468
18.1294,13.8987,-2.51856
18.0643,14.5281,-1.72983
18.0629,14.76,-2.70959
18.1914,15.4909,-2.02487
17.9535,16.3025,-1.46351
17.9545,17.2128,-0.989297
17.8807,17.834,-0.236503
18.1107,18.5635,0.36278
18.1642,19.5279,0.234462
17.8661,20.4769,0.247127
17.9709,21.5074,0.141475
18.0697,22.5025,0.309082
17.9862,23.397,-0.16516
17.8438,24.3079,0.204044
17.8676,25.3054,0.158678
18.2344,26.2281,-0.112506
18.0994,27.1959,0.0819575
18.2301,28.1019,0.537364
19.0242,2.63466,0.0373821
18.9313,3.60707,0.217716
19.1081,4.61545,0.170891
19.0311,5.59493,-0.0440535
19.1419,6.60068,-0.158489
19.2718,7.61049,-0.294623
19.1853,8.60443,-0.474352
19.2185,9.63683,-0.655931
19.1721,10.6348,-0.790078
19.1676,11.6267,-1.12581
19.0982,12.618,-1.04912
19.0935,13.5081,-1.44334
19.1576,13.7642,-2.46371
19.097,14.424,-1.64746
19.0402,14.5709,-2.66282
19.1836,15.2444,-1.88293
18.9406,16.0784,-1.31031
19.0118,17.0231,-0.948805
18.9316,17.6808,-0.215937
19.1787,18.5029,0.372774
19.2048,19.529,0.426429
18.8744,20.4693,0.185156
18.9825,21.4506,0.401639
19.1401,22.3994,0.12248
19.0084,23.3827,0.100681
18.8661,24.4281,0.259868
18.8977,25.3351,-0.109473
19.2738,26.1916,-0.458245
19.1269,27.0649,-0.00111087
19.2689,27.8383,0.545112
19.9986,2.53494,0.250563
19.9363,3.54957,0.245708
20.1753,4.53479,0.277044
20.062,5.49361,0.00871609
20.1711,6.48075,0.0313608
20.2929,7.42897,-0.366723
20.1434,8.40881,-0.685626
20.2444,9.41056,-0.63592
20.144,10.3952,-0.547673
20.1126,11.2915,-0.978378
20.0877,12.2985,-1.14463
20.0705,13.3145,-1.34045
20.1601,13.635,-2.28266
20.1021,14.235,-1.46864
20.0477,14.4678,-2.46004
20.1734,15.3693,-1.94631
19.9867,15.9591,-1.16532
20.0221,16.9269,-0.887063
19.9429,17.6777,-0.192123
20.1215,18.6777,0.0155614
20.1778,19.6765,0.263039
19.9107,20.6459,0.267452
19.9604,21.6217,0.450993
20.1346,22.5901,0.339903
20.0075,23.5655,0.231016
19.9145,24.5932,0.23357
19.955,25.5746,0.142207
20.2536,26.4632,-0.219199
20.0999,27.392,0.0465835
20.246,27.9912,0.852388
21.0573,2.27394,0.439232
20.8617,3.27086,0.361431
21.1486,4.22079,0.205393
21.0757,5.23902,0.0686697
21.1535,6.28127,0.0543809
21.3369,7.18135,-0.286233
21.1607,8.17295,-0.451991
21.2518,9.20429,-0.425382
21.185,10.1814,-0.533888
21.139,11.0913,-1.06114
21.0442,12.074,-1.43187
21.0106,13.0529,-1.12082
21.1202,13.2505,-2.13391
21.0792,13.9928,-1.48848
21.0382,14.4619,-2.37051
21.1628,15.3076,-1.82441
21.0111,16.0975,-1.22783
20.9724,17.1248,-1.11704
20.9626,17.8404,-0.446529
21.1845,18.7789,-0.213242
21.165,19.7505,0.0715629
20.9387,20.7252,0.2198
20.9447,21.7789,0.00457167
21.1302,22.68,0.481436
21.0593,23.7123,0.288144
20.9001,24.6763,0.153383
21.0505,25.6242,-0.0480209
21.2471,26.5178,-0.391568
21.1232,27.5066,-0.105899
21.2403,28.0562,0.80069
22.0142,2.26803,0.780425
21.888,3.22281,0.573363
22.1074,4.01118,-0.00458998
22.0102,4.95068,-0.273928
22.1527,5.9386,-0.026429
22.3039,6.95899,-0.0961516
22.1988,7.95303,-0.425559
22.2095,8.96532,-0.582516
22.1667,10.0277,-0.34438
22.1634,10.8829,-0.89689
22.011,11.815,-1.28823
22.0656,12.8175,-1.10689
22.1411,12.974,-2.11927
22.0503,13.7172,-1.42743
22.0389,14.3908,-2.20237
22.1802,15.3052,-1.85215
21.9755,16.2503,-1.53965
21.9519,17.1828,-1.09228
22.0276,17.8254,-0.333338
22.1981,18.8408,-0.194699
22.1293,19.7058,0.347118
21.9722,20.6993,0.178741
21.9149,21.6895,0.226859
22.1511,22.6758,0.227293
22.0043,23.6331,0.478701
21.9358,24.5856,0.0894223
22.1089,25.5743,-0.0695853
22.2807,26.5114,-0.282714
22.1512,27.4764,0.0169774
22.24,28.2585,0.713575
23.0243,1.98459,0.657735
22.8652,2.9599,0.567681
23.09,3.77857,-0.0724845
23.0718,4.79773,-0.161043
23.1929,5.80819,-0.173086
23.2561,6.74139,-0.491617
23.2162,7.78018,-0.500027
23.1781,8.76104,-0.687374
23.1775,9.70164,-0.330833
23.1537,10.5271,-0.909851
23.0024,11.4397,-1.26269
22.9904,12.4097,-0.987994
23.185,12.7881,-1.92871
23.0885,13.6153,-1.37563
23.0221,14.4258,-2.00691
23.1012,15.2732,-1.45702
22.9966,16.289,-1.45574
22.9446,16.9915,-0.790506
23.0461,17.9526,-0.465722
23.2816,18.8736,-0.212265
23.17,19.7681,0.124247
23.0452,20.758,0.212687
22.9389,21.7494,0.138343
23.1247,22.7402,0.125733
22.9677,23.7815,0.107855
22.932,24.7972,0.0541215
23.056,25.7948,-0.00825831
23.2478,26.6487,-0.475115
23.1642,27.3065,0.278076
23.2858,28.2705,0.517881
24.0832,2.06355,0.977404
23.9146,2.88603,0.45042
24.1009,3.55818,-0.295862
24.0978,4.54343,-0.186373
24.1737,5.52688,-0.232835
24.2669,6.47641,-0.404535
24.1694,7.47586,-0.702115
24.1078,8.39598,-0.329392
24.1167,9.38717,-0.459444
24.145,10.3452,-0.745814
23.9868,11.1788,-1.25256
23.9639,12.0685,-0.80791
24.1199,12.6302,-1.65376
24.0837,13.4858,-1.10408
23.9652,14.2634,-1.75737
24.12,15.0505,-1.17475
23.9677,16.0726,-1.06629
23.9636,17.0032,-0.60701
24.1605,17.9514,-0.387982
24.2822,18.9523,-0.388549
24.1966,19.8134,0.206018
24.1093,20.8194,0.162511
23.9259,21.8054,0.432798
24.0738,22.8642,0.420133
24.0107,23.838,0.132804
23.9776,24.8383,0.161205
24.0883,25.8281,0.123261
24.2047,26.7973,-0.242744
24.084,27.2452,0.647075
24.3465,28.1876,0.520536
25.0438,1.73085,0.78811
24.9701,2.73514,0.508802
25.0697,3.2688,-0.330665
25.0575,4.28531,-0.37759
25.1512,5.20498,-0.0122684
25.2221,6.2076,-0.229612
25.1593,7.14087,-0.614435
25.1137,8.15225,-0.515033
25.0911,9.14604,-0.428278
25.1216,10.1858,-0.462911
25.0245,11.1148,-1.00581
24.9871,12.054,-0.68428
25.1443,12.4821,-1.59769
25.122,13.3179,-1.03498
24.9301,14.2702,-1.39511
25.0412,15.0918,-0.811283
24.9803,16.1592,-0.864016
24.9785,17.0569,-0.435267
25.1843,18.0477,-0.45168
25.2716,19.0026,-0.188308
25.1638,19.9917,-0.0770013
25.1298,20.9293,0.161406
24.9492,21.9238,0.207071
25.1204,22.8982,0.31381
25.046,23.9275,0.0226203
24.975,24.9762,-0.115964
25.1177,25.9922,0.086697
25.2343,26.9047,-0.325336
25.1178,27.2762,0.632517
25.3411,28.3442,0.518744
26.0259,1.59239,0.647255
25.9337,2.53424,0.31316
26.0894,3.05488,-0.525965
26.0932,4.02899,-0.423905
26.1041,4.93037,0.115778
26.2515,5.93338,-0.152342
26.1706,6.91913,-0.464119
26.1177,7.93944,-0.365419
26.1435,8.98639,-0.3331
26.1308,9.97809,-0.499673
26.1278,10.9105,-0.894821
26.008,11.9225,-0.682208
26.1714,12.24,-1.64949
26.1233,13.1445,-1.11442
25.9959,14.151,-1.17774
26.0735,15.135,-0.935667
26.0431,16.1322,-0.814542
26.0102,17.1268,-0.654408
26.1834,18.1325,-0.678634
26.2998,19.1227,-0.415387
26.1704,20.1516,-0.154897
25.9732,21.1373,-0.414805
25.9256,21.9715,0.1889
26.1443,22.9586,0.150298
26.1249,23.9489,0.0572924
26.0022,24.9407,0.178683
26.1171,25.9594,-0.0721641
26.2385,27.0114,-0.268023
26.0754,27.6821,0.516068
26.3472,28.6301,0.655678
26.9979,1.52108,0.934788
26.92,2.13419,0.133015
27.1405,2.8697,-0.562764
27.1209,3.88777,-0.404651
27.1395,4.80151,0.0179083
27.2338,5.80307,-0.0707114
27.1841,6.78678,-0.249471
27.1182,7.77064,-0.367632
27.1253,8.77078,-0.379537
27.1587,9.77342,-0.469967
27.151,10.7473,-0.655531
27.0033,11.7218,-0.482629
27.1735,12.2352,-1.38662
27.2005,13.2305,-1.10179
26.9671,14.1621,-0.843577
27.0913,15.1718,-0.795975
27.0746,16.166,-0.800183
27.0661,17.1983,-0.539662
27.116,18.1668,-0.263543
27.2675,19.0697,-0.590664
27.2575,20.0733,-0.241035
26.9753,21.0187,-0.148866
26.9531,21.9894,0.17709
27.1714,22.96,0.0693411
27.1312,23.9262,-0.163909
26.9836,24.9684,-0.172332
27.0868,25.9469,-0.360692
27.2273,26.9446,-0.1653
27.0915,27.8184,0.314756
27.3558,28.558,0.990747
28.0021,1.46872,1.02545
27.9284,1.98591,0.151134
28.1329,2.58449,-0.584545
28.1063,3.57968,-0.466509
28.1082,4.43882,0.21702
28.1829,5.45155,0.110263
28.1723,6.45246,-0.176693
28.0618,7.42071,-0.0620991
28.0643,8.4019,-0.426829
28.1487,9.35838,-0.474969
28.0721,10.3612,-0.512378
27.9789,11.38,-0.504199
28.1957,12.157,-1.11818
28.1926,13.218,-1.12536
27.9637,14.1563,-0.830555
28.143,15.2126,-0.856429
28.0928,16.2128,-0.841835
28.0843,17.221,-0.581759
28.0989,18.2016,-0.522306
28.188,19.1522,-0.177212
28.2575,20.1249,-0.545201
28.0295,20.9116,0.100064
27.9523,21.8992,0.176397
28.167,22.8531,0.336344
28.1487,23.7936,0.0416913
28.0933,24.7947,-0.179647
28.0916,25.8437,-0.35584
28.2478,26.7589,0.0369854
28.1083,27.726,0.234501
28.3761,28.6118,0.667626
29.075,1.48715,1.0758
28.9557,1.92471,0.151894
29.1764,2.59312,-0.609751
29.1259,3.54811,-0.353319
29.1546,4.3573,0.216388
29.1858,5.36869,0.226765
29.1826,6.32886,-0.0771722
29.1212,7.32018,-0.0339
29.0797,8.25726,-0.456398
29.2051,9.25771,-0.51623
29.0832,10.2215,-0.251823
28.984,11.2238,-0.363671
29.1692,12.1228,-0.759087
29.1744,13.1426,-0.898727
29.0016,14.0904,-0.583251
29.1573,15.0796,-0.689181
29.0274,16.0904,-0.451421
29.1052,17.121,-0.442341
29.1406,18.0647,-0.745607
29.1792,19.0402,-0.396966
29.2675,20.0529,-0.53611
29.0516,20.8245,0.106561
29.0148,21.8495,0.136656
29.2462,22.8371,0.293884
29.1538,23.7789,-0.114573
29.0892,24.7902,-0.0908322
29.077,25.7835,-0.310779
29.2899,26.7451,-0.204752
29.1214,27.7327,0.0243751
29.3793,28.5605,0.494708
