0.00839259,-0.00971709,0.13997
0.982885,-0.00523087,-0.134526
1.96917,-0.0154698,-0.153212
2.97197,-0.025367,-0.123276
3.96091,0.0132237,0.120191
4.97,0.0556688,-0.0751335
5.99564,0.00854213,-0.157283
6.97265,0.0518632,0.234071
7.99944,0.0197943,0.183544
9.00274,0.076281,0.00347606
10.0341,0.0547777,-0.128675
11.0122,0.0410108,0.00187384
12.0365,0.0405042,0.015656
13.0459,0.0121403,-0.0625996
14.05,0.043495,0.0911344
14.9552,-0.0076693,-0.307599
15.9994,-0.0280313,-0.222868
16.9826,-0.0281259,-0.431172
17.9488,0.0115055,-0.0564898
18.9576,-0.00679647,0.143855
0.0268746,1.00682,0.0378796
1.03911,1.00005,0.17691
2.05407,0.938719,0.145408
3.07935,0.957006,0.0571062
4.09955,1.00525,0.0584338
5.07545,1.06892,-0.221757
6.01194,0.998169,0.191113
6.97302,0.997147,0.537068
7.95327,1.04576,0.310944
8.89597,1.10609,-0.0508469
9.96287,1.0463,-0.169109
10.9931,1.05387,0.0148808
12.0385,1.05719,0.132502
13.0499,1.06003,0.0842097
14.0334,1.03936,-0.0850795
15.0432,0.988241,-0.271551
16.0255,0.94771,0.0205023
17.0323,0.98337,-0.229026
18.0583,0.978512,-0.336567
18.944,1.06587,0.0756096
0.0104556,1.96721,0.195331
1.05455,2.01748,0.124845
2.05943,1.97151,-0.0408704
3.0634,1.97865,0.0417524
4.0829,2.01243,0.0417554
5.07094,2.08478,-0.208499
6.03745,1.99144,-0.018714
6.92027,2.00538,0.509339
7.90736,2.07974,0.286673
8.91515,2.12098,0.164556
9.93958,2.13139,0.0390912
10.9507,2.05314,-0.14051
11.9667,2.04591,0.0423597
12.9784,2.07228,0.377526
13.9855,2.02593,0.135582
14.9381,1.98476,-0.201245
15.9887,1.93196,-0.0389538
16.9725,2.0375,-0.245909
17.9455,2.02272,-0.146928
18.9424,2.08302,-1.83111e-05
-0.0578936,2.99949,0.409198
0.904184,3.02385,0.100479
1.92741,2.99749,-0.000674459
2.89818,2.95078,0.228547
3.93224,3.00814,0.205591
4.92018,3.09282,-0.121122
5.91425,3.0058,0.065743
6.9104,2.9668,0.213056
7.89771,3.07187,-0.0452345
8.89929,3.05868,-0.135182
9.92564,3.16868,0.106632
10.9713,2.99751,0.0358715
11.9913,2.98059,0.255632
12.9784,3.041,-0.0261422
14.0225,3.0111,-0.119871
15.0934,2.99251,-0.237855
16.0794,2.96246,-0.129142
17.0244,3.08569,-0.354982
18.0814,3.06262,-0.335588
19.1,2.98831,-0.420011
0.0322642,3.9062,-0.0097293
1.00629,4.03367,0.265236
1.99753,3.9983,0.0175665
3.01328,3.93287,0.0945219
4.01805,3.99332,0.0124241
5.01974,4.07865,0.0242866
6.05082,4.00923,-0.0286355
7.01762,3.96358,0.272762
8.08283,4.07344,0.0902219
9.08521,4.01437,0.167693
10.038,4.20044,0.154253
11.0262,3.9791,0.219947
11.9546,3.96669,0.571413
12.9524,3.9715,0.243608
13.9588,3.99948,-0.0853267
14.9625,4.02461,-0.096527
15.9927,3.98677,-0.413132
17.0285,4.0626,-0.202628
18.0145,4.06058,-0.108509
19.0454,3.9852,-0.248152
0.0640553,4.96055,-0.101343
1.04466,5.03598,0.143171
1.95268,4.96998,-0.252895
2.96558,5.00206,-0.0334513
3.91007,4.9944,0.271551
4.90415,5.01854,0.289096
5.89637,5.0199,0.0899472
6.92497,4.95607,0.0820215
7.93153,5.08929,0.00628986
8.94698,4.99546,0.154155
10.0012,5.20728,0.247694
11.0232,4.97156,0.0854152
12.0025,4.92598,0.187301
13.0286,4.94347,0.162023
14.012,5.0111,-0.00307932
15.0306,5.00286,-0.252699
16.0148,5.03818,-0.495495
16.9524,5.04595,-0.181005
17.9338,5.08931,-0.159871
19.0013,4.9894,-0.0190832
0.0120579,5.99866,-0.299463
0.98164,6.07263,0.0781945
1.97277,5.94644,-0.0979034
2.98697,5.98411,0.209357
3.93535,5.98636,-0.0705252
4.93053,5.90428,-0.0877529
5.94584,6.03112,0.0023072
6.94499,5.97286,-0.132444
7.97851,6.11315,-0.24893
8.96067,6.07448,-0.0759728
9.92711,6.20341,0.019425
10.9306,5.97293,0.0174718
11.9241,5.96187,0.166805
12.9916,5.98339,0.174105
14.0048,5.98952,0.0265542
15.0198,6.01094,-0.0386822
16.0336,6.03142,-0.137861
17.0631,6.02345,-0.0742119
18.0041,6.05145,-0.471496
18.9699,6.00365,-0.142769
-0.0502853,7.04678,-0.244823
0.907566,7.09578,-0.065981
1.95327,7.01038,0.0627827
2.99347,6.98683,0.0311502
4.02061,6.96519,-0.023249
4.99968,6.90047,-0.188162
6.03417,7.03928,0.00872219
6.95921,6.95377,-0.335023
7.9364,7.1036,-0.298999
8.90929,7.06996,-0.104746
9.92089,7.07281,-0.487133
10.9543,6.96602,-0.206317
11.9441,6.96674,-0.0542039
12.9455,7.0262,0.0563189
13.9563,6.95137,-0.135868
14.9202,7.00562,-0.270058
15.9622,7.03654,-0.128169
16.9756,7.0609,-0.105679
17.9734,7.00666,-0.195145
19.0098,6.9839,0.0134281
0.0724448,7.99441,-0.0128239
1.07064,8.10697,0.0210944
2.09604,7.98146,-0.109714
3.06178,7.97645,-0.249422
4.04923,7.92696,-0.181695
5.04909,7.89309,-0.142601
5.91488,7.97776,0.402072
6.90736,7.88756,0.140019
7.89721,8.0868,-0.00968963
8.89901,8.07586,0.103543
9.87418,8.09438,-0.117209
10.864,8.03872,-0.183471
11.9006,8.00867,-0.173833
12.9585,7.9892,-0.131626
13.9645,7.96963,-0.28367
14.9941,8.00879,-0.107038
16.0128,8.04081,-0.0803827
17.013,8.04068,0.0524125
18.0358,8.03261,-0.102033
19.0229,7.98347,-0.260552
0.0336863,9.06441,-0.0846278
1.06111,9.1187,-0.134519
2.02659,9.03983,0.0860195
3.04123,8.97386,0.00654012
4.07178,8.94328,0.130161
4.98768,8.94426,-0.210105
5.9897,8.90334,-0.0736442
6.97304,8.90099,0.100635
7.92033,9.10804,-0.107678
8.9487,9.08782,0.0734184
9.96584,9.10732,-0.141591
10.9368,9.03532,-0.342766
11.9272,9.04557,-0.36791
12.9272,8.97125,-0.247035
13.9042,8.99109,-0.234419
14.9154,9.04708,-0.236445
15.9416,9.03302,-0.26657
16.9138,9.13182,0.0519883
17.9377,9.03712,0.0632221
18.9553,9.01538,-0.0988067
0.0257363,10.0317,0.176431
0.967901,10.1236,-0.108621
1.92182,10.0404,0.114927
2.97549,9.97919,0.167321
3.96999,9.94465,0.278307
4.96993,9.87291,0.199069
5.98868,9.94045,0.0787805
6.95342,9.91867,0.359264
7.91041,10.0921,-0.0206
8.91762,10.0398,-0.260512
9.91799,10.1155,-0.332939
10.9884,10.067,-0.329435
11.9797,10.0588,-0.378329
13.0254,9.96665,-0.242918
14.0306,9.95793,-0.109891
15.0495,10.0615,0.0357768
16.0578,10.0018,0.0995849
17.0617,10.1317,-0.0607135
18.0116,10.0195,0.297974
18.9901,9.95531,0.176351
-0.0231117,11.0243,0.195816
1.03668,11.0949,0.0466262
2.01895,11.0633,-0.0382977
3.02657,11.0453,0.185046
4.01135,10.9715,0.210202
4.98715,10.898,0.0958586
5.97401,10.9693,0.103827
6.95488,10.9192,0.43332
7.89402,11.104,0.0608997
8.8938,11.0732,-0.150023
9.91796,11.1398,-0.258446
10.9305,11.1429,-0.314417
11.9292,11.0739,-0.108918
12.9697,10.9583,-0.0605914
13.9038,10.874,0.236036
14.9429,11.0468,0.260826
15.9592,10.977,0.0342479
16.9025,11.131,-0.207324
17.9092,10.9957,0.049968
18.9586,10.957,0.110456
-0.00384228,11.9256,-0.27069
0.932862,12.0863,0.0232337
1.89125,12.0514,0.33469
2.84743,12.0197,0.0790735
3.90281,11.9349,0.00129093
4.87568,11.9151,0.129716
5.91667,12.0003,0.0344157
6.94401,11.8974,0.178951
7.97045,12.1387,0.0680563
9.00776,12.0727,0.00267953
9.90845,12.1557,-0.463549
10.9468,12.1488,-0.427436
11.9228,12.0772,-0.140754
12.9236,11.9241,-0.185104
13.9941,11.8632,-0.102274
14.982,12.0317,0.143367
16.009,11.9745,-0.0600177
16.993,12.1363,0.0544755
17.988,11.965,0.106568
19.0083,11.9543,0.177001
-0.00270089,12.9426,-0.23806
1.01546,13.06,-0.101755
2.04442,13.0849,0.212986
2.93515,12.9861,-0.207562
3.95772,13.0187,-0.0121006
5.03165,12.8927,-0.119257
6.04617,13.0066,-0.186581
7.03932,12.9534,0.0895291
8.06079,13.0601,0.331916
9.0348,13.0692,0.12056
9.90921,13.1717,-0.384045
10.915,13.1436,-0.445705
11.9245,13.0668,-0.38052
12.9023,12.9861,-0.139628
13.9307,12.8854,-0.240791
14.9634,13.0147,-0.326469
15.9619,12.9841,0.11677
16.9474,13.1401,-0.0351299
17.9248,12.9293,-0.197455
18.936,12.9576,0.00705588
-0.00329905,13.9291,-0.0267251
0.975057,14.0391,-0.236491
1.99711,13.9848,-0.271407
3.05603,13.9733,-0.352342
4.01617,14.0187,-0.195459
5.01105,13.9376,-0.00142216
5.98145,14.008,-0.273345
6.9875,13.9159,-0.207819
7.96376,14.019,-0.0641072
8.93027,14.1159,0.209055
9.89012,14.1189,-0.0871548
10.9266,14.1476,-0.212653
11.9357,14.0674,-0.232301
12.9552,14.0395,-0.130873
14.0297,13.9076,-0.370577
15.0044,14.0294,-0.103568
15.9674,13.9434,-0.353352
17.0074,14.0514,-0.392361
17.9619,13.935,-0.131404
18.9695,14.019,-0.0221107
0.0827509,14.9144,-0.194357
1.09222,15.0571,-0.0708487
2.05504,15.0225,-0.308277
3.05944,14.9949,-0.445952
4.04061,14.977,-0.544859
4.99191,14.9198,-0.322239
5.94856,14.9808,-0.0828791
7.01084,14.8962,-0.0366619
7.99875,14.9876,0.18384
9.05249,15.1135,0.202103
10.0703,15.1252,-0.0884762
11.1102,15.1417,-0.097528
12.0931,15.0515,-0.0346416
13.0657,15.0568,-0.00290841
14.1342,14.8979,-0.177798
15.1527,15.0045,-0.112851
16.1922,14.9021,-0.0377697
17.0996,14.9981,-0.537794
18.0439,14.9884,-0.225575
18.9649,15.0096,0.0626026
0.0231605,15.9503,-0.0699271
1.01136,16.0307,-0.425898
1.98679,16.081,-0.275054
3.07269,15.9918,-0.398846
4.09367,15.9906,-0.562316
5.04292,15.9671,-0.241078
6.02237,15.985,-0.26307
7.03677,15.9495,0.0400159
8.03732,15.9743,0.0606494
9.04635,16.0997,-0.114249
10.0188,16.1222,-0.0346477
10.9831,16.1635,-0.261068
11.9776,16.0281,-0.041023
12.9792,16.0599,-0.349602
13.9612,15.9699,-0.168093
14.9591,15.9901,0.181481
15.9851,15.9017,-0.0829615
16.9952,16.0585,-0.334416
18.0001,15.9693,-0.0597308
18.9854,15.984,0.0793634
-0.036433,16.9763,-0.118424
0.960848,17.0112,-0.341932
1.97857,17.0706,-0.557048
3.04312,16.9992,-0.642958
4.05349,17.0342,-0.401263
5.00631,16.9757,-0.0777673
6.01684,17.0261,-0.24886
7.02503,16.9375,0.0478286
8.02355,17.0032,-0.0934385
8.97319,17.1502,-0.309192
9.97635,17.1015,-0.286297
10.9833,17.1725,-0.235865
11.9699,17.0243,-0.27557
12.9773,17.0055,-0.026722
14.0116,16.9508,-0.0430555
15.0659,16.9952,-0.0005768
16.0312,16.9162,-0.188113
17.0482,17.0918,-0.415445
18.0132,17.0085,-0.138734
18.9383,16.98,0.156166
-0.00795007,18.0126,-0.191684
1.0018,17.9961,-0.0391888
1.98444,18.068,-0.248091
3.0062,18.071,-0.377517
4.00282,18.0007,-0.228123
5.0426,17.9949,-0.00935392
6.08629,18.0496,-0.0945524
7.12109,17.9737,-0.0777245
8.11768,18.0168,-0.130851
9.07887,18.0306,0.101602
10.0286,18.1145,-0.220673
10.9988,18.1726,-0.214222
11.9808,18.0016,-0.19646
12.9626,17.97,-0.28045
13.9753,17.9424,0.0243355
14.9432,17.9906,0.287817
15.8743,17.9226,-0.191125
16.9068,17.9865,-0.0159978
17.9371,18.0026,0.04373
18.9624,17.9952,0.13
0.0282907,18.9847,-0.0877773
1.09304,18.9946,-0.0623524
2.10927,18.9969,0.152797
3.08984,19.0161,-0.0540361
4.09451,18.9882,-0.130641
5.09027,19.0208,0.0601337
6.12846,19.0051,0.0857356
7.12823,18.9651,0.0171941
8.16505,18.9925,0.0608142
9.18551,19.0252,0.0936918
10.2036,19.0335,0.120664
11.0092,19.151,-0.522837
11.9344,18.9847,-0.34264
12.9217,18.9751,-0.218992
13.8972,18.9884,0.128794
14.9358,18.9607,-0.00171514
15.9262,18.9546,-0.129569
16.9222,18.9769,0.154802
17.9549,19.0203,0.0213782
18.9614,19.0154,0.194757
