3.42033,6.15878,0.120615
3.23271,5.44876,0.77615
3.70534,5.19863,-0.117496
2.82982,5.63389,-0.392279
3.13317,6.534,-0.183444
3.66944,5.88978,0.414243
3.20881,6.5631,-0.131907
2.66794,6.38682,0.742808
2.61107,5.51509,1.23141
2.96321,6.37157,1.52609
3.85475,5.30059,0.478869
3.39769,4.47437,0.787902
3.75038,4.19901,-0.0968108
3.34937,5.02247,0.269332
2.6326,5.7434,0.236699
3.37003,5.0538,0.0194739
2.61137,5.78261,0.0937132
2.68697,6.7948,-0.133094
2.56502,6.43731,0.787484
2.38272,5.555,1.17594
4.08734,4.48143,-0.0158666
4.19645,3.82286,0.767473
3.24583,3.67887,0.563274
2.60448,4.49024,0.643611
3.27348,5.23772,0.808448
2.94356,4.29002,0.553987
3.30474,5.07288,0.00392773
2.85026,5.85591,-0.394256
3.36935,5.92423,0.427277
2.72367,6.51042,0.944725
3.83528,3.58202,-0.392996
4.31671,2.96253,0.317167
4.18332,3.97032,0.29689
3.60006,4.63358,0.79975
2.81202,4.67996,0.112513
3.65021,5.02285,0.579678
4.3345,4.81644,-0.193347
3.75509,5.61871,-0.0590014
4.32223,6.13647,0.603601
3.54248,6.05608,1.21627
4.48263,2.99225,0.0969085
3.6061,3.34387,-0.261391
4.56107,3.54865,-0.550917
3.80725,3.91166,0.058858
3.55812,4.62634,-0.572091
4.47757,4.81651,-0.0431623
4.64482,5.77964,-0.331269
4.04256,5.28394,-0.937007
4.49702,6.01765,-0.407077
3.72281,5.80006,0.232334
4.16725,2.49572,-0.686483
4.5791,3.46573,-0.624097
5.50633,3.18389,-0.396643
4.82038,3.82368,-0.0790704
4.52802,4.76467,-0.145247
5.17681,5.53858,-0.0235054
5.34966,5.55229,-1.02166
4.67348,5.7104,-0.258592
5.4522,6.28567,-0.574602
4.55797,5.88516,-0.351424
4.57714,3.45748,-0.695245
5.52942,3.21881,-0.498038
6.39514,3.59643,-0.659441
5.79138,3.70505,0.109165
5.5352,4.69676,-0.0900784
5.48211,5.18454,-0.953145
6.21655,5.70698,-0.505896
5.50022,6.30147,-0.201392
4.50407,6.43353,-0.192868
5.48538,6.3261,-0.232606
5.17559,3.11005,0.159294
6.17588,2.9109,0.269381
5.57984,3.72346,-0.110334
6.08102,4.64458,-0.182281
5.86653,5.60475,-0.503775
4.90933,5.68842,-0.263942
5.60121,6.45334,-0.352065
6.437,5.94895,-0.208231
5.49769,6.38959,-0.203873
6.32228,6.33032,0.333705
6.03283,2.70619,-0.188864
6.35878,3.64977,-0.324928
6.0457,4.60882,-0.275454
6.32942,5.5945,-0.406537
6.26129,6.48114,-0.936167
5.76744,6.2185,-0.0744133
6.48932,6.83572,-0.549257
5.63842,6.53663,-0.0629902
6.12415,7.00568,-0.745247
7.00548,6.67158,-0.33513
6.45209,3.5841,-0.0249977
6.65672,2.75268,-0.581884
6.56134,3.79008,-0.649004
6.91379,4.76415,-0.30672
6.85896,5.82248,-0.391671
6.47535,6.70257,-0.692944
5.58498,6.35107,-0.46805
5.84025,7.36505,-0.680111
6.29282,7.62771,-1.54034
6.43805,7.51969,-0.553804
