3.08461,3.14248,1.35025
2.86521,3.59475,0.520017
2.55277,4.45047,0.136232
1.78592,4.87268,0.689239
1.58155,5.71938,0.170666
1.7107,6.73432,0.167278
2.17694,5.83515,0.405451
1.5622,6.57416,0.0264901
2.44823,6.75571,0.490487
1.92355,7.5075,0.841487
2.79939,3.59979,0.517411
2.33309,2.7155,0.594223
2.0158,3.68296,0.568709
2.6954,4.41248,0.702713
2.43324,5.23729,0.0476058
1.61798,5.70989,0.443455
1.73908,6.71986,0.2653
2.37869,6.75925,-0.531025
1.93559,6.0689,0.021427
2.24736,6.54788,0.831266
3.67015,3.89583,0.06592
3.19825,3.00546,0.166512
2.94975,3.93267,0.399026
2.76354,4.78069,-0.21034
3.06735,5.64132,-0.640657
2.45163,6.10142,0.0597858
2.49236,6.4623,0.983184
2.55224,5.95499,0.111307
2.26313,6.63789,0.768123
3.13015,6.71686,1.26014
3.21732,3.04956,0.292837
4.19997,2.98265,0.401822
3.52061,3.38007,-0.212903
3.69318,4.33779,-0.446193
3.38096,4.87505,-1.25168
2.93429,5.44207,-0.579962
2.79656,5.62571,0.397656
3.50445,6.30191,0.260619
3.02622,6.14356,1.14129
3.19368,6.6204,0.243684
3.96407,2.64196,-0.23556
4.61878,2.09943,0.298645
3.99416,2.49415,-0.364083
3.5179,3.35092,-0.205527
3.74685,3.93744,-0.977779
2.98776,4.43574,-0.554399
3.45949,5.34015,-0.318799
4.33822,5.77994,0.0543077
3.88425,6.37235,0.675323
3.48479,7.3393,0.88348
4.54299,2.95059,-0.984542
5.16613,2.2646,-0.548134
4.76709,2.99655,0.0105075
4.34624,3.89047,0.124143
4.64046,4.34083,-0.71474
3.8952,4.83148,-0.231468
4.34283,5.7065,0.00189215
4.93787,6.13421,-0.706714
4.78762,6.27322,0.274889
4.38466,7.20413,0.380743
4.86883,2.20159,-0.400488
5.67766,2.24105,0.334126
4.9787,2.639,0.932157
4.97281,3.05725,0.0232978
5.28458,3.99914,-0.0108829
4.90904,4.84895,-0.360262
5.36247,5.65075,0.0238227
4.75971,6.40581,0.250206
4.49767,6.56211,-0.695465
5.21036,6.72084,0.0211341
5.81877,1.9571,-0.171999
6.72893,2.25676,0.18428
5.76447,2.54483,0.337913
5.89306,3.49506,0.0553728
6.1436,4.41744,0.321073
5.88801,5.0807,-0.492618
6.38228,5.80795,-0.00424818
5.33576,5.84841,-0.332319
5.38282,6.31654,-1.24967
5.93329,6.90722,-0.673843
5.96188,2.88486,0.211136
6.91335,3.23553,0.254201
6.0481,3.29047,-0.238441
5.99713,4.16798,-0.767541
6.6082,4.89705,-0.468557
6.49931,5.70362,0.101871
7.05678,6.55972,0.112946
6.13463,6.44901,-0.37911
5.90713,7.15356,-1.07437
5.09057,7.39527,-0.572817
5.39782,2.12407,-0.145985
6.18118,2.53252,0.321348
6.10203,3.42134,0.775942
6.1673,4.25164,0.220356
7.08895,3.9995,-0.127876
7.23042,5.03735,0.033549
6.5182,5.71992,-0.0387951
6.79268,5.93075,-0.989248
5.91658,6.3202,-0.537266
6.08062,7.26893,-0.83242
