2.72378,2.2107,-0.737089
1.86963,2.33248,-0.16762
1.59787,3.05707,-0.837461
1.30967,3.9989,-0.737489
1.83632,4.68759,-0.180651
2.14112,5.68474,-0.0683859
1.6723,6.49425,0.272954
2.53784,5.89403,0.0250618
1.90722,6.58125,0.403571
2.91164,6.5169,0.5137
2.2242,2.29436,0.108151
2.656,2.52492,-0.775423
2.47522,3.49771,-0.753206
2.22694,4.46397,-0.757143
1.67714,5.25506,-1.03519
1.45932,4.91688,-0.034666
1.32109,5.61275,0.690884
1.65635,6.43661,0.177828
1.50373,7.43979,0.135734
1.93049,6.50952,0.293768
3.0324,1.65951,0.252104
2.40978,2.47054,0.231138
3.03478,2.63226,-0.523548
2.51187,3.5738,-0.489209
2.38894,4.53196,-0.764077
2.4667,4.88922,0.157903
2.23246,5.83283,0.356944
2.52506,6.77703,0.415223
1.88045,7.22613,1.06997
2.72781,7.13703,0.49082
3.85645,1.35473,0.72981
3.26455,2.19352,0.721415
3.65402,3.01521,0.15403
3.21559,2.98131,-0.751506
3.09856,3.93194,-0.306876
3.39104,4.86098,-0.259902
3.24411,5.66917,0.308988
3.41323,6.60833,0.0160222
2.83323,7.11835,0.725513
3.65875,6.91613,0.206153
4.86723,1.0755,0.61897
4.01877,1.62305,0.426399
4.47288,2.4383,0.0125523
4.14715,3.24235,-0.485769
4.00603,4.06563,0.0805658
4.3511,4.81888,-0.555388
4.08704,5.74652,-0.283618
4.42108,6.59688,0.180725
3.60705,7.11924,0.0693136
4.10274,7.57443,0.804321
5.5954,1.51268,0.0602893
4.69929,1.52935,-0.328266
5.04291,2.36156,-0.842213
4.93995,2.81469,0.0706992
4.92278,3.7734,0.342381
5.16977,4.75838,0.0467696
4.88717,5.68922,0.265975
5.42402,6.52292,-0.00393994
4.62014,7.10636,-0.018305
5.16932,7.47561,0.796777
5.38892,0.697809,0.619572
5.69046,1.45568,0.0133457
5.89363,2.39321,-0.263372
5.58148,3.34991,-0.523539
5.55008,4.31839,-0.275927
5.59196,5.21851,-0.718793
5.62429,6.17819,-0.240873
6.0727,7.01176,-0.570638
5.53068,7.67284,-0.0525285
4.80425,6.97541,0.0153691
6.33502,0.906806,0.514216
6.43345,1.9042,0.56393
6.61245,2.86748,0.325657
6.58149,3.06655,-0.675069
6.59656,4.04532,-0.277099
6.51804,4.9332,-0.818946
6.48119,5.95622,-0.683892
6.893,6.73915,-1.13362
6.00897,6.99817,-0.691919
5.7668,7.02526,0.321699
7.20403,1.09398,0.990631
7.35883,2.10204,0.886877
7.6281,2.79164,0.183966
6.86402,3.53253,0.194446
7.54559,4.24548,0.144682
6.82161,4.97486,0.194702
7.42904,5.66727,-0.375903
7.83053,6.45795,-0.790255
7.04484,7.02456,-0.593149
6.55199,7.58929,0.0379864
7.65559,1.86888,1.43091
8.11495,2.68277,1.0451
7.61671,3.51092,0.839259
7.49062,4.28073,0.154613
8.0346,4.8652,0.732334
7.54199,5.74004,0.38045
7.86206,6.55639,-0.0489944
7.09775,7.10905,-0.532203
6.92939,8.00631,-0.953059
6.75618,7.03225,-0.791635
