-0.151924,0.788803,-0.947499
0.0308451,1.29132,-0.0913999
0.0398144,2.28415,-0.167742
0.0641896,3.30858,-0.140944
-0.0965789,4.27186,-0.374303
-0.0694082,5.28828,-0.481652
-0.0993652,6.24154,-0.0421613
-0.112415,7.21869,-0.255986
-0.126679,8.26424,-0.181661
-0.11565,9.26335,-0.365126
-0.0973174,10.2939,-0.271859
-0.110797,11.236,-0.0453536
-0.184979,12.2123,-0.367205
-0.126707,13.2351,-0.490616
-0.0408521,14.1754,-0.832649
-0.0729881,15.1527,-0.603143
-0.117927,16.1482,-0.340669
-0.226774,17.1883,-0.288195
-0.0983032,18.1475,0.161269
0.126206,19.113,0.130497
0.0850551,20.0913,-0.337547
-0.14286,21.0146,-0.0865108
-0.166298,21.9928,0.273583
-0.09541,23.0241,0.177584
-0.0917966,24.0501,0.170162
-0.126804,25.027,-0.0659688
-0.033253,25.9525,0.357225
0.00690023,26.7965,-0.149239
-0.0684225,27.7856,0.00167241
-0.125513,28.7679,0.232945
0.813269,1.03766,-0.746965
1.05636,1.53606,0.0469863
1.1161,2.57109,-0.08829
1.05555,3.53203,-0.262731
0.860018,4.55938,-0.324162
0.893274,5.53132,-0.555977
0.893634,6.48326,-0.282855
0.866872,7.50382,-0.303739
0.908707,8.50051,-0.344395
0.872756,9.48957,-0.560912
0.946141,10.4072,-0.122098
0.877261,11.3753,-0.225263
0.787155,12.3385,-0.44163
0.922919,13.3165,-0.383016
0.978878,14.118,-0.98984
0.966106,15.0605,-0.679775
0.921241,16.0755,-0.541865
0.777477,17.0851,-0.375665
0.870598,18.0525,-0.135487
0.984423,19.0374,-0.427827
1.10034,20.0966,-0.457833
0.888821,20.9859,0.0313242
0.850319,21.9331,0.261501
0.897937,22.8844,0.0103671
0.984768,23.866,0.0747978
0.83271,24.8688,-0.0986969
0.882107,25.9002,-0.124186
1.04727,26.8445,-0.314682
0.952916,27.9046,-0.373467
0.866832,28.5992,0.400949
1.8147,0.881112,-0.510764
2.02535,1.7445,-0.0416913
2.17789,2.75256,-0.213776
2.02119,3.71573,-0.0330454
1.85809,4.6646,-0.325166
1.92915,5.65943,-0.478771
1.98571,6.69546,-0.231129
1.85645,7.72821,-0.408307
1.90127,8.72944,-0.467681
1.93557,9.74553,-0.569222
1.93692,10.7029,-0.231828
1.82147,11.6697,-0.521943
1.7512,12.6406,-0.622657
1.81367,13.6585,-0.729112
1.87594,14.3325,-1.48978
1.8179,15.3399,-1.20321
1.88699,16.3146,-0.857805
1.7847,17.1671,-0.369317
1.90103,18.0304,0.162188
1.99689,19.0299,-0.0425367
2.09001,19.9415,-0.428318
1.8706,20.8854,-0.0435377
1.84687,21.8933,-0.0224738
1.99037,22.8798,0.0301248
2.00159,23.8465,-0.134104
1.79141,24.8155,0.150658
1.91322,25.792,0.107492
2.10381,26.7492,-0.27401
1.96146,27.7163,-0.438926
1.82324,28.5412,0.088699
2.68581,1.18519,-0.207349
2.99046,2.17477,-0.111197
3.1475,3.13148,-0.291321
2.99373,4.10618,0.0695578
2.84305,5.01278,-0.320728
2.90571,6.00403,-0.336802
2.8932,6.98934,-0.540892
2.80563,7.9766,-0.48905
2.8332,8.99401,-0.81561
2.93248,9.96739,-0.602051
2.9068,10.9327,-0.241404
2.84042,11.8932,-0.519807
2.71727,12.8264,-0.926737
2.79796,13.8473,-1.04125
2.84265,14.4933,-1.84175
2.83693,15.2369,-1.13409
2.88872,16.1792,-0.818018
2.83731,17.0046,-0.253172
2.90491,17.9494,-0.0178137
2.9448,18.948,-0.267647
3.0466,19.9606,-0.107892
2.87279,20.9608,-0.110971
2.77705,21.8716,0.266842
2.97359,22.841,0.0749931
3.0283,23.811,0.0345164
2.83454,24.8141,0.325886
2.97767,25.7342,-0.0110355
3.10732,26.7035,-0.259554
2.95973,27.7418,-0.478912
2.81384,28.5895,0.110895
3.64542,1.49978,-0.0655049
3.97578,2.41651,-0.262096
4.16778,3.40304,-0.0615955
3.93751,4.38078,0.0569384
3.8329,5.33703,-0.244957
3.8678,6.36437,-0.1287
3.90386,7.24103,-0.602866
3.80068,8.25767,-0.472485
3.89123,9.24605,-0.848115
3.86304,10.2328,-0.931993
3.89609,11.1135,-0.404456
3.80033,12.0782,-0.732844
3.68814,12.9613,-1.19467
3.78538,13.9585,-1.17823
3.82728,14.5027,-2.05885
3.80724,15.2957,-1.4295
3.91422,16.1016,-0.826102
3.85412,16.9727,-0.292218
3.89039,17.9669,-0.237666
3.91857,18.9622,-0.0769494
4.07946,19.9215,-0.0194647
3.93923,20.9037,-0.104413
3.82971,21.8551,0.147819
4.02038,22.8236,-0.0795099
4.02176,23.7762,0.275402
3.81477,24.7414,0.0450423
3.86716,25.6485,-0.426569
4.05624,26.5921,0.0265267
3.94966,27.5827,-0.264376
3.82274,28.6083,0.000958281
4.6742,1.60685,-0.283959
4.99872,2.59609,-0.25992
5.11604,3.58864,-0.0930052
4.92933,4.63348,0.0137944
4.83414,5.60581,-0.338087
4.96569,6.56673,-0.167116
4.91276,7.45666,-0.60842
4.77164,8.43764,-0.728849
4.90977,9.4194,-0.770028
4.88124,10.3113,-1.25036
4.90707,11.1851,-0.779302
4.81508,12.1928,-0.870965
4.7226,13.1662,-1.19298
4.86859,14.1621,-1.40418
4.82224,14.7692,-2.18889
4.81332,15.3971,-1.42635
4.92467,16.0194,-0.628248
4.82457,17.0383,-0.634913
4.87433,18.0396,-0.437574
4.92849,19.0369,-0.174651
5.0757,19.9987,-0.0263161
4.93977,20.9932,0.0643056
4.91247,22.02,0.137004
4.96638,22.8621,-0.374981
4.98194,23.8833,-0.114429
4.79376,24.8129,0.174944
4.90008,25.7242,-0.359777
5.05927,26.5809,0.115708
4.92713,27.4353,-0.351292
4.85573,28.4029,-0.17593
5.7243,1.88804,-0.356307
5.92417,2.92192,-0.219764
6.05505,3.89564,0.111695
5.96447,4.9201,0.0779809
5.83733,5.74278,-0.476391
6.02449,6.69174,-0.256185
5.91632,7.61807,-0.642698
5.82847,8.56315,-0.867354
5.99019,9.54857,-1.01782
5.84762,10.5274,-1.25061
5.89404,11.4842,-1.03992
5.77563,12.5029,-0.962224
5.70959,13.4121,-1.47784
5.84731,14.4489,-1.45412
5.82103,14.8236,-2.37426
5.81583,15.4139,-1.59675
5.88905,16.0923,-0.897684
5.83429,17.102,-0.831214
5.93652,18.0589,-0.560579
5.90645,19.0126,-0.313251
6.11537,19.9401,0.0357433
5.93946,20.9903,-0.0582049
5.90217,21.9832,-0.159676
5.9925,22.9773,-0.405182
6.00905,23.9018,-0.0246132
5.84314,24.8986,0.237205
5.9469,25.7705,-0.302744
6.06655,26.6964,0.0623249
5.98378,27.549,-0.449345
5.87027,28.5125,-0.140733
6.73111,2.14333,-0.311234
6.9141,3.11325,-0.0650288
7.02393,4.10854,0.191684
6.99604,5.14472,0.0894375
6.832,5.98001,-0.438377
7.04089,6.95063,-0.477956
6.86497,7.86735,-0.907672
6.84286,8.86361,-0.89668
6.92629,9.817,-1.16162
6.77449,10.8547,-1.35068
6.84276,11.8154,-1.26359
6.75051,12.8416,-1.10116
6.67908,13.4604,-1.86867
6.86777,14.4389,-1.53412
6.8469,14.7683,-2.53007
6.8228,15.5457,-1.87539
6.9166,16.0388,-1.01953
6.8573,17.0498,-0.942332
6.98274,18.0432,-0.804947
6.93012,18.946,-0.385229
7.12433,19.7747,0.152077
6.9212,20.7541,0.184603
6.88655,21.7169,-0.203598
6.99866,22.7927,-0.33769
6.98334,23.7412,0.081637
6.84944,24.7366,-0.0531053
6.95381,25.7134,-0.209369
7.04713,26.7067,0.0174383
7.00183,27.6236,-0.504898
6.90537,28.6632,-0.298102
7.71577,2.48865,-0.0112278
7.87199,3.47703,-0.0408429
8.00046,4.38868,0.350301
8.00103,5.31685,-0.0536363
7.80686,6.19466,-0.635081
7.9876,7.22343,-0.574334
7.87042,8.20074,-0.856551
7.87519,9.184,-0.891696
7.89527,10.1757,-1.15017
7.82376,11.1393,-1.34763
7.82637,12.1523,-1.38928
7.71299,13.1238,-1.07545
7.74453,13.527,-2.0006
7.90777,14.3939,-1.52981
7.89843,14.6583,-2.50616
7.83955,15.4936,-1.87292
7.90202,15.944,-0.966665
7.85419,16.9193,-0.854625
7.9662,17.8884,-1.06163
7.92319,18.8016,-0.511771
8.08797,19.6826,-0.0811823
7.92799,20.6823,0.0357341
7.8718,21.6707,0.0146336
7.85064,22.6887,0.179003
7.91484,23.6303,-0.281048
7.84543,24.6075,-0.016129
7.93648,25.573,-0.253258
7.88502,26.5828,-0.47481
8.01995,27.5703,-0.388653
7.93502,28.5409,-0.18439
8.69514,2.77613,0.0130192
8.8756,3.7549,0.0453658
8.97107,4.7888,0.454219
9.00837,5.60663,-0.114502
8.83412,6.49567,-0.59479
8.94362,7.48677,-0.696997
8.86904,8.47429,-0.838231
8.85663,9.45773,-1.00242
8.85161,10.4715,-1.26169
8.80206,11.5034,-1.2299
8.75698,12.5266,-1.27478
8.75452,13.4997,-1.20649
8.71734,13.6723,-2.18865
8.9152,14.3763,-1.47128
8.89727,14.4308,-2.51621
8.84082,15.2784,-1.87988
8.84455,16.0688,-1.30729
8.86863,17.0298,-0.945833
8.98439,18.0429,-1.11632
8.94192,18.8561,-0.534532
9.14162,19.7434,-0.105078
8.92671,20.6971,-0.252107
8.88957,21.6851,-0.0353252
8.72968,22.6845,-0.201117
8.92536,23.6438,-0.505634
8.81902,24.613,-0.0864101
8.99573,25.5653,-0.459615
8.91096,26.5912,-0.584579
9.02891,27.5438,-0.247926
8.94773,28.5344,-0.0619007
9.6994,2.89046,-0.160283
9.8922,3.86564,-0.117038
10.0607,4.77461,0.325709
10.0293,5.78689,0.000326548
9.84376,6.56806,-0.597394
9.93082,7.57513,-0.615293
9.95145,8.52214,-0.979958
9.85871,9.56562,-0.959658
9.86309,10.5855,-1.07453
9.82209,11.5968,-1.3286
9.83656,12.6506,-1.17264
9.73741,13.6794,-1.27746
9.77752,13.8353,-2.33201
9.9367,14.52,-1.56801
9.91453,14.5142,-2.5595
9.82438,15.3471,-1.96846
9.86893,15.9471,-1.1891
9.85991,16.9449,-1.16335
9.98171,17.9588,-1.1345
9.92854,18.7462,-0.474322
10.1682,19.6976,-0.183285
9.92581,20.694,-0.217991
9.85266,21.7187,-0.309507
9.81215,22.6806,-0.0962371
9.86255,23.6684,-0.15569
9.84058,24.7166,-0.109775
10.0133,25.6997,-0.194555
9.88735,26.6774,-0.394662
10.088,27.6015,-0.103287
10.0581,28.5919,-0.094705
10.6876,2.95053,-0.365944
10.8864,3.94334,-0.102307
11.0933,4.87045,0.174545
11.0621,5.86222,0.0991852
10.8849,6.65589,-0.535139
11.0005,7.73104,-0.487561
11.0199,8.70136,-0.828678
10.8578,9.7549,-0.95558
10.8828,10.7786,-1.02821
10.834,11.7965,-1.15343
10.8279,12.8675,-1.35682
10.7864,13.9174,-1.35008
10.7579,14.0273,-2.41247
10.9363,14.7522,-1.71991
10.8934,14.6934,-2.75382
10.8785,15.4142,-2.07997
10.9366,16.0264,-1.27176
10.9123,17.0291,-1.18639
11.004,18.0177,-1.1418
10.9855,18.7518,-0.484625
11.1185,19.7652,-0.429554
10.9178,20.6783,0.038435
10.927,21.6544,-0.179507
10.8774,22.6898,-0.183999
10.9197,23.7131,-0.16064
10.8861,24.7249,-0.144374
11.0118,25.7407,-0.00925932
10.8147,26.7313,0.131968
11.0732,27.5921,-0.308371
11.1028,28.5266,0.0340617
11.7018,3.05313,-0.453609
11.8656,3.86409,0.0820643
12.0908,4.84934,0.0323313
12.1321,5.8424,-0.142552
11.945,6.80389,-0.424116
12.0193,7.85384,-0.523325
11.9858,8.81822,-0.74994
11.9546,9.81881,-0.842155
11.8939,10.8291,-0.981423
11.8376,11.8786,-1.17967
11.8385,12.9089,-1.37332
11.7579,13.975,-1.3809
11.7851,14.0047,-2.43462
11.9469,14.8279,-1.84915
11.9154,14.812,-2.85764
11.8812,15.6251,-2.22349
11.8747,16.2555,-1.46185
11.9671,17.0609,-0.91044
12.0097,18.0195,-1.26366
11.9704,18.9332,-0.83827
12.1064,19.9118,-0.609619
11.9881,20.7128,-0.0454024
12.0053,21.6886,-0.0644795
11.9061,22.6822,0.014301
11.9876,23.7129,0.0154607
11.828,24.6994,0.156557
12.1045,25.6613,0.0335063
11.8502,26.6566,0.296725
12.061,27.413,-0.351061
12.1217,28.3584,0.0155919
12.7158,3.02919,-0.343077
12.9101,3.84841,0.124348
13.1144,4.84181,0.167714
13.1965,5.86273,0.023957
12.9665,6.7788,-0.362514
13.0374,7.82964,-0.636445
12.9946,8.81532,-0.896405
12.9319,9.8631,-0.824039
12.8922,10.8388,-1.18353
12.8623,11.836,-1.18397
12.8682,12.8916,-1.19694
12.8233,13.884,-1.49295
12.8811,13.8629,-2.48706
12.9193,14.686,-1.85094
12.9487,14.6855,-2.84181
12.9326,15.473,-2.22168
12.8896,16.2764,-1.58926
12.9929,17.0233,-0.95266
13.0377,17.9658,-1.29258
12.971,18.9083,-0.915653
13.1199,19.7835,-0.432945
12.9916,20.6993,-0.0933866
13.0048,21.7435,-0.234196
12.9699,22.7734,-0.0266091
12.9857,23.789,0.0241127
12.7906,24.7703,-0.145698
13.101,25.6496,0.223139
12.8386,26.6531,0.130079
13.0687,27.4012,-0.513501
13.0896,28.2105,0.142183
13.7396,3.15428,-0.461711
13.9717,4.0655,-0.0757561
14.1952,4.88797,0.429081
14.2159,5.85447,0.0119358
13.9698,6.81204,-0.295462
14.0454,7.79925,-0.562148
14.0707,8.83042,-0.722938
13.9856,9.81059,-0.848955
13.9543,10.8129,-1.03982
13.8929,11.7802,-1.23922
13.8942,12.8378,-1.06972
13.8809,13.7763,-1.50951
13.9435,13.8722,-2.52898
13.9194,14.5641,-1.82786
14.0008,14.7388,-2.80653
13.953,15.3743,-2.0252
13.9199,16.1924,-1.3974
14.0038,16.9805,-0.812091
14.0717,17.932,-1.08698
13.8922,18.775,-0.606149
14.1622,19.6944,-0.501862
14.0741,20.6297,-0.0382031
14.0136,21.6883,0.0427656
13.968,22.7198,0.131129
13.9994,23.7647,0.0795099
13.7754,24.6818,-0.313804
14.0396,25.6189,-0.100992
13.8116,26.4448,0.362157
14.0234,27.2729,-0.113541
14.1208,28.1677,0.185931
14.7982,3.06684,-0.306272
14.9384,3.90113,0.189428
15.2095,4.84026,0.134584
15.1973,5.90265,0.214197
14.9497,6.90973,-0.0501846
15.0383,7.91848,-0.241453
15.0536,8.90225,-0.608692
15.0562,9.89894,-0.8567
14.9645,10.8862,-0.757826
14.9243,11.8443,-1.06462
14.9921,12.8742,-0.893405
14.8865,13.6225,-1.56266
14.9501,13.8452,-2.55187
14.9744,14.4235,-1.72543
15.0166,14.7052,-2.71974
14.9577,15.2498,-1.87199
14.8381,16.2064,-1.93436
14.8997,16.9536,-1.21318
15.0353,17.9733,-1.3081
14.8463,18.8665,-0.818406
15.1561,19.8068,-0.645216
15.1528,20.6831,-0.115268
15.0341,21.664,-0.0781518
14.9973,22.7445,0.186367
14.9983,23.6762,-0.214588
14.7272,24.6329,0.00466323
15.049,25.543,0.21204
14.7776,26.5852,0.0565874
15.0205,27.5456,-0.0119816
15.0723,28.423,0.406729
15.8102,3.07063,0.0361217
15.9403,4.05373,-0.000442518
16.1611,4.9612,-0.297058
16.2259,5.91595,0.0316294
16.0022,6.88521,-0.132856
16.1077,7.92033,-0.261534
16.0907,8.8755,-0.632801
16.1781,9.83948,-0.838633
15.988,10.8447,-0.81073
15.9699,11.8195,-1.00293
16.0476,12.8125,-1.14623
15.8965,13.7719,-1.47379
15.98,13.7249,-2.47121
16.0128,14.3968,-1.73086
16.0439,14.731,-2.71735
15.9584,15.3031,-1.86835
15.8765,16.3216,-1.89365
15.8824,17.1519,-1.33947
16.0398,18.1479,-1.47292
15.92,18.9675,-0.90654
16.1595,19.8583,-0.426908
16.1313,20.8083,-0.0183111
16.0902,21.8531,-0.0107761
16.0065,22.816,0.127714
16.0225,23.7649,-0.134614
15.7555,24.7906,-0.0253792
16.0302,25.7469,-0.136872
15.8161,26.7192,-0.0356822
15.9991,27.7357,-0.216489
16.0938,28.4599,0.455095
16.8029,2.94179,0.182723
16.9718,3.93661,0.0600848
17.199,4.83323,-0.236677
17.2437,5.85842,0.0128269
17.0424,6.80856,-0.231367
17.1666,7.83122,-0.216663
17.1267,8.85645,-0.405765
17.2042,9.80746,-0.762215
17.0578,10.7823,-0.998828
17.0261,11.7597,-1.24719
17.1415,12.7375,-1.04917
16.9454,13.7115,-1.27276
16.9602,13.6503,-2.24568
17.0561,14.3901,-1.5659
17.0899,14.8102,-2.48014
16.9823,15.2904,-1.66154
16.8476,16.2704,-1.45877
16.8796,17.2081,-1.05747
17.0691,18.2132,-1.32805
16.9365,19.1073,-0.920017
17.1973,19.9137,-0.36401
17.1519,20.8969,-0.118009
17.1592,21.8417,0.177465
17.0976,22.8273,0.129771
17.0315,23.7668,-0.103446
16.7767,24.7009,-0.279229
17.0514,25.6385,-0.207553
16.839,26.6533,-0.239656
16.9632,27.612,-0.0557299
17.0837,28.4976,0.397092
17.8953,2.87214,0.182986
17.9608,3.84138,-0.114179
18.1801,4.80823,0.0876919
18.2811,5.75688,-0.108521
18.0977,6.76193,-0.207617
18.1495,7.75777,-0.337275
18.2144,8.76125,-0.416187
18.1758,9.68629,-0.884991
18.051,10.7483,-0.966567
18.1032,11.7354,-1.26526
18.1687,12.7011,-1.21882
18.0174,13.6959,-1.25371
17.9989,13.9384,-2.21754
18.0141,14.6273,-1.48035
18.1518,14.7266,-2.48531
18.0084,15.3913,-1.79438
17.8263,16.4503,-1.86973
17.8721,17.1048,-1.10503
18.0711,18.1008,-1.13018
17.9693,19.0716,-0.917692
18.1888,19.9871,-0.569991
18.1653,20.8807,-0.115415
18.1759,21.9209,-0.0349071
18.1309,22.9063,0.106586
18.0172,23.7408,-0.406973
17.7729,24.7121,-0.180758
18.0988,25.6506,-0.408097
17.901,26.6294,-0.482321
17.9832,27.5974,-0.220237
18.1382,28.5429,0.250996
18.9358,2.63598,0.20336
18.9712,3.66995,0.0887814
19.1884,4.67403,0.0217566
19.2939,5.67154,0.0915647
19.1666,6.63014,-0.158223
19.1716,7.60667,-0.180999
19.206,8.59138,-0.468191
19.2175,9.61294,-0.584732
19.0429,10.5812,-0.80983
19.089,11.5788,-1.11241
19.1739,12.6331,-1.21607
19.0801,13.6757,-1.32537
19.0288,13.8212,-2.31274
19.0716,14.6013,-1.60143
19.1205,14.8464,-2.57966
19.051,15.4108,-1.74114
18.8516,16.4358,-1.69285
18.8726,17.2556,-1.16632
19.129,18.2887,-1.233
18.9476,19.2595,-0.941041
19.1875,20.1739,-0.535136
19.1215,20.967,0.0824976
19.1805,21.9886,-0.0706412
19.1201,22.9914,0.258196
19.0538,23.8245,-0.31131
18.7798,24.7695,-0.532411
19.0215,25.7045,-0.826417
19.0033,26.6014,-0.462737
18.9778,27.524,-0.0417463
19.1036,28.5499,-0.0764092
19.9664,2.65592,0.405847
19.9745,3.60262,0.0617756
20.1852,4.58184,-0.0198309
20.3475,5.56316,-0.0266366
20.1575,6.37321,-0.552693
20.1907,7.36221,-0.394018
20.2516,8.37284,-0.299789
20.1734,9.35748,-0.460872
20.0896,10.3575,-0.623374
20.0611,11.2781,-1.0303
20.1373,12.2853,-1.11055
19.9958,13.266,-0.940361
20.0089,13.6298,-1.8658
20.0911,14.5209,-1.38026
20.1424,14.6217,-2.38498
20.0667,15.2657,-1.59275
19.7873,16.2483,-1.39106
19.9537,17.2437,-1.18448
20.1522,18.2209,-1.14396
19.9437,19.1296,-0.88605
20.2019,20.024,-0.456771
20.1132,20.9672,-0.0839991
20.219,21.9697,0.00116581
20.1214,22.9115,0.43159
20.0551,23.7118,-0.176717
19.8414,24.6557,-0.458815
19.9243,25.6768,-0.40365
20.0409,26.6728,-0.3802
19.9953,27.6275,0.00884426
20.1169,28.5857,-0.239329
20.9766,2.50895,0.511521
21.0063,3.42641,0.14153
21.2171,4.41598,0.149644
21.3694,5.46355,0.116736
21.1393,6.23779,-0.499551
21.198,7.22137,-0.238575
21.2223,8.19683,-0.125767
21.188,9.14572,-0.37445
21.0533,10.0554,-0.783148
21.1815,11.1134,-0.938627
21.1715,12.0781,-1.23448
20.9934,12.8992,-0.677062
20.9998,13.4014,-1.55694
21.11,14.3828,-1.29823
21.1659,14.7041,-2.25846
21.1278,15.1587,-1.40569
20.7957,16.1688,-1.45258
20.9866,17.1209,-1.05869
21.1515,18.0946,-0.942033
21.0168,19.0685,-0.589187
21.2172,20.0711,-0.505301
20.9911,21.0421,-0.63018
21.2367,21.6614,0.101367
21.0687,22.6452,0.0631458
21.0916,23.6005,-0.103458
20.839,24.5445,-0.317145
20.9241,25.5115,-0.521857
21.0413,26.5332,-0.519111
20.9753,27.5051,-0.311893
21.1239,28.5123,-0.331037
22.0767,2.4291,0.46896
22.0499,3.30001,-0.0216285
22.2157,4.26114,0.139143
22.3844,5.24747,0.189492
22.0846,5.95948,-0.493258
22.1511,6.9189,-0.206681
22.1782,7.95459,-0.191394
22.1252,8.90677,-0.6635
22.1114,9.88389,-0.640953
22.1457,10.8293,-0.912192
22.1495,11.7954,-1.09685
22.0064,12.6578,-0.590143
22.0158,13.2232,-1.42038
22.1227,14.2019,-1.20329
22.138,14.8061,-1.97909
22.0781,15.2537,-1.0796
21.8023,16.1934,-1.40157
21.9895,17.071,-0.896091
22.1368,18.0907,-0.849083
22.0667,19.0437,-0.51457
22.1981,20.0249,-0.551643
21.9901,21.0099,-0.570595
22.2328,21.6308,0.167885
22.0752,22.5792,-0.0352428
22.0592,23.6245,0.106479
21.9083,24.5399,-0.349803
21.9245,25.5675,-0.339329
22.105,26.5375,-0.48168
21.9707,27.3927,-0.0365337
22.145,28.3939,-0.386465
23.0782,2.3444,0.820716
22.9892,2.99479,0.0795373
23.2062,3.99005,-0.0301767
23.3387,4.96128,0.23968
23.1054,5.76001,-0.338316
23.2221,6.74579,-0.163552
23.1743,7.76623,-0.309519
23.1166,8.7751,-0.44615
23.1283,9.73864,-0.716205
23.139,10.6852,-1.00218
23.1615,11.7328,-1.13324
23.0518,12.5274,-0.522407
23.012,13.001,-1.41166
23.1021,14.0136,-1.09602
23.0714,14.8405,-1.64565
23.0152,15.4585,-0.829966
22.7956,16.388,-1.24202
22.9869,17.2542,-0.729707
23.1636,18.229,-0.923334
23.0776,19.0596,-0.284671
23.1847,19.9504,-0.732847
22.8863,20.7707,-0.253728
23.1941,21.69,0.0169012
23.0629,22.6493,-0.269768
23.0831,23.6857,-0.189853
22.9472,24.6744,-0.154506
22.9426,25.6816,-0.0948546
23.157,26.5239,-0.673293
22.9711,27.3074,-0.140449
23.1828,28.3162,-0.352702
24.1414,2.32105,0.781338
24.0237,2.85446,-0.0712027
24.1746,3.85498,-0.0752037
24.3581,4.79622,0.331156
24.117,5.47597,-0.35428
24.2008,6.45307,-0.224458
24.2014,7.47628,-0.278814
24.0845,8.49713,-0.420084
24.1496,9.46366,-0.777969
24.1433,10.4452,-0.830476
24.1154,11.4119,-1.08897
24.1252,12.304,-0.59194
24.0608,12.9843,-1.34252
24.0966,13.8804,-0.806824
24.0479,14.7071,-1.39752
23.9922,15.3726,-0.584713
23.835,16.2444,-1.09528
23.9799,17.0635,-0.525526
24.1767,18.0087,-0.845677
24.0601,18.9371,-0.444154
24.224,19.9311,-0.72848
23.9241,20.8059,-0.368587
24.1493,21.7655,-0.174569
24.0854,22.7563,-0.128626
24.1027,23.7642,-0.0405866
23.9742,24.7639,-0.21905
23.9641,25.7689,0.0718131
24.1501,26.6566,-0.422584
23.989,27.5404,0.0268014
24.1658,28.4883,-0.160686
25.1121,2.08228,0.944322
25.0355,2.45967,0.0149571
25.1202,3.4176,-0.389727
25.1361,4.18071,0.287094
25.0694,5.0275,-0.246968
25.1577,6.07176,-0.303171
25.1535,7.06557,-0.345164
25.0117,8.07662,-0.368935
25.0529,9.07273,-0.316422
25.1324,10.1359,-0.562108
25.0647,11.1124,-0.785412
25.1129,12.0785,-0.463985
25.025,12.8292,-1.10987
25.0698,13.6538,-0.524049
25.0466,14.5198,-1.0512
25.0349,15.3612,-0.483981
24.8437,16.2281,-1.02222
25.0021,17.1393,-0.553795
25.1501,18.1653,-0.558467
25.0976,19.1041,-0.30835
25.2912,19.9298,-0.818076
24.9754,20.7929,-0.439476
25.1058,21.8573,-0.432969
25.1264,22.838,-0.155025
25.0784,23.7943,-0.432746
24.9782,24.7265,-0.122391
24.92,25.7286,0.322098
25.1929,26.4842,-0.312818
24.955,27.4276,-0.158846
25.2169,28.3829,-0.204611
26.1346,1.96659,0.895166
25.9561,2.02811,-0.0818537
26.0426,3.03619,-0.0846797
26.1668,4.02621,0.206967
26.0867,5.00366,-0.0743065
26.1333,5.87017,-0.531993
26.1348,6.86392,-0.235923
26.0485,7.8518,-0.268374
26.0512,8.89977,-0.0965575
26.1391,9.84741,-0.372967
25.9987,10.772,-0.733341
26.0763,11.6786,-0.378631
25.9576,12.6419,-0.78164
26.0916,13.5965,-0.378665
26.0801,14.4689,-1.0113
26.0145,15.3391,-0.508737
25.8482,16.2685,-0.828004
25.9331,16.9932,-0.138142
26.0289,17.9755,-0.147642
26.1272,19.0175,-0.258858
26.3169,19.9054,-0.683816
25.9647,20.7362,-0.17557
26.092,21.822,-0.162621
26.1529,22.8084,-0.252406
26.1191,23.7929,-0.283187
25.9821,24.7863,-0.225672
25.9409,25.6951,0.226634
26.2205,26.5139,-0.286373
26.0151,27.5133,-0.261455
26.216,28.4701,-0.0375164
27.081,1.77765,1.17562
26.9108,1.75236,0.188305
27.0377,2.78627,0.00832545
27.1567,3.75372,0.206207
27.0572,4.75307,0.192776
27.1134,5.67962,-0.218439
27.1395,6.66856,-0.0792016
27.068,7.71034,-0.296728
27.0687,8.69758,-0.19078
27.1577,9.71169,-0.127924
27.0297,10.4505,-0.803806
27.0819,11.4176,-0.439534
27.0071,12.409,-0.571126
27.101,13.3806,-0.237654
27.0553,14.2556,-0.684915
27.0459,15.2986,-0.525034
26.8902,16.2704,-0.773211
26.9416,17.0951,-0.157747
27.0243,18.0444,-0.135459
27.168,19.0087,-0.378704
27.3175,19.8916,-0.757872
27.0057,20.7626,-0.311423
27.1086,21.7783,-0.143532
27.1777,22.7501,0.0914426
27.1001,23.6819,-0.288165
26.9893,24.6347,-0.14424
26.96,25.5733,0.162368
27.2097,26.5363,-0.145186
27.0558,27.5005,-0.359774
27.2219,28.4538,-0.129868
28.0106,1.33469,1.13158
27.9146,1.52615,0.155516
28.0769,2.54296,-0.14189
28.1388,3.41479,0.453273
28.0713,4.40434,0.248976
28.1165,5.41697,0.0328166
28.1263,6.43121,0.0857997
28.0122,7.35967,-0.199179
28.0471,8.38326,-0.276778
28.1954,9.3888,-0.175484
28.0322,10.2558,-0.643706
28.1049,11.1698,-0.33159
28.0618,12.1228,-0.507242
28.0996,13.1652,-0.609961
28.0601,14.1165,-0.926124
28.0435,15.103,-0.620765
27.9596,16.0807,-0.572512
27.96,17.0695,-0.49162
28.0826,18.0127,-0.153011
28.1513,19.029,-0.400467
28.3315,19.9479,-0.68479
27.9984,20.8031,-0.307337
28.085,21.7352,0.181115
28.1606,22.7614,0.0674154
28.1193,23.7868,-0.167592
28.0644,24.7676,-0.0837336
27.9624,25.7779,0.044087
28.202,26.7194,-0.199939
28.0183,27.7169,-0.00713523
28.2452,28.6569,-0.198093
29.0613,1.24475,1.16866
28.9391,1.50618,0.192148
29.1184,2.37009,-0.314151
29.0914,3.25616,0.198456
29.1165,4.2568,0.420795
29.096,5.19134,0.113401
29.111,6.21861,0.181912
29.0019,7.19121,0.0535325
29.0699,8.14884,-0.162294
29.1935,9.18101,-0.0170019
29.0722,10.0973,-0.386019
29.0678,11.0471,-0.0751457
29.0916,12.0317,-0.310834
29.1029,12.9815,-0.662746
28.9973,14.0065,-0.546162
29.0718,15.0086,-0.494601
28.9688,16.0618,-0.40228
29.0171,17.0583,-0.212403
29.0049,18.0204,-0.48544
29.1582,19.0023,-0.209519
29.2511,20.0225,-0.266939
28.9662,20.9219,0.027839
29.0976,21.9508,0.122483
29.0953,22.9799,-0.178442
29.1025,23.9904,-0.014771
29.0916,24.9977,0.0499649
28.9263,25.9302,-0.265047
29.1738,26.9041,-0.242256
29.0206,27.923,-0.131474
29.1533,28.9046,0.115381
