-0.0724723,0.743062,-1.04611
0.00404065,1.09883,-0.0996307
-0.033668,2.0678,-0.269619
-0.0479141,3.11906,-0.126109
-0.0400281,4.15165,-0.165807
-0.0346538,5.12654,-0.0537523
-0.0903562,6.15387,-0.0107456
-0.0797754,7.15524,-0.0705527
-0.089526,8.12659,-0.115351
-0.0553179,9.11139,-0.159832
-0.0381939,10.1185,-0.0682546
-0.048912,11.1398,-0.138484
-0.0561235,12.1321,-0.0787133
-0.03343,13.1544,-0.178344
-0.00666219,14.1467,-0.573299
-0.0646565,15.1271,-0.456722
-0.0789972,16.1211,-0.296393
-0.169417,17.0943,-0.0299478
-0.0307749,18.1161,0.149553
0.132276,19.1303,0.193753
-0.0173406,19.9775,-0.376568
-0.074868,20.9755,-0.110746
-0.132475,22.0014,-0.0763207
-0.062035,22.9963,-0.00800501
-0.0524705,23.9972,0.128266
-0.034727,25.0439,-0.101086
-0.0443525,25.9014,0.331727
0.0329295,26.8739,0.0125919
-0.0559801,27.8939,0.22313
-0.0533525,28.9221,0.312027
0.957469,1.08712,-1.1258
0.919907,1.48714,-0.179785
0.944487,2.44129,-0.414014
0.952873,3.25578,0.166802
0.978155,4.25557,0.0849818
0.943416,5.25132,0.280554
0.941173,6.18325,-0.0247627
0.921274,7.23536,-0.13737
0.972124,8.23583,-0.13032
0.979015,9.25603,-0.07322
0.915467,10.2179,-0.328394
1.00465,11.2104,-0.0547807
0.903827,12.2581,-0.339277
1.00998,13.2456,-0.169021
1.00561,14.0657,-0.785455
0.984805,14.9893,-0.573769
1.00634,16.0348,-0.543812
0.772466,16.9864,-0.209247
0.894443,18.0454,-0.224519
1.10192,19.0181,-0.118723
0.964772,20.0208,-0.0233497
0.972173,21.0176,-0.193689
0.919117,22.029,0.011063
0.978314,22.9879,-0.120414
0.95678,23.914,0.294198
0.983297,24.9198,0.0712333
0.953615,25.9109,0.190756
1.02274,26.9218,-0.0768792
0.934825,27.8333,0.471169
0.950853,28.765,0.176159
1.89154,1.35633,-0.828376
1.78913,1.97631,-0.0616199
1.89391,2.72881,-0.691714
1.94022,3.56818,-0.110285
2.0105,4.56735,0.000967437
1.94895,5.56196,0.223469
1.88616,6.5427,-0.182955
1.92932,7.56969,-0.112677
1.94552,8.56549,-0.130335
2.01965,9.54965,-0.120396
1.92251,10.5391,-0.304801
1.97649,11.513,-0.147923
1.90012,12.4617,-0.526044
1.98914,13.5264,-0.60867
1.89499,14.3516,-1.15289
1.99609,15.2002,-0.594601
2.01168,16.2169,-0.511289
1.76666,17.2191,-0.446724
1.94429,18.1129,-0.0224677
2.14672,19.0883,-0.130766
2.01712,20.1302,0.0259804
1.94772,20.987,-0.469909
1.93825,21.866,0.0473403
2.00884,22.9008,-0.128303
1.95063,23.8477,0.236445
2.00802,24.8552,0.278335
1.97723,25.8469,-0.0282174
2.04556,26.927,-0.0397168
1.94017,27.8102,0.383242
1.93547,28.7456,-0.0501968
2.77172,1.67875,-0.584017
2.70509,2.30822,0.142888
2.86838,2.91096,-0.644795
3.01535,3.80604,-0.158916
3.00732,4.77645,0.297711
3.01097,5.79274,0.111216
2.9208,6.82721,-0.199728
3.00873,7.81583,-0.0394848
2.91867,8.8423,-0.184494
2.98809,9.82585,-0.385739
2.87618,10.7952,-0.531257
2.96809,11.7775,-0.267403
2.92144,12.7326,-0.779684
2.97501,13.7972,-0.622581
2.81575,14.3896,-1.44293
3.02666,15.1454,-0.853435
3.0558,16.1363,-0.597552
2.79128,17.1392,-0.518735
3.01606,18.0107,-0.0407422
3.15038,19.0363,-0.110123
2.94422,20.0155,-0.318152
2.99048,21.0595,-0.368853
2.84746,22.0463,-0.43094
2.98494,22.8576,0.188562
2.99447,23.8257,0.452681
2.98219,24.8777,0.353298
2.98295,25.8578,-0.0645222
3.03078,26.8639,0.0486343
2.92759,27.8084,0.449303
3.02709,28.7383,0.0957183
3.7336,1.99832,-0.70867
3.75098,2.5222,0.1635
3.89758,3.18231,-0.656639
4.00498,4.0175,-0.127491
4.05049,4.93036,0.280819
4.02033,5.95949,0.0225959
3.96027,6.9665,-0.202878
4.03445,7.99841,-0.182061
3.9245,8.99257,-0.297885
3.97028,9.96708,-0.439708
3.89563,10.9619,-0.4107
4.02065,11.9488,-0.438533
3.99994,12.8653,-0.807974
3.97486,13.8598,-0.642918
3.83986,14.3784,-1.55941
4.03793,15.2999,-1.11827
4.02567,16.2291,-0.65988
3.79134,17.2061,-0.747624
3.97309,18.0981,-0.387069
4.163,19.163,-0.320713
4.01677,20.1317,-0.201743
4.06677,21.1433,-0.458922
3.82594,22.143,-0.289941
4.00425,23.04,0.0515824
4.03416,23.8743,0.531623
4.00339,24.8464,0.524937
4.01485,25.733,0.0915098
4.0326,26.7114,-0.0929472
3.94996,27.6901,0.247337
4.04776,28.7463,0.4163
4.79291,2.0607,-0.685598
4.81082,2.66634,0.145585
4.86854,3.44054,-0.520563
5.00191,4.40047,-0.00533769
4.99184,5.38471,0.189828
4.93322,6.38995,0.173272
4.94366,7.35403,-0.249699
4.98749,8.38271,-0.367315
4.90161,9.3602,-0.502896
4.92987,10.3101,-0.219706
4.8578,11.3184,-0.417783
4.97659,12.3071,-0.546898
4.92223,13.2443,-0.888723
4.94705,14.2579,-0.683685
4.91702,14.4817,-1.65067
5.05914,15.3711,-1.23708
5.08021,16.268,-0.818067
4.8008,17.2074,-0.759569
5.00183,18.0056,-0.175417
5.15712,18.923,-0.533268
5.05637,19.9502,-0.367556
5.0654,20.9798,-0.388345
4.8679,21.9625,-0.22956
4.94048,22.7957,0.300644
5.00577,23.7992,0.397214
5.05643,24.819,0.371081
4.92208,25.8602,0.547359
5.04985,26.7184,-0.0422742
4.91601,27.7125,0.0280709
5.04854,28.668,0.107767
5.72223,2.34333,-0.815082
5.79602,2.84684,0.0569079
5.8105,3.74667,-0.391437
5.91604,4.75936,-0.218586
5.89821,5.76878,-0.0977416
5.837,6.75183,-0.0308756
5.93656,7.72647,-0.280169
5.98294,8.73434,-0.152477
5.91375,9.64764,-0.544209
5.88574,10.6001,-0.19986
5.88605,11.5628,-0.439583
5.94572,12.4362,-0.938923
5.94341,13.4266,-1.14667
6.0067,14.3001,-0.681985
5.93246,14.5471,-1.63863
6.04705,15.5309,-1.52425
6.12296,16.2885,-0.868172
5.8677,17.2331,-0.753249
6.05927,18.0928,-0.276315
6.1735,19.0543,-0.456902
6.06872,19.9878,-0.198889
5.96991,20.9635,0.0331614
5.89636,21.9694,-0.324488
5.91053,22.5832,0.468505
5.98025,23.5592,0.24789
6.02588,24.6154,0.126746
5.87964,25.6543,0.248192
6.05554,26.5874,-0.0271157
5.94692,27.5798,0.214078
6.06767,28.5465,-0.171041
6.77112,2.52632,-0.728813
6.84371,3.15051,0.042317
6.72058,4.1509,-0.183615
6.89109,5.13185,-0.102539
6.89876,6.14375,-0.0628315
6.80197,7.14872,-0.099588
6.9037,8.09345,-0.22956
6.89819,9.0994,-0.0858394
6.9014,9.98839,-0.636381
6.83195,10.9765,-0.403174
6.82649,11.9763,-0.346858
6.95108,12.8166,-0.954643
6.8679,13.6176,-1.55664
6.97608,14.4645,-0.987448
6.91254,14.5823,-1.98179
7.03689,15.5272,-1.60479
7.20786,16.2776,-0.943458
6.87859,17.2418,-0.785879
7.05489,18.2176,-0.515052
7.17257,19.2375,-0.459001
6.97119,20.2162,-0.619932
6.8492,21.1637,-0.326325
6.90197,22.1794,-0.480383
6.93243,22.5635,0.490551
7.0096,23.5796,0.488009
6.99627,24.6122,0.463771
6.93336,25.5904,0.198318
7.05384,26.6003,0.15786
6.91395,27.6054,0.381393
7.07815,28.4042,-0.190722
7.7996,2.68166,-0.57672
7.82015,3.5115,-0.0687521
7.74246,4.49322,-0.190207
7.8416,5.46052,0.139995
7.92033,6.4075,-0.019248
7.71125,7.37385,-0.379791
7.9096,8.38824,-0.453755
7.84124,9.36707,-0.409931
7.92148,10.3148,-0.737294
7.80038,11.3224,-0.519687
7.73861,12.2802,-0.775265
7.90667,13.2919,-0.946574
7.86455,13.7186,-1.84154
7.98425,14.6161,-1.30154
7.90591,14.5602,-2.27217
8.03608,15.4533,-1.7335
8.20309,16.2364,-1.08887
7.85896,17.216,-1.14005
8.06388,18.1796,-0.787918
8.17873,19.1994,-0.625871
8.00023,20.1767,-0.63947
7.86585,21.0276,-0.0765007
7.8861,22.0049,-0.170479
7.92065,22.8223,0.411905
7.98722,23.8279,0.570431
7.94112,24.8853,0.520551
7.94929,25.7646,0.00641194
8.06328,26.6373,0.419544
7.93986,27.6149,0.491104
8.04829,28.1307,-0.43466
8.84507,2.72682,-0.437086
8.84278,3.69202,-0.178683
8.71109,4.70854,-0.0528886
8.86159,5.70621,-0.0483871
8.91117,6.72747,-0.0339549
8.71212,7.59964,-0.475262
8.8921,8.62025,-0.556252
8.85079,9.63839,-0.654045
8.87069,10.7384,-0.743901
8.79184,11.7207,-0.633451
8.73966,12.686,-0.95815
8.85421,13.7551,-1.20741
8.8725,13.794,-2.21985
8.98214,14.6561,-1.68289
8.81131,14.8093,-2.6561
9.04111,15.4587,-1.86152
9.18722,16.4194,-1.43296
8.90466,17.3588,-1.29701
9.07434,18.2075,-0.812137
9.1584,19.1497,-0.470827
8.99343,20.1132,-0.458415
8.86882,21.0226,-0.0290078
8.91761,22.0128,-0.0446059
8.90089,22.7954,0.540941
9.01737,23.8163,0.434761
8.97633,24.7967,0.584442
8.93173,25.6453,0.0760552
8.98375,26.6601,0.0222602
8.92252,27.6428,0.29422
9.07709,28.1263,-0.624717
9.88565,2.98803,-0.384188
9.84391,3.96315,-0.260427
9.70243,4.96242,0.0247597
9.80487,5.96328,0.0413556
9.92279,6.92477,-0.0975066
9.74307,7.87913,-0.374148
9.93381,8.85189,-0.592993
9.85534,9.88203,-0.659822
9.89208,10.9305,-0.873278
9.81462,11.9769,-0.889572
9.7516,12.9736,-1.00131
9.84292,13.8587,-1.51262
9.84811,14.1682,-2.4533
10.0239,14.6707,-1.58868
9.87582,14.8206,-2.58346
10.024,15.4949,-1.79347
10.0295,16.474,-2.07247
9.90843,17.2689,-1.46529
10.0879,17.9814,-0.801205
10.0988,19.0374,-0.68587
10.0188,20.0616,-0.714344
9.8787,20.905,-0.176681
9.86881,21.8877,-0.255455
9.97918,22.7289,0.269866
10.058,23.7211,0.437049
9.96119,24.7258,0.334904
9.92369,25.6379,-0.0556017
10.0101,26.6898,0.0858547
9.965,27.6723,0.258837
10.1233,28.142,-0.563027
10.8993,3.128,-0.167745
10.8593,4.14363,-0.345845
10.7154,5.05049,0.0595874
10.8742,6.11838,0.156139
10.9072,7.04696,-0.237883
10.822,8.07597,-0.160387
10.9292,9.03232,-0.444621
10.8829,9.99961,-0.647261
10.9914,11.0028,-0.8648
10.8199,11.9858,-0.902609
10.8063,13.0116,-1.02457
10.9211,13.988,-1.34118
10.8778,14.062,-2.34879
11.0326,14.7683,-1.68983
10.881,14.756,-2.75819
11.0338,15.4587,-2.00083
11.0218,16.4815,-1.8224
10.9195,17.3777,-1.42351
11.1118,18.1528,-0.730467
11.1279,19.1818,-0.627268
11.0873,20.1884,-0.634742
10.9057,21.0563,-0.178439
10.8299,21.918,-0.617313
10.9943,22.7475,-0.0395215
11.0494,23.8089,0.0772912
10.9445,24.8011,0.315262
10.9445,25.7457,0.0142766
11.0303,26.7239,0.297894
10.9119,27.6586,-0.074163
11.1035,28.5505,-0.598062
11.9302,3.32214,0.0714042
11.8938,4.20142,-0.389486
11.7792,5.16661,-0.000839259
11.9152,6.17975,0.0335887
11.9859,7.16535,-0.0903073
11.84,8.15411,-0.159069
11.938,9.11777,-0.419449
11.9522,10.0833,-0.655309
12.0172,11.1147,-0.791574
11.8885,12.0966,-0.9816
11.841,13.0996,-1.19856
11.911,14.1001,-1.41129
11.9028,14.2086,-2.41813
12.0531,14.9545,-1.76583
11.9328,14.7302,-2.72575
11.9783,15.2829,-1.85468
12.0139,16.3133,-1.73057
11.9726,17.3143,-1.47541
12.0815,18.1684,-0.986303
12.1281,19.1479,-0.770995
12.1512,20.1678,-0.640785
11.8447,21.1669,-0.523923
11.825,22.1692,-0.59946
11.9876,22.877,0.104334
12.0757,23.898,0.196103
11.865,24.6802,0.725629
11.9317,25.5424,0.0905911
12.065,26.5615,0.0938292
11.9199,27.5363,-0.000561541
12.1501,28.3571,-0.587213
12.9809,3.202,0.0087405
12.8966,4.1862,-0.102484
12.8784,5.24489,0.145552
12.9295,6.26264,0.0256081
12.964,7.18947,-0.382968
12.8447,8.19319,-0.223072
12.9998,9.16365,-0.379952
12.992,10.1455,-0.740172
13.0653,11.1584,-0.708539
12.9465,12.1301,-1.04799
12.9688,13.1218,-1.20604
12.9683,14.0749,-1.50841
12.9695,14.1185,-2.53924
13.0339,15.0068,-1.96592
12.9272,14.8721,-2.95856
12.9748,15.5133,-2.15244
13.0001,16.4093,-1.67172
12.9696,17.3408,-1.32977
13.0601,18.3246,-1.14936
13.1237,19.3742,-1.08354
13.1771,20.1997,-0.500229
12.8546,21.188,-0.534111
12.8845,22.2377,-0.388781
12.9224,22.8494,0.426234
13.0835,23.7842,0.143989
12.8666,24.7327,0.392239
12.8586,25.7545,0.417112
13.1353,26.6788,0.0987304
12.9426,27.745,0.0456191
13.1902,28.4783,-0.531343
13.9864,3.15447,-0.303821
13.92,4.14627,-0.107175
13.9668,5.22491,0.00395825
13.9608,6.25983,-0.0657338
14.0118,7.18779,-0.486883
13.935,8.23281,-0.257796
14.0134,9.17713,-0.626676
13.9863,10.2048,-0.688018
14.0899,11.2372,-0.769463
14.0276,12.1441,-1.13412
14.0842,13.1671,-1.32275
14.0485,14.1407,-1.58619
13.9996,14.1534,-2.58404
14.1005,14.9325,-1.96484
13.9557,14.9823,-3.02944
13.9843,15.6572,-2.27263
14.0556,16.5468,-1.80165
13.9348,17.1917,-1.09953
14.0713,18.1725,-0.941121
14.104,19.2207,-0.996017
14.1683,20.1401,-0.566875
13.8435,21.1072,-0.326963
13.8793,22.1194,-0.355873
13.9533,22.8099,0.448836
14.1185,23.7497,0.180273
13.8552,24.7413,0.401822
13.8794,25.7678,0.261553
14.1518,26.6857,0.0578448
13.9754,27.6769,0.10795
14.2066,28.4339,-0.51503
15.0622,3.16518,-0.00861538
14.844,4.13994,0.268743
15.0113,5.17231,0.187963
15.0424,6.19564,0.0233345
15.0461,7.14168,-0.398569
14.9939,8.19751,-0.369652
15.0079,9.1145,-0.844969
15.0482,10.1411,-0.5966
15.1023,11.1533,-0.681845
15.0662,12.1502,-0.988183
15.1211,13.0175,-1.42647
15.0751,13.9999,-1.65929
15.0797,14.1249,-2.67144
15.149,14.8286,-1.93653
14.9739,15.2011,-2.83869
14.9214,15.5934,-1.95617
15.1464,16.5648,-1.74911
14.9101,17.4447,-1.29467
15.0693,18.4002,-0.988653
15.1284,19.3342,-1.22209
15.1296,20.0072,-0.42505
14.8757,21.0144,-0.439833
14.88,22.0056,-0.505643
14.9534,22.5881,0.302527
15.1824,23.5825,0.339329
14.8655,24.5484,0.27419
14.821,25.5291,0.0540574
15.1905,26.4745,0.1172
14.9461,27.5054,-0.140349
15.2968,28.3741,-0.540983
16.0751,3.19994,0.182412
15.9011,4.18376,0.281515
16.0569,5.18981,0.183892
16.0478,6.21518,0.0391797
16.0537,7.20016,-0.188971
15.994,8.13192,-0.647105
16.0564,9.10663,-0.708097
16.0761,10.0996,-0.692093
16.1249,11.0966,-0.887643
16.1665,12.0985,-0.923801
16.1534,13.0698,-1.2895
16.1381,14.1038,-1.52277
16.1372,14.1148,-2.53006
16.1947,14.8658,-1.8726
15.9893,15.2345,-2.80745
15.991,15.7042,-1.9482
16.1543,16.7041,-1.91481
15.8954,17.5458,-1.36318
16.0656,18.5527,-1.08229
16.152,19.541,-0.934117
16.0875,20.1253,-0.10126
15.8441,20.922,-0.680694
15.8429,21.8834,-0.401743
15.9457,22.5604,0.329096
16.203,23.5655,0.232572
15.9304,24.5462,0.259267
15.856,25.438,-0.170351
16.1828,26.4092,-0.0870205
15.9835,27.4497,-0.0240089
16.3354,28.3618,-0.455416
17.065,3.09751,0.227375
16.9331,4.07645,0.275124
17.0545,5.08388,0.0414136
17.0634,6.10194,-0.143242
17.0623,7.11489,-0.227165
17.0495,8.04809,-0.537156
17.1023,9.06342,-0.482723
17.1216,10.06,-0.634434
17.1774,11.1081,-0.738215
17.1657,12.0993,-1.13536
17.1687,13.0649,-1.36721
17.166,14.0799,-1.46185
17.1825,14.1069,-2.44698
17.1652,14.8689,-1.83155
16.9768,14.8077,-2.80358
17.0179,15.4647,-2.04439
17.0415,16.3585,-1.5687
16.9634,17.3675,-1.25883
17.062,18.3794,-1.28462
17.1555,19.2806,-0.782049
17.1188,20.0048,-0.111252
16.876,20.8171,-0.685171
16.8442,21.6825,-0.137635
16.9558,22.609,0.172784
17.2129,23.5627,0.203555
16.9323,24.5595,0.164531
16.8728,25.4875,-0.228138
17.1751,26.3933,0.0427381
17.0556,27.3864,-0.0649098
17.3938,28.3401,-0.25627
18.0886,3.1197,0.417167
18.0075,4.05443,0.143281
18.1119,5.06176,0.0588855
18.1386,6.02145,-0.22299
18.1016,7.06915,-0.190307
18.1027,7.99677,-0.479736
18.1721,9.01232,-0.600476
18.1825,10.0349,-0.776791
18.1742,11.0777,-0.71196
18.1554,12.0257,-0.957384
18.171,12.9871,-1.27383
18.1521,13.9411,-1.44017
18.23,14.0373,-2.41988
18.1504,14.7109,-1.68117
17.9947,14.9492,-2.63109
17.987,15.5531,-1.76027
18.0214,16.4351,-1.30666
17.9322,17.3675,-0.933256
18.0995,18.3596,-1.13681
18.1443,19.2888,-0.680319
18.1663,20.0717,-0.0104404
17.856,20.8846,-0.501071
17.8129,21.8847,-0.285089
17.9913,22.8062,0.152397
18.2591,23.7624,0.140162
17.9092,24.6822,0.28392
17.9534,25.5254,-0.236934
18.1589,26.4066,0.290399
18.0578,27.2749,-0.0731223
18.3305,28.0628,-0.601563
19.0924,2.93675,0.551411
18.9955,3.91783,0.363317
19.1453,4.86257,-0.0401379
19.1623,5.83266,-0.256505
19.1024,6.84245,-0.399741
19.1022,7.82245,-0.267266
19.172,8.80843,-0.599643
19.1854,9.84528,-0.679519
19.1837,10.8807,-0.681036
19.152,11.8455,-1.01975
19.2,12.8142,-1.25647
19.2003,13.8523,-1.22308
19.248,13.9977,-2.20119
19.1831,14.6992,-1.50804
19.0038,14.8936,-2.44609
18.9906,15.5542,-1.69317
19.0544,16.3847,-1.04224
18.9767,17.4026,-0.991906
19.071,18.4144,-0.804981
19.231,19.394,-0.550652
19.143,20.0915,0.14409
18.8556,21.0259,-0.203632
18.8,22.0096,-0.148289
19.0024,22.8656,0.395114
19.0458,23.7877,0.758226
18.8611,24.7025,0.484658
18.9556,25.4824,-0.142326
19.1545,26.4583,-0.00487381
19.092,27.4304,-0.098001
19.3641,28.1669,-0.803922
20.0661,2.59721,0.355098
19.9493,3.58101,0.221104
20.1601,4.5298,-0.0940947
20.1661,5.51463,-0.217237
20.089,6.51978,-0.41225
20.1252,7.54457,-0.319175
20.1489,8.53922,-0.355937
20.1569,9.53951,-0.452425
20.1705,10.528,-0.586984
20.1433,11.4946,-0.950969
20.1393,12.5189,-0.948567
20.2244,13.5188,-1.00232
20.2213,13.9372,-1.93735
20.1344,14.6786,-1.17348
19.9925,14.7776,-2.16608
20.0454,15.3938,-1.37611
20.0694,16.407,-1.1598
20.0353,17.3041,-0.751701
20.0876,18.2747,-0.869021
20.1725,19.1614,-0.344221
20.1546,20.1879,-0.0962249
19.8581,21.1306,-0.179305
19.8433,22.1511,-0.0968352
20.0352,22.8873,0.518287
20.0397,23.7787,1.06823
19.903,24.6695,0.64366
19.9013,25.6379,0.20083
20.1907,26.5634,-0.14178
20.112,27.5679,-0.12364
20.3199,28.5078,-0.533427
21.1162,2.41688,0.281201
20.9653,3.41392,-0.0757622
21.1629,4.37577,-0.298416
21.2136,5.37948,-0.353883
21.0999,6.40391,-0.307849
21.168,7.40322,-0.275826
21.2074,8.37049,-0.513782
21.1826,9.40032,-0.354021
21.1928,10.3924,-0.629035
21.2152,11.3003,-1.03739
21.1358,12.2919,-0.80538
21.1682,13.2767,-0.757115
21.1987,13.5545,-1.72923
21.019,14.1947,-0.968996
21.0262,14.6318,-1.90665
21.083,15.5252,-1.49669
21.0509,16.2849,-0.86389
21.0424,17.187,-0.374624
21.079,18.1516,-0.61268
21.1578,19.1071,-0.270473
21.1705,20.0311,0.0577105
20.8684,20.9961,-0.160768
20.9173,22.0032,-0.04944
21.0974,22.7315,0.674865
21.0727,23.7881,0.923496
20.9764,24.8205,0.753746
20.9126,25.7895,0.395526
21.1643,26.3715,-0.362334
21.0929,27.3847,-0.239268
21.2749,28.3803,-0.200455
22.1453,2.22934,0.0726371
21.9995,3.23518,-0.104871
22.17,4.16997,-0.436238
22.1763,5.17472,-0.264962
22.1801,6.24109,-0.33162
22.1929,7.22836,-0.117167
22.2395,8.21843,-0.354576
22.1795,9.18667,-0.04832
22.2004,10.0743,-0.483398
22.1552,10.9908,-0.817975
22.0675,11.9692,-0.729432
22.1261,13.0232,-0.742958
22.214,13.2773,-1.69336
21.9759,13.9646,-0.945067
22.0528,14.499,-1.77851
22.0703,15.3457,-1.27251
22.0933,16.2208,-0.736592
22.0781,17.0757,-0.147346
22.0714,18.0616,-0.508905
22.0844,18.924,0.014301
22.1194,19.9596,-0.226603
21.9085,20.9685,-0.222388
21.9734,21.9197,0.0399762
22.0257,22.8469,0.391934
22.0975,23.8092,0.693146
21.9596,24.7385,0.450438
21.8797,25.6879,0.00187078
22.1758,26.5741,-0.291443
22.0528,27.5728,-0.213822
22.2745,28.6237,-0.1219
23.1328,2.03562,-0.0296213
22.9988,3.00569,-0.0271737
23.1285,3.91588,-0.493234
23.2252,4.89128,-0.181875
23.1743,5.95111,-0.274136
23.1497,6.96405,-0.0475997
23.2832,7.951,-0.245302
23.2003,8.90889,0.00837428
23.0912,9.90288,0.0467788
23.0969,10.5986,-0.695325
23.0559,11.5711,-0.764226
23.0881,12.5526,-0.763518
23.2699,13.1822,-1.54501
22.9646,13.8092,-0.800833
23.0365,14.4508,-1.59604
23.0845,15.3581,-1.21095
23.0804,16.3716,-0.920579
23.0547,17.1333,-0.296539
23.0469,18.0279,-0.717841
23.0424,18.9473,-0.251769
23.1339,19.9391,-0.18858
22.9403,20.9168,-0.0778222
23.0342,21.8874,-0.0916562
23.009,22.8955,0.156981
23.1105,23.8347,0.54442
22.9149,24.7468,0.138472
22.9116,25.7118,-0.107245
23.1927,26.6069,-0.435163
23.0696,27.5441,0.0240272
23.2619,28.5456,-0.211686
24.146,1.94003,-0.0201056
24.0677,2.88083,0.106998
24.1596,3.76636,-0.510349
24.2348,4.67117,-0.118366
24.1976,5.6577,-0.20972
23.9593,6.65936,-0.544588
24.2504,7.55674,-0.236018
24.1524,8.48986,0.140217
23.9355,9.43204,-0.17282
24.0686,10.2605,-0.708014
24.013,11.2788,-0.895337
24.1168,12.2954,-0.919059
24.3384,13.1767,-1.38294
24.006,13.7557,-0.658889
24.0643,14.2887,-1.50536
24.0608,15.2032,-1.01206
24.0395,16.1632,-0.759874
24.0554,17.1117,-0.235453
24.1316,18.0286,-0.615461
24.0359,18.9645,-0.185562
24.1496,19.9872,0.113718
23.9706,20.9385,-0.13647
24.0803,21.9406,-0.143437
23.8923,22.9772,-0.233515
24.0851,23.8087,0.302945
23.9269,24.7899,0.195386
23.9091,25.7562,-0.183343
24.2403,26.5995,-0.614274
24.0594,27.6055,-0.246629
24.2913,28.5882,-0.305658
25.0695,1.54529,0.0190008
25.0295,2.51532,-0.217078
25.1204,3.47101,-0.427122
25.1991,4.39683,-0.0486831
25.2191,5.39998,-0.118589
24.9397,6.32194,-0.331959
25.219,7.34178,-0.408545
25.1058,8.21481,0.107321
24.9748,9.15851,-0.257997
25.063,10.0862,-0.640138
25.0772,11.0489,-0.84109
25.098,12.0436,-0.767943
25.294,12.8913,-1.31149
25.005,13.4371,-0.487442
24.9947,14.2456,-1.06337
25.0413,15.2629,-0.811969
24.9989,16.2022,-0.48511
24.9863,17.2265,-0.518415
25.0752,18.2825,-0.524717
25.0055,19.0596,0.193753
25.1344,20.0048,-0.203455
24.9716,20.9919,-0.0295053
25.1293,21.9893,0.0320719
24.8865,22.9919,-0.117438
25.0706,23.9338,0.162307
24.9445,24.9495,0.375091
24.9513,25.823,-0.245369
25.2634,26.6967,-0.589749
25.0087,27.5344,-0.0103824
25.2915,28.5062,-0.182507
26.0552,1.47129,0.435563
25.9494,2.1066,-0.314371
26.0473,3.06547,-0.61305
26.1183,3.92919,-0.185449
26.1144,4.94738,-0.0111728
25.9928,5.93052,-0.268273
26.0502,6.91251,-0.0611469
26.0868,7.86963,0.246324
25.9495,8.80442,-0.0406903
26.0331,9.64967,-0.561202
26.0454,10.6393,-0.644148
26.0365,11.6307,-0.718555
26.1613,12.6511,-0.85793
25.9846,13.436,-0.296127
25.9719,14.3685,-0.756822
26.0505,15.3953,-0.751588
25.9947,16.2429,-0.287674
25.9932,17.2313,-0.215442
26.0741,18.2322,-0.288815
26.025,19.1669,0.0125095
26.1622,20.142,-0.227042
25.989,21.0594,0.179467
26.0996,22.0521,0.207221
25.9034,23.0499,0.107282
26.0078,24.0025,-0.227805
26.0231,24.9061,0.259993
25.9519,25.7454,-0.232551
26.2194,26.6945,-0.303189
25.9885,27.6968,-0.207758
26.2734,28.6862,-0.220249
27.0453,1.12774,0.501703
26.9773,1.86629,-0.152989
27.0439,2.847,-0.520045
27.0803,3.59234,0.14958
27.059,4.574,0.250386
26.988,5.57013,-0.0890011
27.013,6.57562,-0.235725
27.0348,7.56595,-0.0887295
26.9828,8.53146,-0.0937071
27.0379,9.38866,-0.558019
27.04,10.4311,-0.621644
27.0138,11.3583,-0.336818
27.0544,12.3924,-0.389984
27.0369,13.4113,-0.361156
27.0341,14.3974,-0.648952
27.0824,15.4132,-0.661885
27.0099,16.3692,-0.517093
27.0156,17.3216,-0.1463
27.1008,18.2863,-0.319156
27.0415,19.2765,0.00745872
27.1357,20.17,-0.443892
26.9981,21.0409,0.083639
27.04,22.0056,-0.128144
26.9822,22.9711,0.108805
27.0047,23.9499,0.0756188
26.9712,24.97,0.0150395
26.8845,25.9796,0.0735527
27.2351,26.6957,-0.513117
27.017,27.7244,-0.345784
27.2755,28.6446,-0.434187
28.0344,0.856893,0.728745
27.9472,1.56332,0.030604
28.0926,2.52945,-0.40285
28.0433,3.40396,0.0610645
28.0722,4.34632,0.347804
27.9491,5.33146,0.00982696
28.0246,6.27879,-0.262908
27.9844,7.25783,0.0363598
27.9934,8.27181,-0.0474197
28.036,9.33117,-0.162627
28.0539,10.2925,-0.364516
27.9688,11.2557,-0.0420026
27.999,12.2373,-0.102554
28.0602,13.2222,-0.440101
27.9606,14.1698,-0.20954
28.0589,15.1493,-0.314292
27.9563,16.1357,-0.50914
27.9553,17.093,-0.219218
28.055,18.0645,-0.0889767
28.0249,19.0823,-0.12772
28.1531,20.1075,-0.212775
27.9521,21.0738,-0.2549
28.0406,22.0738,-0.1601
28.0129,23.0373,0.144975
28.0345,24.0661,0.163298
28.0207,25.0495,-0.00131535
27.9282,26.0613,0.0650197
28.1453,26.9927,-0.222926
27.9648,27.9794,-0.0706748
28.2262,28.8264,-0.593551
29.0216,0.652724,0.82646
28.9623,1.3131,0.0220893
29.1002,2.31012,-0.241417
29.0514,3.21309,0.201794
29.0904,4.17666,0.313532
29.0173,5.2053,0.0665853
29.0789,6.15742,-0.194043
28.9927,7.17986,-0.0154485
29.0354,8.16106,0.116761
29.1014,9.11107,-0.104257
29.0392,10.0824,-0.31467
29.0355,11.0014,0.0580157
29.0374,12.0011,-0.031428
29.0507,12.9687,-0.218662
28.9482,13.9673,-0.0934874
29.0398,14.9876,-0.155916
28.9544,15.9373,-0.441826
28.9892,16.9272,-0.151415
29.0485,17.9249,-0.243931
29.0793,18.9873,-0.24644
29.2082,20.0149,-0.0578631
28.971,21.025,0.0220374
29.0679,22.0121,-0.0498611
29.0509,23.0251,0.11399
29.0686,24.0569,0.146541
29.0798,25.0145,-0.126099
28.9621,26.0072,0.125788
29.1381,27.0228,-0.0241951
29.0342,27.9974,-0.121134
29.1114,29.0554,-0.0865841
