0.0883877,0.05038,-0.355309
0.0215247,1.30087,-0.429191
-0.0271889,2.60364,-0.499243
0.0351024,3.87512,-0.531828
-0.0287729,5.10196,-0.528361
0.00491958,6.35983,-0.542021
0.121259,7.5998,-0.560872
0.096231,8.84007,-0.602728
0.0920438,10.0249,-0.693954
0.187558,11.1836,-0.859819
0.324018,12.3435,-0.706446
0.291556,13.4091,-0.605756
0.387161,14.4528,-0.782949
0.237977,15.4537,-0.539671
0.118979,16.4274,-0.320664
0.236302,17.3242,-0.697626
-0.0980224,18.1688,-0.247154
-0.00496841,17.2078,-0.156944
0.116581,18.0548,0.405084
-0.0142491,19.0025,0.147871
0.852507,0.761806,-0.454466
0.881903,1.9551,-0.399802
0.870403,3.14558,-0.50882
0.925956,4.38135,-0.462893
0.929972,5.58494,-0.522416
0.930894,6.75599,-0.656386
1.06321,7.93025,-0.757598
1.09538,9.13343,-0.647273
1.13536,10.368,-0.503357
1.13699,11.5584,-0.364055
1.38234,12.6739,0.0469192
1.31922,13.82,-0.0825709
1.34238,14.6606,-0.736552
1.28463,15.7726,-0.347984
0.987481,16.5892,0.19096
1.3363,17.1528,-0.536653
0.919953,18.0448,-0.386648
1.03935,17.0622,-0.297528
1.06178,18.0343,0.0144108
0.983801,19.0696,-0.0855312
1.83192,0.981188,-0.34959
1.86897,2.1742,-0.353951
1.86267,3.37328,-0.501883
1.88765,4.55663,-0.599854
1.9383,5.79004,-0.678793
1.91878,7.03574,-0.593976
1.99671,8.28732,-0.663079
2.07711,9.48148,-0.388327
2.04547,10.7151,-0.12544
2.03012,11.9427,0.268709
2.33715,13.1264,0.861211
2.25159,14.5557,0.498242
1.8195,15.5416,-0.44362
2.29716,16.339,0.073397
1.75804,17.3394,-0.125639
2.38874,16.8797,-0.703986
2.00143,17.8352,-0.176797
2.04437,16.9026,-0.493405
2.0675,17.8858,-0.256807
1.96717,18.9147,0.00871609
2.84546,0.687365,-0.363393
2.83518,1.82823,-0.393359
2.86826,3.01463,-0.41456
2.82683,4.17344,-0.465874
2.86273,5.36901,-0.537159
2.82429,6.55473,-0.569832
2.81348,7.70264,-0.438615
2.84133,8.8652,-0.244157
2.89737,10.0443,-0.26512
2.83132,11.252,-0.0682302
2.83916,12.4267,0.102872
2.71235,13.6116,0.0865047
2.50302,14.5726,-0.465673
2.71651,15.4951,-0.244716
2.47784,16.6071,-0.276977
3.32572,17.1251,-0.321671
2.9768,18.0389,-0.0511338
3.05383,17.0821,-0.426911
3.05304,18.0842,-0.3532
2.94074,19.0269,-0.0506424
3.81871,0.489563,-0.373537
3.8842,1.63083,-0.460619
3.83424,2.75067,-0.486444
3.83924,3.86205,-0.487402
3.79615,4.97323,-0.478893
3.72941,6.07171,-0.587558
3.7182,7.18071,-0.44944
3.70663,8.30782,-0.407785
3.61665,9.42199,-0.459719
3.565,10.5553,-0.386044
3.46485,11.6515,-0.374929
3.40743,12.7243,-0.23061
3.34087,13.7984,-0.389062
3.41071,14.8271,-0.42909
3.3519,15.8673,-0.33043
4.03144,16.5082,0.0335307
3.90651,17.4947,0.0726371
3.97746,17.2893,-0.918488
4.05098,18.144,-0.393078
3.9706,19.113,-0.0498276
4.84921,0.316181,-0.366335
4.83804,1.42128,-0.470315
4.86587,2.47355,-0.527
4.81432,3.57288,-0.563454
4.74238,4.6698,-0.489434
4.70382,5.75501,-0.623334
4.60107,6.87408,-0.571306
4.66455,7.96854,-0.616221
4.59536,9.04805,-0.554927
4.51743,10.1127,-0.418851
4.3769,11.1228,-0.391223
4.26975,12.1671,-0.373656
4.22659,13.2201,-0.503873
4.31441,14.2769,-0.614054
4.29781,15.3091,-0.367071
4.91243,16.0004,0.0869167
4.7662,16.9472,0.117032
4.98954,17.2973,-0.804788
5.07783,18.189,-0.417206
4.96738,19.0817,0.0180334
5.87269,0.156337,-0.415403
5.88611,1.22437,-0.398553
5.89047,2.31405,-0.520753
5.78015,3.37377,-0.405188
5.74322,4.45348,-0.504941
5.66706,5.48448,-0.678439
5.58353,6.50466,-0.65797
5.60298,7.56845,-0.625547
5.53374,8.61876,-0.695199
5.4404,9.69727,-0.722977
5.37951,10.7944,-0.605206
5.29241,11.8025,-0.562331
5.19232,12.8166,-0.497095
5.31531,13.8686,-0.51341
5.33085,14.8929,-0.381674
5.86506,15.6874,0.0819208
5.73319,16.6767,0.165987
6.00624,17.2868,-0.525419
6.04696,18.2555,-0.629347
5.97897,19.0061,0.0592883
6.8883,0.147862,-0.480142
6.95698,1.21603,-0.358043
6.89547,2.30655,-0.382794
6.84645,3.34949,-0.449779
6.74646,4.34335,-0.33393
6.66267,5.44581,-0.290585
6.55758,6.45727,-0.343666
6.58996,7.47227,-0.38515
6.53569,8.48926,-0.51728
6.50286,9.54696,-0.480389
6.39657,10.5196,-0.599582
6.31942,11.5239,-0.552263
6.23229,12.5608,-0.500797
6.2925,13.4928,-0.278216
6.33559,14.5726,-0.277566
6.78089,15.4321,-0.121387
6.7438,16.4297,0.153557
7.05511,17.2251,-0.362111
7.05608,18.1882,-0.627204
7.03362,18.9506,0.0615345
7.91773,0.0171697,-0.511069
7.9488,1.04906,-0.469143
7.89649,2.12092,-0.437272
7.87201,3.13621,-0.395682
7.68984,4.14884,-0.250472
7.63453,5.17367,-0.210044
7.56522,6.17098,-0.361241
7.60416,7.23975,-0.429194
7.57551,8.28351,-0.54088
7.51789,9.28166,-0.473452
7.42743,10.3059,-0.471734
7.32112,11.3026,-0.644179
7.23344,12.3309,-0.503861
7.33561,13.3017,-0.145763
7.43842,14.3128,-0.241011
7.80042,15.2337,-0.335795
7.75487,16.1071,0.135133
7.95696,17.0628,-0.0176244
8.00999,18.0406,-0.229615
8.05372,19.0386,-0.0605304
8.89438,-0.076223,-0.331742
8.95041,0.977194,-0.292621
8.92025,2.02671,-0.215732
8.86143,3.05825,-0.122819
8.72047,4.08904,-0.210129
8.63613,5.13628,-0.246632
8.63355,6.17942,-0.273788
8.60539,7.19082,-0.36802
8.60978,8.15968,-0.592444
8.52409,9.17745,-0.577062
8.4494,10.1872,-0.624796
8.37527,11.1544,-0.500009
8.29386,12.16,-0.473873
8.3952,13.1523,-0.311295
8.48184,14.1664,-0.236647
8.81377,15.0834,-0.2202
8.83717,16.0321,0.0268349
8.97161,16.9988,0.104382
8.98794,18.0381,-0.00239265
9.02976,19.0392,0.0866512
9.92445,-0.144307,-0.334834
9.99293,0.853685,-0.308478
9.92733,1.85137,-0.343864
9.85097,2.87542,-0.210083
9.70801,3.92365,-0.162603
9.6984,4.97834,-0.167394
9.62729,6.02843,-0.237675
9.65872,7.03686,-0.271392
9.61899,8.08131,-0.54771
9.59051,9.05644,-0.551402
9.4234,10.0621,-0.3712
9.42741,11.0902,-0.521943
9.32694,12.0475,-0.312879
9.4475,13.043,-0.309149
9.499,14.0585,-0.270067
9.80544,15.0037,-0.0575823
9.85433,16.0104,0.0239509
10.0192,17.0168,-0.152312
10.0114,18.0425,-0.0772088
10.048,19.0518,0.165697
10.9189,-0.052385,-0.125184
11.003,0.976467,-0.23759
10.9566,1.99435,-0.201419
10.8189,2.98933,0.0310282
10.792,3.97615,-0.124525
10.8048,5.00361,-0.0690725
10.7316,6.03827,-0.193942
10.7213,7.06157,-0.208918
10.682,8.03355,-0.472152
10.5701,9.07961,-0.476702
10.4648,10.0804,-0.425596
10.4895,11.0688,-0.4923
10.3735,12.0235,-0.254253
10.5303,13.0061,-0.216733
10.5096,14.0501,-0.251769
10.8163,14.9913,-0.11485
10.8847,15.9969,-0.0864528
11.0163,17.0355,-0.0700583
11.0179,18.0702,-0.0873836
11.064,19.0575,0.108182
11.9532,0.0163182,-0.117249
11.975,1.01774,-0.000756859
11.9526,2.02799,-0.0413923
11.8096,3.02029,0.225239
11.7915,4.04906,0.0713004
11.7906,5,-0.155147
11.7537,6.03343,-0.297565
11.7559,7.02957,-0.431581
11.7016,8.1084,-0.425257
11.6186,9.07039,-0.651885
11.5414,10.0831,-0.506146
11.548,11.1015,-0.258544
11.4673,12.0952,-0.212531
11.6014,13.1003,-0.27687
11.5753,14.1594,-0.302561
11.8429,15.1438,-0.354677
11.8402,16.0967,-0.0311106
11.9735,17.0999,0.192291
12.0266,18.0838,-0.0186377
12.0353,19.0772,-0.0433699
12.954,0.0245582,-0.177731
12.9356,0.982922,0.120896
12.949,1.98848,0.227796
12.8499,2.9945,0.157781
12.8123,3.98559,-0.101563
12.7601,5.0391,0.0973998
12.7674,6.07364,-0.0733177
12.7925,7.0713,-0.312839
12.7354,8.04493,-0.574007
12.6238,8.98739,-0.367293
12.5759,9.95392,-0.141899
12.612,10.999,-0.287558
12.5315,12.0278,-0.0992279
12.6672,13.0122,-0.305194
12.5653,14.0362,-0.253639
12.7855,14.9915,-0.0338847
12.8268,16.0202,-0.150526
12.9328,17.076,-0.0994781
13.0477,18.062,-0.0903073
13.0779,19.0839,-0.0979156
13.951,-0.0759301,-0.0528642
13.9411,0.962444,0.184875
13.9511,1.976,0.125022
13.8877,3.02395,0.0263161
13.8217,4.07691,-0.101694
13.7655,5.09675,-0.0195715
13.7366,6.05573,-0.258824
13.8179,7.03761,-0.298114
13.7403,8.02942,-0.472845
13.6344,9.02582,-0.491861
13.6563,9.97453,-0.107846
13.6733,10.9696,-0.339079
13.5974,11.9508,-0.0715384
13.6918,13.0075,-0.134718
13.5585,13.9975,-0.100171
13.8078,14.9177,0.236039
13.8344,15.8837,0.0354015
13.9414,16.8879,-0.146767
14.0387,17.8939,-0.14532
14.0909,18.9328,-0.0720511
14.9639,-0.0152654,-0.158153
14.9309,0.97257,-0.0990631
14.9666,1.96414,0.137858
14.8895,2.91922,-0.252449
14.876,3.90292,-0.145985
14.7931,4.9317,-0.144328
14.8539,5.96727,-0.181112
14.845,6.93292,-0.450807
14.7876,7.94425,-0.59227
14.7156,8.95882,-0.448863
14.6903,9.96926,-0.201514
14.7003,10.9926,-0.204193
14.6515,11.9905,-0.0473739
14.7514,13.0141,-0.154305
14.6314,14.0063,-0.185577
14.7646,15.0346,-0.0316996
14.8579,16.0431,-0.141383
14.9496,17.1163,-0.153401
15.045,18.168,0.0148839
15.0487,19.1457,0.0938963
15.9913,-0.156621,-0.115702
15.9596,0.802936,0.0013123
15.9759,1.82133,-0.0251015
15.874,2.82239,-0.165697
15.8926,3.858,-0.0940764
15.8303,4.85304,-0.276162
15.9097,5.86785,-0.294491
15.8292,6.86075,-0.392831
15.9017,7.93532,-0.330439
15.8029,8.9539,-0.435267
15.7589,9.92902,-0.195938
15.799,10.9505,-0.235856
15.6997,11.9971,-0.264431
15.7449,12.971,-0.125001
15.7316,14.0237,-0.345161
15.8074,15.0004,-0.162398
15.9836,15.9913,-0.11229
15.9665,16.9789,0.0566332
16.0934,18.028,0.0804651
16.0735,19.0484,0.192947
16.9895,-0.0310099,-0.145778
16.9326,0.984936,-0.0805994
16.9751,1.98596,-0.203467
16.9322,2.98439,-0.156041
16.8886,3.97923,-0.132276
16.9043,4.95761,-0.118009
16.9412,5.9507,-0.252696
16.8275,6.99028,-0.20206
16.9174,7.96701,-0.243657
16.8205,9.00382,-0.277001
16.8159,10.0178,-0.102625
16.7839,10.9973,-0.273528
16.7977,12.0129,-0.296008
16.772,12.9841,-0.105155
16.7456,14.0464,-0.029368
16.8202,15.1136,0.028666
16.9935,16.1008,0.158306
16.975,17.079,0.332066
17.1123,18.0443,0.234007
17.0756,19.0889,0.135508
18.0475,-0.147081,-0.0479629
17.9941,0.849052,-0.186636
17.9759,1.87819,-0.144523
17.9057,2.86,-0.177938
17.8981,3.91834,-0.31464
17.9574,4.91511,-0.202637
17.9787,5.91162,-0.309351
17.8465,6.92627,-0.437355
17.997,7.99362,-0.333888
17.8887,9.03915,-0.390262
17.8652,10.0446,-0.271395
17.8526,10.9934,-0.349422
17.8894,12.0345,-0.374297
17.7887,13.0122,-0.129279
17.8062,13.995,0.0604785
17.8501,14.979,-0.022602
18.0087,15.949,0.155995
17.9924,16.9694,0.420673
18.1419,17.9268,0.125971
17.9993,18.8485,0.418052
19.1361,0.0137272,-0.195477
18.9874,1.03396,-0.174245
18.9475,2.04098,0.0367473
18.9633,3.0354,-0.208945
18.9324,4.04992,-0.144462
18.9554,5.08101,-0.147902
19.0078,6.07933,-0.316767
18.8776,7.01404,-0.62103
19.0236,8.00948,-0.496097
18.958,9.01183,-0.549968
18.9301,10.0403,-0.414579
18.8712,11.0751,-0.3382
18.9756,12.065,-0.417084
18.8843,12.9311,0.0864406
18.9296,13.9566,0.109098
18.9447,14.9875,-0.11901
19.0643,15.9633,0.118259
18.9844,16.9802,0.103671
19.1343,17.9987,0.117246
18.9973,18.988,0.153008
