4.19647,5.70541,1.18127
3.47779,4.99296,1.01446
2.77379,5.04529,0.259612
3.02093,5.9962,0.131986
2.81962,6.96254,0.226279
2.61404,6.00202,0.185397
2.83504,6.71427,-0.494665
2.9356,6.32865,0.41962
3.10944,5.34089,0.725758
3.42222,4.76567,1.45956
3.45459,5.04044,0.985028
4.01644,4.80938,0.164632
3.24861,4.13967,0.0590991
3.16268,5.05188,0.392523
3.08996,6.07289,0.500778
2.80497,5.07938,0.552467
2.71095,5.98191,0.132063
2.00596,6.67026,0.336464
2.71166,6.23167,0.897107
3.54924,5.64006,0.938395
3.81344,4.40013,0.268084
4.7318,4.05947,0.11966
3.90834,3.80837,0.718485
3.27121,4.45326,1.22372
3.62992,5.19509,0.746373
3.18186,4.4001,1.15398
3.18004,5.14974,0.497159
2.58258,5.85067,0.0896054
3.50875,5.81057,0.49414
3.11565,6.50679,1.15628
3.67155,3.52101,-0.175527
4.58474,3.32134,-0.515442
3.74483,3.7751,-0.270705
3.9241,4.54209,0.439482
3.01928,4.78535,0.0900296
3.75445,5.06217,0.676257
3.8311,4.95192,-0.29342
3.57877,5.76793,0.266546
4.1181,6.65655,0.240086
4.0888,6.80674,1.21987
4.61168,3.28078,-0.403424
3.6695,3.17163,-0.877068
4.54287,3.669,-0.851604
3.72839,3.92229,-0.346544
3.83342,4.96909,-0.420377
4.63929,4.97466,0.209854
4.6901,5.25651,-0.746181
3.76357,5.09098,-0.438942
4.43378,5.74024,-0.0237648
3.806,6.4358,0.32985
4.41012,2.33854,-0.679546
4.64389,3.22921,-1.09842
5.21429,2.98981,-0.33929
4.7147,3.86377,-0.419422
4.7085,4.77361,-0.0257698
5.54023,5.40862,-0.0376019
5.41529,5.90598,-0.889718
4.45031,5.71599,-0.871786
5.24723,6.10475,-0.434919
4.80222,6.62853,0.323997
4.93757,3.08816,-1.1535
5.10308,2.98877,-0.2051
6.03659,2.84057,0.152013
5.63497,3.50028,-0.475866
5.59257,4.48547,-0.44514
5.69048,5.30455,-1.02947
5.80689,5.47687,-0.0674612
5.1855,6.25465,-0.308536
5.92004,6.12689,0.36079
5.60242,6.91704,-0.216825
5.21154,3.24261,-0.218918
5.93384,2.80607,0.306299
6.01267,3.8406,0.212409
5.82889,4.48283,-0.511231
5.64478,5.4686,-0.471703
5.05578,6.10824,-0.992053
5.73115,6.44623,-0.336128
5.57172,6.27758,0.646486
5.79365,7.11439,0.19378
6.49869,6.39976,-0.196255
5.39421,3.31775,0.766295
6.05173,3.78643,0.152797
6.37088,4.56365,-0.342335
5.84541,5.08863,0.296066
5.63935,6.08044,0.326423
5.26152,6.7624,-0.279394
5.99941,7.46877,-0.266692
5.23486,6.8076,-0.170248
6.03493,6.75197,-0.725416
6.47136,7.40637,-0.0965423
6.08015,3.33538,0.00672018
6.81567,3.81825,-0.541173
7.3052,4.50834,-0.0187506
6.57103,4.51623,0.674569
6.0573,5.1984,0.175521
5.67865,5.87757,-0.531986
5.31141,6.75053,-0.262108
5.25729,7.41312,-0.991082
5.89707,6.9985,-1.68718
5.79186,7.53179,-0.784768
