-0.133045,0.616196,-0.873016
0.0043611,1.11663,0.0424909
-0.0337382,2.05544,-0.30141
-0.0365764,3.05552,-0.0476485
-0.0271615,4.04876,-0.189868
-0.0237831,5.0496,-0.110578
-0.0486129,6.10342,-0.00644246
-0.079577,7.15047,-0.131654
-0.0820612,8.17281,-0.00989715
-0.0483688,9.13719,-0.257335
-0.0288369,10.1303,-0.0931028
-0.0362865,11.1579,-0.142943
-0.0457869,12.1294,-0.0194433
-0.0328318,13.1487,-0.172015
-0.0292947,14.0769,-0.539534
-0.0618488,15.0758,-0.452174
-0.0645436,16.0785,-0.388125
-0.0639851,17.0437,-0.0209357
-0.0171361,18.032,-0.00556963
0.0839595,19.0193,-0.0537095
-0.016422,19.9593,-0.333509
-0.0680685,20.9301,-0.0988678
-0.109162,21.9738,-0.168813
-0.0553148,22.9738,0.174392
-0.0446852,23.9878,-0.0819727
-0.0150578,24.9876,-0.148991
-0.0444105,25.9061,0.287503
0.038731,26.8746,0.0800226
-0.0515091,27.8747,0.163268
-0.0493454,28.9123,0.24713
0.851961,0.748418,-0.966887
1.00133,1.40734,-0.235713
0.927244,2.40345,-0.407501
0.989077,3.31418,-0.00669271
0.995483,4.28514,-0.0559221
0.980786,5.28755,-0.0362072
0.932878,6.33208,-0.0190497
0.945384,7.39349,-0.212464
0.849089,8.41509,-0.324482
0.941838,9.43002,-0.440138
0.953264,10.447,-0.34246
0.959862,11.4255,-0.0846278
0.911942,12.358,-0.444929
0.903003,13.3856,-0.266649
0.964043,14.1947,-0.855159
1.00365,15.1588,-0.457405
0.955278,16.1823,-0.386712
0.856844,17.1974,-0.455184
0.987335,17.9768,0.178655
1.06536,18.8566,-0.283142
1.03059,19.8557,-0.262499
1.00319,20.8478,-0.014481
0.94977,21.858,-0.181936
0.940867,22.8704,0.0546648
0.974837,23.8618,0.0830439
1.00484,24.9397,0.156398
0.991818,25.9606,0.252812
1.05322,26.9718,0.152013
0.923734,28.0061,0.0309214
1.00408,29.0427,0.172204
1.85213,1.06999,-0.755269
1.98582,1.6892,0.0227882
1.93736,2.64897,-0.423118
1.89639,3.69993,-0.36625
1.95008,4.76367,-0.256493
1.89624,5.68662,0.216779
1.92053,6.66483,0.0159276
1.96382,7.56595,-0.429511
1.85975,8.57454,-0.406131
1.98357,9.57758,-0.568422
2.00026,10.5989,-0.310303
1.99162,11.6471,-0.265917
1.93002,12.6227,-0.503793
1.87966,13.5749,-0.342909
1.95604,14.2508,-1.12123
1.98214,15.2372,-0.765297
1.95036,16.2252,-0.60636
1.81636,17.1485,-0.188504
2.03439,18.1061,0.10282
2.09954,19.0275,-0.224928
1.98409,19.9725,-0.546321
2.04996,20.8062,-0.0329722
1.9625,21.8072,0.0624683
1.95812,22.8005,0.302554
1.97594,23.785,0.418131
1.96907,24.7836,0.517426
1.96162,25.7718,0.121094
2.06797,26.7632,0.357924
1.88743,27.7108,0.0893429
1.98817,28.7065,0.0996338
2.84223,1.25234,-0.744234
3.04436,1.95126,-0.00864284
2.97681,2.90565,-0.426383
2.90951,3.91186,-0.186715
3.00763,4.91197,-0.216996
2.92942,5.87969,0.148146
2.91046,6.74984,-0.318549
2.95105,7.81246,-0.36675
2.81798,8.79011,-0.520579
2.9223,9.75267,-0.372707
2.99434,10.8111,-0.427189
3.06606,11.8142,-0.377627
2.93047,12.8084,-0.573455
2.97699,13.7758,-0.376989
2.9363,14.24,-1.28971
2.99684,15.1163,-0.799411
2.95907,16.0775,-0.506265
2.74861,17.0722,-0.475439
3.02638,17.944,-0.102466
3.07245,18.9211,-0.401224
3.01295,19.8926,-0.594519
3.05939,20.8163,-0.226328
2.9843,21.8123,0.106812
3.00042,22.8013,0.421125
2.98188,23.8261,0.415909
2.92651,24.7889,0.229716
2.92289,25.7762,0.419092
3.07536,26.7537,0.319462
2.89941,27.667,-0.167122
3.0062,28.6276,0.221223
3.92599,1.26656,-0.600702
4.09558,2.13452,-0.120954
3.96581,3.07577,-0.349358
3.93152,4.07085,-0.240522
4.10423,5.035,-0.146336
3.91117,6.02244,0.00171514
3.85618,7.0043,-0.0627461
3.92255,8.03129,-0.0392804
3.79445,9.09027,-0.282968
3.93121,10.1121,-0.389373
3.99687,11.0918,-0.21326
4.04582,12.0762,-0.541548
3.89027,13.0322,-0.862764
4.02277,13.9709,-0.463475
3.92036,14.4759,-1.40119
4.03568,15.2646,-0.712662
3.95925,16.2275,-0.610849
3.72948,17.2287,-0.51771
4.04372,18.1533,-0.291528
4.12072,19.1618,-0.364867
3.95745,20.121,-0.714679
4.09356,21.0356,-0.332942
3.97935,21.9731,-0.0101871
3.97711,22.8701,0.395978
4.03853,23.8636,0.509134
3.92863,24.8764,0.371856
4.00426,25.9181,0.455614
4.1273,26.9232,0.377447
3.92001,27.7131,-0.184664
4.01682,28.6824,0.0188635
4.79998,1.81542,-0.777004
5.03338,2.47936,-0.0929685
4.90503,3.46866,-0.242759
4.95619,4.41756,-0.109387
5.02609,5.44378,-0.26429
4.84252,6.41666,-0.210584
4.82262,7.41956,-0.326536
4.94154,8.38148,-0.119898
4.7626,9.28408,-0.538221
4.9932,10.2145,-0.317215
4.98829,11.2128,-0.3116
5.0221,12.26,-0.508994
4.93994,13.1478,-0.95865
4.90223,14.1165,-0.902014
4.88224,14.788,-1.62229
5.02363,15.2858,-0.75674
4.95607,16.2642,-0.798172
4.72558,17.1913,-0.545698
5.02669,18.1434,-0.569903
5.08849,19.0337,-0.118955
4.88513,20.0273,-0.335716
5.14458,21.0045,-0.384664
4.97518,21.8945,0.0448378
4.96357,22.8817,0.225526
5.07078,23.86,0.386966
4.99861,24.8893,0.391604
5.01251,25.8765,0.477581
5.15516,26.9066,0.369604
4.90898,27.6094,-0.321561
5.03841,28.5861,-0.0486129
5.80421,2.10815,-0.866387
6.02431,2.79853,-0.124812
5.96337,3.76827,-0.146757
5.98184,4.80325,0.00205084
5.97217,5.85529,-0.301233
5.79189,6.82526,0.0531999
5.79861,7.70453,-0.342149
5.88708,8.61568,-0.0276589
5.75285,9.56456,-0.446037
5.92604,10.5389,-0.549504
5.96736,11.5382,-0.549998
6.03074,12.5265,-0.556206
5.94265,13.1945,-1.31291
5.91422,14.1217,-0.919572
5.92788,14.6944,-1.73345
5.99845,15.4239,-1.10773
5.89347,16.4127,-1.15731
5.73655,17.2797,-0.500656
6.05019,18.2859,-0.736375
6.00832,19.2631,-0.350996
5.86789,20.2545,-0.536399
6.08599,21.1127,-0.0384716
5.96872,22.1439,-0.164211
5.96144,22.8548,0.529936
6.06182,23.8766,0.729838
5.9899,24.8235,0.450917
6.02899,25.8883,0.411542
6.18232,26.8867,0.393271
5.91361,27.7935,0.0639546
5.99778,28.7176,-0.443068
6.85716,2.31138,-0.8142
6.98805,3.05851,-0.135127
6.93723,4.09331,-0.279467
6.95478,5.07186,0.0651814
7.0047,6.03617,-0.208029
6.81568,6.99783,0.04073
6.79904,7.87611,-0.514576
6.85974,8.85607,-0.195099
6.75255,9.85778,-0.49349
6.91263,10.856,-0.675298
6.90712,11.8111,-0.971346
7.06361,12.7653,-0.741093
6.95705,13.3253,-1.55203
7.02582,14.137,-0.964693
6.96652,14.668,-1.88693
6.99554,15.548,-1.31726
6.95702,16.5779,-1.33596
6.74835,17.3159,-0.70824
7.02445,18.2769,-0.706296
7.02096,19.1539,-0.22729
6.86449,20.0753,-0.600513
7.1166,20.9881,-0.292328
7.01318,21.9783,-0.301129
6.91365,22.8976,0.172222
7.02495,23.8756,0.380929
6.97574,24.8832,0.321958
7.12643,25.8597,0.561303
7.23712,26.7922,0.234657
6.94897,27.7242,0.13881
6.99593,28.5215,-0.446721
7.84954,2.43956,-0.540471
8.0182,3.32739,-0.137501
7.95771,4.28043,-0.315476
7.98897,5.24922,-0.0591479
7.9612,6.23829,0.0187017
7.82455,7.22499,0.131794
7.8101,8.11897,-0.301944
7.80127,9.11094,-0.534321
7.76889,10.1747,-0.538432
7.97884,11.1201,-0.823106
7.95948,12.1738,-0.970522
8.00572,13.1731,-0.908802
7.94336,13.4832,-1.86738
8.02902,14.303,-1.23784
7.97312,14.6784,-2.13203
7.9735,15.4995,-1.58522
7.99836,16.4456,-1.25574
7.75162,17.2697,-0.784106
8.0694,18.2139,-0.772576
8.00742,19.0547,-0.183691
7.89798,20.0504,-0.588098
8.1555,21.033,-0.324436
8.08006,22.0293,-0.332856
7.93552,22.8736,0.19685
7.96581,23.8691,-0.0457595
8.05562,24.8362,0.0791345
8.12645,25.816,0.418992
8.13005,26.6208,-0.152571
7.88651,27.4962,0.272073
7.85117,27.9553,-0.616871
8.88912,2.64782,-0.67033
8.95036,3.61279,-0.461995
8.93258,4.57343,-0.0931913
8.99732,5.51026,0.168535
8.95661,6.49633,-0.0083285
8.85348,7.53798,-0.0789697
8.7596,8.56357,-0.109928
8.78417,9.47694,-0.523124
8.72701,10.5007,-0.704639
8.91855,11.5444,-0.707263
8.91511,12.6175,-0.963625
8.89862,13.7409,-1.08778
8.93849,13.7356,-2.10646
8.97148,14.681,-1.58209
8.95317,14.7288,-2.56186
8.94027,15.4963,-1.88138
8.97399,16.4777,-1.57784
8.78437,17.1203,-0.812418
9.0391,18.0775,-0.6978
9.03738,18.9336,-0.180026
8.96112,19.869,-0.535875
9.1998,20.9075,-0.465654
9.08068,21.8829,-0.141594
8.91363,22.7196,0.374563
8.96296,23.7139,0.135414
8.97245,24.6354,-0.273772
9.04394,25.6222,-0.0234107
9.17442,26.5797,-0.26592
8.87109,27.4031,0.181573
8.82002,28.2534,-0.356603
9.84464,3.05975,-0.71865
9.88159,3.88502,-0.214573
9.88806,4.87468,-0.267089
10.0103,5.7668,0.149315
9.98577,6.74439,-0.112442
9.8502,7.75964,-0.106165
9.71518,8.77788,-0.25642
9.80252,9.75586,-0.498215
9.69592,10.8174,-0.64976
9.90991,11.8301,-0.679492
9.98105,12.7814,-0.988464
9.93649,13.7894,-1.10388
9.95381,13.9469,-2.11446
9.9785,14.711,-1.40286
9.96562,14.7188,-2.40015
10.0232,15.5195,-1.81614
9.9586,16.5072,-1.71023
9.69602,17.3192,-1.244
10.0426,18.0499,-0.611249
10.0313,19.012,-0.227589
9.93142,19.9727,-0.397467
10.1576,20.9068,-0.158187
10.1603,21.8711,-0.00129704
9.98167,22.7184,0.443501
9.98357,23.7628,0.315796
10.0093,24.6558,-0.102286
10.0412,25.7306,-0.0634419
10.1339,26.6585,-0.421433
9.8795,27.5062,0.166799
9.83054,28.4444,-0.210074
10.8207,2.83573,-0.272744
10.9334,3.82331,0.0378887
10.9266,4.81504,-0.238328
11.0778,5.81488,0.0357585
11.0294,6.80904,-0.156905
10.888,7.78944,-0.225059
10.7241,8.82886,-0.147301
10.8418,9.8062,-0.48124
10.8025,10.793,-0.675106
10.9619,11.7767,-0.806973
10.9655,12.7621,-1.05308
10.9483,13.7893,-1.03841
11.0056,13.9745,-2.10134
10.9663,14.6347,-1.26759
10.9319,14.9911,-2.22769
10.9259,15.5098,-1.39427
10.9564,16.4557,-1.6329
10.7169,17.294,-1.07977
11.0998,18.1606,-0.643593
11.0105,19.0803,-0.189419
10.9131,20.0471,-0.406931
11.0692,21.0362,-0.617499
11.2046,21.9009,-0.181036
11.0375,22.7397,0.355382
11.0164,23.7485,0.264144
11.016,24.7777,0.0963744
11.025,25.7701,-0.0859066
11.1764,26.6929,-0.402145
10.8981,27.5325,0.119092
10.842,28.4484,-0.204752
11.7794,2.9863,-0.303024
11.903,3.99185,-0.278777
11.9581,5.00545,-0.165514
12.0827,5.97149,0.172167
12.0377,6.85071,-0.34424
11.9739,7.85601,-0.289254
11.768,8.85349,-0.225291
11.8671,9.80494,-0.51735
11.8551,10.7883,-0.666952
11.9879,11.7614,-0.840886
12.0023,12.725,-1.03554
11.969,13.7886,-1.22653
11.9663,14.1897,-2.11682
11.9826,14.7074,-1.22082
11.9504,15.0605,-2.13272
11.9985,15.591,-1.27251
11.9735,16.5563,-1.57308
11.752,17.4167,-1.16753
12.1913,18.2536,-0.703885
12.0857,19.1357,-0.247749
11.9345,20.1107,-0.332041
12.0602,21.0972,-0.662581
12.1796,21.7707,0.109943
12.0565,22.7309,0.293411
11.9918,23.7394,0.063564
12.0225,24.7443,0.288
12.0214,25.6767,-0.055562
12.1877,26.6675,-0.33383
11.9135,27.451,0.2515
11.9253,28.3263,-0.347114
12.7752,2.99022,-0.0772423
12.9166,4.01122,-0.242717
13.0096,5.02932,-0.0565172
13.0728,6.07977,0.0273446
13.0862,6.97281,-0.414991
13.0444,7.96251,-0.242058
12.8277,8.93356,-0.218281
12.8529,9.95139,-0.45157
12.9483,10.9408,-0.787207
13.0182,11.9215,-0.888556
12.9783,12.9378,-1.11789
12.9709,13.9606,-1.24443
13.0382,14.1647,-2.22864
13.0133,14.7977,-1.44445
12.9277,14.8677,-2.4247
12.9691,15.5822,-1.74719
13.037,16.5537,-1.41328
12.7593,17.5079,-1.23188
13.2175,18.2027,-0.587045
13.0751,19.2042,-0.475811
12.8807,20.1455,-0.721204
13.0608,21.1324,-0.70687
13.1624,21.7862,0.105127
13.09,22.778,0.167879
12.8517,23.6968,0.629106
13.0637,24.6826,0.535228
13.0153,25.5975,0.143083
13.1601,26.5869,-0.1193
12.9404,27.4669,0.376266
12.9657,28.2368,-0.260228
13.8275,3.07713,0.0951415
13.9495,4.05533,-0.0389538
14.0881,5.09325,-0.237184
14.0833,6.15552,-0.201691
14.0926,7.11816,-0.448021
14.0758,8.0921,-0.228999
13.8329,8.96417,-0.592099
13.8787,9.99744,-0.322318
13.9949,10.9556,-0.679058
13.9958,11.9706,-0.863802
13.9801,12.9859,-0.951131
14.0371,13.843,-1.45129
14.0958,14.1566,-2.40815
14.0373,14.6605,-1.52672
13.9774,15.0359,-2.46684
13.9356,15.5682,-1.54732
14.0381,16.5505,-1.64964
13.8099,17.5083,-1.23999
14.0984,18.4618,-0.941667
14.1333,19.3316,-0.377783
13.8931,20.2904,-0.6352
14.1041,21.2198,-0.799207
14.172,21.6985,0.0938231
14.1578,22.7142,0.140278
13.7703,23.6514,0.241575
14.0433,24.6218,0.354213
14.0695,25.6183,0.102518
14.1713,26.6281,0.0170324
13.9273,27.6016,0.311841
13.9664,28.0495,-0.586081
14.8801,3.18123,0.121146
14.9401,4.15654,-0.21518
15.1361,5.13477,-0.320536
15.1164,6.14154,-0.359038
15.1017,7.10346,-0.661547
15.1082,7.99095,-0.187979
14.9247,8.98719,-0.36679
14.8463,9.89487,-0.684899
15.0422,10.9228,-0.714093
15.0022,11.9095,-0.773937
15.001,12.918,-0.939204
15.0915,13.7825,-1.55019
15.0953,14.2634,-2.49127
15.0167,14.618,-1.47882
14.9594,14.8096,-2.49535
14.9422,15.5242,-1.82981
15.1004,16.5595,-1.69848
14.8316,17.4928,-1.45761
15.0779,18.36,-0.938575
15.1527,19.2611,-0.528437
14.8441,20.2248,-0.44272
15.0967,21.14,-0.737465
15.1757,21.6018,0.147523
15.1626,22.6057,0.312641
14.797,23.5653,0.167064
15.0289,24.5371,0.21822
15.1611,25.5595,0.127543
15.184,26.5787,0.195303
14.9957,27.5292,0.359435
15.0074,28.0573,-0.550523
15.9339,3.20487,0.301337
16.0149,4.08359,-0.171151
16.1467,5.031,-0.447215
16.111,6.06384,-0.442073
16.1629,7.04802,-0.640077
16.0888,8.03026,-0.493139
15.9543,9.06504,-0.489227
15.8828,10.0257,-0.830103
16.0975,10.9795,-0.702942
16.0309,11.9914,-0.927467
16.0647,12.9915,-1.04856
16.068,14.011,-1.33898
16.1223,14.2241,-2.32894
15.9741,14.8442,-1.54129
16.0202,14.9243,-2.58426
15.9241,15.6286,-1.90721
16.0673,16.6222,-1.78886
15.9181,17.5119,-1.39238
16.112,18.3728,-0.921006
16.1812,19.3119,-0.653832
15.8791,20.2481,-0.497684
16.1304,21.1499,-0.885641
16.0532,21.9352,-0.2433
16.2164,22.8189,0.184002
15.7909,23.6997,0.109848
15.9587,24.634,-0.151219
16.1621,25.496,0.305625
16.1314,26.4295,-0.0863033
15.9919,27.4353,0.14218
16.0192,27.8633,-0.782366
16.9364,3.06326,0.210871
17.08,3.97321,-0.241752
17.1457,4.95749,-0.306632
17.1823,5.93244,-0.34568
17.1887,6.9239,-0.524152
17.1689,7.97875,-0.534037
17.0125,9.05458,-0.516974
16.9389,10.0472,-0.699356
17.0941,11.0731,-0.885202
17.0465,12.0508,-0.883975
17.084,13.064,-0.97383
17.0964,14.0272,-1.36222
17.1406,14.2652,-2.34156
17.0268,14.8527,-1.55184
17.0272,14.8364,-2.60674
16.9601,15.5944,-1.9571
17.0846,16.5898,-1.94521
16.96,17.3724,-1.29968
17.1075,18.312,-0.903992
17.1809,19.3041,-0.633045
16.9461,20.2599,-0.465905
17.1527,21.2134,-0.82013
16.9246,22.1653,-0.697018
17.2002,22.7049,0.0926237
16.8035,23.6107,-0.0881405
16.9434,24.5889,0.202179
17.0474,25.4871,-0.208026
17.1587,26.4535,0.196673
16.9884,27.4232,0.020954
17.0105,28.0809,-0.7751
17.937,2.8989,0.178643
18.1079,3.86373,-0.0251106
18.2067,4.86572,-0.201804
18.2495,5.89366,-0.302429
18.1689,6.92179,-0.354918
18.1853,7.92379,-0.669604
18.0453,8.91809,-0.474065
17.977,9.91509,-0.862664
18.1823,10.9075,-0.863775
18.1006,11.9315,-0.912165
18.1188,12.931,-1.23311
18.1204,13.9264,-1.41379
18.1214,14.0642,-2.40815
18.0882,14.7661,-1.67385
18.0599,14.9106,-2.65274
17.9658,15.5972,-1.90481
18.0946,16.5977,-1.86254
18.0111,17.4299,-1.26203
18.0991,18.3954,-0.895712
18.1659,19.4592,-0.833827
17.9712,20.393,-0.529148
18.1439,21.2665,-1.02562
17.9715,22.2398,-0.703848
18.289,22.7279,0.152989
17.8567,23.6664,-0.125422
17.9424,24.6221,0.281017
18.1355,25.4371,-0.328407
18.1324,26.365,0.109827
18.0411,27.3433,0.0402173
17.9807,28.2375,-0.402875
19.0052,2.88487,0.228217
19.1323,3.81459,-0.092645
19.231,4.81097,-0.163158
19.2737,5.86968,-0.118989
19.1355,6.7702,-0.545723
19.1538,7.78156,-0.576919
19.0473,8.79632,-0.748952
19.0165,9.81469,-0.756069
19.2349,10.8466,-0.805243
19.1282,11.8365,-1.00407
19.1185,12.8409,-0.867644
19.1628,13.8168,-1.21017
19.1737,14.0272,-2.2882
19.083,14.7627,-1.54938
19.0646,14.9305,-2.51774
18.9645,15.655,-1.86312
19.1343,16.611,-1.82708
19.0661,17.4301,-1.15442
19.1311,18.4234,-1.03845
19.1416,19.4274,-0.914261
19.0451,20.3595,-0.520124
19.1501,21.3256,-0.776928
19.0011,22.2286,-0.479443
19.2759,22.9252,0.205756
18.8769,23.7886,-0.113205
18.9226,24.562,0.511307
19.1405,25.3132,-0.147691
19.1118,26.3101,-0.282354
19.0313,27.3069,-0.0971892
19.0317,28.2259,-0.519095
19.9739,2.67987,0.112836
20.1023,3.59475,-0.280383
20.2352,4.63552,-0.147569
20.2883,5.6205,-0.0667684
20.1658,6.60515,-0.360936
20.1827,7.54955,-0.641017
20.0568,8.57002,-0.713044
19.9771,9.56588,-0.49595
20.2018,10.5443,-0.725175
20.15,11.5239,-0.940941
20.0981,12.5148,-0.982302
20.1747,13.5663,-0.997104
20.1662,13.894,-1.97493
20.043,14.5937,-1.24367
20.0162,14.8207,-2.27534
19.9877,15.5616,-1.58892
20.0678,16.5378,-1.37608
19.996,17.3669,-0.837687
20.0542,18.3226,-0.59776
20.093,19.3552,-0.606073
20.0223,20.2051,-0.125626
20.1435,21.1269,-0.698032
19.9528,21.9838,-0.193829
20.2785,22.8989,0.00551469
19.8715,23.8442,0.0577929
19.952,24.7647,0.456764
20.0825,25.2878,-0.415635
20.1725,26.2984,-0.447542
20.0407,27.2561,-0.175127
19.9994,28.205,-0.119517
20.9585,2.35203,0.0597003
21.0373,3.33991,-0.0238777
21.2386,4.31008,-0.322333
21.2527,5.30739,-0.188739
21.1404,6.32484,-0.371673
21.189,7.31549,-0.592813
21.0755,8.32695,-0.471859
20.978,9.29404,-0.30177
21.209,10.2959,-0.490527
21.0911,11.1562,-1.07517
21.0812,12.1639,-0.785241
21.083,13.1488,-0.964589
21.2055,13.7594,-1.78866
21.0429,14.3835,-1.02103
21.0157,14.7123,-2.01137
21.0293,15.5333,-1.44547
21.1005,16.5308,-1.31867
21.0032,17.3688,-0.77998
21.1357,18.3044,-0.553746
21.1248,19.3733,-0.696884
21.1001,20.0284,0.14478
21.0916,21.0034,-0.306858
20.9982,22.0292,-0.251225
21.2623,22.9453,0.303977
20.9049,23.8332,-0.054796
21.0298,24.7101,0.367541
21.0965,25.4986,-0.274767
21.1815,26.4893,-0.463216
21.0874,27.4139,-0.0785852
20.9797,28.4075,-0.104904
21.9223,2.07191,-0.0342723
22.0539,3.06585,-0.188174
22.2604,4.03248,-0.382974
22.1987,4.96718,-0.0620716
22.0744,5.98459,-0.252013
22.1866,7.00373,-0.379192
22.0627,8.03818,-0.195343
21.9269,9.01397,-0.00934782
22.1623,10,-0.106607
22.1082,10.7381,-0.812745
21.962,11.733,-0.984942
22.0838,12.7694,-0.961425
22.174,13.6468,-1.43029
21.9815,14.2822,-0.675533
21.9504,14.3679,-1.67675
22.0462,15.3329,-1.51592
22.0625,16.292,-1.18398
22.046,17.2356,-0.783697
22.0761,18.1179,-0.302896
22.0902,19.1124,-0.60716
22.0892,20.0113,-0.123862
22.1687,20.9485,-0.338347
22.0184,21.9229,-0.00687887
22.0448,22.8941,-0.338911
21.914,23.789,0.0297372
22.0396,24.8122,0.205274
22.1235,25.7233,-0.0558306
22.1785,26.589,-0.637004
22.1165,27.4166,-0.0929502
22.0167,28.4057,-0.11608
22.9312,1.76503,0.0845393
23.0721,2.84339,-0.00139164
23.2439,3.78818,-0.162859
23.2212,4.7885,-0.180334
23.116,5.80585,-0.0600177
23.1466,6.79218,-0.211661
23.0727,7.78498,-0.253203
22.8908,8.60559,0.242302
23.1114,9.47385,-0.240092
23.0642,10.43,-0.556932
22.974,11.3642,-0.949028
23.079,12.4073,-0.837819
23.1388,13.3737,-1.27539
22.9604,13.9954,-0.513706
22.9653,14.2908,-1.46821
23.121,15.3205,-1.5045
23.0345,16.2458,-1.02879
23.1059,17.2205,-0.647343
22.9985,18.243,-0.769094
23.0209,19.0848,-0.23972
23.124,20.1312,-0.246007
22.9918,21.0053,0.237501
23.0556,21.9689,-0.0925565
23.0473,22.9982,-0.207208
23.0081,23.9682,-0.0324015
23.0591,24.9326,0.302637
23.059,25.6933,-0.398471
23.1641,26.6938,-0.407971
23.1195,27.5817,0.0237281
23.0155,28.4906,-0.361657
23.9192,1.51167,0.260848
24.0287,2.50201,0.0941984
24.1364,3.42988,-0.408777
24.1751,4.40229,-0.0968322
24.037,5.37648,-0.111826
24.0737,6.35697,-0.26635
24.0391,7.37824,-0.358467
23.8687,8.33958,-0.0752617
24.0795,9.28972,-0.294745
24.0568,10.2704,-0.38045
23.9962,11.2003,-0.756297
24.0144,12.159,-0.438923
24.0377,13.0086,-1.00725
23.9914,13.7668,-0.353294
23.9017,14.4536,-1.10875
24.134,15.387,-1.25936
24.052,16.3418,-0.942003
24.1217,17.1453,-0.323374
24.0447,18.0984,-0.751921
24.0524,19.0268,-0.428636
24.1238,19.988,-0.12971
24.0055,20.9182,0.255745
24.0615,21.9218,0.147539
24.0342,22.9199,-0.0763604
23.9991,23.9632,0.227213
24.0823,24.9844,0.0628651
24.0356,25.7946,-0.570003
24.2114,26.7595,-0.499109
24.0949,27.6892,-0.202191
24.0347,28.6875,-0.376174
24.9706,1.4356,0.288638
24.9707,2.25748,-0.32588
25.1154,3.2437,-0.506326
25.1625,4.20978,-0.0903775
25.0008,5.18032,0.129087
25.0796,6.09268,-0.296573
25.0089,7.05967,-0.101331
24.8371,8.10103,-0.161586
25.1033,9.10781,-0.168465
25.1049,10.0895,-0.479397
24.954,11.0539,-0.532246
25.0075,11.9794,-0.180294
25.0056,12.7541,-0.790265
25.0067,13.6266,-0.249132
24.9645,14.4545,-0.924268
25.1606,15.4271,-0.868978
25.014,16.4495,-0.781921
25.0461,17.1449,0.0310282
24.9976,18.0719,-0.42848
25.0247,19.0427,-0.202841
25.1728,20.0387,-0.135667
25.0289,20.9695,0.215918
25.0433,21.943,0.0911679
25.0312,22.94,0.0440077
25.0335,23.9526,0.243229
25.1402,24.8771,-0.10726
25.093,25.6367,-0.728001
25.239,26.6056,-0.393268
25.0948,27.5867,-0.336708
25.0703,28.6158,-0.596277
26.0033,1.29607,0.399036
25.9075,1.92749,-0.416669
26.1562,2.88737,-0.334666
26.1144,3.85418,-0.178289
25.9715,4.80636,0.151094
26.0499,5.77223,0.0242653
26.0383,6.84087,0.00469985
25.8917,7.82506,-0.16332
26.0532,8.78628,-0.293097
26.112,9.79328,-0.230641
25.9555,10.796,-0.440309
25.9975,11.7227,0.0232582
25.9765,12.4384,-0.728648
26.0134,13.4495,-0.46671
26.0593,14.3931,-0.82837
26.145,15.3998,-0.996905
25.9812,16.2539,-0.50954
26.0186,17.2144,-0.240153
26.05,18.1772,-0.411444
26.0276,18.9691,0.229484
26.1952,19.9589,0.130613
26.0831,20.9529,-0.0187719
25.951,21.9377,-0.329801
26.0281,22.9119,-0.267406
26.0735,23.8183,0.20173
26.0884,24.8129,-0.129157
26.0652,25.6413,-0.702506
26.2895,26.5602,-0.344111
26.0757,27.5224,-0.16664
26.0621,28.5523,-0.353774
26.9121,0.818021,0.46068
26.9171,1.72467,-0.038789
27.1813,2.65451,-0.357418
27.0838,3.60149,-0.089642
26.9673,4.5271,0.263198
27.0236,5.52373,0.156774
27.0513,6.54002,-0.0121799
26.9582,7.56452,-0.0206885
27.0819,8.54124,-0.232572
27.102,9.54653,-0.0854732
26.9052,10.4685,-0.419025
27.0156,11.3835,0.0544053
27.0176,12.3222,-0.374737
27.0025,13.3138,-0.159822
27.0172,14.3123,-0.430781
27.1114,15.2549,-0.729304
26.9591,16.1329,-0.264251
27.0717,17.1728,-0.410511
27.0356,18.1977,-0.339177
27.0214,19.0713,0.144411
27.2174,20.0352,0.175301
27.0799,20.9505,-0.206143
27.0098,21.96,-0.265014
27.0535,22.9952,-0.27145
27.0771,23.822,0.30188
27.0498,24.7926,0.114228
27.0081,25.7138,-0.314048
27.2503,26.7496,-0.37864
27.036,27.7326,-0.140916
27.0487,28.7531,-0.142354
27.9227,0.583468,0.305609
27.9548,1.52021,-0.0188726
28.1179,2.3924,-0.564394
28.0307,3.27758,0.00811487
28.0074,4.30697,0.180151
28.0018,5.27396,-0.0253334
28.0638,6.2905,-0.103485
27.9642,7.28947,-0.249947
28.0687,8.28162,-0.232246
28.093,9.31882,-0.147206
27.9589,10.2803,-0.37076
28.0167,11.1897,0.100507
28.016,12.1024,-0.288467
28.054,13.1013,-0.252116
27.9529,14.101,-0.188302
27.9811,15.1287,-0.189196
27.9213,16.1275,0.0425642
27.9869,17.1225,-0.0301462
28.0498,18.1404,-0.236753
28.0377,19.1898,-0.0515213
28.2288,20.1103,0.242033
28.0386,20.9787,-0.382745
28.0018,21.9454,-0.0816767
28.025,22.9419,-0.0179479
28.0605,23.9446,0.141377
28.0755,24.9483,-0.0632588
27.9831,25.9315,-0.0966918
28.2282,26.8801,-0.496341
28.0478,27.8051,-0.0780816
28.0977,28.8115,-0.0797815
28.9807,0.384396,0.407437
28.9493,1.24388,-0.0817133
29.0956,2.22358,-0.222575
29.0434,3.14044,0.21117
29.0677,4.17377,0.188888
29.0046,5.15249,0.160979
29.1099,6.11112,-0.0388867
28.9828,7.11537,-0.129792
29.0304,8.07369,0.100833
29.0906,9.06493,-0.234385
29.0366,10.0694,-0.206555
29.0299,11.0304,0.0779046
29.0244,11.994,-0.305338
29.048,13.0298,-0.255153
28.9317,13.9902,0.107828
29.0256,14.9707,-0.0472457
28.9349,16.0042,-0.0496597
28.9729,16.9865,-0.164928
29.0452,17.9525,-0.294589
29.0515,18.9234,0.0220099
29.1959,19.959,0.140104
28.959,20.991,0.0191015
29.0557,21.9765,-0.0848415
29.0457,23.0088,0.031782
29.0495,24.0743,-0.0199713
29.0502,25.0706,-0.107736
28.9582,26.0501,0.0104617
29.1345,27.0351,-0.106958
29.0329,28.0448,-0.154048
29.0858,29.0544,-0.0826685
