-0.279348,1.29987,-0.801904
-0.0266213,1.68529,0.0991577
-0.0452467,2.68829,0.337822
-0.0656911,3.65186,0.106842
-0.255416,4.64669,-0.0175726
-0.211863,5.63707,-0.131959
-0.171844,6.61452,-0.423798
-0.192822,7.6304,-0.30734
-0.12291,8.63332,-0.435029
-0.28081,9.52932,-0.965743
-0.117414,10.5366,-0.957802
-0.177847,11.4604,-0.578695
-0.291723,12.427,-0.748042
-0.241319,13.3528,-1.07971
-0.209629,14.3116,-1.24706
-0.271963,15.3561,-1.08341
-0.265529,16.2306,-0.596771
-0.347484,17.1795,-0.167388
-0.178625,18.1586,-0.12468
0.0859615,19.0865,-0.297449
0.0900479,20.0634,-0.272884
-0.238255,21.0172,0.0110019
-0.128822,21.9965,-0.161586
-0.136222,22.8845,0.274886
-0.114612,23.8516,-0.0895749
-0.241298,24.7587,0.415192
-0.11742,25.6706,0.0293985
-0.0174963,26.5984,-0.363564
-0.216959,27.611,-0.427378
-0.260649,28.5868,-0.596347
0.736747,1.31841,-0.757738
1.01007,1.89031,0.0297769
0.972985,2.87323,0.33914
0.938655,3.80454,0.0725089
0.718226,4.79525,-0.0570238
0.817423,5.89124,-0.121497
0.786743,6.89244,-0.274795
0.789248,7.85947,-0.413596
0.850114,8.81239,-0.663152
0.723124,9.73983,-1.00908
0.870898,10.7415,-1.08147
0.869027,11.6647,-0.603394
0.724082,12.6358,-0.803369
0.724986,13.5008,-1.31275
0.760118,14.4688,-1.60568
0.786163,15.3588,-1.13189
0.791391,16.2977,-0.775869
0.665835,17.1189,-0.162566
0.853413,18.1374,-0.202539
1.05552,19.1135,-0.487335
1.09126,20.0345,-0.0419202
0.757976,20.961,0.108524
0.885314,21.9185,-0.259038
0.925575,22.7602,0.304724
0.851497,23.779,0.265896
0.712928,24.7647,0.0229591
0.906772,25.714,0.0143681
0.965944,26.6088,-0.418656
0.821491,27.6144,-0.43235
0.795486,28.6273,-0.493225
1.75096,1.49672,-0.904971
2.00844,2.03415,-0.0816523
1.91703,3.08321,-0.14315
1.94664,4.07005,0.119025
1.77566,5.02395,-0.0608875
1.84733,6.01114,-0.236579
1.80617,7.05842,-0.224311
1.78347,8.05766,-0.167974
1.87258,8.87289,-0.74442
1.74761,9.82245,-1.01957
1.91087,10.8228,-1.04219
1.95598,11.7932,-0.676809
1.78116,12.7164,-1.11726
1.77147,13.6831,-1.31063
1.78993,14.4635,-1.90156
1.76366,15.3558,-1.41281
1.82909,16.1898,-0.775338
1.72403,17.115,-0.381927
1.84479,18.0966,-0.201343
2.04963,19.0799,-0.432676
2.1107,20.0552,-0.215961
1.74848,20.8675,0.324912
1.87986,21.8292,0.00296945
1.95048,22.8429,0.267013
1.91503,23.86,0.110691
1.72855,24.7893,-0.176827
1.95402,25.7058,0.0804102
1.95297,26.6527,-0.298929
1.85698,27.6419,-0.15735
1.88572,28.6112,-0.435759
2.73584,1.66943,-0.944905
3.00601,2.30616,-0.227668
2.90006,3.25076,-0.0861293
2.94212,4.23163,0.220359
2.8718,5.1925,-0.11345
2.87945,6.19727,-0.315104
2.86141,7.2094,-0.336872
2.83109,8.17221,-0.291821
2.84755,9.08503,-0.84084
2.72895,10.0689,-1.03844
2.94831,11.0785,-1.07027
3.02098,12.0712,-0.754469
2.84484,12.777,-1.41664
2.81853,13.7325,-1.60475
2.84375,14.5925,-2.10982
2.77278,15.3413,-1.37657
2.83749,16.3504,-1.09959
2.77216,17.1338,-0.498941
2.85559,18.1123,-0.267373
3.11027,19.0875,-0.338676
3.14824,20.0636,-0.141807
2.80585,20.9422,0.172149
2.86429,21.9261,-0.0362194
2.8978,22.9523,-0.157564
2.97343,23.9533,0.0606037
2.75441,24.779,-0.390045
2.95497,25.688,-0.0348308
2.97397,26.6641,-0.407929
2.8645,27.6342,-0.201379
2.91898,28.6215,-0.394864
3.70594,2.00553,-1.274
4.00206,2.42242,-0.397977
3.89691,3.44051,-0.266985
3.97128,4.36952,0.0695517
3.88596,5.29261,-0.219575
3.96803,6.277,-0.406009
3.94618,7.35596,-0.465572
3.94037,8.31982,-0.291894
3.90812,9.23935,-0.66422
3.7123,10.2331,-0.917649
3.9802,11.199,-0.77759
4.07735,12.2117,-0.585394
3.92875,12.669,-1.45323
3.87961,13.6514,-1.32783
3.84826,14.4474,-1.97966
3.84243,15.4135,-1.5972
3.83422,16.4293,-1.30184
3.72373,17.2472,-0.807703
3.92587,18.0483,-0.225199
4.09072,19.0642,-0.316227
4.19848,20.0831,-0.19556
3.8345,21.0038,0.144029
3.79151,22.0286,0.321741
3.91426,22.9688,-0.146522
3.83292,23.9219,-0.480328
3.67788,24.8643,-0.843217
3.94928,25.6496,-0.228452
4.02592,26.6373,-0.287515
3.92276,27.6307,-0.0755821
3.96089,28.6544,-0.142073
4.71772,2.20356,-1.0066
4.99694,2.6047,-0.134513
4.9819,3.60227,-0.184722
4.96363,4.56305,0.0797449
4.87436,5.54005,-0.233287
5.02281,6.49139,-0.376638
4.94799,7.49298,-0.499503
4.97225,8.50307,-0.348283
4.90501,9.5144,-0.482308
4.68003,10.4597,-0.870125
4.95222,11.456,-0.917737
5.08176,12.4286,-0.713318
4.96926,12.6886,-1.66433
4.95569,13.6885,-1.50164
4.91132,14.6287,-1.95145
4.79342,15.7045,-1.83312
4.80582,16.6696,-1.51716
4.78007,17.404,-0.867534
4.97333,18.0775,-0.122153
5.08346,19.0415,-0.395721
5.19275,19.886,0.0984436
4.82527,20.818,-0.0830439
4.76479,21.8141,0.117392
4.91392,22.9336,0.16086
4.87514,23.7764,-0.448891
4.66878,24.7736,-0.711133
4.96936,25.6689,-0.39982
5.04268,26.687,-0.570501
4.93326,27.6894,-0.234858
4.99269,28.6925,-0.136415
5.77912,2.23398,-1.0665
5.9837,2.9162,-0.328501
5.95205,3.9184,-0.118439
5.90093,4.90027,-0.0778497
5.91046,5.86701,-0.365709
5.98467,6.84967,-0.422575
5.87754,7.86438,-0.549281
5.95087,8.84463,-0.331031
5.94728,9.80305,-0.615571
5.72143,10.7927,-0.826389
5.90405,11.8027,-1.0499
6.02422,12.7323,-0.674926
6.03135,12.9164,-1.6908
6.02586,13.9555,-1.42826
5.95152,14.7303,-2.09169
5.7761,15.7191,-2.19256
5.83568,16.5097,-1.57824
5.77712,17.271,-0.922916
6.01854,18.0501,-0.312113
6.13669,19.0448,-0.254677
6.21481,19.9918,0.0376202
5.87163,20.9306,0.0921751
5.76184,21.9577,0.324439
5.97472,22.9027,0.122248
5.85196,23.4879,-0.728944
5.65483,24.5349,-0.59331
5.95543,25.449,-0.32837
6.03102,26.5031,-0.28822
5.93864,27.474,-0.490503
6.04621,28.446,-0.202857
6.80641,2.32254,-1.0076
7.0214,3.09599,-0.43516
6.93205,4.13671,-0.262511
6.87072,5.10748,-0.531895
6.88947,6.09885,-0.389254
6.98406,7.09325,-0.24051
6.8476,8.04793,-0.503592
6.94229,9.05918,-0.573074
6.98556,10.0808,-0.59581
6.76734,11.0185,-0.90838
6.96244,11.9987,-1.064
7.00078,13.0333,-1.04079
6.89515,13.4633,-1.90635
6.96625,14.3805,-1.47573
6.96515,14.7746,-2.39976
6.82531,15.8084,-2.28862
6.82613,16.408,-1.46886
6.75139,17.1486,-0.825208
6.97183,18.1663,-0.578332
7.15738,18.9992,-0.120331
7.2566,20.0176,-0.0361919
6.85857,20.9051,0.101492
6.75651,21.9162,0.201389
7.02699,22.8419,-0.0174474
6.87108,23.6834,-0.613758
6.63504,24.6302,-0.882864
6.99107,25.5174,-0.491653
7.06258,26.5405,-0.154442
6.89208,27.5076,-0.155968
7.12578,28.4567,-0.0525742
7.82947,2.52183,-0.749464
7.97245,3.41005,-0.351006
7.92835,4.37769,-0.537565
7.87094,5.36683,-0.492245
7.90051,6.42185,-0.41406
7.99518,7.3904,-0.383956
7.84555,8.36909,-0.549751
7.92842,9.39459,-0.781774
7.97584,10.3977,-0.612006
7.77598,11.3543,-0.872777
7.8941,12.3521,-1.12183
7.95698,13.3711,-1.1713
7.92274,13.7364,-2.1139
7.97472,14.6042,-1.61555
8.01056,14.7827,-2.5847
7.79808,15.6388,-2.0182
7.88693,16.3217,-1.29724
7.76283,17.1691,-0.715256
8.03549,18.0613,-0.364214
8.07831,19.0486,-0.558571
8.31993,19.9933,-0.230241
7.87694,20.9361,-0.139579
7.80732,21.9462,-0.0093936
8.04727,22.8997,-0.113269
7.8691,23.7801,-0.473138
7.68513,24.7372,-0.733311
8.04315,25.6185,-0.391925
8.052,26.6204,-0.355077
7.79517,27.4159,0.272707
8.0687,28.219,-0.275887
8.8358,2.67713,-0.490298
8.94536,3.63583,-0.20235
8.94517,4.65307,-0.385354
8.91514,5.6663,-0.485278
8.90243,6.71584,-0.426075
8.93536,7.68592,-0.597214
8.82024,8.72469,-0.53831
8.90743,9.72833,-0.617014
8.88217,10.8025,-0.810663
8.74056,11.8419,-1.02214
8.82341,12.8179,-1.28898
8.89064,13.8955,-1.34006
8.88675,13.8977,-2.40139
8.983,14.745,-1.85815
8.97054,15.0832,-2.87237
8.83414,15.5652,-1.99189
8.93647,16.3004,-1.28135
8.78408,17.1424,-0.724354
9.07053,18.0146,-0.259322
9.10567,19.0153,-0.541432
9.28922,19.8469,-0.00154424
8.91572,20.7826,-0.0799921
8.8264,21.7914,-0.17994
9.11766,22.7257,-0.173165
8.89685,23.6817,-0.354384
8.70723,24.6453,-0.542683
9.0809,25.5832,-0.427308
9.06861,26.5997,-0.276952
8.82542,27.4338,0.234745
9.07948,28.1966,-0.344359
9.89335,2.81759,-0.511512
9.97457,3.81746,-0.203528
9.96867,4.83436,-0.404303
9.91889,5.82477,-0.466237
9.92884,6.86827,-0.520338
9.96111,7.85868,-0.523991
9.87808,8.89864,-0.518857
9.91248,9.94351,-0.659539
9.94363,10.9875,-0.910566
9.79871,11.968,-1.18516
9.87484,13.0128,-1.28017
9.96662,14.0089,-1.54884
9.94208,14.044,-2.61213
10.0099,14.8271,-2.04014
10.0185,15.1399,-3.03316
9.81207,15.5848,-2.15661
9.90809,16.3688,-1.46808
9.69916,17.2444,-1.05983
10.0046,18.1326,-0.671212
10.0126,18.9612,-0.104453
10.2901,19.9011,-0.303253
9.96325,20.8157,-0.0518387
9.82344,21.8072,0.0723716
10.1224,22.7031,-0.334931
9.90848,23.6489,-0.120856
9.68809,24.5406,-0.515519
10.0265,25.4078,-0.0953978
10.1296,26.4109,-0.164525
9.8253,27.3504,0.152522
10.1242,28.1276,-0.412961
10.9307,2.94152,-0.654756
10.9601,3.91075,-0.38255
10.9613,4.93071,-0.524531
10.9579,5.95411,-0.402899
10.9476,6.94775,-0.365593
10.9631,7.98376,-0.526048
10.9261,9.01486,-0.536924
11.0021,10.0289,-0.63166
10.9757,10.9945,-0.93502
10.8919,12.0226,-1.275
10.9119,13.0725,-1.41044
10.9317,14.0164,-1.82257
10.9608,14.1587,-2.81481
10.9865,14.8374,-2.04631
11.0633,15.1157,-3.01792
10.8561,15.6506,-2.12501
10.9596,16.457,-1.51076
10.6823,17.0896,-0.816019
11.0428,18.0288,-0.713923
11.085,18.8715,-0.140416
11.3047,19.8206,-0.196628
11.0139,20.7934,-0.0923429
10.8507,21.7599,0.0196631
11.1206,22.7058,-0.0925962
10.9066,23.6574,-0.0985137
10.7387,24.6072,-0.445711
11.0303,25.4253,0.0749779
11.1269,26.3839,-0.155449
10.8419,27.3639,0.129615
11.1408,28.1891,-0.405451
11.9146,3.04446,-0.42877
11.929,4.03822,-0.567687
11.9522,5.00797,-0.482986
11.9444,6.00363,-0.370336
12.01,7.05593,-0.427049
12.0262,8.06448,-0.544108
11.9511,9.11337,-0.664898
11.9839,10.0795,-0.885348
11.9692,11.0628,-0.999203
11.9279,12.0575,-1.17394
11.9689,12.9795,-1.54116
11.9642,13.9702,-1.58355
11.9639,14.0269,-2.60129
12.0117,14.7799,-1.94924
12.1065,15.0592,-2.87386
11.8793,15.5836,-2.04634
11.9684,16.5226,-1.72414
11.7048,16.9704,-0.882943
12.0932,17.8698,-0.637184
12.1131,18.7834,-0.282772
12.375,19.8057,-0.253868
11.9983,20.7512,-0.280642
11.874,21.6066,0.206897
12.1005,22.5892,-0.110425
11.9329,23.5984,-0.0679647
11.7333,24.561,-0.235585
12.0402,25.5271,-0.277398
12.1571,26.5084,-0.143306
11.839,27.4185,0.216233
12.2098,28.2529,-0.330335
12.9372,3.12461,-0.453108
12.9528,4.09813,-0.541609
12.9852,5.01878,-0.175628
13.0151,6.07127,-0.264827
13.0547,7.06859,-0.390912
13.1044,8.06887,-0.552071
13.0266,9.06163,-0.692651
13.035,10.074,-0.775243
12.9965,11.0686,-1.09809
12.9375,12.0927,-1.19287
13.0143,13.0768,-1.5332
13.0319,14.079,-1.63027
12.9636,13.9784,-2.65043
13.0557,14.6772,-2.00769
13.1312,14.8686,-2.97529
12.8849,15.5379,-2.25661
12.9997,16.3975,-1.71226
12.7052,17.1113,-1.11557
13.0842,17.8284,-0.480929
13.0643,18.7454,0.0297159
13.3667,19.6731,-0.265423
12.9923,20.5648,-0.146873
12.929,21.5828,0.195904
13.1612,22.5713,-0.0870632
12.9473,23.5361,-0.352232
12.7053,24.5348,-0.418531
13.0335,25.4753,-0.417389
13.1629,26.5135,-0.320826
12.7976,27.3805,0.0338145
13.2197,28.1742,-0.427711
13.9458,3.0647,-0.120243
13.9888,4.05047,-0.5374
14.0381,4.98674,-0.181814
14.017,6.00856,-0.286874
14.1256,7.03663,-0.339543
14.1018,8.02089,-0.667833
14.0842,9.05054,-0.742811
14.1128,10.0827,-0.848531
14.0169,11.0999,-0.84565
13.958,12.1064,-1.08498
14.0109,13.0836,-1.37767
14.0401,14.0199,-1.69268
14.0109,14.0468,-2.71122
14.0444,14.8356,-2.13006
14.1164,15.1097,-3.12185
13.9276,15.6233,-2.29293
13.9239,16.1138,-1.41299
13.7097,17.0259,-1.0691
14.112,17.8153,-0.593551
14.056,18.7253,-0.216959
14.3258,19.6233,0.174075
14.0767,20.6052,-0.080633
13.9158,21.5921,-0.0174749
14.1603,22.5609,-0.122098
13.9776,23.5113,-0.430345
13.7535,24.4758,-0.221903
14.0474,25.438,-0.468761
14.166,26.4063,-0.269631
13.8595,27.3747,-0.166774
14.2591,28.2785,-0.307712
15.0146,3.14907,-0.0296884
15.0163,4.06065,-0.460598
15.0349,5.05238,-0.205448
15.0542,6.02713,-0.41258
15.1836,7.04929,-0.464293
15.1616,8.07961,-0.484408
15.1339,9.10132,-0.731242
15.1138,10.1171,-0.659264
15.0585,11.0812,-0.832554
14.9982,12.1446,-1.03943
15.0545,13.1085,-1.48755
15.0016,14.1887,-1.50685
14.9979,14.2539,-2.5232
15.0041,15.0722,-1.96686
15.0997,14.867,-2.94858
14.938,15.4381,-2.14169
14.8829,16.3392,-1.70137
14.8021,17.0172,-0.946529
15.1369,17.8062,-0.455351
15.0653,18.6948,-0.0515336
15.3406,19.6536,0.177221
15.0904,20.6478,0.100766
14.9508,21.5832,-0.139134
15.1626,22.556,-0.357402
14.9855,23.4986,-0.625663
14.7712,24.5054,-0.315619
15.1074,25.512,-0.41569
15.1935,26.4746,-0.179745
14.8569,27.3872,-0.133454
15.2053,28.2847,0.031901
16.0632,3.11714,-0.0181249
16.037,4.0509,-0.361229
16.1043,5.04797,-0.266298
16.0604,6.03407,-0.557897
16.2286,7.04854,-0.420154
16.1594,8.03922,-0.373312
16.1416,9.04648,-0.446455
16.1309,10.0371,-0.743513
16.1107,11.0721,-0.85342
16.0154,12.0456,-1.03341
16.023,13.0459,-1.15634
16.0162,14.0139,-1.5155
15.9931,14.0139,-2.55377
16.0807,14.8637,-1.90738
16.1252,14.8518,-2.96032
15.9789,15.6068,-2.25601
15.8848,16.4436,-1.66868
15.8121,17.0528,-0.852376
16.1304,17.8891,-0.351888
16.0619,18.8841,-0.287109
16.3039,19.8345,-0.108765
16.0912,20.6725,0.388702
15.9263,21.6523,0.223066
16.1666,22.5795,-0.120368
15.9605,23.4887,-0.54929
15.7844,24.4684,-0.401938
16.1363,25.3744,-0.590866
16.1821,26.3831,-0.297101
15.8588,27.3417,-0.113782
16.2129,28.1883,0.350789
17.0733,3.08904,0.12143
17.1053,3.95955,-0.353822
17.153,5.01646,-0.341853
17.1114,6.0285,-0.403162
17.2353,7.01204,-0.262783
17.1942,7.95592,-0.440095
17.178,8.95548,-0.428758
17.1865,9.94013,-0.757149
17.1373,10.9607,-0.974615
17.0551,11.9221,-1.16309
17.0397,12.9603,-1.17087
17.0298,13.8831,-1.66591
17.0304,13.8557,-2.6589
17.0883,14.5952,-1.99422
17.147,14.8263,-2.99406
17.0351,15.4553,-2.25894
16.8647,16.1963,-1.587
16.8841,16.963,-0.896396
17.1309,17.9051,-0.692062
17.0425,18.9087,-0.522489
17.2913,19.901,-0.323823
17.0939,20.7109,0.232557
16.9864,21.7432,0.217353
17.1914,22.7227,-0.0729484
16.9827,23.5215,-0.627631
16.7813,24.4995,-0.597678
17.1902,25.3972,-0.710645
17.2144,26.3235,-0.319135
16.8905,27.2916,-0.0948851
17.1913,28.1085,0.438481
18.111,2.93523,0.0641408
18.0931,3.78922,-0.467052
18.1656,4.81345,-0.547899
18.1399,5.80339,-0.311835
18.2403,6.83032,-0.285885
18.2137,7.82542,-0.400046
18.1725,8.7919,-0.389782
18.1738,9.79596,-0.541652
18.1737,10.787,-0.788607
18.0284,11.7867,-1.05679
18.1006,12.7759,-1.34246
18.0856,13.8021,-1.57256
18.1122,13.8619,-2.61629
18.1559,14.6986,-2.03793
18.1306,15.009,-3.00392
18.0579,15.4723,-2.03214
17.8402,16.1804,-1.35626
17.9057,16.9668,-0.709577
18.1141,17.9168,-0.794217
18.0605,18.7837,-0.288171
18.2929,19.7671,-0.110022
18.1594,20.7011,0.236814
18.0137,21.6719,0.157323
18.2118,22.6221,-0.119639
17.9971,23.4839,-0.54239
17.7601,24.4405,-0.382336
18.1684,25.3557,-0.458217
18.2061,26.415,-0.257595
17.8658,27.2338,0.209528
18.2791,28.1179,0.420637
19.1346,2.65955,-0.072277
19.108,3.62379,-0.486328
19.1909,4.68689,-0.599384
19.1987,5.6507,-0.307547
19.2211,6.66581,-0.142851
19.194,7.64438,-0.131791
19.1657,8.71986,-0.240336
19.2087,9.73139,-0.578497
19.1549,10.7772,-0.587851
19.0565,11.7066,-0.976022
19.1147,12.7454,-1.30819
19.0979,13.7298,-1.61234
19.1434,13.8167,-2.63814
19.2301,14.6356,-2.01393
19.1948,15.0029,-2.93883
19.1495,15.4473,-2.03114
18.8267,16.2167,-1.5016
18.9125,16.9659,-0.761937
19.0784,17.9573,-0.550703
19.0884,18.9128,-0.283511
19.3075,19.9126,-0.165667
19.1927,20.7047,0.415378
19.055,21.6863,0.316623
19.216,22.6616,0.0313517
19.0152,23.4465,-0.584457
18.7841,24.4012,-0.449992
19.1893,25.3214,-0.52772
19.2485,26.3662,-0.398364
18.9124,27.1997,0.158583
19.2882,28.1225,0.301209
20.2023,2.59089,-0.238954
20.0896,3.56318,-0.299283
20.2366,4.46739,-0.694281
20.2107,5.51137,-0.409009
20.1991,6.50593,-0.18406
20.2023,7.49045,-0.0646016
20.1514,8.44801,-0.367724
20.1985,9.41652,-0.683831
20.1362,10.4516,-0.703421
20.0593,11.4532,-0.930879
20.1652,12.4542,-1.29633
20.0767,13.4692,-1.28339
20.1917,13.6536,-2.28405
20.1229,14.3536,-1.58676
20.1622,14.707,-2.49405
20.2005,15.5824,-1.99098
19.8232,16.1554,-1.30439
19.9283,16.8604,-0.602686
20.0448,17.8009,-0.304926
20.1306,18.8413,-0.332273
20.3259,19.7961,-0.0405805
20.1903,20.7443,0.303998
20.1239,21.7736,0.317368
20.1879,22.7741,0.13502
20.0485,23.5639,-0.514444
19.8031,24.528,-0.50372
20.1912,25.4582,-0.389242
20.2567,26.4639,-0.206479
19.8534,27.1263,0.47344
20.3046,28.0636,0.516562
21.1318,2.31971,0.0140751
21.0353,3.26639,0.0149602
21.1205,4.20076,-0.289294
21.1695,5.23485,-0.179931
21.1796,6.23165,0.0724631
21.1991,7.25985,-0.0775384
21.1772,8.30653,-0.186895
21.1661,9.25113,-0.429768
21.1427,10.229,-0.68612
21.1027,11.2459,-0.796139
21.1587,12.1776,-1.22998
21.059,13.1998,-1.02865
21.1372,13.446,-2.00438
21.1058,14.2229,-1.32361
21.1129,14.6101,-2.27942
21.2015,15.5005,-1.86726
20.8771,16.1974,-1.25968
20.929,16.9782,-0.639796
21.0867,17.874,-0.257128
21.1778,18.9382,-0.387829
21.3214,19.8588,0.00661336
21.2045,20.8164,0.233174
21.1057,21.805,0.15736
21.2026,22.7874,-0.0692587
21.108,23.6163,-0.660714
20.8404,24.6153,-0.615067
21.1254,25.4144,-0.0112491
21.3024,26.4434,-0.0296152
20.8167,27.2782,0.233454
21.2921,28.2348,0.285031
22.171,2.00252,-0.18461
22.0218,2.97331,-0.0265358
22.136,3.98075,-0.0662435
22.1973,4.98863,-0.0111972
22.1912,5.98701,0.168575
22.2183,6.92661,-0.151985
22.1565,7.94009,-0.403644
22.1261,8.95961,-0.428007
22.1375,9.9361,-0.714954
22.2018,10.9317,-0.745363
22.0815,11.8656,-1.08006
22.0288,12.8772,-0.908298
22.1143,13.2054,-1.8309
22.1989,14.0225,-1.2941
22.1264,14.4849,-2.1825
22.1613,15.2222,-1.54522
21.8929,16.1617,-1.19517
21.9646,17.1145,-0.819871
22.0461,18.0333,-0.466564
22.1662,19.0751,-0.596606
22.3397,19.9518,-0.183077
22.0996,20.9933,-0.216144
22.1088,21.8909,0.205496
22.0874,22.9421,0.372344
22.1085,23.6541,-0.367016
21.8986,24.6373,-0.650902
22.1173,25.5098,-0.27904
22.3179,26.515,-0.106101
21.8682,27.3878,0.092056
22.3536,28.2747,0.194244
23.154,1.87606,-0.0116581
22.9827,2.86428,0.210828
23.115,3.80256,-0.0372997
23.1928,4.7828,0.0565111
23.2081,5.75499,0.219156
23.1896,6.65119,-0.303623
23.2609,7.64666,-0.460063
23.1615,8.67669,-0.458724
23.1575,9.66425,-0.727866
23.1541,10.5875,-0.985455
23.048,11.6325,-0.989743
23.0121,12.615,-0.837104
23.1135,12.9847,-1.86405
23.1825,13.7214,-1.1476
23.093,14.341,-1.9389
23.1794,15.2238,-1.52305
22.9676,16.1784,-1.15411
22.9894,17.1288,-0.68175
23.0726,18.1586,-0.378246
23.1262,19.1622,-0.357341
23.3449,20.1474,-0.0995239
23.1111,21.2026,-0.04279
23.0354,21.8761,0.708661
23.1352,22.6731,0.10864
23.1158,23.6795,0.0222999
22.895,24.6009,-0.353645
23.1614,25.5277,-0.125333
23.3309,26.5194,-0.281967
22.9017,27.4199,-0.136229
23.3665,28.2831,0.203974
24.1334,1.75413,0.10206
24.0275,2.69599,0.385992
24.0861,3.66062,-0.0218726
24.1911,4.65821,-0.100397
24.2535,5.65068,0.171889
24.1677,6.45958,-0.464919
24.2605,7.43443,-0.358171
24.1274,8.43289,-0.460601
24.1357,9.47613,-0.572219
24.1752,10.4246,-0.973067
24.0227,11.4246,-1.01598
24.0446,12.3913,-0.775274
24.1309,12.9273,-1.63174
24.2489,13.7734,-1.10971
24.0984,14.5299,-1.7182
24.1721,15.4532,-1.38595
23.946,16.2589,-0.881542
24.0319,17.2983,-0.744771
24.1122,18.1867,-0.266866
24.1178,19.181,-0.143452
24.3445,20.1726,-0.306326
24.0364,20.9611,0.29115
24.0324,21.9017,0.675619
24.1506,22.8209,0.239521
24.1583,23.8246,0.0745384
23.8992,24.7378,-0.299081
24.1795,25.6919,-0.252794
24.2991,26.7062,-0.455312
23.9549,27.5458,-0.0882534
24.3814,28.376,0.26079
25.1229,1.55966,0.33274
25.0513,2.54071,0.322965
25.1675,3.45995,-0.115467
25.1736,4.4718,-0.25125
25.3204,5.37698,0.153932
25.1967,6.20969,-0.439424
25.2551,7.18159,-0.312589
25.0889,8.18435,-0.231303
25.1492,9.17872,-0.443153
25.2008,10.1836,-0.578997
24.972,11.0949,-0.966573
25.0965,12.1398,-0.818455
25.1697,12.9459,-1.44617
25.183,13.6785,-0.792703
25.0706,14.3399,-1.57059
25.1481,15.2852,-1.14789
24.9508,16.2139,-0.793637
25.0577,17.1803,-0.562239
25.1756,18.1449,-0.350887
25.1579,19.1463,-0.182833
25.3119,20.1355,-0.0824519
25.0535,20.9412,0.442402
25.0976,21.9837,0.512305
25.0869,22.7416,-0.160103
25.1205,23.7825,-0.326664
24.9165,24.7474,-0.389602
25.1832,25.74,-0.210062
25.3127,26.7245,-0.277203
24.9373,27.6477,-0.411826
25.4555,28.1275,0.363256
26.0822,1.69745,0.712964
26.035,2.63588,0.456331
26.1518,3.2687,-0.304685
26.1546,4.26147,-0.50134
26.2584,5.08819,0.0546159
26.2356,5.89535,-0.509598
26.2269,6.84621,-0.113047
26.1053,7.8632,-0.150139
26.1251,8.78469,-0.517603
26.1665,9.84161,-0.586789
25.9825,10.7912,-0.8125
26.0789,11.7814,-0.90846
26.1704,12.7859,-1.12694
26.2158,13.6387,-0.53491
26.0677,14.2715,-1.35946
26.1977,15.2556,-1.03963
25.9522,16.2002,-0.684692
26.0851,17.1407,-0.42468
26.1753,18.1256,-0.394064
26.1539,19.1626,-0.186654
26.3202,20.1433,0.00686666
26.0462,21.0027,0.486425
26.1398,22.0138,0.511301
26.1644,22.7478,-0.212943
26.151,23.7793,-0.211411
25.9643,24.7448,-0.227607
26.1756,25.771,-0.154299
26.3094,26.7179,-0.670351
25.9815,27.6328,-0.385601
26.4949,28.2203,0.259514
27.0758,1.65904,0.666015
27.0676,2.70304,0.454601
27.1569,3.10472,-0.435591
27.183,4.13196,-0.478173
27.2509,4.92867,0.133091
27.2163,5.81267,-0.276656
27.1708,6.76651,0.165404
27.113,7.70583,-0.0491379
27.1433,8.66872,-0.368273
27.1552,9.62406,-0.61073
27.0767,10.6007,-0.767937
27.0565,11.6518,-0.711203
27.1859,12.5909,-0.993353
27.2655,13.6189,-0.609781
27.0985,14.4406,-1.18247
27.2044,15.4148,-1.15955
26.9877,16.2983,-0.730006
27.0799,17.2761,-0.424415
27.1468,18.3184,-0.420609
27.1119,19.0742,0.222938
27.3745,20.0204,-0.0287881
27.0314,20.8898,0.383532
27.0262,21.8281,0.097409
27.1744,22.8495,-0.0809046
27.1657,23.8476,-0.0366436
26.9919,24.7607,-0.410178
27.1663,25.7283,-0.307498
27.2814,26.6968,-0.47102
27.0257,27.6476,-0.341249
27.5285,28.2091,0.366973
28.1881,1.57419,0.84883
28.0177,2.37156,0.285501
28.1478,2.94105,-0.580178
28.1813,3.94049,-0.565517
28.2581,4.63345,0.206064
28.2159,5.6175,-0.0851222
28.1973,6.5854,0.228272
28.096,7.50804,-0.0969207
28.1332,8.42228,-0.520493
28.1685,9.39424,-0.719086
28.0939,10.411,-0.510776
28.0542,11.42,-0.575118
28.2014,12.3864,-0.843886
28.2222,13.3389,-0.609442
28.0564,14.2791,-1.03111
28.1858,15.2876,-0.975188
28.039,16.3082,-0.86006
28.1077,17.2247,-0.509952
28.1261,18.2345,-0.441459
28.1494,19.1584,-0.0781915
28.2459,20.0208,-0.50578
27.9769,20.8042,0.0348643
28.0695,21.8397,-0.0327525
28.2488,22.8395,0.0190252
28.1648,23.8994,0.0771996
28.093,24.669,-0.539912
28.1437,25.6924,-0.522178
28.3353,26.6679,-0.566301
28.1292,27.657,-0.372326
28.5304,28.0995,0.411002
29.1747,1.61673,0.991714
29.0148,2.23844,0.222098
29.1212,2.67283,-0.685223
29.1359,3.66583,-0.536555
29.2262,4.35899,0.199499
29.2207,5.38121,0.0215979
29.2011,6.39679,0.15967
29.1397,7.40261,0.0542375
29.1454,8.28914,-0.419684
29.2093,9.26368,-0.606281
29.1047,10.2512,-0.431657
29.0044,11.2246,-0.299091
29.2671,12.0967,-0.702606
29.2082,13.0785,-0.497027
29.0238,14.0602,-0.708054
29.169,15.0536,-0.672054
29.0747,16.0574,-0.820258
29.1301,17.0266,-0.564687
29.1561,17.9946,-0.354149
29.2072,19.0245,-0.196533
29.2893,20.0138,-0.454237
29.0669,20.7924,0.104355
29.0342,21.7864,-0.227815
29.1968,22.8324,-0.343037
29.1711,23.7901,-0.0832759
29.0897,24.766,-0.231169
29.1041,25.7448,-0.345225
29.2988,26.746,-0.476724
29.1389,27.6699,-0.14391
29.4148,28.5139,0.353887
