-0.0161748,0.0463393,-0.10853
1.00429,-0.00426954,-0.121137
2.02913,0.0206915,0.00852687
3.00986,0.00286264,0.0870388
3.99968,0.0363079,0.140742
4.94975,-0.00100711,-0.18764
5.95982,0.0190985,0.0116947
7.02287,0.0415235,0.00416272
8.04165,0.0547899,-0.0481979
9.06261,-0.02125,0.0325419
10.1185,0.0239723,-0.0536729
11.0993,0.0144963,0.18645
12.0875,-0.0187292,0.237657
13.0635,-0.0323862,0.0707907
14.053,-0.0236671,0.138691
15.0211,0.0293924,0.0735405
16.0385,-0.0361003,0.11128
17.0591,0.0240059,0.191845
18.0515,0.0310434,0.115537
19.0008,0.0191321,-0.123664
0.0362102,1.04917,0.0692007
1.0577,1.00451,-0.064507
2.1032,1.05807,-0.179885
3.05406,1.0173,0.135911
4.07283,1.03009,0.0417188
5.10807,1.04375,-0.114212
6.09897,1.02619,-0.13574
7.08683,1.03846,0.159706
8.11809,1.01552,0.00864895
9.14131,0.96516,0.0947233
10.1453,1.01717,0.227076
11.1067,0.971761,-0.0381573
12.112,0.994058,0.118647
13.0917,0.970864,0.032432
14.1714,1.0267,-0.0837733
15.1656,0.998187,0.0366161
16.1528,0.947948,-0.101981
17.0891,1.08733,0.247621
18.0205,1.01522,-0.167382
18.9821,0.981225,0.127055
-0.00208441,2.00735,-0.295672
1.00152,1.98087,-0.163948
2.03956,2.04168,-0.0605396
3.06915,2.03413,0.0561357
4.05903,2.07283,-0.0245521
5.05817,2.04918,0.0944487
6.07177,1.96793,0.267379
7.04259,2.03354,0.24481
8.07707,1.98707,0.150505
9.07603,2.01293,0.117808
10.065,2.03347,0.30593
11.0703,1.96204,0.132588
12.0786,2.02325,-0.0250954
13.0053,1.84976,-0.480114
14.0014,1.99295,-0.258953
14.9815,2.02787,-0.105316
16.0158,1.97426,-0.0132603
17.0194,2.10482,0.0378246
17.9912,1.95393,0.168471
19.0169,1.95572,-0.0159886
-0.0031312,2.93509,0.0566362
0.987326,2.98335,-0.27188
2.01852,3.08422,-0.21728
2.91784,3.0597,0.186233
3.94226,3.06218,-0.00959807
4.92753,3.07355,-0.0339579
5.91978,3.01246,0.144014
6.93766,3.03861,0.150633
7.91598,2.96513,0.151616
8.95817,3.02308,0.323533
9.96,3.05562,0.151854
10.9626,2.95806,0.0908078
11.9771,3.08168,-0.110242
12.9444,2.84087,-0.223289
13.9255,2.95567,-0.0203833
14.953,2.98147,0.24445
15.9455,2.87174,0.368865
17.0015,2.9971,0.477374
17.9771,2.95945,0.12797
18.9944,2.98174,0.137214
-0.0391827,3.98644,-0.0964782
0.952287,3.94483,-0.104855
1.92271,4.09219,0.0614643
2.95756,4.10585,-0.0815912
3.96379,4.03548,-0.0841304
4.96018,4.08154,-0.122413
5.94133,4.02575,-0.0265938
6.98737,4.04179,-0.0439222
7.98977,3.95643,0.0441847
9.00223,3.99117,0.0699576
9.956,4.05906,0.297552
10.9611,4.01036,0.0569567
11.9439,4.1024,-0.144349
12.9239,3.93036,-0.120768
13.8945,3.94937,0.142347
14.9429,3.94142,0.0370495
15.9172,3.86475,0.333387
16.958,3.97415,0.266649
17.9577,3.98767,0.0926206
18.9796,4.00757,0.108814
0.00889309,4.98182,0.203217
1.07789,4.98114,0.017127
1.98267,5.03453,0.40636
2.92363,5.08349,0.126392
3.89143,5.05196,-0.152318
4.92269,5.07352,-0.0501328
5.92818,5.02563,-0.165215
6.90219,5.06203,-0.33282
7.847,4.9898,-0.0221747
8.85838,5.00844,-0.0752007
9.8436,5.04846,0.123792
10.9113,5.02515,0.0246956
11.963,5.1259,0.0266762
12.9533,5.00352,-0.0826685
13.9413,5.01054,0.158974
14.8928,4.95189,-0.144234
15.8732,4.87335,0.240947
16.8607,4.90806,-0.059624
17.876,4.97791,0.201718
19.0105,4.9856,0.296582
0.0186499,5.96205,-0.0292642
1.06594,5.99416,0.0111423
2.0441,6.07781,0.232307
2.99345,6.08402,-0.0493637
4.01278,6.03458,-0.145006
4.98092,6.07411,-0.296844
5.9595,6.07338,-0.0179632
6.96442,6.09132,-0.192615
7.96618,6.02924,-0.0565111
9.00917,6.03711,-0.0481765
10.0059,6.0385,-0.0707175
11.0421,6.06036,-0.0249062
12.0716,6.12147,-0.0577349
13.0737,5.97837,0.122068
14.0769,5.98422,0.00306101
15.0331,5.90502,0.214747
16.0254,5.84102,0.143852
17.0059,5.78681,0.39382
18.0209,5.9732,0.310681
19.0108,6.01146,0.186987
-0.0590411,6.95931,0.270309
0.909986,7.00578,0.0556261
1.91148,7.0462,-0.0780969
2.92857,7.11866,0.189163
3.87361,7.0417,-0.0536454
4.92515,7.04779,-0.0453139
5.92466,7.06858,-0.0579913
6.98696,7.06968,-0.110379
8.01288,7.00847,-0.120441
9.02557,7.04191,-0.0460341
10.046,7.06766,-0.028489
11.0179,6.99944,0.225596
11.9943,7.15032,0.0276193
12.9888,7.03184,0.246419
13.9977,6.95981,-0.082458
14.9996,6.88318,-0.12519
15.9342,6.86862,0.181326
16.9662,6.81959,0.304981
17.9351,6.90899,-0.0554704
18.9966,7.00753,-0.0578631
0.0785089,7.9378,0.000332652
1.10385,8.00677,-0.159004
2.10345,8.04217,0.118677
2.98406,7.97609,-0.351488
4.01227,8.00815,-0.232765
5.01212,8.0894,-0.0847926
5.99968,8.06411,-0.0926054
6.97237,8.04762,-0.279046
7.95643,8.00964,-0.31648
8.93534,8.0335,0.0842372
9.98197,8.02951,0.274004
11.0222,7.99415,0.0162267
12.032,8.15624,0.171499
13.0572,8.07352,-0.0388714
14.0715,7.95218,-0.243239
15.0352,7.85615,-0.039906
16.0247,7.87074,-0.0144322
17.0303,7.86474,0.1653
18.0101,7.82331,0.459246
18.9886,8.0006,0.178973
0.0383526,9.03434,-0.0170751
1.02232,9.02879,-0.171474
1.99841,9.03165,0.0206366
2.98687,8.98842,-0.3425
3.96744,9.06671,-0.125224
5.00123,9.118,-0.158794
5.97633,9.05567,-0.117176
6.95901,9.05066,0.056093
7.98252,9.01137,-0.216016
9.0084,9.07004,0.166018
10.078,9.05077,0.11005
11.0921,9.03838,0.257726
12.076,9.15836,0.49715
13.0623,9.04696,0.236064
14.0604,8.90743,0.201263
15.0879,8.85958,0.113907
16.0556,8.83142,-0.198257
17.0565,8.88879,0.0268532
18.0197,8.84568,0.202319
19.0214,8.98549,0.160323
-0.048146,10.0013,-0.252553
0.918326,10.0037,0.0295114
1.94333,10.1221,-0.00629902
2.91752,9.97196,-0.122315
3.96454,10.0548,-0.0123325
4.98457,10.109,-0.193417
5.9619,10.0749,0.0715598
6.97661,10.0856,0.139363
7.99763,9.95327,0.101621
8.9988,10.047,-0.07687
9.98293,10.0314,0.00761132
11.0803,10.0245,0.117814
12.0552,10.1823,0.484616
13.0828,10.0025,0.549486
14.074,9.90932,0.453313
15.1175,9.85183,0.177306
16.0274,9.88278,-0.270321
16.9727,9.94985,0.132121
17.9769,9.8852,0.147649
18.9416,9.98095,-0.127592
0.00903958,10.9993,-0.135649
0.958287,11.0812,0.141905
1.95298,11.1104,-0.166497
2.90362,10.9666,0.0826075
3.87972,11.1032,-0.208167
4.87973,11.1259,-0.0798914
5.89415,10.998,-0.303607
6.93091,11.0053,-0.303665
7.96821,10.9978,-0.142262
9.02803,11.019,-0.175121
10.116,11.0614,-0.150877
11.0729,10.9965,0.0545579
12.1033,11.0191,-0.0455061
13.0084,10.9857,0.448607
13.9252,10.8661,0.0724876
14.9997,10.841,0.028724
16.0674,10.8339,0.0077456
17.0611,10.9282,-0.0431501
18.0626,10.8396,-0.0896084
19.0422,10.9578,-0.252849
0.00506302,12.0224,-0.0695425
0.987991,12.1476,-0.060155
1.92681,12.0905,-0.3524
2.95251,11.9599,-0.220826
3.9132,12.1219,-0.0193152
4.92362,12.1577,0.0366192
5.97389,12.0053,0.0288736
6.97307,12.0138,0.0190893
7.99267,11.9829,0.181124
8.99982,11.9902,-0.133244
10.0242,12.0132,0.162185
10.9666,12.0018,-0.132441
11.9625,12.0795,-0.142036
12.9737,11.8906,-0.0201666
13.961,11.8977,0.0491409
15.009,11.8867,0.0877499
16.0552,11.8416,-0.0641621
17.0502,11.8969,-0.299353
17.9317,11.8376,0.21467
18.9726,11.9308,0.0726066
-0.0675161,13.0282,-0.285839
0.926057,13.2151,-0.204917
1.98679,13.0853,-0.371804
2.97609,12.9994,-0.274947
4.02902,13.1287,-0.156725
5.04625,13.1652,-0.232627
5.97379,13.0101,0.184173
7.03165,13.0545,0.241017
8.01921,13.0186,0.125806
9.05491,13.0126,-0.111811
10.0324,13.0142,0.0813837
11.0279,13.0435,-0.107617
12.0211,13.0853,-0.283844
12.9498,12.9731,0.14565
13.9547,12.929,0.0106845
14.9745,12.8563,-0.224097
15.9894,12.8667,-0.117579
16.9964,12.8571,-0.12291
17.975,12.852,0.0425336
18.9923,12.9559,0.219483
-0.071337,14.0288,-0.473705
0.916175,14.2085,-0.213761
1.91657,14.0474,-0.546654
2.90529,13.9956,-0.433818
3.84049,14.1271,-0.116391
4.90318,14.1567,-0.125864
5.89819,14.007,-0.031138
6.94194,14.0546,0.0366344
7.9445,14.0341,0.00487991
8.95021,14.0814,0.026957
9.94912,13.9806,0.336253
10.9379,14.0252,-0.0278207
11.9799,14.0355,0.0556749
13.0058,13.9761,-0.0186163
13.9955,13.9183,0.129835
14.9487,13.877,-0.240184
15.9202,13.8619,-0.0229499
16.9653,13.931,-0.108618
17.9711,13.8322,-0.00999176
18.9586,13.9779,0.214093
0.023896,14.9723,-0.159502
1.0117,15.1664,-0.417704
2.07463,14.9839,-0.312934
3.0863,15.0061,-0.280459
4.07128,15.0725,-0.3507
5.04826,15.1233,-0.263301
6.07086,15.0656,-0.192297
7.08223,15.0044,-0.267721
8.08025,15.0072,-0.224992
9.09616,15.0716,-0.240486
10.0724,14.9854,0.0797601
11.0432,14.9859,0.381854
12.0161,15.0688,0.025605
13.0277,15.0614,0.0338298
14.0165,14.9136,0.201111
14.9613,14.9355,-0.0784936
15.9822,14.8759,0.161162
16.9602,14.9553,-0.195456
17.9455,14.9064,0.0235755
18.9344,14.9723,0.0518052
0.0745506,16.0069,-0.0191656
1.12879,16.0378,0.0327891
2.13179,15.9896,-0.135066
3.17163,16.0741,-0.160698
4.15603,16.0735,-0.40358
5.07924,16.0622,0.108899
6.08188,16.1048,-0.0666585
7.08462,15.9623,0.0809503
8.07385,15.9734,-0.0117283
9.04278,16.0965,-0.403952
10.0499,15.964,-0.248793
11.0376,15.9724,0.0202033
12.0277,16.1046,0.175546
13.0165,16.0538,0.30434
13.9621,15.8999,0.0125706
14.9353,15.9003,0.186523
15.9221,15.9081,0.0831141
16.9478,15.963,-0.110309
17.9563,15.9431,0.068688
18.9673,16.0048,0.141838
0.0299326,17.0108,0.152672
1.03052,17.0119,0.0780328
2.0303,16.9834,0.0629597
3.022,17.067,-0.00759301
3.99571,16.9793,0.128516
4.95336,17.0419,0.28049
5.90941,17.0888,0.0417554
6.91118,16.96,-0.0558824
7.95892,16.9963,-0.0575182
8.97372,17.0719,-0.104648
10.0159,17.07,-0.290451
10.9424,16.9905,0.0620441
11.9181,17.1014,-0.0492325
12.9432,17.0379,0.0457503
14.0037,16.9029,0.157073
14.9971,16.9534,0.0745567
16.0133,16.9349,0.173806
16.9877,16.9835,-0.0547594
18.0496,16.9525,0.0806848
18.9888,16.9333,-0.265636
0.0075869,17.9852,0.0331797
1.0401,18.0079,-0.0653798
2.03519,18.0418,0.0181646
2.98684,18.0087,0.292236
4.00217,18,0.26769
4.9691,17.9715,-0.114267
5.95884,18.0024,-0.261452
6.83981,17.9929,0.142106
7.83821,18.0085,-0.109076
8.86626,18.0629,-0.114524
9.91025,18.0164,0.00484329
10.8825,18.0216,0.260509
11.9063,18.0659,0.425282
12.9155,18.0097,0.320875
13.9746,17.941,0.147572
14.9517,17.9735,-0.155428
15.9246,17.9657,0.190567
16.9731,18.008,-0.00228889
17.966,17.965,0.162886
18.9953,17.968,0.0395398
0.0157598,18.9905,-0.0694723
1.03451,19.025,0.17091
2.03287,18.9972,0.292621
3.03359,18.9789,0.012891
4.02925,18.9952,0.168062
4.99346,18.9875,-0.183679
6.03356,19.0069,-0.00502335
7.03151,19.004,-0.0343577
8.03255,18.9896,-0.11139
9.01586,19.0029,0.201923
9.93518,19.0235,-0.247426
10.9541,18.9785,-0.0180303
11.9887,18.9894,-0.0226997
12.9651,19.0152,0.155492
14.0245,18.9823,0.0897397
15.0076,18.9557,-0.111713
16.0106,18.925,-0.0100742
16.9495,19.0234,0.218711
17.9742,18.9857,0.0727561
18.9589,18.9911,0.274532
