0.0121555,-0.015598,-0.0711417
0.994583,0.0297037,0.169863
2.05806,0.0135685,0.205414
3.06034,-0.00340281,0.355715
4.06196,0.00833155,-0.0029664
5.03002,0.0212806,-0.215159
6.0235,0.00618,-0.168062
7.00276,0.00381176,0.0231422
8.07296,-0.00132756,0.147121
9.12058,-0.025251,0.154192
10.0784,0.0358226,-0.0350169
11.0992,0.0398602,0.00557573
12.0639,0.00163579,0.268447
13.0559,0.0134404,0.118229
14.0011,-0.015067,-0.144722
14.9946,0.0109775,-0.152797
15.982,0.033253,-0.0761193
16.9788,0.0463424,-0.0348003
17.9571,0.0303873,-0.101636
18.9411,-0.012888,0.120362
-0.00430921,0.979174,0.187341
0.992157,1.00323,0.323588
1.99722,1.0138,0.423408
3.01837,1.05257,0.395627
3.96804,1.00164,-0.0668386
5.00016,1.07971,-0.219987
5.98621,0.981454,-0.287603
7.0138,1.00945,0.00942106
7.99149,0.984347,0.362294
8.97926,0.986697,0.224039
9.96404,1.02907,-0.0176946
10.915,1.02683,0.305878
11.8996,0.981661,-0.0768059
12.9472,1.01584,0.097998
13.9888,0.948235,0.141728
14.9864,1.03502,0.0415479
15.9843,1.01711,-0.17196
17.0422,1.04618,-0.109778
18.0119,0.984997,0.227766
19.0323,1.02923,0.251714
0.017304,1.96811,0.00831324
0.983148,2.00983,0.350017
2.0002,2.04115,0.530055
2.90373,2.01608,0.0828913
3.88609,2.01457,0.0462844
4.86014,2.08178,-0.0907376
5.92293,2.0246,-0.0416578
6.95027,1.99853,0.00817896
7.95709,1.98133,0.191617
8.94944,1.94022,0.0217933
9.95312,1.99642,0.301248
10.9701,2.02874,0.0762261
12.0085,1.96996,0.105152
12.9947,2.06004,0.119431
13.9912,2.01097,0.115506
15.0409,2.04346,0.0153935
16.0191,1.97689,-0.0047792
17.0422,2.0551,0.128791
18.0318,1.96633,0.414075
19.0589,2.04617,0.295145
0.0144475,3.01687,-0.0312815
1.00343,3.01258,0.235148
2.0056,3.00313,0.269796
2.96381,2.99952,-0.0999756
3.95136,3.04822,-0.014066
4.94885,3.0628,0.150337
5.96211,3.04581,0.0259713
7.01832,3.0196,0.0371441
8.01396,2.98523,0.116214
9.01408,2.9899,0.206922
10.0071,3.03356,0.308344
11.0526,2.99271,0.355782
12.0397,3.03856,0.150884
13.0512,3.07951,0.0891568
14.103,2.99111,0.115818
15.1057,3.01704,0.246315
16.1031,2.99523,0.0723228
17.0761,3.07176,-0.138466
18.0348,2.9731,0.111615
19.0314,3.06975,0.101205
0.0361339,4.01627,-0.132633
1.09794,3.98242,-0.106558
2.09707,3.97979,-0.161821
3.07597,4.00753,0.0601459
4.04443,4.00595,-0.246709
4.98398,4.11106,0.0634968
5.93122,4.01846,0.365178
6.93705,4.04518,0.187045
7.93809,3.98751,0.292926
8.95174,4.0529,0.391635
9.94861,4.07396,0.232286
10.9408,3.98973,0.120411
11.9159,4.03193,-0.0118137
12.9216,4.05965,0.248119
13.9542,4.01305,0.00369579
14.9788,4.02421,0.0620228
16.0021,4.0289,0.287069
17.0336,4.01095,0.190713
18.0058,3.94051,-0.0454787
19.0049,4.09456,-0.145695
0.0352336,5.00312,0.0665456
1.04848,5.02301,0.104178
2.04004,4.99416,-0.0735466
3.06961,5.02012,0.110376
4.09256,4.99311,-0.0900449
5.07555,5.07014,-0.252269
5.98246,5.01249,0.273113
6.9683,5.09476,0.445695
7.96084,5.04987,0.363152
8.95197,5.06681,0.237535
10.0054,5.03586,0.068096
11.0276,4.98671,0.0865261
12.0492,5.02747,0.0717032
13.0393,5.04758,0.0568224
14.048,5.02195,0.0142491
14.9558,4.99066,0.423597
15.9624,5.06373,0.351708
17.0233,5.04235,0.229518
17.9358,4.94499,-0.144884
18.9441,5.09694,-0.225446
0.0333903,6.01246,-0.0162328
1.04732,6.01947,-0.0459487
2.05061,6.0178,-0.0801874
3.02347,6.08221,0.115619
3.95828,6.00328,-0.105713
4.95815,6.0973,-0.0931425
6.01193,5.9871,-0.0795984
7.03581,6.01235,0.0159612
8.10155,6.01545,0.0555742
9.03768,6.00363,-0.140931
9.95948,6.0338,0.117899
10.9483,6.00145,0.0758568
11.9421,6.02695,0.358126
12.9438,6.07263,0.134123
13.9027,5.95672,0.312711
14.9276,6.01264,0.275652
15.951,6.03406,0.286599
17.002,6.05055,0.180532
18.0165,5.94307,0.138749
19.0047,5.99893,0.16563
0.045497,7.01752,0.0963652
1.05799,7.00201,0.0644826
2.04573,7.00883,0.070397
3.04261,7.08075,0.0535875
4.02199,7.04519,-0.111811
5.02254,7.12454,-0.297906
5.91381,6.9734,0.12613
6.92495,7.02921,0.178509
7.97565,7.02062,0.0161962
9.02802,7.03909,0.00699484
9.96688,7.01706,-0.0755181
11.0298,7.00235,0.0278115
11.995,7.04482,0.282562
12.9596,7.05222,-0.0488021
13.9725,6.98443,0.0991668
14.9799,7.07095,0.349144
16.031,7.09282,0.235514
16.9998,7.01791,-0.165972
18.0518,7.00169,-0.018189
19.0241,6.93914,-0.302078
-0.0261422,8.03809,-0.206977
1.011,8.04408,0.0455245
2.05843,8.01237,-0.133836
3.09734,8.09833,-0.200031
4.08367,8.039,-0.394272
5.03305,8.04439,0.0137791
6.0175,7.97127,-0.045378
7.01183,8.03211,0.143718
8.04074,8.03627,0.0579608
9.05893,8.01338,0.15714
10.0573,8.02164,0.0970428
11.0798,8.00702,-0.0585742
12.0724,8.03578,0.201828
13.1105,8.0491,0.243464
14.1229,7.95958,-0.0202765
15.0423,8.16946,0.380175
16.06,8.07031,0.413041
17.0612,7.96222,0.230427
18.0547,8.0368,0.0513596
19.0122,7.92475,-0.215076
0.0208899,9.01256,0.0681936
1.01971,8.99887,0.161086
1.98536,9.04167,-0.0377392
2.97679,9.13614,0.156243
3.98813,8.99985,0.0406201
4.98785,9.03447,-0.0893399
5.98552,8.96794,0.116758
6.99625,9.12022,0.15103
8.04673,9.07185,0.185266
9.05277,9.05657,0.203043
10.0125,8.96337,0.399622
11.0129,8.95272,0.352287
12.0007,9.05637,0.18377
13.0352,9.05751,0.0371929
14.0644,8.98037,0.0889126
15.0926,9.04881,-0.134867
16.0846,9.02649,0.0189428
17.0573,8.95956,0.281335
18.0149,9.01311,-0.0399426
19.0181,8.90374,-0.218665
-0.0055269,9.99464,0.169918
1.00283,10.052,0.161782
1.99631,9.99947,0.347291
2.98927,10.1368,0.299683
3.98641,10.0513,0.269246
4.97,10.0499,0.0140172
5.99609,9.95743,0.167071
7.00378,10.1516,0.221784
8.02836,10.1573,0.308679
9.03551,10.0346,0.105954
10.0335,9.97607,0.339415
11.023,9.95719,0.273913
11.9029,10.0351,-0.255461
12.9561,10.0576,-0.153337
13.979,9.99496,-0.0879971
14.9785,10.0246,-0.0191717
16.0013,9.99921,-0.0678579
16.96,9.95379,0.406577
17.9932,10.0306,0.29407
18.9374,9.90414,-0.00037843
0.0315256,11.0238,-0.214032
1.02473,10.9772,-0.259801
1.9125,10.9904,0.294781
2.89869,11.1129,0.285907
3.922,11.076,0.250761
4.9257,10.9498,0.456584
5.95869,11.0555,0.351939
7.00998,11.1288,0.476153
7.96299,11.1427,0.281509
8.96747,11.0493,0.368685
9.97927,10.9913,0.225007
10.9585,10.9063,0.0184332
11.9186,11.0063,0.0589801
12.9352,11.0837,-0.157149
13.977,11.0423,-0.0841823
14.9569,11.0503,-0.100537
15.9779,11.0008,0.101254
17.0476,10.9594,0.191437
18.0046,10.9195,-0.137919
19.0214,10.8969,-0.174026
0.0184912,12.0643,-0.0877255
0.985412,11.9603,-0.0929777
1.9481,12.0168,0.317109
2.97532,12.1538,0.259719
3.96392,12.0578,0.394818
4.96357,12.0062,0.432908
5.91128,12.0197,0.0169805
6.91713,12.0544,0.136848
7.84571,12.084,0.565584
8.85022,12.0659,0.28637
9.84044,11.9861,0.0554796
10.8555,11.9027,0.0224952
11.8443,11.9768,-0.184613
12.8549,12.0885,-0.0727592
13.9011,12.0262,-0.0640645
14.9319,12.0963,-0.0724693
15.9381,11.977,-0.206781
16.9307,11.9404,0.0339061
17.9431,11.9263,0.12964
18.9718,11.8907,-0.0366894
-0.0235267,13.0522,-0.258562
1.0037,12.9656,-0.216172
1.96455,12.9747,0.0927366
2.95261,13.1069,-0.0609058
3.89172,13.0376,0.234648
4.9061,12.9416,0.0473891
5.9634,13.0461,-0.12078
6.80798,13.054,0.386782
7.7989,13.0476,0.0876217
8.84538,13.0532,0.154051
9.80652,12.9609,-0.119849
10.8093,12.9122,0.0485519
11.8365,13.0112,-0.0266274
12.8443,13.0608,-0.172298
13.8163,13.0958,0.0261025
14.8652,13.0977,-0.0360363
15.9342,12.9585,0.0513169
16.9329,12.92,0.237437
17.9638,12.8869,0.0839381
18.9899,12.9243,-0.00624714
0.0182836,14.0176,-0.297833
1.0217,14.0146,-0.278188
2.01961,13.9532,-0.0470046
2.99747,14.0731,-0.00851772
3.99211,14.0197,0.0492752
4.97503,13.9221,0.230509
5.92819,14.0825,-0.122419
6.97137,14.0536,0.145158
8.03405,14.0244,0.167678
8.993,14.0435,0.319361
9.88144,14.0045,-0.134681
10.8507,13.8997,0.0933042
11.8274,14.0216,-0.185644
12.8756,14.0502,-0.162105
13.9164,14.0867,-0.128373
14.9168,14.088,-0.353945
15.9396,13.9524,0.00532853
16.9215,13.8818,0.0800745
17.9346,13.9003,-0.0681875
18.9332,13.9613,0.0495987
-0.0920103,15.0278,-0.355873
0.892242,15.0384,-0.233659
1.88697,14.9831,-0.104102
2.87916,15.0548,-0.00286874
3.87989,15.0152,-0.0886624
4.86097,14.9271,0.185879
5.89435,15.0716,0.201462
6.89965,15.0734,0.243571
7.91491,15.0432,0.0708121
8.97274,15.0236,0.21489
9.98308,14.9808,0.100781
10.9753,14.8803,-0.0275521
12.0118,14.982,0.0744896
13.0042,15.1041,-0.0526872
13.9962,15.0785,-0.0189245
15.0003,15.0806,-0.278173
16.0037,14.9625,-0.0878933
16.9867,14.8841,0.15945
18.0285,14.9652,0.010477
18.9915,14.9883,0.144902
-0.0247108,16.0659,-0.128669
0.95547,16.072,-0.0924497
1.97164,15.9705,-0.0423231
2.95282,16.0816,0.20184
3.93606,16.0162,0.0500137
4.94649,15.9396,-0.0877438
5.92846,16.0873,0.100678
6.9934,16.0473,0.224219
8.01127,16.0986,0.272152
8.93328,15.965,-0.122932
9.96116,15.9633,-0.0122074
10.9622,15.9515,-0.0375072
11.9376,15.9895,0.120109
12.9271,16.113,-0.0347026
13.9444,16.0447,0.194714
14.9224,15.9825,0.0970672
15.9686,15.9912,0.121528
16.9773,15.914,0.0557115
18.0062,16.027,0.00937529
19.0051,16.0192,0.129261
0.0125248,17.0493,0.130778
1.01894,17.0961,0.0824274
2.00892,17.0009,-0.101144
3.02423,17.0787,-0.0874599
4.00201,17.0271,0.0288278
5.06433,16.9189,0.0387371
6.01792,17.1109,0.296908
7.00543,17.0831,0.290826
8.02557,17.118,0.101257
8.97682,16.9835,-0.170168
10.0304,16.9608,-0.27954
10.9021,16.9922,0.136033
11.9153,17.016,0.0103824
12.9062,17.0611,0.236741
13.8903,17.0698,0.331391
14.8829,16.9725,0.100983
15.9215,17.0174,0.00679952
16.9368,16.9478,0.0577563
17.9174,16.9984,-0.0825098
18.9466,17.0283,-0.228999
-0.0590564,18.0497,-0.209635
0.985101,18.0185,-0.318223
1.94779,17.9842,-0.0505325
2.93487,18.0322,0.0679342
3.95257,18.0222,0.0325755
4.99875,17.9627,0.179476
5.98046,18.1075,0.223725
6.97257,18.0333,-0.11883
7.99734,18.0188,-0.365557
9.00722,17.9387,-0.398703
10.0462,18.01,-0.196277
11.0051,17.9874,0.180221
12.1106,18.0081,0.21793
13.0746,18.0834,0.437651
13.9667,17.99,-0.0208014
14.9818,17.9988,-0.098236
15.9771,18.0058,-0.179751
16.9521,17.9539,-0.00451674
17.9807,18.0009,0.0084933
19.0239,18.0453,-0.11662
0.0101749,19.0318,-0.25638
1.0205,19.0416,-0.268691
1.91252,18.9688,0.168377
2.93842,19.0416,0.193631
3.96957,18.9928,0.220786
4.94289,18.9469,0.109381
5.93581,19.0434,-0.271462
6.97508,19.0426,-0.266988
8.01286,18.9957,-0.165719
9.08494,18.9681,-0.24445
10.0541,18.9757,-0.0936094
11.0137,19.0267,0.192596
12.0074,18.999,0.0244881
12.9911,19.0223,0.144188
13.9989,18.9867,0.0658315
15.0254,18.9916,-0.110077
15.9811,18.9784,0.115143
16.9547,19.0186,0.0791498
17.9703,19.024,0.196533
18.9688,18.9797,0.188336
