0.0169683,-0.0103946,-0.196051
0.95183,0.0174688,0.176135
2.02875,-0.00505997,0.157573
3.01281,0.0150182,0.118329
4.03651,-0.0190649,-0.0108066
5.04988,0.0404462,0.0654103
5.98481,-0.00927763,-0.253499
7.02209,-0.00312815,-0.241618
7.98224,-0.0276498,0.0285592
8.98635,-0.00676901,0.0419385
9.9855,0.0526078,0.147124
11.0525,0.0753075,0.0886868
12.0752,0.0270669,0.0975524
13.0706,-0.0273812,0.20882
14.064,0.0251503,0.139955
15.074,0.0362468,-0.0510178
16.0881,0.06339,-0.107288
17.0723,-0.0136479,-0.1987
18.0667,-0.0351817,0.0946379
19.0479,-0.00283517,0.29527
0.0218665,1.00441,-0.0334941
1.02419,1.00084,0.202344
2.02161,1.04728,0.158022
3.00587,1.01742,-0.157762
4.00084,0.995602,-0.0456343
5.02027,1.03931,-0.0149449
6.02196,0.984323,-0.00780358
6.96994,0.969448,-0.328663
7.98964,1.00554,-0.165947
8.9951,1.05629,-0.00439467
9.98871,1.02644,0.159209
10.9874,1.09591,-0.049556
11.9875,1.02598,0.0713889
13.0245,0.939567,0.00238655
14.0633,0.977926,-0.173537
15.0663,1.10199,-0.170928
16.0849,1.08404,-0.176559
17.0409,0.989575,-0.380157
17.969,0.952745,0.158928
18.9787,0.983911,-0.00302133
0.0315531,2.04266,0.0435652
1.05018,1.99104,0.163466
2.03909,2.06652,0.0394482
3.06071,2.02821,-0.00785241
4.07045,1.93877,0.292224
4.96536,2.03444,-0.250938
6.02227,1.94884,-0.280618
7.06878,1.998,-0.277984
8.05367,2.05218,-0.386264
8.93208,2.05205,0.06227
9.90753,1.9801,-0.150783
10.8977,2.09866,-0.264345
11.9152,1.99537,-0.123026
12.9396,1.98903,-0.146364
14.0031,1.97917,-0.267733
14.9773,2.16699,-0.202719
15.9627,2.11505,-0.0780633
16.9887,1.97677,-0.112705
17.9676,1.95293,0.10651
19.0218,1.97906,0.134571
0.0117618,3.01104,-0.118418
1.06191,3.04945,0.0368999
1.99188,3.0333,-0.322092
3.01693,3.02934,-0.0847713
4.07191,2.90341,-0.00564287
5.086,3.0109,-0.00876797
6.03261,2.91975,-0.348656
7.03442,3.00347,-0.299637
8.03514,3.05637,-0.263182
9.03612,3.03329,-0.073043
10.0497,2.92679,-0.0887509
10.9838,3.10035,-0.325367
11.9714,3.00216,-0.214652
12.9629,2.96179,-0.407401
13.9626,3.02487,-0.307559
14.9601,3.13782,-0.0212745
15.9275,3.09361,0.130265
16.9191,2.94181,-0.0333506
17.9234,2.97241,0.0772271
18.9691,2.94302,0.0096469
0.0459548,4.04021,-0.172961
1.06743,3.9831,-0.421754
2.05368,4.03808,-0.236399
3.0745,4.01813,-0.27134
4.10635,3.9119,-0.0382183
5.12074,3.97384,0.217759
6.07219,3.92416,-0.228922
7.07384,3.96592,-0.151646
8.0737,4.07542,-0.305036
9.02297,4.06407,0.0271523
10.0125,3.94624,-0.0385968
11.0216,4.14993,-0.176446
11.9993,4.03367,-0.231272
12.9839,3.95747,-0.476247
13.9952,4.08151,-0.180163
14.9644,4.10253,0.135585
15.9707,4.04561,-0.0501511
16.9707,3.92197,-0.129975
17.9914,3.97238,-0.00802942
19.016,3.99607,-0.0947233
0.0115146,5.04,0.0278726
1.01988,5.0239,-0.254039
2.007,5.01775,0.0760949
2.98325,4.98857,-0.127927
4.05113,4.92959,-0.0207587
5.08719,5.00963,0.248796
6.02379,4.97194,-0.0895688
7.0714,4.94122,-0.417194
8.09206,5.04643,-0.49931
9.02993,5.08389,-0.148787
10.0525,4.99615,-0.152736
11.0446,5.14101,-0.415049
12.0406,5.03213,-0.401376
13.0405,4.99685,-0.440007
14.0377,5.09537,-0.372176
14.9838,5.11794,0.1
16.0787,5.02178,0.164425
17.0745,4.90774,0.0228553
18.0385,4.97989,-0.200443
18.9844,5.01693,0.0960875
0.0425489,6.06589,0.0146306
1.05196,6.01683,0.0699759
2.046,5.98118,-0.146294
3.08845,6.01455,-0.0635273
4.08565,5.92292,-0.159215
5.11494,5.95477,-0.17448
6.09975,6.01031,-0.281014
7.10314,5.96298,-0.247172
8.1487,6.04007,-0.405396
9.17692,6.13739,-0.204691
10.1674,5.9977,-0.23878
11.1652,6.13993,-0.347737
12.1496,6.03449,-0.234669
13.1264,6.02501,-0.47022
13.9294,5.9963,0.100146
14.9331,6.11041,0.0739372
15.9645,5.97117,-0.131175
16.9837,5.90749,-0.272332
17.9904,6.00876,-0.424677
18.9979,6.01439,-0.139567
-0.0441053,7.07154,0.213965
0.99635,7.05303,0.0288034
2.001,6.96978,-0.137599
3.00834,7.00456,-0.190158
4.05774,6.9411,-0.0846797
5.07505,6.9517,-0.185839
6.10299,7.01183,-0.313401
7.08871,6.94734,-0.226637
8.096,7.05911,-0.490854
9.1243,7.07999,-0.63036
10.1397,6.98628,-0.337507
11.0499,7.0529,0.143678
12.0637,7.01056,-0.0333842
13.0506,7.01233,-0.170083
14.0517,6.99257,0.119709
15.0194,7.05243,-0.218799
16.0017,6.97334,-0.0844478
17.0023,6.94563,-0.178893
18.038,7.02517,-0.136219
19.0283,7.01948,0.0481948
-0.0481368,8.11225,0.183639
0.912088,8.0935,-0.0996368
1.92191,7.98102,-0.248628
2.95986,8.01723,-0.163079
4.01144,7.972,-0.0939726
5.03739,7.93556,-0.307981
6.02209,7.97016,-0.0656667
7.05525,7.92936,0.00650349
8.02045,8.09288,-0.291021
9.04622,8.03568,-0.270412
10.0494,7.97931,0.0309519
11.0457,8.02926,0.117447
12.0598,8.00497,0.203446
13.0523,7.97783,0.15829
14.0289,7.97236,0.0303507
15.0455,8.00187,0.0672506
16.0919,8.01569,0.0449538
17.0941,7.92266,-0.0288736
18.0703,7.99565,0.0699271
19.0769,8.0234,0.362746
-0.00202033,9.1744,-0.0357067
1.0445,9.09461,-0.124241
1.97869,8.95791,-0.435292
2.9624,9.01552,-0.275341
3.99129,8.95047,-0.067687
5.01834,8.9933,-0.0440138
6.07165,8.93248,0.0194555
7.0542,8.99638,0.129206
7.93848,9.10771,-0.392868
9.00641,9.05551,-0.129841
9.99323,8.96171,0.177975
11.0177,9.03761,0.128657
12.0738,8.99114,0.424647
13.0356,9.03202,0.118464
14.0528,8.96429,-0.0439802
15.0181,9.00374,0.0955351
16.0439,9.00612,0.235652
17.006,8.97132,0.122297
18.0139,9.01881,-0.0600513
19.0276,8.93124,-0.0682638
0.017127,10.1664,-0.140464
1.05657,10.094,-0.262142
2.08945,9.95618,-0.277389
3.0796,10.0244,-0.125083
4.07866,9.97138,-0.119843
5.04344,9.97927,-0.32345
6.03128,9.95119,-0.0112217
7.02772,10.0475,-0.156383
8.00497,9.9329,0.234156
9.01403,10.0113,0.143123
10.0089,10.001,0.0178961
11.0272,10.0231,0.011301
12.0246,10.0033,0.128681
13.0567,10.0744,0.145116
14.0472,9.91901,0.330946
14.9835,9.99944,0.0297189
16.0133,10.0353,0.396927
17.007,9.99393,0.186694
18.0075,10.0329,-0.0223762
18.966,9.90769,0.148207
0.0530412,11.1411,0.06133
1.08083,11.0966,0.154613
1.99998,10.9963,-0.241877
3.01891,11.016,-0.201932
4.02956,10.9897,-0.0818293
5.04378,10.9985,-0.106061
6.03497,10.9,-0.254628
6.87121,10.9447,0.299551
7.93538,10.9465,0.107166
8.93708,11.0042,0.205582
9.98547,11.0153,-0.0433302
10.985,11.0847,-0.0177587
11.9631,10.9951,0.190387
13.0036,11.0435,0.34398
13.9836,10.9172,0.156032
14.966,10.9874,-0.101389
15.963,11.0616,0.171099
16.9935,11.0458,0.200159
18.0032,11.0171,0.225434
19.0307,10.912,0.332505
-0.0241798,12.1354,0.144923
1.02114,12.1069,-0.0268105
2.00954,12.039,-0.254662
3.00025,12.0569,-0.236259
4.01303,12.0309,-0.0842555
4.96899,11.9441,0.19505
6.00004,11.8856,0.185815
6.99604,11.9182,-0.0722282
7.98071,11.9858,0.111347
8.96791,12.0542,0.161229
9.96024,12.0189,-0.131779
10.9827,12.0945,0.0639546
11.9794,12.0042,0.0894009
12.9959,11.9583,-0.0153783
14.0328,11.9107,0.145793
14.9899,11.9789,-0.155739
15.9869,11.9692,-0.225681
17.0163,12.023,0.0358898
17.9941,12.0198,-0.128056
19.0047,11.9129,0.0603748
-0.023838,13.1683,0.278607
0.915983,13.1238,-0.15327
1.93352,13.114,-0.107837
2.94501,13.089,-0.215519
4.03416,13.0271,-0.157183
5.04802,12.9806,0.122684
6.06493,12.9175,0.141984
7.07424,12.9987,-0.15989
8.10511,13.0087,0.0687582
9.06703,12.9935,-0.184118
10.0845,13.0402,-0.124747
11.0259,13.1417,0.271938
12.045,12.9838,0.0335246
13.0643,13.0349,0.101257
14.0447,12.9427,0.0942656
15.0663,12.9854,-0.0704093
16.0574,12.9757,-0.0288675
17.0527,13.086,0.0793023
18.0178,13.0563,-0.218271
19.0219,12.8815,-0.217414
0.0317972,14.1229,0.110126
1.06811,14.1054,0.104358
2.03393,14.1564,-0.0716666
3.04874,14.0612,-0.173006
4.12147,14.0127,-0.032664
5.18746,14.0119,0.183108
6.24556,13.9207,0.112351
7.21928,14.0111,-0.124986
8.22018,14.0288,0.0705374
9.22121,14.0354,0.000680563
10.2241,14.0433,-0.116544
11.1763,14.1071,0.148405
12.1348,13.9647,-0.144835
13.1655,13.9538,-0.309516
14.0397,13.9662,0.175457
15.0553,13.9166,0.243571
16.0398,14.0296,0.0241676
17.0106,14.0499,0.343104
18.0135,13.9967,0.169024
18.9853,13.886,0.0202551
-0.0275094,15.0999,0.142747
0.994351,15.1187,0.176119
1.99147,15.1934,0.00836512
3.02982,15.0636,-0.121604
4.08486,15.0366,-0.141554
5.08476,14.9931,-0.00201117
6.09362,14.9088,0.170635
7.12256,14.9831,0.00545061
8.23513,15.0317,0.00300302
9.21145,15.0175,0.136048
10.177,15.0871,-0.178854
11.2011,15.1184,0.0915769
12.232,14.9927,0.0229225
13.1938,14.9795,-0.229597
14.0826,14.9884,0.184017
15.0649,14.9774,0.341646
16.0128,15.1025,0.0720237
17.0201,14.9418,-0.107599
18.0229,14.9863,-0.0345225
19.0086,14.9451,0.101907
0.0038667,16.0881,0.287286
1.02077,16.0779,0.448909
2.00857,16.1056,0.422748
2.96893,16.0387,0.1961
3.96783,16.0134,0.0706503
5.05711,15.9472,0.21366
6.07052,15.9148,0.0360668
7.04649,15.9359,-0.0227546
8.08687,15.9857,0.161226
9.04914,15.9888,0.389172
10.1045,16.0573,0.14366
11.1104,16.1516,0.0889431
12.1131,15.9886,-0.14109
13.1008,15.9742,-0.463009
13.9817,16.0124,0.0958281
15.0203,15.9579,0.197201
15.9986,16.071,-0.15732
16.9779,15.9614,-0.229539
18.0024,15.9929,0.144359
19.0567,15.995,0.343812
0.00834681,17.0836,0.260076
0.995685,16.9368,-0.0684347
1.96753,17.0994,0.0372021
2.99452,17.0254,0.122217
4.01544,16.9551,0.383383
4.99857,16.9322,0.079284
5.99431,16.8875,0.16798
7.0089,16.9144,0.204221
8.06266,17.0276,0.312397
9.05671,17.028,0.18052
10.0457,17.0592,-0.0626331
11.0466,17.1668,0.0516984
12.0647,17.0052,-0.218137
13.0603,16.9263,-0.181329
14.0886,16.9739,-0.191476
14.9546,16.9722,0.29183
15.9393,17.0437,0.0850551
16.9092,16.9797,-0.0620075
17.9564,17.0138,-0.00700095
19.0027,16.9463,0.108625
0.0250343,17.9863,-0.272869
1.05142,17.9668,-0.1562
2.05014,18.0788,0.0888668
3.11253,18.0022,-0.0775353
4.09816,17.9323,0.129542
5.1002,17.9045,-0.0717704
6.07735,17.9274,0.130168
7.04831,17.9388,-0.0487899
8.03514,18.0204,0.0508103
9.06525,18.0296,0.027842
10.1012,18.0425,-0.110736
11.0869,18.0716,-0.374624
12.079,18.0172,-0.357186
13.0338,17.9529,-0.0871242
14.0566,17.9643,0.0314402
15.0535,18.0071,0.384527
16.0474,18.0272,0.337684
17.0771,17.9593,0.256301
18.0037,18.0064,-0.188018
19.009,17.9669,-0.0594195
0.0185858,18.9895,-0.0279794
1.02099,19.0148,-0.0869106
2.02387,19.0332,-0.199695
3.08645,19.0064,-0.0403272
4.0761,18.9214,0.0232765
5.07744,18.9625,0.0230445
6.07375,18.9634,0.00440382
7.14321,18.9889,0.067159
8.20395,19.0305,0.140303
9.21284,19.0462,0.18641
10.062,19.0353,-0.289102
11.0662,19.0915,-0.426002
12.0569,19.0097,-0.175253
13.005,18.9515,0.153951
13.9604,19.0032,0.0818293
14.9498,19.0072,0.0701712
15.986,19.0087,0.0174047
17.0164,19.0086,0.101559
18.024,19.0102,0.0703452
19.0077,18.9608,-0.107718
