-0.0160344,0.00354015,-0.231794
0.970821,-0.0269204,0.122834
2.01011,0.032667,-0.137388
3.00044,0.0252022,0.0469863
4.01276,-0.0181158,-0.0154302
5.00867,-0.00812708,0.0929685
5.97133,0.020835,-0.073516
6.96496,0.00578326,-0.0973022
7.9559,-0.00595111,0.0912626
9.03114,0.0409986,0.271468
10.0497,0.057683,0.129414
11.0462,0.00911588,-0.00657674
12.0443,0.0443342,-0.269359
13.0153,0.00255135,-0.171038
14.0038,0.0151219,-0.0813898
15.0621,0.00178838,-0.0104068
16.0835,0.0586535,-0.0298807
17.0892,-0.00455641,-0.180081
17.9935,0.0671834,0.191687
19.0078,0.0522202,-0.107495
0.0182928,0.985791,-0.0190374
0.983963,0.972835,0.148683
1.98697,0.990081,0.181353
2.97793,1.03172,-0.00474563
4.05284,1.03593,-0.00697958
5.04464,1.05963,-0.0189245
6.004,1.00349,0.0841243
6.96607,1.03016,-0.228565
8.00202,1.02106,-0.00730613
9.03964,0.985687,-0.106674
10.0207,1.04075,-0.0841365
11.0086,1.02848,0.164312
11.8969,1.11154,-0.28872
12.9415,1.04634,-0.142146
13.914,0.898221,-0.56212
14.8663,0.952898,-0.211145
15.884,1.1198,-0.0634175
16.9227,0.966826,-0.261611
17.9269,0.965743,-0.195553
18.9708,1.08371,-0.183892
-0.00546892,2.02709,-0.152611
0.942976,1.96915,0.214249
1.99434,2.01003,0.234462
3.00318,2.03887,-8.85037e-05
4.01193,2.02584,-0.071984
5.04379,2.06687,-0.230161
6.05408,2.03151,-0.0235481
7.0422,1.98678,0.12783
8.08499,2.02347,0.197717
9.0724,2.02721,-0.0119175
10.0892,2.00985,0.0142277
11.065,1.96271,-0.15898
12.0955,2.07258,-0.00926542
13.1201,2.06232,0.0870907
14.0553,1.88326,-0.213868
15.0468,1.91327,-0.363543
16.0151,2.07784,-0.339848
16.9629,1.91755,0.0801904
17.974,1.93505,0.0406537
19.0066,2.09662,-0.135899
0.0234382,3.0544,-0.115311
0.990048,3.02954,0.174557
1.98097,2.90783,-0.145927
2.9699,3.08965,-0.115043
3.98821,3.02965,0.211063
5.04147,2.9291,0.348585
5.94205,3.01839,-0.0929563
6.94819,2.89821,-0.265011
7.96197,3.00581,-0.0695608
9.01786,3.04488,-0.0733512
10.0041,2.99794,-0.131547
11.0291,2.95699,-0.127238
12.0503,3.02958,-0.188864
13.0767,3.05456,-0.180215
14.0711,2.85332,-0.0400372
15.0867,2.86329,-0.0666646
16.0083,3.05647,-0.375546
16.9983,2.94895,-0.0637135
18.0432,2.94047,-0.117176
19.0055,3.09185,-0.218726
-0.0151372,4.06252,-0.0767479
1.01814,4.01437,-0.00863674
1.99924,3.84877,0.202649
2.96389,4.06852,-0.0531358
3.9535,3.98278,-0.0677938
4.87396,3.91379,0.299066
5.86808,4.03369,-0.0525376
6.84647,3.9236,-0.254341
7.84687,4.00029,-0.0705069
8.88618,4.104,-0.0750572
9.93056,3.98527,-0.212571
10.9588,3.947,-0.309967
11.9984,4.03026,-0.285244
12.9631,4.04313,0.103656
13.9978,3.87815,-0.0915342
14.9887,3.91332,-0.0456435
16.027,4.03612,-0.353822
16.98,3.98059,0.0317606
17.9829,3.94071,-0.163674
19.0159,4.08944,-0.10791
0.073278,5.1107,0.0335185
1.13953,5.07516,-0.0374279
2.12406,4.83953,0.0642537
3.11332,4.95675,0.400708
4.09836,4.9955,0.253523
5.09047,4.9268,0.155184
6.07826,5.05763,0.0911802
7.02587,4.83516,0.159447
7.9696,5.02536,-0.0907376
8.98661,5.18814,-0.0865963
9.92601,5.00373,0.00276193
10.9232,4.99972,-0.108115
11.9172,5.11258,-0.262709
12.9451,5.00061,-0.299625
13.9841,4.86872,-0.210401
15.0008,4.91039,-0.332218
16.0038,5.0388,-0.0382122
17.0021,4.98714,-0.149202
17.987,4.97427,0.0055269
19.0111,5.07142,0.120634
-0.0202826,6.10517,-0.342637
0.933528,6.05153,0.125391
1.93229,5.84357,0.065978
2.94251,5.92138,0.22761
3.94973,6.0006,0.174264
4.95425,5.97339,0.246724
6.07347,6.07433,0.264287
7.05625,5.87845,0.154796
8.04959,6.03847,-0.0278909
9.10271,6.11134,0.188824
10.0182,6.00633,-0.340443
11.0128,6.03874,-0.295306
11.9972,6.091,0.0182836
13.0019,6.02964,-0.28605
14.0248,5.93103,-0.109763
15.02,5.89632,-0.311585
15.9945,6.00896,-0.138334
16.9793,5.96051,-0.363265
17.9629,6.00582,-0.00019837
19.004,6.07796,-0.0299173
-0.0254585,6.99243,0.181817
1.00561,7.05967,0.0537706
2.01928,6.85448,0.223606
2.99261,6.9492,0.264742
3.98076,7.01755,0.205789
4.96656,6.95818,0.254128
5.98412,7.06048,0.128977
6.9754,6.96774,0.217554
8.01271,7.02988,0.0148991
9.02924,7.08686,-0.0436445
9.94382,7.00618,-0.480749
10.9165,7.05067,-0.128922
11.966,7.10918,-0.149776
12.9398,7.02142,-0.366976
13.9915,6.96237,-0.386258
15.006,6.92172,-0.335499
16.0371,6.97993,-0.144264
17.022,6.94949,-0.0717734
18.0582,7.01337,-0.138688
19.0052,7.08167,0.140922
-0.0174352,7.9825,0.232517
0.99248,8.05621,-0.0115848
1.97777,7.85785,0.0269448
2.97737,7.97424,0.0477981
3.98811,7.97877,0.0135533
5.0017,7.99181,0.205011
6.08182,8.04399,0.3163
7.06066,7.97824,0.349724
8.01509,8.0754,0.161476
9.01974,8.06499,0.123643
10.0035,7.98097,-0.118223
11.0118,8.04358,0.149806
11.9994,8.15051,-0.145198
12.9819,8.01694,-0.187588
13.9743,7.92331,0.0289773
15.0181,7.97042,-0.204877
15.9977,7.97821,-4.27259e-05
16.9867,7.94614,-0.0735679
18.0022,8.02418,-0.177355
19.0366,8.07271,-0.161699
0.0282449,8.91948,-0.0730338
0.996084,9.06318,-0.120454
1.98531,8.877,-0.0967437
2.9778,8.95742,-0.236995
3.90558,9.01503,0.177105
4.92037,8.94366,-0.0711997
5.96624,8.96289,0.0149815
6.9477,8.98699,0.0559374
7.95987,9.07177,-0.119358
9.00823,9.04227,-0.202136
9.97241,9.02749,0.128611
10.9655,8.98116,-0.155821
11.9846,9.17385,-0.250252
13.0161,8.99034,-0.20445
14.0138,9.01191,0.0631153
15.0144,8.9939,-0.0688223
15.9602,8.90884,-0.379153
16.9226,8.97321,-0.115015
17.961,9.02541,-0.113025
18.9797,9.04238,-0.277602
-0.0259377,9.88144,-0.389682
0.965175,10.0153,-0.3691
1.94162,9.87581,-0.24098
2.94489,9.96731,-0.274221
3.9833,9.90988,-0.2785
5.03903,9.96285,-0.126453
6.07864,9.96015,-0.230137
7.10238,9.98969,-0.18908
8.12223,10.0313,-0.222871
9.18049,9.99626,-0.208246
10.174,10.0152,0.0928007
11.1352,9.98436,-0.205329
12.1042,10.0799,0.165194
12.9979,10.0158,-0.264193
13.9933,10.0665,-0.101132
15.0284,10.029,-0.221574
16.0265,9.90536,-0.214905
16.9968,10.0082,-0.13712
18.0056,10.013,-0.219871
18.9798,9.97639,0.0486557
-0.0360363,10.8781,-0.175201
0.987881,11.0247,-0.069158
1.96397,10.8765,-0.150056
2.96508,10.9198,-0.543126
3.9582,10.9543,-0.335963
4.9711,10.9598,-0.0513871
5.97328,11.0235,-0.0754112
6.97238,11.0445,-0.142335
8.01397,11.0638,-0.037611
8.97794,11.006,-0.294913
9.88797,10.9754,0.150249
10.8905,10.9393,0.184155
11.9056,11.0829,0.0980407
12.8812,10.8765,0.237584
13.8491,11.0427,0.0353954
14.8581,10.9954,-0.116321
15.8391,10.8873,-0.0896146
16.8957,11.0179,-0.173977
17.9247,10.9755,0.0681143
18.9504,10.9653,0.0685873
-0.0276284,11.8789,-0.238157
0.919526,11.9779,0.116724
1.94349,11.9073,-0.0870296
2.85046,11.947,-0.532649
3.84004,11.9516,-0.218928
4.79506,11.937,-0.0635701
5.81946,12.0188,-0.0639943
6.79474,12.0121,0.12981
7.84312,12.0761,0.170153
8.81264,12.0027,-0.0323405
9.85435,12.037,0.0821619
10.8492,11.929,0.456484
11.8459,12.0636,0.150227
12.8521,11.9955,0.273705
13.8975,12.049,0.108277
14.981,11.9997,0.0296731
16.0007,11.9389,0.169286
16.9941,12.0176,0.0832514
17.9758,11.9278,0.324747
18.9695,11.9974,-0.0754173
-0.00537126,12.9331,-0.0773888
0.945393,13.0072,0.111536
1.97732,12.9273,0.00350047
2.92584,12.92,-0.230332
3.95314,12.9895,-0.411921
4.90061,12.9389,-0.219434
5.93778,13.056,-0.15146
6.92749,13.0149,-0.211274
7.95793,13.0471,-0.186389
8.83809,12.9588,0.305039
9.81099,13.0476,0.207022
10.8354,12.9563,0.291751
11.8684,13.0572,0.372253
12.8641,13.0315,0.158257
13.853,13.0659,0.236393
14.8987,13.0175,0.14792
15.9684,13.0096,0.032313
16.9929,13.0391,0.198016
18.0046,12.8677,0.0225288
18.9806,12.9908,0.120576
0.0373424,13.9214,0.0433912
1.00737,13.9963,0.271535
1.99053,13.9252,-0.0334117
3.05415,13.9243,-0.155934
4.03207,13.964,-0.121256
5.02462,13.9543,-0.241942
6.00854,14.0511,-0.16354
6.96926,13.9549,0.00187994
7.97678,14.0507,-0.0103519
8.97593,13.9024,0.0655812
9.95821,13.967,-0.129847
10.912,13.9764,0.190808
11.8703,14.0505,0.501343
12.8615,14.032,0.387442
13.873,14.0423,0.449034
14.9233,14.0368,0.310941
15.9572,14.0022,0.158483
16.9997,14.0823,0.334217
17.9013,13.8951,-0.0940764
18.8998,13.9866,-0.0282815
0.0401288,14.953,0.152162
1.06294,14.982,0.00451979
2.03105,14.9292,-0.157277
3.0552,14.9023,-0.279107
4.05703,15.0279,-0.0758415
5.0507,14.9558,-0.412333
6.02897,15.1055,-0.163488
7.05284,14.9901,-0.0332743
8.00653,14.9964,-0.258071
9.03368,14.8546,-0.259014
9.99702,14.9717,-0.0309458
10.9978,15.0549,0.184487
11.9876,14.9948,0.0784814
12.9244,15.0559,0.3897
13.9736,15.0116,0.362838
14.9824,15.0421,0.300125
16.0425,14.9759,0.275826
17.0558,15.0554,0.132429
18.0043,14.9222,-0.104407
18.9916,15.0352,0.0501633
-0.0107242,15.9976,0.270046
1.00177,15.9757,-0.0565661
1.99966,15.9744,-0.231916
3.05683,15.8895,-0.201648
4.06657,16.0106,-0.130595
5.06755,15.9731,-0.205423
6.06794,16.0053,-0.577132
6.99851,15.9671,-0.248827
8.04958,15.996,-0.201358
9.02712,15.9131,-0.230647
10.0236,15.9997,0.0428266
10.9464,16.025,0.390225
12.0076,15.9848,0.433705
13.0039,16.0611,0.327967
14.0165,16.0136,0.387982
14.9588,16.0664,0.0570086
15.9689,15.9874,0.311283
16.9758,16.1083,0.289129
17.9868,15.9378,0.0757439
18.9854,15.9949,0.211435
0.0220527,16.9845,-0.0472976
0.997467,16.9721,0.108261
1.99167,16.996,-0.163216
2.96628,16.9601,-0.0421278
3.99485,17.0036,-0.0701163
5.02425,17.0071,-0.0506882
5.97989,17.0551,-0.448769
6.93395,16.9947,-0.185904
7.90674,16.9669,-0.215922
8.92954,16.94,-0.143754
9.9226,16.9828,0.0563585
10.9522,17.034,0.174688
11.9496,17.0247,0.293777
12.9891,17.0464,0.356233
13.9658,17.0219,0.569048
14.8484,17.0492,0.109742
15.8726,16.9657,0.0794824
16.8753,17.0845,0.0984375
17.8976,16.9664,0.117045
18.9614,16.985,0.0538469
0.0139744,17.9728,0.15146
0.95269,17.9674,-0.215479
1.9633,18.0029,-0.107236
3.02051,17.9623,-0.0717582
4.00962,18.009,-0.243645
5.04274,18.0072,-0.137358
6.04581,17.9814,-0.19801
7.06905,18.0213,-0.39747
8.0725,17.9667,-0.152046
9.02824,18,-0.00170598
10.0584,17.9834,0.092523
11.0048,18.0397,0.392376
11.9944,18.0116,0.230317
12.9948,18.0505,0.282836
14.0014,17.9925,0.33358
14.9573,18.0793,0.0556108
16.022,17.9867,0.155574
17.0408,18.053,0.434904
18.0268,17.9715,0.236708
18.9801,18.0054,-0.0355541
0.0208411,18.9756,0.159731
0.968169,19.0233,-0.220722
1.99535,19.0074,0.0178777
3.0057,18.9594,-0.105676
4.04753,18.9806,-0.0601062
5.06251,19.0217,0.0872097
6.05036,18.9964,-0.0153905
7.03929,18.9378,0.0429395
8.04086,18.9246,0.0452956
9.05096,19.0139,0.0998047
10.063,18.9787,0.0197546
11.0304,19.0095,0.141969
12.0629,18.9829,0.0813288
13.0594,19.0285,0.286877
14.0444,18.9546,0.0459548
15.0196,19.0457,0.281927
16.009,18.9945,0.27239
16.9978,18.9877,0.100501
17.9707,18.986,0.157384
19.0214,18.9806,0.294363
