-0.291125,-0.908258,2.10248
-1.19585,-3.86465,2.46332
2.49395,3.4941,-0.833665
3.14662,0.0650349,2.52151
1.1671,2.02026,-1.93038
-5.32545,6.74589,-0.674502
1.31408,9.42752,1.29907
0.61493,8.72594,-6.04176
5.9387,7.4921,-3.85356
3.9502,7.25588,-0.897168
0.846049,-0.372567,1.6826
0.0469375,-1.22025,1.38967
1.28174,1.26985,0.254262
1.64938,1.8556,0.980859
0.0298685,3.57742,-0.447203
-1.96379,5.85886,-0.538047
0.23603,7.59676,-0.615992
1.44708,8.01669,-2.98632
3.37576,7.4856,-1.27277
1.70796,7.15841,1.92183
2.26059,0.108927,1.59972
1.29466,0.0417158,1.19351
1.87778,1.4629,0.961278
1.68354,2.8565,0.622367
1.03745,4.18682,0.170544
0.183096,5.47994,-0.192801
1.27352,6.61601,-0.475527
2.31964,7.51107,-1.16038
3.2463,7.53614,0.111283
3.07922,7.58045,1.60779
3.79947,0.46411,1.72564
2.80882,0.489016,1.19032
3.07336,1.69186,1.06123
2.88991,2.90074,0.699951
2.36337,4.07681,0.600366
1.8461,5.2744,0.327384
2.4928,6.37281,0.346232
3.36632,7.29263,0.257427
4.12529,7.54784,1.40902
4.23145,7.8614,2.59585
5.32747,0.825596,1.82561
4.36233,0.526652,1.50041
4.28166,1.63764,1.18097
4.20812,2.80873,0.957616
3.77264,3.98951,0.913456
3.3866,5.17641,0.798068
3.75543,6.35676,1.04593
4.49337,7.30715,1.46473
5.15367,7.74089,2.65141
5.0029,7.97988,3.97985
6.89545,1.1951,2.01447
5.89191,0.352171,1.78229
5.53616,1.36666,1.48939
5.47702,2.5948,1.34322
5.16499,3.80138,1.23891
4.81281,5.0401,1.37796
5.03419,6.32538,1.65252
5.50567,7.39588,2.48686
6.50036,8.00651,3.58797
7.90382,8.42286,5.0806
7.41582,-2.81299,2.16526
6.9247,-0.832499,1.98928
6.66873,0.777746,1.72759
6.82711,2.24359,1.6952
6.52704,3.52537,1.56567
6.15485,4.82714,1.65169
6.20007,6.11523,1.90226
6.40181,7.44646,2.14631
6.82011,8.60327,2.53605
7.33243,10.0117,2.29361
7.93923,0.905942,0.365056
7.70158,0.428816,1.66043
7.56331,1.52999,1.84491
8.34045,2.33556,2.00226
7.91389,3.43259,1.89581
7.42843,4.64366,1.9939
7.3697,5.89986,2.05586
7.32489,7.15046,2.03505
6.28707,8.03555,1.57909
4.81071,7.9405,-0.177541
3.752,2.37629,-0.0755333
8.52685,1.1521,2.49897
8.18603,2.40559,2.06922
9.92922,2.09438,2.39603
9.32967,3.23897,2.28296
8.68668,4.38828,2.31714
8.42087,5.63062,2.53202
8.09486,6.87224,2.87764
7.69668,8.07439,3.4411
9.04106,8.65202,5.25987
8.6768,1.08438,2.3094
13.2431,-0.154064,4.59047
6.56146,3.18303,1.64056
12.0114,1.47671,2.60176
10.7423,2.67724,2.49999
9.91864,3.92575,2.4968
9.47307,5.16114,2.66687
9.07235,6.27334,3.09623
8.78835,7.41906,3.60009
9.0949,8.00157,4.40105
