12.4353,5.03256,-2.93347
-0.746605,21.7684,2.09829
-5.85872,14.3944,-13.1287
5.17476,-26.9057,10.2659
-4.81415,4.93146,-16.048
-1.32081,-30.6502,-10.249
22.4393,-9.48604,10.8391
8.28088,-3.12573,8.68612
-7.42557,14.9455,-0.0562426
6.5457,21.2824,-0.943056
5.6064,7.56944,-5.76485
0.276678,11.5546,-2.80969
-1.48779,2.32539,-5.13839
1.6071,-11.8829,1.18146
-0.844374,-5.64691,-7.75593
3.12835,-15.9731,-4.82149
11.1728,-7.18282,2.72725
8.92225,4.55477,3.01755
7.83264,17.4466,0.191656
20.5665,27.7081,-1.78312
3.07951,6.40742,-12.2621
1.03548,6.32758,-7.96493
0.921455,0.564199,-5.98135
1.33407,-5.1952,-2.76618
1.73214,-4.3888,-4.28674
4.11309,-6.88204,-1.75612
6.59913,-0.170574,1.88145
6.13244,8.67468,3.53905
6.09929,17.4377,4.64146
8.76117,25.4603,4.9967
1.77078,5.2482,-19.702
1.10109,4.74578,-14.3069
1.11541,2.04083,-10.0238
1.33833,-0.744868,-6.08665
2.1343,-0.343446,-3.27167
3.47708,0.152202,0.0593646
3.81486,5.70295,2.9831
2.63448,12.4305,5.51429
0.685604,19.358,8.1913
-2.52809,25.6726,11.9465
1.07432,4.45399,-28.0646
1.0057,4.23521,-20.2491
0.985778,3.5934,-13.8431
1.34127,3.11753,-8.09475
2.0323,3.79403,-3.27791
2.75453,5.46195,0.840321
2.19543,10.2739,3.93148
0.471728,15.9768,6.81853
-4.12757,21.3081,10.6288
-13.8571,27.5531,19.8356
0.422486,4.08373,-38.1185
0.270339,4.78713,-19.759
0.719977,4.60255,-11.1774
1.07117,5.75432,-5.31473
1.99935,7.16843,-1.21068
3.52498,8.65877,1.38236
4.78737,11.3114,2.90521
5.64474,14.329,3.84922
4.84589,16.1303,1.50882
6.22462,10.3756,-8.61711
-3.98879,24.314,1.7742
0.420591,5.57313,-2.13153
1.0204,3.81055,-3.38208
0.696677,7.32897,0.0194281
2.04239,9.9512,2.43685
4.9083,10.9444,2.98155
7.84888,11.8621,2.52434
11.0824,13.0375,1.42083
15.8756,14.3432,-1.35541
25.9451,18.2404,-4.96908
3.26357,-33.0079,19.8067
5.23894,-11.3409,8.05082
1.68396,1.39911,3.63403
-0.211576,9.83487,5.6751
1.89336,13.2378,6.43843
5.90494,12.9391,5.39803
10.1673,11.6754,3.55883
14.5481,9.73936,1.23133
19.3992,5.99418,-1.29702
24.508,-3.11422,-3.5811
-13.6415,9.48101,-7.8793
17.2139,0.353496,1.63698
-1.46959,12.4818,-0.706668
-2.62242,17.9819,9.69223
0.839656,17.3856,10.3861
4.67106,15.6676,8.2355
8.71446,13.8162,6.03558
12.976,12.0504,3.88519
17.5465,10.8667,2.22077
20.3379,15.2811,4.5508
19.3923,0.167067,0.747475
52.2898,-8.59432,8.82183
-19.5156,25.2648,-7.26242
-4.79499,26.4313,19.7676
-1.08669,21.5433,14.8009
2.85739,18.3712,11.1852
6.80439,15.8633,8.35013
10.7335,13.941,6.00573
14.5103,12.7441,4.26701
17.3801,13.9122,4.28616
