-0.0358928,-0.0186193,0.202084
1.00836,-0.0270486,0.0964354
2.04313,0.0394177,0.0325388
3.06621,0.0609577,-0.0630818
4.12192,-0.0210669,-0.266131
5.11204,-0.0234474,-0.414512
6.02476,0.0686941,0.00957366
6.96388,-0.0279855,-0.321366
7.93308,-0.0112064,-0.142845
8.96084,-0.011832,-0.172085
9.95669,-0.00130619,-0.0901944
10.9969,0.0221931,0.0755882
12.0346,-0.0251778,-0.135099
13.0363,-0.0181494,-0.033079
14.0125,-0.0475814,-0.393722
14.9715,-0.0071688,-0.0981689
15.9745,0.0311686,0.0875301
17.0188,0.00242927,-0.0149846
18.0056,0.00373547,0.190637
18.9795,0.00104678,0.335017
-0.00553301,0.98497,-0.0674123
0.988015,0.977596,0.238713
1.97168,1.01677,0.0207099
2.99569,1.08429,-0.0983642
4.03541,1.00771,-0.0253822
5.02922,0.938609,-0.018482
6.02414,1.05859,-0.00934477
6.95468,0.904144,0.182711
7.95161,0.959865,0.0525498
8.96565,1.00658,-0.100751
9.97418,0.963472,-0.430119
10.9694,0.930155,-0.225257
11.9653,0.977898,0.11962
13.0032,1.01764,0.042674
13.9753,0.958483,-0.113718
14.9572,1.02548,-0.20586
15.9856,1.04346,-0.0945982
17.0139,1.02688,-0.304785
18.0192,0.958187,-0.0885311
18.991,0.910739,-0.0149541
0.0272561,1.99981,-0.0125401
1.05055,2.00264,0.119398
2.06912,2.0431,-0.0488449
3.07532,2.05992,-0.235148
4.07223,2.0047,0.0146001
5.03225,1.94638,0.154295
6.03312,2.05923,0.0477065
7.04652,1.97702,-0.0732139
8.03016,1.98948,0.222388
8.91647,1.98759,-0.31153
9.93812,1.96283,-0.38113
10.9371,1.97041,-0.00731529
11.9801,1.96764,-0.0195654
13.0403,2.00967,0.0618732
13.9788,1.95714,-0.259764
15.0458,2.04507,-0.338343
16.063,2.01002,-0.310376
17.0681,1.99599,-0.473458
17.952,1.94432,-0.0307077
18.9432,1.89219,0.252275
-0.0219733,3.04452,-0.105863
0.950429,2.89824,-0.318635
1.90646,3.02257,0.0259224
2.98402,3.03624,-0.114573
4.01998,3.02903,0.084817
5.05108,2.97067,0.173421
6.0188,3.02269,-0.0739097
7.00768,2.99152,-0.118049
8.0255,2.92742,-0.170022
9.05916,3.02739,-0.267147
10.0633,2.94639,-0.443095
11.0169,2.95413,-0.141621
12.0318,2.98915,-0.0578814
13.0708,2.95106,-0.254524
14.0932,2.99243,-0.523618
15.1303,3.04116,-0.433891
16.0806,3.01904,-0.184445
17.0372,2.84198,0.0926237
18.0689,2.97896,-0.00729698
19.0257,2.88681,0.217676
-0.0332102,4.04394,-0.26484
0.950002,3.96087,-0.0791437
1.96318,4.01769,-0.169726
2.92078,4.03748,0.0770196
3.93323,4.03036,-0.122376
4.95807,3.97085,0.043495
5.95673,4.03586,0.0164769
6.94859,4.04463,-0.0924192
7.92887,3.89641,0.0941496
8.85767,3.99668,-0.20474
9.87826,3.94171,-0.126881
10.8977,3.94696,-0.28793
11.9598,3.98602,-0.237346
12.9805,3.98693,-0.270266
14.0469,4.0123,-0.398816
15.065,4.0415,-0.306888
16.0629,4.02384,-0.305631
17.013,3.86072,-0.105841
17.9479,3.96345,0.265831
18.9582,3.89223,0.0999969
-0.0178869,5.01511,0.0573168
0.973174,4.99561,0.00440077
1.95994,4.99908,-0.126902
2.93421,5.05497,0.193081
3.90758,5.04866,-0.163475
4.95165,4.97631,-0.167812
5.96344,5.02411,-0.141514
6.97283,5.06346,-0.274087
8.01117,4.904,-0.112757
8.97776,4.99234,-0.300616
10.0316,4.93779,-0.103021
10.9727,4.95909,-0.54427
11.9906,5.0199,-0.327821
13.0099,5.0271,-0.20137
14.0221,5.04211,-0.384744
14.9939,5.09662,-0.238054
16.0229,4.9802,-0.0318155
17.0089,4.89895,-0.152553
18.0443,4.89986,-0.166454
19.0031,4.87851,0.217295
-0.0102603,5.9578,-0.330332
1.06264,5.98041,-0.152553
2.07321,6.00476,0.0469955
2.99883,6.04782,0.393741
3.99052,5.99166,0.165233
4.97606,5.96588,-0.0510605
5.967,6.04859,-0.227323
6.99029,6.09318,-0.178079
8.0538,5.91412,-0.0180334
9.03588,6.01795,-0.288006
10.0339,5.94343,-0.135719
11.0297,6.0322,-0.38891
11.9889,6.02268,-0.116813
13.0132,6.04404,-0.136872
13.9641,6.07434,-0.376397
14.9618,6.07233,-0.1626
15.9574,5.97249,0.0917478
16.9277,5.80511,0.244533
17.9377,5.84137,0.136671
19.0156,5.88258,0.0756737
-0.016599,6.96248,-0.31659
0.958028,6.99768,-0.181399
1.99525,7.00155,-0.106861
3.0407,6.88619,-0.23466
4.04982,6.92888,-0.343352
4.98434,7.05736,0.0660848
5.99605,7.02698,0.0605152
7.00703,7.05922,-0.0408704
7.98431,6.91639,0.111817
8.98045,6.95363,0.0690603
9.99196,6.99492,-0.0912229
10.978,6.94015,-0.00506607
12.0264,7.06893,-0.0569109
12.9911,7.04937,-0.221412
13.9209,6.96709,0.123154
14.9171,7.02179,0.122019
15.9398,6.99346,0.143278
16.9822,6.82876,0.0667226
17.9924,6.85885,0.178741
18.9941,6.9042,0.0264412
0.0204901,7.96171,-0.261135
0.970663,7.93775,0.144447
1.93068,7.99852,-0.208957
2.96452,7.91514,-0.0830866
3.96654,8.00798,-0.267507
4.95341,7.99039,-0.24937
5.94732,7.95664,-0.417972
6.93653,8.07942,-0.0582965
7.93743,7.98603,-0.0103427
8.94265,7.95098,-0.0798273
9.98914,8.0257,-0.0594317
10.9825,7.97959,-0.175426
11.9928,8.06613,-0.0881283
13.0382,8.04479,-0.164846
13.9964,7.95736,0.00309763
15.0043,7.96484,-0.148708
15.9833,7.93896,-0.138383
17.0091,7.82182,-0.08905
18.0292,7.85633,-0.0228675
19.0176,7.89066,-0.296786
-0.0174749,8.87188,0.0794641
0.974572,8.93926,0.0945463
1.90768,9.02674,-0.279992
2.89101,8.90007,-0.502109
3.92341,8.95005,-0.652379
4.9717,8.96496,-0.434986
6.02236,8.96018,-0.419694
7.02418,9.10959,-0.0515946
8.02535,8.98565,0.0519974
9.00002,8.96179,-0.139589
10.0135,8.99602,-0.250011
11.0383,9.02231,0.0173559
12.0703,9.08642,-0.239552
13.0612,9.06348,0.0633381
14.0181,8.90218,-0.296213
14.9938,8.96032,-0.00626545
16.0307,8.95412,0.0906522
17.0007,8.85389,-0.0697501
17.9828,8.86685,0.0814844
18.9836,8.79831,0.113248
-0.0480605,9.93272,0.241792
0.963173,9.93672,0.170498
1.9553,9.99091,-0.0478378
2.96346,9.88001,-0.327439
4.01861,9.8671,-0.236839
5.00952,9.96351,-0.50788
6.01604,9.97312,-0.433482
6.98016,9.88442,-0.717301
7.92673,9.94599,-0.231919
8.96739,9.98067,-0.141432
10.0068,10.0466,-0.214515
11.0211,10.0119,-0.315915
12.023,10.0594,-0.37478
13.0703,10.0635,-0.343928
14.0552,9.91678,-0.0564562
15.0305,9.98158,-0.135078
16.0111,9.96452,0.129545
17.0056,9.90636,-0.0212531
18.0042,9.83884,-0.11698
19.0164,9.82107,0.0165197
-0.0317911,10.9674,0.277941
0.985363,10.9693,0.224378
1.91426,10.9813,-0.21272
2.95617,10.9149,-0.225401
3.94267,10.8685,-0.402115
4.97047,11.0047,-0.35801
5.96143,11.0106,-0.35555
6.94121,10.875,-0.415262
7.89622,10.8963,0.0264687
8.91404,10.9871,-0.264125
9.91863,11.0035,-0.194531
10.8962,10.9342,0.0277963
11.9025,11.0342,-0.196197
12.9394,11.0447,-0.122129
13.9403,10.8926,-0.21698
15.0065,10.994,-0.184811
15.9871,10.9239,-0.197513
16.9776,10.8964,-0.143883
17.9786,10.8847,-0.119718
19.0074,10.8959,-0.122306
0.0346385,11.9706,0.0108829
1.05131,11.9042,-0.153014
2.02965,12.0003,-0.285018
3.02371,11.9162,-0.422132
4.04853,11.8502,-0.267315
4.98596,12.0185,-0.599713
5.98591,12.0035,-0.501959
6.96523,11.8965,-0.323292
7.89977,11.9426,0.132047
8.90764,11.9547,-0.164888
9.89981,12.0282,-0.207331
10.8673,11.9168,0.211228
11.9503,11.9567,0.188162
12.929,12.0598,0.00934782
13.9535,11.9065,-0.268905
14.9495,12.0463,-0.219285
15.993,11.9247,-0.149855
16.9993,11.9235,-0.193002
18.0375,11.893,-0.215815
19.0668,11.8848,-0.341151
0.0207038,12.9661,-0.115159
1.07509,12.8761,0.0628559
2.0862,12.9885,0.00242927
3.07257,12.8741,-0.119291
4.11308,12.8345,-0.129618
5.08138,13.0108,-0.458263
6.09249,13.0015,-0.389975
7.06941,12.9214,-0.0845363
8.02359,12.9695,0.146446
8.9942,12.995,-0.0333537
10.0866,13.012,-0.143062
11.0747,12.8655,0.0224036
12.1049,12.9406,0.140303
13.0464,13.0579,-0.11117
14.0362,12.9532,-0.146126
15.0113,12.9761,0.107801
16.0237,12.8923,0.24319
17.0469,12.9244,-0.00116581
18.037,12.9193,-0.120481
19.0377,12.858,-0.15443
0.00137638,13.9606,0.0220069
1.00555,13.8699,6.40889e-05
2.00965,13.9931,-0.0914548
3.01774,13.9135,-0.186627
4.04723,13.846,-0.035786
5.02565,14.0351,-0.108078
6.06962,13.966,-0.160686
7.06461,13.9099,0.0902249
8.089,13.9262,-0.116483
9.01208,13.9536,0.260912
10.017,13.9671,0.107157
11.0392,13.8652,0.193966
12.0737,13.9337,0.0672445
13.0865,14.0552,0.16187
13.9901,13.976,-0.321421
15.0203,13.9759,-0.125706
16.0328,13.8788,0.117109
17.0566,13.9105,0.173144
18.0617,13.867,0.16191
18.9868,13.86,-0.149394
-0.0146031,14.9583,-0.117682
0.979077,14.9245,0.134202
2.02299,14.9759,0.200995
3.04153,14.8934,0.192157
4.03378,14.8635,0.0235817
5.04555,15.0232,0.108295
6.03658,14.9706,0.0473434
7.0624,14.8963,0.178951
8.06266,14.9186,0.134535
9.05537,14.9591,0.0479263
10.0349,15.0058,0.314695
11.0127,14.86,0.0235298
12.0771,14.9509,0.113709
13.1191,15.0386,0.170193
14.0851,14.9457,-0.0306772
15.1087,15.0116,-0.0292642
16.0963,14.9137,-0.283969
17.0546,14.9519,0.0600635
18.0583,14.9007,-0.133158
19.0382,14.85,0.0140904
0.010004,15.9775,-0.187854
0.957009,15.9164,0.253337
1.97941,15.9615,0.289151
2.98515,15.9143,0.381335
3.99432,15.8817,0.0991302
5.02589,16.0176,0.113263
6.03399,15.9646,0.201776
7.04696,15.9457,0.45248
8.07502,15.9375,0.291382
9.12144,16.0417,0.116114
10.133,16.0207,-0.0700583
11.1259,15.9227,0.0754601
12.0937,15.9379,0.322535
13.1032,16.1082,0.0351238
14.1014,15.98,-0.0432051
15.0487,15.9882,0.303699
15.886,15.8902,-0.263494
16.9018,15.9385,-0.0886807
17.9424,15.96,-0.181243
18.9615,15.8428,-0.223298
0.0128544,16.9437,0.0956389
0.979748,16.9022,-0.0620441
1.95547,17.006,0.298389
2.94322,16.9417,0.223341
3.98456,16.887,0.211219
4.97868,16.9713,0.471099
5.93611,16.9802,0.260683
6.98293,16.9268,0.384716
7.99609,16.9777,0.339232
9.01776,17.0191,0.42826
9.98554,17.0317,0.0570482
10.9991,16.9446,0.0506394
12.0119,16.9391,0.136222
13.0116,16.9866,0.463097
14.0129,16.9736,0.218125
15.0302,17.0165,0.167846
16.0152,16.9215,-0.166927
17.023,16.9441,-0.366317
17.9999,16.9585,-0.202811
19.0345,16.8572,-0.355959
-0.0156865,17.9758,0.211139
0.99129,17.8835,0.147557
1.95461,18.0893,0.367086
2.95521,17.9934,0.522071
3.93417,17.9278,0.151851
4.93679,17.9615,0.272689
5.93761,18.0044,0.308652
6.96216,17.9979,0.160198
7.96002,17.9285,0.0336344
8.96338,17.9594,0.0451491
9.98126,18.0158,0.104907
10.9693,17.9454,0.155184
11.9855,18.0088,0.27011
12.9724,17.97,0.148735
13.9569,17.9688,0.189236
14.9173,17.9781,-0.0489212
15.9811,17.904,-0.0630329
16.9782,17.9678,-0.205597
17.981,17.9869,-0.0338878
18.9759,17.912,-0.197247
0.00560015,18.9728,-0.0494797
0.993603,18.9342,-0.0300485
2.05777,19.0011,-0.0915159
2.99844,18.997,0.212275
3.98912,18.9545,0.012714
5.00605,18.9657,0.255226
6.00071,19,0.145747
7.0225,19.0156,0.359923
7.92931,18.9802,-0.100461
8.9651,18.9782,0.106204
9.95431,19.0092,-0.013535
10.9407,18.9403,-0.221479
11.979,18.9989,0.00220954
12.9738,18.9757,0.0266305
13.9681,18.999,-0.118168
14.9358,19.027,-0.263039
15.8679,18.9675,0.0852809
16.8514,19.0096,0.0200354
17.9209,18.9801,0.118686
18.9488,18.9008,0.0450484
