0.01901,0.0270852,0.0634693
1.02348,0.0568621,-0.119962
2.06412,-0.0572924,-0.281591
3.01189,0.0455489,0.0481124
4.03533,0.041731,-0.127836
5.03251,0.00618,-0.268145
6.05979,0.0251839,-0.389941
7.11131,0.0193945,-0.208768
8.07238,0.015952,0.155885
9.05868,0.0396741,0.0122013
10.1088,0.00402234,-0.141472
11.0472,0.0446821,0.150887
12.025,0.0431898,0.219288
13.0011,-0.00998871,0.0744926
14.0425,-0.0587786,0.269552
14.978,0.0416974,-0.0426801
15.9701,0.0142186,0.174105
16.9116,0.022364,-0.199066
17.9082,-0.0683004,-0.331101
18.9761,0.0275124,-0.19902
0.0453749,1.02568,-0.047261
1.06806,1.02679,0.0619037
2.04182,0.917112,-0.107663
3.13405,0.99971,-0.11294
4.17036,1.00945,-0.268935
5.18164,1.02837,-0.309442
6.13045,1.06807,-0.555495
7.06713,1.00674,-0.15605
8.06633,0.975546,-0.189688
9.13911,0.927003,-0.370736
10.102,0.982119,-0.121491
11.0484,1.02292,0.276867
12.0221,1.06749,0.191391
13.0458,1.01151,0.181655
14.0113,0.902405,-0.00861538
14.9725,1.05234,-0.244816
15.9819,0.958586,-0.235102
17.0166,1.0271,-0.0518296
18.0296,0.940773,-0.27589
19.0442,1.01711,-0.246397
0.0102756,1.99241,0.225742
1.01137,2.10809,0.108725
1.99931,1.97987,0.0464278
2.99348,1.86531,0.372903
3.96452,1.9509,-0.00672933
5.01696,2.00493,0.0491623
5.96277,1.97752,-0.261834
7.00765,2.05906,-0.239421
8.03716,1.93388,-0.373806
9.01207,1.86759,-0.0214179
10.0277,1.95591,0.203885
11.0412,2.05848,0.210602
12.01,2.03949,-0.031428
13.0531,1.94752,-0.267577
14.0078,1.94293,3.96741e-05
14.9914,1.96562,0.0545488
15.9653,1.95652,-0.316877
17.0456,1.98341,-0.330342
17.9704,1.97123,0.0779473
18.968,1.96613,0.161635
0.0404675,2.98131,-0.0251411
1.04123,3.08036,-0.107196
2.01753,3.00084,0.11659
2.98583,2.88716,0.227714
3.98614,2.93575,0.0781762
5.01079,3.03426,0.194162
5.94945,3.03969,-0.0980102
6.98802,3.06301,-0.236064
7.97014,2.95084,-0.170125
9.01386,2.89507,-0.0255074
9.95123,2.86362,-0.323133
10.9626,2.99713,-0.102792
12.0107,3.03225,-0.232109
13.0682,2.91646,-0.139174
14.1105,2.91739,-0.172954
15.0619,3.00667,-0.00482192
16.087,2.95305,-0.154665
17.1071,2.98592,-0.0988159
18.1249,2.92224,0.0149541
19.0521,2.93927,-0.232899
-0.0194189,3.97909,-0.191812
1.02235,4.09434,-0.0953673
2.06135,3.9758,0.0757347
3.06214,3.92558,0.146812
4.05219,3.95337,0.000427259
5.06129,3.99497,0.0853816
6.02334,4.0607,-0.206754
7.03033,4.09866,-0.27633
8.00241,3.95734,-0.22439
9.05748,3.9168,-0.098645
10.0225,3.81203,-0.0322855
11.0382,3.9863,-0.00980865
12.0073,4.02034,-0.299319
12.9942,3.95596,-0.231697
14.0368,3.93872,-0.111237
15.1163,4.00108,-0.189853
16.1213,3.9938,-0.111307
17.1098,3.96417,-0.182202
18.0189,3.96038,0.195386
19.004,3.93998,0.0404309
-0.0035371,4.9671,0.0747124
1.02566,5.11345,-0.0504166
2.03181,4.99075,0.0165105
3.01374,4.966,0.078457
4.08981,4.9526,0.182067
5.09064,4.99909,0.012888
6.10337,5.04899,-0.0110385
7.0928,5.07803,-0.112009
8.13833,4.97753,-0.244554
9.09295,4.90073,0.0964141
10.1131,4.84814,-0.194833
11.0933,4.9414,-0.356157
12.1005,5.03872,-0.447569
13.1156,4.96039,-0.282797
14.0997,4.96435,-0.103812
15.1071,5.03112,-0.425523
16.0735,5.02716,-0.127952
16.9993,4.89659,0.280517
18.0349,4.95195,0.332142
19.0377,4.92234,0.296564
0.0358654,5.95889,-0.0360912
1.04086,6.09453,-0.278982
2.06547,6.00015,-0.320746
3.0478,5.95497,-0.0394421
4.02641,5.95602,-0.00426649
4.99725,5.94453,0.298608
5.99472,6.01963,0.119068
7.00083,6.06772,0.0707205
7.97361,5.94305,0.0116276
9.00169,5.8993,0.0647755
10.009,5.93319,-0.178405
10.9576,5.97811,-0.514158
11.9689,6.03615,-0.275466
12.9785,5.96352,-0.215036
13.9749,5.97813,-0.033845
14.9367,6.00338,-0.13719
15.9443,5.986,-0.0710257
16.9376,5.86181,0.0321909
17.933,5.84841,-0.131339
18.9477,5.8834,0.0967437
0.00268258,6.93784,0.0384198
1.07492,7.11766,-0.0942625
2.10054,6.93499,0.0037019
3.11552,6.9054,0.263271
4.10222,6.92942,0.199896
5.11484,6.94259,0.215839
6.09065,7.0506,0.0161596
7.05268,6.98193,-0.366427
7.95712,6.99356,0.021482
8.9769,6.9391,0.123209
9.92767,6.99882,-0.159923
10.9612,6.93307,-0.257546
11.8866,7.04917,-0.591095
12.9111,7.01628,-0.383676
13.9008,6.96229,-0.292016
14.9414,7.03698,-0.380682
16.0777,6.92027,-0.459252
17.0158,6.88292,-0.0899014
18.0194,6.88697,-0.147548
19.0058,6.9016,0.0294504
0.0391278,7.95098,0.192148
0.956713,8.09825,-0.214466
1.9381,7.98068,-0.0289895
2.9734,7.87006,-0.0291116
4.06186,7.92424,-0.0323527
5.11107,7.9844,-0.0247169
6.03363,7.95015,-0.424317
7.08022,7.99816,-0.554479
8.09203,7.97164,-0.423576
9.01096,7.96147,-0.0468886
9.97656,8.01427,-0.325971
10.9727,7.9344,-0.356441
11.9805,8.03104,-0.438066
12.949,7.96703,-0.0242988
13.9376,7.93719,-0.0865658
14.9701,8.01639,-0.0340159
16.0118,7.94334,-0.312629
16.9894,7.8956,-0.142842
17.9928,7.87678,-0.226472
18.9795,7.97314,-0.032664
0.0210669,8.99559,0.0822077
1.01788,9.14358,-0.278201
1.99313,8.98508,0.0348186
2.99825,8.8483,0.146394
3.86922,8.83173,-0.404108
4.95349,8.89106,-0.367617
5.96734,8.94982,-0.207193
6.96208,8.8994,-0.187579
8.01961,8.97192,-0.115986
8.9955,8.97144,-0.287091
10.0164,9.01825,-0.431504
11.027,8.98953,-0.36642
11.9986,9.02254,-0.231846
13.0132,8.95037,-0.182522
13.9957,8.98744,-0.179232
15.0032,9.01657,-0.145531
16.0255,8.90132,-0.109503
17.0494,8.904,-0.151305
18.0184,8.91034,-0.336247
19.0472,8.9714,-0.321326
-0.0342845,10.006,0.217615
0.973464,10.1062,0.0964904
1.98943,9.9877,0.0948088
2.93485,9.88072,0.0475784
3.90338,9.89793,-0.354299
4.91139,9.90409,-0.296509
5.92364,9.9766,-0.0256233
6.92171,9.97468,-0.195416
7.95897,9.96342,-0.16982
8.97132,9.94534,-0.0684957
9.99959,9.99527,-0.101038
11.0206,9.94596,-0.160448
12.008,10.0798,-0.295029
12.9813,9.96864,-0.329295
13.9324,9.95394,0.0114505
14.9376,9.96826,0.221342
15.968,9.94794,0.0291116
16.9807,9.94695,-0.0695059
18.0188,9.91189,-0.111466
18.985,9.91064,0.0831416
-0.040025,11.0565,0.294537
0.99371,11.1303,0.418992
1.94523,11.031,0.084106
2.92111,10.8774,-0.103137
3.91545,10.8934,-0.131004
4.89183,10.934,-0.273342
5.8746,10.9947,0.0330302
6.86419,11.0048,-0.230769
7.85995,10.9623,-0.233744
8.88963,10.9532,-0.17741
9.91357,10.98,-0.0176885
10.9548,10.9978,-0.178567
11.9862,11.0762,-0.0170171
12.9811,10.9168,0.0375835
14.0285,10.986,0.0669881
15.0229,10.971,0.0615772
16.0084,10.9368,-0.0846858
16.9864,10.9152,-0.188656
18.0424,10.955,-0.163204
19.0209,10.9353,-0.156966
-0.0540056,12.0793,0.342076
0.893228,12.0457,0.0188849
1.86279,11.9941,-0.0786462
2.8614,11.9375,-0.148003
3.8643,11.9554,-0.228407
4.89639,11.9204,-0.366353
5.83305,11.9939,0.00553301
6.86666,12.0173,-0.110715
7.88608,11.9525,-0.224439
8.86659,11.9498,-0.310251
9.81266,11.9765,-0.053206
10.8366,11.9899,-0.0548448
11.8378,11.9972,-0.405106
12.8769,11.9275,-0.225495
13.9082,11.9886,-0.114093
14.8944,11.9464,-0.205078
15.904,11.952,-0.133305
16.9202,11.9265,-0.0807978
17.9654,11.945,0.0270425
18.9583,11.9384,-0.0219153
0.00350047,13.0693,0.161568
1.01558,13.0251,0.155553
2.03197,13.0072,0.0130833
3.00853,12.8927,-0.0197699
3.96258,12.9128,0.0670736
4.95387,12.9004,-0.0777703
5.96197,12.915,-0.363713
6.96201,13.0045,-0.210907
7.97496,12.9141,-0.0796564
9.01956,12.957,-0.102756
10.0475,12.9879,-0.220307
11.0368,13.0002,-0.0730979
12.0415,13.0165,-0.267367
12.9984,12.9412,-0.0409162
13.9734,13.0018,-0.285791
15.0035,12.9676,-0.218949
16.0334,12.9661,0.0732536
17.0199,12.9447,-0.176913
17.9685,12.9321,0.0805017
18.98,12.9359,-0.0475112
-0.0405713,14.0751,0.307443
0.981542,14.019,0.15819
1.98972,14.008,0.0389538
3.02647,13.9184,0.188864
4.03257,13.9655,0.235759
5.04266,13.8753,0.168532
6.06588,13.8993,-0.0523972
7.04386,14.0329,-0.272399
8.06273,13.9414,-0.126539
9.09779,13.9313,-0.125455
10.1118,14.0194,-0.121094
11.1545,13.9929,-0.0261116
12.1609,14.01,-0.056389
13.1479,13.9056,-0.112229
14.1729,13.981,-0.164995
15.1765,13.9761,-0.233903
16.0208,13.9605,0.305512
17.0302,13.885,0.200101
18.0274,13.9332,0.330958
19.007,13.9415,0.0892148
-0.0518723,15.052,0.34109
0.946403,14.9757,0.326353
1.95399,15.0249,0.194101
3.02355,14.9487,0.13744
4.05393,14.9988,0.203842
5.0631,14.9239,0.202451
6.01198,14.9578,-0.0399426
7.04344,15.0469,-0.00359508
8.07183,14.9783,0.0526627
9.0449,14.9231,-0.150865
9.98121,14.9821,0.0530229
10.9682,14.9799,0.0673208
12.0076,14.9567,0.217112
12.988,14.9144,0.0205756
14.0007,14.9791,-0.131843
15.0565,14.9568,-0.0142644
16.0457,14.9682,0.154207
17.0204,14.892,0.336772
18.018,14.9663,0.295511
19.0654,14.945,0.298697
-0.0258766,16.0211,0.0479904
0.974883,16.049,0.150761
1.96678,16.0315,0.21091
2.95562,16.0159,-0.0642964
3.96786,16.0122,0.0278756
4.96828,15.943,0.106247
5.98862,15.9983,0.032313
7.01133,16.0238,-0.0463088
8.00142,15.9565,0.131046
9.00109,15.8979,0.0941038
10.0087,15.985,0.292959
11.0257,15.9278,0.333647
11.9751,15.9729,0.0663289
12.9913,15.9651,0.0140294
13.9828,15.9763,-0.194433
14.9616,15.9754,0.0396222
15.9569,15.9566,0.0907743
17.0095,15.8996,0.131254
17.9301,15.8642,-0.191916
18.9351,15.9085,0.00699789
0.000653096,17.0163,0.22544
1.05476,17.0333,-0.112467
1.9872,17.0277,0.211795
2.98988,17.0218,0.0550462
4.00542,17.0197,0.240968
5.02355,16.9825,0.143956
6.04718,17.0234,0.0848201
7.07441,17.0788,0.167663
8.03939,16.9747,0.239625
8.98136,16.902,-0.0290872
9.96969,16.9829,0.23466
10.9793,16.97,0.390173
11.9821,16.9859,0.192727
12.9611,16.9842,-0.0358348
13.9471,16.9868,-0.217389
14.942,16.9543,-0.168801
15.9427,16.9359,-0.0798669
16.9411,16.8892,-0.093234
18.0092,16.8844,-0.146144
19.0157,16.9225,-0.153499
-0.0117344,17.948,-0.122657
0.998587,18.0672,0.0192907
1.95888,18.0468,0.331233
2.97226,18.0159,0.019834
3.98035,17.9497,-0.0934111
4.89953,17.9647,0.336628
5.9017,17.9766,0.484393
6.92158,18.0776,0.248161
7.87184,17.9122,-0.0930265
8.85755,17.9154,0.095114
9.94498,17.9467,0.0242775
10.9225,17.9571,0.274572
11.8767,18.0308,0.0600696
12.9128,18.0185,0.00685446
13.9119,18.0345,0.0264199
14.9244,17.9486,-0.0567675
15.9398,17.9733,-0.156285
16.9209,17.9193,-0.242875
17.9842,17.9293,-0.251152
18.9657,17.981,-0.0809107
0.0183477,18.9971,-0.0533341
1.03955,19.011,0.197
2.08454,19.0582,0.293323
3.04857,18.9801,0.179046
4.05154,18.9951,-0.0187597
5.02588,18.9641,0.286657
6.02732,19.0298,0.223127
7.05435,19.0688,0.375997
7.91192,18.9511,-0.0524522
8.89851,18.9556,-0.0410016
9.8803,18.9922,0.0949736
10.8734,18.9987,0.138536
11.8646,19.0188,0.145378
12.8465,19.0051,-0.226966
13.8491,19.0113,-0.235627
14.9477,18.9724,-0.192917
15.9557,19.0001,-0.233555
16.9753,18.9339,-0.21778
17.9793,19.0058,-0.235981
19.0172,19.0075,-0.13516
