-0.0228858,0.0158116,-0.272344
0.982141,-0.00396741,0.00178228
1.95775,-0.00239875,-0.304569
2.92656,-0.0738273,-0.33661
3.92051,-0.00351878,-0.116077
4.93955,0.072393,0.0493942
5.96069,0.0104068,-0.0202338
7.00483,0.0126652,-0.104428
8.04993,0.0121616,0.0303385
9.01958,-0.0182104,-0.213071
10.0706,0.0120121,-0.0876064
11.0345,-0.0131657,0.127677
11.9948,-0.0147801,-0.158467
13.0215,-0.00777612,-0.0930387
14.0751,-0.00750145,0.211908
15.0843,0.0736778,0.071102
16.0719,-0.00315256,0.0849483
17.0751,-0.0331431,-0.0525834
18.0546,0.0578784,-0.0912168
19.0703,-0.0827418,-0.399396
0.0296579,1.05341,-0.140611
0.95461,0.990585,0.149782
1.97884,0.998303,-0.069393
3.03388,0.984677,-0.260314
4.02051,0.995413,-0.221189
5.04822,1.07657,-0.125187
6.04808,1.04185,-0.0390393
7.03002,1.06072,-0.093234
8.02661,0.93646,-0.292581
8.9777,1.0425,-0.00983612
9.97639,0.986862,0.0167333
10.977,0.993393,-0.0794977
12.0029,0.933595,0.0973632
12.99,1.02279,-0.00697348
13.9773,0.946974,-0.0124973
15.0478,1.05509,-0.106922
16.0414,0.995938,-0.172402
17.0133,0.980917,-0.000589007
18.0525,1.09914,-0.0789209
19.0448,0.946501,-0.328074
0.00824915,2.03672,0.156887
1.01354,1.97634,0.296481
2.05493,2.03921,0.201868
2.9527,2.04324,-0.222355
3.96731,2.02073,-0.236024
4.9809,2.12495,-0.249983
5.97757,2.07599,0.0273598
7.03036,2.09421,0.0598865
8.02273,1.95226,-0.232319
9.05114,2.0361,-0.127732
10.1439,2.01679,-0.101733
11.1518,2.04694,0.0793451
12.1786,1.94014,0.0950133
13.1702,1.95624,0.390307
13.9673,1.95742,-0.224027
14.9629,2.09969,-0.17792
15.9355,2.03282,-0.0523087
16.9908,2.00745,-0.0380657
17.992,2.07549,0.119715
18.9947,1.9552,-0.0929777
0.00546281,3.0363,0.222883
1.04404,2.96011,0.125736
2.03302,3.04035,0.106577
3.00845,3.04676,-0.158892
4.08192,3.01564,-0.11973
5.12991,3.05713,0.0710379
6.07217,2.99604,0.381265
7.0054,3.08892,-0.0458357
8.06159,2.96565,-0.233039
9.0196,3.1159,0.0362926
10.0309,2.9989,0.0105258
11.0277,3.07721,0.0941618
12.0488,3.00248,-0.00170904
13.0176,2.95264,0.23719
14.0181,2.93818,0.132597
15.0106,3.04682,0.14821
15.9796,3.00917,-0.0674093
16.9621,2.97037,-0.220844
18.026,3.0995,-0.121525
19.0176,2.96169,-0.14962
-0.02107,4.05341,0.251717
0.997095,3.9716,0.055916
1.99119,4.07406,0.0717124
3.00696,4.0221,0.125675
3.98271,4.0386,-0.0861019
5.01421,4.07295,0.0659658
6.00416,4.02228,0.192285
7.06344,4.04462,0.266991
8.0589,3.99072,-0.123566
9.00924,4.14951,-0.0719657
10.0433,4.02231,0.0479629
11.0302,3.99246,-0.254018
11.9744,4.00999,0.194983
12.9585,3.89762,-0.109372
14.0173,3.94113,0.0343852
15.0614,4.0146,-0.188031
16.0468,4.02391,0.0849483
17.0429,3.95779,-0.0501541
18.0094,4.0971,0.135081
18.9851,4.03025,-0.0762291
-0.00821863,4.96373,-0.149513
1.01725,4.99536,-0.200394
2.0486,4.99295,-0.348863
3.06498,4.97801,-0.238578
4.11217,5.01774,-0.275823
5.12352,4.96068,-0.422721
6.05577,4.98712,-0.0583209
7.07548,4.96681,-0.247389
8.06156,4.97089,-0.0618244
9.05723,5.11896,-0.224879
10.0259,5.01557,-0.0915403
11.0501,5.02813,-0.162804
12.0651,4.9061,-0.257167
13.0401,4.85485,0.11565
14.0406,4.96208,-0.177123
15.0581,5.06656,-0.277862
16.0068,5.03068,-0.0647053
16.9964,4.96798,-0.25652
18.0529,5.0666,-0.26595
19.0691,5.00249,-0.419694
0.00570696,6.01765,-0.0864772
1.05106,6.02509,-0.211939
2.04003,5.95017,-0.107575
3.0529,5.98629,-0.283312
4.02406,6.02255,-0.325065
5.05007,5.98643,-0.473989
6.04045,5.99881,-0.335481
7.03209,6.00197,-0.319736
8.00888,5.96466,-0.0845882
8.93366,6.12402,-0.390439
9.92324,6.00548,-0.297742
10.9479,6.02916,-0.145198
11.9959,5.92576,-0.209854
12.9868,5.84936,-0.120301
13.9941,5.92138,0.0735038
14.9984,6.01694,0.0453932
16.0104,6.02847,-0.159713
17.0035,5.97315,-0.178903
18.0395,6.09974,-0.165804
19.016,5.96532,-0.251613
0.0174505,7.00776,0.186535
1.00955,6.97473,0.0164403
2.03019,6.94883,0.0656117
2.97551,7.01785,-0.275381
4.02636,7.03851,-0.333079
5.02217,6.99958,-0.295273
5.95662,6.99662,-0.108365
6.96509,7.05581,-0.196008
7.96044,6.95208,-0.285965
8.94863,7.15017,-0.278069
9.94079,7.06649,-0.296335
10.9469,7.00118,-0.0405744
11.9695,6.95972,-0.0794427
12.9641,6.85749,-0.133662
13.947,6.91572,0.0731132
14.9634,7.02184,-0.223179
15.9902,7.00915,-0.0464888
16.9364,6.97185,-0.449541
17.9169,7.07784,-0.445
18.9417,6.96196,-0.276135
0.013358,7.99649,0.123835
1.02672,7.97926,-0.201227
1.93942,7.88921,0.293585
2.9483,7.97288,0.0892148
3.95179,8.01891,-0.063155
4.9341,7.99355,-0.176626
5.94954,8.00128,-0.242265
6.99085,8.04547,-0.256383
7.99858,8.00176,-0.202585
8.95736,8.1432,-0.288427
9.93533,8.08769,-0.140748
10.9098,8.03202,0.0729575
11.9247,7.93542,-0.22613
12.879,7.86769,0.167095
13.8989,7.89338,0.208789
14.9423,8.01293,0.0223029
16.0013,8.01304,0.038142
16.9847,8.01171,-0.269802
18.0043,8.07075,-0.281066
19.0145,7.98167,-0.283099
0.0392651,8.96019,-0.0622089
1.02621,8.97114,-0.303223
1.99949,8.88546,-0.0772851
2.99078,8.97126,0.0774316
3.97037,8.99648,-0.120753
4.95777,8.9946,-0.0661611
5.92727,9.06817,-0.23683
6.89032,9.02965,-0.400372
7.91215,8.98421,-0.439024
8.81021,9.024,0.133341
9.86122,9.1301,0.203717
10.8731,9.04293,0.227503
11.8696,8.92178,-0.0757134
12.9182,8.87034,0.164754
13.9726,8.84179,-0.0360881
14.9691,9.00892,0.0619892
15.9557,8.98036,-0.0362835
16.9886,9.0123,-0.177664
18.0005,9.0963,-0.207053
19.0239,9.03512,-0.174355
0.0671377,10.0056,-0.0325724
1.09066,9.99065,-0.119922
2.0733,9.93242,-0.0185339
3.07726,9.99161,0.101666
4.08354,10.009,-0.0714316
5.08376,10.0003,-0.161599
6.05191,10.1127,-0.239103
7.03992,9.98272,-0.524702
8.02467,10.0481,-0.527332
8.85791,10.0561,-0.0404675
9.87193,10.1403,0.125535
10.866,10.0229,-0.123417
11.8802,9.90277,0.101691
12.9059,9.86256,-0.0591113
13.9197,9.88233,-0.163668
14.8977,9.99032,-0.175991
15.8984,10.051,0.0229011
16.931,10.0377,-0.0981017
17.9752,10.0388,0.0689138
18.9587,9.96892,0.193991
-0.0406934,10.9622,-0.294919
1.02608,10.9589,-0.358217
2.02221,10.8799,-0.413038
3.0518,10.8701,-0.416633
4.03637,11.0227,-0.127512
5.04296,11.0431,-0.329847
6.04305,11.1917,-0.300977
7.05061,11.015,-0.284588
8.07001,11.0238,-0.383197
8.92422,11.0485,0.167605
9.94495,11.138,0.216816
10.8946,11.0033,-0.184115
11.8838,10.9482,-0.0101627
12.915,10.8829,-0.146962
13.8826,10.9169,-0.022599
14.8911,10.9984,0.00923185
15.9849,11.0632,0.103656
16.9871,11.0775,0.0464736
17.9515,11.0494,-0.173095
18.9562,10.9381,-0.061916
-0.0465712,11.9994,-0.35866
1.00313,11.949,-0.389431
1.99653,11.9064,-0.385473
3.00068,11.8792,-0.231043
3.97234,12.0119,-0.239952
5.03804,12.0409,-0.30875
6.04595,12.1872,-0.414154
7.07319,11.9585,-0.586993
8.04745,12.0286,-0.329142
9.00011,12.0793,0.0137181
10.0462,12.083,-0.0663503
11.0083,12.0085,-0.305676
12.0128,11.978,-0.0912229
13.0163,11.9091,-0.149278
13.9946,11.9628,-0.0409528
15.0135,12.0367,0.00398877
16.0271,12.0988,0.0159551
17.0181,12.1024,0.0992035
18.0691,12.0191,0.200204
19.0041,11.9598,-0.212326
0.0210913,12.9796,-0.178201
1.01241,12.9991,-0.279678
2.07431,12.8775,-0.206598
3.09886,12.8895,-0.31615
4.14257,12.9937,-0.112104
5.15187,13.0718,-0.0941527
6.16312,13.1304,-0.169176
7.05726,12.9745,-0.604895
8.03164,12.9881,-0.451109
8.98682,13.0851,-0.111747
9.99606,13.0839,-0.390078
11.0249,13.0337,-0.27018
12.0077,13.0116,-0.0570696
12.9879,12.9713,-0.151982
13.9961,12.9098,-0.366442
15.0834,12.9784,-0.475484
16.0679,13.0804,-0.289187
17.1007,13.082,-0.155315
18.175,12.9882,0.086581
19.0331,12.9644,-0.413044
0.00133671,14.0183,-0.0599506
0.959084,14.0247,-0.281616
1.96559,13.9674,-0.158361
3.02582,13.9104,-0.183117
4.0344,14.0005,-0.318549
5.00634,13.9926,-0.495688
5.97938,14.1216,-0.434654
6.99031,13.9507,-0.240086
7.97002,14.0224,-0.373186
8.93323,14.0852,-0.183734
9.90615,14.092,-0.50448
10.9719,14.0442,-0.471145
11.9547,14.0117,-0.304089
12.9832,13.9466,-0.314475
14.0421,13.9221,-0.421711
15.0265,13.9602,-0.215763
16.0152,14.0307,-0.0354503
17.0551,14.0867,0.0204932
18.0567,14.009,-0.138252
19.0648,13.9572,-0.420804
0.0636525,15.0007,0.124714
1.03628,14.9876,-0.0817743
2.02532,14.9927,0.00939665
2.98214,14.9595,-0.290423
3.97621,15.0077,-0.30112
4.97362,15.0298,-0.476086
5.96643,15.104,-0.365578
6.96924,14.9455,-0.371572
8.02499,15.0684,-0.447859
9.04887,15.0565,-0.351634
10.0616,15.0375,-0.0641835
11.0774,14.9781,-0.145854
12.0747,14.9517,0.0185827
13.0603,14.9603,-0.207022
14.0291,14.8697,-0.0083224
15.0968,14.9896,-0.152379
15.9957,15.0016,0.329154
16.9436,15.0678,-0.0848903
17.9619,15.0237,-0.0676016
19.0136,14.9578,-0.260283
-0.0066744,16.0043,-0.0397931
1.00925,15.988,-0.0273232
2.00854,16.0142,0.0773766
3.01664,15.9865,-0.143385
3.97416,15.9674,-0.397674
4.94439,15.9773,-0.051149
5.9352,16.065,-0.0971282
6.93755,15.9381,-0.251097
7.89582,16.042,-0.0800287
8.94405,16.0073,-0.100964
9.94746,15.9914,-0.44879
10.9283,15.9787,-0.112528
11.9055,15.9472,-0.069042
12.9433,15.9524,-0.327146
13.8881,15.9476,0.0548814
14.8948,15.9162,0.23437
15.9232,15.9644,-0.0375591
16.9634,16.0779,-0.0899045
17.9948,16.0187,-0.130216
19.0145,16.0099,-0.185299
0.0736564,17.0126,-0.191226
1.06728,17.0064,-0.19874
2.05231,17.0475,0.0542894
3.05502,16.9674,0.0196417
4.04852,16.9089,-0.0515671
5.0131,16.9579,-0.368496
5.99067,17.0873,-0.158391
6.99446,16.9831,-0.0769555
7.95849,17.0546,-0.25446
8.95778,16.9714,-0.318207
10.0326,17.0156,-0.442204
10.9763,17.0439,-0.0330668
12.013,16.9584,0.0825617
12.983,16.9836,-0.215976
13.9898,16.9156,-0.299509
15.0238,16.9175,0.0398968
16.0252,16.9581,0.136143
17.054,17.0222,0.168227
17.9726,17.0283,-0.260845
19.0067,17.0257,-0.0560686
-0.00792871,17.9875,0.127665
0.895737,18.0151,-0.27629
1.98034,18.0115,-0.189871
2.96771,17.9268,-0.217518
3.96012,17.9368,-0.0345012
4.99839,17.9908,-0.101624
5.95597,18.0791,0.165499
6.87179,18.0051,-0.217478
7.9354,18.0297,-0.357805
8.94181,18.0139,-0.292792
10.0058,17.9981,-0.172735
11.0377,18.0207,-0.169961
12.0575,18.0026,0.0140568
13.1202,18.0187,-0.0398022
14.0687,17.9546,-0.208475
15.0459,17.9259,-0.112439
16.0331,18.0193,0.0304605
17.0436,18.0112,-0.0936399
18.0223,18.0466,-0.214158
19.0433,17.9538,-0.347761
-0.0259438,18.9576,-0.0406598
0.953093,18.9933,0.00885647
1.97566,18.9667,0.135127
2.99229,18.9983,-0.0715964
3.98439,18.9346,-0.0146611
4.98939,19.0056,-0.0946593
6.00064,19.0001,-0.291406
7.05318,19.0298,-0.310871
8.08853,18.977,-0.197497
9.05422,19.0076,0.100287
10.0318,19.0211,-0.261586
11.0608,19.0325,-0.240904
12.0952,18.9979,0.0737999
13.1322,19.022,-0.00188604
14.1302,19.0074,-0.142759
15.1292,18.9399,0.012067
16.0889,19.0267,-0.196356
17.0711,19.0103,-0.0855647
17.9765,18.9785,0.197253
18.9659,18.9446,-0.0140629
