13.5738,10.2669,-2.71639
0.251912,28.0169,0.650826
-1.18327,12.3866,-15.7469
4.70949,-26.169,6.62094
-2.46881,7.60626,-17.2197
-2.05683,-27.5953,-11.0309
19.2894,-3.64526,15.9237
-0.487432,-3.48411,7.90222
-9.87595,18.7737,3.53061
5.65167,19.4431,-2.23113
7.10153,11.4602,-6.03193
1.73298,15.2792,-3.64205
1.25947,3.38601,-6.47682
2.83276,-10.8305,-1.23551
0.453883,-3.48405,-8.98832
2.61976,-13.5856,-4.44071
9.381,-5.24746,5.23452
5.083,4.33541,3.40465
5.98551,16.2322,-0.986087
21.1237,20.1064,-7.62809
5.35258,8.69617,-12.2549
3.03327,8.92206,-8.12201
2.96939,2.49455,-6.70982
2.92622,-3.87432,-4.25176
2.05538,-2.96097,-4.81362
3.31965,-5.3318,-1.40045
5.1129,0.565957,2.71914
4.21101,8.26891,3.61232
4.38919,15.8169,3.7289
8.69415,21.2879,1.78101
4.90329,6.20518,-19.2756
3.82408,6.22548,-14.1356
3.25723,3.40129,-10.379
2.95882,0.521683,-6.81491
2.50476,0.768554,-3.50631
2.67521,1.10731,0.227976
2.55391,6.01606,3.27349
1.20114,12.0361,5.63063
-0.863024,18.1244,7.95246
-3.56931,23.5423,10.8406
5.08744,4.02857,-27.1899
4.22951,4.74867,-19.8248
3.39116,4.3448,-13.7747
2.84981,4.04754,-8.33869
2.36383,4.59079,-3.48587
1.99481,6.1045,0.956664
0.835011,10.4059,4.43162
-1.19834,15.6581,7.62825
-5.77334,21.0628,11.8158
-15.7686,26.8306,20.1515
5.43323,2.31653,-36.6605
3.22134,4.4304,-18.7285
2.39491,4.79257,-11.0305
1.82841,6.12086,-5.75297
1.97796,7.61267,-1.78296
2.72386,9.01276,1.23072
3.31222,11.2978,3.38001
3.60426,14.0943,4.86507
3.06059,16.9894,3.66578
3.88993,16.337,-5.74277
-6.77104,25.4725,3.25548
0.83618,6.5142,-1.20956
1.49111,4.35332,-4.03289
0.737559,7.63564,-1.12513
1.44389,10.2126,1.45585
3.72052,11.0853,2.85157
6.13249,11.6652,3.23133
8.77341,12.4939,2.72654
13.157,12.798,-0.109085
22.9964,11.4284,-5.39883
7.01,-34.6953,18.3206
6.58329,-11.5657,7.42586
1.024,1.49492,1.92306
-1.10261,9.84393,3.6982
0.856978,13.2995,5.05833
4.63776,13.1271,4.93537
8.52665,11.8216,3.97418
12.3991,9.82304,2.68376
16.9029,6.45727,1.45869
21.5533,-1.10484,1.53129
-12.4169,5.90298,-10.6427
17.2428,1.47368,1.32162
-4.73429,12.5504,-3.49308
-4.06341,17.8156,6.98838
-0.143876,17.4204,8.45635
4.07278,15.8973,7.26775
8.30905,14.1911,5.79173
12.8231,12.5016,4.10661
17.7258,11.2594,2.61383
23.26,13.7574,1.62543
20.0142,0.999261,0.136546
52.6074,-3.94955,11.054
-26.8842,24.4611,-11.2999
-5.26566,25.9372,17.2115
-1.62071,21.4217,12.6532
2.67733,18.5965,9.88234
6.8843,16.3399,7.64247
11.1075,14.611,5.75438
15.2485,13.3887,4.12757
19.0683,13.3128,2.94292
