-0.279348,1.29987,-0.801904
-0.0266213,1.68529,0.0991577
-0.0452467,2.68829,0.337822
-0.0656911,3.65186,0.106842
-0.255416,4.64669,-0.0175726
-0.211863,5.63707,-0.131959
-0.171844,6.61452,-0.423798
-0.192822,7.6304,-0.30734
-0.119379,8.66551,-0.357717
-0.28081,9.52932,-0.965743
-0.117414,10.5366,-0.957802
-0.177847,11.4604,-0.578695
-0.291723,12.427,-0.748042
-0.241319,13.3528,-1.07971
-0.206177,14.3366,-1.33078
-0.269799,15.3363,-1.14859
-0.265529,16.2306,-0.596771
-0.347484,17.1795,-0.167388
-0.178625,18.1586,-0.12468
0.0859615,19.0865,-0.297449
0.0952147,20.1025,-0.367751
-0.238255,21.0172,0.0110019
-0.128822,21.9965,-0.161586
-0.136222,22.8845,0.274886
-0.114612,23.8516,-0.0895749
-0.238347,24.7387,0.332228
-0.11742,25.6706,0.0293985
-0.0174963,26.5984,-0.363564
-0.216959,27.611,-0.427378
-0.260649,28.5868,-0.596347
0.746284,1.37331,-0.629991
0.985473,1.81104,0.222425
0.982995,2.83518,0.308957
0.971883,3.86908,0.189694
0.814151,4.81307,-0.0813898
0.808707,5.80707,-0.116364
0.792431,6.83482,-0.233509
0.85425,7.81157,-0.36209
0.8854,8.75836,-0.555153
0.7374,9.63593,-0.945909
0.899133,10.6173,-0.959383
0.91522,11.5961,-0.691537
0.738411,12.5706,-0.952065
0.757909,13.4366,-1.42033
0.812372,14.3951,-1.66102
0.795697,15.3668,-1.25139
0.686261,16.3746,-0.981802
0.623914,17.2156,-0.410779
0.879159,18.1865,-0.104874
1.12783,19.1264,-0.422068
1.07087,20.1163,-0.186129
0.771776,21.0703,0.0187872
0.869018,22.0021,-0.344124
0.917643,22.71,0.425355
0.855074,23.5909,-0.102774
0.681732,24.6126,-0.121375
0.948613,25.6172,-0.109641
0.989837,26.6155,-0.276846
0.765987,27.5732,-0.306604
0.78992,28.4886,-0.683703
1.76624,1.36506,-0.843712
1.84709,2.14841,-0.280703
1.94723,3.01837,0.221439
1.97112,4.09226,0.210022
1.84869,4.96509,-0.302921
1.82,5.96329,-0.0310556
1.77313,6.95467,-0.0647359
1.82848,8.00123,-0.221992
1.92926,8.87713,-0.739817
1.81135,9.86498,-0.876046
1.96941,10.8421,-1.01672
1.99274,11.8044,-0.776153
1.81457,12.7398,-1.0456
1.79347,13.6405,-1.44846
1.82409,14.5639,-1.89369
1.77735,15.4103,-1.35971
1.78275,16.3111,-0.961022
1.69611,17.1023,-0.275866
1.90894,18.0663,-0.222556
2.14421,19.0179,-0.334846
2.1058,19.9889,-0.111701
1.77839,20.862,0.249138
1.85216,21.8251,-0.0777184
1.92711,22.7892,0.229893
1.88249,23.8133,-0.0549699
1.65006,24.794,-0.192602
1.97343,25.709,0.00545061
2.01926,26.6857,-0.117716
1.79768,27.6925,-0.165844
1.86201,28.5741,-0.608713
2.77595,1.58887,-0.923283
2.8783,2.31448,-0.286886
2.93692,3.30607,0.071984
2.92092,4.28318,0.210892
2.88276,5.18054,-0.291699
2.8121,6.15415,-0.210389
2.8108,7.18356,-0.0627247
2.82764,8.173,-0.340403
2.9746,9.01967,-0.889731
2.83888,10.0014,-0.849174
3.00764,10.9724,-1.09411
3.03151,11.9013,-0.763726
2.90068,12.7018,-1.33222
2.8237,13.7182,-1.5227
2.86931,14.5199,-2.07002
2.79525,15.4129,-1.65085
2.84844,16.239,-1.09387
2.71289,17.0284,-0.442415
2.93149,18.0059,-0.282162
3.15451,18.9799,-0.364095
3.09518,19.9775,-0.227656
2.77324,20.9522,-0.0566485
2.82223,21.9625,0.0997345
2.9119,22.9831,0.0278665
2.86853,23.961,0.18435
2.66877,24.8116,-0.336201
2.99721,25.7353,-0.204926
3.0001,26.6333,-0.624989
2.7909,27.5377,-0.211991
2.93477,28.5185,-0.380303
3.77516,1.66954,-0.899805
3.94013,2.41017,-0.283306
3.9255,3.39592,-0.161339
3.95562,4.39553,0.101813
3.86239,5.32673,-0.241316
3.88538,6.31739,-0.157909
3.83112,7.30002,-0.214331
3.8165,8.29641,-0.284335
4.03297,9.126,-0.885199
3.91603,10.1235,-0.72436
4.02202,11.1159,-0.807334
3.99272,12.1648,-0.614524
3.95381,12.6871,-1.45477
3.87025,13.7098,-1.50845
3.91578,14.5419,-2.09111
3.77847,15.4822,-1.76693
3.89407,16.3851,-1.36658
3.7027,17.1014,-0.625318
3.98162,18.0817,-0.412839
4.13162,19.0754,-0.277245
4.13428,20.0883,-0.157778
3.79665,20.9177,0.259972
3.80225,21.9347,0.241197
3.91845,22.9172,-0.0452437
3.8035,23.9177,-0.337046
3.67109,24.8898,-0.657384
4.02904,25.6118,-0.0292673
3.98308,26.5707,-0.346956
3.78781,27.5723,-0.30401
4.0267,28.5617,-0.385864
4.75473,2.07861,-0.95493
4.97984,2.49828,-0.0766106
4.91992,3.49732,-0.184909
4.98388,4.49143,0.0522965
4.90391,5.44153,-0.217631
4.9087,6.41115,-0.369631
4.90799,7.45841,-0.316153
4.84157,8.46362,-0.497781
5.04627,9.38686,-0.860152
4.84778,10.3654,-1.17652
5.00903,11.3467,-0.884552
5.0228,12.3861,-0.743889
4.93452,12.8083,-1.647
4.90866,13.8128,-1.54371
4.97135,14.6925,-2.00099
4.8469,15.5518,-1.63012
4.90485,16.47,-1.39883
4.72751,17.2018,-0.754189
4.91343,17.9404,-0.0415693
5.1471,18.9619,-0.162545
5.16475,19.9352,-0.0955138
4.92051,20.8786,0.277291
4.80434,21.918,0.425486
4.9148,22.9083,0.171743
4.85644,23.7608,-0.349336
4.64194,24.6838,-0.733378
5.01053,25.6053,-0.441041
4.99714,26.5955,-0.308066
4.8148,27.5976,-0.261687
5.10293,28.5435,-0.241032
5.77075,2.09429,-0.86624
5.97785,2.83948,-0.245372
5.94246,3.80804,-0.00356761
5.93656,4.84854,-0.114655
5.83311,5.89065,-0.0905606
5.92738,6.82709,-0.400128
5.91825,7.83865,-0.399963
5.84815,8.82522,-0.538517
6.00405,9.81428,-0.878756
5.86737,10.673,-1.33103
6.0244,11.5908,-0.912424
6.04369,12.5918,-0.792117
6.00641,13.0565,-1.68813
5.94631,14.0169,-1.3733
6.02324,14.6677,-2.13344
5.81614,15.6143,-1.87184
5.89162,16.3156,-1.14511
5.7462,17.1008,-0.614106
5.93331,17.9931,-0.185382
6.15481,19.0503,-0.225886
6.21814,20.0688,-0.0868252
5.92041,20.9388,0.428089
5.84275,21.8977,0.564049
5.97561,22.8002,0.127204
5.89566,23.6902,-0.483169
5.70663,24.6543,-0.787686
6.02591,25.5619,-0.621177
5.9863,26.5826,-0.430094
5.79395,27.5791,-0.408957
6.09566,28.575,-0.35681
6.81924,2.2885,-0.925883
7.00421,3.09387,-0.329176
6.90189,4.09314,-0.158644
6.91212,5.13781,-0.225996
6.87198,6.14346,-0.260494
6.9483,7.15283,-0.405133
6.89384,8.17939,-0.595325
6.87456,9.14944,-0.434675
6.97087,10.1699,-0.614948
6.88567,10.953,-1.20579
7.00816,11.9147,-1.03023
7.02838,12.9399,-1.01413
6.96245,13.3987,-1.94036
6.96435,14.2901,-1.44663
7.00896,14.7185,-2.40632
6.77272,15.6753,-2.1102
6.89965,16.1963,-1.23348
6.74339,17.0385,-0.683258
6.96572,17.9098,-0.136998
7.13192,18.9386,0.0294778
7.23174,19.9233,0.040849
6.94544,20.8667,0.213315
6.84584,21.8711,0.31456
7.00016,22.8207,0.0254402
6.92595,23.6847,-0.510779
6.71068,24.6428,-0.751915
7.05835,25.6081,-0.718033
7.05742,26.5975,-0.414063
6.79464,27.494,-0.0686514
7.11874,28.4697,-0.235664
7.84791,2.38794,-0.666335
8.00263,3.40875,-0.543202
7.87964,4.36779,-0.240172
7.92754,5.36722,-0.327189
7.87452,6.3872,-0.445448
7.97244,7.38261,-0.379263
7.90569,8.36052,-0.578927
7.93317,9.33648,-0.695297
7.99291,10.3277,-0.645882
7.89743,11.3014,-0.894366
8.00648,12.3363,-0.949132
7.96636,13.3083,-1.27075
7.94028,13.812,-2.15934
7.95899,14.6671,-1.66676
8.01841,14.8901,-2.6771
7.79829,15.7369,-2.13552
7.89167,16.3528,-1.35899
7.79908,17.1279,-0.726203
8.02236,18.043,-0.330674
8.10634,19.0969,-0.318928
8.31493,20.051,-0.00872219
7.91971,20.9376,0.0916898
7.84493,21.9725,0.131983
8.03884,22.9585,0.0669149
7.89282,23.8973,-0.190243
7.70501,24.8189,-0.637217
8.04464,25.7537,-0.495843
8.08993,26.7639,-0.465963
7.73262,27.3776,0.262008
8.09977,28.3026,-0.107807
8.83086,2.63698,-0.539201
8.9845,3.67153,-0.44185
8.91451,4.69113,-0.455138
8.89799,5.70621,-0.331117
8.88015,6.70072,-0.344429
8.93961,7.64447,-0.520521
8.923,8.68292,-0.613416
8.91285,9.67132,-0.886206
8.86665,10.7868,-0.89624
8.83478,11.8491,-0.990524
8.78242,12.9601,-1.16956
8.85626,13.9524,-1.44422
8.88115,14.0316,-2.48928
8.92701,14.9219,-1.97727
8.98638,15.114,-2.95962
8.8145,15.7563,-2.19902
8.92825,16.4142,-1.42883
8.80793,17.3074,-0.869652
9.06141,18.0536,-0.264892
9.09431,19.0612,-0.427931
9.38298,19.9963,-0.118879
8.91012,20.8896,-0.206906
8.83271,21.8864,0.0276193
9.04708,22.8704,0.284994
8.88516,23.7655,-0.177377
8.67797,24.668,-0.51026
9.09185,25.684,-0.377898
9.07564,26.6648,-0.40961
8.7697,27.343,0.215558
9.07032,28.1851,-0.302869
9.83675,2.80585,-0.430393
9.99725,3.80608,-0.569362
9.93486,4.77941,-0.456859
9.90776,5.8041,-0.40051
9.93659,6.83585,-0.372961
9.99123,7.89498,-0.48131
9.99652,8.86061,-0.769674
9.91186,9.87468,-0.973589
9.90513,10.922,-1.0056
9.84169,11.9134,-1.14551
9.79417,13.0695,-1.30966
9.87494,14.031,-1.68199
9.85904,14.0467,-2.67274
9.99091,14.8788,-2.13002
10.0161,15.2028,-3.09377
9.80104,15.7487,-2.28748
9.89718,16.5542,-1.62986
9.81175,17.2096,-0.823035
10.0492,18.0888,-0.295325
9.9785,19.0337,0.0319193
10.3522,19.9116,-0.328492
9.93409,20.8399,-0.336238
9.80551,21.7183,0.128861
10.0041,22.7003,-0.0197851
9.89854,23.708,-0.246904
9.69445,24.6141,-0.54062
10.0535,25.5195,-0.189627
10.0589,26.5078,-0.295907
9.82535,27.3517,0.185882
10.0907,28.192,-0.276702
10.8997,2.83609,-0.249648
11.0082,3.87669,-0.474065
10.937,4.93331,-0.441972
10.9087,5.91614,-0.284787
10.972,6.9431,-0.288394
10.989,8.00922,-0.331181
11.0376,8.94029,-0.725556
10.9344,9.98162,-0.831755
10.9413,10.9433,-1.22935
10.8446,11.9363,-1.15666
10.784,13.0126,-1.29897
10.9557,14.0229,-1.61746
10.9201,14.0713,-2.6183
10.9975,14.8406,-1.96374
11.0947,15.2556,-2.86735
10.7707,15.5251,-1.96527
10.8975,16.4314,-1.58172
10.833,17.2223,-1.00736
11.0798,18.104,-0.562688
11.0083,18.8515,0.0894284
11.3723,19.7941,-0.0403699
10.984,20.7713,-0.230622
10.8515,21.7691,0.0339579
11.0295,22.6961,-0.291571
10.9303,23.7439,-0.275948
10.6685,24.6865,-0.293219
11.0613,25.592,0.0308573
11.1106,26.5238,-0.350621
10.8512,27.4254,0.0383374
11.0771,28.3802,-0.150218
11.8839,2.95596,-0.282962
11.9996,3.96016,-0.450386
11.9996,4.99959,-0.505835
11.9597,6.00806,-0.391128
11.9941,7.0298,-0.38005
12.0323,8.03642,-0.50542
12.0345,9.06567,-0.653807
12.0296,10.083,-0.709149
12.0149,11.0661,-1.10357
11.8782,12.0328,-1.28866
11.8283,13.0376,-1.4446
11.9394,14.0093,-1.70147
11.9311,14.1662,-2.70789
12.0193,14.8737,-1.99905
12.0482,14.9537,-3.01583
11.7732,15.5895,-2.24816
11.9109,16.4149,-1.70571
11.7907,16.8965,-0.813965
12.056,17.867,-0.618302
12.0471,18.7869,-0.145283
12.3665,19.7872,-0.0949461
12.0433,20.7122,-0.455498
11.8747,21.7079,-0.199332
12.0581,22.6928,-0.106638
11.9472,23.6848,-0.367577
11.6589,24.6629,-0.0730949
12.056,25.6166,-0.203537
12.075,26.5927,-0.477221
11.8791,27.4248,0.0250832
12.0553,28.3267,-0.41948
12.9013,2.96846,-0.390069
13.0551,3.95354,-0.263872
12.9983,4.8986,-0.498975
13.0209,5.93052,-0.352422
13.0583,7.00796,-0.388595
13.0361,8.08301,-0.424866
13.0255,9.13322,-0.623746
13.0497,10.1956,-0.533912
13.0232,11.1235,-0.932139
12.9354,12.1429,-1.22712
12.9079,13.1346,-1.31019
12.9412,14.0896,-1.70202
12.9764,14.1707,-2.67887
13.0397,14.9231,-2.04182
13.0414,15.0592,-3.15098
12.828,15.6853,-2.33002
12.8777,16.2564,-1.51653
12.7533,17.0983,-0.953868
13.1035,17.9661,-0.589578
13.0578,18.7735,0.012299
13.3536,19.7662,0.0661855
13.0343,20.6196,-0.38656
12.9442,21.5444,-0.00753807
13.0754,22.5628,-0.234642
12.9007,23.5586,-0.219636
12.6666,24.5515,0.0202399
13.0603,25.4639,-0.120383
13.0877,26.4551,-0.175631
12.926,27.3978,0.219596
13.1395,28.2512,-0.233024
13.9037,2.83609,-0.193869
14.0699,3.86024,-0.264968
13.9781,4.93396,-0.247414
14.0312,5.9779,-0.330042
14.0874,6.98411,-0.494082
14.0158,7.98471,-0.50314
14.0505,9.09197,-0.498239
14.0232,10.0567,-0.754775
14.0745,11.142,-0.851909
13.9605,12.1555,-1.06746
13.9627,13.2019,-1.29341
13.968,14.0132,-1.85242
13.9937,14.1079,-2.862
14.0677,14.8089,-2.14258
14.0496,15.0155,-3.11538
13.8453,15.518,-2.25597
13.9063,16.2766,-1.58574
13.8143,17.0412,-0.94033
14.108,17.9429,-0.547581
14.0993,18.7257,0.0918821
14.3526,19.6759,0.194305
14.1454,20.6428,-0.162175
13.9729,21.5694,0.145567
14.0888,22.5229,-0.0480087
13.9344,23.5279,-0.263482
13.6536,24.5432,-0.248439
14.1265,25.3939,-0.197385
14.0747,26.4081,-0.0252754
13.9266,27.3599,0.238169
14.1409,28.3609,0.0208808
15.0042,2.96716,-0.275295
15.0646,3.97792,-0.368648
15.0811,4.97381,-0.242949
15.0717,6.00709,-0.365703
15.1163,7.08146,-0.293014
15.0515,8.07524,-0.412217
15.0911,9.12163,-0.359999
15.0582,10.0508,-0.724204
15.1308,11.0726,-0.74637
15.0327,12.094,-0.908789
14.958,13.1032,-1.17381
15.0116,14.0866,-1.6512
14.968,14.2636,-2.68097
15.0634,15.0279,-1.99258
15.0148,14.9004,-3.00258
14.8893,15.5903,-2.30117
14.8965,16.3405,-1.61365
14.8155,16.9073,-0.802597
15.0753,17.8896,-0.701834
15.0666,18.7993,-0.248723
15.3219,19.7334,0.0803278
15.1192,20.7263,0.0469436
14.9791,21.6816,-0.112427
15.1215,22.7265,-0.129746
14.9869,23.6314,-0.525468
14.7069,24.5366,-0.176482
15.1162,25.4654,-0.358834
15.1428,26.4121,-0.0971313
14.8909,27.3953,-0.137767
15.2047,28.263,0.225288
16.1046,2.99569,-0.189383
16.0882,4.01581,-0.417518
16.0979,5.00022,-0.204959
16.1017,6.01924,-0.479553
16.1569,7.06564,-0.454656
16.0875,8.05262,-0.324097
16.1509,9.05763,-0.310102
16.1753,10.0279,-0.669823
16.1425,11.0369,-0.903446
16.0235,12.0036,-1.08174
16.0079,13.061,-1.23317
16.0235,13.9938,-1.64451
16.0155,14.0441,-2.65174
16.0456,14.8829,-1.99001
16.0775,14.7836,-2.9821
15.9426,15.5253,-2.26073
15.9185,16.2936,-1.60422
15.7514,17.1519,-1.0294
16.1184,17.8575,-0.488833
16.0504,18.8585,-0.445949
16.2549,19.8365,-0.293457
16.07,20.6251,0.318683
16.0425,21.5695,0.00546587
16.0827,22.555,-0.333296
16.0293,23.5642,-0.505469
15.7629,24.4291,-0.0745567
16.1024,25.288,-0.402954
16.1665,26.342,-0.351775
15.9169,27.3147,-0.199329
16.1681,27.9828,0.495651
17.1467,2.97473,-0.0135289
17.0939,3.92703,-0.310993
17.1593,4.95355,-0.232832
17.1313,5.93147,-0.505832
17.1972,6.95422,-0.490933
17.1198,7.97944,-0.336644
17.2152,8.95356,-0.44015
17.1849,9.95501,-0.708972
17.1678,10.9692,-0.851524
17.0585,11.917,-1.19983
17.1021,12.9432,-1.12458
17.0943,13.897,-1.60419
17.0628,13.9334,-2.63876
17.094,14.8191,-2.10656
17.0864,14.9744,-3.09425
16.9825,15.6717,-2.31836
16.9763,16.1998,-1.47373
16.7576,16.9867,-0.892743
17.0813,17.9397,-0.768834
17.101,18.9135,-0.470721
17.2693,19.8724,-0.22956
17.0674,20.5934,0.459444
17.0216,21.6181,0.221458
17.0626,22.5282,-0.237196
17.0479,23.551,-0.418635
16.7327,24.5171,-0.449782
17.1784,25.3737,-0.615094
17.203,26.344,-0.337141
16.8917,27.2027,0.101627
17.155,28.1281,0.526017
18.1673,2.90992,0.080401
18.0653,3.90441,-0.154161
18.1728,4.80756,-0.483908
18.1735,5.81469,-0.33824
18.2268,6.86301,-0.483782
18.1295,7.85152,-0.284014
18.2495,8.8152,-0.491662
18.2233,9.82168,-0.852861
18.1869,10.807,-0.90882
18.0934,11.8143,-1.12646
18.1115,12.7995,-1.29144
18.1293,13.7967,-1.57948
18.1026,13.7964,-2.61822
18.078,14.5825,-1.96322
18.1245,14.8503,-2.92346
17.9885,15.398,-2.10516
17.9717,16.2648,-1.58621
17.7664,16.9433,-0.860543
18.1578,17.8701,-0.645015
18.108,18.9003,-0.57669
18.2943,19.8243,-0.141533
18.0955,20.6989,0.253529
18.018,21.6802,0.376153
18.0261,22.6099,-0.0247444
18.0735,23.506,-0.497055
17.7484,24.4319,-0.337846
18.1379,25.378,-0.409406
18.2149,26.3497,-0.199191
17.919,27.2784,0.181451
18.1462,28.1881,0.558373
19.116,2.59565,-0.0235054
19.0252,3.5783,-0.393631
19.1883,4.64629,-0.462203
19.1869,5.68526,-0.477349
19.2056,6.65361,-0.223392
19.1713,7.68216,-0.280935
19.2154,8.58161,-0.76646
19.2092,9.59615,-0.777291
19.2125,10.5896,-0.972082
19.0673,11.5928,-1.09817
19.1307,12.6392,-1.28525
19.139,13.7424,-1.47177
19.117,13.7667,-2.50471
19.115,14.5993,-1.91647
19.1305,14.7974,-2.9109
19.0529,15.4986,-2.093
18.9543,16.304,-1.50213
18.7985,16.9203,-0.717112
19.1516,17.8444,-0.540623
19.1201,18.8308,-0.426579
19.3023,19.7904,-0.130988
19.1408,20.7847,0.166616
19.0369,21.7154,0.439463
19.0023,22.7126,0.261211
19.1086,23.5515,-0.274468
18.7891,24.494,-0.360073
19.1261,25.4465,-0.453587
19.2234,26.4721,-0.444264
18.9499,27.1134,0.284085
19.2314,28.0521,0.485626
20.1796,2.58445,-0.123539
20.0405,3.57188,-0.403238
20.2106,4.57053,-0.407739
20.1629,5.56223,-0.599133
20.163,6.48496,-0.192889
20.1405,7.48556,-0.04391
20.1945,8.38309,-0.542363
20.2014,9.38836,-0.552385
20.2239,10.3994,-0.776086
20.0817,11.3681,-0.917264
20.0472,12.2672,-1.36775
20.0925,13.2602,-1.32541
20.0943,13.5591,-2.27714
20.1659,14.43,-1.72277
20.1329,14.6952,-2.68883
20.0805,15.3664,-1.90931
19.9646,16.1832,-1.32213
19.8689,16.9262,-0.621659
20.1588,17.8485,-0.322553
20.1567,18.8838,-0.229823
20.2515,19.8047,0.151601
20.1395,20.8039,0.301117
20.0185,21.7928,0.471593
20.0734,22.7404,0.190463
20.1385,23.7499,-0.163103
19.7736,24.6501,-0.546397
20.132,25.5468,-0.385101
20.2446,26.5211,-0.540962
19.9583,27.0867,0.275625
20.2605,28.0347,0.182919
21.2024,2.43615,0.0763756
21.033,3.28652,-0.392709
21.154,4.21746,-0.0561785
21.1181,5.2415,-0.262133
21.1556,6.24507,-0.0162694
21.15,7.23195,-0.0702719
21.2528,8.17367,-0.457024
21.2152,9.15506,-0.513276
21.1819,10.121,-0.83929
21.1271,11.1392,-0.795508
21.0448,12.1079,-1.08694
21.061,13.1204,-1.11085
21.1331,13.5143,-2.06606
21.1506,14.3161,-1.38264
21.0769,14.5564,-2.34331
21.098,15.3841,-1.81539
20.9758,16.2682,-1.31201
20.9088,16.9641,-0.594009
21.147,17.9703,-0.529115
21.1568,18.9764,-0.250639
21.2788,19.9065,0.079162
21.1359,20.9009,0.113895
20.9794,21.8961,0.159825
21.0903,22.8792,-0.0385601
21.1507,23.7557,-0.454259
20.786,24.6522,-0.353835
21.167,25.5823,-0.190603
21.2536,26.581,-0.219175
20.837,27.4983,0.101608
21.2686,28.3419,0.391211
22.1534,2.04776,0.0482986
21.9358,3.01278,0.0627308
22.1913,4.01329,0.121848
22.118,4.95363,-0.15439
22.2074,5.94475,-0.080108
22.1782,6.93153,-0.247172
22.312,7.93819,-0.369356
22.2081,8.91588,-0.636042
22.1692,9.90932,-0.784722
22.1136,10.9033,-0.715155
22.0441,11.7988,-1.16336
22.093,12.8337,-0.866259
22.151,13.1595,-1.85819
22.174,14.0695,-1.38975
22.0935,14.6336,-2.22962
22.1081,15.447,-1.63872
21.9898,16.4029,-1.43369
21.8918,17.103,-0.716968
22.1343,18.0796,-0.591916
22.1888,19.0731,-0.427769
22.3224,19.9297,0.0486648
22.1499,20.951,-0.0135807
22.0107,21.8479,0.341063
22.1086,22.8204,0.0605884
22.1531,23.7984,-0.173614
21.8065,24.6841,-0.450075
22.1481,25.5881,-0.372289
22.2917,26.5472,-0.159325
21.8723,27.3436,0.268697
22.2968,28.2959,0.282363
23.1574,1.85871,0.207556
22.8948,2.81559,0.341871
23.1671,3.75283,0.0852992
23.1121,4.73681,-0.107617
23.2467,5.72293,-0.0485122
23.1932,6.72539,-0.17416
23.2797,7.69552,-0.385839
23.1825,8.67973,-0.630445
23.1274,9.68998,-0.729865
23.119,10.6932,-0.94116
23.0906,11.6728,-1.10675
23.1313,12.6322,-0.833271
23.2017,13.0528,-1.74068
23.1126,13.7898,-1.05555
23.0378,14.4771,-1.81143
23.1717,15.4479,-1.54444
22.8995,16.3566,-1.10648
22.9045,17.0733,-0.363146
23.1057,18.0585,-0.263268
23.224,19.0823,-0.560945
23.2742,20.0387,-0.22693
23.1337,20.9457,0.207611
22.9769,21.8562,0.68002
23.1384,22.7835,0.254918
23.1532,23.7565,-0.115165
22.8533,24.6982,-0.33437
23.2228,25.6235,-0.307761
23.2617,26.6133,-0.354518
22.8451,27.4361,0.0986114
23.3907,28.2769,0.16241
24.215,1.81735,0.0413709
23.9281,2.70713,0.375118
24.1602,3.56173,-0.091287
24.1593,4.58353,-0.244923
24.302,5.52471,-0.0244148
24.2701,6.53796,-0.226215
24.2832,7.51756,-0.124598
24.2444,8.47511,-0.464901
24.0852,9.42717,-0.681158
24.1556,10.3775,-0.976873
24.0927,11.3766,-1.0385
24.1101,12.3663,-0.924741
24.2623,13.0264,-1.6414
24.1583,13.8399,-1.01666
24.0463,14.4732,-1.77446
24.1756,15.3446,-1.27391
23.9943,16.3673,-1.05441
23.9001,17.2059,-0.53433
24.1672,18.177,-0.256026
24.1873,19.1678,-0.16888
24.3272,20.1767,-0.300046
24.1904,20.9801,0.221613
24.0269,21.8898,0.591519
24.1769,22.8023,0.195965
24.1814,23.6855,-0.293783
23.9189,24.6655,-0.270837
24.2492,25.5916,-0.380969
24.2848,26.5923,-0.246724
23.9092,27.4825,-0.0487411
24.3855,28.3697,-0.112909
25.2217,1.70096,0.281997
25.0369,2.68325,0.449748
25.1684,3.41715,-0.270977
25.1463,4.42267,-0.331349
25.3272,5.34428,-0.00592364
25.3135,6.3737,-0.37188
25.1914,7.26201,0.11695
25.1715,8.1361,-0.328016
25.0925,9.07085,-0.649763
25.1546,10.1056,-0.676556
25.0703,11.1169,-0.863433
25.1135,12.1099,-0.931364
25.2673,12.998,-1.44413
25.2441,13.8299,-0.877871
25.037,14.4884,-1.61351
25.2248,15.381,-1.32434
25.0722,16.3698,-1.17413
24.9965,17.236,-0.629469
25.2336,18.2169,-0.416523
25.2095,19.1462,-0.0504593
25.3055,20.1334,0.0488327
25.1776,21.0202,0.557985
25.0183,22.0315,0.61149
25.1236,22.7761,-0.117344
25.1845,23.802,-0.0460799
24.9248,24.7801,-0.0266243
25.1949,25.7616,-0.148112
25.287,26.7486,-0.229618
24.8525,27.6304,-0.453597
25.3897,28.3967,-0.00117801
26.2558,1.69387,0.268618
25.9874,2.67314,0.315882
26.1712,3.3315,-0.40524
26.1803,4.31966,-0.51005
26.3033,5.12117,0.148842
26.2167,5.92082,-0.416245
26.1717,6.86219,0.0394086
26.1141,7.84936,-0.171068
26.1203,8.79506,-0.500961
26.1432,9.83127,-0.859935
26.0448,10.8228,-0.875961
26.1146,11.8468,-0.984451
26.2132,12.8133,-1.11431
26.1857,13.74,-0.582031
26.0984,14.3282,-1.39079
26.2259,15.3169,-1.35919
26.0728,16.2208,-0.878777
25.987,17.2122,-0.597208
26.2771,18.1796,-0.30611
26.1651,19.1798,-0.394333
26.2999,20.0588,0.0165044
26.1428,21.0176,0.287573
26.0274,22.018,0.385943
26.1725,22.879,-0.115723
26.1849,23.8883,-0.131904
25.9747,24.8857,-0.044557
26.2251,25.8324,0.0467177
26.2974,26.6576,-0.521455
25.9683,27.5853,-0.467617
26.4746,28.342,-0.0516709
27.202,1.63755,0.647374
27.0156,2.59836,0.222214
27.1459,3.10548,-0.626771
27.185,4.18726,-0.538377
27.2935,4.95276,0.139152
27.2239,5.86246,-0.294916
27.1234,6.72203,0.336299
27.1006,7.66064,-0.132139
27.1309,8.66474,-0.224451
27.1393,9.56883,-0.63853
27.0374,10.5715,-0.640852
27.0675,11.561,-0.738243
27.2031,12.5162,-0.945625
27.1728,13.4628,-0.598688
27.1323,14.3321,-1.11245
27.2423,15.3016,-1.05752
27.0521,16.3009,-0.915271
27.0583,17.2268,-0.624702
27.264,18.1914,-0.2962
27.2099,19.2347,-0.349644
27.2845,20.2355,-0.163271
27.1009,21.0135,0.438359
27.063,22.066,0.325037
27.1806,22.8714,-0.242897
27.1738,23.8637,-0.198202
27.0133,24.8601,-0.177047
27.2573,25.8334,0.017893
27.3131,26.6438,-0.593939
27.0066,27.5774,-0.364922
27.5259,28.3172,-0.00859401
28.1598,1.67881,0.933271
28.027,2.45977,0.308112
28.1709,2.96762,-0.526655
28.1975,3.97309,-0.488516
28.3246,4.73879,0.180511
28.2119,5.67501,-0.132694
28.1979,6.63132,0.199109
28.1547,7.63564,0.0871761
28.1337,8.52327,-0.321662
28.1767,9.45795,-0.654936
28.0576,10.4251,-0.517972
28.094,11.4793,-0.616544
28.269,12.3711,-0.985708
28.1696,13.3342,-0.710285
28.1461,14.2269,-1.164
28.188,15.1767,-0.892148
28.0284,16.1483,-0.822855
28.1064,17.1799,-0.718256
28.2211,18.1917,-0.585452
28.2113,19.0796,-0.0666005
28.1799,20.0336,-0.425187
28.0733,20.8635,0.0491867
28.0451,21.8529,0.0571123
28.2013,22.8727,-0.0810144
28.1738,23.8387,0.0663167
28.0395,24.8081,-0.0879208
28.1271,25.7151,-0.458489
28.3039,26.6923,-0.369234
28.0772,27.6645,-0.203681
28.4894,28.5437,0.088168
29.1736,1.60516,1.04672
29.0148,2.23844,0.222098
29.1212,2.67283,-0.685223
29.1359,3.66583,-0.536555
29.2262,4.35899,0.199499
29.2207,5.38121,0.0215979
29.2011,6.39679,0.15967
29.1391,7.41263,0.0833552
29.1454,8.28914,-0.419684
29.2093,9.26368,-0.606281
29.1047,10.2512,-0.431657
29.0044,11.2246,-0.299091
29.2671,12.0967,-0.702606
29.2073,13.0816,-0.560903
29.0238,14.0602,-0.708054
29.169,15.0536,-0.672054
29.0734,16.0856,-0.782064
29.1301,17.0266,-0.564687
29.1561,17.9946,-0.354149
29.2067,19.0335,-0.234727
29.2893,20.0138,-0.454237
29.0669,20.7924,0.104355
29.0342,21.7864,-0.227815
29.1963,22.8082,-0.305783
29.1711,23.7901,-0.0832759
29.0897,24.766,-0.231169
29.1041,25.7448,-0.345225
29.2988,26.746,-0.476724
29.1389,27.6699,-0.14391
29.4148,28.5139,0.353887
