2.62629,4.34983,0.356685
3.25146,3.61215,0.733995
2.74227,4.12315,-0.00554521
2.7801,4.61928,0.88302
3.59734,5.21367,0.957598
2.95493,4.95911,0.221989
3.49426,5.66872,-0.444557
3.35941,6.05824,0.45659
2.89363,6.92332,0.682464
2.72017,7.7875,1.07834
3.13669,3.51456,0.120289
4.08282,3.19856,0.357012
3.42636,3.896,0.710932
2.70615,3.7122,1.36696
3.56105,4.18677,0.947752
3.73125,5.16454,0.845665
3.39294,6.08858,0.526225
3.1084,6.73964,-0.193347
3.6046,7.55649,0.20716
2.64471,7.84302,0.0955138
3.02671,4.49965,0.334126
3.82105,4.02025,-0.184344
4.11521,4.6512,0.538829
3.28255,4.44547,1.03582
3.95835,5.06613,0.729695
3.70685,5.43759,-0.153862
3.39245,6.35596,-0.46082
4.00252,6.51292,0.319507
3.59972,7.03749,1.06193
2.64226,7.34453,0.956944
3.80591,3.94154,0.0581103
4.27341,3.26439,-0.600342
4.32203,4.25201,-0.371236
3.81153,3.81239,0.408536
4.64273,4.29123,0.717167
4.62432,5.09227,0.0720115
3.72927,5.49592,-0.0661428
3.2348,5.92963,0.710483
4.11614,6.37293,0.535176
3.53237,7.17048,0.419163
4.14421,3.06503,-0.134397
4.1733,4.09767,-0.09241
5.13468,3.78101,0.116437
4.3949,4.4633,-0.153136
4.64661,5.24386,0.4854
3.72015,5.5419,0.132548
4.62447,5.19088,0.324476
4.20872,5.84888,0.956835
5.13929,6.28282,0.7742
4.46657,6.97902,0.679696
4.9533,3.32313,0.392373
5.16323,4.28463,0.116324
4.97201,4.15066,-0.846516
5.27205,4.96645,-0.336189
5.2518,5.9051,0.037962
4.66086,5.14548,0.208103
5.59872,5.46553,0.221616
4.7463,6.00563,0.120209
5.56732,5.46094,0.385781
4.82886,6.07548,0.71142
5.49619,4.08622,-0.0204566
5.01899,4.2616,-0.85934
5.34374,4.62799,0.0322153
5.73875,5.42919,0.469756
6.22018,6.05315,-0.133338
5.56312,5.32213,-0.199872
6.47814,5.77144,-0.296393
5.69231,5.72777,0.34608
6.33059,5.17112,-0.226289
5.72937,5.60995,0.495566
4.7354,4.66145,0.284509
5.24842,3.83203,0.0395093
5.7521,4.29991,-0.778439
6.28057,5.04253,-0.302023
5.34387,5.49314,-0.302738
6.01099,6.17378,0.0220466
5.50822,5.67463,-0.658907
6.47241,5.7875,-0.273867
5.79533,5.67193,0.465966
5.91046,5.83297,1.46292
5.56668,5.17414,0.47947
6.00823,4.30213,0.475594
5.36458,4.92753,-0.106824
5.69469,5.86601,-0.262429
6.19715,5.06148,-0.00855129
6.5873,5.66928,0.643123
6.24404,6.16817,-0.195425
7.18292,6.47952,-0.353743
6.22493,6.33836,-0.127995
6.27998,5.61657,0.575817
6.4227,4.76699,0.58822
6.82035,4.07638,-0.021128
6.36772,4.91532,-0.342888
6.56303,5.68312,0.280609
6.97077,5.35265,-0.599603
6.36111,6.12123,-0.235029
7.07599,6.7358,0.0105716
7.83392,7.23065,-0.515482
7.06113,6.54185,-0.652455
6.61112,6.50104,0.257936
