1.89239,1.79242,-0.561693
1.25109,2.24557,0.0636464
0.763021,3.11238,-0.269243
0.878426,4.0012,0.245204
0.776019,4.99499,0.328947
0.398807,5.77853,-0.120228
0.385867,6.51467,0.607169
0.609162,6.94946,-0.239485
0.920905,7.86254,-0.530726
0.942253,8.05762,0.487448
2.16713,0.833103,-0.323566
1.28997,1.29664,-0.36487
1.36506,2.32358,-0.214481
0.990896,3.2374,-0.423405
1.16093,4.25068,-0.180428
0.959853,5.03817,0.395071
1.22717,5.97323,0.673333
1.39143,6.90953,0.379397
1.32173,7.90277,0.394171
1.59112,8.85018,0.54612
2.70768,0.959374,0.525797
2.22376,1.51075,-0.156829
2.17022,2.41562,0.385479
1.99755,3.30544,-0.121567
1.96147,4.19749,0.404633
1.73716,4.91626,-0.267141
1.85807,5.90015,-0.167379
2.33024,6.60915,0.394717
2.25452,7.59433,0.437791
2.5002,8.59658,0.243574
3.57913,0.43187,0.727515
3.06274,1.14648,0.231574
3.06279,2.12101,-0.0177496
3.00715,3.07061,0.17478
2.79489,4.0491,-0.102576
2.77521,5.03083,-0.216388
2.83743,5.99824,-0.00162969
3.25135,6.86988,0.185882
3.18439,7.64465,0.785357
3.36182,8.21464,-0.0434462
3.79542,0.438652,-0.229856
4.06021,1.39016,0.0274667
4.02533,2.28903,-0.410569
3.96901,3.17648,0.0590442
3.76742,4.13838,-0.183264
3.6967,5.10269,0.178631
3.82526,6.10644,0.0294382
4.19405,6.97438,-0.255956
3.79572,7.86525,0.0191961
4.15402,8.84226,0.0733848
4.20715,1.20096,0.353218
4.97522,1.1303,-0.245231
5.02761,2.13327,-0.204212
4.86902,3.11457,-0.387884
4.77822,4.1127,-0.37514
4.71346,4.98382,0.125657
4.77323,5.94647,-0.267675
5.03643,6.76147,-0.798962
4.69983,7.70862,-0.388733
5.08984,8.60124,-0.0844661
5.13555,0.85006,0.238639
5.95091,1.31077,-0.122361
5.82229,1.96312,-0.880929
5.90134,2.93906,-0.491015
5.72364,3.86562,-0.09653
5.70233,4.89114,-0.140803
5.75534,5.90486,-0.410813
6.04167,6.92285,-0.481979
5.67237,7.7964,-0.167354
5.81708,8.50391,0.623164
6.13753,0.733299,-0.0608539
6.94765,1.30508,0.0600604
6.48563,2.26166,-0.0989135
6.76471,3.23497,-0.143464
6.69747,4.13093,0.243269
6.68518,4.96493,-0.321772
6.75596,5.98225,-0.143089
6.98706,6.7496,-0.739784
6.64388,7.44307,-0.0455885
5.8873,7.50037,0.598489
6.7214,1.31561,0.457616
7.68987,1.30966,0.699536
7.42386,2.26805,0.223399
7.7466,3.19502,0.0274758
7.61892,4.06328,0.568181
7.53785,4.97046,0.151134
7.77008,5.9677,-0.0609485
7.98219,6.82918,-0.505939
7.63615,7.57588,0.0327342
6.67591,7.25231,0.0251259
7.3986,2.04201,0.304382
8.09264,2.18586,0.977703
8.40684,2.34811,0.0213935
8.70774,3.33296,-0.0420301
8.53614,4.26626,0.20181
8.29892,4.88404,-0.570498
8.74399,5.75347,-0.413794
8.97819,6.71816,-0.297159
8.40298,7.47645,-0.687063
7.45808,7.16546,-0.571572
