20.7,13.019,-14.0258
-5.89354,0.624662,1.6366
-14.8253,4.96106,-16.2436
14.651,-15.822,16.6086
3.33064,-6.51528,-24.6083
-9.17949,-18.1013,-8.2835
27.2501,-6.55642,12.7382
0.16119,-3.15193,7.23216
-0.112104,10.8452,10.5961
0.686987,13.7118,4.47283
11.0926,8.0304,-9.5558
1.9529,3.29042,-4.91764
-3.63393,-1.44626,-6.87412
5.94865,-9.18202,2.46455
4.11912,-7.78433,-10.3411
2.18796,-10.6248,-2.24052
12.8396,-5.75361,5.97049
5.4307,1.14599,5.95096
1.81496,9.6184,4.54131
2.12221,16.4848,-1.98419
6.19665,5.60707,-11.0108
3.18664,2.67811,-8.14525
1.26876,-1.14372,-5.47636
3.6006,-4.60677,-1.713
3.25025,-4.64212,-4.59003
3.08667,-4.05776,0.709543
5.46288,-0.226283,5.57318
1.01352,5.83934,7.37139
-3.47752,12.0638,8.12792
-6.82129,17.675,6.98852
3.16999,5.49799,-15.0486
2.14478,3.69883,-11.2447
1.72537,1.6304,-7.3898
2.1418,-0.451302,-3.73212
1.97648,-0.533131,-1.11182
1.51467,1.21479,3.05849
0.537056,4.9667,6.97522
-3.49044,10.209,9.81087
-9.0963,15.4822,12.4235
-16.2968,20.6457,15.147
1.31514,6.52005,-20.3754
0.409946,5.44122,-13.9728
0.108695,4.22029,-8.20069
0.592065,3.19528,-3.36286
0.742509,3.47838,0.883358
-0.0185766,5.57673,5.04225
-1.97873,9.39575,8.94629
-5.44746,14.0707,12.9734
-11.5277,18.5298,17.5908
-27.3264,25.365,22.9888
1.00119,8.1657,-28.0433
-2.73512,6.38983,-11.2742
-1.73815,4.80022,-4.25848
-0.492285,5.16104,-0.19133
0.22812,6.52163,2.9963
0.615207,8.70872,5.82285
0.721424,11.4122,8.45331
0.512397,13.9387,11.2362
3.83817,12.4264,13.5095
18.5225,4.51444,10.257
-20.8107,22.3027,5.27596
-6.96778,5.21546,4.97743
-1.73988,3.27108,2.76073
-0.705676,6.21007,4.12142
0.144725,8.98645,5.63771
1.68872,11.1935,6.77944
3.39116,13.4621,7.87146
5.48829,15.6727,8.92927
9.85696,16.4736,8.58597
16.2846,17.989,5.69234
11.2436,-30.9342,26.7831
3.38603,-11.7842,14.2758
1.58353,0.0550249,8.10661
-0.776702,7.65612,8.3563
-0.379299,11.6896,8.46955
2.5559,13.7051,7.82716
5.77994,15.4898,7.28974
9.20204,17.9751,6.57636
13.7544,21.0012,4.50591
19.1276,26.1037,0.543489
-7.88991,2.18499,1.76326
8.50813,-5.90521,4.63748
1.10741,10.64,2.24215
-3.55225,14.8921,10.0103
-1.73853,15.5812,10.8631
1.69092,16.0711,9.26689
5.38154,16.6796,7.70623
9.17197,16.985,5.93139
13.1743,17.2426,4.08303
16.8035,15.464,2.35166
8.80093,-9.10593,3.6673
25.5501,-20.421,5.78474
-4.25013,28.1533,-4.05632
-8.81084,22.0463,16.9113
-4.53877,18.8417,13.6373
-0.439531,17.7475,11.1689
3.46937,17.339,9.05188
7.17753,17.0204,7.10663
10.6585,16.7025,5.206
13.7467,16.068,3.79964
