0.1,0.0885067,-0.586019
0.0578539,1.3297,-0.663421
0.0284921,2.61463,-0.796039
0.0307901,3.85329,-0.882653
0.0271035,5.07516,-0.933216
0.0790338,6.30458,-1.00444
0.0838069,7.54564,-1.09492
0.110569,8.75833,-1.31532
0.111206,9.95183,-1.51688
0.312079,11.1498,-1.65631
0.654155,12.2287,-1.84378
0.479046,13.3506,-1.69203
0.36234,14.3468,-1.51031
0.234315,15.3746,-1.2944
0.158696,16.279,-0.732987
0.258184,17.1684,-0.272942
-0.107721,18.1629,-0.332466
-0.0316996,17.1787,-0.593594
0.148402,18.0855,-0.209799
-0.00499893,18.9818,0.183856
0.863741,0.840748,-0.765361
0.876458,1.98726,-0.870482
0.850084,3.16827,-0.895209
0.873934,4.41295,-0.955797
0.904971,5.60313,-1.09752
0.887902,6.81639,-1.33588
0.985144,8.04461,-1.42302
0.981164,9.22747,-1.64323
1.03966,10.4368,-1.8746
1.10569,11.6373,-2.18881
1.35853,12.7822,-2.54108
1.2843,13.8965,-2.27901
1.26795,14.7814,-1.70483
1.14234,15.7991,-1.50564
1.20368,16.3567,-0.674364
1.09476,17.3654,-0.88269
0.979589,18.1772,-0.255721
1.02935,17.1894,-0.56859
1.18187,18.1094,-0.253954
0.952721,19.0405,-0.0523698
1.82854,1.12113,-1.0052
1.81694,2.32159,-1.14333
1.85486,3.50605,-1.07906
1.85167,4.72156,-1.15705
1.85316,5.92546,-1.3258
1.86184,7.16966,-1.39713
1.9084,8.43811,-1.68451
1.93299,9.71795,-1.96957
1.90676,10.9949,-2.22671
1.87653,12.2853,-2.66739
1.99731,13.5782,-3.23137
2.02386,14.8271,-2.52679
1.97649,15.3955,-1.18543
1.93647,16.5037,-1.49256
1.99006,17.1523,-0.444465
1.9773,17.1501,-1.38858
1.9489,17.92,-0.638704
2.066,16.9365,-0.717487
2.17175,17.8959,-0.352547
1.95502,18.9325,-0.0835658
2.83044,0.818076,-1.01394
2.8083,2.00426,-1.13706
2.87134,3.21576,-1.02087
2.81651,4.42748,-1.13229
2.81133,5.63615,-1.26577
2.85206,6.76852,-1.42408
2.82708,7.97223,-1.5334
2.83918,9.19508,-1.77945
2.78062,10.4331,-1.97093
2.69387,11.5465,-2.2823
2.55771,12.6723,-2.53291
2.5808,13.8108,-2.30282
2.54829,14.6705,-1.62712
2.62106,15.6894,-1.43188
2.77891,16.3768,-0.697723
2.97204,17.3119,-1.09345
2.75944,17.5412,-0.142048
2.9361,17.206,-1.11135
3.11475,18.085,-0.658293
2.99369,18.9947,-0.221519
3.81396,0.471377,-0.812964
3.75578,1.68145,-0.894754
3.79559,2.81281,-0.964998
3.73366,3.94765,-1.09864
3.72941,5.10616,-1.17873
3.73094,6.29448,-1.27843
3.68122,7.48537,-1.34766
3.73084,8.65137,-1.5064
3.59069,9.78667,-1.70136
3.52486,10.9059,-1.85847
3.29614,11.9572,-2.01969
3.30344,12.9851,-1.88965
3.35032,13.9894,-1.50505
3.40407,14.9733,-1.28902
3.68253,15.8266,-0.848283
3.89432,16.7752,-0.974084
3.74735,17.1761,-0.027897
3.97018,17.3589,-0.991336
4.10871,18.2608,-0.433406
3.95388,19.162,-0.0447584
4.78581,0.373437,-0.786743
4.7667,1.44076,-0.890097
4.80754,2.57622,-0.906232
4.78184,3.69155,-1.10969
4.71071,4.75806,-1.14708
4.6725,5.86119,-1.07551
4.65546,6.97964,-1.25048
4.60159,8.16441,-1.30222
4.48971,9.21159,-1.52521
4.37106,10.3326,-1.66168
4.17422,11.3641,-1.68913
4.16709,12.3735,-1.68748
4.2424,13.3404,-1.39951
4.32196,14.3397,-1.14192
4.52106,15.2651,-0.771072
4.72275,16.2385,-0.632179
4.75665,16.9013,0.0916623
4.93554,17.4281,-0.742378
5.16115,18.3588,-0.4374
4.90316,19.0896,0.276428
5.81877,0.147908,-0.850908
5.79457,1.25393,-1.00347
5.78491,2.36685,-1.01969
5.77419,3.42625,-0.879653
5.76218,4.5649,-1.12353
5.70357,5.67356,-1.10514
5.6253,6.74223,-1.14103
5.65014,7.8094,-1.29329
5.49087,8.81407,-1.30143
5.35285,9.86992,-1.50815
5.20494,10.9357,-1.50418
5.16224,11.9307,-1.4161
5.17757,12.921,-1.12532
5.2242,13.9088,-0.965325
5.44915,14.8914,-0.769951
5.67458,15.8997,-0.580203
5.76369,16.8525,-0.19144
5.94204,17.4423,-1.02254
6.22933,18.3339,-0.672198
5.87786,18.9445,0.0762261
6.84848,0.106085,-0.863005
6.83881,1.16272,-0.86715
6.80168,2.22311,-0.778317
6.7714,3.2701,-0.681378
6.73832,4.31241,-0.748552
6.66214,5.34235,-1.00745
6.63699,6.40275,-1.16933
6.59973,7.4562,-1.25428
6.51472,8.48668,-1.10698
6.43061,9.53643,-1.41064
6.2224,10.5214,-1.28212
6.18946,11.5551,-1.24645
6.22741,12.5426,-1.1181
6.22023,13.574,-0.949321
6.39395,14.5534,-0.62017
6.63778,15.5051,-0.368648
6.75891,16.4948,-0.277493
6.93045,17.2325,-0.917139
7.23187,18.1723,-0.629084
6.88278,18.936,-0.0594165
7.82581,0.0699393,-0.566805
7.87384,1.04717,-0.775445
7.77396,2.08061,-0.679247
7.80691,3.15115,-0.650975
7.75853,4.13676,-0.786676
7.67138,5.1842,-0.860836
7.64945,6.24545,-0.890817
7.59127,7.25582,-1.04832
7.54476,8.26642,-0.9962
7.41762,9.29456,-1.0319
7.27208,10.3558,-1.00835
7.22476,11.3963,-0.987024
7.31741,12.4162,-0.978634
7.26304,13.4608,-0.835594
7.45833,14.4284,-0.673458
7.65768,15.3781,-0.445582
7.77894,16.4321,-0.412897
7.94669,17.4127,-0.716919
7.92279,17.9818,0.0957579
7.89453,19.0259,-0.0686331
8.87109,-0.100116,-0.493554
8.90943,0.928245,-0.543645
8.78472,1.94643,-0.51601
8.75459,2.97197,-0.608173
8.75768,4.0461,-0.689554
8.69106,5.05919,-0.823661
8.6712,6.08576,-0.78822
8.59926,7.0822,-0.863076
8.60537,8.11524,-0.887313
8.48848,9.1869,-0.845476
8.36016,10.2301,-0.905881
8.31235,11.2143,-0.90079
8.32156,12.2838,-0.766201
8.39017,13.265,-0.607068
8.47111,14.2564,-0.385836
8.71885,15.2195,-0.463305
8.77679,16.2264,-0.441401
8.93979,17.2665,-0.53477
8.97095,18.0922,0.0110141
8.906,19.1022,-0.146187
9.96847,-0.188943,-0.470666
9.86573,0.829588,-0.247856
9.79458,1.85184,-0.474425
9.72618,2.86217,-0.392776
9.74963,3.91673,-0.565481
9.7247,4.95106,-0.744893
9.73611,5.99125,-0.822956
9.63489,6.96355,-0.661785
9.65494,8.0406,-0.751369
9.54874,9.05671,-0.65418
9.42447,10.0208,-0.863512
9.37861,11.0777,-0.698666
9.35979,12.1209,-0.720725
9.37594,13.082,-0.459618
9.5159,14.0968,-0.250414
9.73775,15.0713,-0.276189
9.85582,16.0422,-0.266253
9.85551,17.0935,-0.119694
10.0266,18.056,-0.00820948
9.94507,19.0343,-0.205921
10.8918,-0.0675222,0.00942106
10.8507,0.967141,-0.0676504
10.7853,1.95373,-0.321265
10.695,2.9643,-0.407266
10.7987,3.91273,-0.829991
10.7744,4.95399,-0.539097
10.7485,6.0151,-0.624741
10.6943,7.03088,-0.721323
10.6927,8.04164,-0.663524
10.5725,9.08245,-0.634086
10.4278,10.0859,-0.736796
10.3779,11.1831,-0.810984
10.366,12.1431,-0.516968
10.4151,13.1571,-0.430323
10.52,14.1493,-0.276601
10.7514,15.1125,-0.17513
10.8024,16.0477,0.135984
10.9049,17.11,0.0177831
11.0256,18.0693,0.13932
10.9644,19.0454,-0.056737
11.859,0.0178808,-0.311353
11.8802,0.999982,-0.1056
11.7958,2.07918,-0.349037
11.7476,3.08577,-0.349873
11.8674,3.99301,-0.796692
11.8144,4.98606,-0.678478
11.7976,6.01636,-0.67922
11.7745,7.04247,-0.562008
11.7209,8.09145,-0.628086
11.6245,9.13734,-0.676348
11.4701,10.1441,-0.708795
11.483,11.1643,-0.742091
11.3877,12.1126,-0.464571
11.4205,13.1154,-0.367129
11.5711,14.1294,-0.226246
11.832,15.1079,-0.134657
11.7883,16.1195,-0.249611
11.9489,17.0829,-0.00632344
12.0548,18.0842,0.212055
11.9452,19.0792,0.0649678
12.9132,0.0539232,-0.249559
12.9086,1.04776,-0.0299997
12.8068,1.99182,-0.361617
12.77,2.99061,-0.283825
12.841,3.97272,-0.72479
12.813,5.02814,-0.682989
12.809,6.03042,-0.810562
12.8334,7.05042,-0.746477
12.7333,8.11028,-0.69425
12.7263,9.1423,-0.68377
12.5809,10.1323,-0.740745
12.516,11.135,-0.579321
12.5062,12.1179,-0.442116
12.5397,13.1213,-0.407508
12.6753,14.1197,-0.22122
12.8581,15.1083,-0.116758
12.8435,16.1017,-0.14976
12.968,17.0924,-0.0806421
13.0064,18.1131,-0.188263
12.9523,19.0894,-0.0216315
13.9324,-0.0873196,-0.238234
13.9512,0.936607,-0.165026
13.8459,1.91007,-0.23632
13.787,2.93122,-0.444908
13.8424,3.9475,-0.557622
13.866,4.9938,-0.492785
13.8329,5.98351,-0.576272
13.8695,6.99176,-0.746187
13.7441,7.98064,-0.697967
13.7464,8.98207,-0.593323
13.631,9.99793,-0.594775
13.5814,11.0387,-0.587286
13.5849,12.0927,-0.454216
13.6001,13.1204,-0.482028
13.7002,14.1116,-0.312436
13.8437,15.118,-0.0883755
13.8639,16.0821,-0.299905
13.9428,17.0893,-0.251952
14.0166,18.0602,0.0017304
13.9515,19.0853,-0.0857601
15.0136,-0.0404248,-0.340934
14.9903,0.949126,-0.42693
14.863,1.96406,-0.482525
14.779,2.95292,-0.551592
14.8495,3.95492,-0.453319
14.885,4.95332,-0.405451
14.8933,5.94579,-0.582781
14.9297,6.94682,-0.583798
14.8369,7.9699,-0.689407
14.7875,9.00544,-0.681567
14.6569,9.99083,-0.630863
14.64,10.9614,-0.325166
14.586,11.9509,-0.450154
14.6661,12.9991,-0.415433
14.7704,14.0476,-0.316663
14.9093,15.1109,-0.184185
14.9128,16.1478,-0.0154851
14.9339,17.1459,-0.116486
14.9909,18.1758,0.0221351
14.9367,19.1899,0.0710929
16.0832,-0.159954,-0.423524
15.9881,0.898108,-0.369198
15.9487,1.89691,-0.5052
15.867,2.94468,-0.323795
15.8793,3.90368,-0.570019
15.9237,4.9681,-0.534983
15.9099,5.99854,-0.508118
15.883,7.05915,-0.31435
15.9084,7.98106,-0.630754
15.8295,9.00282,-0.588412
15.687,9.9618,-0.450227
15.6479,10.9658,-0.23899
15.6885,11.991,-0.398373
15.698,12.9972,-0.297076
15.8078,14.0473,-0.244673
15.9487,15.0573,-0.0836451
15.9765,16.0533,0.0972686
15.9923,17.0686,0.0356914
16.0207,18.0809,0.180114
15.9681,19.1316,0.20202
17.0768,-0.0919126,-0.183218
16.939,0.917484,-0.214081
16.9556,1.93078,-0.32934
16.9119,2.91494,-0.179736
16.8869,3.91108,-0.528388
16.9229,4.97854,-0.409268
16.9067,6.00624,-0.495529
16.8881,7.04651,-0.265093
16.9677,8.01962,-0.598749
16.903,9.02283,-0.67665
16.7672,10.0172,-0.492395
16.6934,11.0334,-0.360143
16.7723,12.0446,-0.32989
16.7724,13.0403,-0.376455
16.8316,14.0431,-0.251802
16.9298,14.9936,0.184591
17.0151,15.977,0.235545
16.9583,17.0436,0.355043
17.0923,18.0268,0.187118
16.9372,18.9798,0.38399
18.1127,-0.14648,-0.365548
17.9553,0.835914,-0.25699
18.0381,1.93266,-0.128355
17.9315,2.95502,-0.160329
17.9078,3.95418,-0.32598
17.9399,4.95453,-0.366854
17.9333,5.93375,-0.397464
17.856,6.95906,-0.475802
17.9871,7.98817,-0.475896
17.9407,9.01213,-0.643397
17.8431,9.9835,-0.500217
17.7713,10.9812,-0.362166
17.8933,12.0101,-0.450606
17.8038,13.0291,-0.273571
17.8989,14.0642,-0.247096
17.9227,15.0653,-0.0586749
18.0446,16.081,0.137489
17.9821,17.0078,0.477807
18.0938,17.9376,0.212204
17.979,18.8884,0.393176
19.1379,0.0297281,-0.303009
18.9882,1.03725,-0.398257
19.0341,2.00938,-0.162535
18.9425,3.04255,-0.398508
18.9398,4.02546,-0.317884
18.9415,5.01395,-0.286361
18.9777,6.011,-0.448527
18.8707,7.01658,-0.512464
19.0106,8.01622,-0.638823
18.9355,9.03625,-0.787454
18.9222,10.0297,-0.48901
18.8491,11.0544,-0.230879
18.9633,12.0671,-0.442314
18.8813,13.0711,-0.318946
18.9248,14.0317,-0.0999664
18.9578,15.0795,-0.205026
19.0806,15.9774,0.191549
18.9877,16.9948,0.275314
19.0797,18.0006,0.174535
18.9742,18.9871,0.313913
