0.0198157,-0.00902432,0.0805841
1.00773,-0.0429151,0.298294
2.05109,-0.0307627,0.349187
3.05011,-0.00163274,0.215738
4.03874,0.0157262,-0.0923826
5.02993,0.0927458,0.135557
6.02095,-0.0227363,-0.0942778
7.02563,0.0300851,-0.213953
8.03407,-0.00390942,-0.123145
9.05482,-0.0180853,-0.147014
10.0761,-0.00994598,0.00762658
11.1197,0.0424604,-0.100372
12.1261,-0.0201727,-0.276174
13.1355,-0.00636311,-0.445592
14.0773,-0.00318918,-0.0588427
15.0757,0.010303,0.0982696
16.0795,0.0109592,-0.0194678
17.0673,-0.0129429,0.0425031
18.0204,-0.00997955,-0.265859
19.0611,-0.0382244,-0.326972
0.0414563,0.987768,0.0789087
1.03789,0.922083,-0.0660817
1.99012,1.01307,0.181957
2.99549,0.97561,0.230207
3.97718,0.969732,0.201477
4.99794,1.11068,-0.0682577
6.00944,0.974636,0.0548753
7.01185,1.0057,-0.202768
8.08408,1.01494,-0.187561
9.11203,0.970312,-0.234053
10.1231,0.953667,-0.0764977
11.1717,0.982965,0.0565203
12.1724,1.01617,-0.301987
13.1598,1.01015,-0.239927
14.1728,0.964989,-0.103287
15.1224,1.00886,0.125126
16.1184,1.01718,0.00592669
17.0951,1.00416,-0.171203
18.0642,1.00776,-0.376174
19.013,0.961229,-0.123563
0.0174993,2.07569,0.13184
1.06071,1.92884,0.0700095
2.04469,1.9781,-0.111896
3.01167,1.97027,0.145476
4.0319,1.9696,0.0229804
5.00993,2.11121,-0.111847
6.00618,1.98241,0.0198218
6.96295,2.04891,-0.280529
7.96305,2.05197,-0.0562426
8.95021,1.97796,0.0768853
9.98376,1.9488,-0.208728
11.0194,2.05969,-0.0547777
11.9905,1.9633,-0.127641
12.9834,2.02336,-0.169842
14.0142,1.96081,-0.0476302
15.0218,2.02156,0.061977
16.021,2.06133,0.0509873
17.0408,2.01395,-0.159648
18.056,1.98485,-0.274731
19.0251,1.98993,0.00783105
0.00583514,3.06738,0.201282
0.982562,2.92616,-0.129008
1.96043,3.03289,-0.326344
3.02191,2.99555,-0.124406
4.02719,2.9768,-0.301611
5.10558,3.09697,-0.263262
6.07847,2.98879,0.0113407
7.08179,3.0221,-0.0420972
8.04331,3.02855,-0.402942
9.02355,2.98639,-0.138145
10.0551,2.98362,-0.093115
11.0507,3.09946,-0.033433
11.976,2.95892,-0.250252
13.009,3.03357,0.0387371
14.0836,2.92644,0.171041
14.9817,2.9748,-0.261031
16.056,3.07348,-0.211145
17.0496,2.95904,-0.460244
18.0659,2.96602,-0.558718
19.0904,2.91541,-0.461068
0.028843,4.06736,-0.112964
1.01719,3.95971,-0.104294
2.0108,4.04249,-0.283963
3.01085,3.98375,-0.491977
4.0145,4.00963,-0.489367
5.04878,4.07399,-0.543324
5.96569,3.9559,-0.302496
6.97331,4.08871,-0.147096
7.98149,3.96835,-0.108695
8.97332,3.99456,-0.253117
9.93482,3.98325,0.00993072
10.9364,4.09832,-0.0741569
11.9304,3.91473,0.0841884
12.9271,4.03385,0.0132115
13.9044,3.93136,0.095761
14.8569,3.97018,-0.313089
15.918,4.03333,-0.444664
16.9378,3.94372,-0.20867
18.0059,3.94105,-0.170132
19.0182,3.90372,-0.0686148
0.0270882,5.07246,-0.11619
1.01455,4.94335,-0.28052
2.08422,5.07009,-0.0668996
3.09355,4.93099,-0.228156
4.1028,5.0327,-0.41475
5.09462,5.01995,-0.217371
6.07486,4.99118,-0.271776
7.08341,5.07475,-0.264724
7.99923,4.9836,0.0361187
8.98342,5.0233,-0.271194
9.98911,5.02091,-0.110639
10.9988,5.09722,-0.115223
11.9794,4.93043,-0.0670644
12.9574,5.05154,0.0499466
13.9676,4.936,-0.0518448
14.9773,4.98786,-0.0301798
15.9564,5.0074,-0.222037
16.9306,4.9522,-0.0383618
17.932,4.97771,-0.142653
18.9662,4.91541,0.00251473
0.0530747,6.07197,-0.0884091
1.06699,5.92808,-0.189731
2.04483,6.02249,-0.296182
3.08481,5.9224,-0.0835475
4.08681,5.97573,-0.121683
5.09119,6.03523,-0.428355
6.08581,6.00384,-0.331855
7.06721,6.08375,-0.252715
8.03686,5.99754,0.100482
9.02984,6.02304,0.0200873
10.0614,5.98793,0.130543
11.0534,5.97443,0.351192
12.025,5.91647,0.157823
12.9982,6.03084,0.000909452
14.0017,5.94546,-0.218189
15.0235,5.97205,-0.367129
16.0487,6.06865,-0.31456
17.0745,5.9702,-0.254607
18.0975,5.93878,-0.271215
19.0129,5.91482,0.153645
-0.00616169,7.07173,-0.229441
1.00864,6.94118,-0.0670858
2.03898,7.00697,-0.108277
3.03199,6.90742,0.00613117
4.02326,6.96695,-0.146129
4.96851,7.03894,-0.396423
5.96211,7.03008,-0.234202
6.99786,7.07505,-0.0252388
8.00432,6.99468,0.121549
9.00062,7.01977,0.263604
9.94834,6.9934,-0.0561449
10.9421,6.92429,-0.0123447
11.9347,6.9508,0.00125126
12.9036,6.98774,-0.178472
13.9363,6.9359,-0.127906
14.9455,6.95473,-0.268291
15.9201,7.05031,-0.230201
16.9634,6.93118,-0.262597
17.9953,6.95192,-0.0834376
18.9917,6.90855,-0.195846
-0.00749229,7.98267,0.198221
1.04539,7.95843,0.0983428
2.07098,8.01899,-0.151424
3.00514,7.90562,0.022367
4.02539,7.94214,0.0784173
5.00829,8.03642,-0.138719
5.95341,8.04288,-0.431584
6.91203,8.11151,-0.222446
7.93934,7.97046,-0.115763
9.00007,7.973,-0.130137
10.0183,7.97517,-0.241154
11.038,7.96384,-0.240645
12.0244,7.94417,-0.0499893
13.0405,7.91164,0.0645833
14.0646,7.90416,0.0339702
15.0829,7.98299,-0.0818903
16.0286,8.04725,-0.565737
17.019,7.98041,-0.304813
17.9777,7.96688,-0.0892727
19.0079,7.9332,-0.177984
0.0538133,8.98045,0.117328
1.06877,8.93151,0.223118
2.15838,8.9412,0.248509
3.07801,8.90937,-0.0907559
4.05588,8.96815,0.109851
5.04546,9.01586,-0.233494
6.06279,9.02579,-0.272683
7.13738,9.11588,-0.280639
8.133,8.92032,-0.277148
9.05409,8.96279,0.0957823
10.0415,9.00748,-0.102274
11.017,8.90085,0.0699515
12.0292,8.94512,0.0917173
13.0652,8.87633,0.104257
13.982,8.82169,-0.362703
15.0093,8.93522,-0.260204
16.0289,9.0546,-0.384356
17.0287,9.0453,-0.256236
18.055,8.9854,-0.2257
19.0473,8.94198,-0.325214
-0.0140141,9.96766,0.172973
1.04886,9.91765,0.193988
2.04176,9.96769,0.174487
3.05383,9.91587,0.0135685
4.10837,9.97889,-0.0814051
5.08798,10.0322,-0.258382
6.10199,10.0395,-0.224564
7.06068,10.0624,-0.659487
8.00399,9.96126,-0.230808
8.9876,9.9968,0.0860256
9.94608,9.98759,-0.200848
10.9385,9.92504,-0.0469192
11.9188,9.84147,-0.35273
12.9392,9.9074,-0.213981
13.9478,9.8176,-0.0778344
14.9639,9.92427,-0.346947
16.0151,10.0444,-0.254738
17.0597,10.0395,-0.206101
18.1192,9.98947,-0.165529
19.0941,9.9719,-0.365111
-0.00681784,10.9531,0.190741
0.976925,10.9876,0.195102
1.9821,10.9681,-0.0988495
3.0204,10.9191,-0.0914426
4.01898,11.0095,-0.0397107
5.03169,11.0279,-0.221924
6.05184,11.0261,-0.180264
7.01071,11.0513,-0.577136
7.98862,10.935,-0.477584
9.01477,10.9544,-0.293765
10.0762,11.0113,-0.193191
11.0388,10.9686,-0.00995514
11.9861,10.8973,-0.28066
12.9735,10.9694,-0.444261
13.9268,10.8065,-0.255757
14.9283,10.9687,-0.15811
15.9236,11.0555,-0.179962
16.9469,11.0142,-0.303989
17.9883,10.972,-0.312729
19.005,10.9541,-0.0487197
0.0200995,11.9755,0.078811
1.04812,12.0278,0.154967
2.01879,11.948,0.141368
2.9524,11.9405,-0.208032
4.02952,11.9781,-0.290841
5.02191,11.9656,-0.55197
5.9792,12.0996,-0.165877
7.011,12.0333,-0.438823
7.99501,11.9835,-0.461089
8.99152,11.9841,-0.269512
10.0479,12.0609,-0.163167
11.0308,11.9458,0.177923
11.9532,11.92,-0.178347
12.9841,11.9634,-0.314679
13.9989,11.7758,-0.49418
14.9598,11.9613,-0.17315
15.9852,12.0774,-0.235569
16.9674,12.0136,-0.0971953
17.9999,11.9598,-0.127351
18.9656,11.9611,-0.0108798
0.0525101,12.9655,-0.0420789
1.04333,13.0233,0.26704
1.92078,12.8872,-0.184869
2.8698,12.9416,-0.520594
3.88517,12.9415,-0.422605
4.86514,12.9814,-0.410077
5.88531,13.0969,-0.308563
6.90462,12.9393,-0.0841762
7.96605,12.943,-0.261095
8.98884,13.0063,-0.328874
9.9996,13.0964,-0.146959
11.0285,12.9577,-0.0475234
12.0426,12.954,-0.342216
13.0286,12.9551,-0.173855
14.0436,12.852,-0.327876
15.0313,12.9495,-0.391787
15.9802,13.1157,-0.104282
16.976,13.0451,-0.196438
18.0086,12.9816,-0.213907
19.0352,12.972,-0.223698
-0.0180456,13.9229,0.15818
1.0019,14.0095,-0.0973418
2.06083,13.8718,-0.024369
2.92736,13.9539,-0.525419
3.92859,13.9691,-0.335936
5.02966,13.9972,-0.297739
6.01791,14.0196,0.103876
7.02069,13.9601,0.0483291
8.00677,13.9187,-0.0786187
8.90242,14.0655,-0.418857
9.85971,14.0867,-0.0789789
10.8627,14.0022,0.0911863
11.9083,13.9665,-0.0656819
12.9233,13.929,-0.0512436
13.9211,13.9168,-0.216202
14.983,14.0294,-0.378451
16.0073,14.1663,-0.268621
16.9715,14.0813,-0.212241
17.9517,14.0202,-0.0974517
18.9356,13.9562,0.0278146
0.014127,14.9172,0.184805
0.945833,14.9859,-0.231162
1.96114,14.9209,-0.280404
2.95823,14.9816,-0.621888
3.93887,15.0022,-0.525938
4.9154,15.0193,-0.24189
5.90487,14.956,-0.199615
6.8776,15.0197,0.0318857
7.91659,14.9937,-0.171334
8.97101,15.0564,-0.386898
10.0274,15.0764,-0.122831
10.9981,14.9922,0.0628742
11.9907,14.9706,-0.169716
13.0342,14.9389,0.0417005
14.0478,14.9392,-0.129289
15.024,15.0337,-0.266036
15.9936,15.1819,-0.338227
16.9902,15.0761,-0.212394
17.9683,15.0533,-0.0408795
18.9914,14.9504,0.179537
-0.0210974,15.9457,0.158437
0.975005,15.9714,0.00170293
1.96962,15.9133,-0.176638
2.88832,15.9764,-0.582669
3.92894,16.0221,-0.501041
4.87384,16.0603,-0.096765
5.92119,15.9465,-0.127842
6.92161,16.0349,-0.196374
7.91523,16.0008,-0.194671
8.96397,16.0399,-0.220716
9.93531,16.0258,-0.520505
10.9762,15.9051,-0.431086
11.8921,15.9751,0.0542558
12.9027,15.9122,0.0786584
13.9604,15.9316,0.0797113
14.9496,16.0519,-0.0742271
15.9487,16.0247,0.183377
16.9888,16.0034,0.223231
18.0081,16.0721,-0.0531388
18.978,15.9447,0.115598
-0.0246895,16.8944,-0.162352
0.988778,16.9917,-0.288568
1.97081,16.9364,-0.428632
2.98304,16.9659,-0.421476
3.96423,17.0696,-0.299719
4.96648,17.0596,-0.337965
5.99006,16.9616,-0.33271
7.03536,17.0545,-0.518952
7.99056,16.9713,-0.245705
9.04348,17.0296,-0.160863
10.0329,17.029,-0.309824
10.987,16.8774,-0.101895
11.9941,16.9373,-0.389163
12.8949,16.9588,0.0395306
13.9347,16.9435,0.0292337
14.9483,17.0553,0.0306223
15.9421,17.0166,0.0270486
16.9478,17.0256,0.160668
17.9748,17.0191,0.240925
18.9814,16.999,0.280267
-0.0114933,17.9642,-0.182177
0.992132,17.9944,-0.168279
2.02561,17.9259,-0.285751
3.03546,17.9844,-0.398267
3.99409,17.9943,-0.00309153
5.00525,18.0026,-0.0884793
5.95489,17.9521,-0.342674
6.95316,18.0217,-0.177084
8.01226,17.9367,-0.0444472
8.95721,18.0366,-0.254509
9.93573,17.9943,-0.14272
11.0133,17.9149,-0.0986999
12.0085,17.9548,-0.270495
13.0285,17.9497,-0.285339
14.0077,17.9864,-0.114063
15.0268,18.0191,0.146348
16.0058,17.989,-0.0388562
16.988,17.9633,-0.179766
17.9744,18.0484,0.171477
18.9998,17.9711,0.182525
-0.00493484,18.9518,0.00213935
1.02464,18.9745,0.0221259
2.05824,18.9805,-0.220066
3.05227,18.9197,0.116602
4.0503,19.0027,0.137205
5.03437,19.0026,0.0786676
6.08732,18.9616,-0.0737266
7.05298,18.9675,0.269335
8.02196,19.0066,-0.0477981
8.99524,18.9721,0.228333
9.9635,19.007,-0.0608142
11.0027,18.9658,0.00358898
12.0412,18.9334,-0.179724
13.0367,18.9967,-0.22581
13.9892,19.0184,0.0419263
14.9546,19.0071,-0.088992
15.9876,18.9772,-0.0749565
16.9579,18.9792,0.0253059
17.9745,19.0019,0.0394757
19.0008,18.9652,0.0323801
