4.0117,4.14355,0.666759
4.35117,4.48731,-0.215897
4.11469,4.86357,0.682147
3.23753,4.37099,0.744044
2.54697,5.07058,1.16704
2.6669,5.221,0.103647
3.45132,5.2634,-0.524549
3.78417,6.20894,-0.300217
3.5216,6.45234,0.646507
3.05083,6.83535,-0.139381
4.96617,4.346,0.268715
4.06882,4.61502,0.721229
3.07475,4.68573,0.946495
2.66401,3.89626,1.42509
3.32672,4.68745,1.59816
2.99545,5.42635,1.03499
2.71864,5.64882,0.0320353
2.87247,6.63089,0.00600299
3.37282,7.45391,0.336735
3.34749,6.58815,0.812583
4.04439,4.70726,0.0508896
4.77355,4.06269,0.296359
4.00694,4.6806,0.560537
3.32551,4.60675,1.35065
4.01571,5.33971,1.29054
3.72518,5.60391,0.34593
3.40767,6.27531,-0.299316
3.66851,7.21725,-0.198914
3.12046,6.49342,0.260158
3.30242,7.51535,0.408734
4.44422,3.81345,-0.346864
3.81593,4.34487,0.348177
4.8431,4.19614,0.377209
3.95087,4.05109,0.825465
4.70313,4.70445,0.800775
4.68294,5.39489,0.0719199
3.94236,5.46858,-0.641328
3.53489,6.35382,-0.755638
4.14523,6.45456,0.0625813
3.40204,6.59385,0.755016
3.94987,4.0048,-1.20431
4.43555,4.39989,-0.429212
5.24862,4.90972,-0.194784
4.59387,4.2173,0.0587054
4.3786,5.16862,-0.135829
5.2392,4.66812,-0.266573
4.88537,5.56247,-0.494156
4.53525,6.51434,-0.624522
4.5865,5.62128,-0.173324
3.71451,5.79442,0.259624
4.82629,3.95366,-1.71271
5.29184,4.06754,-0.80083
4.49845,4.19908,-0.19317
4.71509,5.13428,-0.412143
5.11382,5.26187,0.521122
4.65683,5.50615,-0.359612
5.1811,4.97541,0.321546
4.94682,5.96457,0.135377
5.42055,5.10085,-0.0423017
4.47397,5.07885,0.296265
5.30751,4.34641,-0.927491
4.55889,4.38105,-0.235444
5.09341,4.26423,0.61088
5.09087,5.25379,0.475756
5.50521,5.98777,-0.0713584
4.72813,6.51586,-0.472253
5.09609,5.97313,0.361907
5.23161,4.99279,0.0614429
5.4232,4.2831,-0.67185
5.45778,4.87986,0.111713
4.74693,4.84413,-0.271014
5.44459,4.36123,-0.745518
5.98863,4.26526,0.13777
6.0581,5.24076,0.302588
5.0595,5.17952,0.31391
5.46348,6.03354,-0.00755028
5.52084,5.09696,0.261199
5.793,5.31063,-0.674541
5.54889,4.83876,0.165947
5.23518,5.65272,0.624592
5.56,4.24051,0.0356944
5.45147,5.24598,-0.254283
6.39991,5.19748,0.128767
6.08452,4.2811,-0.0101657
5.78569,5.21484,-0.366832
6.39127,5.99327,-0.354625
6.17466,5.01031,-0.505319
6.59278,5.75679,-1.05778
5.83574,5.18669,-0.722794
5.21853,5.85835,-0.373391
6.28943,4.0728,-0.597201
6.12777,4.56876,0.244667
5.40355,5.25469,-0.0362407
6.03804,5.01908,0.729987
6.61115,4.73868,-0.0653493
6.85595,5.25291,-0.94265
5.99747,5.58668,-1.36315
6.62902,6.07652,-2.00303
5.8063,5.81431,-1.52699
5.41262,6.58913,-1.04285
