17.0398,-3.82836,-7.99113
-1.84823,-14.1363,5.10996
-6.48066,0.668789,-5.59067
16.8461,-4.15933,9.83488
5.0049,-7.11635,-16.4436
-2.64129,-12.8836,-7.39722
12.3112,-7.74094,10.8482
18.1267,5.94732,7.26879
0.734858,11.5909,7.95498
-2.53536,6.82552,4.60766
9.85641,-4.38606,-4.34475
3.45804,-7.48533,-0.0618336
1.58266,-2.39087,-1.78533
9.40525,-4.17048,1.82537
6.1189,-5.65854,-6.4846
2.82071,-7.0572,-1.71581
7.29966,-3.49497,5.23508
8.52291,3.90605,6.53914
0.461223,5.70378,5.56341
-6.23278,2.18972,1.93641
8.92069,1.07862,-6.0018
6.05586,-1.73921,-3.31242
4.63071,-0.425324,-2.0934
6.80593,-1.56108,-0.210852
4.87688,-2.4785,-2.1088
3.19875,-1.7028,1.5003
3.76691,1.5531,5.6099
2.54127,6.2646,8.09578
-2.25008,9.35995,9.48695
-7.60176,10.1516,9.30529
9.57931,6.89851,-8.94143
7.66463,3.75489,-5.96578
6.03007,2.93804,-3.29203
5.67962,1.8686,-0.670486
3.85189,1.26559,0.892703
2.3543,2.84817,4.09796
1.19752,6.06202,7.53645
-1.12828,10.1666,10.5477
-4.9492,14.2512,13.5004
-9.91802,18.0882,16.5422
10.9485,12.9853,-12.4923
8.72492,8.80844,-8.07338
6.69373,6.50865,-4.01826
5.00234,5.18767,-0.259618
3.08743,4.83989,2.93785
1.37679,6.59432,6.19365
-0.388623,9.88434,9.55721
-2.72964,14.2369,13.0348
-6.1966,19.1902,17.1377
-13.5477,26.3685,23.8513
13.0298,19.4631,-17.3793
7.74487,12.201,-7.28576
5.59967,8.11129,-1.56802
3.70172,7.02084,2.24882
2.23868,7.45932,5.0326
1.52498,9.06988,7.14545
1.20348,11.2063,8.95897
0.822684,13.4597,10.6688
1.34541,13.4087,11.3138
7.51766,7.06448,5.62925
-5.96724,19.8609,-2.81293
2.3869,5.5886,2.33393
3.85779,4.24891,3.8287
1.76673,6.74003,6.10205
0.671218,9.16558,7.8836
1.50107,11.0859,8.52996
2.8812,12.4972,8.74372
4.47237,13.6782,8.80129
7.17865,12.7879,8.45848
9.14149,7.72667,10.625
12.4087,-26.3858,21.8691
7.03347,-9.88503,11.6741
3.03326,-0.505863,8.67816
-0.669387,6.92105,10.1226
-1.26298,11.3811,10.8528
1.17169,13.1822,10.0367
4.38211,13.9052,8.60078
7.76191,14.501,6.9069
11.8789,15.4652,4.48596
17.6168,18.4311,0.0979797
-6.51344,-2.21094,-7.71075
5.15141,-6.95138,4.21603
-0.565447,5.10907,4.89001
-5.12289,13.5346,12.6286
-3.60246,15.3469,13.5177
-0.484198,15.2797,11.8461
2.89129,14.8779,10.0812
6.46402,14.2853,8.23497
10.1844,13.5832,6.34865
13.9675,11.812,4.89339
5.74248,-9.74275,2.58864
17.8435,-17.0046,12.7258
-4.31672,12.7365,-3.73854
-10.7123,23.2338,20.1851
-6.4891,19.1641,16.5071
-2.60681,17.3119,13.8622
1.0237,16.0222,11.6262
4.55161,14.8954,9.64527
7.87162,13.8319,7.87476
10.8721,12.7568,6.49527
