0.0947356,0.0636067,-0.553905
0.04326,1.33074,-0.601791
-0.0264595,2.57971,-0.707498
0.0471999,3.84238,-0.678835
0.0118534,5.08146,-0.671261
0.0223029,6.2901,-0.663082
0.116224,7.51485,-0.779336
0.0792749,8.75393,-0.802374
0.0893216,10.0108,-0.645637
0.253734,11.1486,-0.435734
0.520142,12.3152,-0.279754
0.350554,13.4213,-0.278475
0.33603,14.3503,-0.795724
0.24127,15.2698,-0.431657
0.14283,16.1987,-0.11084
0.24857,17.166,-0.44246
-0.125864,18.0962,-0.196051
-0.0210761,17.1711,0.236122
0.120591,18.0672,-0.232069
-0.0132969,19.0044,0.193576
0.832835,0.7871,-0.526673
0.903671,1.94819,-0.550127
0.907355,3.1708,-0.593313
0.899597,4.37067,-0.557521
0.907434,5.57129,-0.544844
0.963625,6.76259,-0.592166
1.01936,7.96234,-0.446727
1.04832,9.16092,-0.480093
1.14444,10.3509,-0.445949
1.37127,11.5247,-0.173733
1.77061,12.675,-0.094995
1.52636,13.7581,-0.0728202
1.21142,14.7201,-0.154506
1.20906,15.713,-0.201856
0.9755,16.5744,0.345866
1.3149,17.2,-0.371227
0.927442,18.0632,0.0272195
1.05263,17.0796,0.147716
1.156,18.0883,-0.00134281
0.959819,19.0602,-0.0950591
1.86075,1.06236,-0.599557
1.86851,2.22644,-0.610028
1.87002,3.46285,-0.673946
1.90584,4.63265,-0.516578
1.91926,5.83624,-0.482919
1.93728,7.04924,-0.489022
1.98631,8.23432,-0.381823
2.03186,9.47244,-0.204981
2.18726,10.7442,-0.152532
2.35618,12.0482,0.0047853
3.05407,13.3745,-0.0395123
2.4741,14.5483,-0.0260659
1.73494,15.4993,0.465935
2.19733,16.2312,-0.280313
1.67041,17.2674,0.0440931
2.36831,16.7834,-0.261559
2.02593,17.8052,-0.192773
2.06722,16.8732,0.0937346
2.20197,17.8917,0.00520035
1.97817,18.9131,-0.0640065
2.84954,0.737284,-0.561248
2.81435,1.91686,-0.547145
2.81466,3.07171,-0.420112
2.85532,4.23968,-0.502121
2.83445,5.44473,-0.513343
2.88462,6.59377,-0.570742
2.87657,7.7924,-0.466185
2.92041,8.93632,-0.300919
2.95465,10.1029,-0.201944
2.94083,11.2353,-0.0503586
2.79038,12.3978,0.0827082
2.67638,13.5049,-0.0188849
2.4072,14.5531,0.107465
2.77112,15.4143,-0.221464
2.45257,16.3968,-0.0428816
3.30983,16.902,0.194314
2.78913,17.6629,0.42598
2.96417,17.0982,-0.382769
3.18927,18.0338,0.057091
3.00434,19.005,0.0142247
3.82648,0.509955,-0.429154
3.76934,1.59764,-0.464354
3.80148,2.71493,-0.491763
3.74844,3.83092,-0.654946
3.73928,4.94133,-0.640196
3.76428,6.07968,-0.61449
3.73111,7.18391,-0.526676
3.74951,8.30483,-0.393027
3.72307,9.39795,-0.347148
3.68367,10.5542,-0.205564
3.58229,11.6585,-0.206549
3.36561,12.7232,-0.138841
3.16554,13.7741,-0.195444
3.52098,14.7092,-0.245033
3.25926,15.7077,-0.194803
4.07669,16.3321,-0.229695
3.61275,17.0384,0.33011
3.88478,17.2728,-0.656301
4.12819,18.1877,-0.334413
3.96046,19.1624,-0.232756
4.84586,0.29602,-0.341835
4.81376,1.40961,-0.479641
4.78222,2.55696,-0.566518
4.75555,3.63041,-0.579894
4.75665,4.68489,-0.617286
4.75838,5.82547,-0.667797
4.68752,6.90168,-0.581628
4.71266,7.96005,-0.595572
4.66937,9.00745,-0.406934
4.57474,10.0807,-0.307254
4.50917,11.1167,-0.239183
4.25304,12.1256,-0.164577
4.15924,13.1891,-0.246855
4.38428,14.1969,-0.327427
4.25949,15.24,-0.344444
5.01726,15.9645,-0.388885
4.57161,16.7317,0.0709922
4.90292,17.3057,-0.704517
5.01595,18.3293,-0.762728
4.98339,19.0818,-0.0959502
5.83777,0.152638,-0.626719
5.83752,1.22019,-0.597482
5.82179,2.29194,-0.574062
5.76876,3.38026,-0.633305
5.7286,4.39768,-0.657854
5.74378,5.46395,-0.653743
5.64885,6.55379,-0.59303
5.68086,7.62485,-0.550951
5.65463,8.67601,-0.450594
5.48729,9.64731,-0.274908
5.41418,10.7003,-0.425498
5.16323,11.6534,-0.405219
5.11495,12.7792,-0.431831
5.36504,13.7967,-0.452361
5.29633,14.7912,-0.444179
5.94128,15.5953,-0.254939
5.55235,16.4722,0.0362743
5.92211,17.1175,-0.624339
5.95581,18.1016,-0.602792
5.97197,18.9709,-0.116193
6.84931,0.128773,-0.588748
6.85063,1.15936,-0.657988
6.85236,2.1726,-0.766982
6.77033,3.18768,-0.552684
6.7299,4.24276,-0.603333
6.70018,5.23004,-0.510761
6.62272,6.27178,-0.582519
6.64317,7.33173,-0.412937
6.61798,8.4052,-0.542048
6.52219,9.43903,-0.258547
6.41866,10.3986,-0.221305
6.18435,11.4026,-0.380688
6.15795,12.3953,-0.368389
6.3794,13.3601,-0.350047
6.33189,14.3621,-0.410425
6.85721,15.2238,-0.28764
6.59726,16.1682,-0.192355
6.9445,17.1282,-0.312879
6.96611,18.1295,-0.574346
6.98367,18.9683,0.0294229
7.86824,0.0209174,-0.300388
7.77261,1.06207,-0.339692
7.87728,2.06827,-0.544505
7.76175,3.08352,-0.636344
7.71561,4.11528,-0.560939
7.71005,5.15205,-0.41998
7.67154,6.20295,-0.475875
7.69338,7.22224,-0.494726
7.62893,8.22766,-0.555544
7.53791,9.16079,-0.39613
7.44751,10.1727,-0.217209
7.2675,11.2272,-0.275579
7.16984,12.2581,-0.247893
7.38965,13.2651,-0.174725
7.32768,14.2513,-0.22281
7.83058,15.0978,0.106854
7.60238,16.0631,-0.0217963
7.95919,17.033,-0.140034
7.96254,18.0601,-0.221479
7.99745,19.0517,-0.116272
8.84693,-0.0824915,-0.32504
8.78455,0.927363,-0.381057
8.82713,1.9403,-0.188632
8.73249,2.92173,-0.28049
8.6519,3.96337,-0.28272
8.71115,4.93483,-0.602295
8.63099,5.95542,-0.627049
8.68558,6.9789,-0.451128
8.65549,8.01154,-0.447749
8.5866,9.05976,-0.305362
8.47709,10.0995,-0.481561
8.32756,11.108,-0.262902
8.2518,12.1362,-0.232066
8.44203,13.2201,-0.294647
8.39031,14.1998,-0.0650533
8.83187,15.0361,0.285162
8.6824,16.0726,0.13599
8.91113,17.0151,0.24293
8.98624,18.046,0.00994293
9.00631,19.0464,-0.145262
9.87073,-0.203491,-0.351238
9.86277,0.833052,-0.224665
9.82502,1.89262,-0.137806
9.75723,2.91,-0.229194
9.69019,3.9386,-0.290756
9.73268,4.93044,-0.538072
9.63446,5.99628,-0.468932
9.68208,6.98489,-0.336161
9.66115,8.00934,-0.490542
9.65209,9.05122,-0.49003
9.57968,10.0865,-0.49595
9.44457,11.0421,-0.303275
9.31495,12.0438,-0.245878
9.45691,13.0891,-0.208335
9.47221,14.0704,-0.0184515
9.83215,14.9684,0.0881832
9.74823,16.0148,0.112119
9.92123,16.9818,0.141581
9.99507,18.0504,0.0881436
10.0324,19.0802,-0.00201117
10.8831,-0.0540513,-0.148482
10.8416,0.92924,-0.264473
10.7655,1.93999,-0.544218
10.7895,2.96796,-0.453279
10.7445,4.00099,-0.384475
10.7595,4.9937,-0.381997
10.771,6.01037,-0.407566
10.6663,7.03247,-0.628028
10.6671,8.05458,-0.479412
10.6592,9.10638,-0.65624
10.58,10.1224,-0.561501
10.456,11.1091,-0.286526
10.4211,12.1082,-0.157964
10.5388,13.1689,-0.16737
10.5463,14.1838,-0.302817
10.8872,15.0375,0.0119388
10.7742,16.0161,-0.0880184
10.9454,17.0678,0.0687521
11.0367,18.0593,0.0986267
11.0784,19.0627,-0.211005
11.9408,0.0257332,-0.179925
11.9146,1.03727,-0.286187
11.717,2.01838,-0.274407
11.803,3.04648,-0.302441
11.7771,4.09964,-0.261934
11.7876,5.0937,-0.245628
11.8472,6.12711,-0.208359
11.7006,7.06481,-0.570717
11.7381,8.08887,-0.415696
11.7528,9.07958,-0.498279
11.5941,10.0635,-0.559047
11.4915,11.0302,-0.260201
11.5422,12.0631,-0.155211
11.5097,13.0361,0.0217566
11.5999,14.0509,-0.242787
11.909,15.0012,0.168645
11.7777,15.99,0.141893
11.9462,17.0105,0.119822
12.0461,18.0732,0.121296
12.0644,19.078,0.0852168
12.9857,0.0301737,-0.127204
12.9136,1.03195,-0.295523
12.8247,2.00359,-0.385195
12.8146,2.98939,-0.326099
12.818,4.04092,-0.375353
12.811,5.01844,-0.154317
12.8253,6.0094,-0.446062
12.7359,7.03436,-0.306922
12.7306,8.09369,-0.348225
12.77,9.10417,-0.469662
12.6847,10.0797,-0.376269
12.5127,11.1027,-0.301831
12.6089,12.1035,-0.348033
12.5959,13.0221,0.0271096
12.645,14.0936,-0.0137852
12.904,15.089,-0.075161
12.8585,16.0502,0.0625843
12.931,17.0482,0.0587237
13.0366,18.039,-0.00274972
13.0838,19.0853,0.0814783
13.9862,-0.0679952,-0.255489
13.922,0.926756,-0.337754
13.8336,1.9178,-0.108969
13.8514,2.88716,-0.312778
13.835,3.96843,-0.229017
13.8368,4.93266,-0.383343
13.8219,5.96731,-0.366515
13.755,7.00544,-0.305783
13.8357,8.01859,-0.429701
13.8014,9.01274,-0.32761
13.7038,10.046,-0.39479
13.5886,11.0458,-0.178359
13.6636,12.0699,-0.132429
13.6415,13.0386,0.0614643
13.7232,14.0153,-0.124256
13.934,14.9656,-0.236006
13.9235,15.9877,0.0106784
13.9931,17.0122,0.0029603
14.0562,18.0427,0.0350719
14.0921,19.0574,0.288998
15.0204,-0.0575701,-0.0795801
14.8744,0.925278,0.00150151
14.8313,1.94184,-0.177844
14.893,2.93517,-0.206815
14.8686,3.9427,-0.272683
14.8866,4.97111,-0.245714
14.8887,5.97243,-0.336412
14.8048,6.99515,-0.28782
14.9241,8.00509,-0.350267
14.8666,8.99055,-0.428138
14.7494,9.9938,-0.381027
14.6078,10.9972,-0.327689
14.6839,12.0228,-0.249501
14.7077,13.0117,-0.0661245
14.762,14.046,-0.137742
14.9399,15.1108,-0.147066
14.9447,16.1133,-0.0882138
14.9923,17.1479,-0.0917417
15.0552,18.1612,0.19508
15.0277,19.19,-0.00645161
16.0437,-0.159734,-0.00472427
15.8774,0.832325,-0.157372
15.8538,1.89417,-0.208032
15.9566,2.94878,-0.321052
15.8445,3.97126,-0.231953
15.9356,4.97765,-0.336018
15.9456,5.99048,-0.232725
15.8158,7.01809,-0.280212
15.9551,7.99584,-0.223041
15.8749,8.99635,-0.50191
15.7951,9.992,-0.39906
15.7088,11.0058,-0.439702
15.8022,12.0022,-0.219953
15.7914,13.049,-0.0769829
15.8043,14.0768,0.052327
15.9029,15.0671,0.233592
16.0196,16.0588,0.0791253
15.9762,17.0995,0.207498
16.1461,18.0908,0.176843
16.0153,19.079,0.247227
17.128,-0.056679,-0.0251228
16.9242,0.931272,-0.120219
16.898,1.98845,-0.208756
16.958,3.01002,-0.146162
16.9152,4.06384,-0.203272
16.9439,5.01772,-0.645253
16.9382,6.01432,-0.33863
16.8177,6.99366,-0.251543
16.9626,7.99485,-0.346275
16.918,9.00978,-0.386499
16.8558,10.0773,-0.510541
16.7297,11.0769,-0.395843
16.8621,12.094,-0.366451
16.8338,13.0769,-0.174154
16.8473,14.0777,-0.00691549
16.9456,15.0609,0.243623
17.059,16.09,0.155168
17.0034,17.0861,0.136921
17.1564,18.1074,0.318345
16.9809,19.0905,0.492795
18.1475,-0.151762,-0.107077
17.955,0.854924,-0.0630665
17.8948,1.86474,-0.289288
17.9576,2.92097,-0.253896
17.9269,4.00527,-0.187432
17.955,5.01075,-0.502915
17.9907,5.98921,-0.139265
17.8305,7.04534,-0.28453
17.9978,8.04657,-0.441044
17.9545,9.04027,-0.486334
17.9038,10.0628,-0.445473
17.8147,11.0565,-0.330921
17.9677,12.0663,-0.393554
17.9052,13.0088,-0.127931
17.8428,13.9717,-0.0110996
17.9723,14.8865,0.402322
18.0161,15.9664,0.319785
18.0345,16.962,0.476171
18.1373,17.9245,0.0586352
17.9819,18.9032,0.383822
19.139,0.030018,-0.173119
18.9772,1.05076,-0.118842
18.9493,2.07844,0.00955229
18.9469,3.05834,-0.193796
18.9281,4.05496,-0.298148
18.9524,5.03903,-0.583203
19.0019,6.01382,-0.347661
18.8941,7.0291,-0.437632
19.0235,8.0181,-0.308249
18.9874,9.02442,-0.419257
18.9538,10.0817,-0.404529
18.8744,11.0462,-0.289111
18.9892,12.0271,-0.45833
18.9108,12.9609,-0.202667
18.9179,14.001,-0.0928953
18.9247,14.997,0.203079
19.0468,15.9899,0.0894894
19.0065,17.0191,0.147835
19.0907,18.0016,0.370934
18.9844,18.982,0.373992
