-0.0368694,0.133869,-0.28645
-0.00954619,1.11133,0.00968657
-0.0194128,2.04075,-0.284954
-0.016303,2.98497,-0.0194342
-0.00514847,4.00943,-0.0558397
-0.00434889,5.02747,-0.0829951
-0.0155004,6.05558,0.102539
-0.0133305,7.06119,0.0551103
-0.0316691,8.03494,-0.00400098
-0.0170415,9.02243,-0.314994
-0.0179693,10.0208,-0.121421
-0.0144658,11.0023,-0.210389
-0.0144078,12.0123,-0.123267
-0.00883206,13.0148,-0.0238899
-0.0155644,13.9728,-0.299771
-0.0440443,14.9975,-0.297745
-0.00958586,15.9898,-0.0741813
-0.0269204,17.0313,0.025132
-0.00575884,18.0225,0.20427
0.0757408,19.0108,0.00343638
-0.00982391,19.9713,-0.283306
-0.0462539,21.0318,-0.106467
-0.00575884,22.0483,0.0727165
-0.021955,23.0481,-0.0188604
-0.0464705,24.0369,0.0657094
-0.0073336,25.021,-0.160842
-0.0179205,25.9558,0.23285
-0.0123112,26.9348,-0.00638447
-0.0227699,27.9244,0.0720206
-0.036021,28.9298,0.226536
0.988299,0.478707,-0.444124
0.97983,1.30773,0.0830317
0.960021,2.26008,-0.333653
0.933836,3.21157,0.0671468
0.986966,4.16406,-0.175759
1.0307,5.14963,0.11485
1.0012,6.16067,0.0521317
0.994699,7.20973,0.135768
0.991766,8.11247,-0.375494
1.01599,9.15966,-0.324317
0.958992,10.1429,-0.490564
1.03739,11.1502,-0.350047
1.03345,12.1222,-0.0802362
1.01948,13.1831,-0.127741
0.91286,14.0582,-0.636137
1.01658,15.0168,-0.370699
0.978716,16.0414,-0.0990265
0.926029,17.0274,-0.289975
1.02632,18.0086,0.135997
1.05755,18.9364,-0.298865
0.989621,19.9911,-0.436552
0.988202,20.9756,-0.184747
0.967275,21.9725,-0.309796
0.979531,22.9847,-0.277514
0.960881,23.9754,-0.0878628
1.0032,24.9947,-0.120466
0.9863,26.0036,0.0533616
1.0124,26.9793,-0.15219
0.891784,27.7921,0.469774
0.984075,28.7564,0.12844
1.98891,0.678887,-0.434727
2.00511,1.62223,-0.118451
1.91021,2.66973,-0.29028
1.93837,3.52626,0.247438
1.95861,4.47384,0.03614
2.03884,5.46133,-0.16242
1.92014,6.43944,0.114997
1.95056,7.46331,0.0191839
1.96425,8.33503,-0.508765
2.07645,9.33706,-0.401749
1.98293,10.357,-0.230857
2.13688,11.3501,-0.371541
2.05334,12.3618,-0.455681
1.98276,13.3396,-0.288925
1.9599,14.2575,-0.803336
2.0884,15.1617,-0.374874
1.96684,16.1419,-0.314872
1.90485,17.1527,-0.447844
2.00631,18.1132,-0.316831
2.03429,19.1015,0.0612232
1.98341,20.0189,-0.379128
2.0118,21.0359,-0.262639
1.96446,22.0079,-0.442122
2.01305,23.0214,-0.449202
1.98054,23.9535,-0.154015
2.04439,24.9315,0.0776818
2.01748,25.9512,0.193042
2.01397,26.9207,0.0956389
1.90186,27.8709,0.401114
1.98664,28.7726,-0.0120457
2.99198,0.881903,-0.41453
2.96183,1.85338,-0.284365
2.90264,2.8898,-0.284207
3.01933,3.74827,0.210633
2.9787,4.75381,0.0813746
3.03518,5.74298,-0.0870235
2.91504,6.67992,0.207917
2.98207,7.66008,0.120377
3.02192,8.5394,-0.436259
3.07191,9.57658,-0.443471
3.05598,10.5476,-0.344475
3.11498,11.5468,-0.32993
3.05365,12.4939,-0.771703
2.9382,13.4696,-0.55406
2.90965,14.343,-1.04715
3.11388,15.1575,-0.505661
2.89173,16.1343,-0.745927
2.91386,17.1368,-0.567806
2.96215,18.0071,-0.00310678
2.98927,18.9753,-0.246471
2.92774,20.0056,-0.129048
3.05432,21.039,-0.232008
3.01956,22.0429,-0.45468
3.03048,23.0327,-0.418485
2.95109,23.8472,0.143794
3.06149,24.8328,0.0258034
3.0387,25.802,0.294348
2.96515,26.7889,0.409021
2.8733,27.7782,0.148158
3.12719,28.7853,-0.12363
3.95589,1.15853,-0.260851
3.97563,2.15783,-0.214911
3.9439,3.1509,-0.240611
4.00455,4.05661,0.215387
4.00298,5.04521,0.00769982
3.98974,5.97301,-0.414365
3.91219,6.9206,0.00295419
3.98164,7.94382,0.105335
4.10522,8.79942,-0.497027
4.03297,9.83892,-0.626759
4.02701,10.8181,-0.471404
4.1521,11.8028,-0.376693
4.05234,12.6999,-0.892831
3.93272,13.6914,-0.92161
3.81802,14.5377,-1.45019
4.11567,15.1765,-0.737306
3.89535,16.105,-0.959044
3.88985,17.0941,-0.637703
3.93925,17.9993,-0.193805
3.99657,19.0313,-0.123157
3.95613,20.0195,-0.0190588
4.09999,21.0147,-0.129301
4.0726,21.985,-0.380105
4.10526,22.9589,-0.207031
3.9323,23.8876,0.272109
4.08428,24.837,-0.0358806
4.0522,25.7702,0.328071
3.96987,26.8085,0.108786
3.91414,27.8019,0.0172002
4.1141,28.7973,-0.244398
4.88546,1.41086,-0.516117
4.98626,2.38767,-0.315809
4.97588,3.36552,-0.14825
5.02225,4.33964,0.0279946
5.00022,5.36547,-0.0266335
4.93753,6.30736,-0.427445
4.86417,7.22783,-0.0690451
4.93801,8.23194,-0.112336
5.14676,9.06796,-0.559734
5.03638,10.0793,-0.698001
5.02992,11.1236,-0.695007
5.19355,12.0949,-0.453285
5.03497,12.9157,-0.991498
4.88993,13.9119,-0.994937
4.85952,14.7613,-1.63774
5.11323,15.2566,-0.83798
4.91696,16.2581,-0.935698
4.92238,17.1904,-0.47991
4.8954,18.162,-0.42609
5.03304,19.0581,-0.0376324
5.00301,20.031,-0.0125584
5.1316,21.0517,-0.110254
5.05313,21.9642,-0.608728
5.11615,22.8538,-0.128584
4.9202,23.8746,0.0240486
5.11096,24.8466,0.118406
5.07225,25.8696,0.171944
4.93569,26.8533,-0.0270943
4.93683,27.8162,-0.174303
5.08576,28.7339,-0.590185
5.91029,1.71523,-0.583636
5.98473,2.72036,-0.31745
5.91049,3.69419,-0.22653
6.02745,4.62567,0.0306009
6.02188,5.63207,-0.0468429
5.96565,6.52791,-0.523511
5.84693,7.52905,-0.244765
5.9355,8.50657,-0.17304
6.08216,9.43846,-0.591324
6.0174,10.4541,-0.711701
5.95596,11.4654,-1.0261
6.18204,12.4298,-0.628126
6.06668,13.2246,-1.20614
5.82738,14.209,-1.07606
5.90297,14.9842,-1.69401
6.13906,15.281,-0.764693
5.98575,16.272,-0.878796
5.86505,17.2623,-0.805341
5.90122,18.0771,-0.241615
6.00447,19.1452,-0.0937407
6.04923,20.1346,-0.0387494
6.10309,21.1113,0.163366
6.14477,21.9638,-0.379925
6.12528,22.9664,-0.399924
5.93406,23.8039,0.0838435
6.11614,24.7769,0.177258
6.0917,25.7994,0.00737022
5.90476,26.7995,0.196539
5.93985,27.7514,0.0116276
6.05596,28.5951,-0.508802
6.91058,2.00614,-0.666771
7.01869,2.97648,-0.439164
6.89724,3.99068,-0.361007
6.97564,5.00493,-0.103516
6.984,5.98733,-0.201538
6.99774,6.88787,-0.664013
6.8328,7.83126,-0.363015
6.90396,8.83253,-0.401602
7.05485,9.78732,-0.720219
6.96718,10.7904,-0.84011
6.9532,11.8181,-0.892343
7.07598,12.8007,-0.75938
7.03055,13.4708,-1.47954
6.8836,14.3658,-1.08506
6.9404,14.9532,-1.90004
7.10733,15.3348,-0.977483
7.0274,16.3634,-0.933546
6.91176,17.3567,-0.739152
6.93801,18.2128,-0.167998
7.00929,19.1974,-0.0439314
7.07384,20.2087,0.0351726
7.06304,21.1766,-0.222159
7.16394,22.2108,-0.159154
7.10347,23.0102,-0.731477
6.92034,23.8347,-0.00900601
7.14051,24.8318,0.0708762
7.06961,25.8425,-0.153093
6.89425,26.8517,-0.00418409
6.97883,27.8409,0.129685
6.95884,28.8557,-0.14387
7.90349,2.31691,-0.590732
7.95112,3.32353,-0.565838
7.90058,4.32116,-0.675939
7.93637,5.25911,-0.302655
7.93513,6.23219,-0.673473
7.96813,7.26427,-0.655141
7.84471,8.19781,-0.375753
7.89419,9.17833,-0.621064
7.98458,10.1841,-0.728227
7.92289,11.1951,-0.975463
7.88805,12.1897,-0.930396
8.03444,13.205,-0.958412
8.01668,13.5753,-1.84493
7.92744,14.4061,-1.26414
7.93757,15.0101,-2.13238
8.10284,15.4,-1.22907
8.05375,16.3854,-1.05857
7.89738,17.3047,-0.720222
7.98824,18.1235,-0.136302
8.00515,19.1585,-0.284097
7.96942,20.1976,-0.361782
8.05332,21.2022,-0.396338
8.16997,22.1546,-0.0762139
8.04952,23.0581,-0.518909
7.8478,24.0284,-0.322544
8.17815,24.945,-0.0799677
8.03884,25.8967,-0.36389
7.85222,26.9326,-0.489593
7.95086,27.8764,-0.0861812
7.95454,28.8315,-0.0624439
8.8659,2.64751,-0.27875
8.96895,3.62785,-0.511487
8.87468,4.59853,-0.399435
8.9183,5.62249,-0.374804
8.9862,6.58344,-0.702417
8.96539,7.57254,-0.52562
8.85676,8.58196,-0.53195
8.83759,9.59965,-0.61492
8.88509,10.5864,-0.935585
8.89186,11.6163,-1.00961
8.84693,12.6441,-1.10073
8.92451,13.6748,-1.18368
8.99572,13.8087,-2.21457
9.01109,14.488,-1.46575
8.96649,15.0859,-2.33402
9.12788,15.3221,-1.3511
9.04142,16.2372,-0.872188
8.89809,17.2251,-0.807837
8.95824,18.183,-0.491009
9.0678,19.1865,-0.341285
8.95798,20.1788,-0.537495
9.01793,21.1827,-0.590945
9.1929,22.1035,-0.20405
9.026,23.0762,-0.474178
8.87988,24.0408,-0.131806
9.18552,24.9705,-0.0299692
9.08951,26.0325,-0.111554
8.88269,26.8456,-0.595709
8.86508,27.5805,0.135435
8.95365,28.5953,-0.120588
9.84677,2.94528,-0.13336
9.96007,3.73336,-0.743745
9.89225,4.77182,-0.590631
9.94579,5.77141,-0.510013
9.98047,6.75502,-0.593039
9.99766,7.78166,-0.40416
9.8675,8.8078,-0.52678
9.80649,9.7991,-0.50907
9.91117,10.7977,-0.840773
9.94174,11.8471,-0.871685
9.88303,12.8242,-1.15335
9.91358,13.8223,-1.37978
9.97374,13.8798,-2.41612
9.96297,14.6774,-1.77092
9.88505,15.2881,-2.55508
10.1319,15.373,-1.56712
10.0166,16.256,-1.03169
9.96184,17.3099,-0.977282
9.95515,18.3357,-0.749727
10.0552,19.3173,-0.440904
9.95806,20.3086,-0.572115
10.0574,21.3067,-0.71793
10.1625,22.0249,-0.0196142
9.91656,22.9776,0.0949889
9.91973,23.9675,-0.0432173
10.0934,24.9192,0.348366
10.1204,25.8663,-0.00204474
9.86282,26.787,-0.321717
9.91216,27.666,0.184805
10.0095,28.5392,-0.321595
10.8817,2.94654,-0.138499
10.9682,3.88047,-0.605731
10.8843,4.90853,-0.697153
11.0037,5.85393,-0.446797
10.9904,6.86763,-0.518079
10.9995,7.87444,-0.552156
10.8665,8.92539,-0.499277
10.7883,9.86933,-0.662166
10.9941,10.8668,-0.908954
11.0229,11.8847,-1.00002
10.9046,12.8014,-1.36009
10.8894,13.7781,-1.55675
11.0268,13.8483,-2.5645
10.9527,14.4526,-1.7715
10.8679,14.9913,-2.649
11.1599,15.2235,-1.67324
11.0433,16.1749,-1.21543
10.9919,17.1993,-1.29346
10.8539,18.188,-1.12403
11.02,19.0171,-0.55107
10.9698,20.0451,-0.396222
11.0183,21.0507,-0.532011
11.1401,21.9352,-0.0855068
10.9616,22.9576,0.00954619
10.9516,23.9432,-0.16838
11.0781,24.8988,0.0975188
11.1904,25.9117,0.108106
10.8867,26.7837,-0.311277
10.9102,27.6449,0.180868
10.9746,28.243,-0.588375
11.8873,3.07272,-0.0303507
12.0269,3.96124,-0.47054
11.8465,4.92255,-0.402472
12.0379,5.93763,-0.472475
12.0417,6.96413,-0.585458
11.9782,7.95308,-0.78955
11.9321,8.95382,-0.638719
11.8411,9.94515,-0.660414
12.0608,10.8934,-1.00935
12.0325,11.897,-0.96628
11.9361,12.8269,-1.31086
11.9627,13.6937,-1.77181
11.9559,14.2305,-2.65722
12.0283,14.5756,-1.70898
11.9017,14.8944,-2.67386
12.1038,15.4563,-1.85098
12.0102,16.3918,-1.41311
11.9392,17.2187,-0.849986
11.8363,18.2401,-0.822382
11.9935,19.0736,-0.330638
12.0063,20.0451,-0.469912
11.9632,20.9475,-0.0618213
12.1263,21.8763,-0.318809
11.9573,22.8136,0.0737327
11.9511,23.8651,0.121467
12.0762,24.8408,-0.0614551
12.1813,25.8155,0.25453
11.9074,26.6736,-0.193136
11.9536,27.698,-0.179724
11.9249,28.6098,-0.578442
12.8621,3.16152,0.0392529
13.0244,4.06664,-0.490716
12.9112,5.03988,-0.19082
13.0247,6.02476,-0.448299
13.0125,7.01258,-0.725306
13.0277,7.97866,-0.506848
12.9662,8.96317,-0.799173
12.8387,9.91945,-0.898434
13.1103,10.9264,-0.822657
13.0898,11.9226,-0.879019
13.0028,12.8884,-1.23949
12.9796,13.801,-1.63009
12.9803,14.0843,-2.62401
13.0255,14.7253,-1.84804
12.909,15.0188,-2.78538
13.1603,15.4512,-1.8993
13.049,16.3721,-1.3147
12.8614,17.0235,-0.568899
12.8358,18.0733,-0.699234
13.0179,19.035,-0.510623
12.9764,20.0186,-0.346443
12.9795,20.9389,-0.0113132
13.0394,21.9406,0.00595721
12.9773,22.9483,-0.0558245
12.9573,23.9539,0.177911
13.0262,24.9444,0.21749
13.1893,25.9104,0.160338
12.8645,26.6771,-0.405802
12.9696,27.7015,-0.318806
12.9315,28.6243,-0.717902
13.955,3.17501,0.0365703
14.0612,4.0956,-0.328288
13.9995,5.11038,-0.0915525
14.0359,6.0932,-0.167418
14.1004,7.00889,-0.654366
14.1024,8.00574,-0.610135
14.0309,9.01078,-0.814057
13.8758,10.0035,-0.645778
14.1458,10.9987,-0.706418
14.0895,11.9497,-1.07073
14.0432,12.964,-1.25669
14.0181,13.905,-1.66422
14.0673,14.1768,-2.66285
14.1123,14.7946,-1.85332
13.9766,15.0107,-2.82529
14.1703,15.624,-2.0353
14.0524,16.4944,-1.56663
13.7894,17.2328,-0.939467
13.8394,18.2496,-0.853185
14.0079,19.2392,-0.783593
13.9863,19.9796,-0.0832118
13.9924,20.9571,-0.0181036
13.9805,21.9037,-0.303101
14.002,22.9168,-0.109729
13.9954,23.9578,-0.0306345
13.9972,24.9623,-0.05768
14.1923,25.9457,0.139973
13.8855,26.6507,-0.558983
13.9107,27.7085,-0.622559
13.91,28.7363,-0.493002
15.0439,3.11256,-0.0121555
15.0624,4.09117,-0.176791
15.0484,5.12862,-0.078927
15.0434,6.1483,-0.135963
15.1037,7.05693,-0.590014
15.1484,8.08617,-0.613092
15.0829,9.08144,-0.867837
14.927,10.0433,-0.682492
15.1942,11.0408,-0.692749
15.118,11.9633,-1.06669
15.0246,12.9423,-1.35034
15.0483,13.8835,-1.70097
15.1018,14.1244,-2.69844
15.1614,14.7654,-1.87615
15.041,15.0311,-2.84545
15.2102,15.6538,-2.06237
15.0285,16.3016,-1.26954
14.8414,17.1949,-0.866256
14.8414,18.205,-0.975988
15.0635,19.1834,-0.672124
15.0323,20.0491,-0.191092
14.9629,20.9623,0.191165
14.9467,21.9516,-0.0951384
15.0014,22.9383,0.105097
15.0719,23.9423,0.0945158
15.0318,24.9385,0.12375
15.1852,25.9454,0.00423597
14.8852,26.7656,-0.521064
14.9483,27.7829,-0.52945
14.9666,28.7654,-0.427265
16.0474,3.10903,0.298212
16.0511,4.08238,0.0766289
16.0855,5.07992,-0.112296
16.0755,6.07913,-0.128205
16.1261,6.97717,-0.538694
16.1972,7.96622,-0.535017
16.0843,9.00524,-0.678701
16.0264,10.0294,-0.599335
16.2071,11.0144,-0.685836
16.1942,11.9527,-1.06804
16.0195,12.8236,-1.50849
16.1302,13.819,-1.54093
16.1776,14.0368,-2.58307
16.1641,14.6557,-1.82553
16.0761,15.1025,-2.79584
16.2308,15.5604,-1.94326
15.9947,16.1253,-1.12599
15.8441,17.1157,-0.936525
15.8561,18.0944,-0.843944
16.0951,19.0259,-0.531727
15.9965,20.0448,-0.359862
15.9841,20.9788,0.142073
15.978,21.9452,-0.155953
15.9876,23.0284,-0.0664266
16.1005,23.9337,0.363326
16.0664,24.8656,-0.0488174
15.98,25.6979,-0.589294
15.9318,26.7628,-0.54449
15.899,27.7189,-0.247868
16.0023,28.7002,-0.461196
17.05,3.00064,0.254622
17.1321,4.02933,0.120515
17.0623,4.97462,-0.191189
17.0645,5.99488,-0.40358
17.0974,7.00186,-0.236778
17.2347,7.96382,-0.422626
17.1495,8.96945,-0.452235
17.1391,10.0129,-0.640861
17.2171,11.009,-0.889666
17.2765,11.9093,-1.22918
17.0864,12.9189,-1.20982
17.1664,13.9462,-1.54156
17.2373,14.0928,-2.55259
17.1888,14.8141,-1.87531
17.1711,15.209,-2.80447
17.2454,15.702,-1.95442
16.9966,16.1346,-1.08361
16.9549,17.11,-0.83245
16.805,18.1638,-0.674386
17.0904,19.1204,-0.72092
16.9736,19.9685,-0.137986
16.9592,20.9463,-0.0853206
17.0018,21.9574,-0.0580432
16.9833,22.9436,0.0988952
17.1025,23.9338,0.221967
17.1113,24.8082,-0.248585
16.9286,25.8033,-0.196951
16.9082,26.826,-0.336393
16.8636,27.7645,0.0244026
17.0281,28.7335,-0.23683
18.0195,2.78726,0.115546
18.1398,3.82877,0.0201666
18.0623,4.84678,-0.120688
18.0969,5.82073,-0.334162
18.1336,6.82964,-0.141099
18.2505,7.8502,-0.25667
18.1896,8.86219,-0.423908
18.1808,9.92741,-0.612171
18.2165,10.8666,-0.919514
18.3253,11.8831,-1.11503
18.1304,12.9141,-1.1501
18.2165,13.9415,-1.4303
18.261,14.1541,-2.45556
18.1892,14.9124,-1.80403
18.1721,15.1367,-2.7776
18.3095,15.8191,-2.02979
17.9817,16.134,-1.10386
17.9322,17.1376,-0.859169
17.8185,18.149,-0.722562
18.0549,19.0908,-0.391247
17.9984,20.0647,-0.367824
17.9678,21.0279,-0.0843776
18.0625,22.0248,0.0659322
17.9649,23.0367,0.313199
18.0367,24.0616,0.527049
18.1375,24.8737,-0.103092
17.9697,25.8809,-0.17329
17.8965,26.8318,0.00299997
17.8649,27.8243,-0.208679
18.0485,28.8189,-0.0498093
19.0867,2.60878,0.0305795
19.1277,3.65629,-0.00974761
19.0328,4.64312,-0.139872
19.0623,5.62151,-0.220087
19.1071,6.64005,-0.123176
19.2488,7.6349,-0.165114
19.1924,8.61408,-0.298749
19.1853,9.56084,-0.630406
19.2136,10.5719,-0.802506
19.2883,11.6341,-0.834834
19.1145,12.6673,-1.01079
19.1974,13.7987,-1.14764
19.2198,13.8888,-2.23894
19.2502,14.8139,-1.70953
19.1955,15.0541,-2.68036
19.3399,15.7932,-2.00359
18.96,16.3416,-1.21986
18.9766,17.2149,-0.702789
18.8868,18.2037,-0.845112
19.1291,19.0818,-0.423063
18.9854,20.0414,-0.193585
18.982,21.0536,-0.245238
19.0548,22.0574,-0.131419
18.9836,22.9749,0.366439
18.9946,23.9917,0.281625
19.1295,24.9123,-0.156194
18.9502,25.8434,-0.477847
18.8825,26.7779,-0.102005
18.9083,27.8057,-0.163512
19.0665,28.7623,-0.206079
20.0752,2.43328,-0.216752
20.0916,3.37533,0.0348979
20.0432,4.3545,-0.0130558
20.0994,5.39883,-0.18236
20.066,6.36106,0.0524308
20.1746,7.27528,-0.335374
20.2087,8.33066,-0.354512
20.1085,9.2118,-0.815741
20.1418,10.2331,-0.777548
20.2248,11.2144,-0.890051
20.0796,12.2262,-0.80502
20.0249,13.2558,-0.853117
20.0488,13.4234,-1.83196
20.0993,14.3436,-1.46476
20.1698,14.9847,-2.322
20.2205,15.6933,-1.56439
19.9302,16.2519,-0.785342
20.0025,17.2602,-0.695993
19.9697,18.2726,-0.704419
20.0657,19.1082,-0.163396
19.9662,20.1082,-0.28482
19.995,21.1183,-0.0287393
20.0953,22.0855,-0.370104
19.9627,22.9901,0.0848323
20.0036,23.9986,0.345509
20.1953,24.9377,-0.135191
19.9918,25.8296,-0.562603
19.9303,26.7318,-0.211362
19.9584,27.744,-0.077871
20.0938,28.7039,-0.27846
20.9467,2.06243,-0.601062
21.0296,2.96899,-0.199918
21.0153,4.00287,-0.113004
21.1001,5.04586,-0.0838404
20.9353,5.95441,-0.485644
21.1119,6.91945,-0.318839
21.1549,7.94918,-0.340138
21.1018,8.91273,-0.681475
21.1675,9.89803,-0.886444
21.1992,10.8976,-0.819938
20.9971,11.8076,-1.05312
20.9564,12.8244,-0.889029
21.0902,13.2229,-1.75802
21.0853,14.051,-1.16845
21.0746,14.6921,-1.90981
21.2166,15.5138,-1.34228
20.9836,16.3007,-0.819904
21.0482,17.3195,-0.610593
20.9486,18.3131,-0.471606
21.1096,19.1179,0.172814
20.9882,19.9467,-0.393063
20.966,20.9254,-0.162716
21.0787,21.9159,-0.218595
20.9592,22.8657,0.00509049
21.0423,23.8739,0.0478805
21.2362,24.8618,-0.00820338
20.934,25.778,-0.136967
20.9459,26.8115,-0.125593
20.9532,27.8267,-0.0978637
21.0366,28.7115,-0.569097
21.8939,1.65526,-0.441975
22.0335,2.65452,-0.304752
21.9922,3.64124,0.0206732
21.9626,4.60295,-0.338237
21.9518,5.62493,-0.309256
22.1015,6.62211,-0.212424
22.15,7.62599,-0.317389
22.0704,8.67281,-0.276318
22.1234,9.56169,-0.767855
22.1564,10.5502,-0.898151
21.9735,11.5272,-0.745885
21.9698,12.5762,-0.655177
22.1285,13.1643,-1.54859
22.1047,14.0344,-1.05464
22.0753,14.6445,-1.82893
22.2152,15.4256,-1.12607
21.957,16.1272,-0.42664
22.1097,17.1166,-0.576772
21.9462,18.0621,-0.324625
22.0577,18.9541,0.149864
21.9616,19.9241,-0.207437
22.0242,20.9108,-0.213272
22.0959,21.9169,-0.425437
21.9613,22.9068,-0.148894
22.042,23.942,0.0497909
22.2319,24.8271,-0.447905
21.937,25.7768,-0.23856
21.9,26.7936,-0.411805
21.9327,27.6982,0.117591
22.013,28.4733,-0.513761
22.9403,1.50328,-0.484869
23.0463,2.43118,-0.0875973
23.0038,3.40443,0.00159612
22.9056,4.36913,-0.248296
22.9051,5.39788,-0.088525
23.0727,6.41274,-0.251024
23.1636,7.37712,-0.494043
23.071,8.39373,-0.289834
23.1296,9.33722,-0.750206
23.144,10.3201,-0.655931
22.9346,11.2833,-0.478262
22.9445,12.2575,-0.688849
23.167,12.9644,-1.35811
23.0396,13.7936,-0.802518
23.1154,14.5299,-1.51986
23.1826,15.2344,-0.831458
22.971,16.1686,-0.435963
23.1283,17.1488,-0.394122
22.9213,18.1252,-0.090933
23.016,19.1418,-0.0875515
22.9613,20.0336,-0.495267
23.0191,20.8859,-0.0143925
23.0968,21.8702,-0.354823
22.9793,22.864,-0.259362
23.0123,23.8414,-0.044142
23.2154,24.8198,-0.258782
22.973,25.7715,-0.0511582
22.9701,26.6959,-0.527082
22.9476,27.6149,-0.162188
23.0064,28.5201,-0.634446
23.9944,1.28589,-0.634889
23.9967,2.10703,-0.121497
23.9964,3.1146,0.117051
23.9506,4.07019,-0.228724
23.9413,5.06689,-0.211609
24.0533,6.10321,-0.303153
24.2029,7.09102,-0.552422
24.0404,8.05429,-0.249086
24.0499,9.02249,-0.464711
24.0491,10.039,-0.272655
23.88,11.0679,-0.172701
23.9575,11.967,-0.626011
24.1624,12.7565,-1.24183
23.9923,13.5088,-0.55034
24.1152,14.218,-1.22505
24.1439,15.2847,-1.08902
24.0285,16.1456,-0.530155
24.119,17.0556,-0.131642
23.9114,18.0417,0.088525
23.9586,19.0286,0.211374
23.9696,19.8653,-0.391507
24.0754,20.8376,-0.194198
24.0871,21.8266,-0.396524
23.9711,22.8454,-0.30466
24.0616,23.7973,-0.00300302
24.0909,24.7849,0.179043
23.9292,25.8402,0.211716
23.9784,26.6982,-0.291018
24.0024,27.5989,0.124845
24.0023,28.4025,-0.47329
24.8787,0.91504,-0.416428
25.0203,1.84268,-0.0986816
24.9292,2.78445,0.259334
24.9091,3.77761,0.031547
24.9218,4.84779,-0.0688864
24.9903,5.89996,0.115058
25.1684,6.8256,-0.238231
24.9786,7.8174,-0.383764
25.0531,8.8116,-0.316672
25.0651,9.80439,-0.211408
24.8794,10.7526,-0.0395032
24.9705,11.7094,-0.349916
25.0758,12.4406,-1.02015
25.005,13.3829,-0.703876
25.0465,14.3827,-0.815964
25.0654,15.401,-0.582015
24.8523,16.1185,0.0757378
25.1157,17.0233,-0.282675
24.9907,17.9978,-0.0203772
24.9686,18.9808,-0.133122
24.9772,20.0372,-0.224754
25.0418,20.9792,0.0680044
25.1145,21.9613,-0.206693
25.0016,22.9398,-0.372204
25.0853,23.8455,0.109201
25.1229,24.8241,-0.0815332
24.8866,25.8059,-0.00108951
25.0188,26.7384,-0.229539
25.006,27.6267,0.262065
25.0001,28.4903,-0.342366
25.9489,0.737346,-0.231452
26.0344,1.69783,0.0595386
25.9652,2.69047,0.326658
25.9156,3.67913,0.167791
25.9483,4.64808,-0.0919706
26.0525,5.65452,0.109964
26.141,6.61826,-0.100659
25.9547,7.62035,-0.163494
26.0379,8.56195,-0.485928
26.0665,9.55224,-0.116248
25.8747,10.5407,0.0768822
25.9201,11.545,-0.0383953
26.0609,12.3466,-0.582168
26.0557,13.3371,-0.702277
26.0336,14.3052,-0.628101
26.0959,15.277,-0.467864
25.8608,16.0974,0.120746
26.0925,17.0984,-0.0350322
26.0187,18.0811,-0.145976
25.9984,19.0427,0.0863552
25.9652,20.0142,-0.0856807
26.0352,21.0579,-0.140184
26.0981,22.0491,-0.52425
25.9946,23.0139,-0.436979
26.0849,23.8909,0.107337
26.0326,24.838,0.38048
25.8515,25.7997,0.342442
25.9936,26.7944,0.0156285
26.0083,27.8339,0.16267
26.044,28.6476,-0.40423
26.9532,0.518943,-0.0374157
26.9912,1.51569,-0.207025
26.9188,2.51122,-0.0769005
26.9679,3.488,0.154286
26.967,4.47757,-0.0478591
27.0392,5.47982,0.174923
27.1659,6.39682,-0.160384
26.9927,7.37845,-0.124229
26.9847,8.42535,-0.116086
27.0521,9.43197,-0.370925
26.9474,10.2933,0.0669668
26.8969,11.3076,0.211679
27.012,12.174,-0.265886
27.0458,13.1741,-0.581176
27.0983,14.1633,-0.393042
27.0755,15.1499,-0.0686514
26.8828,16.0548,0.382324
27.0278,17.0695,0.28012
27.0445,18.0463,0.0641499
26.9767,19.0351,0.302991
26.9493,20.0445,-0.0891751
27.0499,21.0251,0.151372
27.0713,21.9167,-0.316446
26.9975,22.9799,-0.210147
27.0561,23.9429,0.0111545
27.0026,24.9478,0.0999725
26.9205,25.9253,0.339827
27.0045,26.8634,-0.036671
27.025,27.8853,0.0105502
27.1029,28.6953,-0.567061
27.9114,0.305432,0.0529344
27.9924,1.26124,-0.237892
27.9303,2.24641,-0.135002
28.0032,3.22616,0.220231
27.99,4.2272,0.269448
28.0304,5.24822,0.0210395
28.1221,6.2253,-0.189206
27.9646,7.20006,0.1481
27.9769,8.22768,-0.0150365
28.0072,9.23807,-0.0810389
27.9857,10.2543,0.215671
27.9768,11.2646,0.224586
28.0526,12.0471,-0.434114
28.0883,13.0624,-0.452382
28.0649,14.0693,-0.226292
27.9989,14.955,0.254344
27.8835,15.9515,0.162658
28.0229,16.994,0.113642
28.032,18.0231,-0.0370098
27.9682,19.042,0.151637
28.014,20.0467,0.031727
27.9673,21.0033,-0.360002
28.09,22.0196,-0.221751
27.9511,22.9499,0.122898
28.0318,23.9813,0.0890713
28.0261,24.938,-0.0123112
28.0132,25.9526,0.215558
28.0725,26.8356,-0.230482
28.0278,27.8352,0.0817835
28.0725,28.7986,-0.273788
28.9682,0.0520493,0.0933409
29.018,1.03433,-0.217386
29.0093,2.0701,-0.0908628
29.0228,3.0663,0.0986023
29.0161,4.06634,0.228709
29.021,5.03297,0.380856
29.0838,6.06579,0.137706
29.008,7.09848,-0.0236641
29.015,8.11304,0.211277
29.026,9.03819,-0.133216
29.021,10.0344,-0.0910062
29.0135,11.0341,0.194461
29.0096,12.0085,-0.141307
29.009,13.0024,0.0151646
29.093,14.0041,0.118247
29.0024,14.9868,0.0681722
28.9134,15.9937,0.0549608
29.0142,17.0444,-0.00415052
29.011,18.0142,0.154686
28.9566,19.0131,0.0802789
29.0126,19.995,-0.120722
29.0103,21.0271,-0.158736
29.0189,21.9691,0.240526
29.0172,22.9699,0.116709
29.0198,23.9812,0.238743
29.0292,24.9691,-0.0109592
29.0033,25.9968,0.0105716
29.0971,27.0254,-0.0208838
29.014,28.0128,0.0956938
29.047,28.9888,-0.100345
