0.00061037,0.000634785,-0.165307
0.008652,1.25633,-0.234751
-0.0239021,2.53468,-0.216877
-0.0159886,3.80841,-0.217344
-0.00871303,5.10508,-0.138282
0.0218665,6.39207,-0.176315
0.00496536,7.69219,-0.0934263
0.0573504,8.90326,-0.137938
0.0453413,10.1851,-0.271789
0.165764,11.4458,-0.303897
0.150896,12.697,-0.481112
0.169402,13.8454,-0.718088
0.194409,14.8671,-1.20648
0.176333,15.9134,-1.41261
0.0623554,16.7002,-0.775317
0.157158,17.6888,-0.835127
-0.0173254,17.5712,0.159261
0.00985137,17.7035,-0.830879
0.00175176,18.0107,0.179571
-0.0131443,18.9993,0.300452
0.867666,0.405414,-0.409442
0.897763,1.64585,-0.399976
0.877575,2.93582,-0.359438
0.926838,4.202,-0.324012
0.929594,5.49521,-0.258473
0.980288,6.79698,-0.233659
0.93408,8.09642,-0.283975
0.966219,9.39307,-0.264794
1.01259,10.6641,-0.215925
1.07608,11.9837,-0.237416
1.16482,13.2408,-0.303986
1.19969,14.4027,-0.784082
1.23508,15.3283,-1.47497
1.15395,16.3876,-1.51457
1.06556,16.9951,-0.734886
1.1189,17.9738,-1.01677
0.912125,17.7591,-0.0534745
1.02835,17.7798,-1.02694
1.00955,18.0431,-0.0215796
1.02746,19.0127,0.250557
1.88561,0.620096,-0.391903
1.86941,1.93304,-0.298474
1.82962,3.25246,-0.345848
1.86423,4.56267,-0.338716
1.89409,5.8916,-0.210392
1.87712,7.22217,-0.260698
1.89262,8.58842,-0.287667
1.88633,9.93498,-0.222068
1.85367,11.2934,-0.0463118
1.83717,12.7192,-0.00462966
1.8402,14.2214,0.139256
1.9064,15.4077,-0.816706
1.95907,16.0414,-2.24647
2.01468,17.2173,-1.75656
2.0344,17.2993,-0.496472
2.10019,18.1179,-1.06456
1.97045,17.7997,-0.0814844
2.00743,17.9021,-1.04663
2.07353,18.0166,-0.0751762
2.0469,18.929,0.352263
2.87256,0.375484,-0.248881
2.82193,1.66866,-0.270537
2.79343,2.94891,-0.27907
2.81652,4.21758,-0.313431
2.84013,5.52161,-0.307898
2.81344,6.78526,-0.358486
2.75536,8.02907,-0.373925
2.7709,9.36561,-0.388061
2.58922,10.6349,-0.301129
2.55023,11.9187,-0.245451
2.40581,13.185,-0.281176
2.40719,14.2871,-0.782467
2.42553,15.1753,-1.55801
2.65799,16.1958,-1.61475
2.81279,16.5882,-0.711698
2.98291,17.5745,-1.11051
2.97765,17.6329,-0.100241
3.02415,17.8276,-1.12013
3.12838,18.0567,-0.143727
2.97859,19.0395,-0.0323008
3.8749,0.308896,-0.32866
3.86484,1.53542,-0.346959
3.80336,2.75816,-0.396728
3.81264,3.91907,-0.342952
3.76238,5.09498,-0.403635
3.72401,6.27182,-0.429411
3.64827,7.50173,-0.390109
3.58776,8.6941,-0.466094
3.42466,9.89045,-0.432313
3.2721,11.0885,-0.474718
3.16516,12.279,-0.491934
3.16206,13.3547,-0.756624
3.12557,14.3478,-1.24558
3.31547,15.3401,-1.37603
3.75871,16.0118,-0.80217
3.87831,16.9471,-1.07329
3.93398,17.2596,-0.100711
3.97244,17.5316,-1.09403
4.15277,18.111,-0.23311
3.96498,19.0549,0.0508683
4.90259,0.170894,-0.243889
4.87095,1.32609,-0.269988
4.7895,2.45506,-0.136189
4.77871,3.6479,-0.199808
4.73512,4.80029,-0.268746
4.73037,5.93598,-0.229502
4.61494,7.04488,-0.38844
4.45021,8.17541,-0.425916
4.30791,9.30785,-0.471456
4.14016,10.3916,-0.417322
4.02076,11.5172,-0.575774
4.02738,12.5905,-0.796298
3.96732,13.6054,-1.03904
4.13966,14.5832,-1.19264
4.58317,15.4223,-0.821332
4.71388,16.4248,-0.809931
4.96699,17.1128,-0.145451
5.00094,17.6198,-1.01044
5.19458,18.0508,-0.133705
4.92073,19.0363,-0.0920743
5.88627,0.0573534,-0.0827692
5.85494,1.15431,-0.0641591
5.79375,2.29706,-0.099414
5.73423,3.39106,-0.0378491
5.70193,4.47966,-0.200821
5.69901,5.57945,-0.274029
5.63489,6.6589,-0.332908
5.51839,7.74945,-0.431843
5.28501,8.83036,-0.50546
5.08047,9.89684,-0.507871
4.94725,10.9826,-0.572018
4.93366,12.0213,-0.818778
4.91118,13.0119,-0.951588
5.08457,14.0568,-1.12865
5.48887,14.883,-0.789636
5.57221,15.9375,-0.700519
5.89546,16.6886,-0.140669
5.96315,17.3187,-0.97824
6.18879,18.122,-0.396448
5.98732,19.039,-0.129917
6.93189,0.132752,-0.0146275
6.90242,1.23269,0.00580767
6.82387,2.28624,0.00564287
6.74373,3.34329,-0.0450667
6.71187,4.36973,-0.311722
6.66678,5.44587,-0.345836
6.66782,6.48596,-0.433625
6.49384,7.53472,-0.377505
6.34707,8.54299,-0.435856
6.17843,9.61885,-0.43271
6.02803,10.7003,-0.566973
5.96712,11.7079,-0.603464
5.9638,12.6968,-0.840861
6.12048,13.7254,-1.08452
6.48178,14.6638,-0.816446
6.54427,15.6447,-0.66968
6.87106,16.5055,-0.283016
6.98225,17.2876,-0.913791
7.17111,18.1769,-0.426292
6.96853,18.9982,0.212467
7.9264,0.00943022,-0.087167
7.89651,1.06107,-0.0856075
7.84551,2.1013,-0.12125
7.78736,3.17037,-0.0855129
7.74882,4.17985,-0.288144
7.67712,5.23345,-0.209473
7.64323,6.26151,-0.199353
7.5372,7.34621,-0.288934
7.42879,8.4234,-0.238014
7.253,9.4473,-0.27065
7.12102,10.4331,-0.626957
7.00628,11.4352,-0.625398
6.98358,12.433,-0.703949
7.15493,13.3952,-1.02084
7.45504,14.3482,-0.81319
7.57575,15.3606,-0.710694
7.92155,16.2572,-0.336174
7.90568,17.2588,-0.545595
8.10604,18.0866,-0.0159978
7.96875,19.0365,0.165014
8.98697,-0.0445357,0.0148412
8.93407,0.977767,-0.0675649
8.86776,2.05295,-0.079812
8.76725,3.07464,-0.254823
8.77887,4.06957,-0.255168
8.75423,5.15704,-0.292593
8.66675,6.13101,-0.0810663
8.57883,7.17063,-0.138923
8.4427,8.18535,-0.139991
8.35994,9.23701,-0.264772
8.24936,10.2382,-0.570717
8.07061,11.2337,-0.585311
8.06405,12.287,-0.658846
8.24474,13.2983,-0.79378
8.47295,14.313,-0.689499
8.62047,15.3101,-0.541823
8.98077,16.1944,-0.20893
8.88234,17.1581,-0.295871
9.08297,18.1806,-0.340333
8.99222,19.0046,0.271508
10.0288,-0.13611,-0.039201
9.90276,0.893707,-0.0803461
9.90945,1.92411,-0.173894
9.8137,2.92381,-0.48132
9.82592,3.98253,-0.31652
9.78422,5.04206,-0.259111
9.72501,6.06675,-0.198102
9.58999,7.05363,-0.176437
9.53473,8.10575,-0.312381
9.40123,9.12976,-0.358095
9.36672,10.1126,-0.519489
9.12689,11.1601,-0.571612
9.19739,12.1617,-0.621381
9.36032,13.1664,-0.783486
9.5389,14.1608,-0.718915
9.62904,15.1511,-0.450703
9.96747,16.0799,-0.181802
9.84518,17.0069,-0.047087
9.97702,18.0595,0.0819117
10.0213,19.0351,0.298477
11.041,-0.00560015,-0.0982238
10.8929,1.06587,0.0217963
10.8879,2.0908,0.0661184
10.8459,3.05727,-0.25913
10.8686,4.09069,-0.221775
10.8468,5.09733,-0.17571
10.7617,6.13352,-0.0916593
10.6824,7.16506,-0.174804
10.5479,8.12833,-0.488983
10.4105,9.13261,-0.474334
10.4367,10.1291,-0.617756
10.2221,11.1132,-0.719095
10.286,12.0817,-0.458684
10.4085,13.1051,-0.512839
10.5661,14.1547,-0.710343
10.6833,15.1441,-0.633876
11.0012,16.014,-0.205805
10.8504,16.9887,0.0125401
10.9569,17.9547,-0.0820643
11.0035,19.0276,-0.0103763
12.0176,-0.00255745,0.18916
11.93,1.01272,0.186731
11.9489,1.99488,0.111319
11.8289,3.01724,0.0595141
11.9593,4.06131,0.0116977
11.8454,5.0656,0.0319895
11.8132,6.07541,0.165755
11.7613,7.04596,-0.26961
11.5563,8.10215,-0.156539
11.4644,9.09344,-0.515516
11.509,10.1041,-0.561754
11.3253,11.13,-0.623029
11.4062,12.1323,-0.521641
11.4644,13.1702,-0.549757
11.5398,14.1765,-0.651231
11.6542,15.1836,-0.400079
12.0198,15.9814,0.0643941
11.8575,16.9829,-0.0444441
11.9844,17.9992,-0.139961
11.9952,19.0431,-0.0852565
12.9942,0.0118961,0.36129
12.8662,0.998517,0.521299
12.9537,2.02326,0.210434
12.8431,3.0088,0.369201
12.9474,3.96127,0.0115665
12.8984,5.0227,0.0905393
12.8252,6.0006,-0.0551531
12.7875,6.97614,-0.180776
12.6271,7.96615,-0.191162
12.5654,8.97247,-0.482446
12.5555,10.021,-0.544298
12.4178,10.992,-0.601657
12.4725,11.9766,-0.436003
12.5503,12.9856,-0.590814
12.5537,13.9904,-0.692563
12.7266,14.9803,-0.26389
12.9693,15.9837,-0.345347
12.9193,16.9858,-0.0938231
13.0758,18.0151,-0.195923
13.0127,19.0253,-0.295474
14.0303,-0.0308969,0.359075
13.8785,0.954595,0.261348
13.9957,1.92817,0.00563372
13.7781,2.91343,-0.0582354
13.9592,3.96606,-0.220524
13.9175,4.98875,-0.0771661
13.8738,5.98254,-0.0254158
13.8384,6.99023,-0.0904813
13.7282,7.96398,-0.303858
13.6235,8.97574,-0.539241
13.6583,10.0203,-0.551051
13.5072,11.0178,-0.426771
13.541,12.029,-0.374374
13.6463,13.0343,-0.429002
13.5952,14.006,-0.450661
13.7576,15.011,-0.392709
13.9696,16.0338,-0.267376
13.9087,16.9836,0.0991394
13.9877,17.9771,0.182846
14.0161,18.9298,-0.108408
15.0221,0.00222785,0.400458
14.876,1.01828,0.287103
14.968,2.06847,0.00089114
14.7553,3.03448,-0.103357
14.9722,4.01941,-0.0671255
14.9281,5.08222,0.0513382
14.9203,6.06577,-0.0638264
14.8776,7.11449,-0.135694
14.7411,8.06293,-0.471697
14.6451,9.02875,-0.308975
14.6941,10.0294,-0.464049
14.573,11.0387,-0.48345
14.6482,11.9763,-0.299991
14.7256,12.9883,-0.393326
14.6579,14.048,-0.388821
14.842,15.0653,-0.356905
14.9633,16.039,-0.137919
14.9283,17.0742,0.0584582
14.9871,18.1077,-0.03708
14.9892,19.1504,0.138356
15.9575,-0.075042,-0.0158666
15.8787,1.00977,0.265087
16.011,1.99224,0.0747826
15.8111,2.99547,0.167458
15.8761,3.97135,0.312354
15.9777,4.94581,-0.039259
15.9543,5.98876,-0.141194
15.9553,6.97485,-0.243825
15.7978,8.06611,-0.31521
15.6812,9.07816,-0.389819
15.8207,10.0765,-0.464229
15.7288,11.0962,-0.404981
15.6985,12.0538,-0.112043
15.8068,13.0132,-0.399356
15.7139,14.007,-0.389795
15.9068,15.0282,-0.330613
15.9811,16.0549,-0.236549
15.9123,17.0262,0.0199744
15.9674,18.0112,0.199677
15.9773,19.0185,0.034489
16.9892,0.0559099,0.135362
16.9179,1.03278,0.345473
16.994,2.09284,0.318329
16.9057,3.0483,0.13289
16.9264,4.0122,0.419065
16.9823,4.94915,-0.0194678
16.9747,5.9329,-0.124586
16.983,6.98941,-0.226212
16.8372,8.03536,-0.232322
16.7871,9.04938,-0.37651
16.898,10.0206,-0.311548
16.825,11.0531,-0.33187
16.7399,12.0361,-0.104135
16.8307,13.0415,-0.111213
16.7961,14.0632,-0.223966
16.9027,15.0873,-0.116303
17.0151,16.1048,-0.116898
16.9437,17.0577,0.237709
16.9908,18.0498,0.266512
16.9722,19.0618,0.0472823
18.0166,-0.044438,0.169601
17.9234,1.0342,0.34601
18.0035,2.03847,0.0668935
17.9205,3.01866,0.453288
17.9528,4.01781,0.238227
17.983,5.1016,0.1493
17.9688,6.08926,0.0659444
17.9584,7.07596,-0.195593
17.8992,8.08545,-0.314557
17.8317,9.09939,-0.378014
17.9803,10.0253,-0.221113
17.8464,11.0035,-0.226798
17.8611,11.9864,0.000656148
17.919,13.0071,-0.129588
17.8807,14.0262,-0.202454
17.9162,15.017,-0.0138493
18.0004,16.0463,0.0386914
17.9039,16.9568,0.477465
18.018,17.9664,0.353945
17.9889,18.9601,0.295074
19.0456,0.0121342,0.114115
18.9711,1.01106,0.321088
18.9664,1.9698,0.0745994
18.9542,2.92528,0.346553
18.986,3.93355,0.181823
19.0006,4.9758,0.181387
19.0025,6.04483,0.16653
19.0164,7.01658,-0.0823298
19.0222,8.00231,-0.322288
18.9094,9.01934,-0.422065
19.0635,9.93475,-0.0616993
18.8984,10.9171,-0.25472
18.9884,11.9359,-0.0637623
18.9391,13.0034,-0.0720878
18.9479,14.0241,-0.194519
18.9573,15.035,-0.0788934
19.0395,16.0003,0.244026
18.9891,16.9957,0.365648
19.0574,17.9875,0.421079
18.9932,18.9783,0.327824
