3.03292,4.60247,0.046144
3.23273,3.91815,0.749474
2.99384,4.74749,0.246171
2.86641,4.71587,1.18539
2.8439,5.48181,0.562352
3.36696,4.60696,0.335112
3.50572,5.51297,-0.203375
3.42766,6.00088,0.650111
3.36523,6.88937,1.14926
3.11255,7.84575,1.09173
3.16153,3.64987,0.318534
4.12691,3.50322,0.536741
3.27913,3.9492,0.740126
3.4001,4.00679,1.70483
3.19113,4.58379,0.928282
3.73462,5.40396,0.85472
2.89588,5.84994,0.545659
3.02968,6.83757,0.235347
3.51173,7.65631,0.509616
2.59262,8.10242,0.254173
2.91426,4.47538,-0.228419
3.7678,3.90605,-0.307926
4.04541,4.50821,0.440516
3.21881,4.67506,0.982788
3.97951,4.7104,0.333787
3.72122,5.56181,-0.124091
3.19745,6.39952,-0.24048
4.0516,6.58892,0.308216
3.3037,6.75599,0.952483
2.5972,7.46228,0.978417
3.77086,4.01124,-0.3713
4.18152,3.09936,-0.685763
4.28192,4.07678,-0.443013
3.9134,4.13206,0.537629
4.72026,4.52689,1.01467
4.45542,4.86599,0.0810205
3.82401,5.63618,0.0559038
3.1748,6.18771,0.592572
4.10343,6.39385,0.446773
3.20081,6.87798,0.442784
3.56302,3.1121,0.0113132
4.42927,3.68051,0.0840114
5.00156,4.52073,0.283013
4.2878,4.45288,-0.395074
4.59346,5.19539,0.282205
3.66351,5.11624,0.634812
4.64099,5.34855,0.554649
4.18825,6.17738,0.834437
5.10745,6.20351,0.512329
4.23126,6.72489,0.66086
4.39036,3.68902,-0.0458754
5.13135,4.36333,0.219071
4.71486,4.12217,-0.616312
5.18995,4.80532,-0.132261
5.49181,5.53471,0.475622
4.4882,5.66911,0.398547
5.4265,5.63358,0.000567644
4.4552,5.79845,-0.0361736
5.43893,5.52701,-0.154637
4.90449,6.00797,0.524677
5.30773,4.14106,0.037257
4.4304,4.34836,-0.47488
5.27973,4.67148,-0.00307627
5.68469,5.44546,0.498334
5.66256,6.43755,0.114716
5.3153,5.48247,-0.107422
6.31559,5.24023,-0.232862
5.37156,5.466,-0.0969207
5.97634,4.63414,-0.0954192
5.3606,5.12137,0.529685
4.86019,4.0823,0.915305
5.11946,3.80417,0.00777917
5.70212,4.16594,-0.737718
6.08727,4.98383,-0.246376
6.19606,5.64845,0.502307
5.94296,6.26251,-0.23773
5.5272,5.56884,-0.810694
6.27477,5.90368,-0.260237
5.65302,5.505,0.393963
5.90197,5.5036,1.36462
5.51251,4.80889,0.914078
5.87133,3.88849,0.673714
5.62445,4.71888,0.117722
5.34006,5.64968,-0.0677114
6.12588,4.96199,-0.250081
6.71898,5.73489,0.0968444
6.44271,6.02609,-0.838923
7.22719,6.25314,-0.243837
6.46709,5.61656,-0.306446
6.42798,5.93297,0.638762
5.83937,4.68192,-0.0306284
6.5909,4.57214,0.612848
6.48214,4.9331,-0.381555
6.36449,5.77312,0.115143
6.75663,5.66013,-0.816733
6.23139,6.45197,-0.47796
7.25333,6.28896,-0.323667
7.42273,7.28299,-0.202426
7.10988,6.33781,-0.268413
6.56936,5.46528,-0.268432
