5.39553,-3.07074,4.21832
-11.3933,-17.0065,2.36356
0.112803,8.05202,-9.85919
16.1625,-0.656032,11.4285
7.16085,-3.14146,-6.6276
-8.26489,-1.28455,2.01319
7.10746,7.99354,1.6004
-1.25174,12.7976,-1.66903
9.8731,0.542961,-15.4869
2.80122,3.21336,-9.26973
0.54561,-5.04547,1.86044
-4.4701,-8.28505,0.417624
0.936885,-0.0132725,-2.44148
8.23273,-0.491995,4.07218
4.56253,-1.03856,-0.887719
-1.35565,0.590411,0.708933
2.37712,4.99332,0.00706198
1.14011,7.50644,-3.68417
2.97854,3.968,-8.26534
-4.18267,5.99823,-2.62804
0.809705,-1.68413,-0.254482
-1.18224,-3.99261,-0.0824915
1.7338,-1.51728,0.180685
4.90004,-0.637901,2.07548
3.28902,0.479696,0.901303
1.13106,1.97339,1.00604
1.44459,4.24787,0.447285
1.38366,6.19311,-1.06946
1.30777,5.98682,-3.08188
-1.3274,7.44164,-0.261061
1.97221,2.0561,-2.14302
0.945128,-0.106516,-0.944688
2.52845,0.593814,0.23137
3.83407,0.997092,1.60172
3.33635,1.9732,2.27275
2.23668,3.09967,2.50348
2.01757,4.87029,2.16473
1.87396,6.40767,1.60104
0.783776,7.65455,1.66167
-1.4479,9.81401,3.72842
3.21217,6.04815,-4.22966
2.83645,3.53064,-1.81945
3.54555,2.78603,0.282485
4.13576,2.76944,2.04135
3.96446,3.20567,3.62652
3.03054,3.94797,4.35068
2.64406,5.25172,3.99333
2.53047,6.77688,4.25986
1.49775,8.30449,6.17216
-2.65247,12.4752,8.03264
4.4586,10.1372,-7.0811
4.7513,6.5746,-1.5964
4.87421,4.6922,0.941453
4.89384,4.09468,3.27824
4.65162,4.15207,5.36519
3.64274,4.53482,6.33178
3.37054,5.42139,5.77596
4.26424,5.62111,5.80167
6.09525,4.48787,7.23215
10.7325,0.515098,8.03603
0.636106,11.7068,2.92803
5.63996,3.90516,3.99464
6.23765,3.87021,3.08781
5.65025,4.32044,5.35824
5.04782,4.69567,7.7028
4.01445,5.03317,8.48913
4.26068,5.63609,7.42418
5.2109,5.76657,6.57828
6.12913,5.03318,5.6146
5.59623,3.20331,4.38257
15.0103,-12.927,12.295
10.2564,-4.05235,7.06467
8.37308,2.49832,3.29448
6.46503,4.60278,7.29888
5.17289,5.26975,10.4688
4.10698,5.60498,10.7133
4.74966,6.07042,9.16373
5.82288,6.55355,7.54053
7.13711,6.799,5.58661
8.96222,7.12635,3.34078
-0.454732,-9.83292,-1.07471
7.52549,-3.47301,2.29508
7.34754,7.97174,-2.06607
4.99325,6.87105,10.8493
4.26043,6.0474,14.2476
4.09395,5.92242,13.0802
4.65197,6.32814,11.1664
5.37342,6.82651,9.32367
5.9807,7.4332,7.41697
5.60405,8.79399,6.31565
6.75607,-10.1406,3.90587
14.0554,-10.5715,9.02006
8.6664,16.7233,-15.0297
2.20394,6.19794,23.7026
3.16684,6.10419,18.8028
3.70194,6.09806,15.6289
4.41467,6.3329,13.1837
5.01345,6.78184,11.0241
5.53218,7.39437,9.18225
5.72953,8.20184,7.77606
