-0.170885,1.01146,-1.13518
0.0242836,1.37144,-0.206064
0.0179266,2.35611,-0.218671
0.000936918,3.35513,-0.25659
-0.184725,4.25104,-0.599716
-0.0876125,5.29052,-0.477767
-0.117692,6.28117,-0.105582
-0.123078,7.29015,-0.272582
-0.138099,8.33616,-0.408438
-0.138066,9.33332,-0.353136
-0.116984,10.3662,-0.397858
-0.11941,11.3158,0.0642567
-0.27496,12.2106,-0.40622
-0.144325,13.2144,-0.769735
-0.0770837,14.2422,-1.03439
-0.0911283,15.2151,-0.759246
-0.12779,16.1446,-0.345656
-0.248262,17.1034,-0.0271126
-0.111673,18.1016,0.0451125
0.108356,19.0788,0.0126011
0.068865,20.0417,-0.36028
-0.1786,20.956,0.0617512
-0.185803,21.9065,0.349138
-0.0959929,22.9374,0.324113
-0.120954,23.9829,0.0629933
-0.15894,24.9597,-0.0736595
-0.0440504,25.9485,0.17384
-0.00160222,26.7793,-0.397635
-0.0585162,27.7473,-0.121024
-0.164736,28.7809,-0.205661
0.774267,1.34019,-0.945299
1.02875,1.66502,0.00542619
1.02631,2.65561,-0.193179
0.918986,3.61572,0.0186468
0.855138,4.49106,-0.498688
0.874554,5.48918,-0.353609
0.89389,6.55369,-0.253673
0.837001,7.54095,-0.462502
0.87033,8.51368,-0.314496
0.911838,9.52342,-0.503647
0.941227,10.5018,-0.377905
0.81963,11.4876,-0.229365
0.746297,12.42,-0.568062
0.800848,13.4449,-0.783953
0.91128,14.3112,-1.24946
0.918601,15.0818,-0.48486
0.887423,16.1404,-0.46766
0.763189,17.1487,-0.257918
0.826383,18.1624,-0.266027
1.05296,19.1877,-0.318586
1.06764,20.1832,-0.360216
0.830644,20.9435,0.22031
0.822169,21.9599,0.114371
0.918125,22.9313,0.416584
0.846095,23.9093,0.343919
0.769613,24.9207,0.336421
0.953499,25.877,0.117792
1.05494,26.5739,-0.556627
0.907172,27.5291,-0.141694
0.837294,28.5563,-0.0934538
1.7316,1.51007,-0.630821
1.95747,1.95278,0.263628
2.06077,2.92278,0.0476455
1.88823,3.91003,0.0973815
1.8034,4.75827,-0.416428
1.90117,5.73309,-0.491177
1.94142,6.74393,-0.438221
1.8295,7.71923,-0.762307
1.90088,8.63133,-0.401178
1.98482,9.65365,-0.457826
1.90236,10.6642,-0.298572
1.89107,11.6865,-0.249376
1.75704,12.4653,-0.860417
1.83744,13.4433,-0.994278
1.96408,14.394,-1.42676
1.91958,15.211,-0.780837
1.92971,16.1674,-0.38919
1.75245,17.1488,-0.598865
1.83395,18.1132,-0.461434
2.09836,19.0842,-0.471194
2.09223,20.08,-0.22599
1.82695,20.9186,0.288714
1.82181,21.9062,0.0803522
1.90133,22.8371,0.425224
1.84814,23.8521,0.454524
1.85127,24.8047,0.149928
1.9596,25.8155,0.368316
2.12084,26.4673,-0.429051
1.95311,27.4784,-0.381405
1.81435,28.505,-0.103845
2.76088,1.60239,-0.577367
2.94986,2.12731,0.246348
3.0275,3.14413,0.232167
2.88034,4.12337,0.272964
2.80864,4.96945,-0.338871
2.91451,5.94275,-0.437944
2.94823,6.98872,-0.41821
2.81145,7.87609,-0.866381
2.92778,8.82789,-0.564528
2.97487,9.83775,-0.564504
2.95232,10.8322,-0.440007
2.92586,11.8425,-0.374895
2.74537,12.4779,-1.18921
2.88697,13.4602,-1.189
3.0783,14.3852,-1.42599
2.9242,15.2905,-0.938118
2.96012,16.2069,-0.574844
2.75675,17.1632,-0.770357
2.91093,18.1013,-0.531254
3.12867,19.1228,-0.497876
3.12481,20.1128,-0.369683
2.84348,21.0266,0.0249733
2.86834,22.0479,-0.0862941
2.97066,22.857,0.507904
2.92325,23.8461,0.331834
2.84696,24.8322,0.133119
2.99346,25.8218,0.168688
3.10125,26.4921,-0.542485
2.98776,27.4634,-0.382998
2.90653,28.4675,-0.110111
3.7363,1.74167,-0.314969
3.90247,2.4818,0.411765
4.06435,3.43682,0.0513382
3.85341,4.42819,0.159728
3.78454,5.31042,-0.322382
3.90656,6.34823,-0.413459
4.01596,7.32017,-0.307822
3.82164,8.23848,-0.687979
3.83862,9.22497,-0.697522
3.92734,10.2165,-0.614869
3.88571,11.2171,-0.654195
4.00902,12.1627,-0.393695
3.787,12.5304,-1.28627
3.85137,13.4747,-1.51412
4.03471,14.4253,-1.6926
3.95366,15.3463,-1.25966
3.92604,16.2093,-0.761632
3.7792,17.1477,-0.957308
3.89232,18.1298,-0.697623
4.10498,19.0898,-0.696643
4.13704,20.0724,-0.58956
3.83095,20.894,-0.0563677
3.91012,21.9173,-0.0230598
3.9802,22.8216,0.377935
3.85722,23.7794,0.598074
3.84325,24.7566,0.3708
3.96728,25.7638,0.50889
4.12762,26.3159,-0.362065
3.95113,27.2697,-0.323185
3.90384,28.2447,-0.264318
4.71668,2.09506,-0.522797
4.9252,2.63817,0.337507
5.09491,3.57891,-0.00501724
4.83317,4.59449,-0.0972564
4.77219,5.56682,-0.204007
4.85706,6.56288,-0.241163
5.03287,7.55704,-0.530345
4.7844,8.53389,-0.672246
4.84181,9.52409,-0.544996
4.92015,10.5376,-0.653713
4.82414,11.4978,-0.839357
5.0196,12.4588,-0.596713
4.86822,12.658,-1.54451
4.83881,13.6106,-1.75612
5.01322,14.6387,-1.96079
4.98115,15.2116,-1.1432
4.89089,16.1277,-0.792273
4.79217,17.075,-1.15755
4.90044,18.0296,-0.765862
5.12267,18.9992,-0.689547
5.10591,19.9597,-0.349834
4.8698,20.8961,-0.111536
4.91336,21.8815,-0.130946
4.90893,22.866,-0.0282418
4.88499,23.6257,0.658394
4.87015,24.5348,0.329807
4.93222,25.5441,0.338261
5.09212,26.4421,-0.0888058
4.97996,27.3967,-0.348711
4.94672,28.4101,-0.321863
5.77478,2.20351,-0.398651
5.88458,3.01756,0.218302
6.00407,3.98361,-0.0466597
5.80251,5.0212,0.0435469
5.74465,5.97105,-0.399973
5.87516,6.95148,-0.284686
5.98965,7.87652,-0.639921
5.76763,8.80715,-0.443355
5.81867,9.79124,-0.562679
5.95755,10.8322,-0.578475
5.86562,11.7359,-0.956273
6.05719,12.7316,-0.770559
5.9474,12.7461,-1.76631
5.87439,13.7235,-1.87047
5.94837,14.6721,-2.25068
5.93455,15.2462,-1.35518
5.89271,16.1275,-0.896271
5.79917,17.1093,-1.11041
5.89995,18.068,-0.681851
6.09269,19.0288,-0.950417
6.11802,19.8805,-0.416306
5.86065,20.8698,-0.327647
5.87153,21.8767,-0.422773
5.93162,22.7775,0.106168
5.93978,23.6794,0.573052
5.94422,24.7295,0.457717
5.76907,25.4689,-0.238527
6.12642,26.4155,-0.3463
5.82858,27.2359,0.173879
5.95936,28.1081,-0.280251
6.80049,2.38144,-0.217249
6.86595,3.33711,0.155486
6.93338,4.26874,-0.277459
6.85205,5.22891,-0.0299631
6.74745,6.21791,-0.154543
6.89729,7.18788,-0.275112
7.0104,8.16395,-0.681039
6.77756,9.12516,-0.48655
6.77323,10.077,-0.812088
7.02297,11.0237,-0.564
6.86388,11.9581,-0.961638
7.0816,12.9432,-0.978524
6.88868,13.1999,-1.93423
6.81426,14.2325,-1.95699
6.82683,15.039,-2.57195
6.90768,15.3392,-1.62689
6.90406,16.1228,-0.993304
6.81765,17.0917,-1.21028
6.88239,18.1008,-0.925236
7.1272,19.0755,-0.951131
7.12056,19.9013,-0.361342
6.90511,20.9089,-0.287042
6.88827,21.9093,-0.272304
6.96835,22.7998,0.192871
6.97455,23.794,0.504379
7.04512,24.8101,0.47354
6.76765,25.4811,-0.23433
7.18177,26.3897,-0.225333
6.87479,27.314,0.0759026
6.96292,28.3027,-0.0854091
7.78714,2.46653,0.0341044
7.82094,3.48679,-0.0987335
7.88974,4.47713,-0.114371
7.77998,5.49732,-0.196908
7.76975,6.46491,-0.0856563
7.88045,7.49689,-0.176913
8.00235,8.37762,-0.663814
7.8181,9.35942,-0.681442
7.74305,10.3346,-0.84319
8.00185,11.3133,-0.686462
7.88587,12.2422,-0.975607
8.01247,13.1937,-1.22356
7.85636,13.3969,-2.1808
7.84582,14.3806,-2.03774
7.86583,15.1755,-2.6698
7.88758,15.4272,-1.6612
7.94204,16.1404,-0.957781
7.9045,17.1128,-1.05707
7.84273,18.112,-1.23854
8.12194,18.9781,-0.805786
8.19733,19.933,-0.527409
7.98184,20.8924,-0.192062
7.87904,21.8926,-0.182519
7.94922,22.8846,-0.13126
7.96676,23.7684,0.396115
8.00269,24.7428,0.25475
7.85572,25.5843,-0.256481
8.21667,26.4919,0.0176092
7.82244,27.3616,0.38367
8.03133,28.1756,-0.200668
8.79727,2.73466,0.0491745
8.80389,3.6855,-0.334968
8.86531,4.63666,-0.0340861
8.76858,5.66385,-0.235197
8.81009,6.69328,-0.0618702
8.91682,7.75022,-0.279901
8.98469,8.71619,-0.562523
8.83276,9.68083,-0.708798
8.72648,10.6352,-0.932838
8.93993,11.6234,-1.0429
8.843,12.6446,-1.15673
8.87613,13.5613,-1.52599
8.86823,13.5608,-2.58355
8.89414,14.3826,-1.98743
8.8702,15.0549,-2.75266
8.90272,15.2342,-1.72622
8.87227,16.224,-1.40276
8.95437,17.1435,-1.01301
8.84403,18.1028,-1.11541
9.1192,19.0536,-0.952327
9.22729,19.9379,-0.414927
8.99796,20.924,-0.337443
8.90895,21.8956,-0.0488998
8.99949,22.8557,-0.165725
9.00877,23.6339,0.426548
9.03332,24.5935,0.201349
8.89147,25.4539,-0.316419
9.2646,26.3945,-0.265899
8.75458,27.1959,0.127702
9.075,28.0223,-0.339039
9.74604,2.70987,-0.330747
9.83191,3.7657,-0.175024
9.86488,4.78217,0.145088
9.81012,5.73526,-0.199792
9.81332,6.773,-0.182623
9.94852,7.75852,-0.262191
10.0525,8.71563,-0.650026
9.8628,9.72763,-0.678243
9.75901,10.697,-1.0285
9.96036,11.683,-1.05421
9.91866,12.6354,-1.2532
9.87588,13.5866,-1.51411
9.86006,13.7059,-2.51487
9.90261,14.3926,-1.79622
9.78129,14.6214,-2.77652
9.88475,15.2341,-1.98651
9.89458,16.1217,-1.42233
9.95405,17.0516,-1.05116
9.81595,17.9767,-1.41699
10.1223,18.8905,-1.08518
10.1912,19.7998,-0.64854
9.98884,20.6753,-0.216724
9.93791,21.6413,-0.0481368
9.98446,22.6453,-0.163881
10.0184,23.6227,0.121415
10.0782,24.6259,0.280657
9.93613,25.4935,-0.178347
10.2954,26.3926,0.0757714
9.80923,27.3082,0.116156
10.1407,28.0408,-0.511866
10.7883,2.82041,-0.272253
10.7807,3.80917,0.0695303
10.8814,4.81615,0.18666
10.8418,5.81924,-0.0647969
10.8714,6.85366,-0.133164
11.0084,7.7903,-0.383557
11.0265,8.79076,-0.47647
10.8928,9.72299,-0.822889
10.8006,10.7963,-0.886847
10.9505,11.7688,-1.0085
10.9246,12.756,-1.07082
10.9109,13.6145,-1.53547
10.9103,13.6266,-2.5946
10.9035,14.4588,-2.05316
10.7651,14.7977,-3.02117
10.8777,15.1698,-2.05796
10.8525,16.1227,-1.71733
10.9303,16.9436,-1.07847
10.8063,17.9233,-1.26543
11.1493,18.7982,-0.924619
11.1717,19.792,-0.497253
11.0125,20.7187,-0.14904
10.8285,21.6676,-0.461696
11.0418,22.6509,-0.220121
11.0368,23.6358,-0.0371776
11.0507,24.6408,-0.0538713
10.9337,25.6001,0.104694
11.2043,26.4579,-0.327433
10.8046,27.222,0.171541
11.1463,27.8687,-0.555315
11.8373,3.00032,-0.136155
11.7893,4.00861,-0.0367565
11.8439,5.00765,0.0850368
11.9063,6.00139,0.0120762
11.898,6.96741,-0.256734
11.9769,7.85524,-0.787179
12.0068,8.86762,-0.74181
11.9637,9.88235,-0.681881
11.8338,10.8893,-1.00454
11.916,11.815,-1.31685
11.925,12.8776,-1.36936
11.9303,13.8291,-1.78026
11.9561,13.721,-2.75648
11.9288,14.427,-2.01877
11.77,14.5989,-3.08628
11.8898,15.1034,-2.1879
11.8721,16.0307,-1.78775
11.9092,16.8858,-1.22956
11.7877,17.8472,-0.960268
12.1168,18.7828,-0.764766
12.1966,19.7038,-0.406156
12.0055,20.7022,-0.40817
11.907,21.6769,-0.595471
12.007,22.7069,-0.521989
12.052,23.6026,-0.0458815
12.0067,24.6031,0.26324
11.9144,25.5724,-0.171389
12.232,26.4835,-0.516486
11.7933,27.2766,-0.0820063
12.1696,28.0475,-0.632923
12.87,3.01767,0.016483
12.8266,4.08506,-0.12555
12.9126,5.05462,0.147087
12.9044,6.10768,0.158327
12.9186,7.01601,-0.268566
13.017,7.94999,-0.626246
13.0214,8.94581,-0.869039
12.9408,9.93186,-0.897147
12.9051,10.8639,-1.19106
12.9067,11.8561,-1.47239
12.9383,12.9196,-1.43934
12.9168,13.9589,-1.67414
12.9465,13.9343,-2.73562
12.9114,14.7035,-2.05779
12.8729,14.8186,-3.08768
12.8481,15.5325,-2.3853
12.8789,16.0643,-1.52361
12.9222,17.0252,-1.27084
12.8454,17.9596,-0.814997
13.1081,18.8609,-0.536476
13.239,19.8286,-0.171593
13.0383,20.7797,-0.377844
12.936,21.7644,-0.627146
13.0471,22.7467,-0.477728
13.0413,23.6933,-0.100409
13.0349,24.6168,0.326319
12.8535,25.617,0.214231
13.2057,26.4521,-0.18822
12.7459,27.3443,-0.400839
13.1649,28.2799,-0.413813
13.9047,3.06728,0.0912992
13.8062,4.01039,-0.171621
13.9393,4.96938,0.0504105
13.9286,5.94243,-0.0126072
13.9599,6.93133,-0.273504
14.0427,7.95207,-0.590759
14.0828,8.96348,-0.749831
13.964,9.94159,-0.954225
13.9572,10.9735,-1.01278
13.9563,11.8798,-1.61457
13.9586,12.9313,-1.52978
13.9351,13.8997,-1.73525
13.9473,13.9791,-2.74524
13.9081,14.7539,-2.09559
13.8997,14.7305,-3.08133
13.8995,15.4921,-2.44851
13.8688,15.8846,-1.52922
13.9649,16.8782,-1.22231
13.8437,17.7929,-0.765554
14.1401,18.7141,-0.573931
14.2141,19.7946,-0.444212
14.0959,20.8026,-0.486575
13.9446,21.7748,-0.334635
14.0455,22.7672,-0.259484
14.0154,23.7381,0.0858058
14.012,24.7573,0.377013
13.8445,25.7918,0.110343
14.1943,26.6868,-0.131858
13.7526,27.4288,-0.604294
14.2566,28.2379,-0.290713
14.9457,3.11013,-0.124268
14.8781,4.10967,-0.18908
14.9375,5.06077,0.107099
14.9645,5.97643,-0.297494
14.9562,6.98219,-0.265508
15.0352,7.95383,-0.556734
15.0779,8.93315,-0.742125
14.9956,9.96798,-0.902542
14.9822,10.9299,-1.24806
14.948,11.9518,-1.54626
14.9754,12.9553,-1.43873
15.0148,13.8754,-1.83854
14.9723,14.0252,-2.85948
14.9646,14.6519,-2.08133
14.8998,14.6053,-3.09462
14.9464,15.3561,-2.35998
14.9224,16.0013,-1.5669
15.0016,16.9633,-1.2796
14.8709,17.8163,-0.798828
15.1468,18.7635,-0.554607
15.2325,19.8188,-0.291699
15.078,20.8383,-0.197586
14.9589,21.7788,-0.521143
15.0764,22.8073,-0.456905
15.0551,23.6969,-0.00341502
15.0022,24.7232,-0.0207709
14.8633,25.6973,0.20636
15.2376,26.5819,-0.0836665
14.7119,27.4116,-0.259838
15.3125,28.1814,-0.256484
15.9867,3.1576,0.138169
15.9425,4.07522,-0.253059
15.9457,5.05286,0.0594531
15.9917,6.03808,-0.242601
15.964,7.0482,-0.444304
16.0489,8.00096,-0.796954
16.113,9.06228,-0.751994
15.9776,10.0124,-1.10653
15.9645,10.9975,-1.17048
15.9902,11.994,-1.37108
16.0173,13.016,-1.5166
15.9809,14.0827,-1.75247
15.9427,14.2108,-2.78618
15.9496,14.9923,-2.14476
15.8855,14.8424,-3.15876
16.0291,15.3748,-2.31061
15.9371,16.2427,-1.64067
15.997,17.0821,-1.11565
15.8897,18.0226,-0.917624
16.162,18.9824,-0.744487
16.2421,19.9055,-0.393493
16.1113,20.8874,-0.440303
15.9641,21.858,-0.676745
16.0546,22.7049,-0.16332
16.0696,23.5926,0.323777
15.9748,24.6154,0.256691
15.8696,25.6164,0.210285
16.2297,26.5322,0.0681661
15.7376,27.3714,-0.289099
16.353,28.1763,-0.330293
16.982,3.28347,0.403562
16.9356,3.97715,-0.351787
16.9362,5.00532,-0.176141
17.0246,6.05276,-0.11868
16.9713,6.98686,-0.516785
17.0719,7.96411,-0.771935
17.1771,8.9793,-0.830967
17.0311,9.89854,-1.21991
17.0143,10.8927,-1.26795
17.0786,11.9385,-1.37192
17.1263,12.9474,-1.47669
16.9781,13.9999,-1.52524
16.9858,14.0148,-2.6396
16.9452,14.8783,-2.13374
16.998,14.8059,-3.10252
17.0925,15.5598,-2.30537
16.9692,16.3729,-1.72791
17.0072,17.0245,-0.929218
16.9123,18.0458,-0.971087
17.1284,18.7821,-0.265514
17.2442,19.7622,-0.597513
17.1277,20.7549,-0.542869
17.0136,21.7885,-0.446821
17.0589,22.6874,0.0795495
17.1243,23.6893,0.173852
17.0315,24.707,0.13101
16.8875,25.6783,0.283688
17.2492,26.644,0.0899747
16.7468,27.5191,-0.0999725
17.3436,28.307,-0.15623
17.9409,2.97642,0.221305
17.9264,3.89918,-0.149135
17.9627,4.87956,-0.300534
18.0332,5.89963,-0.406861
17.9959,6.8727,-0.554649
18.1729,7.81052,-0.844642
18.1552,8.86753,-0.654909
18.039,9.80924,-1.02892
18.0596,10.8671,-1.12878
18.167,11.9125,-1.17636
18.1408,12.98,-1.35341
18.0149,14.0069,-1.50672
18.0383,13.9937,-2.54039
18.0214,14.8724,-2.02713
17.9853,14.7063,-3.04133
18.0994,15.4136,-2.31122
17.9647,16.2479,-1.69929
17.9593,17.1407,-1.1502
17.9141,18.0497,-0.766103
18.1282,18.8691,-0.281542
18.2269,19.8644,-0.47568
18.1898,20.851,-0.373772
17.934,21.7611,-0.0226508
18.0415,22.7546,0.217939
18.1421,23.7435,0.0325938
18.0657,24.7159,-0.0750206
17.9111,25.6867,0.190396
18.2454,26.6632,-0.0314768
17.7336,27.5787,0.00102847
18.3651,28.3583,-0.0568072
18.9928,2.844,0.316233
18.8866,3.88081,0.0699118
19.0089,4.73098,-0.373855
19.0521,5.71652,-0.520411
19.067,6.71504,-0.732554
19.1049,7.7083,-0.460585
19.184,8.72061,-0.461965
19.0423,9.68066,-0.760817
19.1013,10.6422,-1.04816
19.1928,11.6723,-1.03823
19.1772,12.7204,-1.18659
19.079,13.8507,-1.41236
19.0541,13.9195,-2.48947
19.0295,14.7898,-1.94241
19.0481,14.8084,-2.97592
19.0923,15.5505,-2.35246
18.9324,16.479,-1.93709
19.0349,17.2666,-1.28144
18.8968,18.1675,-0.855074
19.1487,18.9149,-0.194137
19.2321,19.9001,-0.245784
19.2023,20.9031,-0.352821
19.0085,21.8023,0.0862941
19.0903,22.7976,0.176589
19.1939,23.8231,-0.0351268
19.0424,24.8283,-0.189935
18.9357,25.6908,0.282864
19.2079,26.4659,-0.251891
18.7943,27.3221,-0.0494888
19.3826,28.1365,-0.0829463
19.9954,2.63351,0.48898
19.936,3.58621,0.19068
19.9988,4.44291,-0.350746
20.0166,5.4544,-0.342604
20.0553,6.45161,-0.486065
20.1404,7.44991,-0.427744
20.1526,8.46211,-0.385815
20.0179,9.40577,-0.8314
20.1118,10.416,-0.74264
20.2169,11.4478,-0.977435
20.1327,12.4303,-1.21699
20.0054,13.4089,-1.30362
20.0534,13.7463,-2.23707
19.9985,14.577,-1.70655
19.9902,14.6153,-2.69545
20.0202,15.371,-2.05384
19.888,16.3004,-1.70043
20.0431,17.2564,-1.34949
19.9267,18.1145,-0.825877
20.1123,19.0669,-0.537043
20.234,19.9868,-0.0814814
20.1329,21.0229,-0.0570025
20.0427,21.948,0.306729
20.0783,22.989,0.352464
20.1376,23.9871,0.182321
20.0568,24.895,-0.285678
19.9677,25.5805,0.420981
20.2098,26.5094,-0.0493118
19.8523,27.4061,-0.211499
20.3488,28.2728,-0.243416
21.0079,2.42606,0.619886
20.9291,3.29959,0.0880856
21.022,4.23301,-0.337159
21.0364,5.25186,-0.371496
21.0914,6.247,-0.462206
21.1483,7.276,-0.504682
21.1931,8.31482,-0.45118
20.9618,9.28428,-0.497201
21.1566,10.2232,-0.514893
21.1797,11.1613,-0.793393
21.0923,12.1834,-0.892611
21.0251,13.2439,-0.976577
21.0305,13.65,-1.87558
20.9992,14.5449,-1.38208
21.0153,14.5616,-2.38332
21.0062,15.2716,-1.70885
20.9376,16.2533,-1.49654
21.0907,17.2113,-1.19863
20.9704,18.1997,-0.818317
21.1573,19.1293,-0.396719
21.2148,20.0751,-0.318186
21.1527,21.0204,-0.00691244
21.1258,21.9716,0.230012
21.1311,22.9425,0.489349
21.0593,23.9337,0.59617
21.0186,24.7499,-0.0093997
21.0029,25.6846,0.334214
21.206,26.6421,0.157714
20.8647,27.4499,-0.330158
21.3306,28.3229,-0.0273019
22.0291,2.22706,0.54742
22.0081,3.15635,0.151659
22.0259,3.99923,-0.393863
21.9908,4.96038,-0.22544
22.1464,5.95506,-0.277624
22.0926,6.93726,-0.341414
22.1367,7.88221,-0.571841
22.0267,8.90608,-0.483776
22.2084,9.92424,-0.476537
22.2342,10.9295,-0.636784
22.0589,11.9247,-0.659435
21.9857,12.9072,-0.902069
21.9784,13.4809,-1.72946
22.0528,14.3,-1.18166
22.0322,14.5034,-2.18176
21.9994,15.3288,-1.66394
21.9859,16.3188,-1.31479
22.1294,17.3231,-1.39985
21.9865,18.0554,-0.763967
22.1153,18.9325,-0.276186
22.2806,19.9072,-0.189486
22.1435,20.9023,-0.0964599
22.1286,21.801,0.363396
22.1189,22.8391,0.228962
22.1198,23.9052,0.349214
22.0247,24.7834,-0.165691
22.0435,25.7139,0.332124
22.2618,26.7563,0.165633
21.8728,27.5688,-0.255187
22.2872,28.4758,-0.344969
23.0809,1.88748,0.524332
22.982,2.80774,0.218613
23.0324,3.62145,-0.37467
23.0113,4.61458,-0.209394
23.1631,5.6336,-0.277282
23.1315,6.62516,-0.327393
23.111,7.61882,-0.346971
23.0595,8.60847,-0.346416
23.2324,9.65306,-0.483453
23.1799,10.6967,-0.354299
23.0819,11.7613,-0.425248
23.0146,12.6304,-0.968157
22.9992,13.41,-1.60749
23.0786,14.2151,-1.00168
23.0173,14.5487,-1.94104
23.0111,15.4225,-1.38595
22.9941,16.3734,-1.58513
23.0299,17.1527,-0.86708
23.049,18.1654,-0.830604
23.1622,19.0341,-0.387863
23.3234,20.0196,-0.0998932
23.0921,20.9196,0.232929
23.1338,21.9388,0.44565
23.0782,22.9478,0.440791
23.1527,23.9299,0.240934
23.0302,24.924,-0.104209
23.0373,25.7118,0.540464
23.2691,26.7113,0.422977
22.8903,27.4392,-0.181622
23.3075,28.3486,-0.396063
24.039,1.81228,0.774569
23.8891,2.4484,-0.0124729
24.1032,3.44053,-0.277294
24.0637,4.42943,-0.263195
24.1605,5.41089,-0.172384
24.1085,6.42698,-0.115101
24.1083,7.38213,-0.524009
24.016,8.33455,-0.121387
24.2203,9.29961,-0.401898
24.1837,10.3728,-0.389261
24.0556,11.3755,-0.466875
24.0257,12.305,-0.874715
24.0024,13.2001,-1.36148
24.1077,14.0182,-0.79761
23.9696,14.6731,-1.55885
24.0511,15.5731,-1.16773
24.0244,16.4925,-1.59236
24.033,17.1736,-0.852132
24.098,18.1824,-0.843162
24.1221,19.1383,-0.543364
24.3379,20.0435,-0.207285
24.04,20.7276,0.487069
24.1247,21.781,0.242958
24.0246,22.7459,0.608008
24.1519,23.6873,0.263485
23.9968,24.63,-0.0332377
24.0743,25.5715,0.430567
24.3043,26.522,0.368349
23.9391,27.3537,-0.134141
24.2384,28.3215,-0.073632
25.0868,1.83433,0.969564
24.9009,2.31097,0.114222
25.0488,3.13255,-0.408911
25.1,4.18614,-0.454653
25.1624,5.12903,-0.124754
25.1102,6.21371,-0.0444441
25.0917,7.17362,-0.32953
25.0049,8.15372,-0.0531175
25.2164,9.13162,-0.211667
25.1906,10.1541,-0.171459
25.059,11.1554,-0.210413
24.9864,11.9455,-0.797998
24.9568,12.9752,-1.07692
25.2038,13.9301,-0.766851
24.9925,14.5961,-1.52518
25.0578,15.4629,-1.03241
25.0415,16.4495,-1.3666
25.0508,17.1773,-0.670733
25.0968,18.2088,-0.546556
25.1298,19.1812,-0.386511
25.3483,20.0228,0.0810297
25.0291,20.8091,0.595651
25.1221,21.7604,0.212317
25.0215,22.7379,0.247645
25.1578,23.7875,0.257292
24.9664,24.7332,0.244725
25.1262,25.7587,0.39718
25.2313,26.7008,0.0945769
24.9411,27.529,-0.346358
25.2396,28.4325,0.0691488
26.1088,1.96509,1.02201
25.8923,2.28293,0.112302
26.0984,3.02945,-0.505969
26.0818,4.01503,-0.481448
26.1626,4.92322,-0.111698
26.1112,5.93392,0.114524
26.0766,6.95183,-0.060506
26.0148,7.96822,-0.0740654
26.1603,8.95364,0.169286
26.1853,9.88538,-0.143202
26.0309,10.9166,-0.341148
25.9908,11.9129,-0.506677
25.9707,12.8517,-0.850121
26.1696,13.7745,-0.570611
25.9725,14.5217,-1.17207
26.0704,15.4701,-0.857436
26.1042,16.4007,-1.23471
26.034,17.1588,-0.530424
26.0775,18.1751,-0.912787
26.1344,19.1164,-0.566469
26.3674,19.9741,-0.160295
25.967,20.8141,0.237898
26.163,21.8511,0.347282
26.0491,22.7949,0.193274
26.1477,23.7888,0.449574
26.046,24.766,0.166552
26.13,25.651,0.619834
26.189,26.6083,0.345225
25.97,27.3795,-0.318586
26.2178,28.3565,-0.143056
27.0528,1.63143,1.2918
26.9162,2.06519,0.360338
27.0464,2.68086,-0.407144
27.1137,3.69166,-0.346132
27.1804,4.68507,-0.000521867
27.1234,5.66681,0.040495
27.0685,6.65812,-0.0190283
27.0165,7.63558,-0.294827
27.1082,8.59822,-0.0526536
27.1949,9.56897,-0.217209
27.1347,10.5906,-0.269027
26.9412,11.5861,-0.456233
26.9799,12.5674,-0.60929
27.1718,13.55,-0.59906
27,14.3936,-1.09485
27.0548,15.2675,-0.620597
27.0434,16.2813,-0.816205
27.0363,17.2594,-0.491232
27.0457,18.2905,-0.645173
27.1477,19.228,-0.31836
27.3249,20.2346,-0.226969
26.9681,20.8776,0.437095
27.2237,21.8524,0.344224
27.086,22.793,0.145692
27.1186,23.8151,0.176952
27.0659,24.8077,0.196127
27.0837,25.7904,0.48587
27.1888,26.7786,0.189505
27.0227,27.5852,-0.381487
27.2141,28.5759,-0.0683554
28.0552,1.46341,1.27074
27.911,1.77407,0.342198
28.0707,2.38395,-0.451103
28.0558,3.36271,-0.0737815
28.1477,4.38694,0.112763
28.1145,5.36999,0.0620991
28.1003,6.39624,0.118506
28.0495,7.44648,-0.0273537
28.11,8.46001,-0.266253
28.2469,9.47278,-0.152968
28.1785,10.4505,-0.0968139
27.9901,11.3632,-0.502469
28.08,12.3768,-0.624097
28.1325,13.3637,-0.723719
28.0668,14.3553,-0.933564
28.0534,15.2356,-0.522956
27.9749,16.2249,-0.365612
28.0293,17.2109,-0.28034
28.0381,18.1504,-0.524534
28.199,19.1183,-0.315793
28.3471,20.1484,-0.187771
27.9918,20.9972,0.278195
28.141,21.9062,-0.115452
28.1704,22.8197,0.27073
28.1368,23.8423,0.0142705
28.0574,24.8449,0.221876
28.1093,25.8389,0.360222
28.2244,26.7536,-0.0282723
28.0405,27.7631,-0.211045
28.2377,28.7604,-0.217689
29.0957,1.49794,1.24832
28.9082,1.66363,0.289148
29.1202,2.40006,-0.375222
29.1045,3.30138,0.0669454
29.1313,4.2329,0.432005
29.1342,5.20508,0.0561785
29.1252,6.17596,0.0425153
29.0149,7.17085,-0.194876
29.0867,8.15629,-0.317896
29.2127,9.12254,-0.123634
29.1483,10.1219,-0.167745
28.9493,11.1012,-0.312613
29.1232,12.1155,-0.57994
29.1342,13.1308,-0.604181
29.0157,14.1799,-0.548518
29.0998,15.1538,-0.627528
28.9875,16.0902,-0.336995
28.9985,17.0949,-0.239225
29.0205,18.0583,-0.519495
29.1834,19.013,-0.206201
29.3291,20.0014,-0.285952
28.9955,20.8441,0.112354
29.1257,21.8633,0.162639
29.125,22.8951,-0.0409436
29.1233,23.9457,-0.0788324
29.0317,24.9211,0.10043
29.0151,25.9355,-0.0993194
29.1814,26.9388,-0.335774
29.0624,27.9108,-0.236769
29.2048,28.94,-0.125471
