12.9467,5.51243,-4.32656
-0.783905,21.9377,4.66961
-7.70994,12.0053,-13.3997
5.06211,-25.0946,12.8247
-3.391,7.56194,-14.6387
-4.66267,-29.828,-9.15333
21.9723,-11.7919,11.0024
6.74501,-2.26959,6.7358
-8.17545,11.8638,1.00818
6.77625,20.1843,0.243294
5.73163,8.1431,-5.28158
0.228556,11.7707,-1.39453
-1.83768,2.23338,-4.36919
1.70613,-11.0933,2.56061
-0.52317,-4.19916,-6.7925
1.47241,-15.3861,-4.25536
10.5023,-7.67586,3.22444
8.56455,4.42095,2.69898
7.81297,17.1335,0.828858
21.6891,28.3976,-0.536918
3.16548,7.08123,-11.5797
1.1502,7.01503,-7.09909
1.01864,1.22651,-5.05318
1.38824,-4.56751,-1.79188
1.53941,-3.75054,-3.58149
3.24093,-6.66362,-1.3317
6.12559,-0.262957,2.18919
5.63137,8.53364,3.70377
5.45653,17.3267,4.94239
8.51365,25.4767,5.39123
1.828,6.20927,-18.8259
1.31853,5.61564,-13.4659
1.28413,2.73669,-9.35694
1.40777,-0.198282,-5.52652
2.00835,0.0597888,-2.86055
2.98106,0.183724,0.32635
3.30147,5.5861,3.06411
1.83689,12.2964,5.40846
-0.598334,19.1337,8.04655
-4.22548,25.6143,11.6963
0.8099,5.64964,-26.9463
0.984017,5.22781,-19.3513
1.08985,4.13008,-13.1862
1.34006,3.39568,-7.69435
1.83569,3.90912,-3.09829
2.31376,5.35756,0.895721
1.60891,10.0185,3.68962
-0.686334,15.5174,6.24606
-6.0553,20.7473,9.79121
-16.7938,27.7078,18.833
-0.175298,5.56111,-36.91
-0.212784,5.03788,-18.9053
0.353914,4.72332,-10.5545
0.867928,5.80228,-4.97635
1.96229,7.08338,-1.17303
3.45879,8.39123,1.28237
4.5802,10.8649,2.69908
4.86023,13.7934,3.50683
3.83317,14.752,0.833198
6.64389,7.79051,-9.36456
-6.15609,21.35,2.43361
-0.591147,4.33683,-1.38948
0.749944,3.88103,-2.9464
0.679925,7.4105,0.201022
2.20927,9.8618,2.3994
4.99937,10.6423,2.9528
7.81507,11.4089,2.55879
10.8313,12.4175,1.55766
15.4727,13.6626,-1.29712
25.3216,18.7569,-4.4929
0.864327,-32.2867,21.8662
4.04643,-11.6825,8.92388
1.47091,1.30875,3.9127
-0.185086,9.93742,5.68942
2.26144,13.1297,6.14386
6.32043,12.8332,5.17729
10.6258,11.476,3.41791
15.224,9.52371,1.35759
20.8096,5.7287,-0.622691
27.2872,-3.52113,-1.72141
-12.3934,5.26413,-9.14385
16.7751,-0.833042,0.81489
-0.536149,12.7047,-1.07041
-2.08127,18.4002,9.45201
1.32441,17.5533,9.90761
5.24032,15.7771,7.87233
9.42728,14.0386,5.69617
13.7412,12.4045,3.63455
18.3726,11.5427,1.8466
19.4605,17.4183,3.22812
19.0547,-1.43113,-0.851558
50.4713,-7.99499,7.39318
-16.9496,27.1427,-6.86465
-4.44546,27.033,19.516
-0.566573,22.0081,14.2554
3.4388,18.6546,10.7679
7.54478,16.2645,7.88818
11.5585,14.5132,5.60264
15.4155,13.6058,3.7945
17.6855,15.6915,3.67211
