0.105496,0.169506,-1.67014
-0.0173925,1.47096,-1.79439
0.000979644,2.73565,-1.80902
0.0463607,4.01525,-1.88931
0.0628407,5.26212,-1.95763
0.117182,6.50156,-2.13572
0.16505,7.71239,-2.29851
0.200845,8.93077,-2.54402
0.20202,10.1218,-2.72688
0.37788,11.3263,-2.78726
0.595788,12.4717,-2.93763
0.725959,13.6205,-2.72951
0.440791,14.6348,-2.34382
0.264461,15.6261,-2.04839
0.133354,16.5138,-1.48903
0.220942,17.4744,-1.16203
-0.110013,18.2765,-0.506052
0.0399274,17.6224,-1.22809
0.0968688,18.159,-0.381961
-0.0456221,19.0092,0.230674
0.755409,0.976754,-1.8943
0.75649,2.15846,-1.9055
0.834053,3.34351,-1.92991
0.915332,4.55535,-2.00462
0.98815,5.75575,-2.08699
1.03399,7.02528,-2.20313
1.03819,8.22069,-2.38758
1.04915,9.47573,-2.63444
1.17412,10.6203,-2.79895
1.25322,11.8133,-3.04001
1.57439,13.0216,-3.27354
1.58761,14.1002,-3.03017
1.40792,15.0265,-2.49554
1.31763,15.9589,-2.07782
1.12573,16.6966,-1.44654
1.02654,17.7172,-1.69502
0.905655,18.0481,-0.745347
1.04116,17.5125,-1.57428
1.03295,18.1257,-0.757414
0.781698,19.0202,-0.352254
1.77819,1.24896,-1.98481
1.8017,2.41517,-1.87972
1.85153,3.61727,-2.02538
1.90293,4.82384,-2.0753
1.96605,6.02647,-2.26015
1.98672,7.33019,-2.4001
1.93286,8.58385,-2.62662
2.04931,9.84923,-2.78116
2.05752,11.1289,-3.11511
2.09044,12.4291,-3.46011
2.14729,13.8179,-3.99185
2.0745,15.0731,-3.30338
2.21162,15.6175,-1.9264
2.01395,16.7662,-2.20211
2.01213,17.191,-1.12679
2.01111,17.6689,-1.98338
1.96341,17.9624,-0.995645
2.07547,17.4123,-1.85023
1.98405,18.1264,-1.11264
1.80122,18.9463,-0.504682
2.79044,0.944594,-1.96339
2.82366,2.12788,-2.04136
2.86869,3.32648,-2.07288
2.91967,4.52506,-2.19736
2.96506,5.70946,-2.1907
2.92001,6.91181,-2.30991
2.84252,8.10039,-2.40374
2.84555,9.29232,-2.56551
2.78813,10.4838,-2.72254
2.69489,11.7025,-2.93682
2.63143,12.9238,-3.22637
2.6523,13.9964,-2.97775
2.79862,14.8948,-2.38081
2.62886,15.881,-2.09771
2.67624,16.2699,-1.14476
2.57285,17.2686,-1.24067
2.91624,17.8878,-0.530931
2.97074,17.393,-1.42603
2.9659,18.3394,-1.17367
2.88239,19.0358,-0.492312
3.81627,0.708472,-1.84608
3.85467,1.84074,-1.93375
3.84941,2.97816,-2.02847
3.87634,4.06521,-2.07554
3.83702,5.22234,-2.03309
3.74546,6.36479,-2.07023
3.65837,7.51785,-2.16897
3.59751,8.66959,-2.21851
3.47429,9.78989,-2.3498
3.42917,10.935,-2.56408
3.2367,12.0327,-2.76912
3.27987,13.1224,-2.63936
3.37077,14.0404,-2.19521
3.41178,15.1213,-2.11751
3.58144,15.7367,-1.29755
3.33494,16.6853,-1.15589
3.83134,17.3461,-0.533241
3.95272,17.5665,-1.52588
3.94318,18.5435,-1.13369
3.88047,19.2118,-0.29776
4.79183,0.462291,-1.5882
4.82632,1.54091,-1.66484
4.74254,2.63789,-1.59841
4.78009,3.80521,-1.63107
4.80396,4.94589,-1.76123
4.72412,6.01832,-2.01899
4.659,7.11962,-2.00913
4.4956,8.20919,-2.01975
4.36463,9.28598,-2.06878
4.32686,10.3494,-2.31213
4.14125,11.4091,-2.38821
4.11224,12.4865,-2.46831
4.23321,13.4202,-2.01646
4.31815,14.534,-1.88233
4.54813,15.3802,-1.36258
4.3682,16.3592,-1.17127
4.77371,16.9787,-0.5035
4.97036,17.5005,-1.31464
4.98195,18.5198,-1.12983
4.94235,18.9927,-0.272939
5.77329,0.21991,-1.45825
5.79649,1.31491,-1.56073
5.79176,2.3983,-1.48287
5.69829,3.47154,-1.48188
5.70289,4.52906,-1.58513
5.63246,5.61705,-1.81704
5.56689,6.70093,-1.83742
5.50889,7.78711,-1.96707
5.37833,8.89462,-1.9942
5.2171,9.90332,-2.01025
5.07989,10.9281,-2.03929
5.03883,11.9455,-2.17507
5.14911,12.9376,-1.89254
5.29254,13.9917,-1.83868
5.47484,14.9007,-1.46999
5.3263,15.8939,-1.11094
5.66362,16.5292,-0.382736
5.93034,17.1918,-1.05826
5.95831,18.198,-0.984371
5.93785,19.0136,-0.337333
6.78697,0.0895047,-1.31494
6.82364,1.16914,-1.40843
6.87053,2.25248,-1.28165
6.75929,3.27725,-1.42696
6.70492,4.32849,-1.51527
6.70248,5.36359,-1.72988
6.57463,6.39765,-1.85038
6.51447,7.50103,-1.94659
6.4079,8.61176,-2.02434
6.23201,9.59561,-1.99525
6.13062,10.6085,-1.95925
6.10522,11.665,-1.91877
6.21635,12.6507,-1.84688
6.33968,13.6669,-1.65491
6.53528,14.6789,-1.63266
6.38816,15.614,-1.20484
6.71427,16.414,-0.607349
6.7994,17.4043,-0.571825
6.96003,18.3564,-0.922153
6.91961,18.8772,-0.0247383
7.79869,0.0202704,-1.22415
7.79991,1.0087,-1.12327
7.86749,2.05425,-1.17866
7.7935,3.08362,-1.34267
7.73664,4.17164,-1.53831
7.68941,5.20417,-1.60678
7.5916,6.26682,-1.63443
7.57702,7.34045,-1.69994
7.40566,8.33375,-1.77007
7.26872,9.34176,-1.77556
7.11957,10.4068,-1.64756
7.16386,11.4442,-1.74922
7.22359,12.4785,-1.67946
7.38169,13.5412,-1.60101
7.49905,14.5001,-1.43284
7.41003,15.4535,-1.12412
7.72451,16.2546,-0.535856
7.82233,17.2742,-0.42414
7.96201,18.1599,-0.829081
7.89908,18.9707,-0.262722
8.84857,-0.0724693,-1.20251
8.811,0.985522,-1.08043
8.89416,2.04445,-1.18029
8.78856,3.10916,-1.2074
8.7386,4.12191,-1.41762
8.68224,5.15972,-1.43507
8.60911,6.18747,-1.35646
8.55933,7.26465,-1.39825
8.47245,8.27773,-1.51843
8.35996,9.30029,-1.70617
8.17864,10.2874,-1.58511
8.27085,11.3235,-1.73147
8.3095,12.3339,-1.65755
8.40183,13.3835,-1.70047
8.52811,14.3802,-1.32393
8.45642,15.2964,-1.02532
8.6904,16.2911,-0.861034
8.81573,17.2083,-0.482595
8.9669,18.2123,-0.557009
8.92394,19.1142,-0.1429
9.90205,-0.179632,-1.101
9.8365,0.900488,-1.19309
9.90873,1.94051,-1.10804
9.81776,2.95767,-1.27139
9.75306,4.014,-1.31732
9.73808,5.05207,-1.52773
9.58192,6.05889,-1.44938
9.52972,7.08199,-1.39537
9.41815,8.14506,-1.37077
9.42796,9.16113,-1.4744
9.30407,10.143,-1.46127
9.36985,11.2142,-1.48967
9.30738,12.221,-1.57999
9.44268,13.2581,-1.49654
9.54857,14.2422,-1.35943
9.5438,15.1082,-0.758525
9.73798,16.1647,-0.652983
9.81934,17.1695,-0.540278
9.94651,18.1664,-0.579254
9.92366,19.0698,-0.164321
10.9702,-0.120927,-0.974017
10.8776,0.882467,-1.21724
10.9309,1.85827,-1.00156
10.8154,2.86708,-1.11668
10.7373,3.96912,-1.17631
10.7448,4.98643,-1.23734
10.6277,5.98737,-1.19535
10.5301,7.01639,-1.25481
10.4802,8.07262,-1.28056
10.4642,9.17681,-1.31768
10.3161,10.167,-1.36608
10.5225,11.1944,-1.32093
10.3932,12.2298,-1.49995
10.4857,13.1952,-1.31591
10.5585,14.1605,-1.01824
10.6288,15.1513,-0.682592
10.7933,16.1804,-0.618354
10.8667,17.1986,-0.439073
10.9935,18.2312,-0.558715
10.9755,19.1133,-0.158889
11.956,0.0837489,-0.699008
11.8837,0.938044,-1.27265
11.9491,1.92033,-0.950233
11.8386,2.93793,-1.01809
11.7247,4.0007,-0.914698
11.7499,5.01762,-0.991
11.6988,6.03045,-1.14383
11.5978,7.05642,-1.19443
11.5201,8.0577,-1.21237
11.5517,9.08906,-1.23546
11.3591,10.1163,-1.26077
11.5589,11.1379,-1.27727
11.4415,12.1209,-1.27482
11.5295,13.1464,-1.11999
11.5645,14.1381,-1.06336
11.7089,15.0567,-0.657927
11.7622,16.1182,-0.481405
11.8702,17.1005,-0.593423
12.0604,18.1391,-0.466118
12.0109,19.1333,-0.226041
12.9456,-0.0147923,-0.431266
12.8602,0.955678,-0.830876
12.9236,1.94883,-0.743986
12.8379,2.95202,-0.813492
12.6925,3.98106,-0.694824
12.7992,4.96918,-0.819803
12.6777,5.97576,-0.902567
12.6392,7.01467,-0.980895
12.518,8.06367,-1.09659
12.5657,9.09728,-1.05172
12.4314,10.0808,-1.07041
12.5592,11.0508,-1.0792
12.4699,12.0563,-0.974261
12.5487,13.0913,-0.79552
12.6149,14.1071,-0.908798
12.8191,15.0772,-0.619419
12.785,16.0441,-0.395849
12.8249,17.0554,-0.364187
13.0773,18.0839,-0.16433
13.0192,19.0988,-0.0617115
13.9896,-0.11601,-0.524476
13.9178,0.895019,-0.702582
13.9189,1.88211,-0.532179
13.8485,2.92275,-0.698819
13.7351,3.95776,-0.667565
13.8556,4.96081,-0.719483
13.7547,5.95458,-0.786831
13.6828,6.97649,-0.878658
13.5968,7.97999,-1.03688
13.5883,9.00687,-1.06175
13.4871,10.0042,-1.08968
13.5953,11.0222,-1.08953
13.5431,12.1307,-0.962737
13.6434,13.1518,-0.889163
13.6568,14.1442,-0.66632
13.8721,15.1261,-0.518122
13.8091,16.1132,-0.312043
13.9178,17.1102,-0.341993
14.108,18.0904,-0.277978
13.9991,19.1018,-0.201111
15.0253,-0.132908,-0.508036
14.9494,0.87228,-0.55949
14.9237,1.88589,-0.644838
14.9147,2.91441,-0.565389
14.8111,3.91661,-0.509168
14.8721,4.94211,-0.712769
14.8164,5.9057,-0.917292
14.7014,6.93621,-0.964638
14.715,7.94251,-1.02245
14.6195,8.97853,-0.923832
14.6392,10.0455,-0.991363
14.6526,11.077,-0.942906
14.6356,12.1268,-0.897571
14.6526,13.1391,-0.672439
14.7053,14.1749,-0.603937
14.852,15.1014,-0.32107
14.8536,16.1385,-0.416028
14.9481,17.1716,-0.264687
15.0846,18.1931,-0.111554
15.0264,19.1873,0.0568316
16.0396,-0.190402,-0.436442
16.0002,0.844575,-0.5171
15.9364,1.90956,-0.631187
15.898,2.90007,-0.244484
15.8306,3.91116,-0.351933
15.9315,4.86056,-0.659117
15.798,5.88544,-0.794882
15.6792,6.90437,-0.899173
15.7527,7.93742,-0.754952
15.7045,8.95649,-0.749675
15.741,10.0064,-0.797131
15.7261,11.0154,-0.829337
15.7205,12.0523,-0.94521
15.7631,13.0802,-0.649406
15.7009,14.1134,-0.648833
15.8799,15.1304,-0.464153
15.9214,16.1332,-0.28663
15.9628,17.1288,-0.163189
16.1223,18.1281,0.161464
16.0187,19.1708,0.162673
17.0934,-0.0850734,-0.470357
17.0436,0.902011,-0.396661
16.9717,1.87023,-0.603946
16.9514,2.84408,-0.293817
16.8645,3.85098,-0.395984
17.0041,4.93065,-0.641231
16.8792,5.91175,-0.735377
16.72,6.90053,-0.828834
16.8428,7.8798,-0.817844
16.8063,8.93857,-0.643956
16.7807,9.97671,-0.647942
16.7666,11.0768,-0.57239
16.7668,12.1633,-0.616987
16.7755,13.2005,-0.667299
16.7399,14.2111,-0.665856
16.9146,15.1553,-0.475246
16.9389,16.1516,-0.256188
17.0286,17.1407,-0.184442
17.1384,18.038,0.260277
17.0178,19.013,0.431352
18.0837,-0.171764,-0.500754
18.0931,0.852486,-0.37282
17.9831,1.87767,-0.546156
17.9403,2.90291,-0.276211
17.9109,3.9383,-0.457717
17.9707,4.93825,-0.397855
17.9581,5.89814,-0.639442
17.8281,6.88254,-0.827848
17.8779,7.87496,-0.733271
17.914,8.90739,-0.727448
17.8512,9.94621,-0.453914
17.8342,11.0039,-0.581988
17.8657,12.0419,-0.738044
17.8168,13.0658,-0.512357
17.8121,14.1188,-0.525446
17.9654,15.1267,-0.701193
17.9866,16.0515,-0.290915
18.0157,17.0572,-0.146764
18.1554,17.9633,0.31352
17.9985,18.9249,0.600159
19.1354,0.0280648,-0.524723
19.1212,1.01439,-0.414594
19.0182,1.97699,-0.588223
18.9521,2.95658,-0.414588
18.8758,3.95106,-0.211124
18.9731,4.91996,-0.527531
18.9917,5.93053,-0.667428
18.8919,6.93168,-0.842891
18.9462,7.95355,-0.675207
18.9585,8.95924,-0.568697
18.8922,10.0005,-0.570638
18.948,11.0036,-0.476354
18.9469,12.0049,-0.553816
18.8583,13.0066,-0.507602
18.8785,14.0283,-0.655119
18.9803,15.0667,-0.676452
19.0538,16.0606,-0.363958
18.9881,17.0458,-0.247789
19.1091,18.0312,0.0338237
18.9311,18.9637,0.411295
