-0.00697348,0.0234046,0.134132
1.03344,0.0245613,-0.0677084
2.02041,0.00808435,-0.0780999
3.02548,0.00607929,-0.0472121
3.99725,0.0211005,-0.0744591
4.97976,0.0345561,-0.0931822
5.95654,-0.0035371,-0.191903
6.94959,0.0244057,-0.238743
7.91785,0.0134373,0.0908017
8.90521,0.0415113,-0.100052
9.94956,0.0261361,-0.101614
10.9928,-0.0166387,-0.0742332
11.9774,-0.0220283,-0.211274
12.9257,-0.0331584,0.329566
13.9011,0.0380413,0.00138859
14.898,-0.00792566,0.257634
15.9153,0.0499863,-0.109857
16.9489,0.0420484,-0.186743
17.9334,-0.00908231,0.0363842
18.9461,0.0238838,-0.108719
-0.0339122,1.05538,0.183074
0.961476,1.01886,0.193741
1.97595,0.978689,0.175582
2.95223,0.969997,0.0881649
3.97646,1.02917,-0.150453
4.99756,1.07785,-0.124564
6.00457,0.956926,-0.181152
7.01112,1.08646,-0.207956
8.00285,0.920289,-0.322828
9.01636,1.05923,-0.254054
10.0221,1.02245,-0.00735496
11.0326,0.975848,-0.149998
12.0146,0.99949,-0.0189978
12.9842,0.934355,0.0384655
14.0089,1.02912,0.0832484
15.0204,1.05277,0.114859
15.9977,0.981048,0.233503
16.9767,1.0127,0.0922544
18.0037,0.980447,0.0688345
19.0073,1.0139,-0.0391369
-0.0103275,2.04279,0.0593463
0.988144,2.05714,0.38179
1.9758,1.97854,0.0877682
3.02153,1.96506,0.107028
4.00631,2.01568,0.121735
5.01281,2.03784,0.201044
5.97479,1.98364,-0.10918
6.98251,2.13664,-0.16834
7.95098,1.94192,-0.303226
8.98793,2.07018,-0.228751
10.0041,2.02229,-0.168758
10.9844,1.9651,0.0221839
11.9703,1.96727,-0.243171
12.9744,1.96814,-0.00315256
13.9497,2.01437,0.164943
14.9529,2.03923,0.278433
15.9584,1.96456,0.152535
17.0159,2.03482,0.0504135
18.0107,2.01867,0.175164
19.0444,1.99981,-0.014948
0.029487,3.04813,-0.157067
1.01815,3.02647,0.0956084
2.06188,2.96958,0.303131
3.03068,2.93898,-0.0452589
4.11627,2.98645,-0.0881893
5.07909,3.03153,0.2369
6.05898,2.99457,0.139189
7.06157,3.12456,-0.0757653
8.05463,2.98134,-0.279162
9.04436,3.09551,-0.304645
10.0733,3.01621,-0.180154
11.0578,2.94812,0.0813868
12.029,2.99692,-0.248796
13.0156,2.95944,-0.3605
13.9755,3.02711,-0.0799341
14.9883,3.01394,-0.0148839
15.9949,2.97766,-0.0468551
17.0576,3.04599,-0.140022
18.0491,3.00645,-0.0361156
19.0172,3.03121,-0.215934
0.000326548,4.0327,0.107373
1.03696,4.12319,0.123917
2.00591,4.02217,0.353536
3.05272,3.91174,0.129829
4.02308,4.00175,0.238868
5.01849,4.04694,0.173995
5.99048,4.04617,0.161275
6.98717,4.19763,-0.142219
7.93593,3.9542,0.121473
8.93201,4.08664,0.155525
9.92216,3.98474,0.0933592
10.911,3.94574,0.00694601
11.8701,4.02558,-0.351424
12.8889,3.96974,-0.293887
13.9017,4.0258,-0.237159
14.9221,4.01083,-0.186804
15.9362,3.95874,0.0763237
16.9436,3.99087,0.206299
17.9703,3.98318,0.0806207
18.9996,4.1056,-0.101367
0.0299814,5.07942,0.0811182
1.03858,5.11088,0.239076
2.0448,5.06186,0.401334
3.00331,4.91809,0.165804
4.07017,5.01873,0.187237
5.07175,5.04683,0.284375
6.06369,5.07609,0.259841
7.05695,5.05415,0.313529
8.04632,4.93415,0.354884
9.02993,5.07049,0.327262
10.0326,4.97397,0.252995
11.0354,4.93313,0.0501022
12.0295,4.98243,-0.19049
13.0665,4.95611,-0.314319
13.9849,4.99892,0.09064
15.0173,5.0212,-0.164309
16.0036,4.94952,-0.0713614
17.0211,5.01872,0.0741752
18.0153,5.01746,-0.168709
18.9921,5.06491,0.0523515
0.00480667,6.0918,-0.153883
1.01782,6.14474,0.136137
2.06405,6.04171,0.119425
3.04752,5.92795,0.254262
4.08153,6.0431,0.139995
5.13424,6.04504,0.104743
6.13708,6.08542,0.0130375
7.17573,6.02498,0.288473
8.15079,5.92971,0.479034
9.1151,6.13604,0.319001
10.1234,6.0069,0.0845302
11.147,5.89143,-0.17766
12.1207,5.99355,-0.142161
13.1195,5.87473,0.0817408
14.1016,5.99232,0.154707
15.1648,5.99485,0.078988
16.1275,5.94739,-0.116651
17.1291,5.96051,-0.161232
18.1387,6.03309,-0.0783837
19.0101,6.00302,0.367794
0.0496353,7.0768,-0.034315
1.11256,7.11749,0.268017
2.09554,7.07021,0.191476
3.10115,6.95983,0.149641
4.09396,6.99073,0.322355
5.07873,7.07842,0.111417
6.08618,7.12,0.347737
7.12511,7.0353,0.148967
8.16357,6.94358,0.168932
9.05581,6.93909,-0.341704
10.0203,6.94757,-0.203439
11.0371,6.93267,-0.107019
12.0244,6.96656,-0.294116
13.0105,6.87205,-0.0262185
14.0382,7.02197,-0.0812738
15.0592,7.00023,-0.0497726
16.0416,6.94978,0.12653
17.0251,6.97736,0.0599078
17.9811,6.96841,0.300943
18.9979,7.01349,0.125922
-0.0195563,8.09998,0.0368053
1.0466,8.13565,0.0898099
2.02756,8.06129,0.26942
3.02741,7.9592,0.143062
4.06533,8.0471,0.317652
5.04763,8.0982,0.145628
6.00918,8.0308,-0.166744
6.92127,8.01962,0.29523
7.94822,7.94192,0.164302
8.81533,7.97161,-0.308945
9.86293,8.02447,-0.287353
10.907,7.96363,-0.14019
11.8853,7.99433,-0.202542
12.9244,7.88581,-0.00885342
13.9758,8.00482,-0.120557
14.9548,7.93782,0.156752
15.9461,7.99418,0.0753624
17.0312,7.95111,0.160698
18.034,7.98423,0.195898
19.0167,8.0169,0.255809
0.0375317,9.1217,-0.0813135
1.0466,9.14817,-0.0542314
1.99487,9.09302,0.141212
3.03669,9.00804,0.147969
4.04711,9.05835,0.114887
5.05322,9.0689,-0.131465
6.04687,8.96672,0.115278
7.03324,9.10454,0.0770684
7.99398,8.93244,-0.0315134
9.00782,8.99601,0.013126
9.9344,9.05874,-0.376727
10.9541,8.99018,-0.452303
11.988,8.96984,-0.452852
12.9457,8.89926,-0.145396
13.9503,8.98514,-0.0588458
14.9002,8.93969,0.249852
15.9203,9.00788,-0.0425214
16.9462,8.95536,0.0239448
17.9701,8.97531,0.062212
18.9809,9.00414,0.0299203
0.0268075,10.1432,-0.00412
1.07789,10.1725,0.137873
2.10473,10.0657,0.24257
3.03645,9.98766,-0.113343
4.02257,10.0863,0.0222205
5.01396,10.0455,0.0780023
6.06766,9.98372,-0.0463057
7.04185,10.0813,-0.183169
8.0656,9.93627,-0.0623066
9.09797,9.96829,-0.00245979
10.098,10.0151,-0.00171514
11.0526,10.0215,-0.428114
12.0452,9.97951,-0.559114
13.0179,9.94416,-0.223334
14.0427,9.96611,-0.371471
14.9654,9.92647,0.0471541
15.9762,9.99648,0.118082
16.9666,9.951,-0.0051973
17.9952,10.0502,0.0263741
19.0042,9.96801,-0.104688
-0.00982086,11.1331,0.286837
0.970397,11.1034,0.595544
1.97389,11.0591,0.537532
2.96802,10.953,0.251802
4.04138,11.0904,0.252016
4.96368,11.0403,-0.177108
6.02702,10.9555,-0.327302
7.03227,11.0964,-0.301456
8.00292,10.9133,-0.192288
9.05157,10.9366,-0.16961
10.0699,11.0068,-0.210657
11.0398,11.0376,-0.592679
12.0323,11.0013,-0.784472
12.9384,10.9351,-0.208521
13.9484,10.961,-0.306043
14.992,10.8934,-0.169149
16.0261,10.9897,0.0305033
17.0437,11.0058,0.0243233
18.0289,11.0669,-0.11908
19.0421,10.9804,-0.212247
-0.000106815,12.1614,0.11471
1.02579,12.0168,0.194165
2.04841,12.0315,0.409207
2.98182,11.9962,0.0971831
3.98548,12.0628,0.0211554
4.98448,12.0378,0.0949309
6.01327,11.9337,-0.059917
6.99538,12.0879,-0.133992
8.02165,11.9305,-0.206058
9.06487,11.9687,-0.0903989
10.0764,11.9863,-0.409217
11.0799,12.0141,-0.382937
12.0306,12.0601,-0.75182
12.9702,11.9141,-0.520365
14.0427,11.979,-0.383184
15.0058,11.8837,0.0791284
16.0119,12.0134,0.0127995
17.0504,11.9994,-0.107266
18.0559,12.0906,-0.166027
19.073,11.9986,-0.331504
-0.0359569,13.0993,-0.219044
0.966655,13.028,0.121317
2.00026,13.0289,0.11373
2.96743,12.9635,-0.149391
4.00819,13.0833,-0.0910092
5.00017,13.0264,-0.173629
6.03479,12.8856,-0.242949
7.00892,13.0589,-0.207221
8.02274,12.9035,-0.487118
9.04579,12.9622,-0.294125
10.0474,12.9585,-0.112696
11.0401,13.1034,-0.251872
12.0482,13.0062,-0.262145
13.0305,12.8676,-0.279431
14.0674,12.9492,-0.433509
14.9782,12.9301,0.083224
15.9675,13.0048,0.021012
17.017,13.041,-0.103613
17.9776,13.0714,0.113669
18.9568,13.0034,-0.0549913
0.0399152,14.1204,-0.0414106
1.0684,13.9901,-0.128971
2.08313,14.0255,0.106461
3.11942,13.9783,0.0377178
4.14878,14.0433,0.114264
5.1377,14.0286,-0.0754814
6.10495,13.9366,-0.241322
7.14189,14.0686,-0.117118
8.09202,13.8905,-0.401566
9.09322,13.9624,-0.374566
10.0444,13.9637,-0.075753
11.0311,14.0998,0.0717856
11.9982,14.0509,-0.248415
12.9778,13.8871,-0.16708
13.9757,13.9567,-0.230692
14.9027,13.9186,0.162069
15.9054,14.0307,-0.103504
16.8812,14.048,0.165944
17.9164,14.0385,0.042317
18.9617,14.0148,0.0775384
0.0645924,15.0862,0.22775
1.04259,15.017,-0.0449812
2.05288,15.0196,-0.0693686
3.08424,14.9853,0.0642415
4.06473,15.0884,0.12743
5.10247,15.0545,0.182022
6.07721,14.9577,-0.0222449
7.04633,15.0668,0.165654
7.94666,14.9291,-0.256847
8.93857,14.9707,-0.145952
9.98172,14.9434,-0.159545
10.9606,15.0847,-0.204163
11.9779,15.0696,0.0525742
12.9498,14.9525,-0.27391
14.0038,14.9557,-0.294378
15.0081,14.9169,0.0236091
16.0176,14.9913,-0.0764183
16.9784,15.0552,0.287899
18.0195,15.0687,0.0674093
19.0258,15.0372,-0.132218
-0.0291116,16.0645,0.280847
0.934242,16.0319,-0.114991
1.93589,16.0434,-0.16653
2.95657,16.0111,0.101376
4.01426,16.0706,0.202719
5.01174,16.0847,0.233155
6.01426,15.9764,0.124131
7.00332,16.0314,0.325205
7.98325,15.894,0.0840571
8.9467,15.9406,0.252809
9.92895,15.9626,-0.0411908
10.9059,15.9987,0.263018
11.7671,16.035,-0.243757
12.7808,15.9525,-0.230845
13.8512,15.9515,-0.137492
14.9142,15.9094,-0.0686758
15.9137,16.0024,0.00993683
16.9319,16.0541,0.0803308
17.9696,16.1225,0.0394787
19.007,15.988,0.107755
0.0207251,17.0437,0.133821
1.03803,17.0328,0.100668
2.01499,17.0232,-0.062917
3.01852,17.048,0.0282907
4.07287,17.0312,-0.0232124
5.06736,17.0213,-0.139265
6.06667,16.9912,-0.215116
7.01699,17.0569,0.172539
8.05037,16.8835,0.18638
9.03376,16.926,0.0289377
9.99007,16.9577,-0.21865
10.9785,16.922,-0.257711
11.9955,16.9926,-0.186627
13.0236,16.9268,-0.181976
14.0601,16.9464,-0.249013
14.9932,16.9197,0.113953
15.9866,16.9889,-0.00459609
16.9868,17.068,-0.0148015
18.0073,17.1383,0.0876736
18.9821,16.9946,-0.0776482
0.0316172,18.025,0.174566
1.04225,18.0151,0.262615
2.033,18.0267,0.279458
3.02379,18.0313,0.341081
4.06816,18.0729,0.120612
5.09111,18.091,-0.0597156
6.07568,17.9664,0.0694082
7.08303,18.0285,-0.154738
8.05437,17.9188,-0.0387127
9.04405,17.9608,0.0787011
10.0786,17.9173,0.0166784
11.0707,17.914,-0.09494
12.0831,17.9573,0.0462874
13.0563,17.9147,0.0434828
13.9928,17.9893,-0.28565
14.9831,17.9354,-0.0138554
16.0396,18.0125,-0.119044
16.9897,18.0752,0.173943
17.9563,18.0875,-0.262093
18.9811,18.0418,-0.180902
0.0286599,19.0369,0.077282
1.04717,19.0087,0.174017
2.06385,19.0451,0.236409
3.01963,18.9724,0.00375378
4.02073,19.0453,-0.0226722
5.01388,19.0582,-0.328498
5.98135,18.958,-0.13079
6.98081,19.0144,-0.0646748
7.97615,19.0017,-0.00754418
8.97885,18.9919,0.157228
9.9882,18.9351,0.0594073
11.0486,18.9726,0.00275582
12.0965,18.9759,-0.0671834
13.1226,19.0222,0.0801202
14.1153,18.9702,-0.191076
15.0748,18.9885,-0.00077517
16.0869,19.0205,-0.24308
17.091,19.0257,-0.14105
18.0899,19.0022,0.145589
19.0235,19.0102,-0.319486
