-0.100104,0.498364,-0.739027
0.00876186,1.16779,-0.00546587
-0.0284249,2.11694,-0.330729
-0.0348918,3.07469,-0.0250038
-0.023014,4.04173,-0.166091
-0.0147099,5.03898,-0.0268441
-0.033665,6.0798,0.104541
-0.0706473,7.11979,-0.0468245
-0.0708762,8.13392,-0.220234
-0.0406201,9.1466,-0.360778
-0.0252541,10.0783,-0.12248
-0.0235908,11.1154,-0.220148
-0.0282479,12.0266,0.15941
-0.0122379,12.959,-0.214972
-0.021247,14.0123,-0.422144
-0.0480483,15.0366,-0.326164
-0.0458937,16.047,-0.25049
-0.0312204,17.0347,-0.0783349
-0.00575884,18.0225,0.20427
0.0633351,19.0483,0.0837886
-0.0138951,19.9691,-0.253887
-0.0559954,20.9431,-0.1635
-0.0923338,21.9308,0.109143
-0.0519211,22.9701,0.0611682
-0.0407666,23.9493,-0.0199469
-0.0136052,24.951,-0.076577
-0.0316904,25.9122,0.206812
0.0416028,26.9013,0.0797266
-0.0411939,27.8918,0.159777
-0.0409558,28.8691,0.277529
0.902869,0.610654,-0.552553
1.04484,1.37765,0.116242
0.933665,2.35386,-0.29053
0.986392,3.3531,-0.0429853
0.919242,4.35947,-0.308408
1.00467,5.29938,0.0162511
1.0215,6.29597,0.035139
0.926203,7.323,0.0545763
0.987457,8.30056,-0.340788
1.03317,9.29124,-0.414859
0.987677,10.2131,-0.0820399
1.00475,11.211,-0.269936
0.951878,12.2164,-0.118491
0.961431,13.1648,-0.510208
1.05607,14.1613,-0.655959
0.920624,15.1674,-0.508789
0.944862,16.1506,-0.509278
0.910819,17.1778,-0.430836
0.863167,18.1848,-0.29125
1.02657,19.1996,-0.264892
0.968865,20.2282,-0.256471
0.888504,21.2307,-0.327604
0.896179,22.0422,0.311567
0.957732,23.0647,0.234236
0.867589,24.0666,0.398758
0.90853,25.0552,0.355785
1.03736,26.0096,0.11583
1.04495,27.0037,0.249977
0.86469,27.9218,-0.202847
0.970104,28.8002,0.29382
1.8217,1.06052,-0.528983
2.02237,1.71881,0.204099
1.88535,2.66136,-0.203262
1.96551,3.62718,0.122401
1.92558,4.5338,-0.25396
2.01127,5.50718,0.0118595
2.03354,6.48301,-0.199908
1.94395,7.46808,-0.160311
1.97991,8.4416,-0.413752
2.08635,9.43771,-0.361879
2.00472,10.4319,-0.0890164
2.01541,11.3912,-0.374865
1.9136,12.3793,-0.425929
2.00406,13.3895,-0.558986
2.10362,14.3976,-0.665584
1.8969,15.351,-0.740501
1.97617,16.3119,-0.45392
1.82793,17.2729,-0.775329
1.91809,18.2396,-0.427165
2.0441,19.2303,-0.283563
1.93829,20.2382,-0.440397
1.79683,21.0803,0.0497848
1.88906,22.0249,0.528132
2.03936,23.0156,0.317014
1.88396,23.9894,0.481851
1.90466,24.9721,0.359185
2.05821,26.0181,0.36708
2.04816,27.038,0.391223
1.95304,27.803,-0.22884
1.98985,28.7113,0.168694
2.89163,1.13356,-0.458998
3.01878,1.99069,0.0496719
2.86344,2.94288,-0.227314
3.00101,3.90104,0.214261
2.90512,4.84642,-0.16173
2.97031,5.83832,-0.17272
3.06276,6.81291,-0.205533
2.89739,7.78932,-0.00411084
3.03934,8.72206,-0.420704
3.04323,9.72675,-0.343635
3.00341,10.7371,-0.212375
3.04509,11.707,-0.308094
2.94355,12.621,-0.702237
3.01394,13.6289,-0.420722
3.07955,14.3749,-1.09416
2.90255,15.1752,-0.513175
2.97136,16.1666,-0.318104
2.85549,17.1251,-0.674831
2.89386,18.1487,-0.723646
3.02909,19.0323,-0.256059
2.88022,20.0045,-0.0922666
2.86711,20.9914,0.0330851
2.88426,21.9776,0.223652
3.01372,22.9351,0.522639
2.85529,23.9244,0.566588
2.96392,24.9749,0.5124
3.14411,25.9364,0.339479
3.03639,26.8686,0.702756
2.86815,27.7985,0.199438
2.99857,28.8226,-0.0867153
3.82949,1.47061,-0.39873
4.05186,2.31288,0.0866482
3.79107,3.29241,0.127326
3.95491,4.20607,-0.221845
3.86507,5.21055,0.0625874
4.03497,6.13376,-0.298917
3.9981,7.12674,-0.362667
3.86104,8.01253,0.0817194
4.05912,8.91314,-0.278964
4.04457,9.96344,-0.149052
4.0482,10.9842,-0.221247
4.03506,11.9748,-0.447829
3.91705,12.851,-0.925404
3.99247,13.8342,-0.734953
4.08509,14.5362,-1.43145
3.95434,15.0273,-0.56906
3.95716,16.0709,-0.336903
3.82535,17.0479,-0.550175
3.92736,18.0508,-0.428452
4.02833,19.0386,-0.436634
3.90671,19.9772,-0.114881
3.87653,20.9665,0.0663686
3.84856,21.9822,-0.130125
4.02426,22.9248,0.146129
3.87647,23.856,0.455742
4.00762,24.862,0.537254
4.09555,25.8685,0.599719
4.08094,26.8929,0.543535
3.89057,27.8339,0.152532
3.9948,28.7868,-0.213898
4.79345,1.70573,-0.360048
5.02735,2.57721,0.0808191
4.76322,3.57615,-0.130692
4.94421,4.5935,-0.314823
4.98811,5.51119,0.123081
5.01391,6.42255,-0.358196
4.95275,7.41777,-0.188549
4.82223,8.37429,-0.115366
4.96771,9.32322,-0.244844
5.05224,10.3463,-0.137062
5.14861,11.316,-0.243892
5.00274,12.2055,-0.673632
4.87987,13.0604,-1.27047
5.01294,13.8874,-0.723218
5.06646,14.5804,-1.4615
5.00974,15.1073,-0.636052
4.88262,16.1597,-0.782553
4.8595,17.1505,-0.538569
4.91742,18.1723,-0.657305
5.09954,19.131,-0.462206
4.86478,19.8732,0.170699
4.88396,20.849,-0.0944823
4.90564,21.8809,-0.219807
5.03948,22.8596,0.0551469
4.85839,23.8355,0.140376
4.9293,24.8607,0.074218
5.14646,25.8177,0.310117
5.01631,26.7974,0.0109897
4.97636,27.7738,0.101245
5.05721,28.6821,-0.368276
5.77857,2.02304,-0.45988
5.94336,2.98373,-0.17445
5.74444,3.98329,-0.191259
5.88668,4.95308,-0.182162
5.89025,5.93212,0.03184
6.02948,6.71799,-0.579769
5.99331,7.72721,-0.192785
5.87909,8.74917,-0.186499
5.85959,9.67967,-0.55501
6.06653,10.5892,-0.154802
6.15406,11.5849,-0.343828
6.0371,12.5209,-0.73672
5.86078,13.2249,-1.47759
6.03841,13.9792,-0.805777
6.08448,14.6934,-1.5332
5.99124,15.1598,-0.671255
5.89998,16.1239,-0.973443
5.91119,17.0624,-0.619843
5.90933,18.0768,-0.823176
6.12111,18.9549,-0.348036
5.78265,19.9215,-0.250206
5.85484,20.9411,-0.293899
5.97519,21.9153,-0.167547
6.08661,22.8393,0.164525
5.94357,23.857,0.266659
5.89736,24.8928,0.232725
6.12994,25.8971,0.229957
6.01278,26.8683,0.136778
5.96862,27.8681,0.0594592
6.05665,28.6324,-0.619092
6.76792,2.20614,-0.559828
6.83934,3.26742,-0.55327
6.70661,4.24924,-0.434562
6.96827,5.15022,-0.137413
6.89451,6.1173,0.0667348
6.99314,7.02559,-0.369039
6.95506,8.06283,-0.432301
6.84289,9.04272,-0.268505
6.92519,9.9558,-0.670174
7.10134,10.8368,-0.0812067
7.16403,11.8225,-0.332334
7.07004,12.7413,-0.740431
6.91591,13.1731,-1.60148
7.0371,14.0823,-1.07007
7.14271,14.7881,-1.74754
7.00981,15.0707,-0.795419
6.88278,16.0711,-0.886828
6.91155,17.0282,-0.630253
6.90785,18.0723,-0.769323
7.09217,19.1149,-0.690432
6.78789,20.0134,-0.390921
6.88838,21.0581,-0.476119
6.99426,21.9375,-0.00029603
7.05751,22.9309,0.147899
6.96465,23.9412,0.245668
6.91566,24.9262,-0.00875271
7.10848,25.8056,0.407352
7.04759,26.7867,0.107321
6.94956,27.7831,0.191952
7.05881,28.5106,-0.465038
7.75608,2.34403,-0.210996
7.88442,3.337,-0.332688
7.76355,4.30471,-0.614475
7.97875,5.30841,-0.345683
7.86212,6.3269,-0.204059
7.98098,7.37022,-0.278503
7.97346,8.35471,-0.536665
7.93904,9.35443,-0.254726
7.8746,10.3062,-0.542155
8.01376,11.2643,-0.276196
8.06599,12.3142,-0.400345
8.0388,13.181,-0.88273
7.83142,13.6885,-1.7271
8.06612,14.4867,-1.09293
8.13876,14.7841,-2.0297
7.91232,15.3136,-1.20031
7.69558,16.2599,-1.45632
7.82648,17.1299,-0.999133
7.96761,18.1255,-0.93119
8.09923,19.0194,-0.526481
7.84528,20.0213,-0.570238
7.87586,20.9832,-0.322333
7.97302,21.9518,-0.183212
8.06397,22.9727,0.0153661
7.98541,23.9475,0.348219
7.8958,24.9504,0.178497
8.10992,25.8858,0.572567
8.02351,26.6987,-0.0858303
7.98002,27.734,0.151527
8.14054,28.6008,-0.333372
8.73439,2.74341,-0.346944
8.90598,3.7031,-0.379849
8.73021,4.71035,-0.556981
8.90332,5.70206,-0.278234
8.86094,6.68937,-0.134645
8.98355,7.69893,-0.17748
8.90796,8.72104,-0.300177
8.91368,9.73862,-0.41998
8.7991,10.7623,-0.422462
8.90813,11.8015,-0.346297
9.02561,12.7916,-0.493475
8.91446,13.7758,-0.882177
8.90053,13.8499,-1.91168
9.05843,14.7076,-1.35336
9.15968,15.1673,-2.24874
8.89538,15.5086,-1.32121
8.68437,16.3858,-1.75864
8.80356,17.0763,-1.01527
8.93288,18.0613,-0.673107
9.16919,18.9988,-0.262642
8.86368,19.9739,-0.25959
8.87039,20.9695,-0.456813
9.02372,21.9329,-0.124986
9.11773,22.8974,-0.0803461
8.97272,23.8111,0.393344
8.92692,24.8439,0.281295
9.09063,25.8653,0.213758
9.03236,26.785,-0.221628
9.05202,27.6767,0.209256
9.16413,28.5028,-0.417371
9.77696,2.86351,-0.163219
9.93672,3.7681,-0.613379
9.79714,4.79484,-0.573107
9.9375,5.80294,-0.304471
9.85622,6.84047,-0.357936
9.96235,7.84716,-0.146602
9.94071,8.82696,-0.352428
9.93304,9.83694,-0.559264
9.90781,10.8535,-0.399832
9.91773,11.8524,-0.51037
9.98421,12.9135,-0.688495
9.92016,13.9129,-1.01078
9.96783,13.9565,-2.0011
10.0604,14.7821,-1.44223
10.1725,15.3612,-2.24536
9.96601,15.5016,-1.26552
9.7311,16.3986,-1.70509
9.81047,17.0414,-0.937034
9.97163,17.9911,-0.592087
10.1268,18.9822,-0.659243
9.83729,19.9525,-0.321653
9.89281,20.961,-0.244649
10.0504,21.9329,-0.350987
10.1252,22.8916,-0.0714988
9.90522,23.8274,0.0777429
9.9297,24.8324,0.264718
10.0824,25.751,-0.0855129
9.99291,26.6673,0.227033
10.0515,27.6327,0.592761
10.1031,28.4238,-0.0693289
10.6202,3.3895,-0.0613208
10.9107,3.93829,-0.932929
10.8799,4.87154,-0.529267
10.9215,5.85206,-0.438127
10.86,6.83914,-0.228156
10.9924,7.83083,-0.348009
10.9624,8.85503,-0.51175
10.955,9.81144,-0.676879
10.8709,10.8433,-0.745729
10.9906,11.8383,-0.685199
10.9587,12.8776,-0.983938
10.9688,13.8878,-1.1563
10.96,13.9753,-2.17637
11.0639,14.6628,-1.45165
11.1756,15.2658,-2.24324
10.9936,15.5145,-1.25047
10.7707,16.4409,-1.57011
10.7854,17.0132,-0.766344
11.0068,18.0809,-0.717798
11.0567,19.1232,-1.04684
10.778,20.0486,-0.735731
10.8135,21.0893,-0.639384
11.0535,21.9305,-0.0635792
11.1169,22.8961,0.18825
10.9571,23.869,0.221195
10.9632,24.8399,0.444508
11.0983,25.7053,0.0754143
11.0288,26.7036,0.0640095
11.0279,27.7182,0.252605
11.1418,28.5988,-0.247584
11.6067,3.1272,-0.13068
11.9224,3.98122,-0.674065
11.9391,4.99892,-0.454216
11.912,5.97225,-0.263833
11.9089,7.0032,-0.286557
11.9753,7.92484,-0.731614
12.0191,8.94505,-0.418839
11.9653,9.88523,-0.764129
11.8708,10.8729,-0.640736
11.9612,11.8179,-1.01569
11.9591,12.8361,-1.27694
12.0136,13.8574,-1.21225
11.9902,14.0192,-2.2418
12.0712,14.6937,-1.46559
12.169,14.9441,-2.40522
11.9688,15.5037,-1.5743
11.7864,16.4978,-1.45679
11.8089,17.2357,-0.782861
12.013,18.2337,-0.883532
12.0599,19.1922,-1.10184
11.8084,20.1059,-0.79823
11.834,21.0901,-0.637675
12.0298,21.9379,-0.129328
12.1107,22.9217,-0.0333293
11.9508,23.9125,0.305564
11.9065,24.8739,0.106388
12.1619,25.8229,0.109803
12.0627,26.8212,-0.129017
12.009,27.789,0.069628
12.1642,28.7531,-0.309091
12.6254,3.05089,-0.193558
12.9052,3.99546,-0.500284
13.0359,4.97009,-0.334065
12.8938,5.98733,-0.326432
12.9092,7.00782,-0.432276
12.9195,8.00174,-0.371401
13.0726,8.96329,-0.421857
12.9937,9.8762,-0.849687
12.9277,10.9002,-0.689914
12.9706,11.7615,-1.19702
13.0073,12.7788,-1.33074
13.0014,13.7556,-1.38029
13.0447,14.0298,-2.3592
13.1007,14.6838,-1.51799
13.1946,14.9481,-2.48066
12.9896,15.4411,-1.59494
12.7826,16.3513,-1.23911
12.8628,17.3134,-0.800037
13.045,18.2159,-1.16935
13.0199,19.2188,-0.951686
12.834,20.2436,-1.05016
12.887,21.1456,-0.67528
13.0263,21.8459,0.0629109
13.1054,22.8637,0.171178
13.02,23.8408,0.466384
12.8995,24.7934,0.177801
13.097,25.6878,-0.287341
13.0893,26.6407,0.0488754
12.992,27.6738,0.137718
13.1376,28.4727,-0.49668
13.7767,3.03278,-0.191507
13.9151,3.99217,-0.402634
14.1022,4.97384,-0.35884
13.916,5.96803,-0.306217
13.9854,6.98777,-0.291723
13.9718,8.05929,-0.269433
14.0614,9.10207,-0.455998
14.0258,9.93241,-1.01142
13.9461,10.9616,-0.894113
14.0453,11.891,-1.23671
13.9765,12.8601,-1.23173
13.9731,13.7802,-1.60922
14.0528,14.0114,-2.55193
14.1361,14.5736,-1.70282
14.1856,15.1616,-2.5438
14.0098,15.5177,-1.54803
13.7188,16.4357,-1.67438
13.8072,17.3263,-1.15928
14.0614,18.2792,-1.25727
14.0463,19.2192,-0.970498
13.9007,20.2015,-0.87846
13.895,21.1602,-0.690893
14.0569,21.9392,-0.097467
14.1496,22.8772,0.216584
14.057,23.8796,0.428443
13.8851,24.8098,0.0937986
14.0619,25.5866,-0.465337
14.1343,26.5021,-0.0946745
13.9486,27.4813,-0.0202124
14.1546,28.4632,-0.286767
14.8783,3.07891,-0.178964
14.8999,4.07639,-0.185696
15.13,5.07084,-0.236027
14.985,6.03515,-0.446446
14.9828,6.96302,-0.0928526
15.0388,8.01162,-0.342766
15.066,8.95248,-0.650111
15.0653,9.88102,-1.01985
14.9994,10.8445,-0.970186
15.0969,11.8416,-1.20824
15.0662,12.8314,-1.3283
15.0234,13.7281,-1.77238
15.0576,14.2486,-2.64496
15.1194,14.5386,-1.70898
15.1835,15.0481,-2.69502
15,15.3867,-1.79172
14.773,16.3738,-1.59235
14.8535,17.2095,-1.05318
15.0835,18.1689,-1.12969
15.0262,19.2384,-1.02945
15.0042,20.2078,-0.848756
14.9452,21.1783,-0.432173
15.0659,22.0792,-0.0706259
15.1072,23.0822,-0.0095645
14.972,24.105,0.00204779
14.9024,25.0993,0.10886
14.9971,25.6169,-0.765987
15.118,26.2639,-0.0191839
14.9451,27.2778,0.163308
15.0039,28.3093,0.273214
15.946,3.10242,-0.0696707
15.9387,4.09991,-0.1897
16.1847,5.12665,-0.182284
16.0831,6.12391,-0.28225
15.9699,7.12361,-0.0823023
15.9891,7.97603,-0.659716
16.1083,8.96578,-0.765996
16.0897,9.95573,-0.742103
16.0044,10.9378,-0.870998
16.1393,11.9012,-1.02983
16.0917,12.873,-1.27941
16.0156,13.6852,-1.82796
16.0678,14.1357,-2.68994
16.2121,14.5353,-1.69788
16.1836,14.8017,-2.69327
16.0113,15.3869,-1.90235
15.7521,16.365,-1.81245
15.8847,17.1928,-1.28817
16.0702,18.1789,-1.26923
16.0663,19.145,-1.09406
16.0584,20.1019,-0.738185
15.8969,21.0928,-0.768453
16.0398,22.0773,-0.402667
16.0833,23.0439,-0.00655538
16.0352,24.0784,-0.107602
15.8717,25.0377,0.270367
16.0063,25.712,-0.550209
16.0945,26.4645,0.0672506
15.9578,27.4697,0.0976257
16.081,28.4418,0.400998
16.9849,3.05389,-0.262252
16.9585,4.05682,-0.244597
17.2251,5.03409,-0.194934
17.1438,6.0294,-0.344032
17.0488,7.02978,-0.194607
17.0219,7.98866,-0.461754
17.1127,8.95399,-0.692196
17.1301,9.94187,-0.989047
16.9822,10.9132,-1.15284
17.156,11.9185,-1.14513
17.1434,12.9437,-1.26984
17.0539,13.841,-1.7129
17.0866,14.2435,-2.66915
17.2456,14.6471,-1.76628
17.1875,14.9989,-2.70423
17.074,15.4968,-1.81759
16.7828,16.4738,-1.95011
16.8991,17.3015,-1.35946
17.0308,18.2295,-1.00725
17.0884,19.2534,-1.04263
17.0737,20.228,-0.676647
16.8994,21.248,-0.520017
17.001,22.3103,-0.627583
17.0671,22.9351,0.146849
17.032,23.9215,-0.195141
16.8327,24.902,0.145854
17.0299,25.493,-0.607025
17.0954,26.3677,-0.0716514
16.9829,27.3766,-0.0152989
17.1004,28.3925,0.20491
18.0063,2.8922,-0.295376
18.0057,3.96136,-0.234541
18.2378,4.94032,-0.249953
18.1656,5.93204,-0.474541
18.1001,6.93753,-0.219419
18.0768,7.93953,-0.285034
18.1558,8.88632,-0.708951
18.1283,9.90289,-0.968459
18.0488,10.9293,-1.05851
18.1919,11.8848,-1.36858
18.1592,12.8926,-1.2865
18.1029,13.8853,-1.64735
18.1257,14.1772,-2.58728
18.2418,14.7803,-1.81867
18.2272,15.024,-2.81665
18.0833,15.5771,-1.95984
17.7962,16.5699,-2.00883
17.8802,17.3935,-1.44467
18.0618,18.2902,-0.988134
18.0496,19.265,-0.677026
18.1481,20.2862,-0.564312
17.8781,21.2075,-0.266839
18.0035,22.168,-0.583639
18.0935,22.9789,0.0729728
18.0414,23.9368,-0.217283
17.8759,24.8445,0.25154
18.0657,25.4362,-0.550581
18.1232,26.2668,0.0126682
18.0529,27.2769,-0.221635
18.0842,28.2103,0.199631
19.0433,2.71529,-0.254598
18.9761,3.72923,-0.241926
19.2391,4.71333,-0.40723
19.2023,5.77173,-0.384936
19.0898,6.76998,-0.292163
19.0986,7.80317,-0.428901
19.1496,8.80395,-0.446416
19.1204,9.81176,-0.743361
19.0702,10.8225,-0.986712
19.2402,11.857,-1.24442
19.1882,12.9293,-1.4238
19.1275,13.9776,-1.60116
19.1414,14.179,-2.55261
19.2649,14.8827,-1.862
19.2823,15.2046,-2.7785
19.0775,15.6101,-1.86426
18.7143,16.553,-1.65483
18.8901,17.4924,-1.31937
19.0996,18.2728,-0.73582
18.9709,19.2217,-0.280264
19.1526,20.2213,-0.40221
18.9159,21.2089,-0.350453
19.0081,22.197,-0.625904
19.0785,23.0063,-0.0166082
19.0628,23.9916,-0.0196387
18.9252,24.8936,0.410804
19.0889,25.4203,-0.458214
19.1366,26.3984,-0.250917
19.0655,27.4389,-0.235127
19.1282,28.3631,0.147752
20.1183,2.67472,-0.194086
19.9694,3.63394,-0.380261
20.2326,4.56096,-0.232603
20.1772,5.47194,-0.640077
20.1069,6.39095,-0.310913
20.0159,7.39815,-0.295459
20.1145,8.45317,-0.405051
20.0965,9.43079,-0.71442
19.9647,10.4765,-0.706269
20.1995,11.4538,-1.02572
20.1372,12.438,-1.38213
20.0627,13.4236,-1.48148
20.158,13.9273,-2.39065
20.2189,14.5703,-1.6468
20.2655,15.0373,-2.52592
20.0791,15.6178,-1.68791
19.706,16.5252,-1.46726
19.8498,17.4034,-1.0524
20.0799,18.2701,-0.534483
19.9462,19.1558,-0.0632252
20.1611,20.167,-0.173409
19.9311,21.105,-0.356117
20.0618,22.0843,-0.596957
20.0709,23.0713,-0.174792
20.0939,24.0947,-0.0167486
19.9487,25.0148,0.424564
20.0656,25.4495,-0.463332
20.1766,26.456,-0.383798
20.0235,27.4182,-0.407883
20.1786,28.1153,0.320029
21.1033,2.37044,-0.226853
20.9448,3.31443,-0.54583
21.1966,4.27892,-0.182675
21.1755,5.27401,-0.259523
21.1257,6.27642,-0.313535
21.0357,7.23667,-0.217078
21.1086,8.23222,-0.295587
21.107,9.18901,-0.555174
20.8967,10.1458,-0.432902
21.12,11.0918,-0.76906
21.027,11.9894,-1.18256
21.0045,13.0524,-1.32468
21.0753,13.5078,-2.2342
21.2101,14.3209,-1.67909
21.3217,15.0341,-2.40546
21.0987,15.5786,-1.55248
20.7134,16.4749,-1.37978
20.9038,17.4015,-1.02169
21.1109,18.2856,-0.624659
20.9802,19.045,0.02537
21.1414,19.9979,-0.421232
20.9564,20.9944,-0.374682
21.0764,22.0229,-0.534709
21.0849,23.0141,-0.331285
21.1794,24.0184,-0.0817194
20.9257,24.9195,0.255934
21.0622,25.5665,-0.446812
21.2229,26.5432,-0.358065
21.0305,27.4826,-0.0543748
21.1951,28.3379,0.412094
22.109,2.14755,-0.268773
21.9751,3.05988,-0.602646
22.235,3.9363,-0.209552
22.1115,4.95222,-0.52468
22.0805,5.95661,-0.470675
22.071,6.95956,-0.238408
22.1594,8.00641,-0.289801
22.1221,8.93749,-0.70408
21.8743,9.78178,-0.174752
22.0925,10.7361,-0.514591
22.0153,11.605,-1.09212
21.9468,12.6104,-1.04425
21.9286,13.4301,-1.71176
22.2196,14.2954,-1.30451
22.2522,14.9407,-2.06466
22.0796,15.4718,-1.18267
21.726,16.3927,-1.07204
21.9077,17.3703,-0.881918
22.0854,18.2732,-0.49252
21.982,19.1861,-0.206552
22.1655,20.205,-0.28916
21.9715,21.1504,-0.655547
22.0726,22.1237,-0.481683
22.1075,23.091,-0.136317
22.133,24.0279,0.212168
21.9611,24.9928,0.119968
21.9268,25.9773,-0.10882
22.1274,26.8088,-0.640718
22.0513,27.5892,0.0399091
22.1747,28.4942,0.480499
23.0649,1.92252,-0.298373
23.0214,2.87111,-0.547166
23.2496,3.69513,0.022248
23.0107,4.57564,-0.408615
23.0465,5.63031,-0.394913
23.0157,6.6355,-0.300855
23.068,7.6219,-0.243287
23.1074,8.61085,-0.5047
22.9075,9.47726,-0.0507248
23.0679,10.5106,-0.322672
22.9474,11.2956,-1.00522
22.9229,12.2824,-0.957262
22.8926,13.2089,-1.37884
23.1991,14.0804,-0.955705
23.1889,14.7995,-1.6622
23.0531,15.3836,-0.861907
22.7102,16.3553,-0.673601
22.9511,17.3632,-0.679406
23.1144,18.2296,-0.20701
22.9864,19.246,-0.0828852
23.1752,20.1253,-0.498965
22.9801,21.1231,-0.307553
23.1034,22.1327,-0.605139
23.0538,23.094,-0.354872
23.0699,24.1128,-0.130894
22.9936,25.0785,0.132911
22.9643,26.0267,-0.312165
23.1136,26.9512,-0.564135
23.0604,27.7484,0.059566
23.0637,28.7576,0.0715476
24.1033,1.7273,-0.190307
24.0219,2.61327,-0.663152
24.2186,3.39305,-0.0158818
24.0462,4.34206,-0.323463
24.0975,5.34479,-0.465865
23.9947,6.3428,-0.344734
24.0883,7.3288,-0.112922
24.0748,8.30246,-0.17315
23.9035,9.27574,0.08764
24.0944,10.1798,-0.370632
23.9521,11.0462,-0.839647
23.8316,12.0004,-0.456426
23.8242,12.8738,-0.983447
24.2005,13.8145,-0.923038
24.1862,14.7085,-1.53322
24.0607,15.3444,-0.795367
23.7737,16.2863,-0.594833
23.9819,17.2317,-0.896173
24.0452,17.9108,-0.108689
23.9893,18.9326,-0.0372326
24.0639,19.9495,0.0637684
23.9806,20.9084,-0.261843
24.1127,21.901,-0.360549
24.0541,22.8936,-0.145253
24.0507,23.9226,0.0243965
24.0526,24.9272,0.0464583
24.0183,25.8606,-0.41106
24.1131,26.802,-0.593988
24.0517,27.7668,-0.285913
24.0611,28.7066,0.0508591
25.0316,1.29495,-0.111295
24.9887,2.23396,-0.4438
25.1893,3.19968,-0.121305
25.0241,4.16452,0.0391644
25.0928,5.10144,-0.447816
24.9804,6.05171,-0.467116
25.0681,7.00193,-0.0157353
24.9728,7.95459,0.202759
24.9481,8.94943,0.0876247
25.0987,9.84946,-0.341447
24.8993,10.7209,-0.869628
24.7436,11.5997,-0.37419
24.8955,12.4968,-0.850569
25.1317,13.5206,-0.84604
25.119,14.4243,-1.27795
25.0601,15.2258,-0.654109
24.8904,16.1703,-0.461711
24.991,17.1557,-0.517994
25.0479,17.9502,0.10921
24.9975,18.9344,0.190759
25.1085,19.9543,0.0427595
24.9709,20.8748,-0.353584
25.0223,21.7985,0.0374523
25.0094,22.8108,0.153529
25.0653,23.7689,-0.145555
25.0188,24.7892,-0.143251
25.0266,25.7929,-0.407739
25.0915,26.795,-0.368468
25.0582,27.7951,-0.437599
25.0809,28.6792,0.0492538
26.0029,0.964492,0.0534898
25.9977,1.89122,-0.372893
26.174,2.87754,0.0158208
26.0159,3.85336,0.229432
26.0013,4.7991,-0.147624
25.9571,5.79639,-0.265865
26.063,6.78428,-0.172164
26.008,7.72315,0.193689
25.9681,8.7499,0.154997
26.1065,9.65713,-0.243068
25.9271,10.576,-0.646025
25.777,11.4898,-0.173788
25.946,12.3017,-0.733375
26.1145,13.2596,-0.940263
26.0665,14.2665,-0.952214
26.0602,15.1216,-0.457982
25.9743,16.1027,-0.507349
26.0143,17.1002,-0.445067
26.104,17.9746,0.0297708
26.0031,19.0034,0.00716575
26.1465,20.032,0.0322153
26.0032,20.9447,-0.328858
25.9903,21.9429,-0.233485
25.9937,22.843,0.235569
26.0846,23.8411,0.175472
26.014,24.8364,0.148595
26.0742,25.7352,-0.252196
26.0787,26.7158,-0.458721
26.1074,27.7644,-0.294415
26.0886,28.755,-0.0812891
27.013,0.767086,0.138948
27.032,1.58704,-0.445122
27.1498,2.58923,-0.0667501
27.0253,3.5992,0.0627125
27.0172,4.59587,0.0375347
26.9808,5.57155,-0.10954
27.1085,6.55513,-0.0144078
27.0503,7.57275,0.0691794
27.0102,8.5932,0.134974
27.1085,9.52182,-0.344969
27.0164,10.4796,-0.574364
26.8518,11.3747,-0.171761
26.9871,12.16,-0.806806
27.078,13.1321,-0.648909
27.0102,14.1747,-0.517148
27.0972,15.1655,-0.330778
26.979,16.1676,-0.428141
27.0869,17.1998,-0.450679
27.0723,18.0403,0.18272
26.9875,18.9918,-0.111615
27.1558,19.9917,-0.251537
27.0089,20.9812,-0.160085
26.9925,21.9377,0.127647
26.9868,22.9193,0.0328776
27.1153,23.8959,0.409989
27.0268,24.8476,0.134892
27.0993,25.7387,-0.37337
27.1001,26.7339,-0.296805
27.085,27.7433,-0.139958
27.1506,28.7471,-0.182687
28.0188,0.576388,0.32765
28.0423,1.35589,-0.334486
28.1116,2.30258,0.00597247
28.0107,3.2745,0.230528
28.0244,4.30095,0.0726524
27.9733,5.34509,0.155254
28.1237,6.33872,0.0166173
27.9684,7.34245,-0.329868
27.9799,8.26303,0.0709647
28.0647,9.29686,-0.0705435
28.0342,10.2481,-0.414048
27.9425,11.211,-0.0647816
28.0257,12.0945,-0.578753
28.0353,13.0999,-0.321165
28.0045,14.1069,-0.156197
28.0275,15.0927,0.000335704
27.9723,16.0473,-0.191546
28.0303,17.0591,-0.140257
28.0443,18.0513,-0.0673177
27.9808,19.0519,0.0822321
28.1941,20.0389,-0.0213294
28.042,21.0371,0.0572375
28.0215,22.0701,0.104419
28.0304,23.0412,-0.194162
28.0483,24.0214,0.165917
28.0416,25.0352,0.0291971
28.0683,25.8878,-0.499744
28.1141,26.8761,-0.383673
28.0692,27.6744,0.186398
28.111,28.7136,0.164504
28.9603,0.248448,0.163344
29.042,1.16114,-0.218567
29.0925,2.17605,-0.238206
29.0405,3.05411,0.208841
29.0453,4.08737,-0.00361339
28.9921,5.08852,0.305417
29.0974,6.05329,0.0288308
28.9703,7.05167,-0.203385
29.0273,8.04592,0.0165288
29.0895,9.0594,-0.167919
29.0327,10.0465,-0.116657
29.0239,11.036,0.0999542
29.0192,11.9571,-0.353221
29.0381,12.9198,-0.153511
29.0249,13.8982,-0.152907
29.0128,14.9466,0.017481
28.9278,15.9792,0.093994
29.0407,16.9386,-0.249181
29.0309,17.9002,0.0357555
29.0393,18.9399,0.11872
29.1886,19.9307,0.143629
29.0329,20.9303,-0.0168645
29.0407,21.9615,0.0887417
29.0349,22.9681,0.0682211
29.0353,23.9913,0.206458
29.0431,25.023,-0.111005
29.0189,26.0679,-0.0997528
29.12,27.0602,-0.236668
29.0184,28.0081,0.173983
29.0749,29.0751,-0.0589526
