0.0130711,0.00470901,-0.231437
-0.00495926,1.31339,-0.23057
-0.033665,2.56496,-0.288037
0.00491348,3.86697,-0.249452
-0.00685141,5.14208,-0.221097
0.0143986,6.40393,-0.180627
0.0231971,7.69919,-0.204837
0.0598224,8.96512,-0.220515
0.0596728,10.2201,-0.202292
0.194845,11.4209,-0.302234
0.171273,12.6907,-0.424741
0.185141,13.8202,-0.713459
0.20806,14.8398,-1.21007
0.180303,15.9018,-1.42786
0.0658589,16.7332,-0.842518
0.168761,17.7376,-0.74199
-0.023487,17.9501,0.227155
0.00419019,17.6455,-0.715265
0.0175024,17.9739,0.21876
-0.0119144,18.9988,0.240968
0.905747,0.440931,-0.33964
0.900885,1.723,-0.256755
0.891458,3.03093,-0.206958
0.919767,4.33568,-0.101376
0.906806,5.59712,-0.0852962
0.957198,6.88454,-0.105097
0.945814,8.18159,-0.112256
1.01231,9.4268,-0.0800531
0.980123,10.6578,-0.212491
1.06208,11.893,-0.282571
1.08236,13.1485,-0.419965
1.21625,14.308,-0.716437
1.47613,15.174,-1.23404
1.39315,16.2543,-1.40607
1.10117,16.8265,-0.583203
1.29281,17.7088,-0.970855
0.928428,18.0439,-0.0963408
0.976876,17.2964,-0.699847
0.927918,18.2081,-0.251024
0.979589,19.0217,0.350774
1.87188,0.666625,-0.254314
1.91338,2.01287,-0.182415
1.87558,3.3182,-0.189489
1.91684,4.61271,-0.186816
1.92099,5.921,-0.181439
1.91711,7.23004,-0.184808
1.88526,8.57822,-0.202692
1.86709,9.94299,-0.236836
1.77457,11.3631,-0.192666
1.62936,12.7438,-0.0333811
1.14646,14.038,0.106806
1.74843,15.188,-0.422288
2.63711,15.6379,-1.13345
2.371,16.5474,-0.691183
1.86504,17.6766,-0.893213
2.10046,16.9114,-0.488589
1.96468,17.9607,-0.323392
2.01124,17.0312,-0.713907
1.92315,18.0101,-0.409861
1.95106,18.909,-0.00880459
2.83388,0.444316,-0.323273
2.85937,1.7395,-0.379287
2.85777,3.05344,-0.359032
2.86642,4.36735,-0.397342
2.85003,5.62017,-0.364843
2.83223,6.86864,-0.304318
2.79253,8.08652,-0.325144
2.70218,9.31105,-0.301141
2.58769,10.6313,-0.364693
2.35687,11.86,-0.242747
2.12453,13.1215,-0.236659
2.40386,14.1888,-0.524662
2.69253,14.6613,-1.46442
2.52291,15.7378,-1.49859
2.28701,16.6521,-0.972134
2.97584,17.3706,-1.07438
2.95954,18.0083,-0.274883
2.98887,17.2004,-0.996942
2.8965,18.1431,-0.584304
2.95794,19.0299,-0.070275
3.86662,0.340767,-0.251756
3.88731,1.57115,-0.199368
3.81947,2.79407,-0.194269
3.79883,3.99561,-0.28142
3.7752,5.19695,-0.367263
3.69423,6.36859,-0.397812
3.65471,7.52617,-0.324155
3.54971,8.69947,-0.403687
3.4324,9.88766,-0.359447
3.27132,11.1213,-0.340623
3.06494,12.2515,-0.355876
3.16424,13.3398,-0.609589
3.50685,14.1339,-1.2243
3.38907,15.1275,-1.33796
3.22618,16.1017,-0.92743
3.87102,16.9492,-0.851271
3.99297,17.7635,-0.259825
3.9304,17.5196,-1.26692
3.93133,18.3285,-0.593994
3.98945,19.0768,0.0430403
4.84324,0.220417,-0.0613239
4.86572,1.38761,-0.139705
4.82876,2.55438,-0.105292
4.82753,3.67875,-0.256847
4.73802,4.80662,-0.27618
4.61691,5.90624,-0.346467
4.58073,7.07439,-0.377294
4.5355,8.22791,-0.471426
4.36479,9.37243,-0.478179
4.22723,10.4792,-0.409516
4.00284,11.5655,-0.346547
4.09842,12.6425,-0.664364
4.35862,13.6334,-0.929588
4.23481,14.6402,-1.04313
4.21074,15.6393,-1.00142
4.78051,16.5061,-0.787075
4.94567,17.3398,-0.153713
4.90557,17.474,-1.13154
4.93919,18.1522,-0.399966
5.00375,19.0232,0.140425
5.87097,0.0746635,-0.00662557
5.88381,1.14985,-0.124717
5.79701,2.24572,-0.0264931
5.7809,3.37956,-0.0319864
5.70196,4.51372,-0.169671
5.62745,5.54912,-0.21673
5.56718,6.65289,-0.348814
5.4637,7.76231,-0.5279
5.32673,8.87278,-0.520695
5.153,9.96229,-0.515442
5.0293,11.0779,-0.62508
5.05679,12.1064,-0.588107
5.26395,13.0826,-0.862114
5.16649,14.151,-1.02875
5.21586,15.1432,-0.818641
5.72418,16.0771,-0.982177
5.79255,16.8086,-0.309894
5.94005,17.3916,-1.15626
5.92942,18.0704,-0.388907
6.01591,19.0412,-0.10271
6.8594,0.145296,-0.0214026
6.89474,1.18172,-0.103256
6.80903,2.28033,-0.105188
6.78635,3.31086,-0.106296
6.72988,4.39689,-0.12678
6.65643,5.42616,-0.225736
6.63924,6.42855,-0.474798
6.4756,7.48709,-0.475851
6.32663,8.56796,-0.525211
6.21088,9.67209,-0.601883
6.05899,10.6683,-0.756865
6.07173,11.6858,-0.566512
6.26688,12.7291,-0.803815
6.18075,13.7684,-0.88399
6.21003,14.8062,-0.848604
6.63513,15.7264,-0.684353
6.76423,16.5786,-0.133268
6.89873,17.2602,-0.867464
6.91778,18.0351,-0.205622
7.01084,18.9934,0.0941313
7.91968,0.0111972,0.0160497
7.93091,1.10645,0.0333079
7.83894,2.1831,-0.151878
7.79576,3.21132,-0.0642109
7.7509,4.22527,-0.181115
7.63307,5.21667,-0.189926
7.63875,6.24848,-0.387753
7.53706,7.30565,-0.313804
7.36074,8.34605,-0.240611
7.21927,9.32275,-0.482382
7.07689,10.2972,-0.626014
7.15383,11.3496,-0.586779
7.2207,12.3825,-0.825581
7.20385,13.4491,-0.827848
7.24913,14.4468,-0.718845
7.58334,15.3874,-0.542787
7.73792,16.3332,-0.106104
7.88079,17.2728,-0.594882
7.95885,18.0437,0.0782708
8.0122,19.0271,0.155715
8.98292,-0.0534776,0.0283425
8.97929,0.998166,0.0678396
8.87485,2.04528,-0.147591
8.80666,3.11098,-0.00451064
8.80891,4.14166,-0.125291
8.64204,5.1303,-0.108979
8.6697,6.12869,-0.308789
8.57241,7.13247,-0.200137
8.39797,8.17015,-0.204675
8.30402,9.19258,-0.390567
8.09109,10.1476,-0.545173
8.15944,11.1753,-0.531138
8.2556,12.1714,-0.73534
8.21141,13.1468,-0.893075
8.32812,14.1583,-0.74134
8.55319,15.0792,-0.324195
8.72192,16.0957,-0.212772
8.87897,17.1262,-0.261415
9.00761,18.0892,0.0121494
9.02575,19.0162,0.30846
9.98584,-0.137559,-0.199554
9.95542,0.924851,-0.132829
9.86903,1.94805,-0.0418043
9.83985,2.95008,0.0257454
9.83218,4.00757,-0.112702
9.71053,5.05449,-0.0353099
9.75457,6.06691,-0.197934
9.69394,7.11391,-0.148531
9.47081,8.12029,-0.151021
9.3318,9.14041,-0.102878
9.13699,10.0896,-0.486355
9.24623,11.0962,-0.543397
9.33953,12.1469,-0.669335
9.26316,13.189,-0.482907
9.40613,14.1643,-0.496274
9.58631,15.1337,-0.228523
9.77729,16.0934,-0.359377
9.91436,17.1049,-0.330815
10.048,18.063,-0.0162481
9.96202,19.0467,-0.0177282
11.043,-0.000317392,-0.124009
10.9753,1.06739,0.0588397
10.8866,2.01143,-0.310544
10.8249,3.03233,-0.193616
10.8454,4.04956,-0.269036
10.7878,5.03874,-0.123533
10.8177,6.02593,-0.0815241
10.7385,7.05632,-0.172298
10.5666,8.0646,-0.174621
10.3937,9.10139,-0.187347
10.2522,10.0538,-0.460186
10.2822,11.0563,-0.429994
10.38,12.1049,-0.464171
10.3491,13.0958,-0.505063
10.4572,14.0778,-0.473412
10.6114,15.0562,-0.301697
10.8016,16.0722,-0.0830348
10.9344,17.0434,-0.0843257
11.0564,18.0232,-0.293539
11.01,19.0395,-0.081988
12.0766,-0.0268014,0.0768395
11.9758,1.00855,0.041905
11.8225,2.01119,0.173235
11.8713,3.01957,-0.131098
11.9098,4.05957,-0.120878
11.762,5.02041,0.127241
11.8213,6.04924,-0.0158147
11.7523,7.06419,-0.109952
11.5758,8.05577,-0.210071
11.4846,9.06393,-0.284698
11.3065,10.0362,-0.343696
11.3639,11.0415,-0.459749
11.4705,12.0462,-0.47925
11.4325,13.0655,-0.332987
11.5175,14.0517,-0.254961
11.7309,15.0586,-0.483016
11.8488,16.0561,-0.160396
11.9131,17.052,-0.0217719
11.9787,18.0255,0.080285
12.0172,19.0422,-0.101334
13.0492,0.0214759,0.338667
13.049,1.01769,0.0450026
12.8785,1.98694,0.226051
12.8752,2.87726,-0.338285
12.9386,3.89026,-0.120432
12.8141,4.93791,0.0046968
12.87,5.95616,0.0502396
12.7993,6.96628,-0.141417
12.6941,7.99732,-0.150423
12.5721,8.99396,-0.0397839
12.4138,10.0078,-0.304776
12.4464,11.0814,-0.260198
12.5201,12.0405,-0.409168
12.5008,13.0197,-0.280166
12.5526,14.0289,-0.39328
12.7235,15.0364,-0.206217
12.8584,16.0421,-0.0567919
12.9386,17.0374,-0.0971313
12.9983,18.0292,0.000808741
12.999,19.0433,0.0268349
14.0577,-0.0278237,0.196109
14.015,0.988336,0.39574
13.9312,2.02564,0.0244423
13.8633,2.99472,-0.20907
13.9545,3.98824,0.0164373
13.8783,5.01583,0.115687
13.8758,6.05838,0.0573748
13.8515,7.0438,-0.0780877
13.7054,8.03166,-0.2283
13.6151,9.03807,-0.139402
13.5016,10.0047,-0.24875
13.552,11.0199,-0.275677
13.5946,11.9897,-0.330561
13.6106,12.9918,-0.281317
13.6021,13.9991,-0.119291
13.7941,14.9624,-0.277184
13.9024,15.9922,-0.163567
13.9928,16.9249,0.0679739
14.0001,17.9313,0.138932
14.0247,18.9228,0.0501114
15.0524,-0.00477004,0.288879
15.012,1.03001,0.186062
14.9173,2.00522,-0.000677511
14.8589,2.98253,0.0474929
14.9937,3.9532,0.0284341
14.8445,4.98552,0.244594
14.8834,6.00614,0.112107
14.9118,6.98745,-0.118925
14.779,7.9736,-0.259243
14.6929,9.00497,-0.240239
14.6244,9.99202,-0.340794
14.5793,11.0206,-0.171795
14.6256,12.0065,0.00302744
14.6862,13.0061,-0.223148
14.6827,14.0258,-0.0841975
14.7793,14.9983,-0.174023
14.9058,15.9873,0.0569262
14.9844,17.0014,-0.0682546
14.9944,18.0636,0.229582
15.0365,19.1352,0.198349
16.06,-0.100549,0.270598
16.0487,0.897378,0.0214301
15.9277,1.91319,0.0919584
15.9373,2.94798,0.0222388
16.0047,3.96554,0.240138
15.9009,4.94574,0.222819
15.9325,5.96713,0.313102
16.0176,6.88609,-0.0651692
15.8573,7.93093,-0.229429
15.7232,8.96225,-0.306858
15.6919,9.97627,-0.07322
15.6931,11.0352,-0.174123
15.7161,12.0692,-0.0823206
15.7293,13.0695,-0.16223
15.7697,14.1159,-0.0382305
15.8318,15.1043,-0.0417341
15.9086,16.0971,0.0699973
15.971,17.0657,0.348665
16.0479,17.9924,-0.0516434
16.0026,19.0104,0.0166295
17.0439,0.0519639,0.210068
17.039,1.07066,-0.0307382
16.9349,2.08488,0.0562517
16.9153,3.08041,0.160561
17.0357,4.09083,0.254552
16.8898,5.06081,-0.0314066
16.96,6.05835,0.151527
17.0208,7.0011,-0.219443
16.9123,8.00754,-0.227989
16.7937,9.02371,-0.361126
16.8117,10.0104,-0.140526
16.8045,11.0454,-0.146242
16.7543,12.1121,-0.0966948
16.8289,13.1191,0.0721458
16.789,14.1057,-0.162569
16.8763,15.095,-0.140626
16.9618,16.096,0.0736534
17.0159,17.1409,0.0625904
17.0615,18.0992,-0.231413
17.0499,19.0652,0.158626
18.0114,-0.0376995,0.0271645
17.9847,1.00435,0.219703
17.9667,2.03623,0.142332
17.9411,3.05643,0.141157
17.9956,4.08767,0.0653005
17.9158,5.09669,0.117258
17.9773,6.08784,-0.0628315
18.0303,7.09101,0.0553148
17.9464,8.00414,-0.339277
17.821,9.02741,-0.189517
17.9236,10.0372,-0.136094
17.8756,10.9806,-0.237352
17.8631,12.0128,-0.106098
17.9053,13.0553,-0.00722983
17.8862,14.0702,-0.0688528
17.917,15.0793,-0.235551
18.0332,16.0976,-0.157289
18.0285,17.038,0.207657
17.9827,18.0121,0.289731
17.992,18.9674,0.512922
19.0384,0.0153447,-0.0500565
18.9736,0.962236,0.110758
18.9734,1.96809,0.0381176
18.9469,2.99398,0.218229
18.9923,4.02647,0.106665
19.0022,5.00607,0.0259835
19.0089,5.98719,-0.142537
19.008,7.00372,-0.160228
19.0086,8.02093,-0.264782
18.9082,8.98681,-0.364528
19.0488,9.95275,-0.220048
18.8968,10.9206,-0.126438
18.9988,11.9395,-0.153749
18.9194,12.9713,-0.063628
18.9388,14.0289,-0.0243202
18.948,15.0253,-0.0100772
19.0343,16.0016,0.0921201
18.9873,17,0.349409
19.0507,17.9746,0.265453
18.9948,18.9815,0.396243
