-0.00416578,-0.0484298,-0.372542
0.945741,0.0599963,-0.0814631
1.94035,0.0534135,0.0660787
2.91705,-0.0606738,0.293982
3.89593,-0.0381909,0.239424
4.92625,0.000805689,-0.00349132
5.95978,0.0223823,0.126157
6.93962,-0.0202795,0.236723
7.94151,0.0100467,0.155034
8.94053,-0.000521867,0.0559069
9.9411,0.0120914,0.16516
10.9532,0.0137394,-0.0240791
11.9697,0.0233711,0.131468
12.9789,0.0273293,0.17344
13.9861,-0.0521744,0.269851
15.0288,0.0147984,0.0860103
16.0522,0.00388195,0.177502
17.0723,0.0407086,-0.0281106
18.0316,-0.0600421,-0.312583
18.9875,0.00920133,0.0106113
-0.0259804,0.862694,0.0170507
0.96003,1.14404,-0.174068
1.97739,1.02721,-0.119831
2.93817,0.978726,0.0515793
3.97553,0.9931,0.258788
5.02703,1.00737,0.205005
6.05982,0.998364,0.182629
7.03666,1.00759,0.0311838
8.04175,1.10046,0.103748
9.05557,1.04306,0.165044
10.05,1.06352,0.056505
11.0278,1.04872,-0.307068
11.9197,1.02686,0.183282
12.8949,1.01728,-0.121223
13.8917,0.942915,-0.0424604
14.9156,1.05767,-0.0876217
15.9608,1.02415,-0.060683
16.9706,1.03373,0.0352336
17.9771,0.947273,-0.199692
18.9885,1.00233,-0.138987
-0.0357128,1.86926,-0.00239265
0.935353,2.13118,-0.157332
1.94134,2.06923,-0.250771
2.90128,1.98098,0.165105
3.89984,1.98667,-0.0573473
4.89217,2.04434,0.0206671
5.91762,2.02024,0.183706
6.96774,2.05011,0.078695
8.00607,2.08682,0.0946196
9.03815,2.04753,0.324476
9.89849,1.97375,-0.252843
10.9257,2.05766,-0.231526
11.8516,2.02188,0.156423
12.8739,2.03657,-0.0511917
13.904,1.91797,0.121003
14.9206,1.96595,0.209873
15.9203,2.04769,0.103635
16.9488,2.01256,0.0616108
17.9562,1.99847,-0.130631
18.9839,1.97831,-0.0177465
0.0369488,2.86353,0.245701
1.04075,3.03427,0.23805
1.96773,3.04457,-0.211948
2.91866,3.00701,0.155528
3.89884,3.00005,0.0959929
4.9002,3.05746,-0.00522782
5.89514,3.04563,-0.00603351
6.9353,3.05201,0.0355937
7.9584,3.1186,0.30112
8.90639,3.00074,-0.0123539
9.88766,3.00412,-0.155797
10.9012,3.08378,-0.171334
11.9204,2.98984,-0.0548204
12.8958,3.0431,0.16071
13.9305,2.907,-0.00158696
14.8712,2.93532,0.380813
15.887,2.99338,0.390722
16.9468,3.05779,0.301978
17.9163,2.97028,0.0834437
18.9823,3.00498,0.104523
0.0120487,3.90125,0.0364086
0.998041,4.05033,0.257845
2.00194,4.00966,0.188003
3.00708,3.99705,0.0849544
4.0461,3.99543,0.15349
5.05705,4.01216,0.376913
6.02036,4.03545,0.177868
6.95295,4.03085,-0.185083
7.94566,4.07362,-0.0545915
8.93835,4.06983,0.166311
9.84529,4.04836,-0.260454
10.8803,4.09089,-0.235862
11.875,3.94178,-0.334736
12.8787,3.92937,-0.282855
13.866,3.95021,0.0163884
14.8906,3.90203,0.0615345
15.9117,4.00909,0.330552
16.9702,4.04467,0.109391
17.963,3.99476,0.180428
18.9898,4.03556,0.051091
-0.00977813,4.96114,0.0471694
0.970528,5.08072,0.269353
2.03435,5.03144,0.290869
2.96691,4.98106,-0.125245
3.91882,5.01399,0.136195
4.91503,4.97841,0.220475
5.93139,5.01451,-0.00695822
6.91137,5.06172,-0.0222663
7.89693,5.09324,0.098999
8.92577,5.02162,-0.0928739
9.95106,5.07486,-0.045909
10.9449,5.06626,0.128788
11.924,4.87051,0.00735801
12.9338,4.93848,-0.192404
13.9436,4.9779,-0.215906
14.9732,4.96176,-0.00615864
15.9621,4.981,-0.0419874
16.9797,5.04577,0.0248787
17.995,5.00462,0.220032
19.0335,5.01739,0.259716
0.0472518,6.00781,0.0865169
1.0344,6.07071,0.3021
1.98105,5.99324,0.00819727
2.95126,5.93457,0.354491
3.9108,5.98312,0.0479659
4.92607,5.96306,0.0277261
5.9822,5.99508,0.0389142
6.96717,6.06527,0.115503
7.95837,6.13683,-0.00695212
8.93373,5.99421,0.0922391
9.97941,6.05748,0.0891018
10.9326,6.02004,-0.302881
11.992,5.87745,-0.206418
13.0321,5.92119,0.0620899
14.062,5.92005,0.119987
15.0551,5.96939,0.127445
16.0682,5.96988,0.128489
17.0957,6.0943,0.170516
18.0858,6.04426,0.141017
19.0771,6.04548,0.272091
0.0428388,7.05898,0.251036
1.05627,7.08736,0.333665
1.93699,6.99599,-0.0978454
2.93304,7.0085,0.218494
3.91459,6.99539,-0.0326518
4.91136,6.96383,-0.150096
5.97495,6.97898,-0.167537
6.93222,7.0972,0.0993042
7.89036,7.09012,0.326902
8.96211,7.02415,0.105112
9.91267,7.03468,-0.191629
10.9774,7.00053,-0.233158
12.0139,6.91337,-0.243779
13.0386,6.93384,-0.101877
14.043,6.88756,0.0423536
15.0423,6.96979,-0.0166875
16.0211,6.97049,-0.0434004
17.0515,7.12586,0.0743614
18.0251,7.05427,0.194647
18.9873,7.01519,-0.0163182
-0.0184454,8.05857,0.212891
0.978195,8.09377,0.0597644
1.97265,8.01608,0.17116
2.97143,8.01257,0.0622639
3.97013,7.98087,0.230351
4.99937,8.00989,0.0451155
5.99813,7.9806,-0.0744713
7.02535,8.08206,0.00812708
8.09796,8.06759,0.0999512
9.04835,7.98166,-0.164452
10.0233,8.03245,-0.170116
10.9988,8.02342,-0.291961
11.9964,7.9756,-0.316953
12.9709,7.96987,-0.089407
14.0046,7.88009,-0.0269234
15.0651,7.97863,-0.0627461
16.0122,7.96218,0.294913
16.9713,8.08287,0.457378
18.0096,8.07009,0.209546
18.9874,7.99193,-0.0484268
-0.0102542,8.99441,-0.118247
1.01303,9.09529,-0.0415387
1.98436,8.9908,0.160381
3.02713,8.97824,0.370562
3.97093,8.95614,0.0632893
4.96648,8.99763,0.287573
5.95629,9.0386,0.10542
6.9905,9.0414,0.258531
7.97238,9.02897,0.216715
8.90978,8.93489,-0.0579913
9.89934,9.08881,-0.151769
10.9072,9.04351,-0.264245
11.9092,9.02554,-0.445534
12.8901,8.95269,-0.219904
13.8936,8.9251,0.0280984
14.9372,8.97033,0.306049
15.9042,8.95621,0.0574969
16.9798,9.02124,-0.0425428
17.961,9.07903,0.149974
18.9624,9.02871,0.11995
0.0441481,9.98445,-0.212964
1.07191,10.1362,-0.160707
2.01502,10.0098,0.14261
3.03735,9.94755,0.106687
4.03128,9.92599,0.304099
5.01263,10.0266,0.368078
6.02098,9.99058,0.324613
7.01098,10.0423,0.439879
7.96757,10.0278,-0.00324412
8.9311,9.9309,-0.0948729
9.88783,10.046,-0.37734
10.8484,10.0119,-0.00217292
11.9066,9.97815,-0.0954222
12.9367,9.94837,-0.0673696
13.9174,9.92082,-0.147411
14.9576,9.95102,-0.0705161
16.008,9.97335,-0.119529
17.0508,9.9834,-0.261251
17.9986,10.0755,0.0857326
19.008,10.1078,0.143281
0.027897,11.0443,-0.124671
0.923896,10.9724,0.373678
1.94167,10.9906,0.0775597
2.99679,10.9871,0.0884213
4.0309,10.9328,0.103891
5.04315,10.9916,0.155815
6.02315,10.951,-0.0941954
7.02493,10.9968,0.19031
8.04097,11.0347,0.0666585
9.00087,10.9167,-0.136396
10.0028,10.9716,-0.110749
11.0171,10.9981,-0.0415418
12.0198,10.946,0.0992676
12.9897,10.9481,-0.223045
14.0257,10.9756,-0.145357
15.0007,11.0071,-0.249199
16.0121,10.9697,-0.186514
17.0411,11.0381,-0.224943
17.9978,11.0894,-0.0309977
18.9694,11.0556,-0.224509
0.0151097,12.1048,0.0847774
1.00268,12.0155,0.260204
2.03851,12.0263,0.181664
3.04897,12.0072,0.218406
4.05845,11.9839,0.130512
5.02648,11.9972,0.273827
5.91324,12.0019,-0.15573
6.97661,11.9318,-0.181149
8.00389,12.0118,-0.0639821
9.01186,11.9036,-0.337257
10.0548,11.9925,-0.0669698
11.0484,11.9717,-0.141053
12.0054,11.8904,-0.334867
12.9942,11.9618,-0.0690451
13.9747,11.9847,-0.254463
14.9548,12.0224,-0.0581469
15.9994,11.9652,-0.0319926
17.0342,12.0263,0.0260109
17.9931,12.0263,0.296973
18.9701,11.9695,0.0320475
0.026307,13.1065,-0.0528275
1.0543,13.0428,0.110794
2.04698,12.9822,-0.0659474
3.06301,13.0157,0.0154668
4.06907,12.9916,0.188726
5.05839,12.9653,-0.048384
6.04698,13.0276,-0.146718
7.00686,12.9666,-0.334645
7.99417,12.9953,-0.152419
8.98512,12.9319,-0.0717124
9.98571,13.0152,-0.167147
11.0127,12.9792,-0.145143
11.9919,12.8899,-0.283615
13.0199,12.9205,-0.365032
14.0233,12.9617,-0.121085
15.0567,13.0342,-0.172848
16.0116,12.9872,0.169845
17.0231,13.0001,0.320808
18.0309,13.0385,0.418943
19.043,12.9897,0.331114
-0.0426832,14.0899,-0.299783
0.981564,14.0211,-0.282891
1.97963,14.036,-0.0661885
3.00348,14.0794,0.0443281
4.01897,14.0204,0.0367656
5.04218,13.987,-0.0223975
6.06335,14.0288,0.0935057
7.04876,14.0288,-0.308139
8.01835,14.0097,-0.0240669
9.03796,13.9415,-0.196634
10.0509,13.9999,-0.190445
11.1188,13.9767,-0.343287
12.1325,13.8942,-0.223093
13.16,13.9035,-0.0999786
14.1903,13.9486,-0.105158
15.2133,14.0426,-0.303339
15.9166,14.0066,0.374105
17.0071,14.0058,0.289389
18.0023,14.0948,0.546413
19.012,14.0059,0.228825
-0.00179449,15.0329,-0.0714194
1.01898,15.0634,-0.032606
1.97725,15.054,-0.246312
2.99314,15.0928,-0.0199255
3.97368,15.0347,-0.0940672
4.98537,15.0238,-0.0586138
5.98042,15.0413,0.0618915
6.98544,14.9492,0.0755028
7.9486,15.0737,-0.0957854
8.96915,14.9701,-0.0572527
9.96367,14.9907,-0.197351
10.9516,14.9738,-0.175408
11.9319,14.894,-0.193216
12.9373,14.906,-0.103348
13.9789,14.9316,0.0526749
15.0075,14.9083,0.232878
16.0618,15.0126,0.115491
17.0695,15.0168,0.294327
18.0129,14.981,-0.012302
19.0104,14.9759,-0.042671
0.0273415,16.0111,-0.240452
1.02181,16.0955,0.0694357
1.98183,16.0924,-0.0966796
2.97664,16.1234,0.0872707
3.95506,16.0612,-0.133488
4.95219,16.0777,-0.0655385
5.96265,16.0853,-0.132978
6.98877,15.9717,0.0133854
7.98644,16.0912,0.239119
8.9901,15.9913,0.0875729
9.97307,16.0221,-0.248326
11.0146,15.999,-0.274923
12.0355,15.9356,-0.278872
13.0696,15.9102,-0.196017
14.0367,15.9542,-0.101102
15.0351,15.9368,0.0273476
16.0458,16.0425,0.042674
17.0405,16.0172,0.269597
18.0451,15.9776,0.262825
18.9872,15.9734,-0.0389294
-0.00491653,17.0301,-0.146559
0.971993,17.0791,0.208621
1.99347,17.0737,0.0022187
3.02788,17.1203,0.0363811
4.0403,17.0601,-0.165468
5.01293,17.0774,0.25378
6.00936,17.0285,0.0667348
7.02688,16.9685,0.0506333
8.01016,17.0847,0.173867
8.93668,16.9344,-0.204202
9.93211,17.0123,-0.079104
10.9452,17.0447,-0.229209
11.9173,16.9738,-0.0941557
12.9005,16.9702,-0.284201
13.9058,16.9783,-0.0765038
14.9409,16.9906,0.04073
15.9261,17.0733,-0.135105
16.9588,16.9794,-0.0837001
17.9875,16.9489,-0.0429334
19.0126,16.9542,0.0570513
0.0217322,17.9995,0.126991
0.951369,17.9612,-0.250487
1.97867,18.0195,-0.350407
2.96426,18.0141,-0.36718
3.99193,18.0535,-0.346739
5.00232,18.0418,-0.189523
6.00292,18.0479,-0.0132145
7.05774,17.9777,0.141527
8.0094,17.9909,-0.219953
9.03625,17.9019,0.0576678
9.98437,18.0338,-0.202274
11.0314,18.0549,-0.273556
12.0569,18.01,-0.319132
13.0505,17.9752,-0.283648
14.0746,17.9639,-0.0652211
15.0929,17.9813,0.0466231
16.0312,18.0675,-0.379656
17.0396,18.018,-0.24709
18.0175,17.9999,-0.0923063
19.0128,17.9857,-0.171224
-0.00475173,19.0026,-0.0241981
0.966253,18.9592,-0.038905
1.98578,18.9886,-0.115336
3.01439,18.9824,-0.0162114
4.01954,19.0255,0.0207556
5.02509,19.007,0.103876
6.04917,19.0125,0.24557
7.00916,18.9684,-0.0166509
8.01232,18.9985,0.00862758
9.00316,18.9532,-0.0897641
9.96027,19.0436,-0.307404
10.988,19.0568,-0.292212
11.9759,19.0202,-0.142781
12.9875,19.0202,-0.295108
13.9438,19.0226,-0.0611316
14.9006,18.9713,-0.266292
15.9374,19.077,-0.303891
16.9462,18.9909,0.0168859
17.9388,19.0097,-0.101273
19.0022,18.9746,-0.146941
