0.00781579,0.0312235,-0.153529
0.000482192,1.32898,-0.17434
-0.0440992,2.64476,-0.178509
0.00499283,3.92869,-0.184008
-0.0191992,5.19391,-0.26972
0.0217292,6.46103,-0.31868
0.0126621,7.72022,-0.402573
0.0698599,8.99887,-0.433299
0.0464309,10.2038,-0.423395
0.165447,11.4072,-0.583917
0.189358,12.6206,-0.700964
0.231166,13.762,-0.993518
0.297229,14.8413,-1.4198
0.21269,15.8869,-1.45811
0.0688253,16.7375,-0.955815
0.187259,17.7515,-1.03138
-0.0940458,18.348,-0.188958
-0.0231513,17.4848,-0.720066
0.121223,17.9973,0.116742
-0.0178991,19.0061,0.175613
0.877053,0.619086,-0.138414
0.890744,1.87111,-0.176891
0.881057,3.1491,-0.221522
0.944307,4.42246,-0.2163
0.905649,5.64315,-0.316898
0.985278,6.90806,-0.327006
0.958092,8.15441,-0.313315
1.03497,9.35188,-0.408353
1.01047,10.6064,-0.378191
1.07082,11.8439,-0.348384
1.03487,13.0841,-0.128968
1.24371,14.1237,-0.570275
1.21336,14.4876,-1.63498
1.16375,15.5991,-1.49319
1.11227,16.5174,-0.932417
1.08848,17.4486,-1.25179
0.792587,18.0956,-0.528822
0.945888,17.0634,-0.594607
1.07924,18.0319,-0.223991
0.948878,19.025,-0.0982238
1.86844,0.813358,-0.277532
1.85867,2.11639,-0.346379
1.89355,3.41617,-0.284359
1.92074,4.67894,-0.279901
1.90017,5.9746,-0.45551
1.91015,7.33692,-0.465288
1.89698,8.62958,-0.47441
1.85743,9.91556,-0.345961
1.813,11.2164,-0.123267
1.72159,12.4767,0.127519
1.55952,13.8322,0.670193
1.50229,15.0355,-0.0850948
1.16435,15.3958,-1.30503
1.41297,16.5172,-1.23467
1.73321,17.3367,-0.424436
1.78761,16.761,-1.10516
1.81402,17.8072,-0.60394
1.94487,16.8496,-0.557402
2.09636,17.9345,-0.231748
1.93017,18.8979,-0.0456313
2.88218,0.605908,-0.363829
2.84734,1.82901,-0.323566
2.88437,3.08257,-0.369216
2.85428,4.30345,-0.280981
2.84233,5.55498,-0.438273
2.8135,6.81953,-0.389206
2.82022,8.07774,-0.385556
2.71385,9.30933,-0.329395
2.67129,10.594,-0.262117
2.40867,11.7769,-0.15222
2.20347,12.9886,-0.0207526
2.1574,14.1057,-0.414411
2.08933,14.6778,-1.25186
2.15982,15.7131,-1.2833
2.37334,16.5253,-0.777825
2.42542,17.5179,-1.00623
2.76692,17.773,-0.0681173
2.86414,17.1495,-0.824512
3.12079,18.0152,-0.305679
2.94832,19.0077,-0.0571032
3.86191,0.416913,-0.284268
3.84893,1.62208,-0.276135
3.8631,2.82499,-0.273043
3.82743,3.98632,-0.38844
3.81157,5.21128,-0.493728
3.80848,6.42156,-0.500391
3.74921,7.60673,-0.459825
3.66737,8.79001,-0.363396
3.54604,9.94569,-0.440889
3.31317,11.0719,-0.305408
3.11624,12.1933,-0.316416
3.02486,13.2578,-0.640178
3.07628,14.1347,-1.16087
3.1224,15.0968,-1.36246
3.30926,16.0231,-1.10656
3.32721,17.0393,-1.06983
3.71295,17.3531,-0.170003
3.77185,17.3717,-1.17255
4.07947,18.2512,-0.590426
3.93975,19.118,-0.104773
4.90336,0.25753,-0.210337
4.85038,1.39106,-0.176308
4.87798,2.50465,-0.236708
4.77368,3.64931,-0.318317
4.73919,4.79247,-0.395825
4.71773,5.88943,-0.390362
4.64253,7.06126,-0.439952
4.58267,8.22419,-0.432209
4.39936,9.36623,-0.514368
4.25357,10.4766,-0.496573
4.01183,11.5025,-0.467797
3.93495,12.5828,-0.767513
4.00458,13.5627,-1.1284
4.11856,14.5146,-1.21844
4.21712,15.4536,-0.936695
4.18678,16.4562,-1.10941
4.64892,16.8604,-0.30314
4.80192,17.4531,-1.13363
5.11437,18.2526,-0.568667
4.97971,19.0326,0.101846
5.90173,0.0876003,-0.214838
5.85359,1.18074,-0.243696
5.88016,2.2749,-0.248363
5.78355,3.3637,-0.264562
5.70761,4.47195,-0.270647
5.65882,5.54823,-0.3335
5.62134,6.66445,-0.352455
5.5924,7.79221,-0.486154
5.43181,8.91872,-0.507624
5.21191,9.97999,-0.497647
5.02128,11.0655,-0.544981
4.91341,12.0157,-0.802826
4.90666,13.0603,-0.922828
5.14534,14.0678,-1.02803
5.23457,15.1071,-0.93867
5.21489,16.1127,-1.10974
5.59469,16.4168,-0.231559
5.73313,17.2735,-0.788
6.08561,18.1562,-0.340956
6.03749,19.0239,0.157179
6.91598,0.170409,-0.279769
6.86165,1.21098,-0.319004
6.86392,2.23329,-0.230433
6.81088,3.26308,-0.311655
6.71191,4.29734,-0.263631
6.67632,5.40923,-0.165102
6.6216,6.47288,-0.240867
6.57293,7.5392,-0.392337
6.47048,8.57848,-0.489123
6.24551,9.6283,-0.529969
6.06622,10.6988,-0.533296
5.97661,11.7099,-0.707733
5.86861,12.7401,-0.886157
6.0852,13.7065,-0.74391
6.23181,14.7052,-0.927244
6.24607,15.696,-0.896088
6.62938,16.2888,-0.159523
6.7343,17.2456,-0.517005
7.09001,18.1546,-0.205042
7.05985,19.009,0.369018
7.93114,0.0316294,-0.399591
7.90699,1.03168,-0.29967
7.89297,2.07478,-0.354503
7.86143,3.12359,-0.317527
7.68508,4.15304,-0.259532
7.73782,5.18365,-0.233613
7.65502,6.24585,-0.375069
7.60059,7.33318,-0.464641
7.50931,8.34047,-0.432398
7.26289,9.34145,-0.382537
7.13191,10.3879,-0.407123
6.99151,11.411,-0.580123
6.92942,12.4468,-0.818354
7.103,13.4494,-0.78497
7.29787,14.4436,-0.884164
7.2843,15.4873,-0.783886
7.62928,16.2721,-0.247267
7.76604,17.2267,-0.440025
8.09014,18.0833,-0.113138
8.06172,19.0311,0.227055
8.93291,-0.0974975,-0.418522
8.86096,0.903485,-0.414322
8.8891,1.97226,-0.283822
8.9003,3.04104,-0.246004
8.67244,4.02241,-0.244911
8.7322,5.09709,-0.340602
8.72855,6.165,-0.386392
8.65402,7.19033,-0.270418
8.56632,8.25755,-0.277386
8.31716,9.24775,-0.279894
8.18305,10.249,-0.341826
8.072,11.2968,-0.516691
8.0831,12.3115,-0.718155
8.14377,13.269,-0.582611
8.26482,14.2706,-0.598959
8.33248,15.2975,-0.648772
8.63023,16.175,-0.16722
8.82325,17.1767,-0.231233
8.99615,17.9785,0.279781
9.06246,19.0067,0.306766
9.89388,-0.125391,-0.0985229
9.83345,0.923179,-0.000177007
9.93567,1.97457,-0.191491
9.92471,3.01494,-0.204938
9.70211,4.03059,-0.211454
9.72041,5.05145,-0.329484
9.79922,6.13497,-0.252791
9.76387,7.17679,-0.323795
9.60063,8.22069,-0.287225
9.41762,9.20063,-0.241163
9.26991,10.185,-0.316077
9.2204,11.2249,-0.565227
9.16729,12.2449,-0.608371
9.18137,13.2794,-0.458962
9.30929,14.3125,-0.484024
9.3449,15.2524,-0.824876
9.6934,16.1016,-0.371566
9.80241,17.1114,-0.273498
9.96762,18.0927,0.0204932
10.0831,19.0532,0.169109
10.9032,-0.00899075,0.00695822
10.838,0.979064,-0.101047
10.9405,1.97266,-0.372857
10.9257,2.96904,-0.11359
10.7652,4.02625,-0.156151
10.8122,5.0795,-0.291516
10.8216,6.15148,-0.248088
10.8249,7.16128,-0.0511093
10.6046,8.15318,-0.195254
10.4608,9.15032,-0.2626
10.3733,10.1642,-0.325629
10.3358,11.1952,-0.388983
10.2597,12.1691,-0.540553
10.2571,13.1717,-0.52946
10.3627,14.1376,-0.395611
10.3909,15.1647,-0.513941
10.7072,16.0887,-0.33704
10.8051,17.0924,-0.136799
11.0057,18.1062,-0.11373
11.0805,19.0636,0.171181
11.8676,-0.0234535,0.22833
11.8713,0.967049,-0.00382397
11.9643,1.99468,-0.102658
11.8932,3.01479,-0.252141
11.7619,4.06163,-0.302521
11.8197,5.13275,-0.33426
11.8601,6.13617,-0.24388
11.7994,7.12304,-0.310147
11.6041,8.12733,-0.365169
11.5752,9.13784,-0.291311
11.47,10.1194,-0.265462
11.4159,11.1389,-0.359551
11.3379,12.1241,-0.43553
11.3267,13.1752,-0.518488
11.47,14.1651,-0.301996
11.4562,15.1415,-0.306473
11.6871,16.1074,-0.0467391
11.8179,17.1269,-0.295572
12.0802,18.0776,-0.216666
12.0594,19.0612,-0.113553
12.9013,0.0227302,0.118937
12.8879,1.06278,-0.0168035
12.9388,2.03168,0.159371
12.9099,2.9763,-0.189898
12.7724,4.01113,-0.294925
12.8171,5.00127,-0.248143
12.8601,6.0564,-0.339207
12.86,7.07767,-0.343474
12.6476,8.0814,-0.362276
12.6495,9.12939,-0.402683
12.522,10.0782,-0.142112
12.4791,11.075,-0.134504
12.4171,12.0932,-0.193393
12.4622,13.0682,-0.452104
12.4992,14.0918,-0.250465
12.5088,15.1132,-0.370516
12.7398,16.1292,-0.234892
12.8804,17.1074,-0.363717
13.0581,18.034,-0.0449416
13.0544,19.0446,0.0198553
13.9545,-0.0378002,0.0633686
13.9201,0.98012,0.040791
13.9797,2.02854,-0.149214
13.9255,3.03018,-0.231883
13.836,4.01255,-0.307901
13.7979,5.01487,-0.119074
13.8951,6.0173,-0.201996
13.8328,7.02643,-0.0393078
13.7593,7.97822,-0.347417
13.668,8.97879,-0.240049
13.5869,9.99433,-0.137574
13.5469,11.0289,-0.0135289
13.4977,12.0362,-0.175268
13.5452,13.0117,-0.327796
13.5722,14.0648,-0.272485
13.5573,15.0814,-0.374062
13.791,15.9926,0.00193182
13.9128,16.989,-0.335578
14.0362,17.9537,-0.0540452
14.0436,18.9269,0.164373
14.961,-0.00329905,-0.0219031
14.9323,1.01933,-0.187094
14.9967,2.0128,-0.459108
14.9594,2.98519,-0.412223
14.9137,4.04178,-0.462294
14.8361,5.00079,-0.18142
14.9014,6.00287,-0.168035
14.875,7.08324,-0.109543
14.8041,8.0569,-0.462236
14.731,9.03022,-0.261077
14.6334,10.0583,-0.155959
14.6179,11.0572,-0.214084
14.5925,12.0613,-0.143464
14.5939,13.0619,-0.254494
14.6218,14.1138,-0.156304
14.618,15.1031,-0.314167
14.832,16.105,-0.150075
14.9385,17.1541,-0.0938932
15.0244,18.1813,-0.00884426
15.0362,19.1231,0.266903
15.9914,-0.156294,0.0474654
15.9686,0.844359,-0.021482
15.9681,1.86687,-0.209937
15.9328,2.90566,-0.214045
15.8932,3.90764,-0.193439
15.8949,4.95307,0.00779443
15.9155,5.9526,-0.0632618
15.8687,6.99938,0.0648213
15.787,7.95152,-0.282641
15.783,8.95481,-0.206653
15.701,9.97953,-0.0514603
15.7318,10.9804,-0.122248
15.7138,12.069,-0.132289
15.6327,13.0758,-0.178381
15.6944,14.0865,-0.402527
15.6793,15.1318,-0.324171
15.8786,16.0708,-0.261516
15.8958,17.0611,0.146803
16.0114,18.0597,-0.185107
16.0066,19.0239,0.182449
17.0191,0.0439222,-0.13137
17.0095,0.992792,0.190124
16.9596,1.97697,-0.150801
16.9422,2.97829,-0.0384564
16.8371,3.9704,0.147884
16.9542,4.93006,-0.0320505
16.9842,5.96063,-0.0747765
16.916,6.98743,-0.114185
16.8779,7.98239,-0.41912
16.8302,8.99356,-0.121168
16.7676,10.0065,-0.150417
16.8196,11.0315,-0.209787
16.8142,12.0783,-0.219739
16.7292,13.0519,-0.249245
16.7784,14.0892,-0.249059
16.7781,15.1067,-0.24868
16.9003,16.0647,-0.322422
16.9349,17.0323,-0.0605701
17.0776,18.0564,-0.0166204
17.0183,19.0631,0.0876553
18.0381,-0.0804346,-0.0428358
17.976,0.924308,-0.0106143
17.9878,1.95962,0.0681936
17.9499,3.03655,0.132109
17.8991,4.00626,0.196527
17.954,4.90746,-0.348573
18.0167,5.93969,-0.218683
17.9561,6.94296,-0.243275
17.9579,7.96843,-0.271474
17.9102,8.99831,-0.156224
17.8738,10.0112,-0.172857
17.8459,11.0267,-0.319779
17.8986,12.0562,-0.254439
17.8438,13.0289,-0.145952
17.8817,14.036,-0.19747
17.8524,15.0726,-0.293545
17.9493,16.0543,-0.322431
17.9765,17.0054,-0.11738
18.0973,17.9721,0.268929
17.9865,18.9625,0.295358
19.0367,0.0108585,-0.203345
18.9783,0.884564,0.266314
18.9553,1.91207,0.23928
18.9443,2.91388,0.266753
18.9302,3.93066,0.073867
18.9836,4.90302,-0.225913
19.0059,5.94474,-0.195801
18.9708,6.93668,-0.519147
19.0135,7.96477,-0.400058
18.9852,8.95895,-0.287411
18.9851,9.97975,-0.274108
18.9058,10.9653,-0.27438
18.9754,11.9909,-0.185708
18.927,13.0258,-0.161705
18.944,14.025,-0.175347
18.9533,15.0308,-0.221662
19.0385,16.0727,-0.187921
18.9687,16.9939,0.218677
19.12,17.9899,0.230909
19.0045,18.9881,0.176458
