-0.287423,1.34357,-0.803015
-0.0490036,1.78444,0.0781487
-0.0494064,2.72149,0.415317
-0.0711295,3.66764,0.0796808
-0.163469,4.68547,-0.0412061
-0.212516,5.71093,-0.159365
-0.18113,6.70311,-0.32176
-0.210379,7.67223,-0.496533
-0.13976,8.67164,-0.387954
-0.290005,9.47933,-0.947935
-0.12168,10.507,-0.966579
-0.179528,11.4655,-0.54268
-0.296368,12.4337,-0.735127
-0.253191,13.3911,-1.17773
-0.227012,14.4062,-1.34782
-0.272738,15.3472,-0.984826
-0.281149,16.206,-0.417322
-0.36259,17.229,-0.493887
-0.186599,18.1465,-0.0681448
0.0828669,19.0826,-0.200449
0.0711173,20.0916,-0.240226
-0.239631,21.0134,-0.0256783
-0.133869,22.0111,-0.18909
-0.135121,22.89,0.261516
-0.118888,23.9026,0.0886502
-0.243397,24.8263,0.470028
-0.124662,25.6516,-0.0705588
-0.0217536,26.5501,-0.501761
-0.231666,27.5081,-0.705576
-0.270363,28.5038,-0.594812
0.712387,1.27855,-0.651741
0.989642,1.96335,0.00611591
0.981961,2.87765,0.436589
0.928394,3.88787,0.106043
0.865954,4.91361,-0.083813
0.845344,5.92083,0.0901334
0.888226,6.82617,-0.336805
0.796057,7.77762,-0.582275
0.853185,8.77033,-0.444316
0.775719,9.77294,-0.772478
0.868987,10.7001,-1.09399
0.799765,11.5229,-0.47813
0.770901,12.4855,-0.927198
0.779937,13.4202,-1.23565
0.784179,14.3889,-1.47813
0.750615,15.3206,-1.01218
0.629643,16.2857,-0.889026
0.654115,17.1711,-0.400629
0.787741,18.1598,-0.503406
1.0983,19.1038,-0.566298
1.0863,20.0118,-0.127635
0.770425,20.9685,-0.245256
0.925077,21.9596,-0.271212
0.864882,22.8287,0.294864
0.893628,23.7562,-0.132459
0.703949,24.6509,0.224522
0.851598,25.678,0.151167
0.953899,26.6256,-0.194452
0.747731,27.5371,-0.574728
0.789129,28.5712,-0.74196
1.61222,1.73934,-0.774441
1.99968,2.17714,0.0661397
1.98873,3.13797,0.404682
1.94999,4.14019,0.194943
1.88053,5.12553,-0.116984
1.86573,6.12321,-0.0869991
1.87645,7.03183,-0.468255
1.80873,8.0567,-0.33676
1.88366,9.05406,-0.511646
1.80738,9.98317,-0.949586
1.81871,10.9277,-1.35612
1.80068,11.699,-0.683062
1.79841,12.6139,-1.07078
1.80035,13.5948,-1.33399
1.82719,14.6163,-1.55573
1.76379,15.2359,-0.809146
1.60553,16.2439,-0.717454
1.62884,17.2068,-0.304898
1.8156,18.2025,-0.659514
2.15841,19.113,-0.516462
2.07467,19.9902,0.0654561
1.73472,20.9425,-0.0355296
1.99105,21.9157,-0.332148
1.90568,22.776,0.31579
1.88649,23.7009,-0.0403974
1.74238,24.6064,0.439817
1.8189,25.5752,0.0443434
2.03783,26.5711,-0.107025
1.79836,27.5455,-0.346342
1.79814,28.5724,-0.465749
2.60562,2.0253,-0.887664
2.96685,2.39234,-0.00323191
2.94814,3.40544,0.236158
2.91203,4.38206,0.0250526
2.92553,5.26766,-0.346101
2.93962,6.27865,-0.216166
2.92326,7.27389,-0.531434
2.83129,8.26071,-0.59107
2.91546,9.27539,-0.593487
2.75196,10.2365,-0.791827
2.88175,11.1566,-1.19667
2.80578,12.0239,-0.741914
2.76412,12.6938,-1.52055
2.81995,13.6866,-1.24866
2.87813,14.6153,-1.74876
2.78466,15.2805,-0.977114
2.65093,16.2445,-0.801105
2.69842,17.2044,-0.365197
2.83808,18.2094,-0.499777
3.16897,19.1617,-0.633573
3.05109,20.0502,-0.141365
2.67257,20.935,-0.422019
3.01361,21.9073,-0.271233
2.91641,22.8817,0.0839473
2.87562,23.8578,-0.109259
2.7372,24.7943,0.239378
2.83517,25.6507,-0.22544
3.11274,26.6032,0.0621052
2.82094,27.4753,-0.341667
2.80641,28.4449,-0.465093
3.68179,1.96706,-0.848515
4.0258,2.40461,0.0395886
3.94228,3.39616,0.109262
3.95974,4.38296,-0.0880367
3.92727,5.41196,-0.206085
3.9496,6.40475,-0.28992
3.94448,7.41137,-0.503949
3.82556,8.4039,-0.607044
3.89651,9.45174,-0.427091
3.76899,10.4895,-0.600656
3.90196,11.2722,-1.30516
3.85036,12.149,-0.831413
3.83934,12.8158,-1.60707
3.86791,13.77,-1.32605
3.84887,14.5343,-1.97458
3.6782,15.4124,-1.46846
3.64589,16.283,-0.910044
3.58288,17.2736,-0.815848
3.88497,18.1364,-0.31113
4.1176,19.1308,-0.365004
4.09393,20.0551,-0.0294046
3.68322,20.9041,-0.454695
4.01007,21.8961,-0.351973
3.90401,22.7566,0.108911
3.86853,23.6617,-0.305408
3.71337,24.6359,-0.0171789
3.79301,25.5953,0.136048
4.09346,26.546,0.453316
3.79925,27.1933,-0.254549
3.81475,28.209,-0.540385
4.71704,2.23681,-0.907984
4.92253,2.77956,-0.112452
4.92593,3.77704,0.177831
4.93019,4.78834,-0.0232948
4.88957,5.77956,-0.19671
4.90613,6.79496,-0.284292
4.9213,7.74922,-0.61316
4.87209,8.75198,-0.645552
4.86244,9.74987,-0.590109
4.81632,10.7321,-0.694079
4.85383,11.5774,-1.27244
4.90217,12.4747,-0.81984
4.89981,13.1051,-1.5942
4.87236,14.0654,-1.41011
4.80497,14.8017,-2.0726
4.75051,15.674,-1.60914
4.62698,16.5516,-1.14416
4.60768,17.5428,-1.00548
4.92495,18.1326,-0.21442
5.09305,19.0842,-0.55978
5.06493,20.0744,-0.35753
4.67533,21.0667,-0.3309
5.00766,22.0334,-0.230207
4.9367,22.9225,0.206574
4.85304,23.5616,-0.561449
4.68709,24.5425,-0.292898
4.76784,25.5421,0.0214576
5.09119,26.4862,0.225214
4.7624,27.4168,0.0975829
4.88925,28.28,-0.338749
5.74564,2.42037,-0.735914
5.89115,2.99662,0.119938
5.85744,3.98618,-0.124296
5.9363,5.00861,-0.165856
5.90678,6.00819,-0.270763
5.94561,7.00389,-0.154198
5.88121,8.01766,-0.370492
5.87475,9.01914,-0.550078
5.85464,10.0235,-0.718821
5.74188,10.8896,-1.20501
5.87866,11.9213,-1.32627
5.91768,12.8883,-0.963082
5.8886,13.1634,-1.93422
5.88618,14.1542,-1.65632
5.79539,14.8923,-2.31831
5.76645,15.7507,-1.77486
5.62061,16.5108,-1.15368
5.65477,17.5457,-0.89465
5.89595,18.2639,-0.216758
6.15748,19.0661,-0.716538
6.12635,20.1014,-0.434993
5.66317,20.9993,-0.342833
6.01113,21.9663,-0.235368
5.93058,22.94,-0.0771264
5.89008,23.6869,-0.764104
5.70491,24.5672,-0.19194
5.7175,25.5566,-0.318418
6.12731,26.3667,0.0952605
5.80925,27.2847,-0.0418683
5.94474,28.2428,-0.463997
6.75514,2.74589,-0.94937
6.81738,3.33496,-0.104682
6.81653,4.39524,0.079696
6.90345,5.26599,-0.423658
6.9354,6.268,-0.306803
6.8975,7.27763,-0.351772
6.82624,8.2237,-0.712464
6.83018,9.27515,-0.738389
6.8682,10.2355,-0.989434
6.77448,11.1833,-1.27771
6.84809,12.1409,-0.91308
6.90508,13.1107,-1.16998
6.88267,13.2877,-2.16102
6.96615,14.1962,-1.6886
6.8221,14.9337,-2.37518
6.80404,15.5535,-1.57853
6.62151,16.3788,-1.03465
6.66339,17.3683,-0.813678
6.90643,18.1857,-0.220899
7.17494,19.106,-0.630296
7.20844,20.1135,-0.422813
6.62885,20.835,-0.0595599
7.02752,21.7572,-0.113919
6.95881,22.7748,-0.129923
6.90653,23.6864,-0.516721
6.7324,24.6131,-0.266845
6.71754,25.6449,-0.39769
7.20078,26.3686,0.111487
6.82247,27.3131,0.135789
6.98954,28.0332,-0.54893
7.83428,2.77072,-0.982501
7.741,3.59267,-0.441237
7.86738,4.49116,-0.0210395
7.97496,5.44949,-0.390814
7.94218,6.45481,-0.494565
7.87928,7.4305,-0.507483
7.85504,8.44733,-0.745991
7.81085,9.4427,-0.721708
7.9313,10.4398,-0.965258
7.77937,11.4344,-1.25789
7.86625,12.4562,-1.13434
7.87055,13.4619,-1.25565
7.84004,13.6464,-2.28355
7.92991,14.4912,-1.64611
7.83338,14.8362,-2.58654
7.83114,15.4669,-1.78851
7.57916,16.2987,-1.25189
7.69625,17.2683,-0.946525
7.87187,18.2169,-0.600858
8.1818,19.1845,-0.51937
8.13736,20.157,-0.696371
7.66386,20.9244,-0.290683
7.98332,21.8382,0.0509232
7.95953,22.8289,-0.0749443
7.91751,23.8002,-0.266234
7.73982,24.828,-0.306116
7.60948,25.7037,-0.790475
8.18555,26.3167,-0.144905
7.85791,27.1822,0.225987
8.01926,27.9236,-0.493063
8.87053,3.05988,-0.924842
8.71022,3.83387,-0.291363
8.85645,4.76789,0.0443403
9.02402,5.61618,-0.480602
8.96624,6.66601,-0.465221
8.93575,7.68271,-0.641142
8.83348,8.63959,-0.948723
8.8457,9.64688,-0.964949
8.91288,10.6786,-1.01616
8.82394,11.7072,-1.2646
8.78605,12.7019,-1.45676
8.80082,13.7563,-1.56497
8.88647,13.8342,-2.56244
8.92197,14.6793,-1.92513
8.84528,14.934,-2.88354
8.84798,15.5406,-2.04085
8.62197,16.2357,-1.33731
8.72698,17.1966,-0.874395
8.8865,18.1126,-0.602393
9.13167,19.0195,-0.251054
9.15124,19.9861,-0.565691
8.71086,20.7438,-0.0900571
8.97979,21.7096,0.0508042
8.96602,22.7763,-0.0837214
8.97111,23.7555,-0.186724
8.79476,24.7452,-0.158309
8.67523,25.6317,-0.602905
9.2646,26.3701,-0.219547
8.90482,27.2399,0.155382
8.99351,28.0981,-0.355782
9.8644,2.89301,-0.532569
9.76153,3.84237,-0.216517
9.87952,4.84581,-0.0966491
10.0151,5.82405,-0.336012
9.96387,6.86812,-0.566079
9.9605,7.86598,-0.735322
9.8823,8.84769,-0.841008
9.86739,9.87787,-0.889319
9.89277,10.8742,-1.14682
9.84672,11.8337,-1.48055
9.78104,12.8848,-1.59126
9.85278,13.8914,-1.53508
9.95341,13.9243,-2.51137
9.93198,14.5844,-1.77371
9.88212,14.7866,-2.76597
9.87725,15.4326,-1.94762
9.67472,16.3593,-1.35832
9.70906,17.3422,-1.11307
9.91861,17.9856,-0.376046
10.1573,18.9876,-0.208722
10.1855,19.94,-0.496908
9.78253,20.7983,-0.122523
10.0418,21.7502,0.141362
9.98878,22.7273,-0.104328
10.0042,23.7178,-0.324769
9.81398,24.6873,-0.271133
9.69955,25.6833,-0.266918
10.2827,26.5009,-0.206571
9.95595,27.4115,0.290997
10.0265,28.2454,-0.237449
10.8333,3.11956,-0.554759
10.815,4.13475,-0.404645
10.8842,4.95873,0.145329
11.0392,5.93059,-0.138926
10.9451,6.85594,-0.554915
11.0098,7.86262,-0.747127
10.9609,8.89004,-0.932728
10.9148,9.86169,-0.693838
10.9886,10.8089,-1.04656
10.9149,11.7779,-1.41825
10.7835,12.8085,-1.37002
10.8644,13.8617,-1.48441
10.9507,14.0542,-2.42869
10.9958,14.7711,-1.76651
10.9063,14.7193,-2.76981
10.9702,15.4753,-2.10241
10.7066,16.1356,-1.37044
10.6695,17.0698,-0.900449
10.9837,17.8738,-0.397647
11.1257,18.886,-0.347133
11.1789,19.8913,-0.379861
10.8271,20.8563,-0.363656
11.0002,21.7827,-0.0760002
11.0339,22.7668,0.0272011
11.0044,23.7703,-0.206867
10.8278,24.713,0.030195
10.6962,25.6186,-0.282156
11.2593,26.4366,0.0551103
10.9651,27.4275,0.192456
11.0893,28.3581,-0.228785
11.882,3.06443,-0.498523
11.8359,4.04868,-0.542418
11.9072,4.92121,-0.081991
12.0707,5.9636,-0.247432
11.9129,6.9871,-0.340464
12.0156,7.86362,-0.835487
11.9798,8.89918,-0.76343
11.9437,9.88893,-0.851628
12.0585,10.863,-1.08654
11.925,11.8034,-1.40429
11.8613,12.7893,-1.3664
11.8697,13.778,-1.55305
11.9846,13.9458,-2.54097
12.0836,14.5567,-1.72684
11.9807,14.7263,-2.79
12.0086,15.6012,-2.20112
11.7255,16.2514,-1.46327
11.6929,16.8971,-0.665426
12.0236,17.8339,-0.442289
12.1986,18.8418,-0.35323
12.2054,19.828,-0.486373
11.8383,20.7892,-0.189352
12.0005,21.7776,0.00933866
12.0677,22.7574,0.106421
12.0346,23.5836,-0.459673
11.8205,24.4792,-0.0305979
11.7461,25.4818,-0.0894986
12.2838,26.3455,-0.102585
11.9516,27.3461,0.026426
12.1239,28.3437,-0.161553
12.9175,3.06806,-0.67879
12.8214,3.9961,-0.289322
12.9673,5.02679,-0.127531
13.1193,6.03329,-0.108182
12.9555,6.99171,-0.307346
13.0699,7.84149,-0.783007
13.0132,8.8718,-0.825706
12.9271,9.84902,-1.06106
13.1271,10.8916,-1.14844
12.9592,11.8197,-1.49356
12.9527,12.8954,-1.4134
12.8925,13.8368,-1.76088
12.9184,14.1723,-2.74768
13.0536,14.8034,-2.00516
12.9877,14.7,-3.02651
13.0196,15.4691,-2.3085
12.7401,16.1073,-1.5997
12.7016,16.9094,-0.891897
13.0381,17.7909,-0.616431
13.1698,18.8152,-0.727488
13.1932,19.8262,-0.499881
12.8829,20.7307,-0.236821
12.981,21.6728,0.142317
13.0518,22.6974,-0.0565966
13.0429,23.6317,-0.42956
12.8751,24.5788,-0.0926115
12.7532,25.5642,-0.320914
13.2805,26.3212,0.107144
12.951,27.2368,0.279049
13.1741,28.1373,-0.0511856
13.9688,3.16239,-0.722578
13.8354,4.08427,-0.265322
14.016,5.07614,-0.160314
14.1337,6.06764,-0.193573
14.0206,7.01467,-0.484396
14.085,7.93444,-0.911792
14.0155,8.9983,-0.995483
13.9163,10.0116,-1.02246
14.1213,10.9468,-1.28736
13.9608,11.9354,-1.31187
14.011,12.9245,-1.39927
13.9731,13.8654,-1.67689
13.9588,14.151,-2.69797
14.1193,14.6756,-1.86843
14.0295,14.782,-2.917
14.1164,15.6173,-2.31579
13.7683,16.1882,-1.5614
13.7461,16.9307,-0.822831
14.0408,17.9051,-0.855385
14.1265,18.8378,-0.410276
14.2013,19.8847,-0.437587
13.8787,20.7987,-0.316288
14.0252,21.7226,0.00999786
14.0108,22.6988,0.247459
14.0289,23.5907,-0.290411
13.8543,24.5494,-0.479739
13.776,25.5073,-0.0844539
14.2245,26.1656,0.479226
13.9941,27.1693,0.280505
14.1982,28.1044,-0.016071
14.9853,3.20876,-0.814277
14.8526,3.94791,-0.129566
15.0794,4.93013,-0.0672353
15.1646,5.90331,-0.339378
15.0874,6.91951,-0.454155
15.0984,7.84105,-0.948106
15.0575,8.84483,-1.00534
14.9367,9.90291,-1.01053
15.1504,10.8771,-1.39334
15.0229,11.8884,-1.31823
15.1151,12.8661,-1.51137
14.9869,13.7915,-1.92357
15.0159,14.0528,-2.87492
15.1231,14.638,-2.05793
15.0191,15.0112,-3.02066
15.1175,15.5055,-2.13036
14.8188,16.3473,-1.67653
14.7687,17.007,-0.871392
15.0857,17.9155,-0.740373
15.1652,18.8408,-0.284997
15.2051,19.8768,-0.295837
14.9137,20.8034,-0.126951
14.984,21.7412,0.245061
15.0164,22.6637,-0.147142
15.0356,23.6816,-0.430665
14.8472,24.6831,-0.38063
14.7816,25.5272,0.130323
15.2191,26.354,0.385983
15.0228,27.3459,0.327821
15.2195,28.3099,0.0347545
16.066,3.25033,-0.667229
15.8997,4.05533,-0.0782708
16.0718,5.04125,-0.0754875
16.1656,5.971,-0.399194
16.1243,6.97087,-0.590295
16.0941,7.91215,-0.844679
16.109,8.96763,-1.00757
15.9786,9.98473,-1.09054
16.0842,10.949,-0.99902
16.0584,11.9624,-1.1993
16.111,12.897,-1.59281
16.0466,13.8856,-1.7576
16.0468,14.0044,-2.75837
16.2013,14.7395,-2.11687
16.0419,15.1417,-3.03209
16.1625,15.4775,-2.12233
15.9015,16.3324,-1.61369
15.7662,17.1581,-1.00614
16.0842,18.0348,-0.664907
16.2005,18.8852,-0.116684
16.1797,19.8068,-0.553652
15.9397,20.6631,-0.0042024
16.0166,21.673,0.176659
16.0655,22.622,-0.091937
16.0416,23.5743,-0.527741
15.8809,24.5751,-0.439161
15.9215,25.5336,0.0474563
16.2156,26.4648,0.211698
16.0748,27.4737,0.308881
16.2753,28.4749,0.188482
17.0304,3.05205,-0.270586
16.9402,4.06936,-0.125987
17.1225,5.08,-0.154253
17.162,6.05925,-0.429783
17.0695,7.03652,-0.248784
17.047,8.0329,-0.50108
17.1444,9.03988,-0.755922
17.0284,10.1088,-1.01032
17.0847,11.0804,-1.14457
17.0883,12.0993,-1.12154
17.1192,12.9997,-1.55552
17.0935,14.0036,-1.73435
17.0986,14.0696,-2.73812
17.2603,14.8066,-2.07138
17.004,15.2648,-2.90647
17.142,15.6182,-1.95314
16.9031,16.3699,-1.32309
16.7881,17.3272,-1.08431
17.1005,18.3089,-0.803775
17.1865,19.0497,-0.0487716
17.1899,19.997,-0.417441
16.8838,20.9734,-0.377206
17.021,21.8176,0.199591
17.0701,22.5672,-0.463683
17.0229,23.5767,-0.551067
16.8873,24.5626,-0.45529
16.9475,25.487,-0.0818995
17.2151,26.4618,0.238484
17.1441,27.4864,0.275469
17.2411,28.4581,0.449608
18.0621,2.85518,-0.0669088
17.9561,3.87699,-0.154534
18.1197,4.90023,-0.364626
18.1423,5.90105,-0.449193
18.0878,6.86601,-0.338203
18.0735,7.95593,-0.465914
18.1556,9.0029,-0.544252
18.0642,9.95343,-0.911698
18.1039,10.9666,-0.915024
18.0563,11.9978,-1.17519
18.0821,12.9274,-1.47424
18.118,13.9808,-1.6527
18.1453,14.0813,-2.68619
18.2476,14.8031,-2.00448
18.0569,15.281,-2.84696
18.1593,15.5596,-1.90516
17.8999,16.3267,-1.31021
17.846,17.2229,-0.96071
18.0943,18.2242,-0.94272
18.1858,19.083,-0.423841
18.1722,20.0342,-0.142335
17.9409,20.9678,-0.466478
18.0269,21.6993,0.285598
18.1201,22.4806,-0.39451
17.9818,23.4901,-0.333781
17.9146,24.4983,-0.382989
17.9195,25.3418,0.225297
18.1946,26.2668,0.420359
18.1111,27.248,0.117991
18.2423,28.2332,0.279257
19.0478,2.63523,-0.00474563
18.9364,3.63279,-0.159383
19.0904,4.60837,-0.341707
19.1637,5.68278,-0.462084
19.0785,6.72021,-0.359832
19.0542,7.70286,-0.235108
19.132,8.64743,-0.682934
19.1457,9.72722,-0.868017
19.13,10.7267,-0.87535
19.0908,11.7526,-1.17823
19.108,12.7562,-1.40129
19.106,13.8123,-1.47045
19.1668,13.8563,-2.45758
19.2344,14.635,-1.80897
18.9901,15.0675,-2.68281
19.1758,15.4563,-1.74217
18.873,16.1769,-1.07199
18.8582,17.0927,-0.701138
19.1085,18.083,-0.702588
19.2044,18.9407,-0.17918
19.1635,19.9363,0.0476028
18.8843,20.9081,-0.0423841
19.0915,21.8474,0.260793
19.1465,22.6303,-0.34055
18.9814,23.6047,-0.432768
18.9927,24.5913,-0.591867
18.999,25.2945,0.118336
19.2637,26.1963,0.362047
19.1008,27.1643,0.0643239
19.3073,28.1639,0.229078
20.061,2.73398,0.0508377
19.9683,3.69212,-0.148027
20.1251,4.61184,-0.529334
20.1137,5.53783,-0.0785852
20.0981,6.52836,-0.387429
20.1097,7.53003,-0.285098
20.1912,8.48769,-0.548469
20.1529,9.49452,-0.649074
20.1461,10.4825,-0.683145
20.1562,11.5024,-1.07212
20.1236,12.514,-1.41391
20.1104,13.5245,-1.38079
20.1773,13.6665,-2.36721
20.2277,14.3598,-1.59421
19.9199,14.983,-2.35977
20.2025,15.7007,-1.71186
19.9103,16.0449,-0.814893
19.8643,17.0338,-0.794049
20.109,17.9144,-0.374224
20.2125,18.9178,-0.370205
20.1841,19.9287,-0.141441
19.9005,20.8872,-0.175164
20.0623,21.6515,0.427692
20.0774,22.5846,0.0901883
19.9664,23.5557,-0.143098
20.0292,24.4197,-0.636946
20.0399,25.0771,0.135951
20.3069,26.0294,0.179504
20.152,27.0335,0.197366
20.3258,28.0712,0.184689
21.1343,2.67785,0.0613849
21.0187,3.70037,-0.0669027
21.1447,4.43934,-0.774972
21.1115,5.27445,-0.198135
21.0694,6.25347,-0.216218
21.1071,7.26453,-0.250243
21.1434,8.25849,-0.295465
21.1644,9.20207,-0.616205
21.1261,10.2375,-0.849055
21.2291,11.2786,-0.901657
21.1039,12.1548,-1.47303
21.0796,13.1234,-1.24377
21.1661,13.2593,-2.278
21.2273,14.0868,-1.76786
20.9199,14.9511,-2.20452
21.2218,15.692,-1.56492
20.9035,16.1445,-0.730384
20.9632,17.1882,-0.679022
21.0515,18.0264,-0.0782769
21.2212,18.9415,-0.373922
21.1599,19.9485,-0.43553
20.8688,20.6396,0.196493
21.0412,21.6125,0.259239
21.0752,22.5738,-0.136579
21.0511,23.6074,-0.0432081
21.024,24.5972,-0.364141
20.9862,25.3875,0.284246
21.2368,26.295,-0.0953276
21.1345,27.3199,-0.000851466
21.3574,28.2669,0.15595
22.1186,2.48822,0.353044
21.9,3.31191,-0.326658
22.1401,4.22098,-0.639781
22.1221,4.99715,0.0375256
22.074,5.99508,-0.340672
22.0726,6.98435,-0.264086
22.1893,8.04529,-0.178146
22.1934,8.97199,-0.56581
22.1392,9.97539,-0.629252
22.3008,10.999,-0.766445
22.0675,11.9125,-1.22849
22.0894,12.9817,-1.21249
22.2071,12.9054,-2.24194
22.2573,13.8322,-1.91088
21.9083,14.7421,-2.11927
22.2028,15.4143,-1.39874
21.9717,16.1608,-0.76892
21.9546,17.1471,-0.520695
22.068,17.988,0.0235237
22.1989,18.965,-0.19588
22.172,19.9368,-0.341523
21.8741,20.633,0.328166
22.036,21.6014,0.0383984
22.1007,22.6072,-0.00237739
22.0414,23.6187,-0.0619556
22.054,24.6218,-0.363015
22.0301,25.3797,0.357082
22.2442,26.2259,-0.121625
22.1709,27.1774,0.138762
22.3522,28.1499,0.426069
23.1964,2.32965,0.36166
22.9607,3.10233,-0.243995
23.207,4.01384,-0.641664
23.1163,4.94358,-0.166091
23.1486,5.86696,-0.522715
23.1126,6.86721,-0.393249
23.207,7.81564,-0.169448
23.2127,8.74505,-0.58684
23.1357,9.721,-0.698611
23.2938,10.7765,-0.663674
22.9859,11.6926,-0.875869
23.0728,12.6315,-1.1789
23.2321,12.7831,-2.14877
23.3081,13.6832,-1.76276
22.9584,14.6075,-1.80114
23.1896,15.3678,-1.22066
23.0085,16.2909,-0.918693
22.9937,17.1144,-0.392309
23.0927,18.0659,-0.103174
23.206,19.0493,-0.164766
23.1865,20.0146,-0.447438
22.9081,20.6055,0.31218
23.0454,21.6085,0.159346
23.1694,22.6454,0.00351878
23.0606,23.6185,-0.147642
23.0375,24.6158,-0.550468
23.005,25.4211,0.0795343
23.2237,26.3631,-0.167107
23.1485,27.3627,-0.10517
23.3445,28.2642,0.219462
24.2568,2.26988,0.575292
23.9421,2.85732,-0.170318
24.1366,3.69523,-0.765499
24.0333,4.64294,-0.606296
24.1875,5.64876,-0.418598
24.0951,6.66618,-0.357006
24.2005,7.56424,0.0433576
24.1253,8.44693,-0.427006
24.1185,9.45148,-0.480291
24.2972,10.4684,-0.534245
24.0265,11.373,-0.889199
24.0054,12.3662,-0.868087
24.2385,12.6161,-1.84508
24.1867,13.4345,-1.28449
23.9573,14.3447,-1.60806
24.1839,15.1646,-0.944313
24.0212,16.1769,-0.780859
23.9887,17.0362,-0.241636
24.0956,18.0737,-0.296847
24.2679,19.0353,-0.0511704
24.1883,20.0182,-0.232603
23.9004,20.7088,0.439616
24.0586,21.6928,0.401251
24.1618,22.6335,0.0130711
24.0366,23.5568,-0.358702
24.0612,24.5372,-0.596069
23.9946,25.4551,-0.171477
24.238,26.4345,-0.128654
24.1502,27.4559,-0.255666
24.3746,28.3114,0.297531
25.2589,2.13868,0.612317
24.9692,2.7755,-0.0737297
25.1434,3.50133,-0.78634
25.107,4.47356,-0.625437
25.1992,5.44181,-0.170083
25.1241,6.35083,-0.507083
25.2312,7.33701,-0.206534
25.104,8.31787,-0.414087
25.0846,9.30715,-0.173901
25.2997,10.243,-0.363045
25.0545,11.1184,-0.750523
25.0699,12.1431,-0.771877
25.3,12.5923,-1.6566
25.1136,13.3185,-0.956169
24.8871,14.2457,-1.21308
25.1968,15.1433,-0.887146
25.0228,16.1389,-0.814176
24.9287,17.1493,-0.690478
25.1164,18.0828,-0.320484
25.2645,19.1255,-0.227894
25.1955,20.1194,-0.338606
24.954,20.8648,0.315659
25.0683,21.8675,0.387301
25.1593,22.7611,-0.10961
25.0584,23.729,-0.280148
25.0704,24.7042,-0.451881
24.9874,25.6384,0.00961028
25.3001,26.5324,-0.35146
25.1546,27.472,0.0982635
25.3536,28.4346,0.382751
26.3081,2.13341,0.611991
26.0796,2.7428,-0.128074
26.1873,3.26359,-1.00195
26.144,4.18724,-0.547142
26.1599,5.09679,-0.136341
26.1651,6.09593,-0.302853
26.3035,7.07815,-0.314109
26.1142,8.09232,-0.314988
26.0713,9.08596,-0.384509
26.3229,10.0807,-0.288336
26.0414,10.8948,-0.77564
26.0421,11.9093,-0.805954
26.3428,12.5369,-1.59866
26.1767,13.2437,-0.882232
25.9419,14.2144,-0.925816
26.1777,15.2054,-1.04991
25.9774,16.2162,-1.00247
25.9941,17.2094,-0.703919
26.1163,18.1152,-0.298581
26.2503,19.0968,-0.31977
26.1942,20.135,-0.193219
25.9704,21.0295,0.16989
26.0577,21.9954,0.45013
26.1824,22.8075,-0.192819
26.096,23.7744,-0.419996
26.0642,24.7664,-0.514966
26.0176,25.6657,-0.0615558
26.3366,26.5699,-0.25031
26.1071,27.5946,-0.268178
26.3783,28.2995,0.369167
27.2788,1.77791,0.507819
26.9719,2.29236,-0.317838
27.2223,3.12325,-0.844288
27.1564,4.10302,-0.530409
27.225,5.0113,-0.0475723
27.1998,5.91519,-0.562597
27.2661,6.8625,-0.282537
27.1353,7.8342,-0.121393
27.0909,8.79937,-0.317631
27.2605,9.76614,-0.630924
27.1002,10.74,-0.685525
27.0451,11.7717,-0.814454
27.3488,12.5576,-1.36127
27.1985,13.3256,-0.764693
26.9218,14.3116,-0.558931
27.1914,15.2393,-0.839558
26.9744,16.2034,-0.937172
27.0677,17.2225,-0.80535
27.1285,18.0905,-0.252275
27.205,19.0634,-0.584417
27.2265,20.0553,-0.30524
27.0168,20.8678,0.228809
26.9811,21.8435,0.0879208
27.2217,22.7723,-0.214695
27.1346,23.7847,-0.327
27.1179,24.8101,-0.396704
27.0204,25.7819,-0.120676
27.3689,26.6634,-0.281265
27.084,27.6529,-0.120319
27.3699,28.4739,0.365111
28.3133,1.58769,0.51551
28.0078,2.25996,-0.181515
28.2204,2.96596,-0.827735
28.1554,3.96691,-0.585122
28.2401,4.74632,0.0584246
28.2247,5.65863,-0.44232
28.2369,6.67171,-0.170998
28.1921,7.62712,0.0539659
28.1261,8.60746,-0.169161
28.2384,9.5501,-0.454311
28.0867,10.5105,-0.682617
27.9977,11.4531,-0.516672
28.3053,12.3468,-0.995352
28.2465,13.3242,-0.729444
27.9565,14.2768,-0.551885
28.1787,15.2523,-0.756902
28.0275,16.2027,-0.826276
28.0996,17.1649,-0.51702
28.1498,18.1347,-0.148857
28.2275,19.0478,-0.547694
28.2973,20.0154,-0.202875
28.0103,20.8529,0.273083
28.0331,21.7906,0.0339213
28.2147,22.7575,-0.300009
28.1905,23.7753,-0.387133
28.1017,24.719,-0.0133152
28.0831,25.7171,-0.108234
28.3529,26.6702,-0.175689
28.1681,27.7481,-0.166088
28.4015,28.5649,0.373916
29.1899,1.76525,1.10456
29.0218,2.18631,0.150508
29.1417,2.62646,-0.759883
29.143,3.63649,-0.421186
29.237,4.44307,0.175628
29.2238,5.41835,-0.10405
29.204,6.42165,0.033195
29.1532,7.41725,0.273333
29.0656,8.24845,-0.261748
29.2132,9.29768,-0.625987
29.1162,10.279,-0.475707
29.0071,11.2782,-0.318928
29.333,12.139,-0.765618
29.2109,13.1114,-0.479235
29.0298,14.1044,-0.653014
29.1755,15.0685,-0.879952
29.0747,16.0574,-0.820258
29.1383,17.0617,-0.565664
29.1559,18.0085,-0.335194
29.2218,19.0054,-0.263091
29.2926,20.0036,-0.496509
29.0667,20.7891,0.0750542
29.0519,21.7667,-0.0352428
29.2181,22.742,-0.115223
29.1776,23.7571,-0.0180609
29.1013,24.7424,-0.263222
29.1079,25.7351,-0.229713
29.3028,26.7015,-0.417948
29.1416,27.6614,-0.0523911
29.4164,28.5991,0.28208
