0.1022,0.168102,-1.59938
-0.00414441,1.46737,-1.70833
0.00431532,2.74934,-1.74592
0.0552507,4.0369,-1.83184
0.0786706,5.26527,-1.85979
0.108136,6.50337,-2.09935
0.161919,7.75812,-2.21302
0.201608,9.03307,-2.37825
0.207392,10.2148,-2.63984
0.374041,11.4161,-2.95239
0.593976,12.5745,-3.0409
0.729389,13.7182,-2.83423
0.442772,14.7497,-2.53809
0.279238,15.7222,-2.11311
0.121512,16.7015,-1.75453
0.221934,17.4362,-1.02204
-0.117341,18.3006,-0.568477
0.0214454,17.9894,-1.49933
0.107782,18.4983,-0.652306
-0.0456221,19.0092,0.230674
0.781225,0.964403,-1.7754
0.783303,2.13605,-1.93721
0.787567,3.3542,-2.05858
0.842448,4.54963,-2.1592
0.895611,5.76067,-2.25214
0.978152,6.98546,-2.389
1.12118,8.19242,-2.54284
1.1092,9.4601,-2.73316
1.1408,10.6791,-2.98236
1.2721,11.8994,-3.21616
1.46159,13.0467,-3.56413
1.56885,14.1966,-3.30077
1.47318,15.0591,-2.65784
1.25719,15.9921,-2.09998
1.10727,16.782,-1.43565
0.984048,17.7602,-1.61332
0.868612,18.4468,-0.836903
0.958306,17.63,-1.41992
1.01344,18.6302,-1.07876
0.908148,19.0188,-0.154524
1.77995,1.23308,-1.84551
1.79271,2.38919,-2.12156
1.84636,3.62133,-2.16313
1.8245,4.82395,-2.24079
1.89045,6.06848,-2.47902
1.90208,7.30285,-2.68092
1.99285,8.54327,-2.87302
1.98023,9.86395,-3.05268
2.01036,11.1803,-3.31548
2.0385,12.5524,-3.71299
2.04672,13.9108,-4.25997
2.09797,15.1502,-3.51284
2.18192,15.5257,-2.11093
1.99239,16.7243,-2.25972
2.01335,17.2547,-1.1125
1.86126,17.4467,-2.01041
1.85499,18.1308,-1.12403
1.93914,17.1566,-1.21998
1.87373,18.1326,-0.912809
1.90927,18.9391,-0.232548
2.79777,0.993182,-1.89992
2.85825,2.22278,-2.04843
2.85609,3.39607,-2.13241
2.80748,4.53228,-2.2043
2.83163,5.75253,-2.22093
2.89192,6.94551,-2.42213
2.95113,8.13075,-2.68711
2.94914,9.35592,-2.94297
2.84777,10.5444,-3.20024
2.73455,11.7548,-3.35787
2.64429,12.9794,-3.58861
2.57887,14.0408,-3.18253
2.90825,14.8528,-2.55882
2.70746,15.8631,-2.20691
2.68293,16.5271,-1.41016
2.83581,17.4784,-1.5909
2.82683,17.9419,-0.688449
2.94183,17.2116,-1.34098
2.88815,18.1227,-0.970147
2.883,19.0279,-0.473104
3.77341,0.675387,-1.66487
3.82316,1.87134,-1.75076
3.75665,3.05593,-1.88962
3.72887,4.18488,-1.98257
3.78985,5.35544,-2.08987
3.79135,6.48167,-2.25716
3.81349,7.62648,-2.43471
3.72921,8.79262,-2.58371
3.69293,9.925,-2.85462
3.55206,11.0961,-3.0269
3.38333,12.2172,-3.13327
3.33015,13.2444,-2.96483
3.65682,14.106,-2.50211
3.42185,15.0442,-2.17344
3.53502,15.9768,-1.79395
3.67592,16.9168,-1.38871
3.69446,17.4221,-0.529447
3.83558,17.5885,-1.5603
3.87369,18.3231,-0.891028
3.87837,19.2205,-0.3519
4.76377,0.45175,-1.42773
4.83901,1.60106,-1.6208
4.73363,2.7584,-1.623
4.7388,3.88605,-1.71125
4.76508,4.94211,-1.8834
4.65747,6.07307,-2.08126
4.72718,7.1728,-2.25879
4.64325,8.29068,-2.36433
4.60951,9.45108,-2.50266
4.44886,10.5194,-2.71539
4.31064,11.5915,-2.75514
4.21724,12.6194,-2.60952
4.56407,13.5446,-2.17643
4.38576,14.5281,-1.98832
4.48913,15.5066,-1.68767
4.57773,16.3414,-1.13214
4.62392,16.9517,-0.349498
4.78569,17.3441,-1.26287
4.89745,18.2904,-1.05529
4.84704,18.9941,-0.280447
5.78693,0.187063,-1.26238
5.80258,1.26262,-1.51301
5.70559,2.40162,-1.55971
5.6718,3.47028,-1.77065
5.74251,4.5668,-1.75312
5.63755,5.65846,-1.88411
5.64306,6.75293,-2.06133
5.53423,7.82884,-2.12675
5.4834,8.96105,-2.2659
5.31192,9.97874,-2.48653
5.29812,11.0882,-2.55058
5.23287,12.1027,-2.33867
5.47473,13.0969,-2.20851
5.37009,14.0866,-1.94512
5.42047,15.0145,-1.4663
5.50832,15.9642,-1.14191
5.56895,16.606,-0.353276
5.8145,17.2259,-1.16555
5.91132,18.124,-0.774306
5.85331,18.9954,-0.283172
6.8543,0.081344,-1.2284
6.81013,1.10902,-1.35455
6.76636,2.17638,-1.3614
6.67739,3.25431,-1.49407
6.67747,4.36063,-1.43377
6.61902,5.47043,-1.60675
6.56508,6.51717,-1.67744
6.50824,7.56686,-1.84704
6.45607,8.55793,-1.97056
6.35455,9.60183,-2.17187
6.27989,10.6711,-2.10066
6.30138,11.7731,-2.10334
6.48133,12.8088,-2.05234
6.38561,13.7693,-1.85546
6.45879,14.6495,-1.30428
6.53073,15.6198,-1.02704
6.58783,16.3316,-0.307367
6.78326,17.2214,-0.848286
6.9013,18.2452,-0.715415
6.8366,18.863,0.0279946
7.86425,0.0259987,-1.23729
7.83228,1.05576,-1.41997
7.79992,2.10994,-1.27432
7.67728,3.11419,-1.23075
7.69575,4.25386,-1.35424
7.66369,5.28687,-1.39911
7.59079,6.30605,-1.49797
7.49503,7.3393,-1.57004
7.47653,8.41237,-1.79176
7.3612,9.39077,-1.95684
7.31641,10.4385,-1.99642
7.3983,11.5114,-1.84905
7.46899,12.5047,-1.88571
7.45102,13.5642,-1.83066
7.43335,14.3237,-1.12512
7.57193,15.367,-0.938649
7.63278,16.2629,-0.504938
7.85414,17.1713,-0.777346
7.92591,18.1992,-0.6347
7.91598,18.9712,0.0227485
8.88748,-0.0776482,-1.09673
8.87593,0.947981,-1.23497
8.82464,2.00815,-1.27037
8.77292,3.03733,-1.30513
8.74463,4.07732,-1.28823
8.65376,5.14507,-1.40727
8.65867,6.15954,-1.47268
8.55484,7.19759,-1.47244
8.50033,8.19155,-1.66235
8.35904,9.22958,-1.61975
8.3877,10.2491,-1.85
8.4338,11.264,-1.66236
8.41923,12.2862,-1.45482
8.4427,13.2602,-1.56589
8.42761,14.2206,-1.02798
8.6125,15.2313,-0.840107
8.70138,16.1892,-0.501312
8.87713,17.1478,-0.624335
8.87617,18.1097,-0.27297
8.95432,19.1099,-0.154793
9.92294,-0.195541,-0.969246
9.9053,0.850066,-1.00945
9.86571,1.90476,-1.03652
9.79445,2.96195,-0.996457
9.736,3.90985,-1.37022
9.68436,4.98307,-1.46274
9.6385,5.9679,-1.23946
9.56355,7.01762,-1.28378
9.48246,8.10359,-1.39269
9.45519,9.12315,-1.53619
9.43734,10.1463,-1.6083
9.45206,11.1456,-1.38088
9.46466,12.1596,-1.45521
9.44014,13.2168,-1.3891
9.43022,14.1252,-1.08578
9.59741,15.0717,-0.781921
9.75342,16.039,-0.60401
9.91373,17.0369,-0.620194
9.89007,18.0305,-0.368023
9.94345,19.0721,-0.345143
10.9828,-0.11663,-0.921671
10.9841,0.92736,-0.935014
10.9381,1.95914,-1.10258
10.8069,3.03266,-1.05552
10.7689,4.05012,-1.04105
10.7256,4.98462,-1.38101
10.6697,5.94662,-1.10397
10.6296,6.98482,-1.14591
10.5849,8.0226,-1.2112
10.4777,9.03268,-1.36633
10.4901,10.0736,-1.42345
10.507,11.1139,-1.32223
10.5286,12.1131,-1.21035
10.4068,13.0484,-1.00696
10.5085,14.0856,-1.01957
10.6485,15.0858,-0.751891
10.8179,16.0369,-0.44973
10.9355,17.0633,-0.468978
10.8858,18.0861,-0.354604
10.9619,19.1098,-0.433641
11.9106,0.0938383,-0.498025
11.9958,0.975521,-0.993612
11.8813,1.98057,-0.78319
11.7987,2.97758,-0.876095
11.7974,4.00069,-1.07664
11.7407,5.02402,-1.10329
11.7536,6.03001,-1.05796
11.6858,7.07559,-1.00578
11.6114,8.09013,-1.18234
11.5689,9.13801,-1.22001
11.5219,10.1679,-1.09283
11.6369,11.1462,-1.26808
11.5056,12.0931,-0.978274
11.4709,13.0757,-0.873376
11.5853,14.09,-0.835478
11.7012,15.0895,-0.689074
11.885,16.084,-0.401407
11.942,17.1342,-0.307373
11.9253,18.1317,-0.336567
12.0203,19.1259,-0.427839
12.9331,-0.0229255,-0.291025
12.9567,0.868664,-0.732954
12.8839,1.91848,-0.787735
12.8367,2.91628,-0.724131
12.7723,3.9185,-0.684802
12.7076,4.93132,-0.859801
12.779,6.02412,-0.810846
12.7262,6.98646,-1.06044
12.6212,8.01376,-1.08502
12.6105,9.01557,-1.10847
12.5656,10.028,-0.968487
12.675,11.0018,-1.15238
12.5506,12.0379,-1.00255
12.5131,13.0402,-0.783569
12.5958,14.0414,-0.731834
12.7525,15.0898,-0.658626
12.9607,16.0476,-0.506897
12.9769,17.0409,-0.311771
12.8979,18.0589,-0.140699
12.9722,19.1018,-0.0792383
13.9684,-0.133641,-0.497079
14.0306,0.842909,-0.680892
13.9242,1.86485,-0.69364
13.8817,2.89784,-0.558745
13.794,3.89956,-0.549196
13.7458,4.9498,-0.678454
13.825,6.03339,-0.722803
13.7477,7.03392,-1.01852
13.6746,8.06887,-1.0135
13.7291,9.05143,-0.926279
13.6394,10.0776,-0.893634
13.7116,11.0788,-1.00269
13.6578,12.1091,-1.03092
13.5792,13.1403,-0.743614
13.6586,14.1222,-0.657765
13.798,15.1221,-0.712928
14.0066,16.0917,-0.595477
13.9289,17.1095,-0.632792
13.8962,18.068,-0.219199
14.0245,19.1128,-0.21099
14.9789,-0.139476,-0.502518
15.0018,0.86433,-0.489795
14.9534,1.84487,-0.327824
14.9481,2.82341,-0.614978
14.8287,3.85159,-0.583822
14.8275,4.89628,-0.751054
14.838,5.9753,-0.701593
14.7774,6.98234,-0.766256
14.7776,7.99196,-1.01414
14.7804,9.01583,-0.989895
14.7088,10.012,-0.873128
14.7652,11.0074,-0.916492
14.7404,12.0518,-0.808271
14.6433,13.0647,-0.674786
14.7288,14.1014,-0.597653
14.8765,15.1109,-0.695727
15.0325,16.1056,-0.560363
14.9658,17.1423,-0.365798
14.987,18.145,-0.428065
15.0431,19.1806,-0.249101
16.0055,-0.178478,-0.426746
15.9523,0.827189,-0.229832
15.9688,1.86639,-0.316208
15.9171,2.90139,-0.494192
15.8722,3.94286,-0.497189
15.8681,4.93695,-0.637098
15.8737,5.97723,-0.683789
15.7819,6.99005,-0.610886
15.8214,7.98816,-0.806238
15.8021,8.98393,-0.769506
15.7948,10.0232,-0.81858
15.783,11.0572,-0.715891
15.7939,12.0733,-0.714829
15.6267,12.9813,-0.282485
15.7528,14.0141,-0.452638
15.8462,15.0865,-0.334358
16.0426,16.0963,-0.311191
15.9901,17.1169,-0.242793
15.9901,18.1722,-0.0535417
16.022,19.1848,0.0535173
16.9851,-0.105979,-0.416535
16.9991,0.903226,-0.267348
16.9871,1.9213,-0.217106
16.9458,2.88743,-0.332337
16.887,3.90521,-0.299789
16.9368,4.91282,-0.465929
16.9436,5.9651,-0.693112
16.8182,6.9642,-0.58977
16.9067,7.95045,-0.855358
16.8408,8.96901,-0.598273
16.8376,9.97022,-0.662044
16.8768,11.0245,-0.558171
16.8336,12.0321,-0.464357
16.6875,13.056,-0.407227
16.7884,14.0515,-0.253191
16.9263,15.095,-0.335475
17.0723,16.1046,-0.262297
16.9441,17.0261,0.156069
16.9855,18.0222,0.152068
17.0522,19.0056,0.230799
18.0903,-0.189837,-0.361675
18.0886,0.863506,-0.366878
17.9676,1.89206,-0.384542
17.9681,2.91794,-0.565957
17.8987,3.91654,-0.367113
17.9326,4.93747,-0.309977
17.9839,5.95611,-0.583331
17.8654,6.94492,-0.582839
17.9284,7.94171,-0.720005
17.8485,8.99029,-0.645973
17.9057,10.0162,-0.602377
17.9008,11.026,-0.443129
17.8937,12.052,-0.458266
17.7925,13.0715,-0.386944
17.8594,14.1007,-0.252846
17.9739,15.1072,-0.408527
18.0528,16.0308,-0.0345927
17.9754,17.0586,-0.0704123
18.0434,18.0377,0.218625
17.9453,18.9284,0.654366
19.1354,0.0280648,-0.524723
19.1107,1.02039,-0.265111
19.0368,2.02854,-0.368136
18.9503,3.06231,-0.506207
18.8871,4.02074,-0.189734
18.9906,5.02478,-0.154637
19.0149,5.97371,-0.473183
18.899,6.9873,-0.653429
18.9441,7.98706,-0.801755
18.9569,8.97401,-0.576263
18.9092,10.0368,-0.60951
18.9511,11.0068,-0.372921
18.9393,12.0398,-0.36241
18.8754,13.0441,-0.310529
18.8951,14.0514,-0.396539
18.9774,15.0569,-0.346605
19.0697,16.0487,-0.298117
18.9708,17.0712,-0.216266
19.0984,18.0848,0.0122013
18.9273,18.9586,0.486428
