1.83151,1.73179,0.0671438
1.11089,2.27356,-0.331828
0.73202,3.05208,0.168947
0.709983,3.99375,-0.110117
0.437489,4.93888,0.0396985
0.40126,5.92633,0.176754
0.420563,6.65059,0.892074
0.428053,7.20803,0.00703146
0.633546,8.13149,-0.318961
1.13836,7.93858,0.565011
2.58713,1.16336,-0.300369
1.67626,1.47703,-0.626411
1.42297,2.24402,0.00851161
1.25105,3.1484,-0.320499
1.01081,4.11527,-0.217438
0.877291,5.0721,0.0912809
1.06014,6.02814,0.45418
1.42621,7.02184,0.246849
1.11188,7.93877,0.555409
2.04078,8.16762,1.01317
2.70762,0.620737,0.541798
2.32522,1.41347,0.142454
2.33471,2.36634,0.460125
2.19466,3.19485,-0.0691519
2.00345,4.19841,-0.0874966
1.81081,5.14534,-0.29848
1.93283,6.12925,-0.143141
2.40733,6.98949,0.102338
2.1021,7.85455,0.557295
2.28611,8.77465,0.232377
3.66522,0.325477,0.551778
3.27709,1.17139,0.271972
3.2876,2.14432,0.0357433
3.13371,3.19242,0.21991
2.98963,4.17402,0.101538
2.80567,5.05345,-0.375332
2.93241,6.03843,-0.0787927
3.29887,6.92114,-0.398675
3.01695,7.72462,0.175295
3.33449,8.71142,0.13874
3.64014,0.727671,-0.351903
4.21602,1.48519,0.0678274
4.22498,2.47867,-0.134474
3.70993,3.23455,-0.560772
3.92799,4.17378,-0.272912
3.71652,5.20594,-0.0290048
3.9265,6.16163,-0.260454
4.28462,7.09315,-0.262407
3.99915,7.80373,0.337269
4.25298,8.64612,-0.206207
4.2923,1.2733,0.165221
5.01403,1.32077,-0.601788
4.80858,2.22208,-0.959899
4.7269,3.18562,-0.724491
4.94346,4.10421,-0.376565
4.59927,5.08456,-0.460918
4.90837,5.94335,-0.0390637
5.23457,6.81374,-0.413181
4.73924,7.73644,-0.253597
5.27109,8.51547,0.0614124
5.21122,0.924177,0.0383892
5.67625,1.82749,-0.0167699
5.86076,2.11703,-0.967803
5.79945,3.12513,-0.757323
5.93122,3.99605,-0.290246
5.60116,4.94945,-0.334864
5.77264,5.92805,-0.581634
6.11677,6.66563,0.0217627
5.7295,7.63896,0.0375103
5.71534,8.13896,0.91232
6.13674,0.725224,0.308158
6.47944,1.65592,0.544255
6.38878,2.35701,-0.1447
6.6696,3.35231,-0.15497
6.62684,4.17581,0.425352
6.58613,4.96215,-0.276998
6.7556,5.97515,-0.506485
7.00323,6.92558,-0.398547
6.79413,7.66673,0.197961
6.6242,8.01631,1.18621
7.17154,0.79281,0.503848
7.32848,1.64209,1.0463
7.31683,2.26903,0.198962
7.62717,3.23978,0.125993
7.57512,4.12636,0.595923
7.53546,4.90679,-0.00459609
7.51829,5.88271,0.15367
7.94438,6.78119,-0.0984954
7.70349,7.73569,-0.252379
7.33627,7.45513,0.67586
7.67312,1.29584,1.26063
8.25247,2.0032,0.793042
8.10547,2.91332,0.402731
8.47682,3.51484,-0.285763
8.52035,4.29784,0.327943
8.52303,5.15509,-0.16989
8.39246,6.17077,-0.361818
8.90744,7.00685,-0.469875
8.12547,7.34169,-1.05988
7.43929,7.48986,-0.319303
