-0.166939,0.996408,-0.907794
0.0146825,1.46034,-0.0208533
-0.00967132,2.46216,-0.158095
-0.0377606,3.46598,-0.0645802
-0.224799,4.45611,-0.243709
-0.0945952,5.47406,-0.171532
-0.108579,6.48333,-0.283334
-0.175829,7.49579,-0.108847
-0.0931608,8.49382,-0.178069
-0.238356,9.34222,-0.730076
-0.154515,10.3778,-0.747557
-0.0994781,11.3468,-0.419996
-0.254369,12.3459,-0.656713
-0.212162,13.3394,-0.801846
-0.188437,14.337,-1.04624
-0.126264,15.3408,-1.02611
-0.185354,16.2953,-0.535163
-0.285485,17.2515,-0.175472
-0.13585,18.2209,0.0490921
0.0594958,19.2318,0.102594
0.0410443,20.1277,-0.333271
-0.214637,21.0837,-0.0619098
-0.16256,22.0022,0.321653
-0.124574,22.9908,0.418296
-0.151622,23.8201,-0.18305
-0.193234,24.8069,0.141957
-0.0690847,25.7834,0.0682058
0.0155889,26.6754,-0.350603
-0.0853023,27.6771,-0.233647
-0.139583,28.6783,-0.433201
0.799725,1.4274,-1.01605
1.01616,1.69525,-0.00726951
1.00438,2.70096,0.0747246
0.976406,3.7038,-0.0730949
0.814203,4.59971,-0.457466
0.938639,5.55074,-0.160338
0.938954,6.61408,-0.2356
0.875076,7.62027,-0.0659078
0.96498,8.62644,-0.238145
0.819407,9.46868,-0.796536
0.815363,10.5097,-0.859139
0.864324,11.5295,-0.775417
0.700269,12.5169,-0.951454
0.801245,13.5314,-0.908969
0.850832,14.448,-1.2937
0.859136,15.485,-1.37467
0.856624,16.1423,-0.602228
0.703882,17.1293,-0.301202
0.839009,18.0346,0.0980804
1.00594,18.9487,-0.215372
1.08703,19.9913,-0.392755
0.790677,20.9062,-0.0767815
0.789218,21.9145,0.0513779
0.898892,22.8402,0.532469
0.856111,23.7028,0.0127812
0.688058,24.5902,-0.343986
0.892456,25.5281,-0.0747185
1.06477,26.4991,-0.293222
0.951527,27.532,-0.15428
0.779638,28.4893,-0.0352916
1.78636,1.61829,-0.930351
1.96905,2.00829,0.0305551
2.00058,2.99237,0.0129307
1.96308,3.95015,-0.24182
1.75649,4.91402,-0.440333
1.98049,5.79018,-0.00850246
1.9885,6.77103,-0.213804
1.90898,7.79569,-0.176235
1.97888,8.81405,-0.415384
1.83799,9.7561,-0.648839
1.88715,10.7683,-0.811255
1.8782,11.7867,-0.761086
1.68052,12.7142,-1.11742
1.79501,13.6878,-0.947975
1.88341,14.5955,-1.36641
1.88228,15.6309,-1.41097
1.94765,16.2197,-0.569018
1.67837,17.0309,-0.0763085
1.8568,18.0006,0.0441359
2.0843,18.9592,-0.231925
2.08963,19.9372,-0.14387
1.75067,20.8655,-0.381857
1.83287,21.6945,0.180038
1.89807,22.6863,0.237977
1.84949,23.697,-0.0298807
1.6924,24.6536,-0.339674
1.88569,25.6511,-0.360805
2.09729,26.6126,-0.0434156
1.911,27.4946,-0.468648
1.80291,28.4038,-0.0925443
2.8191,1.95029,-0.928547
3.00242,2.2341,0.0380871
2.96789,3.27147,0.175307
3.01362,4.21376,-0.242012
2.7794,5.1638,-0.372878
2.98397,6.10763,-0.132157
2.96469,7.06324,-0.281536
2.82442,8.0965,-0.39003
2.96107,9.10098,-0.490637
2.80465,10.0204,-0.796533
2.86937,11.0164,-0.695788
2.88415,12.0389,-0.739506
2.70556,12.8497,-1.30313
2.85507,13.7419,-0.830168
2.91357,14.5785,-1.34431
2.92839,15.5884,-1.4202
2.95884,16.356,-0.732402
2.74485,17.1063,-0.107938
2.90282,18.1453,0.0258095
3.11916,18.9612,-0.462059
3.13984,19.8555,0.0399121
2.7685,20.8066,-0.151637
2.83953,21.6476,0.411713
2.96099,22.6175,0.204434
2.85571,23.6723,-0.0855373
2.72888,24.6868,-0.212052
2.89489,25.6623,-0.478381
3.11072,26.5849,-0.125071
2.94389,27.4259,-0.614756
2.7976,28.1412,0.0350322
3.81698,2.03414,-0.857579
3.92508,2.59583,-0.0424299
3.94343,3.61851,0.0588122
3.97416,4.56509,-0.317606
3.77078,5.52546,-0.557207
3.98367,6.38578,-0.12899
3.96112,7.36864,-0.326911
3.83184,8.34385,-0.314383
3.98228,9.3097,-0.463234
3.79372,10.2522,-0.764315
3.88665,11.3026,-0.814905
3.88856,12.2899,-0.731486
3.71346,13.0142,-1.46962
3.88473,13.7848,-0.849043
3.94385,14.5823,-1.49315
3.98936,15.6039,-1.57323
3.94875,16.1532,-0.718625
3.7837,16.8911,-0.109076
3.84865,17.9222,-0.0595508
4.16256,18.8377,-0.365004
4.11664,19.898,-0.256151
3.76497,20.8366,-0.0340403
3.81535,21.6071,0.621406
3.95487,22.5806,0.236119
3.89487,23.5457,-0.145082
3.77865,24.5911,-0.17922
3.92908,25.5042,-0.502167
4.11901,26.4165,-0.166555
4.01033,27.3275,-0.589013
3.85948,28.1335,0.0554918
4.85048,2.19629,-0.568752
4.90334,2.90227,0.168126
4.90357,3.92954,0.235093
5.01876,4.80086,-0.264296
4.7814,5.77718,-0.388394
4.95207,6.78385,-0.204157
4.91993,7.73447,-0.485003
4.79619,8.74604,-0.376519
4.94052,9.70958,-0.579559
4.712,10.5726,-1.11176
4.85972,11.5706,-1.05141
4.88001,12.5477,-0.911753
4.7421,13.1411,-1.72177
4.95936,13.9134,-1.04785
4.8833,14.6603,-1.84436
5.03468,15.624,-1.45781
5.02254,16.2031,-0.663314
4.7788,16.8842,0.0101505
4.81288,17.8525,-0.223936
5.14517,18.7529,-0.47448
5.13464,19.7059,-0.106186
4.81384,20.6539,-0.170003
4.86853,21.4367,0.429853
4.93808,22.4579,0.177392
4.89641,23.4494,-0.0296915
4.80989,24.4281,-0.377682
4.9414,25.3877,-0.639827
5.13516,26.3669,-0.370095
5.03325,27.3326,-0.755382
4.88025,28.0029,-0.0441511
5.86916,2.28932,-0.530677
5.91731,3.05898,0.178277
5.90512,4.03114,0.353374
6.01858,4.9408,-0.0411878
5.80848,5.85653,-0.41189
5.94837,6.85715,-0.330671
5.94132,7.86304,-0.433293
5.78917,8.86043,-0.449461
5.94655,9.88447,-0.469311
5.71801,10.7679,-0.969167
5.88377,11.7479,-1.19622
5.81968,12.7668,-1.07844
5.763,13.4436,-1.82886
6.02127,14.0791,-1.11128
5.9797,14.7267,-1.89888
6.11601,15.6333,-1.31035
6.01621,16.0072,-0.39993
5.77711,16.9709,-0.164412
5.85224,17.9292,-0.327262
6.15884,18.8331,-0.551048
6.22765,19.7514,-0.10426
5.82936,20.6449,-0.171767
5.8433,21.445,0.471886
6.01452,22.4101,0.330055
5.92287,23.4125,0.155666
5.87981,24.2789,-0.375774
5.95227,25.3274,-0.626084
6.03823,26.3358,-0.776247
5.93869,27.2157,-0.275521
5.86374,28.1393,0.109598
6.8946,2.34796,-0.371264
6.86972,3.2747,0.0586322
6.93012,4.28,0.4056
6.99181,5.25368,0.0766655
6.81184,6.1699,-0.248946
6.93822,7.16489,-0.165014
6.9096,8.06564,-0.598086
6.85522,9.05226,-0.569536
6.93599,10.0382,-0.674383
6.68643,10.9626,-0.97459
6.91672,11.9189,-1.12662
6.829,12.9327,-1.18869
6.77692,13.4674,-2.0329
7.05012,14.2334,-1.42982
6.99136,14.7689,-2.2671
7.04845,15.3824,-1.50181
7.00351,15.9384,-0.650499
6.8278,16.8124,-0.168102
6.79143,17.7892,-0.00932951
7.07122,18.7624,-0.171966
7.30951,19.742,0.0407514
6.79826,20.5514,-0.316742
6.83259,21.3571,0.323206
6.97988,22.3405,0.0300882
6.95304,23.3873,0.0818842
6.89201,24.3373,-0.166955
6.97492,25.3011,-0.51178
7.07671,26.2889,-0.538856
6.96735,27.1552,-0.105908
6.85819,28.1772,0.210474
7.9256,2.59178,-0.457445
7.8974,3.40739,0.173632
7.98453,4.41986,0.364629
7.99677,5.38237,0.138395
7.81119,6.36083,-0.219581
7.90804,7.39696,-0.256789
7.90094,8.17172,-0.899136
7.89424,9.15964,-0.84106
7.93324,10.1757,-0.934483
7.72349,11.136,-1.10845
7.90622,12.1584,-1.37204
7.85388,13.1526,-1.25864
7.80712,13.5295,-2.19658
8.04656,14.2962,-1.57867
7.98258,14.8206,-2.44808
7.99956,15.076,-1.44337
7.97133,15.9993,-0.980111
7.80589,16.8857,-0.418076
7.82738,17.8396,-0.05421
8.05831,18.8111,-0.321107
8.36941,19.7516,-0.143812
7.86279,20.5386,-0.596979
7.80572,21.3496,-0.0586108
8.04233,22.3265,-0.102268
7.97996,23.3848,0.046144
7.85251,24.3618,-0.0452498
7.97421,25.2918,-0.393524
8.1684,26.2604,-0.577541
8.03632,27.152,-0.170165
7.8952,28.1261,0.00680563
8.95039,2.89836,-0.399969
8.90708,3.54562,0.363909
8.99525,4.58953,0.403906
9.0445,5.56367,0.121259
8.85376,6.45362,-0.253505
8.92482,7.4699,-0.262999
8.91606,8.386,-0.636009
8.97119,9.43136,-0.791354
8.95368,10.3432,-1.20884
8.73382,11.3553,-1.09128
8.91638,12.3933,-1.0426
8.87317,13.4495,-1.35976
8.79295,13.8106,-2.35088
9.10322,14.3356,-1.51287
9.08686,14.8173,-2.39668
9.00043,15.2209,-1.45515
8.94053,16.1458,-1.15008
8.82642,16.8798,-0.479788
8.8269,17.8025,-0.0990722
9.1006,18.767,-0.360439
9.36124,19.6734,0.0809656
8.88943,20.4878,-0.307114
8.77452,21.4839,-0.249477
9.0299,22.4198,0.0947295
8.96309,23.3995,0.245354
8.87733,24.3045,-0.124229
9.06524,25.2949,-0.340736
9.17595,26.2961,-0.349153
9.09435,27.2478,-0.000961333
8.95253,28.2279,0.0226234
10.0253,2.91706,-0.330125
9.93692,3.7325,0.249275
10.0114,4.70436,0.520118
10.0785,5.65385,0.0924894
9.85561,6.63372,-0.163256
9.88483,7.56342,-0.541267
9.91833,8.57214,-0.549272
10.0177,9.5018,-0.894186
9.97374,10.5185,-1.11355
9.76693,11.5318,-1.0288
9.97865,12.4893,-1.08184
9.88049,13.3853,-1.58673
9.81498,13.8772,-2.48554
10.1096,14.1652,-1.54789
10.1549,14.65,-2.43282
10.0345,15.0681,-1.51929
9.96389,15.9755,-1.11144
9.8676,16.8782,-0.657668
9.79842,17.8604,-0.575326
10.0965,18.6935,-0.0797418
10.3906,19.6517,0.130573
9.94463,20.5038,-0.16433
9.87566,21.5002,-0.107602
10.0061,22.4112,0.277944
10.0608,23.4408,0.118036
9.86231,24.4375,0.132176
10.1108,25.2456,-0.476598
10.1634,26.2265,-0.244987
10.0903,27.2641,-0.138581
9.96572,28.2367,0.186776
11.0155,2.61894,-0.0125462
10.971,3.58475,0.290426
11.0241,4.65184,0.190143
11.0709,5.71686,0.406064
10.916,6.64255,-0.0795007
10.9462,7.61879,-0.314652
10.9251,8.5918,-0.567067
11.0187,9.56984,-0.873281
11.0021,10.5549,-1.15632
10.8637,11.5778,-1.02078
11.0033,12.5605,-1.1365
10.9254,13.5147,-1.4343
10.8395,13.8504,-2.39278
11.1448,14.3173,-1.5156
11.1566,14.6262,-2.53997
11.0662,15.26,-1.72473
11.0791,16.1156,-1.23863
10.8307,17.0389,-0.888385
10.8477,17.9608,-0.575848
11.0981,18.8616,-0.0847224
11.4017,19.6951,0.381631
10.9697,20.5848,0.189554
10.8894,21.59,-0.0918027
11.0259,22.5034,0.303793
11.0884,23.4627,-0.0691855
10.8962,24.4307,0.16043
11.1362,25.2107,-0.429936
11.137,26.2467,-0.428773
11.0597,27.1626,-0.0374615
11.0029,28.0946,0.232167
12.0035,2.7788,-0.224906
11.9027,3.81185,-0.033668
12.0362,4.73987,0.250917
12.1137,5.72832,0.289694
11.9073,6.72442,0.151836
11.9652,7.67876,-0.160607
11.905,8.69155,-0.377425
12.1213,9.61238,-0.758803
11.9058,10.5951,-0.809729
11.8932,11.6122,-1.03265
12.0662,12.6242,-0.988885
11.9166,13.6291,-1.21421
11.858,13.9107,-2.2403
12.1566,14.5236,-1.53047
12.1601,14.7399,-2.53516
12.1356,15.3384,-1.71023
12.0552,16.2569,-1.3439
11.8454,17.1891,-1.06655
11.8541,18.1977,-0.888339
12.122,18.8283,-0.174807
12.3912,19.6651,0.31919
11.9589,20.6004,0.180395
11.8853,21.608,-0.108789
12.0287,22.6141,0.227851
12.1372,23.5028,-0.196802
11.8983,24.3427,0.236488
12.1001,25.2296,-0.186926
12.1036,26.245,-0.0250008
12.0834,27.1864,-0.290121
12.0674,28.1364,0.122239
13.0219,2.87656,-0.11644
12.9264,3.89264,-0.260076
13.1091,4.70819,0.316596
13.1234,5.72769,0.188708
12.9833,6.78475,0.177868
13.0584,7.77289,0.0145878
13.011,8.76193,-0.32891
13.129,9.7684,-0.526765
12.9524,10.6988,-0.816022
12.9214,11.7188,-1.00363
13.096,12.6625,-1.27338
12.9541,13.6537,-1.34448
12.943,13.9641,-2.29506
13.2201,14.4444,-1.44708
13.1891,14.4641,-2.45145
13.1845,15.3,-1.84931
13.0105,16.3042,-1.60484
12.8782,17.146,-1.04751
12.8814,18.0588,-0.65255
13.1129,18.9928,-0.336879
13.4315,19.7184,0.283285
13.0091,20.6052,0.0683432
12.8605,21.607,-0.0721274
13.0897,22.4777,0.347246
13.0525,23.4669,0.188803
12.8746,24.4201,0.467843
13.0937,25.3101,0.0144017
13.1624,26.3118,0.0690268
13.0894,27.2239,-0.334193
13.1021,28.0685,0.165563
14.0394,2.91762,0.0688742
13.9658,3.97386,-0.068041
14.1185,4.8582,0.422443
14.1463,5.7672,-0.0123051
14.0189,6.73673,0.0145116
14.0986,7.6836,-0.213001
14.0114,8.65867,-0.486996
14.1249,9.66299,-0.601267
14.0082,10.6875,-0.689001
13.9627,11.6637,-0.893313
14.1445,12.6449,-1.18885
13.9375,13.6098,-1.42797
13.9993,13.9154,-2.39613
14.2405,14.3542,-1.53437
14.2602,14.6741,-2.46403
14.2306,15.2839,-1.69071
13.9586,16.1394,-1.31834
13.864,17.1121,-1.14608
13.9285,18.0361,-0.803952
14.1115,18.953,-0.476284
14.4122,19.7702,-0.038963
13.9904,20.6679,0.249995
13.8939,21.6084,-0.0166784
14.0928,22.5035,0.4592
14.0747,23.4727,0.267257
13.9037,24.4592,0.461187
14.086,25.3754,0.0635395
14.1763,26.3367,0.163814
14.0489,27.3023,-0.10369
14.1499,28.2405,0.201074
15.0807,2.90855,0.134947
14.933,3.88272,0.173965
15.099,4.87856,0.299832
15.1632,5.87384,0.0943754
15.0844,6.85159,0.250127
15.151,7.73153,-0.260985
15.0485,8.67351,-0.560656
15.1558,9.65861,-0.54463
15.0274,10.6448,-0.829597
15.0062,11.5899,-1.13908
15.1775,12.618,-1.09398
14.9807,13.603,-1.43336
15.0301,13.9361,-2.37226
15.2532,14.442,-1.52564
15.2368,14.8456,-2.48035
15.27,15.325,-1.59962
14.9499,16.2087,-1.16261
14.8965,17.2207,-1.30609
14.9768,18.1154,-0.841771
15.054,19.1298,-0.681048
15.3704,19.9102,-0.154524
14.9814,20.689,0.319691
14.8601,21.687,0.314801
14.989,22.6745,0.0676962
15.046,23.6673,0.282925
14.8709,24.6066,0.70098
15.0671,25.5171,0.239051
15.1537,26.5611,0.318986
15.0394,27.4719,-0.0997345
15.1751,28.4459,0.186352
16.1359,2.99042,0.183978
15.9415,4.01705,0.406229
16.1414,4.97659,0.254424
16.1452,5.98207,0.294574
16.1183,7.0235,0.152336
16.1744,7.92143,-0.278884
16.0427,8.826,-0.703439
16.1671,9.83503,-0.566787
16.0221,10.7842,-0.909668
16.0344,11.8039,-1.23159
16.2119,12.7642,-1.18807
15.9848,13.7139,-1.42521
16.0536,14.019,-2.39076
16.2412,14.5238,-1.54183
16.3108,15.081,-2.38916
16.2663,15.3622,-1.43831
15.9291,16.2155,-0.994549
15.9118,17.1424,-1.39318
15.9833,18.0798,-0.830668
16.0654,19.0183,-0.555635
16.3952,19.7119,0.0546495
15.9458,20.616,0.235887
15.8544,21.6261,0.350719
15.992,22.5964,0.116681
16.1113,23.5369,0.400284
15.8532,24.5202,0.515226
16.0942,25.4626,0.249254
16.1705,26.5278,0.0206305
16.0485,27.4871,-0.282363
16.1269,28.524,-0.158345
17.1494,2.98201,0.241096
16.9481,3.98755,0.229899
17.0976,4.94467,0.468542
17.17,5.94473,0.352843
17.13,6.93886,0.233476
17.1601,7.67756,-0.474224
17.0649,8.78361,-0.46249
17.1888,9.7353,-0.817222
17.0813,10.7439,-0.802853
17.0555,11.6908,-1.19713
17.2162,12.6904,-1.27975
17.0005,13.6695,-1.59222
17.0535,14.0559,-2.52181
17.2638,14.5843,-1.6332
17.3109,15.3104,-2.34372
17.2349,15.1667,-1.36743
16.9721,16.0939,-1.21925
16.8428,17.0538,-1.00269
17.0571,18.0357,-0.674215
17.1275,19.0467,-0.488473
17.3653,19.7956,0.243291
16.9402,20.6485,-0.0581866
16.8655,21.6119,0.256456
17.0562,22.5876,0.165432
17.1453,23.5684,0.360891
16.8964,24.5638,0.26993
17.1281,25.549,0.314103
17.1962,26.4138,-0.144093
17.0414,27.395,-0.264354
17.1922,28.3683,-0.0408856
18.1318,3.01183,0.183071
17.9813,3.96793,0.356392
18.1404,4.92242,0.131974
18.1997,5.87462,0.402451
18.1533,6.78589,0.00958281
18.1395,7.79938,-0.238292
18.1153,8.80805,-0.473046
18.2093,9.79007,-0.744624
18.1428,10.8097,-0.842149
18.1094,11.7355,-1.19591
18.2005,12.717,-1.52107
18.0722,13.7102,-1.56841
18.1124,13.9759,-2.52809
18.338,14.599,-1.71985
18.3317,15.2947,-2.43961
18.221,15.2302,-1.41316
17.9637,16.2473,-1.515
17.9051,17.1572,-0.966552
18.0582,18.129,-0.645332
18.1334,19.0662,-0.197473
18.4244,19.9041,0.294513
17.9357,20.8075,0.0243904
17.793,21.8283,0.0292184
18.0256,22.7948,0.0150639
18.1643,23.6257,0.578701
17.9089,24.683,0.508911
18.0904,25.5574,-0.00363475
18.2119,26.5225,-0.215369
18.0597,27.5312,-0.349413
18.2166,28.374,0.199359
19.1217,2.82343,0.309769
18.9773,3.76253,0.600134
19.1641,4.72149,0.216413
19.1619,5.7371,0.069396
19.119,6.73036,-0.0323984
19.1711,7.70988,-0.36306
19.0916,8.78837,-0.243706
19.22,9.74418,-0.541987
19.1723,10.7596,-0.787381
19.1436,11.6777,-1.20533
19.1696,12.6827,-1.48124
19.1261,13.7161,-1.62339
19.1275,13.8271,-2.59971
19.2985,14.5506,-1.90562
19.2967,15.1666,-2.73023
19.2059,15.3896,-1.7303
18.9854,16.396,-1.54986
18.931,17.2672,-1.00152
19.0176,18.0655,-0.449907
19.138,19.0478,-0.287524
19.4114,19.9095,0.156093
18.9377,20.8298,0.250609
18.7631,21.7551,-0.220038
18.9939,22.6342,0.263936
19.1376,23.6458,0.210987
18.9591,24.5991,0.390225
19.0676,25.4368,-0.11503
19.2485,26.4214,-0.202292
19.0403,27.4308,-0.255785
19.2192,28.4442,0.082522
20.1112,2.80028,0.00527055
19.9906,3.67515,0.532997
20.2296,4.56169,0.157366
20.2054,5.57139,0.153865
20.1587,6.56484,-0.108728
20.139,7.49807,-0.447414
20.0972,8.49199,-0.393933
20.2712,9.5055,-0.372884
20.1191,10.43,-0.74008
20.1022,11.3782,-1.0019
20.1466,12.2772,-1.41387
20.0444,13.278,-1.58028
20.2025,13.8953,-2.38291
20.2513,14.6329,-1.7315
20.3098,15.0731,-2.64441
20.2271,15.3794,-1.64563
19.9561,16.277,-1.27211
19.9466,17.3196,-1.04794
20.0355,18.1885,-0.475338
20.116,19.1731,-0.622098
20.4367,19.9906,-0.126002
19.8504,20.8235,-0.21417
19.7526,21.792,0.0441298
20.0058,22.7507,0.137098
20.131,23.6204,0.638087
19.9283,24.579,0.454152
20.0082,25.5681,0.196878
20.2123,26.5288,0.00186163
20.0325,27.5219,-0.0014771
20.1958,28.4792,0.315903
21.1127,2.51896,-0.0472182
20.9532,3.4255,0.40921
21.2275,4.35246,0.112842
21.1892,5.32869,-0.0705618
21.1799,6.33995,0.106778
21.1561,7.16304,-0.440645
21.0507,8.18796,-0.283963
21.2361,9.1612,-0.511002
21.1652,10.1992,-0.80925
21.115,11.2048,-0.756261
21.1959,12.0266,-1.33214
21.0215,13.0586,-1.39615
21.2292,13.6857,-2.15111
21.2948,14.5783,-1.66542
21.3432,14.8312,-2.64803
21.2029,15.2676,-1.73644
20.9465,16.2601,-1.55669
20.9354,17.1328,-1.03723
20.975,18.1013,-0.833473
21.1433,18.9941,-0.397659
21.3568,20.001,-0.520957
20.9178,20.8156,-0.11698
20.805,21.7438,0.263149
21.0656,22.6974,0.228794
21.1158,23.6377,0.630232
20.9344,24.4961,0.178542
20.9878,25.496,0.393524
21.267,26.4158,0.112531
20.9856,27.3829,0.300815
21.2374,28.3214,0.127882
22.0517,2.24364,0.209723
21.9396,3.17605,0.562258
22.1792,4.1081,0.101395
22.1568,5.0428,-0.26675
22.108,5.99196,0.0850337
22.112,7.00691,0.00196539
22.1414,7.98633,-0.209571
22.178,8.89976,-0.672411
22.1605,9.92425,-0.850334
22.1437,10.9148,-0.648363
22.1889,11.9046,-1.08123
22.032,12.7936,-1.45605
22.2957,13.5732,-2.04395
22.3212,14.5088,-1.67433
22.3674,14.7171,-2.68557
22.2683,15.3041,-1.85
21.9421,16.156,-1.37797
21.9634,17.1429,-1.25892
22.0137,18.0938,-1.0094
22.1125,18.9595,-0.49079
22.3334,19.9058,-0.285278
21.9874,20.8294,-0.115107
21.7907,21.8149,-0.0372967
22.1214,22.6778,0.328928
22.0337,23.662,0.195242
21.8956,24.5744,-0.201553
22.032,25.4713,0.201166
22.2732,26.4362,0.132444
22.0231,27.4357,0.135478
22.2585,28.3826,0.337449
23.0516,2.06602,0.603787
22.9813,3.03717,0.479925
23.1856,3.93692,0.0333171
23.2016,4.86057,-0.399466
23.109,5.70783,0.134141
23.1008,6.76915,-0.00265206
23.191,7.77248,-0.293786
23.1945,8.6349,-0.779882
23.0968,9.60233,-0.597974
23.1195,10.6562,-0.559404
23.1785,11.6103,-0.836082
23.0069,12.4035,-1.44292
23.254,13.2538,-1.97916
23.2413,13.9953,-1.38648
23.2377,14.5526,-2.22455
23.3339,15.4495,-1.7768
22.9135,16.136,-1.21759
23.0467,17.1388,-1.27404
23.0155,18.1259,-1.3263
23.1718,18.9397,-0.655245
23.3698,19.8822,-0.374477
22.9852,20.7561,-0.0603229
22.845,21.8048,-0.102942
23.1418,22.7448,0.0866176
23.0463,23.7198,0.297641
22.8967,24.5479,-0.290442
23.0184,25.4805,-0.00397656
23.3326,26.3878,0.263393
23.0699,27.3495,0.283291
23.2615,28.3246,0.190594
24.0463,1.92537,0.754109
23.9979,2.94586,0.706537
24.1353,3.6262,-0.0446211
24.2161,4.57036,-0.320945
24.0974,5.51852,0.0143986
24.1392,6.51189,0.0176336
24.1704,7.44439,-0.341597
24.1555,8.42746,-0.613095
24.0902,9.4448,-0.890493
24.1631,10.3729,-0.447517
24.1672,11.3677,-0.655739
23.9525,12.1381,-1.26306
24.2203,12.8767,-1.88449
24.1904,13.6992,-1.28634
24.1213,14.6231,-1.73015
24.3011,15.5886,-1.37963
23.882,16.2809,-0.79635
24.0322,17.2439,-1.03623
24.0039,18.2348,-1.32112
24.1825,18.9173,-0.626731
24.3608,19.9354,-0.548906
24.0183,20.7065,-0.0418165
23.8135,21.6857,-0.073455
24.1394,22.6954,-0.0597003
24.0558,23.6236,0.294003
23.9297,24.5794,-0.0584765
23.9935,25.5541,0.159484
24.3147,26.521,0.160051
24.0442,27.4915,0.0401288
24.234,28.5106,0.0186956
25.0898,1.81359,0.826148
25.0554,2.82897,0.652815
25.1153,3.23655,-0.218305
25.2109,4.25758,-0.318863
25.1027,5.27452,-0.0501511
25.1349,6.27688,0.0794977
25.2273,7.23901,-0.281173
25.1303,8.16382,-0.655281
25.1295,9.12468,-0.88797
25.063,10.0254,-0.394314
25.1515,11.051,-0.499145
24.8544,11.9997,-0.81362
25.166,12.6297,-1.51564
25.1786,13.527,-1.09398
25.0442,14.5348,-1.31407
25.251,15.5046,-1.06684
24.8849,16.3574,-0.842711
25.0386,17.3491,-0.791336
25.0326,18.3174,-1.19181
25.1883,18.9828,-0.425925
25.3425,19.9857,-0.513794
25.0495,20.7727,0.0193304
24.8641,21.7535,0.0101596
25.1923,22.7625,0.0282388
25.1475,23.7848,0.200211
24.9166,24.7747,-0.106552
25.0213,25.7308,0.0959166
25.3255,26.6633,0.291534
25.0613,27.5948,-0.0340251
25.3013,28.5651,0.254845
26.0181,1.84405,1.25786
26.0438,2.64323,0.622501
26.1403,3.14174,-0.252101
26.2411,4.15328,-0.326688
26.0821,4.98237,0.226222
26.1704,6.03466,0.0159703
26.2369,6.93733,-0.397784
26.1403,7.94779,-0.488961
26.1217,8.92521,-0.809354
26.081,9.82062,-0.304495
26.1703,10.8029,-0.538966
25.887,11.7506,-0.869695
26.1885,12.505,-1.42782
26.1637,13.3919,-1.02291
25.9953,14.3715,-1.09813
26.2262,15.3202,-1.08997
25.9436,16.2385,-0.706983
25.98,17.2554,-0.364647
26.0533,18.1559,-0.922431
26.1418,19.1705,-0.640764
26.3588,20.1481,-0.541096
26.0378,20.768,0.1936
25.8984,21.7943,0.229774
26.2004,22.683,0.00213935
26.1271,23.6936,-0.136659
25.9558,24.696,0.0698172
26.0956,25.679,0.157866
26.3262,26.6422,0.466344
26.1047,27.5744,0.0840663
26.2718,28.5092,0.525852
27.0595,1.81918,1.09926
26.9298,2.28393,0.253975
27.1954,3.05372,-0.352126
27.3148,4.05668,-0.310761
27.0577,4.8385,0.283413
27.2095,5.7708,-0.0328898
27.2023,6.79778,-0.177459
27.1039,7.78236,-0.252651
27.0708,8.693,-0.584759
27.1248,9.65426,-0.311863
27.1304,10.6467,-0.604724
26.9225,11.6157,-0.698251
27.2391,12.4121,-1.20149
27.1601,13.4112,-0.945567
27.0766,14.4301,-1.01583
27.1496,15.4046,-0.62371
26.9605,16.3202,-0.315558
26.9864,17.3398,-0.386358
27.0734,18.1942,-0.870598
27.216,19.1592,-0.704917
27.3024,20.0949,-0.314084
27.0112,20.8242,0.341261
26.9498,21.7753,0.0711814
27.237,22.7386,-0.167312
27.1706,23.7295,-0.228617
27.0062,24.6988,-0.0368603
27.1232,25.6641,0.0749718
27.1657,26.6769,-0.100641
27.1261,27.7034,0.134828
27.2002,28.6876,0.151488
28.0927,1.58865,1.08554
27.9118,2.13401,0.24471
28.1596,2.79889,-0.55266
28.136,3.57876,0.067101
28.1092,4.58668,0.236738
28.1692,5.59365,0.306781
28.2045,6.53106,-0.0729698
28.1567,7.48702,-0.227134
28.0845,8.49841,-0.446635
28.1568,9.47399,-0.23574
28.138,10.4593,-0.498669
27.9814,11.4323,-0.6966
28.2347,12.3064,-1.03279
28.1981,13.3266,-0.943605
28.0851,14.3205,-0.982351
28.1566,15.3426,-0.754875
28.0129,16.2609,-0.371123
28.0676,17.2377,-0.415558
28.128,18.1498,-0.828162
28.1974,19.1458,-0.655617
28.2953,20.1336,-0.633732
28.0359,20.807,0.0340892
27.9702,21.7698,0.279373
28.2106,22.7228,0.0171209
28.1667,23.7208,-0.0668752
28.0564,24.6959,-0.202853
28.0485,25.7246,-0.40557
28.1825,26.7381,-0.247331
28.1006,27.67,0.0613605
28.2545,28.6073,0.350145
29.0657,1.42427,1.13144
28.9379,1.91275,0.195199
29.1603,2.54574,-0.619086
29.0968,3.38357,-0.254421
29.1534,4.34385,0.292425
29.1638,5.33509,0.178597
29.1561,6.32522,0.137455
29.1009,7.40355,0.083639
29.0621,8.18036,-0.485022
29.1916,9.21587,-0.334532
29.1278,10.2076,-0.266219
28.97,11.1954,-0.388992
29.1661,12.174,-0.630979
29.1656,13.172,-0.735557
29.0418,14.1785,-0.680816
29.141,15.1486,-0.631288
29.023,16.133,-0.5468
29.0982,17.0768,-0.325196
29.1353,18.0526,-0.612235
29.1694,19.0251,-0.423887
29.3138,20.0031,-0.352437
29.0392,20.7677,0.30509
29.0041,21.7961,0.114643
29.2345,22.7852,0.0131687
29.1529,23.7439,-0.19292
29.0698,24.784,-0.156539
29.0582,25.8088,-0.242775
29.2152,26.8063,-0.308341
29.1122,27.7821,-0.0442305
29.294,28.6102,0.520997
